956 2250
0 2
0 3
0 4
0 6
1 3
1 5
1 6
1 7
2 4
2 5
2 8
2 9
3 4
3 7
3 8
3 9
5 6
7 9
7 10
7 11
7 12
7 267
8 10
8 12
8 18
9 11
9 19
9 20
10 11
10 18
10 19
11 13
11 14
11 18
12 15
12 16
12 17
13 14
13 16
13 17
14 15
14 17
15 16
18 20
18 21
18 46
19 21
19 22
20 23
20 24
21 22
21 23
21 24
21 25
21 48
22 24
22 26
22 33
23 25
23 27
23 33
24 26
24 27
24 34
24 35
25 33
25 34
25 35
25 56
26 28
26 29
26 33
27 29
28 30
28 31
29 31
29 32
31 32
31 896
31 918
32 918
33 35
33 37
33 39
34 36
34 38
34 39
35 37
35 40
35 41
36 39
36 40
36 41
36 61
37 935
38 934
38 935
39 41
39 43
39 48
40 42
40 44
40 48
41 43
41 44
41 49
41 50
42 48
42 49
42 50
43 45
43 46
43 48
44 46
44 47
46 47
48 50
48 52
48 56
49 51
49 53
49 54
49 56
50 52
50 53
50 57
50 58
50 61
51 56
51 57
51 58
51 71
52 54
52 55
52 56
54 55
56 58
56 60
56 61
57 59
57 61
58 60
58 62
58 63
59 61
59 62
59 63
60 61
61 63
61 65
61 66
62 64
62 66
63 65
63 67
63 68
64 66
64 67
64 68
64 79
65 66
66 68
66 70
66 71
67 69
67 71
68 70
68 72
68 73
69 71
69 72
69 73
69 90
69 96
70 71
71 73
71 75
71 76
72 74
72 76
73 75
74 90
74 104
75 77
76 78
79 81
79 83
79 84
79 90
80 82
80 84
80 90
81 83
81 91
81 92
81 100
82 83
82 90
82 91
83 85
83 90
84 86
85 87
85 88
86 88
86 89
88 89
90 92
90 94
90 95
90 100
91 93
91 95
91 100
92 94
92 101
93 94
93 100
93 101
94 96
94 97
95 98
95 99
96 97
96 99
97 98
99 663
100 102
100 104
101 103
101 104
102 105
103 104
103 105
104 106
104 108
104 112
105 107
105 109
105 111
105 112
106 108
106 113
106 114
107 108
107 112
107 113
107 114
107 120
107 128
107 201
108 110
108 111
110 111
112 114
112 115
112 116
113 115
113 117
113 118
113 120
114 116
114 117
114 121
114 122
114 124
114 128
115 116
115 120
115 121
115 122
115 124
116 118
116 119
118 119
118 173
120 122
120 124
120 125
120 128
120 158
121 123
121 125
121 126
121 128
121 158
122 124
122 129
122 130
123 124
123 128
123 129
123 130
123 151
124 126
124 127
126 127
128 130
128 131
128 132
129 131
129 133
129 134
129 140
130 132
130 133
130 141
130 142
130 151
131 132
131 140
131 141
131 142
131 151
131 155
132 134
132 135
133 136
133 137
133 138
134 135
134 137
134 138
135 136
135 138
136 137
136 139
137 139
140 142
140 144
140 145
140 151
141 143
141 145
141 146
141 151
142 144
142 152
143 144
143 151
143 152
144 146
145 147
146 148
146 149
147 149
147 150
149 150
151 153
151 155
152 154
152 155
153 156
154 155
154 156
155 157
155 158
155 159
155 160
156 158
156 160
156 167
157 159
157 168
157 169
157 170
158 159
158 167
158 168
158 169
158 170
158 201
159 161
159 162
160 163
160 164
160 165
161 162
161 164
161 165
162 163
162 165
163 164
163 166
164 166
167 169
167 170
167 171
167 172
168 170
168 172
168 173
169 171
169 172
169 174
169 175
170 172
170 173
170 174
170 175
170 181
170 185
170 192
171 173
172 192
173 175
173 177
173 181
174 176
174 178
174 179
174 181
175 177
175 178
175 182
175 183
175 185
176 181
176 182
176 183
176 185
176 193
177 179
177 180
179 180
181 183
181 185
182 184
182 185
183 186
183 187
184 185
184 186
184 187
184 214
185 187
185 189
185 190
185 193
186 188
186 190
186 191
186 193
187 189
187 194
187 195
188 193
188 194
188 195
188 220
189 191
189 192
189 193
191 192
191 811
193 195
193 197
193 198
193 207
194 196
194 198
194 207
195 197
195 208
195 209
196 207
196 208
196 209
196 225
197 199
197 200
198 201
198 202
198 203
199 200
199 202
200 201
200 204
200 205
200 206
201 204
202 203
202 205
202 206
203 204
203 206
204 205
207 209
207 211
207 213
207 214
208 210
208 212
208 213
208 214
209 211
209 212
209 215
209 216
210 214
210 215
210 216
211 214
212 213
214 216
214 218
214 220
215 217
215 219
215 220
216 218
216 221
216 222
217 220
217 221
217 222
217 223
217 230
218 852
219 851
219 852
220 222
220 224
220 225
221 223
221 225
222 224
222 226
222 227
223 225
223 226
223 227
223 241
223 245
224 225
225 227
225 229
226 228
227 229
228 250
228 255
228 256
230 232
230 234
230 235
230 241
231 233
231 235
231 236
231 241
232 234
232 242
232 243
233 234
233 241
233 242
233 243
234 236
234 237
235 238
235 239
235 240
236 237
236 239
236 240
237 238
237 240
238 239
241 243
241 245
241 246
241 250
242 244
242 246
242 247
242 248
242 250
243 245
243 251
244 250
244 251
245 247
245 248
245 250
246 248
246 249
248 249
249 798
249 802
250 252
250 254
250 255
250 256
251 253
251 255
251 256
252 254
252 255
252 257
252 258
252 260
252 264
253 254
253 255
253 256
253 257
253 258
253 260
253 264
253 275
255 397
256 258
256 260
256 264
257 259
257 261
257 262
257 264
258 260
258 265
258 266
258 268
258 275
259 260
259 261
259 264
259 265
259 266
259 268
260 262
260 263
262 263
264 266
264 268
264 269
264 275
265 267
265 269
265 270
265 275
266 268
266 276
267 268
267 275
267 276
268 270
268 271
269 272
269 273
269 274
270 271
270 273
270 274
271 272
271 274
272 273
275 277
275 278
275 279
276 278
276 280
276 281
276 283
277 279
277 280
277 281
277 284
277 285
277 290
278 279
278 283
278 284
278 285
279 281
279 282
281 282
281 283
281 290
283 285
283 287
283 288
283 289
283 290
284 286
284 288
284 289
284 290
285 287
285 288
285 291
286 287
286 290
286 291
288 289
290 292
290 294
290 295
290 299
291 293
291 295
291 299
292 294
292 300
292 301
293 294
293 299
293 300
293 301
294 296
294 297
295 297
295 298
297 298
299 301
299 302
299 303
300 302
300 304
301 303
301 305
301 310
302 303
302 304
302 305
302 310
302 390
302 418
304 306
304 307
304 308
304 309
304 310
305 307
305 309
305 310
305 311
305 373
306 308
306 309
306 312
307 308
307 309
307 311
307 312
307 316
309 310
311 313
311 314
311 315
311 316
311 318
311 373
312 314
312 316
312 317
312 319
313 315
313 320
314 315
314 319
314 320
314 364
314 370
315 317
315 318
317 318
318 417
319 321
319 322
319 323
320 322
320 324
320 330
321 323
321 331
322 323
322 330
322 331
323 325
324 326
325 327
325 328
326 328
326 329
326 515
328 329
330 332
330 333
330 334
330 335
330 360
331 333
331 335
331 337
331 338
332 334
332 339
332 340
332 345
333 338
333 339
333 340
333 345
333 353
334 336
334 337
334 338
336 337
336 362
338 340
338 342
338 343
338 344
338 345
339 341
339 343
339 344
339 345
340 342
340 343
340 346
340 347
340 353
341 342
341 345
341 346
341 347
341 353
343 344
343 345
345 347
345 349
345 350
345 351
345 353
346 348
346 350
346 351
346 353
347 349
347 350
347 351
347 354
348 349
348 353
348 354
349 351
349 352
351 352
351 353
351 357
351 362
353 355
353 357
354 356
354 357
355 358
356 357
356 358
357 359
357 360
357 361
357 362
358 360
358 362
358 363
359 361
359 362
359 364
360 363
360 364
361 363
362 434
363 365
363 366
363 367
363 368
363 440
364 366
364 368
364 369
364 370
365 367
365 369
365 371
366 367
366 370
366 371
366 435
368 369
369 370
370 372
370 373
370 374
370 375
371 373
371 375
371 376
371 378
372 374
372 379
373 374
373 378
373 379
374 376
374 377
376 377
376 434
378 380
378 381
378 382
378 383
378 422
379 381
379 383
379 390
380 382
380 391
381 382
381 390
381 391
381 419
382 384
382 385
383 386
383 387
383 388
384 385
384 387
384 388
385 386
385 388
386 387
386 389
387 389
389 501
390 392
390 393
391 393
391 394
392 395
392 396
392 402
393 394
393 395
393 396
393 402
393 410
393 418
394 396
394 398
394 400
394 402
395 397
395 399
395 400
395 402
396 398
396 399
396 400
396 403
397 398
397 399
397 402
397 403
398 401
399 400
402 404
402 406
402 407
402 410
403 405
403 407
403 410
404 406
404 411
404 412
404 414
405 406
405 410
405 411
405 412
405 413
405 419
405 785
406 408
406 409
408 409
410 412
410 414
410 415
410 419
411 413
411 415
411 416
411 419
412 414
412 420
412 421
413 414
413 419
413 420
414 416
414 417
415 417
415 418
417 418
419 421
419 422
419 423
419 424
420 422
420 424
420 425
420 427
421 423
421 425
421 428
422 423
422 427
422 428
423 426
424 425
425 426
427 429
427 430
427 431
428 430
428 432
428 434
428 435
429 431
429 432
429 436
430 431
430 435
430 436
430 466
431 433
431 434
433 434
433 441
433 445
435 437
435 439
435 440
435 441
436 438
436 440
436 441
437 439
437 440
437 442
437 443
438 439
438 441
438 442
438 443
438 483
440 522
441 443
441 445
441 452
442 444
442 446
442 452
443 445
443 446
443 453
444 452
444 453
444 541
445 447
445 452
446 448
447 449
447 450
448 450
448 451
450 451
452 454
452 456
452 457
452 466
453 455
453 457
453 466
454 456
454 467
455 456
455 466
455 467
455 552
455 560
456 458
456 459
456 466
457 460
457 461
457 462
458 459
458 461
459 460
459 463
459 464
459 465
460 463
461 462
461 464
461 465
462 463
462 465
463 464
466 468
466 470
466 471
466 480
467 469
467 471
467 480
468 470
468 481
469 480
469 481
469 568
469 572
470 472
470 473
471 474
471 475
471 476
472 473
472 475
473 474
473 477
473 478
473 479
474 477
475 476
475 478
475 479
476 477
476 479
477 478
480 482
480 483
480 484
480 485
481 483
481 485
481 486
482 484
482 487
483 486
483 487
484 486
484 589
484 602
485 601
485 602
486 488
486 489
486 490
486 585
487 489
487 491
487 493
487 494
488 490
488 491
488 492
488 495
489 490
489 494
489 495
489 597
490 492
490 493
492 493
492 502
493 540
494 496
494 498
494 499
494 500
494 502
495 497
495 499
495 500
495 502
496 498
496 499
496 500
496 503
496 504
496 506
497 498
497 502
497 503
497 504
497 506
498 500
498 501
499 522
500 501
500 506
500 517
500 522
501 522
502 504
502 506
503 505
503 506
504 507
505 506
505 507
506 508
506 510
506 511
506 517
507 509
507 511
507 517
508 510
508 511
508 518
509 510
509 517
509 518
510 512
511 513
512 514
512 515
513 515
513 516
515 516
517 519
517 520
517 521
517 522
518 520
518 522
518 523
518 524
518 530
519 521
519 523
519 525
519 526
519 530
520 521
520 524
520 525
520 526
522 523
524 526
524 527
524 528
524 529
525 527
525 529
525 530
525 531
526 528
526 532
527 528
527 531
527 532
528 530
531 533
531 535
532 534
532 535
533 536
533 537
534 535
534 536
534 537
535 537
535 538
535 539
536 538
536 540
536 541
537 539
537 540
537 542
538 541
538 542
541 543
541 545
541 546
541 552
542 544
542 546
542 552
543 545
543 553
543 554
543 556
544 545
544 552
544 553
544 554
545 547
546 548
547 549
547 550
548 550
548 551
550 551
552 554
552 556
552 560
553 555
553 557
553 559
553 560
554 556
554 557
554 559
554 561
554 562
554 568
555 556
555 557
555 559
555 560
555 561
555 562
555 574
556 558
556 559
558 559
559 574
559 582
559 585
560 562
560 564
560 565
560 568
561 563
561 565
561 567
561 568
562 564
562 569
563 564
563 568
563 569
564 566
564 567
566 567
568 570
568 572
568 574
569 571
569 573
569 574
570 572
570 575
570 576
570 578
571 572
571 574
571 575
571 576
571 578
572 696
573 695
573 696
574 576
574 578
574 582
575 577
575 579
575 580
575 581
575 582
576 578
576 583
577 578
577 582
577 583
578 580
578 581
580 581
582 584
582 585
582 586
582 587
583 585
583 587
583 588
583 589
583 590
583 596
584 586
584 589
584 591
584 592
584 596
585 589
585 590
585 591
585 592
586 589
586 590
587 588
590 592
590 593
590 594
590 595
591 593
591 595
591 596
591 597
592 594
592 598
592 599
592 603
593 594
593 597
593 598
593 599
593 603
593 609
594 596
597 599
597 601
597 602
597 603
598 600
598 602
598 603
599 601
599 604
599 605
599 609
600 601
600 603
600 604
600 605
600 609
600 614
603 605
603 607
603 608
603 609
604 606
604 608
604 609
605 607
605 608
605 610
605 611
605 614
606 607
606 609
606 610
606 611
606 614
606 622
608 609
609 611
609 613
609 614
610 612
610 614
611 613
611 615
611 622
612 613
612 614
612 615
614 616
614 618
614 619
614 622
615 617
615 619
615 621
615 622
616 618
616 623
617 618
617 622
617 623
618 620
618 621
620 621
622 624
622 626
622 627
622 630
623 625
623 627
623 629
623 630
624 626
624 631
624 632
625 626
625 630
625 631
625 632
626 628
626 629
628 629
630 632
630 633
630 634
631 633
631 635
631 636
632 634
632 635
632 637
632 638
632 642
633 636
633 637
633 638
635 636
635 642
636 638
636 640
636 641
636 642
637 639
637 641
637 642
638 640
638 641
638 643
639 640
639 642
639 643
642 644
642 645
642 646
643 645
643 647
643 648
643 650
644 646
644 647
644 648
644 651
645 646
645 650
645 651
646 648
646 649
648 649
648 650
648 658
648 662
648 663
650 652
650 654
650 655
650 656
650 658
651 653
651 655
651 656
651 658
652 654
652 655
652 659
652 660
653 654
653 658
653 659
653 660
653 670
653 676
654 657
655 656
656 657
658 660
658 662
658 663
658 665
659 661
659 663
659 664
659 665
660 662
660 664
660 666
660 667
661 665
661 666
661 667
661 683
662 665
663 664
665 667
665 669
665 670
666 668
666 670
667 669
667 671
667 672
668 670
668 671
668 672
668 691
669 670
670 672
670 674
670 675
670 676
671 673
671 675
671 676
672 674
672 677
672 678
673 676
673 677
673 678
673 697
674 676
676 678
676 680
676 682
676 683
677 679
677 681
677 682
677 683
678 680
678 681
678 684
678 685
679 681
679 683
679 684
679 685
679 697
680 683
681 682
683 685
683 687
683 688
683 689
683 691
684 686
684 688
684 689
684 691
685 687
685 692
685 693
686 687
686 691
686 692
686 693
687 689
687 690
687 691
689 690
691 693
691 695
691 697
692 694
692 696
692 697
693 695
693 698
693 699
694 697
694 698
694 699
694 702
694 711
697 699
697 701
698 700
699 701
700 719
702 704
702 706
702 707
702 711
703 705
703 707
703 711
704 706
704 712
704 713
705 711
705 712
705 713
705 732
706 708
706 711
707 709
708 710
711 713
711 715
711 716
711 719
712 714
712 716
712 717
712 719
713 715
713 717
713 720
713 721
714 719
714 720
714 721
715 718
715 719
716 717
717 718
719 721
719 723
719 724
719 726
720 722
720 724
720 725
720 726
721 723
721 724
721 727
721 728
722 726
722 727
722 728
724 725
724 726
726 728
726 730
726 731
726 732
727 729
727 731
727 732
728 730
728 731
728 733
729 730
729 732
729 733
731 732
731 738
732 734
732 736
732 737
732 738
732 740
733 735
733 737
733 738
733 740
734 736
734 741
735 736
735 740
735 741
736 738
736 739
738 739
740 742
740 743
741 743
741 744
742 745
742 746
742 752
743 744
743 745
743 752
744 746
744 748
744 752
745 747
745 749
745 751
745 752
746 748
746 749
746 751
746 753
746 754
747 748
747 749
747 751
747 752
747 753
747 754
747 764
747 768
747 771
748 750
748 751
749 768
750 751
750 768
751 771
752 754
752 755
753 755
753 756
754 757
754 764
755 756
755 757
756 758
756 760
756 761
756 764
757 759
757 761
757 764
758 760
758 765
758 766
758 772
759 760
759 764
759 765
759 766
759 772
759 777
759 813
760 762
761 763
764 766
764 768
764 769
764 772
765 767
765 769
765 770
765 772
766 768
766 773
766 774
766 777
767 768
767 772
767 773
767 774
767 826
768 770
768 771
770 771
772 774
772 776
772 777
773 775
773 777
774 776
774 778
775 776
775 777
775 778
777 779
777 780
777 781
777 782
778 780
778 782
778 791
779 781
779 792
779 793
780 781
780 791
780 792
780 793
780 803
780 817
781 783
781 784
782 785
782 786
782 787
783 784
783 786
784 785
784 788
784 789
784 790
785 788
786 787
786 789
786 790
787 788
787 790
788 789
791 793
791 795
791 797
791 798
792 794
792 796
792 797
792 798
793 795
793 796
793 799
793 800
793 803
794 798
794 799
794 800
794 828
795 798
796 797
798 800
798 802
798 803
799 801
799 803
800 802
800 804
800 805
801 803
801 804
801 805
801 836
803 805
803 807
803 817
804 806
804 808
804 817
805 807
805 808
805 810
805 818
805 819
806 817
806 818
806 819
806 847
807 809
807 810
807 817
808 811
808 812
808 813
809 810
809 812
810 811
810 814
810 815
810 816
811 814
812 813
812 815
812 816
813 814
813 816
814 815
817 819
817 821
817 828
818 820
818 822
818 828
819 821
819 822
819 829
820 828
820 829
821 823
822 824
823 825
823 826
824 826
824 827
826 827
828 830
828 832
828 833
828 836
829 831
829 833
829 835
829 836
830 832
830 837
831 832
831 836
831 837
832 834
832 835
834 835
836 838
836 840
836 841
836 847
837 839
837 841
837 847
838 840
838 848
839 840
839 847
839 848
840 842
841 843
842 844
842 845
843 845
843 846
845 846
847 849
847 851
847 852
848 850
848 852
849 851
850 857
850 862
853 855
853 857
854 856
854 857
855 858
856 857
856 858
857 859
857 860
857 861
857 862
857 863
858 860
858 862
858 863
858 864
859 861
859 862
859 865
859 866
860 864
860 865
860 866
860 872
861 864
862 863
864 866
864 867
864 868
865 867
865 869
865 870
865 872
866 868
866 869
866 870
866 873
866 874
866 879
867 868
867 869
867 870
867 872
867 873
867 874
868 870
868 871
870 871
872 874
872 876
872 877
872 878
872 879
873 875
873 877
873 878
873 879
874 876
874 878
874 880
874 881
874 888
875 876
875 879
875 880
875 881
875 888
875 893
877 878
879 881
879 883
879 888
880 882
880 884
880 888
881 883
881 884
881 889
881 890
881 893
882 883
882 884
882 888
882 889
882 890
882 893
882 907
883 885
883 887
884 886
884 887
886 887
888 890
888 892
888 893
889 891
889 893
890 892
890 894
890 895
891 892
891 893
891 894
891 895
893 895
893 897
893 898
893 907
894 896
894 898
894 907
895 897
895 908
896 897
896 907
896 908
897 899
897 900
898 901
898 902
898 903
899 900
899 902
900 901
900 904
900 905
900 906
901 904
902 903
902 905
902 906
903 904
903 906
904 905
907 909
907 911
907 912
907 913
907 915
908 910
908 912
908 913
908 915
909 911
909 912
909 916
909 917
910 911
910 915
910 916
910 917
911 914
912 913
913 914
915 917
915 918
915 919
916 918
916 920
916 926
917 919
917 927
918 919
918 926
918 927
919 921
920 922
921 923
921 924
922 924
922 925
924 925
926 928
926 930
927 929
927 930
928 931
929 930
929 931
930 932
930 934
930 936
931 933
931 935
931 936
932 934
932 937
932 938
933 934
933 936
933 937
933 938
936 938
936 940
936 947
937 939
937 941
937 947
938 940
938 948
939 947
939 948
940 942
940 947
941 943
941 944
941 945
942 944
942 945
943 945
943 946
945 946
947 949
947 951
947 955
948 950
948 952
948 955
949 951
950 951
950 955
951 953
951 954
953 954
14 2 -8.277000 15.485000 47.810001 N
15 2 -7.528000 14.242000 47.858002 C
16 2 -6.505000 14.284000 46.761002 C
17 2 -6.824000 14.360000 45.599998 O
18 2 -8.427000 13.024000 47.714001 C
19 2 -7.620000 11.742000 47.660999 C
20 2 -9.364000 12.968000 48.918999 C
21 3 -5.260000 14.268000 47.104000 N
22 3 -4.276000 14.319000 46.077000 C
23 3 -4.024000 12.959000 45.481998 C
24 3 -4.228000 11.933000 46.117001 O
25 3 -2.954000 14.653000 46.764999 C
26 3 -2.699000 16.117001 46.921001 C
27 3 -3.316000 16.846001 47.931999 C
28 3 -1.813000 16.753000 46.055000 C
29 3 -3.071000 18.212000 48.057999 C
30 3 -1.536000 18.111000 46.176998 C
31 3 -2.167000 18.834000 47.194000 C
32 4 -3.409000 12.981000 44.317001 N
33 4 -2.901000 11.778000 43.701000 C
34 4 -1.451000 11.589000 44.167999 C
35 4 -0.790000 12.536000 44.589001 O
36 5 -0.965000 10.363000 44.127998 N
37 5 0.387000 10.075000 44.581001 C
38 5 1.473000 10.949000 43.969002 C
39 5 2.219000 11.626000 44.667999 O
40 5 0.699000 8.607000 44.411999 C
41 5 2.145000 8.268000 44.744999 C
42 5 2.408000 6.787000 44.507999 C
43 5 2.282000 6.349000 43.110001 N
44 5 3.331000 6.320000 42.294998 C
45 5 4.524000 6.727000 42.683998 N
46 5 3.197000 5.868000 41.063999 N
47 6 1.596000 10.914000 42.651001 N
48 6 2.609000 11.695000 41.974998 C
49 6 2.307000 13.193000 42.082001 C
50 6 3.194000 14.021000 42.127998 O
51 6 2.670000 11.259000 40.511002 C
52 6 3.441000 9.642000 40.323002 S
53 7 1.024000 13.537000 42.118000 N
54 7 0.594000 14.915000 42.278999 C
55 7 1.104000 15.486000 43.606998 C
56 7 1.595000 16.613001 43.688999 O
57 7 -0.941000 14.948000 42.244999 C
58 7 -1.524000 16.362000 42.325001 C
59 7 -3.019000 16.379999 42.491001 C
60 7 -3.675000 15.448000 42.917000 O
61 7 -3.535000 17.518999 42.130001 O
62 8 0.983000 14.691000 44.672001 N
63 8 1.496000 15.105000 45.986000 C
64 8 3.035000 15.129000 45.990002 C
65 8 3.674000 16.031000 46.530998 O
66 8 0.964000 14.156000 47.078999 C
67 8 1.429000 14.536000 48.484001 C
68 8 0.914000 15.931000 48.813999 C
69 8 0.820000 13.548000 49.476002 C
70 9 3.629000 14.090000 45.376999 N
71 9 5.059000 13.990000 45.271000 C
72 9 5.630000 15.267000 44.660000 C
73 9 6.579000 15.870000 45.165001 O
74 9 5.428000 12.783000 44.416000 C
75 10 5.039000 15.706000 43.563000 N
76 10 5.525000 16.913000 42.896000 C
77 10 5.422000 18.179001 43.743999 C
78 10 6.312000 19.037001 43.787998 O
79 10 4.770000 17.082001 41.584999 C
80 11 4.270000 18.323999 44.372002 N
81 11 4.006000 19.445000 45.230000 C
82 11 4.996000 19.466999 46.389999 C
83 11 5.481000 20.528999 46.797001 O
84 11 2.559000 19.357000 45.744999 C
85 12 5.255000 18.295000 46.973000 N
86 12 6.186000 18.219000 48.108002 C
87 12 7.591000 18.525000 47.673000 C
88 12 8.348000 19.208000 48.359001 O
89 12 6.142000 16.860001 48.783001 C
90 12 4.866000 16.702999 49.575001 C
91 12 4.826000 15.079000 50.330002 S
92 12 3.656000 15.386000 51.676998 C
104 14 8.381000 20.545000 45.208000 N
105 14 8.432000 21.980000 45.035999 C
106 14 8.679000 22.721001 46.331001 C
107 14 9.226000 23.830999 46.349998 O
108 14 7.097000 22.492001 44.511002 C
109 14 6.842000 22.202000 43.043999 C
110 14 5.483000 22.722000 42.583000 1
11 14 4.878000 21.921000 41.514999 N
112 14 3.728000 21.254999 41.613998 C
113 14 2.990000 21.260000 42.724998 1
14 14 3.295000 20.572001 40.554001 1
15 15 8.139000 22.172001 47.403999 N
116 15 8.225000 22.850000 48.671001 C
117 15 9.486000 22.507000 49.417999 C
118 15 9.620000 22.827000 50.587002 O
119 15 6.984000 22.639000 49.541000 C
120 15 5.892000 23.559999 49.146000 C
121 15 4.764000 23.099001 48.500000 N
122 15 5.794000 24.910000 49.270000 C
123 15 3.993000 24.155001 48.269001 C
124 15 4.593000 25.259001 48.709000 N
125 16 10.380000 21.795000 48.747002 N
126 16 11.689000 21.438999 49.296001 C
127 16 11.764000 20.336000 50.341999 C
128 16 12.633000 20.368000 51.205002 O
129 17 10.893000 19.332001 50.268002 N
130 17 10.953000 18.249001 51.237999 C
131 17 11.920000 17.129999 50.835999 C
132 17 12.303000 16.308001 51.667999 O
133 17 9.565000 17.646999 51.509998 C
134 17 8.659000 18.471001 52.400002 C
135 17 7.344000 17.695999 52.609001 C
136 17 9.354000 18.707001 53.743999 C
137 18 12.283000 17.052999 49.556999 N
138 18 13.155000 15.977000 49.139000 C
139 18 14.501000 16.063000 49.835999 C
140 18 15.247000 17.025999 49.646000 O
141 18 13.369000 15.951000 47.625999 C
142 18 14.062000 14.692000 47.182999 C
143 18 14.004000 13.623000 47.786999 O
144 18 14.697000 14.854000 46.053001 O
145 19 14.792000 15.068000 50.661999 N
146 19 16.011000 15.037000 51.436001 C
147 19 16.125000 16.098000 52.515999 C
148 19 17.212999 16.351999 53.042000 O
149 19 17.278000 15.006000 50.589001 C
150 19 17.379000 13.672000 49.918999 C
151 19 17.424999 12.633000 50.595001 O
152 19 17.285999 13.704000 48.598000 N
153 20 15.033000 16.719000 52.868000 N
154 20 15.094000 17.677999 53.951000 C
155 20 15.482000 16.958000 55.269001 C
156 20 14.891000 15.927000 55.623001 O
157 20 13.745000 18.381001 54.042999 C
158 20 13.760000 19.388000 55.133999 C
159 20 14.347000 20.625000 54.887001 C
160 20 13.296000 19.080999 56.412998 C
161 20 14.438000 21.577999 55.896999 C
162 20 13.379000 20.025999 57.433998 C
163 20 13.956000 21.266001 57.166000 C
164 20 14.030000 22.214001 58.157001 O
165 21 16.523001 17.431999 55.987000 N
166 21 16.993000 16.730000 57.182999 C
167 21 17.320999 15.261000 56.900002 C
168 21 17.309000 14.405000 57.778000 O
169 21 16.136999 16.930000 58.429001 C
170 21 16.143000 18.377001 58.926998 C
171 21 17.504000 18.944000 59.341000 C
172 21 17.378000 20.323000 59.853001 N
173 21 17.329000 21.438999 59.108002 1
74 21 17.462999 21.448000 57.790001 N
175 21 17.172001 22.613001 59.729000 N
176 22 17.676001 14.965000 55.659000 N
177 22 18.105000 13.616000 55.360001 C
178 22 17.006001 12.656000 54.933998 C
179 22 17.295000 11.500000 54.667000 O
180 23 15.757000 13.114000 54.841999 N
181 23 14.670000 12.225000 54.459000 C
182 23 14.266000 12.359000 53.011002 C
183 23 13.694000 13.371000 52.612000 O
184 23 13.437000 12.483000 55.307999 C
185 23 13.686000 12.074000 56.710999 C
186 23 13.551000 10.736000 57.081001 C
187 23 14.151000 13.009000 57.634998 C
188 23 13.779000 10.340000 58.396999 C
189 23 14.401000 12.625000 58.951000 C
190 23 14.186000 11.298000 59.326000 C
191 23 14.425000 10.907000 60.608002 O
192 24 14.555000 11.329000 52.229000 N
193 24 14.189000 11.377000 50.826000 C
194 24 12.665000 11.548000 50.659000 C
195 24 11.863000 11.181000 51.526001 O
196 24 14.675000 10.148000 50.099998 C
197 24 13.965000 9.040000 50.613998 O
198 25 12.260000 12.103000 49.520000 N
199 25 10.863000 12.387000 49.205002 C
200 25 9.849000 11.268000 49.473999 C
201 25 8.759000 11.560000 49.931000 O
202 25 10.786000 12.883000 47.752998 C
203 25 9.465000 13.517000 47.339001 C
204 25 9.135000 14.763000 48.173000 C
205 25 9.597000 13.869000 45.866001 C
206 26 10.191000 10.018000 49.122002 N
207 26 9.313000 8.876000 49.305000 C
208 26 8.838000 8.763000 50.747002 C
209 26 7.712000 8.322000 51.021999 O
210 27 9.704000 9.139000 51.682999 N
211 27 9.325000 9.095000 53.090000 C
212 27 8.054000 9.896000 53.353001 C
213 27 7.142000 9.440000 54.032001 O
214 27 10.443000 9.628000 54.011002 C
215 27 11.571000 8.639000 54.159000 C
216 27 11.392000 7.605000 54.816002 O
217 27 12.726000 8.948000 53.557999 N
218 28 8.045000 11.132000 52.874001 N
219 28 6.948000 12.075000 53.063999 C
220 28 5.652000 11.645000 52.387001 C
221 28 4.569000 11.869000 52.908001 O
222 28 7.390000 13.465000 52.556999 C
223 28 8.681000 13.896000 53.191002 C
224 28 9.938000 13.814000 52.685001 C
225 28 8.806000 14.514000 54.462002 C
226 28 10.852000 14.337000 53.569000 N
227 28 10.175000 14.769000 54.674999 C
228 28 7.855000 14.877000 55.431000 C
229 28 10.602000 15.427000 55.832001 C
230 28 8.282000 15.482000 56.583000 C
231 28 9.634000 15.766000 56.769001 C
232 29 5.779000 11.048000 51.201000 N
233 29 4.633000 10.568000 50.450001 C
234 29 3.991000 9.410000 51.208000 C
235 29 2.776000 9.371000 51.452000 O
236 29 5.032000 10.210000 48.993000 C
237 29 3.843000 9.651000 48.196999 C
238 29 5.559000 11.464000 48.283001 C
239 30 4.847000 8.469000 51.613998 N
240 30 4.398000 7.289000 52.345001 C
241 30 3.686000 7.693000 53.645000 C
242 30 2.595000 7.192000 53.990002 O
243 30 5.580000 6.311000 52.590000 C
244 30 5.104000 4.789000 53.466999 S
245 31 4.279000 8.668000 54.326000 N
246 31 3.691000 9.202000 55.562000 C
247 31 2.273000 9.749000 55.325001 C
248 31 1.298000 9.343000 55.966999 O
249 31 4.628000 10.194000 56.262001 C
250 32 2.129000 10.632000 54.324001 N
251 32 0.832000 11.198000 53.997002 C
252 32 -0.191000 10.120000 53.618999 C
253 32 -1.362000 10.164000 53.987999 O
254 32 0.977000 12.215000 52.889999 C
266 34 -0.379000 6.865000 54.602001 N
267 34 -0.811000 6.181000 55.820999 C
268 34 -1.368000 7.083000 56.931999 C
269 34 -2.196000 6.646000 57.728001 O
270 34 0.224000 5.214000 56.348999 C
271 34 0.525000 4.153000 55.324001 C
272 34 -0.494000 3.394000 54.750999 C
273 34 1.841000 3.891000 54.946999 C
274 34 -0.197000 2.401000 53.818001 C
275 34 2.165000 2.868000 54.056000 C
276 34 1.130000 2.140000 53.467999 C
277 35 -0.993000 8.349000 56.957001 N
278 35 -1.562000 9.258000 57.932999 C
279 35 -2.935000 9.754000 57.543999 C
280 35 -3.833000 9.821000 58.376999 O
281 35 -0.662000 10.478000 58.213001 C
282 35 0.568000 10.100000 59.043999 C
283 35 0.196000 9.768000 60.446999 C
284 35 -0.924000 9.953000 60.896999 O
285 35 1.182000 9.241000 61.110001 O
286 36 -3.094000 10.164000 56.291000 N
287 36 -4.339000 10.773000 55.891998 C
288 36 -4.966000 10.221000 54.634998 C
289 36 -6.015000 10.722000 54.201000 O
290 36 -4.141000 12.275000 55.709999 C
291 36 -3.390000 12.505000 54.527000 O
292 37 -4.312000 9.262000 54.000000 N
293 37 -4.824000 8.789000 52.747002 C
294 37 -4.865000 9.922000 51.716000 C
295 37 -5.738000 9.976000 50.842999 O
296 37 -6.197000 8.096000 52.890999 C
297 37 -6.335000 7.060000 51.799000 C
298 37 -5.327000 6.615000 51.230000 O
299 37 -7.565000 6.773000 51.404999 N
300 38 -3.895000 10.829000 51.813000 N
301 38 -3.746000 11.943000 50.870998 C
302 38 -4.886000 12.975000 50.919998 C
303 38 -5.083000 13.768000 49.985001 O
304 38 -3.621000 11.413000 49.429001 C
305 38 -2.414000 10.547000 49.148998 C
306 38 -1.243000 10.687000 49.896999 C
307 38 -2.408000 9.637000 48.091000 C
308 38 -0.105000 9.917000 49.651001 C
309 38 -1.262000 8.897000 47.794998 C
310 38 -0.117000 9.021000 48.585999 C
311 39 -5.619000 12.985000 52.028999 N
312 39 -6.775000 13.838000 52.175999 C
313 39 -6.444000 15.083000 52.979000 C
314 39 -6.031000 14.982000 54.119999 O
315 39 -7.925000 13.041000 52.819000 C
316 39 -9.263000 13.715000 52.655998 C
317 39 -9.394000 14.939000 52.799000 O
318 39 -10.246000 12.920000 52.289001 N
319 40 -6.624000 16.264999 52.382000 N
320 40 -6.293000 17.503000 53.080002 C
321 40 -7.214000 17.854000 54.231998 C
322 40 -6.854000 18.702000 55.046001 O
323 40 -6.183000 18.738001 52.157001 C
324 40 -7.445000 19.020000 51.592999 O
325 40 -5.131000 18.527000 51.082001 C
326 41 -8.408000 17.239000 54.272999 N
327 41 -9.432000 17.532000 55.284000 C
328 41 -9.468000 16.598000 56.476002 C
329 41 -10.317000 16.746000 57.338001 O
330 41 -10.806000 17.434999 54.620998 C
331 41 -11.095000 18.646999 53.748001 C
332 41 -11.709000 19.743000 54.584999 C
333 41 -12.580000 19.504000 55.439999 O
334 41 -11.156000 20.929001 54.436001 N
335 42 -8.631000 15.575000 56.467999 N
336 42 -8.658000 14.587000 57.528999 C
337 42 -8.382000 15.180000 58.905998 C
338 42 -7.493000 16.004000 59.092999 O
339 42 -7.645000 13.478000 57.203999 C
340 43 -9.121000 14.749000 59.903999 N
341 43 -8.821000 15.166000 61.256001 C
342 43 -9.072000 13.974000 62.155998 C
343 43 -9.920000 13.129000 61.820999 O
344 43 -9.714000 16.313999 61.688000 C
345 43 -10.993000 15.758000 61.854000 O
346 43 -9.736000 17.381001 60.601002 C
347 44 -8.310000 13.874000 63.247002 N
348 44 -8.455000 12.769000 64.209000 C
349 44 -8.297000 13.212000 65.647003 C
350 44 -7.300000 13.817000 66.014999 O
351 44 -7.494000 11.607000 63.941002 C
352 44 -7.761000 11.008000 62.588001 C
353 44 -8.699000 10.216000 62.414001 3
54 44 -7.016000 11.483000 61.592999 N
355 45 -9.298000 12.874000 66.445999 N
356 45 -9.333000 13.182000 67.852997 C
357 45 -8.558000 12.171000 68.691002 C
358 45 -8.671000 10.966000 68.508003 O
359 45 -10.780000 13.278000 68.345001 C
360 45 -11.339000 14.690000 68.266998 C
361 45 -11.083000 15.505000 69.530998 C
362 45 -12.210000 16.367001 69.869003 3
63 45 -13.280000 15.956000 70.555000 3
64 45 -13.393000 14.706000 71.004997 3
65 45 -14.264000 16.823000 70.805000 3
66 46 -7.772000 12.695000 69.632004 N
367 46 -6.965000 11.912000 70.538002 C
368 46 -7.495000 11.947000 71.970001 C
369 46 -8.129000 12.907000 72.412003 O
370 46 -5.500000 12.380000 70.512001 C
371 46 -4.944000 12.335000 69.109001 C
372 46 -4.478000 13.334000 68.556999 O
373 46 -5.120000 11.192000 68.489998 N
374 47 -7.184000 10.889000 72.706001 N
375 47 -7.615000 10.796000 74.078003 C
376 47 -7.086000 11.935000 74.931000 C
377 47 -7.759000 12.336000 75.879997 O
378 47 -7.299000 9.437000 74.723999 C
379 47 -5.919000 9.356000 75.018997 O
380 47 -7.704000 8.315000 73.781998 C
381 48 -5.909000 12.481000 74.606003 N
382 48 -5.359000 13.570000 75.405998 C
383 48 -6.027000 14.924000 75.177002 C
384 48 -5.579000 15.941000 75.699997 O
385 48 -3.837000 13.701000 75.274002 C
386 48 -3.478000 14.122000 73.872002 C
387 48 -4.320000 14.346000 73.035004 O
388 48 -2.196000 14.147000 73.626999 O
389 49 -7.088000 14.961000 74.378998 N
390 49 -7.776000 16.214001 74.125000 C
391 49 -7.310000 16.923000 72.848000 C
392 49 -7.948000 17.862000 72.377998 O
393 50 -6.205000 16.451000 72.281998 N
394 50 -5.653000 17.038000 71.070000 C
395 50 -6.298000 16.447001 69.827003 C
396 50 -7.027000 15.457000 69.902000 O
397 50 -4.139000 16.899000 71.040001 C
398 50 -3.804000 15.557000 70.757004 O
399 51 -6.016000 17.052000 68.685997 N
400 51 -6.531000 16.583000 67.427002 C
401 51 -5.399000 16.673000 66.425003 C
402 51 -4.568000 17.570000 66.553001 O
403 51 -7.691000 17.493999 66.942001 C
404 51 -8.734000 17.525999 67.883003 O
405 51 -8.232000 17.003000 65.598999 C
406 52 -5.400000 15.743000 65.462997 N
407 52 -4.455000 15.690000 64.357002 C
408 52 -5.148000 16.249001 63.110001 C
409 52 -6.277000 15.859000 62.785000 O
410 52 -3.950000 14.255000 64.113998 C
411 52 -3.208000 13.665000 65.289001 C
412 52 -2.537000 14.326000 66.052002 O
413 52 -3.266000 12.364000 65.320999 O
414 53 -4.483000 17.229000 62.466000 N
415 53 -5.027000 17.992001 61.344002 C
416 53 -4.326000 17.849001 59.987999 C
417 53 -3.130000 18.061001 59.856998 O
418 53 -4.958000 19.499001 61.693001 C
419 53 -5.897000 19.878000 62.813999 C
420 53 -7.208000 20.243000 62.508999 C
421 53 -5.488000 19.847000 64.150002 C
422 53 -8.107000 20.586000 63.521999 C
423 53 -6.360000 20.221001 65.177002 C
424 53 -7.672000 20.570000 64.850998 C
425 53 -8.558000 20.903999 65.847000 O
426 54 -5.135000 17.624001 58.959999 N
427 54 -4.694000 17.681000 57.591000 C
428 54 -3.937000 16.490000 57.063999 C
429 54 -3.853000 15.410000 57.653000 O
430 55 -3.403000 16.757000 55.893002 N
431 55 -2.672000 15.800000 55.102001 C
432 55 -1.538000 15.107000 55.839001 C
433 55 -1.259000 13.941000 55.576000 O
434 55 -2.224000 16.393999 53.765999 C
435 55 -1.821000 15.256000 52.841999 C
436 55 -1.066000 17.396000 53.929001 C
437 55 -2.151000 15.522000 51.395000 C
438 56 -0.873000 15.826000 56.761002 N
439 56 0.218000 15.243000 57.537998 C
440 56 -0.127000 15.017000 59.002998 C
441 56 0.766000 14.811000 59.814999 O
442 56 1.543000 16.007000 57.396000 C
443 56 2.232000 15.776000 56.044998 C
444 56 3.265000 16.875000 55.825001 C
445 56 2.913000 14.413000 56.020000 C
446 57 -1.413000 15.144000 59.320999 N
447 57 -1.913000 14.876000 60.653000 C
448 57 -1.098000 15.518000 61.757999 C
449 57 -0.604000 14.856000 62.686001 O
450 57 -2.028000 13.347000 60.824001 C
451 57 -3.139000 12.781000 59.919998 C
452 57 -4.509000 13.138000 60.456001 C
453 57 -4.951000 12.555000 61.449001 O
454 57 -5.153000 14.143000 59.860001 N
455 58 -0.915000 16.818001 61.622002 N
456 58 -0.126000 17.601000 62.580002 C
457 58 -0.906000 17.816000 63.896000 C
458 58 -2.052000 18.211000 63.881001 O
459 58 0.298000 18.895000 61.897999 C
460 58 1.325000 18.516001 60.816002 C
461 58 0.916000 19.820999 62.933998 C
462 58 1.878000 19.690001 60.011002 C
463 59 -0.303000 17.458000 65.031998 N
464 59 -0.973000 17.466999 66.323997 C
465 59 -1.078000 18.839001 67.000000 C
466 59 -0.097000 19.566000 67.088997 O
467 59 -0.250000 16.466000 67.235001 C
468 59 -0.956000 16.230000 68.556999 C
469 59 -0.568000 16.792000 69.580002 O
470 59 -2.047000 15.488000 68.510002 N
471 60 -2.266000 19.115999 67.555000 N
472 60 -2.614000 20.375000 68.221001 C
473 60 -2.045000 20.563000 69.627998 C
474 60 -2.188000 21.629999 70.218002 O
475 60 -4.113000 20.577000 68.259003 C
476 60 -4.725000 19.579000 69.067001 O
477 61 -1.425000 19.538000 70.196999 N
478 61 -0.848000 19.714001 71.519997 C
479 61 0.459000 20.481001 71.442001 C
480 61 0.714000 21.379999 72.250999 O
481 61 -0.631000 18.386999 72.247002 C
482 61 -0.053000 18.524000 73.669998 C
483 61 -0.393000 17.295000 74.530998 C
484 61 0.275000 17.201000 75.836998 N
485 61 0.197000 16.132000 76.647003 4
86 61 -0.506000 15.043000 76.307999 N
487 61 0.852000 16.143999 77.814003 N
488 62 1.306000 20.124001 70.473000 N
489 62 2.612000 20.773001 70.359001 C
490 62 2.773000 21.791000 69.261002 C
491 62 3.484000 22.785999 69.418999 O
492 62 3.704000 19.732000 70.098000 C
493 62 3.606000 18.566999 71.005997 C
494 62 3.154000 17.330000 70.678001 C
495 62 3.973000 18.521000 72.391998 C
496 62 3.185000 16.510000 71.777000 N
497 62 3.705000 17.212000 72.839996 C
498 62 4.506000 19.459000 73.283997 C
499 62 3.947000 16.826000 74.153000 C
500 62 4.763000 19.072001 74.573997 C
501 62 4.489000 17.771999 75.000000 C
502 63 2.189000 21.480000 68.109001 N
503 63 2.469000 22.176001 66.874001 C
504 63 1.619000 23.350000 66.413002 C
505 63 2.169000 24.316999 65.907997 O
506 63 2.694000 21.153999 65.751999 C
507 63 3.560000 20.052000 66.235001 C
508 63 3.183000 18.767000 66.471001 C
509 63 4.951000 20.162001 66.579002 C
510 63 4.266000 18.045000 66.889999 N
511 63 5.369000 18.879000 66.973000 C
512 63 5.878000 21.209000 66.554001 C
513 63 6.688000 18.636999 67.352997 C
514 63 7.183000 20.969999 66.928001 C
515 63 7.577000 19.698999 67.347000 C
516 64 0.302000 23.223000 66.471001 N
517 64 -0.557000 24.281000 66.014999 C
518 64 -1.568000 24.549999 67.102997 C
519 64 -1.812000 23.705999 67.973000 O
520 64 -1.224000 23.875999 64.679001 C
521 64 -2.284000 22.403999 64.774002 S
522 65 -2.201000 25.684999 67.064003 N
523 65 -3.186000 25.917000 68.084999 C
524 65 -4.594000 25.775000 67.563004 C
525 65 -4.963000 26.426001 66.589996 O
526 65 -3.023000 27.280001 68.759003 C
527 65 -4.115000 27.471001 69.796997 C
528 65 -5.087000 28.200001 69.571999 5
29 65 -4.025000 26.711000 70.870003 N
530 66 -5.414000 24.964001 68.220001 N
531 66 -6.780000 24.825001 67.749001 C
532 66 -7.789000 25.448000 68.718002 C
533 66 -8.991000 25.268999 68.586998 O
534 66 -7.120000 23.362000 67.402000 C
535 66 -7.186000 22.482000 68.616997 C
536 66 -6.873000 22.857000 69.736000 O
537 66 -7.626000 21.288000 68.345001 O
538 67 -7.289000 26.172001 69.700996 N
539 67 -8.130000 26.871000 70.652000 C
540 67 -8.907000 25.955999 71.573997 C
541 67 -9.689000 26.423000 72.394997 O
542 68 -8.681000 24.645000 71.482002 N
543 68 -9.442000 23.733999 72.332001 C
544 68 -8.657000 22.556999 72.918999 C
545 68 -9.251000 21.605000 73.425003 O
546 68 -10.675000 23.233000 71.605003 C
547 68 -10.323000 22.299000 70.454002 C
548 68 -11.427000 21.295000 70.124001 C
549 68 -11.442000 20.905001 68.712997 5
50 68 -11.718000 19.686001 68.271004 5
51 68 -12.074000 18.690001 69.103996 5
52 68 -11.690000 19.436001 66.959999 N
553 69 -7.329000 22.639999 72.828003 N
554 69 -6.406000 21.636999 73.313004 C
555 69 -5.626000 22.135000 74.508003 C
556 69 -4.826000 23.072001 74.416000 O
557 69 -5.402000 21.266001 72.214996 C
558 69 -6.148000 20.825001 71.123001 O
559 69 -4.498000 20.149000 72.721001 C
560 70 -5.820000 21.466999 75.627998 N
561 70 -5.105000 21.836000 76.823997 C
562 70 -3.623000 21.518999 76.693001 C
563 70 -3.246000 20.473000 76.167999 O
564 70 -5.726000 21.023001 77.966003 C
565 70 -6.833000 20.172001 77.371002 C
566 70 -6.841000 20.421000 75.878998 C
567 71 -2.789000 22.438000 77.182999 N
568 71 -1.341000 22.292999 77.179001 5
69 71 -0.718000 22.579000 75.820000 C
570 71 0.328000 22.024000 75.475998 O
571 72 -1.391000 23.441000 75.051003 N
572 72 -0.966000 23.798000 73.711998 C
573 72 0.340000 24.605000 73.678001 C
574 72 0.513000 25.600000 74.382004 O
575 72 -2.116000 24.441999 72.931999 C
576 72 -1.663000 24.933001 71.677002 O
577 73 1.295000 24.162001 72.867996 N
578 73 2.559000 24.874001 72.745003 C
579 73 2.696000 25.712999 71.454002 C
580 73 3.458000 26.684999 71.402000 O
581 73 3.757000 23.958000 72.966003 C
582 73 3.737000 23.243999 74.318001 C
583 73 5.083000 23.273001 75.021004 C
584 73 5.159000 22.281000 76.082001 5
85 73 6.305000 21.760000 76.491997 5
86 73 7.465000 22.121000 75.943001 N
587 73 6.295000 20.844999 77.459999 5
88 74 1.971000 25.337999 70.397003 N
589 74 2.006000 26.077000 69.133003 C
590 74 3.400000 26.377001 68.615997 C
591 74 3.740000 27.516001 68.275002 O
592 74 1.159000 27.343000 69.226997 C
593 74 0.801000 27.936001 67.869003 C
594 74 0.364000 29.086000 67.781998 O
595 74 0.970000 27.165001 66.821999 N
596 75 4.221000 25.350000 68.497002 N
597 75 5.573000 25.551001 67.990997 C
598 75 5.686000 25.943001 66.528999 C
599 75 6.734000 26.441999 66.105003 O
600 75 6.462000 24.358999 68.285004 C
601 75 6.420000 24.084000 69.765999 C
602 75 6.994000 22.704000 70.055000 C
603 75 7.194000 25.179001 70.497002 C
604 76 4.625000 25.698000 65.744003 N
605 76 4.627000 26.124001 64.355003 C
606 76 4.086000 27.525000 64.222000 C
607 76 4.165000 28.149000 63.172001 O
608 76 3.864000 25.167000 63.456001 C
609 76 4.801000 23.639000 63.243000 S
610 77 3.539000 28.018000 65.320000 N
611 77 2.985000 29.346001 65.348999 C
612 77 1.891000 29.549000 64.352997 C
613 77 1.921000 30.544001 63.634998 O
614 77 4.053000 30.362000 64.962997 C
615 77 4.360000 31.253000 66.117996 C
616 77 3.661000 32.243999 66.362000 O
617 77 5.343000 30.825001 66.906998 6
18 78 0.985000 28.601000 64.235001 N
619 78 -0.113000 28.760000 63.291000 C
620 78 -1.348000 28.135000 63.910999 C
621 78 -1.245000 27.221001 64.732002 O
622 78 0.088000 28.169001 61.866001 C
623 78 0.838000 26.856001 61.834000 C
624 78 0.518000 29.129999 60.757999 C
625 78 0.213000 25.832001 62.763000 C
626 79 -2.514000 28.645000 63.511002 N
627 79 -3.764000 28.046000 63.879002 C
628 79 -3.885000 26.724001 63.113998 C
629 79 -3.506000 26.639999 61.942001 O
630 79 -4.866000 28.988001 63.370998 C
631 79 -4.179000 30.184999 62.757000 C
632 79 -2.698000 29.903000 62.722000 C
633 80 -4.394000 25.688000 63.777000 N
634 80 -4.550000 24.405001 63.124001 C
635 80 -5.437000 24.513000 61.898998 C
636 80 -5.313000 23.705999 60.971001 O
637 80 -5.108000 23.333000 64.070999 C
638 80 -4.044000 23.065001 65.508003 S
639 81 -6.388000 25.473000 61.924000 N
640 81 -7.320000 25.657000 60.794998 C
641 81 -6.622000 25.857000 59.444000 C
642 81 -7.125000 25.431000 58.412998 O
643 81 -8.388000 26.719999 61.026001 C
644 81 -7.813000 27.995001 60.793999 O
645 82 -5.451000 26.509001 59.464001 N
646 82 -4.659000 26.780001 58.280998 C
647 82 -4.157000 25.490000 57.650002 C
648 82 -3.858000 25.415001 56.462002 O
649 82 -3.486000 27.669001 58.674000 C
650 83 -4.088000 24.454000 58.470001 N
651 83 -3.585000 23.166000 58.016998 C
652 83 -4.644000 22.334000 57.334000 C
653 83 -4.390000 21.218000 56.896000 O
654 83 -2.920000 22.371000 59.147999 C
655 83 -1.812000 23.132999 59.874001 C
656 83 -1.292000 22.284000 61.022999 C
657 83 -0.659000 23.455999 58.925999 C
658 84 -5.828000 22.896000 57.202999 N
659 84 -6.888000 22.190001 56.549000 C
660 84 -7.152000 22.778000 55.183998 C
661 84 -8.170000 22.521999 54.556999 O
662 84 -8.182000 22.183001 57.386002 C
663 84 -8.080000 21.399000 58.688000 C
664 84 -9.400000 21.523001 59.430000 C
665 84 -7.801000 19.921000 58.426998 C
666 85 -6.231000 23.583000 54.717999 N
667 85 -6.349000 24.169001 53.395000 C
668 85 -6.056000 23.118000 52.327999 C
669 85 -5.302000 22.164000 52.557999 O
670 85 -5.315000 25.298000 53.310001 C
671 85 -5.245000 25.827000 52.012001 O
672 86 -6.585000 23.313000 51.123001 N
673 86 -6.250000 22.430000 50.035000 C
674 86 -4.819000 22.705999 49.541000 C
675 86 -4.193000 21.893000 48.862000 O
676 86 -7.277000 22.552000 48.921001 C
677 86 -7.499000 23.924000 48.681999 O
678 87 -4.269000 23.857000 49.922001 N
679 87 -2.882000 24.172001 49.597000 C
680 87 -2.005000 23.698000 50.771000 C
681 87 -2.230000 24.103001 51.924000 O
682 87 -2.748000 25.694000 49.404999 C
683 87 -1.347000 26.170000 49.124001 C
684 87 -0.371000 25.861000 49.779999 O
685 87 -1.305000 27.023001 48.130001 O
686 88 -1.014000 22.848000 50.472000 N
687 88 -0.188000 22.183001 51.483002 C
688 88 0.942000 22.993999 52.118000 C
689 88 1.640000 22.495001 52.980000 O
690 88 0.356000 20.851999 50.963001 C
691 88 1.446000 21.066999 49.918999 C
692 88 -0.755000 19.999001 50.344002 C
693 88 2.214000 19.775999 49.639000 C
694 89 1.170000 24.226999 51.653000 N
695 89 2.254000 25.063999 52.140999 C
696 89 2.397000 25.104000 53.674000 C
697 89 3.481000 24.858000 54.220001 O
698 89 2.154000 26.483999 51.542000 C
699 89 2.043000 26.395000 50.132999 O
700 89 3.402000 27.268999 51.889999 C
701 90 1.303000 25.451000 54.368999 N
702 90 1.337000 25.559999 55.837002 C
703 90 1.741000 24.247999 56.484001 C
704 90 2.546000 24.235001 57.408001 O
705 90 0.023000 26.077000 56.435001 C
706 91 1.179000 23.153999 55.959999 N
707 91 1.482000 21.816999 56.459999 C
708 91 2.953000 21.469999 56.278999 C
709 91 3.603000 20.979000 57.191002 O
710 91 0.595000 20.784000 55.791000 C
711 91 -0.714000 20.878000 56.341000 O
712 92 3.481000 21.764999 55.091999 N
713 92 4.877000 21.485001 54.821999 C
714 92 5.783000 22.347000 55.706001 C
715 92 6.781000 21.877001 56.285000 O
716 92 5.182000 21.749001 53.354000 C
717 92 6.692000 21.701000 53.154999 C
718 92 4.537000 20.681999 52.490002 C
719 93 5.466000 23.635000 55.805000 N
720 93 6.311000 24.483000 56.626999 C
721 93 6.355000 24.028999 58.066002 C
722 93 7.393000 24.107000 58.709000 O
723 93 5.914000 25.962000 56.573002 C
724 93 6.236000 26.599001 55.238998 C
725 93 7.017000 26.070000 54.439999 O
726 93 5.596000 27.724001 54.969002 N
727 94 5.201000 23.639000 58.598999 N
728 94 5.148000 23.129000 59.959999 C
729 94 5.867000 21.771999 60.060001 C
730 94 6.619000 21.502001 60.995998 O
731 94 3.699000 23.027000 60.445999 C
732 94 3.535000 22.496000 62.169998 S
733 95 5.722000 20.927999 59.036999 N
734 95 6.389000 19.615000 59.051998 C
735 95 7.919000 19.709999 59.147999 C
736 95 8.587000 18.884001 59.779999 O
737 95 5.936000 18.714001 57.894001 C
749 97 9.461000 22.110001 60.617001 N
750 97 9.763000 22.471001 61.994999 C
751 97 9.781000 21.226000 62.872002 C
752 97 10.649000 21.035000 63.709999 O
753 97 8.728000 23.427999 62.597000 C
754 97 8.710000 24.820000 61.988998 C
755 97 8.516000 25.915001 63.036999 7
56 97 8.769000 27.322001 62.490002 7
57 97 7.864000 28.347000 63.092999 7
58 98 8.771000 20.382000 62.712002 N
759 98 8.688000 19.164000 63.494999 C
760 98 9.947000 18.296000 63.374001 C
761 98 10.540000 17.855000 64.353996 O
762 98 7.439000 18.377001 63.098000 C
763 98 6.174000 19.153999 63.456001 C
764 98 7.381000 16.971001 63.696999 C
765 98 4.929000 18.500999 62.865002 C
766 99 10.332000 18.023001 62.147999 N
767 99 11.438000 17.139000 61.867001 C
768 99 12.782000 17.740999 62.261002 C
769 99 13.722000 17.055000 62.653999 O
770 99 11.368000 16.719000 60.396999 C
771 99 12.025000 17.775999 59.518002 C
772 99 12.042000 15.374000 60.188000 C
773 100 12.864000 19.056999 62.195999 N
774 100 14.100000 19.718000 62.519001 C
775 100 14.342000 19.730000 64.011002 C
776 100 15.485000 19.813999 64.466003 O
777 100 14.181000 21.122999 61.937000 C
778 100 13.638000 22.054001 62.855000 O
779 101 13.240000 19.684999 64.765999 N
780 101 13.247000 19.802000 66.222000 C
781 101 13.390000 18.542000 67.063004 7
82 101 13.095000 18.580999 68.257004 7
83 101 12.030000 20.584999 66.742996 C
784 101 12.067000 22.070999 66.527000 7
85 101 13.133000 22.480000 65.843002 O
786 101 11.188000 22.823999 66.892998 O
787 102 13.880000 17.430000 66.522003 7
88 102 14.047000 16.306000 67.424004 7
89 102 14.161000 14.919000 66.824997 7
90 102 15.174000 14.538000 66.223000 7
91 103 13.121000 14.153000 67.133003 N
792 103 12.969000 12.764000 66.783997 7
93 103 12.808000 12.475000 65.286003 7
94 103 12.517000 11.337000 64.916000 7
95 103 11.807000 12.183000 67.609001 C
796 103 11.836000 10.677000 67.637001 7
97 103 10.886000 10.020000 68.096001 7
98 103 12.939000 10.125000 67.152000 7
99 104 13.005000 13.494000 64.425003 N
800 104 12.911000 13.358000 62.966000 C
801 104 11.503000 12.989000 62.527000 C
802 104 10.525000 13.624000 62.958000 O
803 105 11.396000 11.912000 61.723000 N
804 105 10.096000 11.482000 61.233002 C
805 105 9.364000 10.578000 62.160999 C
806 105 8.284000 10.127000 61.842999 O
807 105 10.123000 10.884000 59.818001 C
808 105 10.438000 11.976000 58.811001 C
809 105 10.065000 11.567000 57.092999 S
810 105 8.246000 11.668000 57.068001 C
811 106 9.968000 10.323000 63.310001 N
812 106 9.330000 9.514000 64.316002 C
813 106 8.094000 10.157000 64.879997 C
814 106 7.318000 9.475000 65.517998 O
815 106 10.286000 9.250000 65.471001 C
816 106 11.264000 8.197000 65.046997 C
817 106 10.862000 7.101000 64.638000 O
818 106 12.534000 8.564000 65.039001 N
819 107 7.926000 11.481000 64.672997 N
820 107 6.733000 12.215000 65.089996 C
821 107 5.483000 11.663000 64.408997 C
822 107 4.356000 11.768000 64.900002 O
823 107 6.881000 13.692000 64.741997 C
824 108 5.683000 11.038000 63.248001 N
825 108 4.578000 10.434000 62.550999 C
826 108 4.517000 8.944000 62.823002 C
827 108 5.344000 8.166000 62.356998 O
828 108 4.619000 10.703000 61.034000 C
829 108 4.342000 12.142000 60.745998 C
830 108 3.124000 12.719000 60.701000 C
831 108 5.302000 13.204000 60.596001 C
832 108 3.249000 14.059000 60.446999 N
833 108 4.576000 14.397000 60.395000 C
834 108 6.693000 13.270000 60.645000 C
835 108 5.210000 15.642000 60.223999 C
836 108 7.321000 14.491000 60.478001 C
837 108 6.582000 15.667000 60.258999 C
838 109 3.500000 8.552000 63.556999 N
839 109 3.284000 7.168000 63.918999 C
840 109 3.163000 6.205000 62.740002 C
841 109 3.740000 5.124000 62.743999 O
842 109 1.989000 7.110000 64.695999 C
843 109 1.850000 5.757000 65.377998 C
844 109 1.936000 8.259000 65.690002 8
45 110 2.365000 6.611000 61.750000 N
846 110 2.149000 5.812000 60.557999 C
847 110 3.445000 5.637000 59.801998 C
848 110 3.700000 4.579000 59.223999 O
849 110 1.017000 6.379000 59.698002 C
850 111 4.310000 6.661000 59.870998 N
851 111 5.590000 6.576000 59.209000 C
852 111 6.456000 5.532000 59.861000 C
853 111 7.008000 4.619000 59.237999 O
854 111 6.338000 7.924000 59.168999 C
855 111 7.683000 7.743000 58.541000 C
856 111 7.966000 7.692000 57.208000 C
857 111 8.892000 7.473000 59.223999 C
858 111 9.317000 7.483000 57.020000 N
859 111 9.901000 7.315000 58.243999 C
860 111 9.205000 7.400000 60.570999 C
861 111 11.218000 7.083000 58.592999 C
862 111 10.503000 7.164000 60.910000 C
863 111 11.492000 7.015000 59.937000 C
864 112 6.552000 5.677000 61.159000 N
865 112 7.364000 4.772000 61.882000 C
866 112 6.938000 3.317000 61.780998 C
867 112 7.781000 2.432000 61.622002 O
868 112 7.771000 5.269000 63.269001 C
869 112 6.712000 5.127000 64.332001 C
870 112 7.017000 6.040000 65.504997 C
871 112 6.118000 5.840000 66.633003 N
872 112 5.474000 6.836000 67.219002 8
73 112 5.604000 8.090000 66.788002 N
874 112 4.682000 6.570000 68.264000 8
75 113 5.636000 3.052000 61.787998 N
876 113 5.177000 1.660000 61.741001 C
877 113 5.059000 1.028000 60.356998 C
878 113 5.189000 -0.194000 60.187000 O
879 113 3.815000 1.502000 62.438000 C
880 113 3.907000 1.590000 63.945999 C
881 113 2.942000 1.979000 64.611000 O
882 113 5.092000 1.312000 64.467003 N
883 114 4.716000 1.857000 59.388000 N
884 114 4.390000 1.385000 58.067001 C
885 114 5.271000 1.843000 56.917999 C
886 114 5.134000 1.337000 55.799999 O
887 114 2.924000 1.678000 57.791000 C
888 114 2.036000 1.135000 58.905998 C
889 114 0.574000 1.229000 58.527000 C
890 114 -0.164000 2.134000 59.388000 N
891 114 -1.323000 2.696000 59.050999 8
92 114 -1.908000 2.469000 57.872002 N
893 114 -1.928000 3.505000 59.922001 N
894 115 6.169000 2.797000 57.160999 N
895 115 7.048000 3.284000 56.106998 C
896 115 8.502000 2.932000 56.356998 C
897 115 9.211000 2.379000 55.502998 O
898 115 6.913000 4.807000 55.923000 C
899 115 5.228000 5.266000 55.455002 S
911 117 11.746000 1.274000 57.169998 N
912 117 12.110000 -0.110000 56.959000 C
913 117 11.659000 -0.661000 55.605999 C
914 117 11.988000 -1.791000 55.254002 O
915 118 10.883000 0.090000 54.835999 N
916 118 10.512000 -0.422000 53.528999 C
917 118 11.217000 0.400000 52.474998 C
918 118 11.838000 1.418000 52.791000 O
919 118 9.001000 -0.403000 53.271999 C
920 118 8.605000 0.945000 53.194000 O
921 118 8.267000 -1.120000 54.389000 C
922 119 11.147000 -0.036000 51.230999 N
923 119 11.776000 0.751000 50.193001 C
924 119 10.873000 1.951000 49.869999 C
925 119 9.958000 1.843000 49.071999 O
926 119 12.037000 -0.124000 48.957001 C
927 119 12.527000 0.681000 47.799000 C
928 119 12.936000 1.826000 47.902000 O
929 119 12.373000 0.065000 46.664001 O
930 120 11.091000 3.090000 50.542999 N
931 120 10.217000 4.242000 50.355000 C
932 120 10.391000 4.919000 49.023998 C
933 120 9.509000 5.650000 48.585999 O
934 120 10.269000 5.275000 51.485001 C
935 120 9.764000 4.658000 52.778000 C
936 120 11.694000 5.796000 51.654999 C
937 121 11.521000 4.681000 48.362000 N
938 121 11.646000 5.314000 47.077000 C
939 121 10.570000 4.833000 46.094002 C
940 121 10.271000 5.477000 45.085999 O
941 121 13.055000 5.194000 46.506001 C
942 121 13.129000 5.883000 45.134998 9
43 121 14.521000 6.299000 44.721001 9
44 121 14.710000 6.789000 43.594002 9
45 121 15.485000 6.139000 45.626999 9
46 122 9.976000 3.679000 46.384998 N
947 122 8.969000 3.135000 45.515999 C
948 122 7.765000 4.054000 45.444000 C
949 122 6.968000 4.015000 44.512001 O
950 122 8.595000 1.724000 45.966999 C
951 123 7.619000 4.894000 46.452000 N
952 123 6.472000 5.789000 46.488998 C
953 123 6.522000 6.909000 45.457001 C
954 123 5.487000 7.484000 45.137001 O
955 123 6.222000 6.369000 47.888000 C
956 123 5.638000 5.372000 48.834000 C
957 123 6.349000 4.540000 49.655998 C
958 123 4.239000 5.074000 49.032001 C
959 123 5.478000 3.741000 50.375999 N
960 123 4.175000 4.037000 49.988998 C
961 123 3.046000 5.550000 48.462002 C
962 123 2.942000 3.508000 50.397999 C
963 123 1.839000 5.007000 48.855999 C
964 123 1.792000 4.013000 49.830002 C
965 124 7.699000 7.242000 44.946999 N
966 124 7.784000 8.308000 43.959999 C
967 124 8.089000 7.733000 42.583000 C
968 124 8.329000 8.464000 41.619999 O
969 124 8.793000 9.403000 44.340000 C
970 124 10.201000 8.820000 44.477001 C
971 124 8.376000 10.117000 45.633999 C
972 124 11.319000 9.856000 44.417000 C
973 125 8.084000 6.402000 42.511002 N
974 125 8.358000 5.671000 41.283001 C
975 125 7.361000 6.020000 40.193001 C
976 125 6.156000 5.976000 40.402000 O
977 125 8.301000 4.163000 41.521999 C
978 125 9.406000 3.350000 40.858002 9
79 125 8.956000 1.919000 40.551998 C
980 125 9.521000 0.947000 41.490002 9
81 125 8.835000 0.246000 42.394001 C
982 125 7.503000 0.335000 42.528000 N
983 125 9.510000 -0.589000 43.187000 9
84 126 7.904000 6.367000 39.023998 N
985 126 7.132000 6.643000 37.828999 C
986 126 6.505000 8.020000 37.771000 C
987 126 5.693000 8.297000 36.894001 O
988 127 6.883000 8.892000 38.706001 N
989 127 6.290000 10.217000 38.793999 C
990 127 6.865000 11.240000 37.856998 C
991 127 6.196000 12.206000 37.514000 O
992 127 6.250000 10.808000 40.216999 C
993 127 5.192000 9.818000 41.290001 S
994 128 8.122000 11.139000 37.523998 N
995 128 8.581000 12.211000 36.674999 C
996 128 8.353000 11.820000 35.242001 9
97 128 7.895000 12.601000 34.408001 9
98 128 10.023000 12.590000 36.945000 C
999 128 10.132000 13.680000 38.002998 C
1000 128 10.992000 13.298000 39.209999 1
1 128 10.227000 13.006000 40.432999 1
2 128 9.153000 13.673000 40.869999 C
1003 128 8.641000 14.710000 40.216000 1
4 128 8.569000 13.280000 42.000000 N
1005 129 8.630000 10.531000 35.067001 1
6 129 8.581000 9.714000 33.866001 1
7 129 7.233000 8.993000 33.712002 1
8 129 7.198000 7.744000 33.812000 1
9 129 9.680000 8.631000 34.042000 1
10 129 11.003000 8.859000 33.311001 1
11 129 11.859000 9.888000 34.050999 1
12 129 11.759000 7.531000 33.224998 C
1013 129 6.194000 9.652000 33.451000 C
