488 1208
0 2
1 3
1 4
2 5
2 6
2 7
3 4
3 6
3 8
3 15
4 7
4 16
4 18
5 6
5 7
5 17
5 18
5 19
5 20
6 8
6 15
7 9
7 10
7 15
8 10
8 11
8 12
8 14
9 12
9 14
9 15
10 11
10 485
11 13
11 14
11 15
11 483
11 485
12 15
13 14
13 482
13 483
16 20
17 18
17 19
18 19
19 21
19 23
19 25
20 22
20 23
20 25
21 24
21 25
21 26
22 23
22 24
22 25
22 27
23 26
23 38
23 40
24 25
24 26
24 39
24 40
24 41
24 42
25 27
25 28
25 40
26 28
26 36
26 37
27 29
27 30
27 36
28 30
28 37
29 31
29 32
29 37
30 32
30 33
30 34
30 36
31 34
31 36
31 37
32 33
32 440
32 463
33 35
33 36
33 37
33 461
34 37
35 36
35 460
38 42
39 40
39 41
39 42
40 41
41 43
41 44
41 45
42 44
42 45
43 46
43 47
43 48
44 45
44 47
44 49
44 56
45 48
45 57
45 59
46 47
46 58
46 59
46 60
46 61
47 49
47 69
48 50
48 51
48 56
49 51
49 52
49 53
49 55
50 53
50 55
50 56
51 52
51 444
52 54
52 55
52 56
52 442
52 444
53 56
54 55
54 441
57 61
58 59
58 60
59 60
59 69
60 62
60 63
60 64
60 66
61 63
61 64
62 65
62 66
62 67
63 64
63 66
63 68
63 69
64 67
64 78
64 80
64 81
65 66
65 67
65 79
65 80
65 81
65 82
66 68
66 69
66 78
66 81
67 69
67 76
67 77
68 70
68 71
68 76
69 71
69 77
70 72
70 73
70 77
71 73
71 74
71 75
71 76
72 75
72 76
72 77
73 74
73 420
74 76
74 77
74 417
75 77
78 82
79 80
79 81
79 82
80 81
81 83
81 84
81 85
81 87
82 84
82 85
82 87
83 86
83 87
83 88
84 85
84 86
84 87
84 89
85 88
85 99
85 101
86 87
86 88
86 100
86 101
86 102
86 103
87 89
87 90
87 99
87 101
88 90
88 97
88 98
89 91
89 92
89 97
90 92
90 98
91 93
91 94
91 98
92 94
92 95
92 96
92 97
93 96
93 97
93 98
93 114
94 95
94 380
94 400
95 97
95 98
95 114
95 116
95 398
96 98
96 118
99 103
100 101
100 102
100 103
101 102
102 104
102 105
102 106
102 108
103 105
103 106
104 107
104 108
104 109
105 106
105 108
105 110
105 111
106 109
106 120
106 122
107 108
107 109
107 121
107 122
107 123
108 110
108 111
108 120
108 123
109 111
109 118
109 119
110 112
110 113
110 118
111 113
111 119
112 114
112 115
112 119
113 115
113 116
113 117
113 118
114 117
114 118
114 119
115 116
115 380
116 118
116 119
116 377
116 378
117 119
117 397
120 124
121 122
121 123
121 124
122 123
123 125
123 126
123 127
124 126
124 127
125 128
125 129
125 130
126 127
126 129
126 131
126 139
127 130
127 140
127 143
128 129
128 141
128 142
128 143
129 131
129 139
129 143
130 132
130 133
130 139
131 133
131 134
131 135
131 137
132 135
132 137
132 139
133 134
133 360
134 136
134 137
134 139
134 360
135 138
135 139
136 137
136 138
136 359
138 139
140 144
141 142
141 143
141 144
142 143
143 145
143 146
144 146
144 147
145 148
145 149
145 150
146 147
146 149
146 151
146 159
147 150
147 160
148 149
148 161
148 162
148 163
149 151
149 159
149 163
149 178
149 179
150 152
150 153
150 159
151 153
151 154
151 155
151 157
152 155
152 157
152 159
153 154
153 339
153 340
153 361
154 156
154 157
154 159
154 338
154 339
155 158
155 159
156 157
156 158
156 338
158 159
160 164
161 162
161 163
161 164
162 163
163 165
163 166
163 167
164 166
164 167
165 168
165 169
165 170
166 167
166 169
166 171
166 180
167 170
167 181
167 183
168 169
168 182
168 183
168 184
168 185
169 171
169 179
170 172
170 179
170 180
171 173
171 174
171 179
172 174
172 180
173 175
173 176
173 180
173 318
173 319
174 176
174 177
174 178
174 179
175 178
175 179
175 180
175 197
176 177
176 298
176 317
177 179
177 180
178 180
181 185
182 183
182 184
182 185
183 184
184 186
184 187
184 188
184 190
185 187
185 188
186 189
186 190
186 191
187 188
187 189
187 190
187 192
188 191
188 203
188 204
189 190
189 191
189 204
189 205
189 206
189 207
190 192
190 193
191 193
191 201
191 202
192 194
192 195
192 201
193 195
193 202
194 196
194 197
194 202
195 197
195 198
195 199
195 201
196 199
196 201
196 202
197 198
197 298
198 200
198 201
198 202
198 296
199 202
200 201
200 216
200 295
203 207
204 205
204 206
204 207
205 206
206 208
206 210
207 209
207 210
208 211
208 212
208 213
209 210
209 211
209 212
209 214
209 221
210 213
210 222
210 224
210 225
211 212
211 213
211 223
211 224
211 225
212 214
212 221
212 225
213 215
213 216
213 221
214 216
214 217
214 218
214 220
215 218
215 220
215 221
216 217
216 279
217 219
217 220
217 221
217 277
218 221
219 220
219 276
222 226
223 224
223 225
223 226
224 225
225 227
225 228
225 229
226 228
226 229
227 230
227 231
227 232
228 229
228 231
228 233
228 234
229 232
230 231
231 233
231 234
232 234
232 242
232 243
233 235
233 236
233 242
234 236
234 243
235 237
235 238
235 243
236 238
236 239
236 240
236 242
237 240
237 242
237 243
238 239
238 257
239 241
239 242
239 243
239 255
240 243
241 242
241 254
241 278
244 246
244 247
245 247
245 248
245 250
246 249
246 250
246 251
247 248
247 249
247 250
247 252
247 253
247 259
248 251
248 260
248 262
249 250
249 251
249 261
249 262
249 263
250 252
250 259
250 260
250 262
251 253
251 254
251 259
252 254
252 255
252 256
252 258
253 256
253 258
253 259
254 255
255 257
255 258
255 259
256 259
257 258
260 264
261 262
261 263
261 264
262 263
263 265
263 266
263 267
263 269
264 266
264 267
265 268
265 269
265 270
266 267
266 269
266 271
267 270
267 282
267 284
268 269
268 270
268 283
268 284
268 285
268 286
269 271
269 272
269 282
269 284
270 272
270 280
270 281
271 273
271 274
271 280
272 274
272 281
273 275
273 276
273 281
274 276
274 277
274 278
274 280
275 278
275 280
275 281
276 277
277 279
277 280
277 281
278 281
279 280
282 286
283 284
283 285
284 285
285 287
285 288
285 289
286 288
286 289
287 290
287 291
287 292
288 289
288 291
288 293
288 300
289 292
289 301
289 303
290 291
290 302
290 303
290 304
290 305
291 293
292 294
292 295
292 300
293 295
293 296
293 297
293 299
294 297
294 299
294 300
295 296
296 298
296 299
296 300
297 300
298 299
301 305
302 303
302 304
303 304
304 306
304 307
304 308
305 307
305 308
306 309
306 310
306 311
307 308
307 310
307 312
307 313
308 311
308 322
308 324
308 325
309 310
309 323
309 324
309 325
310 312
310 322
310 325
311 313
311 320
311 321
312 314
312 315
312 320
313 315
313 321
314 316
314 317
314 321
315 317
315 318
315 319
315 320
316 319
316 320
316 321
317 318
318 320
318 321
318 339
319 321
322 326
323 324
323 325
323 326
324 325
325 327
325 328
325 329
325 331
326 328
326 329
327 330
327 331
327 332
328 329
328 331
328 333
329 332
329 343
329 346
330 331
330 344
330 345
330 346
331 333
331 334
331 346
332 334
332 341
332 342
332 346
333 335
333 336
333 341
334 336
334 342
335 337
335 338
335 342
336 338
336 339
336 340
336 341
337 340
337 341
337 342
338 339
339 341
339 342
340 342
343 347
344 345
344 346
344 347
345 346
346 348
346 349
346 350
346 352
347 349
347 350
348 351
348 352
348 353
349 350
349 351
349 352
349 354
349 363
350 353
350 364
350 366
351 352
351 353
351 365
351 366
351 367
351 368
352 354
352 355
353 355
353 362
353 363
354 356
354 357
354 362
355 357
355 363
356 358
356 359
356 363
357 359
357 360
357 361
357 362
358 361
358 362
358 363
359 360
360 362
360 363
361 363
364 368
365 366
365 367
365 368
366 367
367 369
367 371
368 370
368 371
368 372
369 372
369 373
369 374
370 371
370 373
370 375
370 383
371 374
371 384
371 386
371 387
372 373
372 385
372 386
372 387
372 388
373 375
373 383
373 387
373 388
374 376
374 377
374 383
375 377
375 378
375 379
375 381
376 379
376 381
376 383
377 378
378 380
378 381
378 383
379 382
379 383
380 381
380 382
382 383
384 388
385 386
385 387
385 388
386 387
387 389
387 390
387 391
388 390
388 391
389 392
389 393
389 394
390 391
390 392
390 393
390 395
390 403
391 394
391 404
391 406
391 407
392 393
392 394
392 405
392 406
392 407
393 395
393 403
393 404
393 407
394 396
394 397
394 403
395 397
395 398
395 399
395 401
396 399
396 401
396 403
397 398
398 400
398 401
398 403
399 402
399 403
400 401
400 402
402 403
404 408
405 406
405 407
405 408
406 407
407 409
407 410
407 411
408 410
408 411
409 412
409 413
409 414
410 411
410 413
410 415
410 424
411 414
411 425
411 427
412 413
412 426
412 427
412 428
412 429
413 415
413 423
413 424
414 416
414 423
414 424
415 417
415 418
415 423
416 418
416 424
417 419
417 420
417 424
418 420
418 421
418 422
418 423
419 422
419 423
419 424
420 421
421 423
421 424
422 424
425 429
426 427
426 428
427 428
428 430
428 431
428 432
428 434
429 431
429 432
430 433
430 434
430 435
431 432
431 433
431 434
431 436
432 435
432 447
432 448
432 449
433 434
433 435
433 448
433 449
433 450
433 451
434 436
434 437
435 437
435 445
435 446
436 438
436 439
436 445
437 439
437 446
438 440
438 441
438 446
439 441
439 442
439 443
439 445
440 443
440 445
440 446
441 442
442 444
442 445
442 446
443 446
444 445
447 451
448 449
448 450
448 451
449 450
450 452
450 453
450 454
451 453
451 454
452 455
452 456
452 457
453 454
453 456
453 458
453 465
454 457
454 466
454 468
455 456
455 467
455 468
455 469
455 470
456 458
456 465
456 466
456 468
456 478
457 459
457 460
457 465
458 460
458 461
458 462
458 464
459 462
459 464
459 465
460 461
461 463
461 464
461 465
462 465
463 464
466 470
467 468
467 469
468 469
469 471
469 473
470 472
470 473
471 474
471 475
471 476
472 473
472 475
472 477
472 478
473 476
473 477
474 475
475 477
476 478
476 486
476 487
477 479
477 480
477 486
478 480
478 487
479 481
479 482
479 487
480 482
480 483
480 484
480 486
481 484
481 486
481 487
482 483
483 485
483 486
483 487
484 487
485 486
1 1 20.662001 36.632000 23.475000 O
2 1 19.622999 35.616001 23.566000 C
3 1 20.302000 34.268002 23.521000 C
4 1 19.441999 33.301998 24.172001 O
5 1 20.625999 33.705002 22.139999 C
6 1 21.948999 33.146999 22.087999 O
7 1 19.518999 32.664001 21.952000 C
8 1 19.455000 32.105000 23.358000 C
9 1 18.320000 31.278000 23.729000 N
10 1 18.576000 30.014000 24.302000 C
11 1 19.760000 29.662001 24.431999 O
12 1 17.539000 29.238001 24.686001 N
13 1 16.285000 29.666000 24.517000 C
14 1 15.277000 28.868000 24.881001 N
15 1 16.009001 30.941999 23.931000 C
16 1 17.035000 31.707001 23.566000 C
17 2 22.879999 33.167999 20.780001 P
18 2 23.862000 34.289001 20.884001 O
19 2 21.993000 33.214001 19.582001 O
20 2 23.658001 31.778000 20.806000 O
21 2 23.782000 30.934000 21.965000 C
22 2 23.849001 29.469000 21.632999 C
23 2 22.587999 28.847000 22.010000 O
24 2 24.077000 29.082001 20.181000 C
25 2 24.750999 27.839001 19.992001 O
26 2 22.639000 29.032000 19.667000 C
27 2 21.996000 28.271999 20.832001 C
28 2 20.535000 28.368000 20.884001 N
29 2 19.709999 29.410000 20.506001 C
30 2 18.448999 29.162001 20.676001 N
31 2 18.413000 27.881001 21.202999 C
32 2 17.304001 27.100000 21.587000 C
33 2 16.101999 27.389999 21.528999 O
34 2 17.697001 25.844999 22.056000 N
35 2 19.002001 25.429001 22.153999 C
36 2 19.191000 24.190001 22.622000 N
37 2 20.059000 26.156000 21.795000 N
38 2 19.681999 27.372999 21.327000 C
39 3 25.343000 27.448999 18.566000 P
40 3 26.830000 27.298000 18.702999 O
41 3 24.912001 28.415001 17.518000 O
42 3 24.728001 26.009001 18.261000 O
43 3 25.222000 24.858000 18.990000 C
44 3 24.069000 23.879999 19.094000 C
45 3 22.895000 24.635000 19.465000 O
46 3 23.698999 23.162001 17.818001 C
47 3 24.291000 21.843000 17.719999 O
48 3 22.195000 23.031000 17.863001 C
49 3 21.763000 23.934000 18.964001 C
50 3 20.708000 24.858000 18.540001 N
51 3 19.379999 24.480000 18.840000 C
52 3 19.205999 23.409000 19.431999 O
53 3 18.379000 25.306999 18.462000 N
54 3 18.656000 26.445000 17.844000 C
55 3 17.653000 27.250999 17.504999 N
56 3 20.000000 26.832001 17.538000 C
57 3 20.985001 26.009001 17.889000 C
58 4 24.671000 21.254999 16.295000 P
59 4 26.150000 21.440001 16.106001 O
60 4 23.834000 21.864000 15.220000 O
61 4 24.332001 19.709999 16.353001 O
62 4 24.224001 18.988001 17.610001 C
63 4 22.774000 18.530001 17.649000 C
64 4 21.923000 19.676001 17.511999 O
65 4 22.414000 17.573000 16.503000 C
66 4 21.791000 16.393000 17.004000 O
67 4 21.600000 18.459000 15.585000 C
68 4 20.856001 19.306999 16.587000 C
69 4 20.315001 20.570999 16.099001 N
70 4 20.985001 21.537001 15.390000 C
71 4 20.259001 22.586000 15.116000 N
72 4 19.020000 22.297001 15.683000 C
73 4 17.830999 23.065001 15.702000 C
74 4 17.639999 24.186001 15.214000 O
75 4 16.809999 22.406000 16.372999 N
76 4 16.929001 21.159000 16.959000 C
77 4 18.035000 20.427999 16.938999 N
78 4 19.041000 21.062000 16.295000 C
79 5 20.938000 15.427000 16.041000 P
80 5 20.552999 14.188000 16.757000 O
81 5 21.643999 15.272000 14.758000 O
82 5 19.620001 16.341999 15.852000 O
83 5 18.771999 16.506001 17.037001 C
84 5 17.363001 16.158001 16.684999 C
85 5 16.709000 17.337999 16.145000 O
86 5 17.101999 15.079000 15.631000 C
87 5 15.836000 14.461000 15.858000 O
88 5 17.212999 15.881000 14.348000 C
89 5 16.566999 17.191000 14.726000 C
90 5 17.153999 18.403999 14.107000 N
91 5 18.452000 18.665001 13.762000 C
92 5 18.635000 19.849001 13.228000 N
93 5 17.368000 20.415001 13.248000 C
94 5 16.893000 21.667000 12.825000 C
95 5 17.643000 22.628000 12.278000 N
96 5 15.575000 21.889000 12.987000 N
97 5 14.773000 20.966000 13.521000 C
98 5 15.130000 19.747999 13.957000 N
99 5 16.445999 19.538000 13.795000 C
100 6 15.060000 13.659000 14.706000 P
101 6 14.114000 12.694000 15.318000 O
102 6 16.052999 13.109000 13.762000 O
103 6 14.197000 14.848000 14.023000 O
104 6 13.168000 15.423000 14.895000 C
105 6 12.160000 16.099001 14.010000 C
106 6 12.788000 17.233000 13.398000 O
107 6 11.539000 15.272000 12.883000 C
108 6 10.115000 15.440000 12.877000 O
109 6 12.266000 15.763000 11.646000 C
110 6 12.558000 17.191000 11.965000 C
111 6 13.775000 17.791000 11.392000 N
112 6 15.001000 17.245001 11.178000 C
113 6 15.882000 18.098000 10.683000 N
114 6 15.184000 19.294001 10.598000 C
115 6 15.554000 20.575001 10.156000 C
116 6 16.768999 20.924000 9.713000 N
117 6 14.605000 21.532000 10.221000 N
118 6 13.382000 21.243000 10.650000 C
119 6 12.922000 20.063000 11.106000 N
120 6 13.887000 19.125999 11.047000 C
121 7 9.172000 15.137000 11.633000 P
122 7 7.750000 15.171000 12.063000 O
123 7 9.601000 13.865000 10.982000 O
124 7 9.500000 16.393000 10.683000 O
125 7 8.693000 17.594000 10.768000 C
126 7 8.872000 18.403999 9.498000 C
127 7 10.265000 18.761000 9.413000 O
128 7 8.561000 17.677999 8.196000 C
129 7 7.215000 17.761999 7.792000 O
130 7 9.583000 18.190001 7.213000 C
131 7 10.542000 18.992001 8.020000 C
132 7 11.968000 18.728001 7.779000 N
133 7 12.736000 19.790001 7.343000 C
134 7 12.292000 20.907000 7.128000 O
135 7 14.060000 19.488001 7.148000 N
136 7 14.688000 18.278000 7.317000 C
137 7 15.903000 18.194000 7.109000 O
138 7 13.817000 17.224001 7.779000 C
139 7 14.398000 15.864000 8.020000 C
140 7 12.532000 17.485001 7.994000 C
141 8 6.364000 18.937000 7.200000 P
142 8 5.721000 19.697001 8.320000 O
143 8 5.351000 18.421000 6.237000 O
144 8 7.393000 19.886000 6.393000 O
145 8 6.979000 21.218000 6.022000 C
146 8 7.817000 21.864000 4.974000 C
147 8 9.215000 21.604000 5.221000 O
148 8 7.556000 21.457001 3.528000 C
149 8 6.481000 22.120001 2.903000 O
150 8 8.900000 21.625000 2.877000 C
151 8 9.916000 21.650000 3.958000 C
152 8 10.901000 20.558001 3.971000 N
153 8 12.230000 20.882000 3.763000 C
154 8 12.620000 22.003000 3.522000 O
155 8 13.093000 19.819000 3.821000 N
156 8 12.785000 18.497000 4.069000 C
157 8 13.690000 17.669001 4.108000 O
158 8 11.382000 18.245001 4.284000 C
159 8 10.919000 16.846001 4.564000 C
160 8 10.521000 19.261000 4.231000 C
161 9 6.230000 23.582001 2.376000 P
162 9 5.961000 24.552000 3.483000 O
163 9 5.100000 23.527000 1.374000 O
164 9 7.548000 24.027000 1.621000 O
165 9 8.334000 25.173000 2.005000 C
166 9 9.412000 25.370001 0.976000 C
167 9 10.397000 24.341999 1.035000 O
168 9 8.923000 25.424999 -0.475000 C
169 9 9.218000 26.739000 -0.983000 O
170 9 9.598000 24.253000 -1.152000 C
171 9 10.834000 24.027000 -0.339000 C
172 9 11.462000 22.666000 -0.254000 N
173 9 12.798000 22.326000 -0.241000 C
174 9 13.018000 21.041000 -0.072000 N
175 9 11.744000 20.504000 0.046000 C
176 9 11.289000 19.177000 0.221000 C
177 9 12.106000 18.122999 0.319000 N
178 9 9.955000 18.988001 0.306000 N
179 9 9.141000 20.042000 0.202000 C
180 9 9.456000 21.323000 0.026000 N
181 9 10.787000 21.490000 -0.039000 C
182 10 8.732000 27.180000 -2.428000 P
183 10 8.686000 28.662001 -2.506000 O
184 10 7.499000 26.458000 -2.799000 O
185 10 9.968000 26.659000 -3.327000 O
186 10 11.283000 27.239000 -3.112000 C
187 10 12.235000 26.566999 -4.082000 C
188 10 12.400000 25.194000 -3.626000 O
189 10 11.819000 26.500000 -5.547000 C
190 10 12.863000 26.487000 -6.490000 O
191 10 11.074000 25.135000 -5.553000 C
192 10 12.087000 24.333000 -4.746000 C
193 10 11.656000 23.018999 -4.264000 N
194 10 10.392000 22.549000 -3.984000 C
195 10 10.363000 21.313999 -3.600000 N
196 10 11.700000 20.927999 -3.607000 C
197 10 12.286000 19.688999 -3.255000 C
198 10 11.705000 18.669001 -2.864000 O
199 10 13.667000 19.709999 -3.379000 N
200 10 14.398000 20.798000 -3.789000 C
201 10 15.730000 20.625000 -3.854000 N
202 10 13.866000 21.969000 -4.121000 N
203 10 12.514000 21.957001 -4.004000 C
204 11 13.708000 27.634001 -7.141000 P
205 11 13.915000 28.788000 -6.224000 O
206 11 13.171000 27.974001 -8.483000 O
207 11 15.151000 26.920000 -7.356000 O
208 11 15.820000 26.492001 -6.165000 C
209 11 17.045000 25.761000 -6.380000 C
210 11 16.981001 24.350000 -6.054000 O
211 11 17.730000 25.802999 -7.753000 C
212 11 19.136999 25.891001 -7.545000 O
213 11 17.243999 24.539000 -8.411000 C
214 11 16.968000 23.594000 -7.278000 C
215 11 15.691000 22.872000 -7.291000 N
216 11 15.727000 21.490000 -7.044000 C
217 11 16.823000 20.957001 -6.829000 O
218 11 14.564000 20.809999 -7.057000 N
219 11 13.414000 21.440001 -7.272000 C
220 11 12.276000 20.722000 -7.252000 N
221 11 13.370000 22.851000 -7.500000 C
222 11 14.510000 23.518999 -7.473000 C
223 12 20.261000 25.832001 -8.645000 P
224 12 21.605000 25.912001 -7.981000 O
225 12 20.028999 26.889999 -9.674000 O
226 12 20.084999 24.388000 -9.329000 O
227 12 21.077999 23.351000 -9.179000 C
228 12 20.705999 22.167000 -10.025000 C
229 12 19.309999 21.868000 -9.791000 O
230 12 20.809000 22.301001 -11.529000 C
231 12 22.101999 21.864000 -12.017000 O
232 12 19.656000 21.482000 -12.083000 C
233 12 18.927000 20.978001 -10.878000 C
234 12 17.462000 21.054001 -10.924000 N
235 12 16.686001 22.153999 -11.204000 C
236 12 15.409000 21.919001 -11.119000 N
237 12 15.334000 20.587999 -10.728000 C
238 12 14.202000 19.777000 -10.494000 C
239 12 13.010000 20.122000 -10.592000 O
240 12 14.556000 18.476000 -10.143000 N
241 12 15.843000 18.025999 -10.012000 C
242 12 15.991000 16.737000 -9.680000 N
243 12 16.924000 18.778000 -10.227000 N
244 12 16.587999 20.042000 -10.585000 C
246 13 9.727000 12.055000 -11.536000 O
247 13 9.601000 11.581000 -10.156000 C
248 13 10.958000 11.094000 -9.726000 C
249 13 11.917000 12.152000 -9.973000 O
250 13 11.188000 10.716000 -8.274000 C
251 13 12.346000 9.868000 -8.151000 O
252 13 11.413000 12.081000 -7.636000 C
253 13 12.178000 12.811000 -8.704000 C
254 13 11.857000 14.205000 -8.990000 N
255 13 12.925000 15.041000 -9.400000 C
256 13 14.078000 14.571000 -9.426000 O
257 13 12.656000 16.330000 -9.732000 N
258 13 11.402000 16.767000 -9.693000 C
259 13 11.152000 18.031000 -10.025000 N
260 13 10.322000 15.923000 -9.316000 C
261 13 10.586000 14.663000 -9.003000 C
262 14 12.928000 9.414000 -6.744000 P
263 14 13.282000 7.961000 -6.829000 O
264 14 11.971000 9.779000 -5.657000 O
265 14 14.246000 10.279000 -6.556000 O
266 14 15.471000 9.926000 -7.239000 C
267 14 16.485001 10.968000 -6.783000 C
268 14 15.962000 12.265000 -7.148000 O
269 14 16.715000 10.980000 -5.286000 C
270 14 18.094999 10.985000 -4.909000 O
271 14 16.011000 12.223000 -4.791000 C
272 14 16.068001 13.122000 -6.028000 C
273 14 15.001000 14.125000 -5.983000 N
274 14 13.664000 13.987000 -5.664000 C
275 14 13.010000 15.104000 -5.664000 N
276 14 13.959000 16.061001 -6.002000 C
277 14 13.825000 17.455000 -6.158000 C
278 14 12.801000 18.143999 -6.041000 O
279 14 15.032000 18.047001 -6.490000 N
280 14 16.221001 17.388000 -6.666000 C
281 14 17.294001 18.122999 -6.979000 N
282 14 16.358000 16.073999 -6.536000 N
283 14 15.189000 15.478000 -6.198000 C
284 15 18.514000 10.875000 -3.379000 P
285 15 19.309999 9.607000 -3.235000 O
286 15 17.322001 10.980000 -2.493000 O
287 15 19.506001 12.076000 -3.138000 O
288 15 20.264000 12.786000 -4.127000 C
289 15 19.974001 14.256000 -3.841000 C
290 15 18.516001 14.398000 -3.971000 O
291 15 20.247999 14.743000 -2.435000 C
292 15 21.608000 15.146000 -2.194000 O
293 15 19.225000 15.822000 -2.207000 C
294 15 18.245001 15.683000 -3.340000 C
295 15 16.844000 15.809000 -2.962000 N
296 15 16.229000 17.069000 -3.086000 C
297 15 16.914000 18.021999 -3.489000 O
298 15 14.918000 17.187000 -2.754000 N
299 15 14.238000 16.124001 -2.337000 C
300 15 12.953000 16.254000 -2.012000 N
301 15 14.851000 14.839000 -2.213000 C
302 15 16.132999 14.734000 -2.519000 C
303 16 22.221001 15.116000 -0.710000 P
304 16 23.433001 14.260000 -0.651000 O
305 16 21.156000 14.734000 0.267000 O
306 16 22.691000 16.620001 -0.436000 O
307 16 23.177000 17.468000 -1.510000 C
308 16 22.386000 18.757000 -1.393000 C
309 16 21.003000 18.421000 -1.380000 O
310 16 22.657000 19.563000 -0.124000 C
311 16 23.531000 20.663000 -0.430000 O
312 16 21.302999 19.945000 0.404000 C
313 16 20.315001 19.429001 -0.573000 C
314 16 19.150000 18.723000 -0.020000 N
315 16 19.113001 17.497000 0.599000 C
316 16 17.914000 17.128000 0.937000 N
317 16 17.097000 18.165001 0.488000 C
318 16 15.696000 18.320000 0.586000 C
319 16 14.866000 17.535000 1.074000 O
320 16 15.270000 19.525000 0.033000 N
321 16 16.097000 20.452999 -0.547000 C
322 16 17.417999 20.315001 -0.638000 N
323 16 17.841999 19.146999 -0.111000 C
324 17 23.797001 21.902000 0.534000 P
325 17 24.855000 22.796000 -0.007000 O
326 17 24.059000 21.385000 1.901000 O
327 17 22.386000 22.658001 0.501000 O
328 17 22.091000 23.586000 -0.573000 C
329 17 21.016001 24.500999 -0.039000 C
330 17 19.863001 23.737000 0.280000 O
331 17 21.427000 25.264999 1.237000 C
332 17 21.316000 26.643000 0.963000 O
333 17 20.657000 24.594000 2.324000 C
334 17 19.486000 23.913000 1.654000 C
335 17 19.023001 22.615999 2.213000 N
336 17 19.716000 21.566000 2.741000 C
337 17 18.961000 20.583000 3.183000 N
338 17 17.674000 21.011999 2.923000 C
339 17 16.415001 20.420000 3.144000 C
340 17 16.202999 19.219000 3.691000 N
341 17 15.337000 21.129000 2.754000 N
342 17 15.492000 22.326000 2.213000 C
343 17 16.621000 22.981001 1.953000 N
344 17 17.691999 22.250000 2.331000 C
345 18 20.421000 27.747000 1.627000 P
346 18 20.083000 28.822001 0.664000 O
347 18 21.139999 28.221001 2.864000 O
348 18 19.087999 26.990999 2.077000 O
349 18 17.893000 26.910999 1.322000 C
350 18 16.683001 27.271999 2.122000 C
351 18 16.223000 26.135000 2.871000 O
352 18 16.795000 28.402000 3.157000 C
353 18 15.515000 29.011000 3.359000 O
354 18 17.275000 27.621000 4.381000 C
355 18 16.420000 26.391001 4.290000 C
356 18 16.969999 25.131001 4.824000 N
357 18 18.257999 24.711000 5.013000 C
358 18 18.358999 23.493000 5.488000 N
359 18 17.048000 23.061001 5.599000 C
360 18 16.472000 21.860001 6.035000 C
361 18 17.159000 20.792999 6.458000 N
362 18 15.127000 21.792999 6.022000 N
363 18 14.404000 22.826000 5.631000 C
364 18 14.830000 24.014000 5.195000 N
365 18 16.177000 24.063999 5.201000 C
366 19 15.275000 30.434000 4.030000 P
367 19 14.401000 31.249001 3.131000 O
368 19 16.559000 31.031000 4.453000 O
369 19 14.398000 30.065001 5.351000 O
370 19 13.150000 29.372000 5.104000 C
371 19 12.966000 28.356001 6.184000 C
372 19 13.470000 27.049999 6.276000 O
373 19 12.498000 28.839001 7.545000 C
374 19 11.095000 29.170000 7.506000 O
375 19 12.884000 27.730000 8.476000 C
376 19 13.222000 26.542000 7.610000 C
377 19 14.411000 25.806999 8.085000 N
378 19 14.233000 24.573000 8.678000 C
379 19 13.155000 24.021999 8.847000 O
380 19 15.401000 23.980000 9.068000 N
381 19 16.688999 24.455000 8.964000 C
382 19 17.622000 23.771000 9.381000 O
383 19 16.777000 25.752001 8.346000 C
384 19 18.115999 26.399000 8.177000 C
385 19 15.665000 26.361000 7.942000 C
386 20 10.278000 29.645000 8.795000 P
387 20 8.866000 29.922001 8.437000 O
388 20 11.017000 30.732000 9.485000 O
389 20 10.311000 28.305000 9.687000 O
390 20 9.867000 27.079000 9.068000 C
391 20 9.453000 26.076000 10.090000 C
392 20 10.542000 25.223000 10.436000 O
393 20 8.900000 26.613001 11.406000 C
394 20 7.698000 25.912001 11.725000 O
395 20 10.056000 26.483000 12.356000 C
396 20 10.834000 25.316000 11.829000 C
397 20 12.299000 25.349001 11.920000 N
398 20 12.948000 24.195000 12.317000 C
399 20 12.408000 23.149000 12.642000 O
400 20 14.310000 24.308001 12.343000 N
401 20 15.099000 25.382999 12.004000 C
402 20 16.323999 25.285999 12.083000 O
403 20 14.341000 26.528999 11.581000 C
404 20 15.068000 27.781000 11.197000 C
405 20 13.013000 26.469999 11.542000 C
406 21 7.057000 26.125999 13.170000 P
407 21 5.669000 25.597000 13.157000 O
408 21 7.240000 27.541000 13.593000 O
409 21 7.993000 25.202000 14.094000 O
410 21 7.654000 23.799999 14.289000 C
411 21 8.375000 23.299999 15.513000 C
412 21 9.789000 23.379999 15.279000 O
413 21 8.109000 24.048000 16.822001 C
414 21 7.274000 23.246000 17.681000 O
415 21 9.489000 24.375000 17.356001 C
416 21 10.392000 23.434999 16.620001 C
417 21 11.790000 23.799999 16.379000 N
418 21 12.889000 22.968000 16.379000 C
419 21 14.011000 23.565001 16.066999 N
420 21 13.628000 24.871000 15.819000 C
421 21 14.357000 26.013000 15.435000 C
422 21 15.675000 26.013000 15.227000 N
423 21 13.669000 27.163000 15.279000 N
424 21 12.343000 27.163000 15.474000 C
425 21 11.550000 26.146999 15.826000 N
426 21 12.266000 25.025999 15.982000 C
427 22 6.695000 23.749001 19.073999 P
428 22 5.351000 23.157000 19.315001 O
429 22 6.749000 25.236000 19.132999 O
430 22 7.726000 23.124001 20.155001 O
431 22 8.455000 21.910000 19.940001 C
432 22 9.681000 21.738001 20.785999 C
433 22 10.808000 22.414000 20.160999 O
434 22 9.673000 22.221001 22.232000 C
435 22 10.554000 21.474001 23.091000 O
436 22 10.174000 23.660999 22.049000 C
437 22 11.333000 23.375999 21.099001 C
438 22 11.912000 24.530001 20.422001 N
439 22 11.333000 25.731001 20.038000 C
440 22 12.149000 26.554001 19.458000 N
441 22 13.362000 25.865999 19.438999 C
442 22 14.623000 26.260000 18.938000 C
443 22 14.921000 27.330999 18.396999 O
444 22 15.587000 25.278000 19.125999 N
445 22 15.363000 24.069000 19.745001 C
446 22 16.399000 23.240999 19.841999 N
447 22 14.189000 23.681999 20.214001 N
448 22 13.235000 24.631001 20.031000 C
449 23 9.988000 20.436001 24.172001 P
450 23 9.190000 19.395000 23.475000 O
451 23 9.277000 21.201000 25.226000 O
452 23 11.320000 19.773001 24.771000 O
453 23 12.183000 18.988001 23.931000 C
454 23 13.646000 19.143000 24.295000 C
455 23 14.186000 20.193001 23.482000 O
456 23 13.972000 19.462000 25.728001 C
457 23 14.703000 18.429001 26.437000 O
458 23 14.696000 20.768000 25.714001 C
459 23 14.941000 21.113001 24.282000 C
460 23 14.600000 22.493999 23.924000 N
461 23 15.626000 23.346001 23.488001 C
462 23 16.768999 22.879999 23.410000 O
463 23 15.332000 24.622999 23.169001 N
464 23 14.078000 25.059999 23.260000 C
465 23 13.812000 26.323000 22.922001 N
466 23 13.018000 24.202999 23.702999 C
467 23 13.315000 22.952000 24.014999 C
468 24 14.892000 18.576000 28.025999 P
469 24 14.745000 17.249001 28.695999 O
470 24 13.974000 19.618000 28.591999 O
471 24 16.375999 19.089001 28.162001 O
472 24 17.443001 18.782000 27.270000 C
473 24 18.580999 19.739000 27.492001 C
474 24 18.555000 20.718000 26.417999 O
475 24 18.650999 20.566999 28.768000 C
476 24 19.142000 19.815001 29.881001 O
477 24 19.580999 21.691999 28.330999 C
478 24 19.013000 21.976999 26.964001 C
479 24 17.830999 22.858999 26.983999 N
480 24 16.549000 22.573999 27.393999 C
481 24 15.730000 23.577000 27.250999 N
482 24 16.521000 24.593000 26.724001 C
483 24 16.187000 25.924999 26.379000 C
484 24 15.089000 26.479000 26.469999 O
485 24 17.288000 26.629999 25.903000 N
486 24 18.558001 26.113001 25.780001 C
487 24 19.504000 26.927999 25.298000 N
488 24 18.878000 24.871000 26.091999 N
489 24 17.818001 24.169001 26.554001 C
