1432
1 1 6.350 34.124 50.750 N
2 1 6.324 32.707 50.379 C
3 1 6.334 32.484 48.874 C
4 1 7.356 32.060 48.316 O
5 1 5.009 32.300 50.934 C
6 1 4.526 33.584 51.604 C
7 1 3.012 33.793 51.724 C
8 1 2.515 34.238 50.431 N
9 1 2.352 33.394 49.423 C
10 1 2.588 32.086 49.557 N
11 1 1.895 33.858 48.262 N
12 2 5.206 32.767 48.261 N
13 2 5.197 32.618 46.826 C
14 2 4.781 33.870 46.108 C
15 2 4.716 33.930 44.845 O
16 2 4.452 31.426 46.229 C
17 2 3.089 31.502 46.538 O
18 2 5.066 30.133 46.701 C
19 3 4.497 34.900 46.908 N
20 3 4.020 36.132 46.259 C
21 3 4.987 37.273 45.992 C
22 3 4.530 38.398 45.795 O
23 3 2.951 36.717 47.185 C
24 3 3.632 36.891 48.524 C
25 3 4.821 36.990 48.715 O
26 3 2.844 36.730 49.510 O
27 4 6.285 37.076 46.089 N
28 4 7.131 38.210 45.919 C
29 4 7.073 38.939 44.605 C
30 4 7.459 40.095 44.530 O
31 4 8.597 37.815 46.045 C
32 4 8.982 37.124 47.655 S
33 5 6.691 38.264 43.538 N
34 5 6.719 38.935 42.270 C
35 5 5.366 39.179 41.653 C
36 5 5.254 39.476 40.486 O
37 5 7.599 38.124 41.282 C
38 5 9.055 37.997 41.772 C
39 5 9.974 39.045 41.627 C
40 5 9.485 36.843 42.432 C
41 5 11.281 38.964 42.115 C
42 5 10.780 36.732 42.944 C
43 5 11.672 37.794 42.763 C
44 5 12.956 37.704 43.225 O
45 6 4.320 39.020 42.427 N
46 6 2.986 39.221 41.892 C
47 6 2.071 38.002 41.992 C
48 6 2.522 36.960 42.438 O
49 7 0.819 38.158 41.541 N
50 7 -0.269 37.184 41.565 C
51 7 -0.922 37.069 40.232 C
52 7 -1.584 37.990 39.760 O
53 7 -1.372 37.625 42.536 C
54 7 -2.418 36.535 42.784 C
55 7 -2.908 35.750 41.931 O
56 7 -2.761 36.491 44.049 N
57 8 -0.712 35.885 39.670 N
58 8 -1.140 35.549 38.341 C
59 8 -2.639 35.725 38.151 C
60 8 -3.136 36.042 37.068 O
61 8 -0.510 34.194 38.027 C
62 8 -1.398 33.044 38.457 C
63 8 -0.189 34.095 36.582 C
64 9 -3.372 35.566 39.273 N
65 9 -4.817 35.710 39.211 C
66 9 -5.282 37.131 38.900 C
67 9 -6.363 37.351 38.370 O
68 9 -5.453 35.209 40.525 C
69 9 -5.642 33.701 40.533 C
70 9 -5.791 33.101 41.607 O
71 9 -5.758 33.116 39.347 N
72 10 -4.438 38.091 39.261 N
73 10 -4.704 39.489 39.013 C
74 10 -4.263 39.964 37.648 C
75 10 -4.425 41.103 37.302 O
76 10 -4.096 40.343 40.107 C
77 10 -4.730 40.042 41.473 C
78 10 -4.331 41.112 42.502 C
79 10 -2.873 41.233 42.691 N
80 10 -2.117 40.692 43.679 C
81 10 -2.700 39.964 44.654 N
82 10 -0.751 40.833 43.688 N
83 11 -3.680 39.142 36.833 N
84 11 -3.243 39.663 35.555 C
85 11 -4.311 39.453 34.499 C
86 11 -4.925 38.395 34.322 O
87 11 -1.974 38.893 35.146 C
88 11 -0.910 39.059 36.209 C
89 11 -1.461 39.301 33.789 C
90 11 0.369 38.265 35.902 C
91 12 -4.476 40.480 33.721 N
92 12 -5.375 40.394 32.630 C
93 12 -4.712 39.584 31.541 C
94 12 -3.499 39.657 31.264 O
95 12 -5.654 41.801 32.052 C
96 12 -4.367 42.532 31.688 C
97 12 -3.746 43.052 32.726 O
98 12 -3.920 42.611 30.558 O
99 13 -5.525 38.788 30.877 N
100 13 -5.049 37.945 29.754 C
101 13 -6.057 37.713 28.617 C
102 13 -7.262 37.494 28.840 O
103 13 -4.537 36.539 30.242 C
104 13 -4.244 35.753 29.118 O
105 13 -5.553 35.801 31.126 C
106 14 -5.563 37.660 27.389 N
107 14 -6.362 37.341 26.199 C
108 14 -6.104 35.904 25.761 C
109 14 -6.538 35.495 24.711 O
110 14 -6.088 38.262 24.982 C
111 14 -4.672 38.329 24.862 O
112 14 -6.595 39.648 25.353 C
113 15 -5.311 35.227 26.552 N
114 15 -4.936 33.832 26.340 C
115 15 -4.211 33.514 25.039 C
116 15 -3.504 34.361 24.452 O
117 16 -4.417 32.269 24.592 N
118 16 -3.756 31.780 23.367 C
119 16 -4.248 32.394 22.083 C
120 16 -5.452 32.558 21.876 O
121 16 -3.874 30.254 23.209 C
122 17 -3.303 32.710 21.202 N
123 17 -3.685 33.173 19.913 C
124 17 -4.115 31.925 19.160 C
125 17 -3.829 30.799 19.547 O
126 17 -2.559 33.888 19.125 C
127 17 -1.650 32.936 18.683 O
128 18 -4.797 32.103 18.006 N
129 18 -5.198 30.985 17.165 C
130 18 -3.982 30.271 16.634 C
131 18 -4.062 29.071 16.323 O
132 18 -6.100 31.419 16.012 C
133 18 -7.706 31.985 16.654 S
134 19 -2.844 31.038 16.581 N
135 19 -1.557 30.492 16.110 C
136 19 -1.022 29.422 17.031 C
137 19 -0.281 28.547 16.641 O
138 19 -0.506 31.547 15.866 C
139 19 -0.800 32.519 14.738 C
140 19 0.276 33.612 14.727 C
141 19 -0.238 34.996 14.316 C
142 19 0.618 36.162 14.651 N
143 20 -1.419 29.524 18.281 N
144 20 -1.066 28.574 19.262 C
145 20 -2.150 27.511 19.348 C
146 20 -1.834 26.333 19.405 O
147 20 -0.901 29.250 20.641 C
148 20 0.255 30.052 20.550 O
149 20 -0.820 28.246 21.796 C
150 21 -3.437 27.908 19.404 N
151 21 -4.510 26.920 19.569 C
152 21 -4.745 25.888 18.490 C
153 21 -4.960 24.732 18.804 O
154 21 -5.852 27.599 19.725 C
155 22 -4.733 26.342 17.253 N
156 22 -5.049 25.511 16.089 C
157 22 -4.242 24.274 15.957 C
158 22 -4.822 23.199 15.864 O
159 22 -5.207 26.291 14.787 C
160 22 -6.647 26.126 14.333 C
161 22 -7.354 27.385 13.829 C
162 22 -8.433 27.917 14.749 C
163 22 -9.105 29.144 14.303 N
164 23 -2.922 24.522 15.986 N
165 23 -1.925 23.502 15.898 C
166 23 -2.089 22.511 16.992 C
167 23 -1.689 21.375 16.781 O
168 23 -0.557 24.142 15.992 C
169 23 -0.791 25.588 15.646 C
170 23 -2.261 25.853 15.928 C
171 24 -2.689 22.912 18.125 N
172 24 -2.957 22.015 19.246 C
173 24 -4.261 21.238 19.037 C
174 24 -4.782 20.441 19.828 O
175 24 -3.031 22.814 20.547 C
176 24 -1.694 23.413 20.987 C
177 24 -0.712 22.342 21.368 C
178 24 -1.042 21.180 21.542 O
179 24 0.548 22.754 21.416 O
180 25 -4.848 21.498 17.886 N
181 25 -6.039 20.790 17.561 C
182 25 -7.309 21.416 18.022 C
183 25 -8.293 20.693 18.015 O
184 26 -7.316 22.696 18.396 N
185 26 -8.575 23.274 18.841 C
186 26 -9.170 24.121 17.750 C
187 26 -8.491 24.669 16.872 O
188 26 -8.417 24.039 20.169 C
189 26 -7.736 23.246 21.284 C
190 26 -7.413 24.125 22.484 C
191 26 -8.747 22.268 21.827 C
192 27 -10.489 24.216 17.815 N
193 27 -11.145 25.033 16.835 C
194 27 -11.396 26.449 17.333 C
195 27 -11.949 27.244 16.630 O
196 27 -12.496 24.404 16.524 C
197 27 -13.299 24.257 17.706 O
198 28 -11.045 26.799 18.531 N
199 28 -11.305 28.088 19.117 C
200 28 -9.958 28.508 19.763 C
201 28 -9.038 27.720 19.905 O
202 28 -12.490 28.044 20.163 C
203 28 -12.290 27.015 21.218 C
204 28 -12.490 25.666 20.913 C
205 28 -11.766 27.335 22.479 C
206 28 -12.170 24.697 21.858 C
207 28 -11.455 26.405 23.462 C
208 28 -11.702 25.073 23.125 C
209 28 -11.428 24.143 24.069 O
210 29 -9.879 29.796 20.107 N
211 29 -8.702 30.494 20.656 C
212 29 -8.971 31.198 21.971 C
213 29 -10.032 31.012 22.537 O
214 29 -8.184 31.409 19.558 C
215 29 -8.291 30.534 17.974 S
216 30 -8.027 31.942 22.511 N
217 30 -8.211 32.652 23.762 C
218 30 -7.973 31.916 25.050 C
219 30 -7.376 30.871 25.088 O
220 31 -8.468 32.528 26.103 N
221 31 -8.347 32.054 27.465 C
222 31 -8.845 30.607 27.651 C
223 31 -8.176 29.814 28.267 O
224 31 -8.997 32.998 28.493 C
225 31 -8.900 32.417 29.864 C
226 31 -8.331 34.384 28.439 C
227 32 -10.048 30.232 27.150 N
228 32 -10.578 28.880 27.324 C
229 32 -9.703 27.879 26.604 C
230 32 -9.581 26.773 27.074 O
231 32 -12.065 28.818 26.930 C
232 32 -12.242 29.128 25.574 O
233 33 -9.087 28.262 25.448 N
234 33 -8.180 27.353 24.716 C
235 33 -6.927 27.102 25.553 C
236 33 -6.474 25.991 25.723 O
237 33 -7.810 27.964 23.385 C
238 34 -6.393 28.175 26.139 N
239 34 -5.237 28.075 27.011 C
240 34 -5.496 27.079 28.121 C
241 34 -4.659 26.220 28.486 O
242 34 -4.805 29.401 27.630 C
243 34 -4.262 30.193 26.591 O
244 35 -6.657 27.263 28.747 N
245 35 -7.015 26.387 29.866 C
246 35 -7.226 24.929 29.459 C
247 35 -6.890 24.029 30.165 O
248 35 -8.229 26.926 30.628 C
249 35 -7.901 28.326 31.118 C
250 35 -8.929 28.703 32.142 C
251 35 -8.728 30.080 32.709 C
252 35 -9.304 30.133 34.055 N
253 36 -7.798 24.692 28.317 N
254 36 -8.014 23.356 27.773 C
255 36 -6.619 22.689 27.526 C
256 36 -6.359 21.568 27.882 O
257 36 -8.851 23.471 26.478 C
258 36 -9.004 22.119 25.820 C
259 36 -9.511 21.135 26.848 C
260 36 -10.155 19.895 26.284 C
261 36 -10.944 19.284 27.367 N
262 37 -5.693 23.395 26.911 N
263 37 -4.331 22.899 26.657 C
264 37 -3.647 22.579 27.982 C
265 37 -3.039 21.520 28.231 O
266 37 -3.527 23.855 25.776 C
267 37 -4.192 24.067 24.409 C
268 37 -2.125 23.233 25.639 C
269 37 -3.675 25.210 23.527 C
270 38 -3.777 23.495 28.968 N
271 38 -3.274 23.311 30.319 C
272 38 -3.820 22.034 30.955 C
273 38 -3.117 21.272 31.590 O
274 38 -3.573 24.483 31.203 C
275 39 -5.130 21.836 30.794 N
276 39 -5.796 20.631 31.296 C
277 39 -5.271 19.380 30.597 C
278 39 -5.040 18.401 31.294 O
279 39 -7.350 20.713 31.166 C
280 39 -8.101 19.426 31.510 C
281 39 -9.594 19.563 31.201 C
282 39 -9.898 19.457 29.941 O
283 39 -10.334 19.933 32.052 O
284 40 -5.048 19.357 29.292 N
285 40 -4.494 18.202 28.632 C
286 40 -3.113 17.828 29.185 C
287 40 -2.685 16.710 29.060 O
288 40 -4.239 18.513 27.182 C
289 40 -5.443 18.366 26.303 C
290 40 -5.273 18.993 24.925 C
291 40 -6.470 18.816 24.106 N
292 40 -6.410 19.201 22.844 C
293 40 -5.291 19.753 22.373 N
294 40 -7.462 19.049 22.053 N
295 41 -2.362 18.763 29.739 N
296 41 -1.027 18.542 30.299 C
297 41 -1.007 18.310 31.774 C
298 41 0.047 18.070 32.307 O
299 41 -0.104 19.761 30.044 C
300 41 0.330 20.032 28.632 C
301 41 0.152 19.030 27.859 O
302 41 0.740 21.096 28.211 O
303 42 -2.111 18.384 32.502 N
304 42 -2.123 18.241 33.932 C
305 42 -1.584 16.965 34.488 C
306 42 -0.856 16.988 35.480 O
307 42 -3.578 18.462 34.393 C
308 42 -3.830 18.455 35.895 C
309 42 -3.003 19.438 36.683 C
310 42 -5.319 18.726 36.178 C
311 43 -1.954 15.850 33.884 N
312 43 -1.478 14.572 34.413 C
313 43 0.021 14.426 34.328 C
314 43 0.655 13.962 35.274 O
315 43 -2.196 13.369 33.789 C
316 43 -3.761 13.446 33.910 C
317 43 -4.319 13.516 35.353 C
318 43 -3.927 12.639 36.085 O
319 43 -5.124 14.486 35.862 N
320 44 0.557 14.873 33.203 N
321 44 2.031 14.847 33.042 C
322 44 2.688 15.830 33.991 C
323 44 3.701 15.560 34.606 O
324 44 2.447 15.091 31.608 C
325 45 2.074 17.008 34.135 N
326 45 2.541 18.020 35.071 C
327 45 2.620 17.513 36.516 C
328 45 3.540 17.815 37.317 O
329 45 1.633 19.286 35.046 C
330 45 2.293 20.549 35.638 C
331 45 3.649 21.203 34.570 S
332 45 2.703 21.663 33.119 C
333 46 1.548 16.782 36.872 N
334 46 1.419 16.253 38.232 C
335 46 2.602 15.415 38.690 C
336 46 2.875 15.288 39.902 O
337 46 0.067 15.566 38.493 C
338 46 -1.147 16.442 38.603 C
339 46 -0.901 17.677 38.873 O
340 46 -2.274 15.996 38.565 O
341 47 3.302 14.863 37.676 N
342 47 4.527 14.081 37.992 C
343 47 5.620 14.884 38.659 C
344 47 6.488 14.344 39.366 O
345 47 5.236 13.394 36.849 C
346 47 4.270 12.603 35.997 C
347 47 5.108 11.649 35.150 C
348 47 4.711 11.495 33.753 N
349 47 4.880 12.474 32.878 C
350 47 5.392 13.618 33.315 N
351 47 4.497 12.325 31.596 N
352 48 5.580 16.200 38.412 N
353 48 6.590 17.113 38.921 C
354 48 6.061 18.131 39.918 C
355 48 6.756 19.072 40.283 O
356 48 7.210 17.867 37.703 C
357 48 7.589 16.922 36.634 C
358 48 8.649 16.061 36.873 C
359 48 6.972 16.905 35.390 C
360 48 9.002 15.180 35.857 C
361 48 7.334 16.040 34.361 C
362 48 8.355 15.130 34.627 C
363 48 8.787 14.242 33.674 O
364 49 4.814 17.962 40.315 N
365 49 4.189 18.900 41.197 C
366 49 4.938 19.292 42.453 C
367 49 5.061 20.486 42.810 O
368 49 2.727 18.556 41.345 C
369 49 1.886 19.404 42.266 C
370 49 0.379 19.201 42.038 C
371 49 -0.497 19.909 43.052 C
372 49 -1.921 19.579 42.866 N
373 50 5.448 18.288 43.125 N
374 50 6.173 18.540 44.355 C
375 50 7.384 19.395 44.140 C
376 50 7.649 20.304 44.884 O
377 50 6.547 17.262 45.165 C
378 50 7.017 16.331 44.259 O
379 50 5.260 16.658 45.596 C
380 51 8.104 19.083 43.092 N
381 51 9.346 19.808 42.740 C
382 51 9.038 21.253 42.314 C
383 51 9.755 22.161 42.741 O
384 51 10.250 19.045 41.722 C
385 51 11.383 19.903 41.188 C
386 51 9.487 18.573 40.488 C
387 51 12.017 19.324 39.930 C
388 52 7.956 21.400 41.494 N
389 52 7.519 22.699 41.018 C
390 52 7.181 23.549 42.199 C
391 52 7.533 24.727 42.288 O
392 52 6.352 22.566 40.048 C
393 52 6.841 21.897 38.746 C
394 52 5.722 23.928 39.766 C
395 52 5.778 21.521 37.721 C
396 53 6.441 22.981 43.149 N
397 53 6.078 23.720 44.318 C
398 53 7.256 24.001 45.211 C
399 53 7.387 25.072 45.765 O
400 53 4.978 23.016 45.047 C
401 53 3.638 23.227 44.293 C
402 53 2.540 22.290 44.745 C
403 53 1.902 22.828 46.008 C
404 53 1.373 24.186 45.830 N
405 54 8.184 23.064 45.360 N
406 54 9.384 23.302 46.166 C
407 54 10.212 24.463 45.608 C
408 54 10.594 25.374 46.332 O
409 54 10.213 22.023 46.147 C
410 54 11.440 21.956 47.049 C
411 54 12.307 20.703 46.914 C
412 54 13.211 20.586 48.127 C
413 54 14.591 20.246 47.790 N
414 55 10.451 24.465 44.292 N
415 55 11.203 25.547 43.674 C
416 55 10.510 26.903 43.792 C
417 55 11.114 27.927 44.053 O
418 55 11.498 25.222 42.243 C
419 55 12.236 26.361 41.614 C
420 55 12.390 23.994 42.209 C
421 56 9.195 26.960 43.588 N
422 56 8.424 28.182 43.699 C
423 56 8.533 28.747 45.098 C
424 56 8.804 29.926 45.279 O
425 57 8.362 27.872 46.087 N
426 57 8.493 28.266 47.485 C
427 57 9.932 28.779 47.772 C
428 57 10.113 29.771 48.412 O
429 57 7.953 27.171 48.446 C
430 57 7.745 27.700 49.897 C
431 57 6.491 28.558 50.147 C
432 57 5.366 28.053 49.598 O
433 57 6.523 29.629 50.784 O
434 58 10.983 28.155 47.273 N
435 58 12.354 28.545 47.470 C
436 58 12.653 29.917 46.910 C
437 58 13.301 30.719 47.537 O
438 58 13.243 27.532 46.763 C
439 58 14.670 27.565 47.163 C
440 58 15.459 26.471 46.457 C
441 58 15.276 26.241 44.944 C
442 58 16.111 25.120 44.436 N
443 59 12.172 30.188 45.725 N
444 59 12.455 31.400 45.023 C
445 59 11.390 32.472 45.120 C
446 59 11.507 33.542 44.531 O
447 59 12.728 31.035 43.532 C
448 59 13.977 30.198 43.181 C
449 59 14.244 30.180 41.684 C
450 59 15.231 30.658 43.885 C
451 60 10.364 32.175 45.858 N
452 60 9.287 33.118 46.044 C
453 60 8.582 33.589 44.773 C
454 60 8.328 34.791 44.527 O
455 60 9.723 34.272 46.964 C
456 60 8.317 35.157 47.689 S
457 61 8.233 32.578 43.989 N
458 61 7.471 32.732 42.747 C
459 61 6.328 31.693 42.703 C
460 61 6.424 30.576 43.202 O
461 61 8.361 32.832 41.496 C
462 61 8.973 31.489 41.259 C
463 61 7.546 33.195 40.271 C
464 62 5.190 32.033 42.131 N
465 62 4.104 31.086 42.114 C
466 62 4.413 29.825 41.297 C
467 62 4.793 29.916 40.117 O
468 62 2.852 31.795 41.541 C
469 62 2.347 32.945 42.459 C
470 62 1.120 33.550 41.883 C
471 62 1.258 33.896 40.635 O
472 62 0.091 33.573 42.489 O
473 63 4.168 28.661 41.924 N
474 63 4.356 27.367 41.245 C
475 63 3.520 27.280 39.971 C
476 63 3.940 26.759 38.953 O
477 63 3.921 26.338 42.269 C
478 63 4.078 26.978 43.644 C
479 63 3.950 28.473 43.415 C
480 64 2.305 27.856 39.992 N
481 64 1.431 27.861 38.836 C
482 64 2.082 28.572 37.667 C
483 64 1.834 28.174 36.534 O
484 64 0.236 28.667 39.229 C
485 65 2.899 29.631 37.913 N
486 65 3.620 30.334 36.816 C
487 65 4.664 29.369 36.168 C
488 65 4.814 29.238 34.942 O
489 65 4.271 31.648 37.291 C
490 65 5.140 32.200 36.163 C
491 65 3.180 32.676 37.595 C
492 66 5.391 28.675 37.031 N
493 66 6.408 27.664 36.575 C
494 66 5.700 26.577 35.702 C
495 66 6.069 26.242 34.564 O
496 66 7.201 27.066 37.767 C
497 66 7.837 28.158 38.591 C
498 66 8.213 26.014 37.286 C
499 66 8.370 27.715 39.966 C
500 67 4.553 26.052 36.233 N
501 67 3.699 25.071 35.542 C
502 67 3.224 25.617 34.211 C
503 67 3.293 24.924 33.179 O
504 67 2.561 24.528 36.406 C
505 68 2.786 26.898 34.166 N
506 68 2.342 27.485 32.941 C
507 68 3.425 27.550 31.881 C
508 68 3.147 27.263 30.717 O
509 69 4.648 27.929 32.310 N
510 69 5.798 27.952 31.393 C
511 69 6.097 26.518 30.883 C
512 69 6.286 26.307 29.668 O
513 69 7.022 28.608 32.062 C
514 69 6.793 30.116 32.112 C
515 69 8.332 28.413 31.256 C
516 69 7.735 30.815 33.074 C
517 70 6.092 25.588 31.822 N
518 70 6.317 24.147 31.502 C
519 70 5.371 23.594 30.441 C
520 70 5.735 22.961 29.432 O
521 70 6.484 23.254 32.727 C
522 70 7.732 23.666 33.576 C
523 70 6.466 21.777 32.250 C
524 70 7.817 22.939 34.899 C
525 71 4.076 23.884 30.639 N
526 71 3.091 23.480 29.674 C
527 71 3.367 24.048 28.285 C
528 71 3.354 23.400 27.227 O
529 71 1.670 23.832 30.183 C
530 71 0.732 23.576 29.157 O
531 72 3.626 25.386 28.275 N
532 72 3.874 26.029 27.033 C
533 72 5.156 25.590 26.339 C
534 72 5.156 25.406 25.122 O
535 72 3.882 27.553 27.265 C
536 72 4.269 28.446 26.076 C
537 72 3.348 28.347 24.883 C
538 72 3.867 29.186 23.800 N
539 72 3.249 30.197 23.203 C
540 72 2.026 30.583 23.559 N
541 72 3.890 30.866 22.251 N
542 73 6.210 25.500 27.159 N
543 73 7.510 25.182 26.554 C
544 73 7.715 23.753 26.067 C
545 73 8.332 23.494 25.003 O
546 73 8.607 25.476 27.587 C
547 73 8.889 26.987 27.806 C
548 73 9.485 27.657 26.593 C
549 73 10.058 27.104 25.657 O
550 73 9.212 28.926 26.585 O
551 74 7.235 22.796 26.899 N
552 74 7.465 21.346 26.576 C
553 74 6.305 20.353 26.751 C
554 74 6.493 19.131 26.694 O
555 74 8.587 20.838 27.454 C
556 74 8.198 20.907 28.788 O
557 75 5.141 20.937 27.077 N
558 75 3.960 20.140 27.381 C
559 75 4.307 19.165 28.492 C
560 75 4.043 17.981 28.438 O
561 75 3.435 19.425 26.152 C
562 75 2.625 20.267 25.265 C
563 75 1.475 20.939 25.724 N
564 75 2.773 20.478 23.950 C
565 75 0.996 21.571 24.682 C
566 75 1.742 21.318 23.596 N
567 76 4.983 19.654 29.516 N
568 76 5.366 18.810 30.629 C
569 76 6.264 17.619 30.237 C
570 76 6.205 16.557 30.821 O
571 76 4.145 18.347 31.420 C
572 77 7.132 17.855 29.268 N
573 77 8.078 16.873 28.787 C
574 77 7.609 16.001 27.634 C
575 77 8.373 15.307 26.972 O
576 78 6.312 15.986 27.338 N
577 78 5.767 15.135 26.301 C
578 78 6.409 15.330 24.937 C
579 78 6.420 14.410 24.146 O
580 78 4.242 15.399 26.208 C
581 78 3.426 14.452 27.038 C
582 78 2.752 14.991 28.269 C
583 78 1.835 16.183 28.049 C
584 78 0.462 15.924 27.592 N
585 79 6.858 16.534 24.559 N
586 79 7.383 16.719 23.221 C
587 79 8.900 16.768 23.177 C
588 79 9.473 17.240 22.194 O
589 79 6.870 17.944 22.469 C
590 79 5.360 17.867 22.296 C
591 79 7.137 19.147 23.332 C
592 80 9.510 16.275 24.220 N
593 80 10.963 16.300 24.311 C
594 80 11.553 14.941 24.036 C
595 80 10.877 13.941 24.207 O
596 80 11.453 16.711 25.695 C
597 80 11.036 18.065 26.233 C
598 80 11.549 18.371 27.630 C
599 80 11.163 19.212 25.273 C
600 81 12.838 14.948 23.670 N
601 81 13.622 13.748 23.388 C
602 81 14.845 13.792 24.254 C
603 81 15.767 14.571 24.010 O
604 81 13.989 13.573 21.928 C
605 81 12.797 13.376 21.018 C
606 81 11.996 12.078 21.210 C
607 81 11.152 11.734 19.993 C
608 81 11.921 11.135 18.892 N
609 82 14.767 13.020 25.298 N
610 82 15.837 12.986 26.251 C
611 82 16.071 14.411 26.804 C
612 82 17.199 14.857 27.048 O
613 82 17.156 12.396 25.666 C
614 82 17.304 10.874 25.661 C
615 82 17.983 10.346 24.780 O
616 82 16.563 10.168 26.502 N
617 83 14.996 15.160 26.973 N
618 83 15.068 16.516 27.483 C
619 83 15.256 17.603 26.457 C
620 83 15.178 18.765 26.754 O
621 84 15.514 17.315 25.205 N
622 84 15.754 18.308 24.180 C
623 84 14.559 18.617 23.318 C
624 84 13.800 17.733 22.981 O
625 84 16.825 17.844 23.176 C
626 84 18.140 17.726 23.824 C
627 84 18.694 16.551 24.280 C
628 84 18.993 18.817 24.268 C
629 84 19.857 16.870 24.971 N
630 84 20.076 18.239 24.972 C
631 84 18.979 20.209 24.104 C
632 84 21.130 19.033 25.480 C
633 84 19.984 20.983 24.640 C
634 84 21.049 20.410 25.332 C
635 85 14.404 19.861 22.946 N
636 85 13.368 20.293 22.082 C
637 85 13.704 19.924 20.692 C
638 85 14.782 19.423 20.464 O
639 86 12.752 20.130 19.813 N
640 86 12.882 19.687 18.436 C
641 86 13.996 20.229 17.572 C
642 86 14.249 19.666 16.517 O
643 86 11.661 19.891 17.563 C
644 86 10.362 19.369 18.051 C
645 86 10.236 18.489 18.890 O
646 86 9.382 19.906 17.360 O
647 87 14.571 21.367 17.951 N
648 87 15.680 21.978 17.216 C
649 87 16.994 21.693 17.931 C
650 87 18.065 22.080 17.516 O
651 87 15.477 23.439 16.835 C
652 87 14.715 23.660 15.534 C
653 87 13.236 23.836 15.799 C
654 87 12.558 24.819 14.945 N
655 87 12.448 24.846 13.586 C
656 87 12.999 23.919 12.759 N
657 87 11.758 25.874 13.028 N
658 88 16.921 20.999 19.060 N
659 88 18.107 20.667 19.784 C
660 88 18.687 21.799 20.573 C
661 88 19.744 21.575 21.125 O
662 89 18.043 22.962 20.694 N
663 89 18.611 24.062 21.483 C
664 89 18.073 24.171 22.895 C
665 89 18.735 24.482 23.855 O
666 89 18.352 25.377 20.765 C
667 89 19.096 25.409 19.475 C
668 89 20.234 24.974 19.441 O
669 89 18.370 25.649 18.410 N
670 90 16.784 23.902 23.095 N
671 90 16.180 23.965 24.421 C
672 90 16.282 22.674 25.185 C
673 90 16.063 21.581 24.659 O
674 91 16.606 22.788 26.435 N
675 91 16.760 21.648 27.301 C
676 91 15.868 21.682 28.552 C
677 91 15.803 22.716 29.219 O
678 91 18.221 21.679 27.878 C
679 91 18.533 20.534 28.829 C
680 91 18.768 19.263 28.296 C
681 91 18.529 20.685 30.222 C
682 91 19.015 18.207 29.170 C
683 91 18.835 19.667 31.128 C
684 91 19.056 18.416 30.554 C
685 92 15.223 20.574 28.926 N
686 92 14.452 20.532 30.136 C
687 92 13.001 20.916 29.962 C
688 92 12.609 21.416 28.925 O
689 93 12.288 20.650 31.043 N
690 93 10.867 20.999 31.096 C
691 93 10.587 22.480 30.757 C
692 93 9.576 22.814 30.130 O
693 93 10.401 20.767 32.543 C
694 93 10.270 19.289 32.946 C
695 93 10.019 19.107 34.419 C
696 93 9.255 18.565 32.080 C
697 94 11.534 23.357 31.134 N
698 94 11.432 24.787 30.941 C
699 94 12.151 25.298 29.736 C
700 94 12.091 26.479 29.402 O
701 94 11.841 25.537 32.193 C
702 94 10.979 25.213 33.393 C
703 94 11.451 26.243 34.824 S
704 94 10.725 27.871 34.432 C
705 95 12.799 24.401 29.046 N
706 95 13.493 24.736 27.811 C
707 95 14.552 25.838 27.883 C
708 95 14.468 26.794 27.145 O
709 95 12.564 24.900 26.588 C
710 95 11.792 23.656 26.198 C
711 95 12.699 22.706 25.459 C
712 95 12.856 22.856 24.265 O
713 95 13.212 21.717 26.150 N
714 96 15.506 25.683 28.773 N
715 96 16.618 26.606 28.812 C
716 96 17.409 26.455 27.477 C
717 96 17.830 25.369 27.073 O
718 96 17.515 26.242 29.985 C
719 96 18.835 26.995 30.007 C
720 96 16.767 26.469 31.308 C
721 97 17.674 27.586 26.807 N
722 97 18.398 27.605 25.545 C
723 97 19.922 27.542 25.767 C
724 97 20.518 28.447 26.338 O
725 97 18.013 28.792 24.694 C
726 97 18.618 28.757 23.353 C
727 97 19.533 28.076 23.012 O
728 97 17.925 29.406 22.528 O
729 98 20.465 26.421 25.298 N
730 98 21.867 26.056 25.411 C
731 98 22.738 27.106 24.777 C
732 98 23.881 27.220 25.237 O
733 98 22.190 24.702 24.816 C
734 98 22.347 24.753 23.333 C
735 98 22.497 23.357 22.787 C
736 98 22.653 23.416 21.297 C
737 98 22.884 22.073 20.770 N
738 99 22.205 27.816 23.759 N
739 99 22.963 28.899 23.090 C
740 99 23.158 30.096 23.983 C
741 99 24.084 30.850 23.764 O
742 99 22.326 29.423 21.819 C
743 99 22.054 28.253 20.919 C
744 99 21.221 28.568 19.692 C
745 99 19.865 28.791 20.078 N
746 99 18.964 29.080 19.212 C
747 99 19.251 29.159 17.921 N
748 99 17.776 29.296 19.737 N
749 100 22.295 30.296 24.992 N
750 100 22.406 31.448 25.884 C
751 100 22.871 31.141 27.273 C
752 100 23.330 31.995 27.964 O
753 100 21.047 32.130 26.107 C
754 100 20.520 32.416 24.843 O
755 101 22.569 29.956 27.754 N
756 101 22.911 29.516 29.066 C
757 101 23.302 28.052 29.031 C
758 101 22.569 27.241 28.459 O
759 101 21.705 29.540 30.017 C
760 101 21.038 30.863 30.068 C
761 101 21.456 31.840 30.958 N
762 101 19.988 31.319 29.344 C
763 101 20.661 32.872 30.778 C
764 101 19.781 32.593 29.809 N
765 102 24.412 27.682 29.705 N
766 102 24.760 26.272 29.762 C
767 102 23.713 25.600 30.691 C
768 102 23.537 26.032 31.844 O
769 102 26.165 26.100 30.377 C
770 102 26.911 24.901 29.839 C
771 102 27.356 24.022 30.931 C
772 102 27.357 22.663 30.312 C
773 102 26.293 21.857 30.917 N
774 103 23.111 24.507 30.197 N
775 103 22.098 23.833 30.980 C
776 103 22.648 23.025 32.135 C
777 103 23.612 22.330 32.001 O
778 103 21.219 23.006 30.013 C
779 103 21.528 23.544 28.635 C
780 103 22.951 24.063 28.791 C
781 104 22.063 23.176 33.278 N
782 104 22.401 22.488 34.465 C
783 104 21.327 21.456 34.840 C
784 104 20.115 21.675 34.630 O
785 104 22.416 23.478 35.617 C
786 104 23.423 24.619 35.424 C
787 104 23.435 25.522 36.632 C
788 104 23.885 26.666 36.589 O
789 104 22.991 24.954 37.736 N
790 105 21.764 20.339 35.453 N
791 105 20.904 19.247 35.940 C
792 105 20.374 18.303 34.842 C
793 105 20.696 18.382 33.644 O
794 106 19.543 17.346 35.295 N
795 106 18.790 16.360 34.520 C
796 106 17.616 17.203 34.008 C
797 106 17.316 18.278 34.584 O
798 106 18.272 15.245 35.463 C
799 106 17.589 15.840 36.546 O
800 106 19.505 14.683 36.136 C
801 107 17.003 16.715 32.945 N
802 107 16.024 17.491 32.258 C
803 107 14.742 17.715 32.994 C
804 107 13.979 18.611 32.641 O
805 107 15.822 16.929 30.834 C
806 107 15.054 15.628 30.904 C
807 107 15.587 14.419 31.156 C
808 107 13.623 15.397 30.812 C
809 107 14.617 13.462 31.180 N
810 107 13.391 14.017 30.978 C
811 107 12.509 16.213 30.612 C
812 107 12.100 13.448 30.936 C
813 107 11.249 15.643 30.530 C
814 107 11.030 14.284 30.718 C
815 108 14.491 16.877 33.959 N
816 108 13.233 16.971 34.660 C
817 108 13.328 17.042 36.151 C
818 108 12.375 16.651 36.845 O
819 108 12.298 15.871 34.208 C
820 108 12.927 14.567 34.581 C
821 108 14.055 14.499 35.071 O
822 108 12.183 13.510 34.359 N
823 109 14.457 17.622 36.618 N
824 109 14.713 17.733 38.065 C
825 109 14.716 19.118 38.653 C
826 109 14.544 20.084 37.908 O
827 110 14.905 19.174 39.962 N
828 110 14.931 20.413 40.729 C
829 110 16.027 21.398 40.281 C
830 110 15.861 22.613 40.316 O
831 110 14.991 20.118 42.237 C
832 110 15.042 21.431 42.986 C
833 110 15.071 21.153 44.450 C
834 110 15.139 20.017 44.841 O
835 110 15.091 22.206 45.232 O
836 111 17.177 20.895 39.843 N
837 111 18.261 21.775 39.393 C
838 111 17.871 22.554 38.154 C
839 111 18.068 23.765 38.003 O
840 111 19.667 21.144 39.289 C
841 111 20.727 22.025 38.558 C
842 111 20.079 20.813 40.712 C
843 112 17.297 21.835 37.257 N
844 112 16.788 22.411 36.031 C
845 112 15.667 23.454 36.272 C
846 112 15.707 24.555 35.767 O
847 112 16.331 21.310 35.045 C
848 112 15.475 21.922 33.999 C
849 112 16.006 22.688 33.001 N
850 112 14.120 22.008 33.932 C
851 112 14.981 23.153 32.263 C
852 112 13.871 22.736 32.812 N
853 113 14.639 23.086 37.001 N
854 113 13.541 24.001 37.272 C
855 113 14.097 25.191 37.990 C
856 113 13.669 26.311 37.761 O
857 113 12.475 23.274 38.055 C
858 113 11.984 22.120 37.187 C
859 113 11.302 24.213 38.312 C
860 113 10.969 21.196 37.844 C
861 114 15.069 24.988 38.891 N
862 114 15.711 26.119 39.584 C
863 114 16.357 27.078 38.589 C
864 114 16.200 28.299 38.649 O
865 114 16.705 25.650 40.671 C
866 114 15.970 24.895 41.611 O
867 114 17.427 26.748 41.428 C
868 115 17.134 26.536 37.674 N
869 115 17.798 27.340 36.682 C
870 115 16.793 28.099 35.834 C
871 115 16.901 29.327 35.639 O
872 115 18.736 26.477 35.824 C
873 115 19.470 27.369 34.814 C
874 115 20.423 26.694 33.896 C
875 115 21.278 27.325 33.295 O
876 115 20.077 25.486 33.589 N
877 116 15.803 27.402 35.302 N
878 116 14.810 28.067 34.482 C
879 116 14.075 29.173 35.233 C
880 116 13.815 30.258 34.721 O
881 117 13.721 28.879 36.472 N
882 117 12.976 29.831 37.304 C
883 117 13.858 31.038 37.617 C
884 117 13.392 32.169 37.642 O
885 117 12.374 29.132 38.544 C
886 117 11.501 28.199 38.004 O
887 117 11.577 30.130 39.332 C
888 118 15.157 30.802 37.818 N
889 118 16.067 31.883 38.088 C
890 118 16.163 32.805 36.898 C
891 118 16.209 34.053 36.998 O
892 118 17.425 31.326 38.630 C
893 118 17.205 30.739 39.875 O
894 118 18.504 32.393 38.709 C
895 119 16.184 32.223 35.707 N
896 119 16.253 33.038 34.530 C
897 119 15.011 33.926 34.449 C
898 119 15.055 35.095 34.135 O
899 119 16.504 32.188 33.290 C
900 119 17.963 31.661 33.302 C
901 119 16.225 32.855 31.955 C
902 119 18.135 30.389 32.442 C
903 120 13.875 33.333 34.719 N
904 120 12.631 34.046 34.728 C
905 120 12.693 35.188 35.721 C
906 120 12.341 36.339 35.432 O
907 120 11.392 33.151 35.037 C
908 120 10.088 33.979 35.300 C
909 120 9.493 34.537 34.013 C
910 120 9.103 33.060 36.012 C
911 121 13.063 34.926 36.957 N
912 121 13.148 35.984 37.955 C
913 121 14.046 37.134 37.497 C
914 121 13.774 38.314 37.697 O
915 121 13.550 35.396 39.316 C
916 121 12.392 34.571 39.811 C
917 121 13.887 36.488 40.337 C
918 121 12.861 33.772 41.002 C
919 122 15.156 36.801 36.836 N
920 122 16.038 37.847 36.344 C
921 122 15.353 38.751 35.326 C
922 122 15.600 39.956 35.260 O
923 122 17.366 37.300 35.789 C
924 122 18.244 36.563 36.820 C
925 122 19.045 35.646 36.502 O
926 122 18.015 36.891 38.089 N
927 123 14.475 38.207 34.508 N
928 123 13.700 38.945 33.523 C
929 123 12.667 39.809 34.241 C
930 123 12.447 40.917 33.841 O
931 123 13.030 37.961 32.571 C
932 123 13.957 37.521 31.458 C
933 123 14.637 38.476 30.699 C
934 123 14.130 36.164 31.170 C
935 123 15.437 38.085 29.629 C
936 123 14.923 35.758 30.098 C
937 123 15.602 36.725 29.356 C
938 124 12.050 39.261 35.279 N
939 124 11.094 39.991 36.104 C
940 124 11.779 41.234 36.687 C
941 124 11.263 42.367 36.555 O
942 124 10.366 39.183 37.189 C
943 124 9.573 38.087 36.478 C
944 124 9.428 40.092 38.011 C
945 124 9.260 37.052 37.531 C
946 125 12.958 41.016 37.321 N
947 125 13.702 42.131 37.878 C
948 125 14.061 43.185 36.892 C
949 125 14.092 44.330 37.238 O
950 125 14.932 41.649 38.598 C
951 125 14.420 40.916 39.829 C
952 125 15.509 40.025 40.350 C
953 125 15.291 39.543 41.746 C
954 125 15.961 40.515 42.598 N
955 126 14.413 42.792 35.699 N
956 126 14.757 43.722 34.692 C
957 126 13.580 44.532 34.317 C
958 126 13.732 45.702 34.143 O
959 126 15.232 42.950 33.469 C
960 126 16.423 42.270 33.816 O
961 126 15.412 43.865 32.270 C
962 127 12.419 43.913 34.169 N
963 127 11.202 44.641 33.830 C
964 127 10.802 45.606 34.985 C
965 127 10.309 46.731 34.737 O
966 127 10.050 43.660 33.500 C
967 127 10.345 42.904 32.198 C
968 127 8.691 44.355 33.437 C
969 127 10.704 43.777 31.019 C
970 128 10.992 45.169 36.247 N
971 128 10.649 46.016 37.405 C
972 128 11.437 47.326 37.365 C
973 128 10.947 48.407 37.661 O
974 128 10.905 45.270 38.744 C
975 128 9.968 44.051 38.995 C
976 128 10.084 43.454 40.390 C
977 128 9.210 42.732 40.946 O
978 128 11.288 43.647 40.875 N
979 129 12.694 47.215 36.922 N
980 129 13.561 48.374 36.791 C
981 129 13.209 49.262 35.607 C
982 129 13.290 50.512 35.623 O
983 129 15.051 48.047 36.891 C
984 129 15.462 47.471 38.229 C
985 129 16.819 46.810 38.012 C
986 129 17.045 45.428 38.636 C
987 129 17.762 44.445 37.766 N
988 130 12.847 48.601 34.500 N
989 130 12.515 49.212 33.257 C
990 130 11.184 49.983 33.305 C
991 130 11.041 51.023 32.690 O
992 130 12.581 48.174 32.179 C
993 130 12.294 48.663 30.820 C
994 130 12.493 47.582 29.791 C
995 130 12.461 48.204 28.435 C
996 130 12.609 47.286 27.320 N
997 131 10.208 49.495 34.068 N
998 131 8.905 50.158 34.183 C
999 131 8.418 50.191 35.635 C
1000 131 7.549 49.461 36.112 O
1001 131 7.911 49.299 33.441 C
1002 131 8.151 49.207 32.000 C
1003 131 7.895 50.283 31.159 C
1004 131 8.563 47.992 31.458 C
1005 131 8.078 50.144 29.789 C
1006 131 8.790 47.865 30.093 C
1007 131 8.544 48.942 29.257 C
1008 132 9.050 51.046 36.400 N
1009 132 8.757 51.127 37.805 C
1010 132 7.409 51.779 38.146 C
1011 132 6.980 51.800 39.295 O
1012 132 9.974 51.806 38.416 C
1013 132 10.783 52.407 37.278 C
1014 132 10.168 51.927 35.982 C
1015 133 6.709 52.284 37.145 N
1016 133 5.391 52.859 37.381 C
1017 133 4.298 51.807 37.126 C
1018 133 3.122 52.083 37.234 O
1019 133 5.158 54.067 36.493 C
1020 133 4.775 53.676 35.182 O
1021 134 4.669 50.565 36.744 N
1022 134 3.706 49.478 36.574 C
1023 134 3.447 48.855 37.956 C
1024 134 4.213 48.937 38.929 O
1025 134 4.233 48.296 35.678 C
1026 134 4.310 48.670 34.227 C
1027 134 4.055 49.880 33.628 C
1028 134 4.655 47.768 33.145 C
1029 134 4.263 49.801 32.257 N
1030 134 4.649 48.516 31.950 C
1031 134 5.000 46.404 33.107 C
1032 134 4.928 47.907 30.735 C
1033 134 5.285 45.845 31.909 C
1034 134 5.249 46.586 30.759 C
1035 135 2.340 48.121 38.045 N
1036 135 1.995 47.390 39.237 C
1037 135 2.828 46.114 39.206 C
1038 135 3.448 45.735 38.210 O
1039 135 0.499 47.058 39.334 C
1040 135 0.437 46.015 38.415 O
1041 135 -0.480 48.207 38.992 C
1042 136 2.963 45.495 40.350 N
1043 136 3.768 44.303 40.491 C
1044 136 3.319 43.220 39.549 C
1045 136 4.095 42.533 38.938 O
1046 136 3.823 43.834 41.941 C
1047 136 4.956 42.906 42.282 C
1048 136 5.636 43.334 43.542 C
1049 136 4.739 42.819 44.609 C
1050 136 5.477 42.687 45.859 N
1051 137 2.003 43.049 39.421 N
1052 137 1.433 42.029 38.563 C
1053 137 1.678 42.302 37.090 C
1054 137 1.847 41.382 36.317 O
1055 137 -0.093 41.833 38.822 C
1056 137 -0.438 41.750 40.285 C
1057 137 0.255 40.887 40.971 O
1058 137 -1.243 42.491 40.782 O
1059 138 1.675 43.567 36.718 N
1060 138 1.946 43.939 35.355 C
1061 138 3.402 43.577 35.023 C
1062 138 3.734 43.102 33.912 O
1063 138 1.812 45.473 35.178 C
1064 138 0.298 45.824 35.082 C
1065 138 0.095 47.287 34.744 C
1066 138 -0.518 47.719 33.761 O
1067 138 0.770 48.073 35.508 N
1068 139 4.239 43.816 36.028 N
1069 139 5.676 43.518 35.900 C
1070 139 5.921 42.019 35.691 C
1071 139 6.752 41.612 34.893 O
1072 139 6.558 44.072 37.036 C
1073 139 6.561 45.620 36.993 C
1074 139 6.931 46.224 38.328 C
1075 139 6.854 45.605 39.383 O
1076 139 7.309 47.497 38.315 N
1077 140 5.186 41.215 36.427 N
1078 140 5.226 39.747 36.315 C
1079 140 4.886 39.343 34.875 C
1080 140 5.534 38.524 34.266 O
1081 140 4.243 39.128 37.327 C
1082 140 4.110 37.611 37.272 C
1083 140 5.495 37.001 37.500 C
1084 140 3.147 37.236 38.429 C
1085 141 3.838 39.919 34.335 N
1086 141 3.467 39.679 33.002 C
1087 141 4.581 39.969 32.028 C
1088 141 4.862 39.144 31.147 O
1089 141 2.092 40.266 32.662 C
1090 141 1.496 39.775 31.344 C
1091 141 0.296 40.617 30.859 C
1092 141 -0.423 39.886 29.712 C
1093 141 -1.688 40.464 29.178 N
1094 142 5.153 41.168 32.151 N
1095 142 6.249 41.598 31.289 C
1096 142 7.446 40.665 31.420 C
1097 142 8.088 40.317 30.413 O
1098 143 7.732 40.213 32.652 N
1099 143 8.856 39.275 32.882 C
1100 143 8.675 37.957 32.155 C
1101 143 9.580 37.441 31.526 O
1102 144 7.457 37.441 32.155 N
1103 144 7.121 36.214 31.442 C
1104 144 7.254 36.378 29.934 C
1105 144 7.700 35.525 29.208 O
1106 144 5.685 35.712 31.795 C
1107 144 5.569 35.362 33.264 C
1108 144 5.213 34.596 30.827 C
1109 144 4.129 35.301 33.781 C
1110 145 6.838 37.512 29.366 N
1111 145 6.942 37.796 27.971 C
1112 145 8.418 37.853 27.570 C
1113 145 8.791 37.342 26.499 O
1114 145 6.246 39.136 27.771 C
1115 145 6.038 39.261 26.395 O
1116 146 9.213 38.432 28.464 N
1117 146 10.645 38.567 28.187 C
1118 146 11.389 37.230 28.174 C
1119 146 12.419 37.019 27.505 O
1120 146 11.270 39.456 29.231 C
1121 147 10.871 36.328 28.993 N
1122 147 11.382 34.960 29.078 C
1123 147 11.458 34.400 27.656 C
1124 147 12.333 33.647 27.293 O
1125 147 10.424 34.099 29.948 C
1126 147 10.993 32.710 30.179 C
1127 147 11.921 32.509 31.216 C
1128 147 10.606 31.631 29.400 C
1129 147 12.505 31.271 31.436 C
1130 147 11.162 30.373 29.653 C
1131 147 12.104 30.178 30.656 C
1132 147 12.642 28.914 30.855 O
1133 148 10.470 34.709 26.818 N
1134 148 10.408 34.238 25.450 C
1135 148 11.192 35.097 24.505 C
1136 148 11.879 34.594 23.646 O
1137 148 8.964 34.151 24.884 C
1138 148 8.943 33.727 23.458 C
1139 148 8.705 34.518 22.605 O
1140 148 9.043 32.446 23.166 N
1141 149 11.006 36.409 24.559 N
1142 149 11.617 37.253 23.577 C
1143 149 12.676 38.247 24.020 C
1144 149 13.144 39.009 23.207 O
1145 149 10.494 37.992 22.877 C
1146 150 13.049 38.260 25.253 N
1147 150 14.022 39.192 25.729 C
1148 150 13.361 40.481 26.238 C
1149 150 12.237 40.867 25.860 O
1150 151 14.092 41.135 27.137 N
1151 151 13.629 42.366 27.722 C
1152 151 13.431 43.505 26.748 C
1153 151 12.563 44.360 26.942 O
1154 151 14.270 42.740 29.056 C
1155 152 14.253 43.481 25.722 N
1156 152 14.152 44.503 24.770 C
1157 152 12.838 44.527 24.067 C
1158 152 12.435 45.535 23.497 O
1159 153 12.196 43.368 23.989 N
1160 153 10.943 43.258 23.241 C
1161 153 9.768 43.866 24.020 C
1162 153 8.689 44.048 23.437 O
1163 153 10.620 41.766 22.876 C
1164 153 9.585 41.626 21.752 C
1165 153 9.809 42.130 20.631 O
1166 153 8.409 41.054 22.009 N
1167 154 9.981 44.124 25.317 N
1168 154 8.901 44.672 26.156 C
1169 154 9.037 46.198 26.177 C
1170 154 9.830 46.798 26.859 O
1171 154 8.831 44.035 27.541 C
1172 154 7.717 44.585 28.452 C
1173 154 8.981 42.515 27.454 C
1174 155 8.224 46.849 25.390 N
1175 155 8.311 48.315 25.264 C
1176 155 7.096 49.031 25.824 C
1177 155 7.105 50.213 25.966 O
1178 155 8.493 48.736 23.808 C
1179 155 9.632 48.062 23.092 C
1180 155 9.771 48.570 21.655 C
1181 155 10.374 47.455 20.889 N
1182 155 9.818 47.088 19.728 C
1183 155 8.786 47.864 19.433 N
1184 155 10.200 46.052 18.882 N
1185 156 6.052 48.281 26.102 N
1186 156 4.770 48.721 26.628 C
1187 156 4.013 47.553 27.269 C
1188 156 4.293 46.381 27.038 O
1189 156 3.914 49.217 25.465 C
1190 156 3.325 48.166 24.708 O
1191 157 2.992 47.867 28.028 N
1192 157 2.179 46.835 28.610 C
1193 157 1.250 46.163 27.603 C
1194 157 1.130 44.958 27.509 O
1195 157 1.404 47.405 29.837 C
1196 157 0.626 46.300 30.507 C
1197 157 1.359 45.433 31.318 C
1198 157 -0.739 46.085 30.317 C
1199 157 0.771 44.316 31.899 C
1200 157 -1.356 45.003 30.936 C
1201 157 -0.606 44.150 31.743 C
1202 157 -1.221 43.088 32.350 O
1203 158 0.543 46.955 26.795 N
1204 158 -0.449 46.513 25.864 C
1205 158 0.042 45.677 24.726 C
1206 158 -0.720 44.815 24.326 O
1207 158 -1.227 47.673 25.262 C
1208 159 1.248 45.946 24.185 N
1209 159 1.709 45.192 23.029 C
1210 159 2.929 44.315 23.319 C
1211 159 3.616 43.851 22.362 O
1212 159 2.081 46.222 21.924 C
1213 159 0.874 46.897 21.226 C
1214 159 1.168 48.219 20.471 C
1215 159 1.907 49.169 21.321 N
1216 159 1.312 49.949 22.231 C
1217 159 -0.008 50.011 22.395 N
1218 159 2.018 50.734 22.999 N
1219 160 3.199 44.031 24.605 N
1220 160 4.384 43.261 25.009 C
1221 160 4.549 41.961 24.266 C
1222 160 5.673 41.617 23.908 O
1223 160 4.380 43.053 26.511 C
1224 160 3.352 42.032 27.007 C
1225 160 3.599 41.642 28.731 S
1226 160 3.466 43.216 29.533 C
1227 161 3.423 41.248 24.015 N
1228 161 3.504 39.932 23.388 C
1229 161 3.701 39.963 21.913 C
1230 161 4.007 38.937 21.358 O
1231 161 2.331 39.025 23.703 C
1232 161 2.415 38.278 25.010 C
1233 161 3.576 38.089 25.614 O
1234 161 1.424 37.703 25.396 O
1235 162 3.589 41.119 21.265 N
1236 162 3.869 41.155 19.821 C
1237 162 5.367 40.965 19.625 C
1238 162 6.197 41.598 20.284 O
1239 162 3.295 42.382 19.178 C
1240 162 1.762 42.261 19.332 C
1241 162 3.545 42.379 17.682 C
1242 162 1.161 43.618 19.031 C
1243 163 5.657 39.997 18.788 N
1244 163 7.051 39.680 18.615 C
1245 163 7.478 38.427 19.369 C
1246 163 8.555 37.872 19.156 O
1247 164 6.674 37.980 20.335 N
1248 164 6.967 36.755 21.000 C
1249 164 6.443 35.647 20.029 C
1250 164 5.687 35.840 19.052 O
1251 164 6.161 36.630 22.308 C
1252 164 4.764 36.505 22.086 O
1253 164 6.558 37.535 23.419 C
1254 165 6.802 34.367 20.325 N
1255 165 6.326 33.216 19.545 C
1256 165 4.792 33.217 19.540 C
1257 165 4.185 33.191 20.586 O
1258 165 6.858 31.885 20.120 C
1259 165 8.265 32.005 20.119 O
1260 165 6.437 30.712 19.218 C
1261 166 4.203 33.242 18.374 N
1262 166 2.747 33.293 18.184 C
1263 166 2.097 34.584 18.639 C
1264 166 0.865 34.627 18.662 O
1265 166 1.976 32.138 18.827 C
1266 166 2.440 30.835 18.328 C
1267 166 2.279 29.714 19.114 N
1268 166 3.053 30.554 17.144 C
1269 166 2.824 28.766 18.378 C
1270 166 3.304 29.225 17.217 N
1271 167 2.890 35.588 18.993 N
1272 167 2.395 36.864 19.464 C
1273 167 1.499 36.738 20.681 C
1274 167 0.586 37.571 20.848 O
1275 167 1.694 37.735 18.430 C
1276 167 2.555 38.142 17.264 C
1277 167 3.793 38.343 17.473 O
1278 167 2.149 38.170 16.153 O
1279 168 1.788 35.742 21.553 N
1280 168 0.889 35.519 22.703 C
1281 168 1.487 34.926 23.914 C
1282 168 0.753 34.446 24.777 O
1283 168 -0.252 34.555 22.239 C
1284 168 0.176 33.151 21.899 C
1285 168 1.455 32.898 22.015 O
1286 168 -0.574 32.264 21.635 O
1287 169 2.824 34.923 23.925 N
1288 169 3.522 34.255 24.955 C
1289 169 2.986 34.349 26.385 C
1290 169 2.556 33.367 27.048 O
1291 169 5.082 34.282 24.781 C
1292 169 5.835 33.291 25.677 C
1293 169 6.155 33.581 27.013 C
1294 169 6.163 32.012 25.201 C
1295 169 6.768 32.643 27.842 C
1296 169 6.806 31.074 26.013 C
1297 169 7.089 31.379 27.335 C
1298 169 7.761 30.518 28.151 O
1299 170 3.119 35.547 26.902 N
1300 170 2.735 35.778 28.275 C
1301 170 1.214 35.644 28.503 C
1302 170 0.805 35.141 29.548 O
1303 170 3.137 37.163 28.745 C
1304 171 0.421 36.126 27.551 N
1305 171 -1.049 36.004 27.689 C
1306 171 -1.438 34.518 27.835 C
1307 171 -2.184 34.084 28.718 O
1308 171 -1.707 36.635 26.454 C
1309 171 -1.952 38.120 26.617 C
1310 171 -2.481 38.633 27.580 O
1311 171 -1.294 38.829 25.759 N
1312 172 -0.876 33.724 26.963 N
1313 172 -1.108 32.270 27.028 C
1314 172 -0.651 31.661 28.337 C
1315 172 -1.358 30.968 29.095 O
1316 172 -0.478 31.555 25.813 C
1317 172 -0.707 30.067 25.659 C
1318 172 -1.754 29.524 26.275 O
1319 172 0.082 29.384 25.079 O
1320 173 0.659 31.839 28.658 N
1321 173 1.218 31.348 29.901 C
1322 173 0.439 31.721 31.126 C
1323 173 0.197 30.936 32.036 O
1324 173 2.742 31.621 30.059 C
1325 173 3.208 31.401 31.456 C
1326 173 3.531 30.877 29.003 C
1327 174 0.053 32.984 31.185 N
1328 174 -0.739 33.455 32.325 C
1329 174 -2.107 32.720 32.413 C
1330 174 -2.478 32.340 33.562 O
1331 174 -0.925 35.014 32.289 C
1332 174 -2.070 35.595 33.192 C
1333 174 0.417 35.692 32.613 C
1334 175 -2.736 32.510 31.255 N
1335 175 -4.031 31.811 31.261 C
1336 175 -3.853 30.356 31.746 C
1337 175 -4.645 29.839 32.569 O
1338 175 -4.712 31.933 29.908 C
1339 176 -2.752 29.703 31.267 N
1340 176 -2.432 28.341 31.688 C
1341 176 -2.164 28.277 33.184 C
1342 176 -2.607 27.368 33.905 O
1343 176 -1.288 27.733 30.906 C
1344 176 -1.582 27.688 29.449 C
1345 176 -0.557 26.851 28.756 C
1346 176 -0.590 27.073 27.343 N
1347 176 -0.057 26.283 26.430 C
1348 176 0.578 25.151 26.712 N
1349 176 -0.112 26.614 25.173 N
1350 177 -1.405 29.263 33.677 N
1351 177 -1.060 29.423 35.053 C
1352 177 -2.309 29.594 35.904 C
1353 177 -2.376 29.034 36.989 O
1354 177 -0.062 30.527 35.313 C
1355 178 -3.281 30.359 35.415 N
1356 178 -4.515 30.521 36.199 C
1357 178 -5.276 29.176 36.388 C
1358 178 -5.788 28.909 37.456 O
1359 178 -5.390 31.611 35.605 C
1360 178 -4.854 33.037 35.726 C
1361 178 -5.609 34.098 34.941 C
1362 178 -6.433 33.816 34.050 O
1363 178 -5.145 35.316 35.175 N
1364 179 -5.278 28.340 35.349 N
1365 179 -5.818 26.985 35.395 C
1366 179 -5.058 26.196 36.503 C
1367 179 -5.607 25.616 37.467 O
1368 179 -5.686 26.286 34.032 C
1369 179 -6.130 24.845 34.113 C
1370 179 -7.474 24.476 33.992 C
1371 179 -5.193 23.847 34.375 C
1372 179 -7.840 23.137 34.164 C
1373 179 -5.537 22.507 34.497 C
1374 179 -6.889 22.152 34.423 C
1375 179 -7.242 20.831 34.562 O
1376 180 -3.698 26.185 36.421 N
1377 180 -2.906 25.511 37.439 C
1378 180 -3.177 25.908 38.862 C
1379 180 -3.203 25.093 39.741 O
1380 180 -1.414 25.324 37.094 C
1381 180 -1.221 24.534 35.838 C
1382 180 -1.616 23.197 35.714 C
1383 180 -0.619 25.086 34.710 C
1384 180 -1.477 22.478 34.533 C
1385 180 -0.465 24.406 33.508 C
1386 180 -0.881 23.072 33.424 C
1387 180 -0.770 22.394 32.244 O
1388 181 -3.297 27.201 39.068 N
1389 181 -3.518 27.750 40.391 C
1390 181 -4.781 27.119 40.986 C
1391 181 -4.831 26.788 42.146 O
1392 181 -3.580 29.269 40.277 C
1393 181 -3.454 29.856 41.659 C
1394 181 -2.673 31.140 41.701 C
1395 181 -2.271 31.423 43.125 C
1396 181 -2.172 32.862 43.251 N
1397 182 -5.763 26.925 40.121 N
1398 182 -7.041 26.317 40.479 C
1399 182 -6.928 24.855 40.872 C
1400 182 -7.829 24.286 41.454 O
1401 182 -7.825 26.246 39.172 C
1402 182 -9.296 26.595 39.290 C
1403 182 -10.132 25.728 38.366 C
1404 182 -10.584 26.165 37.310 O
1405 182 -10.303 24.462 38.716 N
1406 183 -5.828 24.230 40.476 N
1407 183 -5.521 22.817 40.661 C
1408 183 -4.419 22.527 41.654 C
1409 183 -3.649 21.579 41.550 O
1410 183 -5.258 22.131 39.286 C
1411 183 -6.496 22.081 38.459 C
1412 183 -7.236 20.926 38.396 N
1413 183 -7.160 23.061 37.773 C
1414 183 -8.282 21.259 37.634 C
1415 183 -8.294 22.542 37.244 N
1416 184 -4.306 23.408 42.620 N
1417 184 -3.378 23.280 43.710 C
1418 184 -1.948 23.629 43.431 C
1419 184 -1.081 23.259 44.200 O
1420 185 -1.667 24.305 42.338 N
1421 185 -0.283 24.614 42.212 C
1422 185 0.000 25.933 42.899 C
1423 185 0.977 26.147 43.638 O
1424 185 0.082 24.707 40.741 C
1425 185 0.272 23.384 40.112 C
1426 185 -0.826 22.577 39.816 C
1427 185 1.571 22.993 39.794 C
1428 185 -0.610 21.318 39.264 C
1429 185 1.797 21.754 39.196 C
1430 185 0.697 20.938 38.951 C
1431 185 0.911 19.691 38.450 O
1432 185 -0.485 26.946 42.473 O
