1292 3067
0 2
0 3
0 4
1 3
1 5
1 8
1 42
2 4
2 5
2 9
3 8
3 9
4 6
4 7
5 7
5 1251
5 1254
8 10
8 11
8 12
8 13
9 11
9 13
9 14
9 16
10 12
10 13
10 14
10 17
10 18
11 14
11 16
11 17
11 18
11 24
11 44
12 14
12 15
12 16
14 15
14 24
14 35
16 18
16 20
16 22
16 24
17 19
17 21
17 22
17 23
17 24
18 20
18 21
18 22
18 25
18 26
19 24
19 25
19 26
19 52
20 23
21 22
24 26
24 28
24 29
24 35
25 27
25 29
25 35
26 28
26 36
26 37
26 44
27 35
27 36
27 37
27 60
28 30
28 31
28 35
29 32
29 33
29 34
30 31
30 33
30 34
31 32
31 34
32 33
35 37
35 39
35 40
35 44
36 38
36 40
36 44
37 39
37 45
37 46
38 39
38 44
38 45
38 46
38 71
39 41
39 42
39 44
40 42
40 43
42 43
44 46
44 48
44 52
45 47
45 49
45 52
46 48
46 49
46 53
46 54
47 52
47 53
47 54
47 79
48 50
48 52
49 51
52 54
52 56
52 60
53 55
53 57
53 59
53 60
54 56
54 61
54 62
55 60
55 61
55 62
55 87
56 58
56 59
58 59
60 62
60 64
60 71
61 63
61 65
61 71
62 64
62 65
62 72
62 73
63 65
63 69
63 71
63 72
63 73
63 96
64 66
65 67
65 68
65 69
66 68
66 69
67 69
67 70
69 70
71 73
71 75
71 76
71 79
72 74
72 76
72 77
72 79
73 75
73 77
73 80
73 81
74 77
74 79
74 80
74 81
75 78
75 79
76 77
79 81
79 83
79 84
79 87
80 82
80 84
80 85
80 87
81 83
81 88
82 83
82 87
82 88
83 85
83 86
85 86
85 1171
85 1172
85 1174
86 790
86 1282
87 89
87 91
87 92
87 96
88 90
88 92
88 93
88 94
88 96
89 91
89 97
89 98
89 99
90 91
90 96
90 97
91 93
91 94
92 94
92 95
94 95
95 1148
95 1149
96 98
96 99
97 99
97 100
98 101
99 100
99 101
100 102
100 103
100 104
101 103
101 105
101 106
101 108
102 104
102 105
102 109
103 104
103 108
103 109
104 106
104 107
106 107
108 110
108 111
108 112
108 113
108 235
109 111
109 113
109 119
110 112
110 120
111 112
111 119
111 120
111 232
111 233
112 114
113 115
114 116
114 117
115 117
115 118
117 118
119 121
119 123
119 124
119 127
120 122
120 124
120 126
120 127
121 123
121 128
122 123
122 127
122 128
122 446
123 125
123 126
125 126
127 129
127 130
127 131
128 130
128 132
128 136
129 131
129 132
129 137
129 138
129 139
130 136
130 137
130 138
130 139
131 133
132 134
133 135
136 138
136 139
136 140
136 141
137 139
137 141
137 142
137 144
138 140
138 142
138 145
139 140
139 144
139 145
140 143
141 142
142 143
142 144
144 146
144 147
144 148
144 149
144 220
145 147
145 149
145 156
146 148
146 149
146 157
147 156
147 157
147 217
147 220
148 150
148 151
148 156
149 152
149 153
149 154
150 151
150 153
150 154
151 152
151 154
152 153
152 155
153 155
155 223
156 158
156 159
156 160
157 159
157 161
157 165
158 160
158 166
158 167
158 168
159 160
159 165
159 166
159 167
159 168
160 162
161 163
162 164
165 167
165 168
165 169
165 170
165 171
165 196
166 168
166 170
166 171
166 173
167 169
167 170
167 171
167 174
167 175
167 180
168 173
168 174
168 175
168 180
168 189
169 171
169 172
169 173
171 172
171 180
171 189
171 193
173 175
173 177
173 178
173 179
173 180
174 176
174 178
174 179
174 180
175 177
175 178
175 181
176 177
176 180
176 181
178 179
178 180
180 182
180 184
180 185
180 189
181 183
181 185
181 187
181 189
182 184
182 190
183 184
183 189
183 190
184 186
184 187
185 187
185 188
187 188
187 1073
188 1072
189 191
189 193
190 192
190 193
191 194
192 193
192 194
193 195
193 196
193 197
193 198
194 196
194 198
194 199
194 205
195 197
195 206
195 207
196 197
196 205
196 206
196 207
196 222
197 199
197 200
197 205
198 201
198 202
198 203
199 200
199 202
199 203
200 201
200 203
201 202
201 204
202 204
205 207
205 208
205 209
205 210
206 208
206 210
206 211
206 217
207 209
207 218
207 222
208 209
208 217
208 218
208 266
209 211
209 212
210 213
210 214
210 215
211 212
211 214
211 215
212 213
212 215
213 214
213 216
214 216
217 219
217 220
217 221
217 222
218 220
218 222
218 223
218 224
219 221
219 223
219 225
220 224
220 225
221 224
222 223
223 224
224 226
224 227
224 228
224 230
224 251
225 227
225 229
225 230
225 232
226 228
226 229
226 230
226 233
226 234
227 230
227 232
227 233
227 234
227 248
228 231
228 232
229 230
229 232
232 234
232 235
233 235
233 236
234 237
235 236
235 237
236 238
236 240
236 241
236 244
237 239
237 241
237 242
237 244
238 240
238 242
238 245
238 246
239 240
239 242
239 244
239 245
239 246
240 243
241 242
244 246
244 248
245 247
245 248
246 249
247 248
247 249
248 250
248 251
248 252
249 251
249 253
249 258
250 252
250 253
250 259
250 260
251 252
251 258
251 259
251 260
252 254
252 255
253 256
253 257
254 255
254 257
254 552
254 553
255 256
258 260
258 261
258 262
259 261
259 263
259 264
259 266
260 262
260 263
260 267
261 262
261 266
261 267
262 264
262 265
264 265
266 268
266 270
266 271
266 274
267 269
267 271
267 273
267 274
268 270
268 275
269 274
269 275
270 272
270 273
270 274
272 273
274 276
274 277
274 278
274 280
275 277
275 279
275 280
275 281
276 278
276 279
276 280
276 282
277 281
277 282
278 281
279 280
279 281
279 290
281 283
281 285
281 286
281 290
282 284
282 286
282 290
283 285
283 291
283 292
284 285
284 290
284 291
284 292
285 287
286 288
287 289
290 292
290 293
290 294
291 293
291 295
291 296
291 302
292 294
292 295
292 297
292 298
292 302
292 303
293 294
293 295
293 296
293 297
293 298
293 303
294 296
295 296
295 303
296 298
296 300
296 301
296 303
297 299
297 301
297 302
297 303
298 300
298 304
299 300
299 303
299 304
300 302
303 305
303 306
303 307
304 306
304 308
304 309
305 307
305 308
305 310
305 311
305 317
306 307
306 309
306 310
306 311
306 317
306 325
306 330
308 309
308 317
308 325
309 311
309 313
309 317
310 312
310 314
310 315
310 317
311 313
311 314
311 318
311 319
312 313
312 314
312 317
312 318
312 319
312 330
312 335
313 315
313 316
315 316
317 319
317 321
317 322
317 325
318 320
318 322
318 323
318 325
319 321
319 326
319 327
319 330
320 321
320 325
320 326
320 327
320 344
321 323
321 324
321 325
323 324
325 327
325 329
325 330
326 328
326 330
327 329
327 331
327 332
328 330
328 331
328 350
330 332
330 334
330 335
331 333
331 335
332 334
332 336
332 337
332 344
333 335
333 336
333 337
333 359
334 335
335 337
335 339
335 340
335 344
336 338
336 340
336 344
337 339
337 345
337 346
338 344
338 345
338 346
338 359
338 367
339 341
339 344
340 342
341 343
343 433
344 346
344 348
344 350
345 347
345 349
345 350
346 348
346 349
346 351
346 352
346 359
347 350
347 351
347 352
347 375
348 350
350 352
350 354
350 355
350 359
351 353
351 355
351 356
351 359
352 354
352 360
352 361
353 359
353 360
353 361
353 384
354 356
354 357
354 359
355 357
355 358
357 358
357 382
357 383
359 361
359 363
359 367
360 362
360 364
360 365
360 367
361 363
361 364
361 368
361 369
361 375
362 367
362 368
362 369
362 384
362 389
363 365
363 366
363 367
365 366
367 369
367 371
367 372
367 373
367 375
368 370
368 372
368 373
368 375
369 371
369 376
369 377
370 375
370 376
370 377
370 397
371 373
371 374
371 375
373 374
373 420
373 425
375 377
375 379
375 384
376 378
376 380
376 384
377 379
377 380
377 385
377 386
378 384
378 385
378 386
379 381
379 382
379 384
380 382
381 383
384 386
384 388
384 389
385 387
385 389
386 388
386 390
387 389
387 390
388 389
389 391
389 393
389 394
389 397
390 392
390 394
390 395
390 396
390 397
391 393
391 395
391 398
392 393
392 395
392 397
392 398
393 396
394 395
395 396
397 399
397 401
398 400
398 401
399 402
399 405
400 401
400 402
400 405
401 403
401 404
401 405
401 406
402 404
402 406
402 412
403 405
403 406
403 413
403 414
404 412
404 413
404 420
405 407
405 412
406 408
407 409
407 410
408 410
408 411
408 486
410 411
411 485
412 414
412 415
412 416
413 415
413 417
413 418
413 419
413 420
414 416
414 421
415 416
415 420
415 421
416 418
416 419
418 419
420 422
420 424
420 425
420 426
420 427
421 423
421 425
421 426
421 427
422 424
422 425
422 428
422 429
422 431
422 435
423 424
423 427
423 428
423 429
423 431
423 435
423 439
425 426
425 427
425 435
427 429
427 431
427 435
428 430
428 432
428 433
428 435
429 431
429 436
430 431
430 432
430 435
430 436
431 433
431 434
433 434
435 437
435 439
436 438
436 439
437 440
438 439
438 440
439 441
439 442
439 443
439 445
440 442
440 444
440 445
440 446
441 443
441 444
441 447
442 443
442 446
442 447
444 445
444 446
446 448
446 449
446 450
446 451
446 452
447 449
447 451
447 452
447 454
448 450
448 451
448 455
449 454
449 455
450 453
450 454
451 452
452 453
454 456
454 457
454 458
454 459
454 460
454 485
455 457
455 459
455 460
455 461
456 458
456 459
456 462
456 463
457 461
457 462
457 463
457 478
457 487
458 461
459 460
461 463
461 465
461 470
462 464
462 466
462 470
463 465
463 466
463 471
463 472
464 470
464 471
464 472
464 487
464 492
465 467
465 470
466 468
467 469
468 500
470 472
470 474
470 475
470 476
470 478
471 473
471 475
471 476
471 478
472 474
472 479
472 480
473 478
473 479
473 480
473 501
474 476
474 477
474 478
476 477
478 480
478 482
478 483
478 487
479 481
479 483
479 487
480 482
480 488
480 489
481 487
481 488
481 489
481 501
481 510
482 484
482 485
482 487
483 485
483 486
485 486
487 489
487 491
487 492
488 490
488 492
489 491
489 493
489 494
489 501
490 492
490 493
490 494
490 518
491 492
492 494
492 496
492 497
492 501
493 495
493 497
493 501
494 496
494 502
494 503
495 501
495 502
495 503
495 529
496 498
496 499
497 499
497 500
499 500
501 503
501 505
501 510
502 504
502 506
502 510
503 505
503 506
503 511
503 512
503 518
504 510
504 511
504 512
504 537
505 507
505 510
506 508
507 509
510 512
510 514
510 515
510 518
511 513
511 515
511 517
511 518
512 514
512 519
512 520
513 518
513 519
513 520
513 537
513 546
513 551
514 516
514 517
514 518
516 517
518 520
518 522
518 529
519 521
519 523
519 524
519 529
520 522
520 523
520 530
520 531
520 537
521 529
521 530
521 531
521 546
521 554
522 524
522 525
522 529
523 526
523 527
523 528
524 525
524 527
524 528
525 526
525 528
526 527
529 531
529 533
529 537
530 532
530 534
530 535
530 537
531 533
531 538
531 539
532 537
532 538
532 539
532 561
533 535
533 536
533 537
535 536
537 539
537 541
537 542
537 546
538 540
538 542
538 546
539 541
539 547
539 548
540 541
540 546
540 547
540 548
540 569
541 543
541 545
541 546
542 544
542 545
544 545
546 548
546 550
546 551
546 554
547 549
547 551
547 552
547 554
548 550
548 555
548 556
549 554
549 555
549 556
549 574
550 552
550 553
552 553
554 556
554 558
554 560
554 561
555 557
555 559
555 560
555 561
556 558
556 559
556 562
556 563
557 561
557 562
557 563
557 574
557 579
558 561
559 560
561 563
561 565
561 569
562 564
562 566
562 567
562 569
563 565
563 570
563 571
564 569
564 570
564 571
564 586
565 567
565 568
567 568
569 571
569 573
569 574
570 572
570 574
571 573
571 575
571 576
572 574
572 575
572 576
572 597
573 574
574 576
574 578
574 579
575 577
575 579
576 578
576 580
576 581
577 579
577 580
577 581
577 582
577 597
577 601
578 579
579 581
579 583
579 585
579 586
580 582
580 584
580 585
580 586
581 583
581 584
581 587
581 588
582 586
582 587
582 588
582 609
583 586
584 585
586 588
586 590
586 591
586 597
587 589
587 591
587 592
587 597
588 590
588 598
588 599
589 597
589 598
589 599
589 617
590 592
590 593
591 593
592 594
592 595
593 595
593 596
595 596
597 599
597 601
598 600
598 601
599 602
599 603
600 601
600 602
600 603
600 628
601 603
601 605
601 606
601 609
602 604
602 606
602 607
602 609
603 605
603 607
603 610
603 611
603 617
604 609
604 610
604 611
604 628
605 608
605 609
606 607
607 608
609 611
609 613
609 614
609 617
610 612
610 614
610 617
611 613
611 618
612 613
612 617
612 618
612 664
613 615
613 616
615 616
617 619
617 621
617 628
618 620
618 622
618 628
619 621
619 629
620 621
620 628
620 629
621 623
622 624
623 625
623 626
624 626
624 627
626 627
628 630
628 631
628 632
629 631
629 633
629 634
629 636
630 632
630 633
630 634
630 637
630 638
630 641
631 632
631 636
631 637
631 638
631 658
631 662
632 634
632 635
634 635
634 641
634 650
635 843
635 846
636 638
636 640
636 641
637 639
637 641
638 640
638 642
639 640
639 641
639 642
639 673
641 643
641 645
641 646
641 650
642 644
642 646
642 650
643 645
643 651
644 645
644 650
644 651
645 647
645 650
646 648
646 649
647 649
650 652
650 654
650 655
650 658
651 653
651 655
651 657
651 658
652 654
652 659
652 660
653 658
653 659
653 660
653 674
653 681
654 656
654 657
654 658
656 657
658 660
658 662
658 667
658 673
659 661
659 663
659 667
659 673
660 662
660 663
660 668
660 669
660 673
660 674
661 663
661 667
661 668
661 669
661 693
662 664
662 667
663 665
663 666
664 666
666 700
667 669
667 671
667 672
667 674
668 670
668 672
668 673
668 674
669 671
669 675
669 676
670 674
670 675
670 676
670 701
671 673
674 676
674 678
674 680
674 681
675 677
675 679
675 680
675 681
676 678
676 679
676 682
676 683
677 681
677 682
677 683
677 701
677 706
678 681
679 680
681 683
681 685
681 693
682 684
682 686
682 693
683 685
683 686
683 694
683 695
683 701
684 693
684 694
684 695
684 707
684 753
685 687
685 688
685 693
686 689
686 690
686 691
687 688
687 690
687 691
688 689
688 691
689 690
689 692
690 692
693 695
693 697
693 701
694 696
694 698
694 699
694 701
695 697
695 702
695 703
696 697
696 701
696 702
696 756
697 699
697 700
697 701
699 700
701 703
701 705
701 706
701 707
702 704
702 706
702 707
703 705
703 706
703 708
704 705
704 707
704 708
704 967
707 709
707 710
707 711
707 712
708 710
708 712
708 715
709 711
709 716
709 717
709 718
710 715
710 716
710 753
711 713
711 714
711 715
713 714
715 717
715 718
715 719
715 720
715 721
716 718
716 720
716 721
716 723
717 719
717 720
717 722
717 724
717 725
718 723
718 724
718 725
718 746
719 721
719 722
719 723
721 722
721 744
722 735
723 725
723 727
723 728
724 726
724 728
725 727
725 729
725 730
726 728
726 729
726 730
728 730
728 732
728 734
728 735
729 731
729 733
729 734
729 735
730 732
730 733
730 736
730 737
730 746
731 735
731 736
731 737
731 757
732 735
733 734
735 737
735 739
735 740
735 746
736 738
736 740
736 746
737 739
737 747
737 748
737 757
738 739
738 746
738 747
738 748
738 762
738 767
739 741
740 742
741 743
741 744
742 744
742 745
742 1207
744 745
746 748
746 750
746 751
746 757
747 749
747 751
747 757
748 750
748 758
748 759
749 757
749 758
749 759
749 767
749 775
749 780
750 752
750 757
751 753
752 754
752 755
753 755
753 756
755 756
757 759
757 761
757 762
758 760
758 762
759 761
759 763
759 764
760 762
760 763
760 764
760 783
762 764
762 766
762 767
763 765
763 767
764 766
764 768
764 769
765 767
765 768
765 769
765 791
766 767
767 769
767 771
767 775
768 770
768 772
768 773
768 775
769 771
769 772
769 776
769 777
770 775
770 776
770 777
770 799
771 773
771 774
773 774
775 777
775 779
775 780
775 783
776 778
776 780
776 781
776 783
777 779
777 781
777 784
777 785
778 783
778 784
778 785
778 786
778 799
778 806
779 782
780 781
781 782
783 785
783 787
783 791
784 786
784 788
784 789
784 791
785 787
785 788
785 789
785 792
785 793
786 789
786 791
786 792
786 793
786 817
787 789
787 790
787 791
789 790
789 1149
791 793
791 795
791 799
792 794
792 796
792 799
793 795
793 800
793 801
794 799
794 800
794 801
794 826
795 797
795 799
796 798
799 801
799 803
799 805
799 806
800 802
800 804
800 805
800 806
801 803
801 804
801 807
801 808
801 817
802 804
802 806
802 807
802 808
802 834
804 805
806 808
806 810
806 817
807 809
807 811
807 817
808 810
808 811
808 818
808 819
809 817
809 818
809 819
810 812
810 813
810 817
811 814
811 815
811 816
812 813
812 815
812 816
813 814
813 816
814 815
817 819
817 821
817 826
818 820
818 822
818 826
819 821
819 822
819 827
820 822
820 826
820 827
821 823
821 824
821 826
822 824
822 825
824 825
824 1082
826 828
826 830
826 831
826 834
827 829
827 831
827 834
828 830
828 831
828 835
828 836
828 837
829 830
829 834
829 835
829 836
829 837
830 832
830 833
831 833
833 1080
834 836
834 837
835 837
835 838
836 839
836 840
837 838
837 839
837 840
837 854
837 858
838 840
838 842
838 847
839 841
839 843
839 847
840 842
840 843
840 848
840 849
841 847
841 848
841 849
841 865
842 844
842 845
843 845
843 846
845 846
847 849
847 851
847 852
847 854
848 850
848 852
848 853
848 854
849 851
849 853
849 855
849 856
850 854
850 855
850 856
850 857
850 870
851 854
852 853
854 856
854 858
855 857
855 858
856 859
856 860
857 858
857 859
857 860
857 870
858 860
858 862
858 864
858 865
859 861
859 863
859 864
859 865
860 862
860 863
860 866
860 867
860 870
861 865
861 866
861 867
861 870
861 874
863 864
865 867
865 869
865 870
866 868
866 870
867 869
867 871
868 869
868 870
868 871
870 872
870 874
871 873
871 874
872 875
872 876
872 885
873 874
873 875
873 885
874 876
874 878
874 885
875 877
875 879
875 885
876 878
876 886
876 887
877 878
877 885
877 886
877 887
877 892
877 900
877 906
878 880
878 881
879 882
879 883
879 884
880 881
880 883
880 884
881 882
881 884
882 883
885 887
885 889
885 890
885 892
886 888
886 890
886 891
886 892
887 889
887 891
887 893
887 894
888 891
888 892
888 893
888 894
889 892
890 891
892 894
892 896
892 897
892 898
892 900
893 895
893 897
893 898
893 900
894 896
894 901
894 902
895 900
895 901
895 902
895 925
896 898
896 899
898 899
898 923
900 902
900 904
900 905
900 906
901 903
901 905
901 906
902 904
902 907
902 908
903 906
903 907
903 908
903 925
903 933
904 906
905 1033
906 908
906 910
906 911
906 914
907 909
907 911
907 913
907 914
908 910
908 915
908 916
909 914
909 915
909 916
909 941
910 912
910 913
910 914
912 913
914 916
914 918
914 925
915 917
915 919
915 925
916 918
916 919
916 926
916 927
917 925
917 926
917 927
917 950
917 955
918 920
918 925
919 921
920 922
920 923
921 923
921 924
923 924
925 927
925 929
925 930
925 933
926 928
926 930
926 933
927 929
927 934
927 935
928 929
928 933
928 934
928 935
928 950
928 959
928 968
929 931
930 932
933 935
933 937
933 938
933 941
934 936
934 938
934 940
934 941
935 937
935 942
935 943
935 950
936 941
936 942
936 943
936 950
936 959
937 939
937 940
937 941
939 940
941 943
941 945
941 950
942 944
942 946
942 950
943 945
943 946
943 951
943 952
943 959
944 950
944 951
945 947
945 948
946 948
946 949
948 949
950 952
950 954
950 955
950 959
951 953
951 955
951 959
952 954
952 960
952 961
952 963
953 954
953 959
953 960
953 961
953 963
954 956
954 957
954 958
955 957
955 958
957 958
957 977
959 961
959 963
959 964
959 968
960 962
960 964
960 968
961 963
961 969
962 963
962 968
962 969
963 965
964 966
965 967
968 970
968 971
968 972
968 973
968 979
969 971
969 973
969 979
970 972
970 980
970 981
971 972
971 979
971 980
971 981
971 1010
972 974
973 975
974 976
974 977
975 977
975 978
977 978
979 981
979 983
979 984
979 993
980 982
980 984
980 993
981 983
981 994
981 995
982 993
982 994
982 995
982 1015
983 985
983 986
983 993
984 987
984 988
984 989
985 986
985 988
986 987
986 990
986 991
986 992
987 990
988 989
988 991
988 992
989 990
989 992
990 991
993 995
993 997
993 998
993 999
993 1001
994 996
994 998
994 999
994 1001
995 997
995 1002
995 1003
996 1001
996 1002
996 1003
996 1020
997 999
997 1000
999 1000
1001 1003
1001 1005
1001 1006
1001 1010
1002 1004
1002 1006
1002 1010
1003 1005
1003 1011
1003 1012
1003 1015
1004 1005
1004 1010
1004 1011
1004 1012
1004 1027
1005 1007
1005 1008
1005 1010
1006 1008
1006 1009
1008 1009
1010 1012
1010 1014
1010 1015
1011 1013
1011 1015
1012 1014
1012 1016
1012 1017
1013 1015
1013 1016
1013 1017
1013 1035
1014 1015
1015 1017
1015 1019
1015 1020
1016 1018
1016 1020
1017 1019
1017 1021
1017 1022
1018 1020
1018 1021
1018 1022
1019 1020
1020 1022
1020 1024
1020 1026
1020 1027
1021 1023
1021 1025
1021 1026
1021 1027
1022 1024
1022 1025
1022 1028
1022 1029
1023 1025
1023 1027
1023 1028
1023 1029
1024 1027
1025 1026
1027 1029
1027 1031
1027 1035
1028 1030
1028 1032
1028 1034
1028 1035
1029 1031
1029 1032
1029 1036
1029 1037
1029 1043
1030 1035
1030 1036
1030 1037
1030 1048
1031 1033
1031 1034
1033 1034
1035 1037
1035 1039
1035 1043
1036 1038
1036 1040
1036 1043
1037 1039
1037 1044
1038 1039
1038 1043
1038 1044
1038 1062
1039 1041
1039 1042
1041 1042
1043 1045
1043 1047
1043 1048
1044 1046
1044 1048
1045 1047
1045 1049
1045 1050
1045 1057
1046 1047
1046 1048
1046 1049
1046 1057
1048 1050
1048 1052
1048 1053
1048 1057
1049 1051
1049 1053
1049 1057
1050 1052
1050 1058
1050 1061
1051 1052
1051 1057
1051 1058
1052 1054
1053 1055
1054 1056
1057 1059
1057 1060
1057 1061
1057 1062
1058 1060
1058 1062
1058 1063
1059 1061
1059 1062
1059 1064
1059 1065
1059 1074
1060 1062
1060 1063
1060 1064
1060 1065
1060 1100
1060 1106
1061 1063
1062 1088
1063 1065
1063 1067
1063 1074
1064 1066
1064 1068
1064 1074
1065 1067
1065 1068
1065 1075
1065 1076
1066 1068
1066 1074
1066 1075
1066 1076
1066 1100
1066 1108
1067 1069
1067 1074
1068 1070
1069 1071
1069 1072
1070 1072
1070 1073
1072 1073
1074 1076
1074 1078
1074 1088
1075 1077
1075 1079
1075 1088
1076 1078
1076 1079
1076 1089
1076 1090
1077 1088
1077 1089
1077 1090
1077 1117
1077 1122
1078 1080
1078 1081
1078 1088
1079 1082
1079 1083
1079 1084
1080 1081
1080 1083
1081 1082
1081 1085
1081 1086
1081 1087
1082 1085
1083 1084
1083 1086
1083 1087
1084 1085
1084 1087
1085 1086
1088 1090
1088 1092
1088 1100
1089 1091
1089 1093
1089 1100
1090 1092
1090 1093
1090 1101
1090 1102
1091 1100
1091 1101
1091 1102
1091 1124
1091 1125
1092 1094
1092 1095
1092 1100
1093 1096
1093 1097
1093 1098
1094 1095
1094 1097
1094 1098
1095 1096
1095 1098
1096 1097
1096 1099
1097 1099
1099 1162
1100 1102
1100 1104
1100 1105
1100 1108
1101 1103
1101 1105
1101 1107
1101 1108
1102 1104
1102 1109
1102 1110
1103 1108
1103 1109
1103 1110
1104 1106
1104 1107
1106 1107
1108 1110
1108 1112
1108 1113
1108 1117
1109 1111
1109 1113
1109 1114
1109 1117
1110 1112
1110 1118
1111 1117
1111 1118
1112 1114
1112 1116
1113 1115
1113 1116
1115 1116
1117 1119
1117 1121
1117 1122
1117 1123
1117 1124
1117 1130
1118 1120
1118 1122
1118 1123
1118 1124
1118 1130
1119 1121
1119 1122
1119 1125
1119 1126
1119 1130
1120 1121
1120 1122
1120 1124
1120 1125
1120 1126
1120 1150
1120 1154
1122 1123
1124 1126
1124 1128
1124 1129
1124 1131
1125 1127
1125 1129
1125 1130
1125 1131
1126 1128
1126 1132
1126 1133
1127 1131
1127 1132
1127 1133
1127 1155
1127 1160
1128 1130
1128 1131
1131 1133
1131 1135
1131 1136
1131 1139
1132 1134
1132 1136
1132 1137
1132 1139
1133 1135
1133 1140
1133 1141
1134 1139
1134 1140
1134 1141
1135 1137
1135 1138
1135 1139
1137 1138
1139 1141
1139 1143
1139 1150
1140 1142
1140 1144
1140 1150
1141 1143
1141 1144
1141 1151
1141 1152
1142 1144
1142 1150
1142 1151
1142 1152
1142 1164
1142 1175
1143 1145
1143 1150
1144 1146
1145 1147
1145 1148
1146 1148
1146 1149
1148 1149
1150 1152
1150 1154
1150 1155
1151 1153
1151 1155
1152 1154
1152 1156
1152 1157
1153 1155
1153 1156
1153 1157
1153 1175
1153 1182
1155 1157
1155 1159
1155 1160
1155 1164
1156 1158
1156 1160
1156 1164
1157 1159
1157 1165
1157 1166
1158 1159
1158 1164
1158 1165
1158 1166
1158 1190
1158 1195
1159 1161
1159 1164
1160 1162
1161 1163
1164 1166
1164 1168
1164 1169
1164 1175
1165 1167
1165 1169
1165 1175
1166 1168
1166 1176
1166 1177
1167 1175
1167 1176
1167 1177
1167 1197
1167 1202
1168 1170
1168 1171
1168 1175
1169 1171
1170 1172
1170 1173
1171 1173
1171 1174
1173 1174
1175 1177
1175 1179
1175 1180
1175 1182
1176 1178
1176 1180
1176 1181
1176 1182
1177 1179
1177 1181
1177 1183
1177 1184
1178 1182
1178 1183
1178 1184
1178 1197
1178 1204
1179 1182
1180 1181
1182 1184
1182 1186
1182 1187
1182 1190
1183 1185
1183 1187
1183 1188
1183 1190
1184 1186
1184 1188
1184 1191
1184 1192
1184 1197
1185 1188
1185 1190
1185 1191
1185 1192
1185 1204
1185 1215
1186 1189
1187 1188
1188 1189
1190 1192
1190 1194
1190 1195
1190 1197
1191 1193
1191 1195
1191 1196
1191 1197
1192 1194
1192 1196
1192 1198
1192 1199
1193 1194
1193 1196
1193 1197
1193 1198
1193 1199
1193 1226
1193 1231
1194 1197
1195 1196
1197 1199
1197 1201
1197 1202
1197 1204
1198 1200
1198 1202
1198 1203
1198 1204
1199 1201
1199 1203
1199 1205
1199 1206
1200 1204
1200 1205
1200 1206
1200 1233
1202 1203
1204 1206
1204 1208
1204 1215
1205 1207
1205 1209
1205 1210
1205 1215
1206 1208
1206 1216
1206 1217
1207 1215
1207 1216
1207 1217
1208 1210
1208 1211
1208 1215
1209 1212
1209 1213
1209 1214
1210 1211
1210 1213
1210 1214
1211 1212
1211 1214
1212 1213
1215 1217
1215 1219
1215 1226
1216 1218
1216 1220
1216 1226
1217 1219
1217 1220
1217 1227
1218 1226
1218 1227
1219 1221
1219 1222
1219 1226
1220 1222
1221 1223
1221 1224
1222 1224
1222 1225
1224 1225
1226 1228
1226 1230
1226 1231
1226 1232
1226 1233
1227 1229
1227 1231
1227 1232
1227 1233
1228 1230
1228 1231
1228 1234
1228 1235
1228 1237
1229 1230
1229 1233
1229 1234
1229 1235
1229 1237
1231 1232
1231 1233
1231 1237
1231 1242
1233 1235
1233 1237
1234 1236
1234 1237
1235 1238
1236 1237
1236 1238
1237 1239
1237 1240
1237 1241
1237 1242
1237 1243
1238 1240
1238 1242
1238 1243
1238 1244
1239 1241
1239 1242
1239 1245
1240 1242
1240 1244
1240 1245
1241 1244
1242 1243
1242 1263
1242 1265
1244 1246
1244 1248
1244 1249
1244 1258
1245 1247
1245 1249
1245 1258
1246 1248
1246 1259
1246 1260
1246 1266
1247 1248
1247 1258
1247 1259
1247 1260
1247 1266
1247 1271
1248 1250
1248 1251
1249 1252
1249 1253
1249 1254
1250 1251
1250 1253
1251 1252
1251 1255
1251 1256
1251 1257
1252 1255
1253 1254
1253 1256
1253 1257
1254 1255
1254 1257
1255 1256
1258 1260
1258 1262
1258 1263
1258 1264
1258 1266
1259 1261
1259 1263
1259 1264
1259 1266
1260 1262
1260 1267
1260 1268
1260 1271
1261 1262
1261 1266
1261 1267
1261 1268
1261 1271
1261 1283
1262 1264
1262 1265
1262 1266
1264 1265
1266 1268
1266 1270
1266 1271
1267 1269
1267 1271
1268 1270
1268 1272
1269 1270
1269 1271
1269 1272
1271 1273
1271 1275
1271 1276
1271 1283
1272 1274
1272 1276
1272 1283
1273 1275
1273 1284
1274 1275
1274 1283
1274 1284
1275 1277
1275 1278
1276 1279
1276 1280
1276 1281
1277 1278
1277 1280
1277 1281
1278 1279
1278 1281
1279 1280
1279 1282
1280 1282
1283 1285
1283 1287
1283 1288
1284 1286
1284 1288
1285 1287
1287 1289
1288 1290
1289 1291
1 1 44.082001 -3.130000 9.133000 N
2 1 43.551998 -1.796000 9.099000 C
3 1 42.132000 -1.885000 9.600000 C
4 1 41.458000 -2.895000 9.404000 O
5 1 43.669998 -1.291000 7.644000 C
6 1 43.018002 0.035000 7.380000 C
7 1 44.044998 1.394000 7.932000 S
8 1 45.577999 0.993000 7.076000 C
9 2 41.686001 -0.840000 10.268000 N
10 2 40.345001 -0.791000 10.773000 C
11 2 39.924000 0.682000 10.787000 C
12 2 40.758999 1.529000 10.545000 O
13 2 40.213001 -1.537000 12.175000 C
14 2 41.162998 -0.959000 13.188000 C
15 2 41.098000 0.238000 13.432000 O
16 2 42.040001 -1.783000 13.769000 N
17 3 38.683998 0.968000 11.149000 N
18 3 38.168999 2.312000 11.222000 C
19 3 39.030998 3.259000 12.083000 C
20 3 39.257000 4.435000 11.753000 O
21 3 36.667999 2.357000 11.546000 C
22 3 36.124001 3.786000 11.465000 C
23 3 36.395000 1.775000 12.950000 C
24 3 36.312000 4.515000 10.120000 C
25 4 39.502998 2.760000 13.216000 N
26 4 40.321999 3.600000 14.107000 C
27 4 41.630001 4.005000 13.467000 C
28 4 42.014000 5.171000 13.505000 O
29 4 40.581001 2.936000 15.473000 C
30 4 39.300999 2.863000 16.282000 C
31 4 38.938999 3.920000 17.125000 C
32 4 38.471001 1.740000 16.219999 C
33 4 37.766998 3.889000 17.875000 C
34 4 37.292000 1.702000 16.962000 C
35 4 36.932999 2.774000 17.778999 C
36 5 42.342999 3.026000 12.930000 N
37 5 43.615002 3.292000 12.277000 C
38 5 43.410999 4.160000 11.049000 C
39 5 44.212002 5.005000 10.743000 O
40 5 44.228001 1.995000 11.809000 C
41 5 44.605999 1.066000 12.966000 C
42 5 45.172001 -0.268000 12.460000 C
43 5 45.251999 -0.566000 11.287000 O
44 5 45.591999 -1.074000 13.395000 O
45 6 42.313000 3.948000 10.357000 N
46 6 41.971001 4.719000 9.172000 C
47 6 41.773998 6.168000 9.510000 C
48 6 42.395000 7.062000 8.926000 O
49 6 40.707001 4.147000 8.548000 C
50 6 40.319000 4.752000 7.200000 C
51 6 38.542000 4.593000 6.922000 S
52 6 38.423000 4.621000 5.124000 C
53 7 40.904999 6.437000 10.471000 N
54 7 40.662998 7.845000 10.871000 C
55 7 41.886002 8.503000 11.528000 C
56 7 42.103001 9.719000 11.459000 O
57 7 39.464001 7.895000 11.824000 C
58 7 38.132000 7.915000 11.099000 C
59 7 37.023998 7.627000 12.099000 C
60 7 37.917999 9.268000 10.371000 C
61 8 42.692001 7.699000 12.221000 N
62 8 43.886002 8.267000 12.837000 C
63 8 44.870998 8.752000 11.782000 C
64 8 45.536999 9.765000 11.953000 O
65 8 44.518002 7.292000 13.799000 C
66 8 45.933998 7.680000 14.147000 C
67 8 46.025002 8.508000 15.424000 C
68 8 47.384998 9.016000 15.702000 N
69 8 48.164001 9.753000 14.866000 C
70 8 47.804001 10.122000 13.628000 N
71 8 49.375000 10.139000 15.294000 N
72 9 44.945999 8.058000 10.652000 N
73 9 45.798000 8.493000 9.562000 C
74 9 45.222000 9.771000 8.972000 C
75 9 45.917999 10.744000 8.673000 O
76 9 45.851002 7.399000 8.481000 C
77 9 46.854000 6.332000 8.887000 C
78 9 46.227001 7.975000 7.113000 C
79 9 46.504002 4.995000 8.262000 C
80 10 43.916000 9.794000 8.781000 N
81 10 43.269001 10.956000 8.162000 C
82 10 43.216999 12.246000 8.992000 C
83 10 43.271000 13.335000 8.465000 O
84 10 41.841000 10.641000 7.684000 C
85 10 41.839001 9.832000 6.413000 C
86 10 42.710999 9.909000 5.585000 O
87 10 40.785000 9.064000 6.308000 O
88 11 43.049999 12.110000 10.294000 N
89 11 42.869999 13.266000 11.149000 C
90 11 44.144001 13.705000 11.841000 C
91 11 44.280998 14.867000 12.210000 O
92 11 41.798000 12.882000 12.203000 C
93 11 40.466000 12.592000 11.524000 C
94 11 39.764999 13.810000 10.992000 C
95 11 40.426998 14.922000 11.189000 O
96 11 38.695000 13.771000 10.407000 O
97 12 45.030998 12.745000 12.087000 N
98 12 46.293999 12.944000 12.791000 C
99 12 46.007000 12.996000 14.279000 C
100 12 44.902000 12.619000 14.716000 O
101 13 46.980000 13.439000 15.061000 N
102 13 46.766998 13.568000 16.525000 C
103 13 47.424999 14.822000 16.995001 C
104 13 48.587002 14.963000 16.760000 O
105 13 47.424999 12.434000 17.290001 C
106 13 47.566002 12.671000 18.816000 C
107 13 46.215000 12.551000 19.497000 C
108 13 48.443001 11.596000 19.444000 C
109 14 46.693001 15.717000 17.636000 N
110 14 47.234001 16.955999 18.150999 C
111 14 46.735001 17.128000 19.561001 C
112 14 45.533001 16.979000 19.834000 O
113 14 46.959000 18.141001 17.257999 C
114 14 47.742001 17.971001 15.942000 C
115 14 47.634998 19.115000 14.939000 C
116 14 48.332001 20.350000 15.326000 N
117 14 48.214001 21.552999 14.693000 C
118 14 47.436001 21.750000 13.617000 N
119 14 48.915001 22.600000 15.152000 N
120 15 47.681000 17.371000 20.466999 N
121 15 47.405998 17.487000 21.896000 C
122 15 47.077000 18.877001 22.409000 C
123 15 46.758999 19.054001 23.604000 O
124 15 48.551998 16.900000 22.714001 C
125 15 48.727001 15.410000 22.436001 C
126 15 49.721001 14.829000 23.410999 C
127 15 47.407001 14.694000 22.618000 C
128 16 47.164001 19.854000 21.518000 N
129 16 46.896000 21.250000 21.812000 C
130 16 45.772999 21.771000 20.896999 C
131 16 45.640999 21.290001 19.766001 O
132 16 48.203999 22.039000 21.643999 C
133 16 48.054001 23.547001 21.815001 C
134 16 49.306000 24.288000 21.362000 C
135 16 49.189999 25.816999 21.448999 C
136 16 50.467999 26.535999 21.242001 N
137 17 44.924999 22.719000 21.367001 N
138 17 43.855999 23.188999 20.493000 C
139 17 44.444000 23.629999 19.153999 C
140 17 45.491001 24.296000 19.132000 O
141 17 43.060001 24.325001 21.117001 C
142 17 42.229000 23.732000 22.275000 C
143 17 42.145000 25.044001 20.105000 C
144 17 41.490002 24.788000 23.083000 C
145 18 43.803001 23.267000 18.047001 N
146 18 44.320000 23.693001 16.757000 C
147 18 43.147999 24.039000 15.884000 C
148 18 41.994999 23.792999 16.250000 O
149 18 45.278000 22.677000 16.110001 C
150 18 44.546001 21.413000 15.696000 C
151 18 44.334999 20.367001 16.593000 C
152 18 44.092999 21.256001 14.376000 C
153 18 43.668999 19.205000 16.183001 C
154 18 43.409000 20.111000 13.957000 C
155 18 43.176998 19.096001 14.878000 C
156 18 42.519001 17.972000 14.475000 O
157 19 43.403999 24.628000 14.723000 N
158 19 42.301998 24.945999 13.832000 C
159 19 42.259998 23.917999 12.708000 C
160 19 43.304001 23.542000 12.170000 O
161 19 42.390999 26.320000 13.253000 C
162 19 41.895000 27.396999 14.137000 C
163 19 42.251999 28.688000 13.481000 C
164 19 41.977001 29.905001 14.322000 C
165 19 41.792000 31.090000 13.480000 N
166 20 41.051998 23.443001 12.380000 N
167 20 40.973000 22.452000 11.350000 C
168 20 41.085999 23.093000 9.956000 C
169 20 41.341999 24.270000 9.819000 O
170 20 39.757999 21.548000 11.533000 C
171 20 38.391998 22.125000 11.199000 C
172 20 38.402000 23.347000 10.838000 O
173 20 37.361000 21.520000 11.336000 O
174 21 40.900002 22.312000 8.923000 N
175 21 41.004002 22.843000 7.555000 C
176 21 39.979000 23.917999 7.282000 C
177 21 40.215000 24.716999 6.377000 O
178 21 40.869999 21.764999 6.459000 C
179 21 39.498001 21.471001 6.361000 O
180 21 41.603001 20.461000 6.881000 C
181 22 38.844002 23.955999 8.043000 N
182 22 37.816002 25.007000 7.846000 C
183 22 38.033001 26.190001 8.752000 C
184 22 37.300999 27.145000 8.714000 O
185 22 36.416000 24.497999 7.975000 C
186 22 36.143002 23.337999 7.013000 C
187 22 35.695999 23.792000 5.653000 C
188 22 35.615002 25.096001 5.528000 O
189 22 35.458000 23.018000 4.749000 O
190 23 39.101002 26.097000 9.543000 N
191 23 39.448002 27.136999 10.487000 C
192 23 38.733002 26.955000 11.822000 C
193 23 38.666000 27.902000 12.572000 O
194 24 38.188000 25.761999 12.128000 N
195 24 37.502998 25.613001 13.420000 C
196 24 38.362999 24.987000 14.462000 C
197 24 39.201000 24.121000 14.185000 O
198 24 36.243000 24.796000 13.389000 C
199 24 35.223999 25.304001 12.407000 C
200 24 34.759998 26.615000 12.482000 C
201 24 34.691002 24.436001 11.452000 C
202 24 33.775002 27.063999 11.607000 C
203 24 33.717999 24.889000 10.562000 C
204 24 33.265999 26.198999 10.635000 C
205 24 32.298000 26.632000 9.773000 O
206 25 38.106998 25.412001 15.701000 N
207 25 38.841000 24.896000 16.829000 C
208 25 38.533001 23.424999 17.049000 C
209 25 37.355999 23.040001 17.197001 O
210 25 38.488998 25.742001 18.070999 C
211 25 39.139999 27.091000 17.982000 C
212 25 40.528999 27.204000 17.882000 C
213 25 38.348999 28.240999 18.011999 C
214 25 41.125000 28.466000 17.811001 C
215 25 38.926998 29.509001 17.981001 C
216 25 40.314999 29.606001 17.885000 C
217 25 40.882000 30.854000 17.830999 O
218 26 39.632999 22.674999 17.145000 N
219 26 39.629002 21.233000 17.267000 C
220 26 40.748001 20.811001 18.190001 C
221 26 41.691002 21.552999 18.441999 O
222 26 39.893002 20.695999 15.775000 C
223 26 38.886002 21.233000 14.934000 O
224 26 39.912998 19.183001 15.604000 C
225 27 40.692001 19.559999 18.620001 N
226 27 41.776001 18.990000 19.410000 C
227 27 41.807999 17.450001 19.183001 C
228 27 40.825001 16.871000 18.731001 O
229 27 41.618000 19.336000 20.914000 C
230 27 42.933998 19.084000 21.663000 C
231 27 40.485001 18.455000 21.478001 C
232 27 43.136002 20.000999 22.836000 C
233 28 42.904999 16.797001 19.535999 N
234 28 43.035000 15.352000 19.533001 C
235 28 42.998001 14.782000 18.152000 C
236 28 43.745998 15.242000 17.330999 O
237 29 42.134998 13.814000 17.955000 N
238 29 42.000000 13.156000 16.663000 C
239 29 40.737000 13.643000 15.927000 C
240 29 39.693001 12.963000 15.866000 O
241 29 42.068001 11.631000 16.834999 C
242 29 43.382000 11.248000 17.528000 C
243 29 42.029999 10.945000 15.479000 C
244 29 43.319000 9.933000 18.301001 C
245 30 40.805000 14.884000 15.393000 N
246 30 39.674000 15.429000 14.665000 C
247 30 38.452000 15.703000 15.519000 C
248 30 37.327000 15.650000 15.053000 O
249 31 38.651001 16.000999 16.796000 N
250 31 37.463001 16.260000 17.638000 C
251 31 37.073002 17.728001 17.579000 C
252 31 37.741001 18.562000 18.208000 O
253 31 37.713001 15.889000 19.139000 C
254 31 36.470001 16.141001 19.948999 C
255 31 35.397999 15.266000 19.951000 N
256 31 36.139000 17.166000 20.770000 C
257 31 34.466999 15.751000 20.754000 C
258 31 34.863998 16.905001 21.240999 N
259 32 36.040001 18.070000 16.823999 N
260 32 35.636002 19.462000 16.722000 C
261 32 35.157001 19.986000 18.073999 C
262 32 34.395000 19.337000 18.778000 O
263 32 34.500999 19.601000 15.707000 C
264 32 33.891998 21.021999 15.729000 C
265 32 34.813999 21.983000 14.998000 C
266 32 32.555000 21.034000 15.019000 C
267 33 35.639999 21.128000 18.452000 N
268 33 35.251999 21.743999 19.719000 C
269 33 34.091999 22.698000 19.559000 C
270 33 33.084000 22.580999 20.266001 O
271 33 36.407001 22.444000 20.452999 C
272 33 37.417000 21.447001 20.993999 C
273 33 38.679001 22.204000 21.357000 C
274 33 36.849998 20.766001 22.239000 C
275 34 34.242001 23.650000 18.629000 N
276 34 33.235001 24.680000 18.385000 C
277 34 33.484001 25.334000 17.044001 C
278 34 34.632000 25.375000 16.563000 O
279 34 33.297001 25.834999 19.482000 C
280 34 32.280998 26.832001 19.284000 O
281 34 34.671001 26.511999 19.563000 C
282 35 32.425999 25.917000 16.507999 N
283 35 32.554001 26.653000 15.284000 C
284 35 32.730999 28.113001 15.598000 C
285 35 33.039001 28.929001 14.746000 O
286 35 31.400000 26.416000 14.353000 C
287 35 31.410000 24.962000 13.912000 C
288 35 30.325001 24.634001 12.906000 C
289 35 30.503000 23.219000 12.401000 C
290 35 29.396999 22.771000 11.539000 N
291 36 32.570000 28.436001 16.851999 N
292 36 32.743000 29.806000 17.254000 C
293 36 34.169998 30.250999 17.129999 C
294 36 35.118999 29.511999 17.408001 O
295 36 32.308998 30.055000 18.686001 C
296 36 33.138000 31.056000 19.252001 O
297 37 34.306999 31.525999 16.780001 N
298 37 35.596001 32.145000 16.589001 C
299 37 36.346001 32.401001 17.865000 C
300 37 37.500999 32.819000 17.850000 O
301 37 35.334999 33.462002 15.871000 C
302 37 33.881001 33.450001 15.450000 C
303 37 33.206001 32.313999 16.184000 C
304 38 35.715000 32.143002 18.987000 N
305 38 36.422001 32.424000 20.221001 C
306 38 37.261002 31.288000 20.757000 C
307 38 36.759998 30.215000 21.031000 O
308 38 35.424999 32.851002 21.299999 C
309 38 36.146999 32.993999 22.531000 O
310 39 38.509998 31.565001 20.989000 N
311 39 39.379002 30.584999 21.556999 C
312 39 38.905998 30.299000 22.957001 C
313 39 39.091999 29.233999 23.524000 O
314 39 40.860001 31.007999 21.552999 C
315 39 41.765999 30.007000 22.247999 C
316 39 41.846001 28.723000 21.427999 C
317 39 43.176998 30.565001 22.400000 C
318 40 38.280998 31.250000 23.566999 N
319 40 37.852001 30.955999 24.921000 C
320 40 36.654999 30.070000 24.919001 C
321 40 36.479000 29.288000 25.836000 O
322 40 37.535999 32.191002 25.770000 C
323 40 38.786999 32.901001 26.188999 C
324 40 39.791000 32.285000 26.628000 O
325 40 38.741001 34.206001 25.980000 N
326 41 35.803001 30.252001 23.940001 N
327 41 34.648998 29.403999 23.864000 C
328 41 35.124001 27.957001 23.604000 C
329 41 34.499001 26.992001 24.033001 O
330 41 33.666000 29.907000 22.836000 C
331 42 36.285999 27.811001 22.955999 N
332 42 36.900002 26.511000 22.632999 C
333 42 37.485001 25.840000 23.864000 C
334 42 37.294998 24.653000 24.099001 O
335 42 37.939999 26.587999 21.495001 C
336 43 38.178001 26.600000 24.686001 N
337 43 38.755001 26.051001 25.936001 C
338 43 37.640999 25.615999 26.877001 C
339 43 37.707001 24.587000 27.531000 O
340 43 39.605000 27.094000 26.618999 C
341 43 40.993000 27.176001 26.004000 C
342 43 41.648998 28.531000 26.242001 C
343 43 43.179001 28.495001 26.268999 C
344 43 43.770000 29.275999 27.377001 N
345 44 36.580002 26.393999 26.863001 N
346 44 35.431000 26.077000 27.674999 C
347 44 34.799999 24.754999 27.264000 C
348 44 34.527000 23.882000 28.094000 O
349 44 34.410999 27.208000 27.653999 C
350 44 33.362999 26.930000 28.549000 O
351 45 34.571999 24.594999 25.969000 N
352 45 34.005001 23.351000 25.444000 C
353 45 34.967999 22.230000 25.767000 C
354 45 34.584000 21.128000 26.150999 O
355 45 33.849998 23.405001 23.919001 C
356 45 32.653000 24.271999 23.490999 C
357 45 31.364000 23.715000 23.997999 C
358 45 31.142000 22.535999 24.011000 O
359 45 30.488001 24.605000 24.389000 O
360 46 36.264000 22.511999 25.632000 N
361 46 37.255001 21.475000 25.907000 C
362 46 37.207001 20.975000 27.358000 C
363 46 37.235001 19.798000 27.632999 O
364 46 38.701000 21.955999 25.606001 C
365 46 39.726002 20.843000 25.877001 C
366 46 39.374001 19.641001 25.052999 C
367 46 41.106998 21.337000 25.469999 C
368 47 37.185001 21.910000 28.304001 N
369 47 37.182999 21.539000 29.719999 C
370 47 35.958000 20.768000 30.049999 C
371 47 35.973999 19.844000 30.833000 O
372 47 37.216999 22.813000 30.572001 C
373 47 38.553001 23.521999 30.524000 C
374 47 39.567001 23.041000 30.049000 O
375 47 38.494999 24.674000 31.093000 O
376 48 34.854000 21.180000 29.436001 N
377 48 33.583000 20.496000 29.610001 C
378 48 33.658001 19.046000 29.073999 C
379 48 33.181000 18.086000 29.677000 O
380 48 32.536999 21.304001 28.832001 C
381 48 31.191999 20.639000 28.687000 C
382 48 30.080000 21.599001 28.326000 C
383 48 30.194000 22.143000 26.924999 C
384 48 29.455000 21.333000 25.972000 N
385 49 34.277000 18.882999 27.913000 N
386 49 34.396000 17.575001 27.274000 C
387 49 35.261002 16.601999 28.061001 C
388 49 35.000999 15.416000 28.118999 O
389 49 34.966000 17.768999 25.861000 C
390 50 36.317001 17.132000 28.676001 N
391 50 37.316002 16.361000 29.415001 C
392 50 37.020000 16.209999 30.907000 C
393 50 37.466999 15.260000 31.542999 O
394 50 38.742001 16.964001 29.195999 C
395 50 39.127998 16.854000 27.708000 C
396 50 39.758999 16.212000 30.037001 C
397 50 39.125999 15.399000 27.193001 C
398 51 36.278999 17.155001 31.452000 N
399 51 35.933998 17.107000 32.868999 C
400 51 37.042999 17.653999 33.764999 C
401 51 37.196999 17.277000 34.922001 O
402 52 37.841999 18.552999 33.241001 N
403 52 38.910000 19.131001 34.046001 C
404 52 39.363998 20.406000 33.388000 C
405 52 38.993999 20.657000 32.240002 O
406 52 40.076000 18.176001 34.271999 C
407 52 40.933998 17.988001 33.021000 C
408 52 42.106998 17.099001 33.327999 C
409 52 42.995998 16.872999 32.207001 N
410 52 43.941002 17.704000 31.865999 C
411 52 44.129002 18.847000 32.507999 N
412 52 44.692001 17.393000 30.830000 N
413 53 40.111000 21.215000 34.131001 N
414 53 40.625999 22.471001 33.624001 C
415 53 41.835999 22.165001 32.820999 C
416 53 42.868999 21.836000 33.389000 O
417 53 41.080002 23.344000 34.783001 C
418 53 40.282001 24.594000 34.646000 C
419 53 39.148998 24.625000 35.147999 O
420 53 40.783001 25.521999 33.800999 N
421 54 41.696999 22.205000 31.517000 N
422 54 42.814999 21.783001 30.708000 C
423 54 43.747002 22.864000 30.267000 C
424 54 44.830002 22.540001 29.830999 O
425 54 42.334000 21.093000 29.396999 C
426 54 41.674999 22.073999 28.613001 O
427 54 41.353001 19.971001 29.752001 C
428 55 43.294998 24.099001 30.242001 N
429 55 44.125000 25.124001 29.691000 C
430 55 44.521999 24.798000 28.239000 C
431 55 45.629002 25.103001 27.796000 O
432 55 45.359001 25.504999 30.554001 C
433 55 45.838001 26.965000 30.343000 C
434 55 45.097000 27.878000 29.860001 O
435 55 47.098999 27.180000 30.697001 N
436 56 43.618000 24.171000 27.495001 N
437 56 43.833000 23.891001 26.073999 C
438 56 44.806999 22.782000 25.750000 C
439 56 45.164001 22.590000 24.601999 O
440 57 45.231998 22.025000 26.742001 N
441 57 46.110001 20.941999 26.438999 C
442 57 45.577999 19.648001 27.042999 C
443 57 45.077999 19.659000 28.146000 O
444 57 47.522999 21.191999 26.907000 C
445 57 48.292000 19.885000 26.819000 C
446 57 48.139000 22.200001 25.962000 C
447 58 45.688000 18.525999 26.313999 N
448 58 45.192001 17.257000 26.826000 C
449 58 46.270000 16.224001 26.650999 C
450 58 47.240002 16.489000 25.955999 O
451 58 43.861000 16.825001 26.139999 C
452 58 44.004002 16.547001 24.599001 C
453 58 42.710999 17.796000 26.448000 C
454 58 42.720001 15.888000 24.024000 C
455 59 46.096001 15.049000 27.266001 N
456 59 47.035999 13.974000 27.158001 C
457 59 46.581001 13.033000 26.042999 C
458 59 45.438999 13.094000 25.573000 O
459 59 47.105000 13.161000 28.499001 C
460 59 45.875000 12.442000 28.683001 O
461 59 47.316002 14.096000 29.691000 C
462 60 47.473000 12.123000 25.653999 N
463 60 47.179001 11.151000 24.621000 C
464 60 45.948002 10.283000 24.964001 C
465 60 45.070999 10.053000 24.115000 O
466 60 48.390999 10.292000 24.329000 C
467 60 48.126999 9.410000 23.098000 C
468 60 49.358002 8.664000 22.615000 C
469 60 49.078999 7.835000 21.365000 C
470 60 49.726002 8.387000 20.150000 N
471 61 45.889000 9.827000 26.247999 N
472 61 44.786999 9.027000 26.771999 C
473 61 43.445999 9.765000 26.610001 C
474 61 42.442001 9.156000 26.275999 O
475 61 44.951000 8.752000 28.278000 C
476 61 45.973000 7.705000 28.599001 C
477 61 46.532001 7.134000 27.548000 O
478 61 46.270000 7.442000 29.745001 O
479 62 43.445999 11.069000 26.929001 N
480 62 42.270000 11.889000 26.844999 C
481 62 41.845001 12.005000 25.372999 C
482 62 40.668999 11.937000 25.054001 O
483 62 42.576000 13.254000 27.440001 C
484 62 42.518002 13.148000 28.971001 C
485 62 43.020000 14.383000 29.655001 C
486 62 43.726002 15.205000 29.108999 O
487 62 42.597000 14.494000 30.885000 O
488 63 42.854000 12.200000 24.492001 N
489 63 42.582001 12.270000 23.056000 C
490 63 41.941002 10.984000 22.561001 C
491 63 41.007000 11.010000 21.750999 O
492 63 43.855000 12.571000 22.253000 C
493 64 42.491001 9.851000 22.987000 N
494 64 41.952000 8.580000 22.566999 C
495 64 40.580002 8.327000 23.129000 C
496 64 39.724998 7.704000 22.504000 O
497 64 42.941002 7.438000 22.844000 C
498 64 44.009998 7.408000 21.733999 C
499 64 45.237000 6.715000 22.200001 C
500 64 45.299999 6.168000 23.297001 O
501 64 46.228001 6.823000 21.349001 O
502 65 40.327000 8.876000 24.284000 N
503 65 39.009998 8.701000 24.846001 C
504 65 37.938000 9.468000 24.042000 C
505 65 36.886002 8.944000 23.697001 O
506 65 38.973999 9.153000 26.290001 C
507 65 37.596001 8.853000 26.834999 C
508 65 37.639999 8.494000 28.309000 C
509 65 36.337002 7.910000 28.829000 C
510 65 36.266998 7.945000 30.309000 N
511 66 38.220001 10.708000 23.671000 N
512 66 37.264000 11.464000 22.844999 C
513 66 37.066002 10.743000 21.487000 C
514 66 35.971001 10.709000 20.927000 O
515 66 37.846001 12.850000 22.499001 C
516 66 37.967999 13.765000 23.716999 C
517 66 38.532001 15.126000 23.302999 C
518 66 36.584000 13.974000 24.299999 C
519 67 38.158001 10.181000 21.006001 N
520 67 38.127998 9.498000 19.719999 C
521 67 37.212002 8.310000 19.785000 C
522 67 36.386002 8.083000 18.893000 O
523 67 39.547001 9.096000 19.339001 C
524 67 39.723999 8.497000 17.941999 C
525 67 39.016998 8.966000 16.836000 C
526 67 40.653999 7.473000 17.750999 C
527 67 39.247002 8.430000 15.559000 C
528 67 40.919998 6.947000 16.486000 C
529 67 40.183998 7.412000 15.399000 C
530 68 37.334999 7.520000 20.823999 N
531 68 36.466000 6.372000 20.941999 C
532 68 35.000999 6.799000 21.018000 C
533 68 34.088001 6.136000 20.525999 O
534 68 36.803001 5.556000 22.228001 C
535 68 38.006001 4.623000 22.084999 C
536 68 38.124001 3.917000 21.083000 O
537 68 38.861000 4.565000 23.114000 N
538 69 34.730999 7.900000 21.722000 N
539 69 33.362999 8.356000 21.816999 C
540 69 32.841999 8.808000 20.469000 C
541 69 31.680000 8.653000 20.162001 O
542 69 33.243999 9.580000 22.740999 C
543 69 33.631001 9.163000 24.174999 C
544 69 33.701000 10.314000 25.198999 C
545 69 33.771999 10.032000 26.405001 O
546 69 33.701000 11.572000 24.767000 N
547 70 33.719002 9.494000 19.732000 N
548 70 33.327999 10.044000 18.468000 C
549 70 33.029999 8.967000 17.410000 C
550 70 32.112999 9.081000 16.597000 O
551 70 34.377998 11.032000 17.968000 C
552 70 34.416000 12.333000 18.739000 C
553 70 33.570999 12.684000 19.502001 O
554 70 35.470001 13.039000 18.495001 O
555 71 33.799000 7.900000 17.437000 N
556 71 33.592999 6.816000 16.493000 C
557 71 32.290001 6.126000 16.840000 C
558 71 31.410000 5.874000 15.993000 O
559 71 34.785000 5.828000 16.493999 C
560 71 34.477001 4.606000 15.601000 C
561 71 36.042999 6.519000 15.961000 C
562 72 32.140999 5.864000 18.146000 N
563 72 30.924000 5.220000 18.620001 C
564 72 29.681999 6.039000 18.207001 C
565 72 28.673000 5.532000 17.698999 O
566 72 31.049000 4.955000 20.152000 C
567 72 29.948000 4.095000 20.778000 C
568 72 29.761000 2.911000 20.238001 O
569 72 29.326000 4.460000 21.726999 O
570 73 29.747000 7.342000 18.407000 N
571 73 28.657000 8.224000 18.041000 C
572 73 28.382000 8.201000 16.535999 C
573 73 27.223000 8.265000 16.139999 O
574 73 28.990999 9.661000 18.441000 C
575 74 29.454000 8.181000 15.708000 N
576 74 29.288000 8.148000 14.255000 C
577 74 28.506001 6.878000 13.884000 C
578 74 27.504999 6.901000 13.183000 O
579 74 30.632999 8.160000 13.553000 C
580 75 28.992001 5.749000 14.371000 N
581 75 28.289000 4.494000 14.097000 C
582 75 26.806000 4.542000 14.515000 C
583 75 25.934000 4.196000 13.715000 O
584 75 28.988001 3.276000 14.712000 C
585 75 28.145000 1.987000 14.508000 C
586 75 30.379999 3.128000 14.092000 C
587 76 26.525000 4.964000 15.763000 N
588 76 25.150000 5.047000 16.257999 C
589 76 24.320999 6.058000 15.447000 C
590 76 23.122999 5.868000 15.160000 O
591 76 25.103001 5.432000 17.754999 C
592 76 25.757000 4.451000 18.726999 C
593 76 25.233000 3.039000 18.573000 C
594 76 23.806999 2.910000 18.872000 N
595 76 23.313999 2.859000 20.118000 C
596 76 24.098000 2.948000 21.205000 N
597 76 21.997000 2.733000 20.282000 N
598 77 24.943001 7.143000 15.020000 N
599 77 24.200001 8.081000 14.197000 C
600 77 23.768000 7.463000 12.852000 C
601 77 22.687000 7.671000 12.370000 O
602 78 24.658001 6.746000 12.204000 N
603 78 24.347000 6.054000 10.959000 C
604 78 23.164000 5.107000 11.174000 C
605 78 22.204000 5.078000 10.398000 O
606 78 25.569000 5.220000 10.475000 C
607 78 26.620001 6.135000 9.813000 C
608 78 25.136000 4.125000 9.489000 C
609 78 28.014999 5.487000 9.655000 C
610 79 23.253000 4.298000 12.253000 N
611 79 22.233999 3.275000 12.540000 C
612 79 20.889999 3.824000 12.876000 C
613 79 19.917999 3.136000 12.700000 O
614 79 22.664000 2.155000 13.529000 C
615 79 23.936001 1.384000 13.141000 C
616 79 24.406000 0.621000 14.359000 C
617 79 23.679001 0.412000 11.987000 C
618 80 20.856001 5.067000 13.336000 N
619 80 19.624001 5.747000 13.706000 C
620 80 19.059999 6.520000 12.549000 C
621 80 17.954000 7.009000 12.612000 O
622 80 19.938000 6.811000 14.776000 C
623 80 19.868000 6.288000 16.207001 C
624 80 19.754999 7.424000 17.261000 C
625 80 21.052999 7.807000 17.837000 N
626 80 21.791000 8.866000 17.469999 C
627 80 21.427999 9.763000 16.521000 N
628 80 22.959000 9.019000 18.080000 N
629 81 19.865000 6.725000 11.530000 N
630 81 19.455999 7.538000 10.428000 C
631 81 18.728001 6.708000 9.359000 C
632 81 19.247000 5.710000 8.872000 O
633 81 20.680000 8.314000 9.909000 C
634 81 20.326000 9.358000 8.878000 C
635 81 19.929001 9.049000 7.745000 O
636 81 20.476999 10.612000 9.255000 N
637 82 17.497000 7.108000 9.020000 N
638 82 16.701000 6.390000 8.047000 C
639 82 17.351000 6.318000 6.685000 C
640 82 17.122999 5.347000 5.974000 O
641 82 15.327000 7.005000 7.891000 C
642 83 18.122000 7.343000 6.295000 N
643 83 18.802000 7.366000 4.997000 C
644 83 20.090000 6.602000 4.958000 C
645 83 20.450001 6.008000 3.956000 O
646 83 19.208000 8.743000 4.577000 C
647 83 18.082001 9.458000 3.921000 C
648 83 17.417999 10.346000 4.939000 C
649 83 16.746000 11.518000 4.254000 C
650 83 17.615000 12.118000 3.221000 N
651 84 20.806000 6.677000 6.048000 N
652 84 22.108000 6.044000 6.139000 C
653 84 22.091999 4.570000 6.487000 C
654 84 22.903999 3.773000 6.022000 O
655 84 22.981001 6.812000 7.147000 C
656 84 23.184999 8.266000 6.778000 C
657 84 24.129999 8.952000 7.742000 C
658 84 23.704000 8.341000 5.370000 C
659 85 21.202000 4.210000 7.381000 N
660 85 21.174999 2.854000 7.810000 C
661 85 21.072001 1.806000 6.690000 C
662 85 21.733999 0.799000 6.674000 O
663 85 20.069000 2.688000 8.847000 C
664 85 19.959000 1.243000 9.281000 C
665 85 19.181999 1.039000 10.554000 C
666 85 19.650000 -0.245000 11.219000 C
667 85 19.297001 -1.426000 10.420000 N
668 86 20.149000 1.974000 5.776000 N
669 86 20.000999 0.984000 4.743000 C
670 86 21.254000 0.887000 3.893000 C
671 86 21.598000 -0.191000 3.424000 O
672 86 18.802999 1.419000 3.890000 C
673 86 18.337000 2.745000 4.445000 C
674 86 19.136000 3.041000 5.701000 C
675 87 21.954000 2.004000 3.699000 N
676 87 23.216000 1.976000 2.927000 C
677 87 24.275000 1.162000 3.644000 C
678 87 24.889000 0.277000 3.125000 O
679 87 23.733000 3.364000 2.563000 C
680 87 25.011000 3.283000 1.703000 C
681 87 22.606001 4.091000 1.807000 C
682 88 24.479000 1.496000 4.889000 N
683 88 25.429001 0.819000 5.741000 C
684 88 25.172001 -0.698000 5.790000 C
685 88 26.091000 -1.513000 5.642000 O
686 88 25.274000 1.456000 7.169000 C
687 88 26.320000 0.950000 8.124000 C
688 88 26.112000 -0.189000 8.896000 C
689 88 27.525999 1.634000 8.245000 C
690 88 27.089001 -0.656000 9.776000 C
691 88 28.495001 1.201000 9.152000 C
692 88 28.285000 0.055000 9.916000 C
693 88 29.268000 -0.374000 10.786000 O
694 89 23.888000 -1.090000 5.976000 N
695 89 23.525000 -2.515000 6.070000 C
696 89 23.865999 -3.250000 4.792000 C
697 89 24.214001 -4.423000 4.791000 O
698 89 22.007999 -2.707000 6.326000 C
699 89 21.575001 -2.437000 7.738000 C
700 89 22.549999 -2.415000 8.583000 O
701 89 20.441999 -2.240000 8.045000 O
702 90 23.753000 -2.538000 3.673000 N
703 90 24.044001 -3.135000 2.367000 C
704 90 25.520000 -3.311000 2.077000 C
705 90 25.903999 -4.056000 1.180000 O
706 90 23.381001 -2.318000 1.243000 C
707 90 24.152000 -1.147000 0.993000 O
708 91 26.400999 -2.605000 2.778000 N
709 91 27.799000 -2.680000 2.418000 C
710 91 28.613001 -3.747000 3.085000 C
711 91 28.264999 -4.197000 4.178000 O
712 91 28.468000 -1.324000 2.767000 C
713 91 27.944000 -0.059000 2.011000 C
714 91 28.451000 1.231000 2.699000 C
715 91 28.458000 -0.075000 0.556000 C
716 92 29.775000 -4.034000 2.486000 N
717 92 30.777000 -4.949000 3.049000 C
718 92 31.569000 -4.206000 4.153000 C
719 92 31.422001 -2.991000 4.305000 O
720 92 31.740999 -5.473000 1.998000 C
721 92 32.443001 -4.319000 1.354000 C
722 92 31.695999 -3.780000 0.447000 O
723 92 33.514999 -3.858000 1.751000 O
724 93 32.404999 -4.916000 4.942000 N
725 93 33.049999 -4.298000 6.097000 C
726 93 33.967999 -3.144000 5.799000 C
727 93 34.026001 -2.147000 6.538000 O
728 93 33.675999 -5.353000 7.010000 C
729 94 34.682999 -3.261000 4.692000 N
730 94 35.581001 -2.210000 4.315000 C
731 94 34.842999 -0.952000 3.934000 C
732 94 35.162998 0.138000 4.371000 O
733 94 36.569000 -2.675000 3.227000 C
734 94 37.554001 -1.537000 2.853000 C
735 94 37.355000 -3.858000 3.778000 C
736 95 33.848999 -1.089000 3.073000 N
737 95 33.138000 0.084000 2.649000 C
738 95 32.380001 0.687000 3.801000 C
739 95 32.136002 1.863000 3.801000 O
740 95 32.249001 -0.253000 1.450000 C
741 95 33.087002 -0.600000 0.218000 C
742 95 32.155998 -0.859000 -0.968000 C
743 95 32.868999 -1.009000 -2.234000 N
744 95 33.240002 -2.179000 -2.775000 C
745 95 33.043999 -3.314000 -2.131000 N
746 95 33.855000 -2.189000 -3.964000 N
747 96 31.959999 -0.129000 4.784000 N
748 96 31.263000 0.411000 5.991000 C
749 96 32.165001 1.445000 6.700000 C
750 96 31.719999 2.522000 7.111000 O
751 96 30.848000 -0.684000 6.982000 C
752 96 29.618000 -1.399000 6.490000 C
753 96 29.197001 -2.540000 7.434000 C
754 96 27.923000 -3.109000 6.957000 N
755 96 27.448999 -4.256000 7.359000 C
756 96 28.124001 -4.944000 8.263000 N
757 96 26.305000 -4.736000 6.851000 N
758 97 33.431999 1.097000 6.768000 N
759 97 34.419998 1.984000 7.357000 C
760 97 34.520000 3.310000 6.588000 C
761 97 34.661999 4.361000 7.170000 O
762 97 35.771000 1.291000 7.441000 C
763 98 34.421001 3.269000 5.267000 N
764 98 34.465000 4.494000 4.492000 C
765 98 33.250999 5.370000 4.807000 C
766 98 33.331001 6.596000 4.861000 O
767 98 34.498001 4.173000 2.968000 C
768 99 32.103001 4.743000 4.984000 N
769 99 30.954000 5.540000 5.294000 C
770 99 31.101000 6.161000 6.681000 C
771 99 30.674000 7.300000 6.894000 O
772 99 29.646999 4.676000 5.217000 C
773 99 28.354000 5.460000 5.384000 C
774 99 28.183001 6.437000 4.242000 C
775 99 27.170000 4.486000 5.446000 C
776 100 31.664000 5.392000 7.626000 N
777 100 31.836000 5.930000 8.964000 C
778 100 32.791000 7.147000 8.907000 C
779 100 32.567001 8.213000 9.497000 O
780 100 32.333000 4.847000 9.943000 C
781 100 31.360001 3.656000 10.052000 C
782 100 32.609001 5.477000 11.329000 C
783 100 31.958000 2.481000 10.883000 C
784 101 33.855000 7.009000 8.115000 N
785 101 34.833000 8.076000 7.976000 C
786 101 34.151001 9.336000 7.484000 C
787 101 34.360001 10.414000 8.035000 O
788 101 35.919998 7.602000 6.999000 C
789 101 37.161999 8.482000 6.939000 C
790 101 37.063000 9.715000 6.833000 O
791 101 38.327000 7.858000 7.029000 N
792 102 33.293999 9.226000 6.446000 N
793 102 32.619999 10.408000 5.950000 C
794 102 31.711000 11.010000 7.025000 C
795 102 31.565001 12.238000 7.165000 O
796 102 31.704000 10.092000 4.734000 C
797 102 32.379002 10.052000 3.388000 C
798 102 31.127001 9.720000 2.128000 S
799 102 30.712000 11.414000 1.715000 C
800 103 31.025000 10.130000 7.752000 N
801 103 30.117001 10.631000 8.769000 C
802 103 30.910000 11.327000 9.875000 C
803 103 30.520000 12.359000 10.367000 O
804 103 29.229000 9.519000 9.320000 C
805 103 28.546000 10.056000 10.596000 C
806 103 28.153999 9.124000 8.293000 C
807 104 32.060001 10.773000 10.247000 N
808 104 32.884998 11.369000 11.265000 C
809 104 33.306999 12.766000 10.843000 C
810 104 33.271999 13.738000 11.598000 O
811 104 34.126999 10.481000 11.407000 C
812 104 35.070000 10.926000 12.512000 C
813 104 36.041000 11.892000 12.265000 C
814 104 34.997002 10.327000 13.780000 C
815 104 36.930000 12.264000 13.286000 C
816 104 35.886002 10.673000 14.796000 C
817 104 36.835999 11.663000 14.536000 C
818 105 33.664001 12.883000 9.568000 N
819 105 34.119999 14.143000 9.009000 C
820 105 33.083000 15.206000 8.825000 C
821 105 33.320000 16.354000 9.076000 O
822 105 34.882000 13.922000 7.654000 C
823 105 35.515999 15.217000 7.127000 C
824 105 36.212002 15.077000 5.781000 C
825 105 36.243999 13.986000 5.210000 O
826 105 36.778999 16.187000 5.272000 N
827 106 31.964001 14.863000 8.262000 N
828 106 31.014000 15.879000 7.915000 C
829 106 29.677999 15.792000 8.577000 C
830 106 28.773001 16.569000 8.307000 O
831 106 30.958000 16.027000 6.374000 C
832 106 30.250000 14.929000 5.650000 C
833 106 30.452999 15.190000 3.867000 S
834 106 32.186001 14.818000 3.704000 C
835 107 29.554001 14.858000 9.476000 N
836 107 28.325001 14.719000 10.203000 C
837 107 27.254999 14.044000 9.380000 C
838 107 27.264999 14.035000 8.155000 O
839 108 26.337000 13.461000 10.104000 N
840 108 25.267000 12.670000 9.569000 C
841 108 24.344999 13.369000 8.571000 C
842 108 23.936001 12.819000 7.530000 O
843 108 24.608999 11.790000 10.664000 C
844 108 23.118000 11.664000 10.448000 C
845 108 22.379999 11.382000 11.714000 C
846 108 23.186001 11.184000 12.720000 O
847 108 21.164000 11.297000 11.770000 O
848 109 24.049999 14.612000 8.875000 N
849 109 23.228001 15.414000 8.014000 C
850 109 23.910999 15.664000 6.686000 C
851 109 23.306000 15.547000 5.604000 O
852 109 22.910000 16.736000 8.737000 C
853 109 22.166000 16.381001 9.891000 O
854 109 22.086000 17.622000 7.809000 C
855 110 25.204000 15.991000 6.802000 N
856 110 26.025999 16.226000 5.643000 C
857 110 25.952000 15.017000 4.716000 C
858 110 25.579000 15.137000 3.565000 O
859 111 26.285000 13.833000 5.255000 N
860 111 26.302000 12.607000 4.462000 C
861 111 24.969000 12.234000 3.821000 C
862 111 24.912001 11.898000 2.632000 O
863 111 27.041000 11.476000 5.171000 C
864 111 27.129999 10.251000 4.252000 C
865 111 28.441000 11.985000 5.565000 C
866 112 23.909000 12.333000 4.617000 N
867 112 22.541000 12.037000 4.181000 C
868 112 22.152000 12.893000 2.983000 C
869 112 21.306000 12.487000 2.184000 O
870 112 21.542000 12.216000 5.333000 C
871 113 22.830000 14.055000 2.825000 N
872 113 22.604000 14.917000 1.682000 C
873 113 23.187000 14.399000 0.351000 C
874 113 22.907000 14.948000 -0.717000 O
875 114 24.028000 13.355000 0.401000 N
876 114 24.625000 12.810000 -0.830000 C
877 114 23.673000 11.774000 -1.403000 C
878 114 24.049000 10.654000 -1.677000 O
879 114 26.023001 12.170000 -0.576000 C
880 114 27.174999 13.155000 -0.396000 C
881 114 27.177999 14.110000 0.613000 C
882 114 28.270000 13.134000 -1.258000 C
883 114 28.243999 14.999000 0.763000 C
884 114 29.346001 14.023000 -1.134000 C
885 114 29.319000 14.976000 -0.128000 C
886 115 22.448000 12.165000 -1.586000 N
887 115 21.392000 11.315000 -2.087000 C
888 115 21.722000 10.422000 -3.235000 C
889 115 21.423000 9.246000 -3.222000 O
890 115 20.228001 12.180000 -2.575000 C
891 115 19.714001 12.900000 -1.489000 O
892 115 19.187000 11.233000 -3.102000 C
893 116 22.254000 11.014000 -4.291000 N
894 116 22.591000 10.258000 -5.499000 C
895 116 23.726999 9.237000 -5.290000 C
896 116 23.680000 8.115000 -5.775000 O
897 116 22.794001 11.201000 -6.742000 C
898 116 21.570999 12.116000 -6.987000 C
899 116 20.419001 11.691000 -6.814000 O
900 116 21.794001 13.402000 -7.264000 N
901 117 24.763000 9.662000 -4.560000 N
902 117 25.888000 8.805000 -4.237000 C
903 117 25.431000 7.606000 -3.421000 C
904 117 25.808001 6.485000 -3.672000 O
905 117 26.929001 9.564000 -3.449000 C
906 117 27.481001 10.571000 -4.245000 O
907 118 24.625999 7.879000 -2.406000 N
908 118 24.086000 6.839000 -1.505000 C
909 118 23.313000 5.780000 -2.253000 C
910 118 23.424999 4.593000 -1.976000 O
911 118 23.198999 7.422000 -0.361000 C
912 118 23.983999 8.381000 0.583000 C
913 118 23.009001 9.045000 1.547000 C
914 118 25.066000 7.636000 1.391000 C
915 119 22.532000 6.226000 -3.214000 N
916 119 21.725000 5.322000 -4.025000 C
917 119 22.617001 4.416000 -4.854000 C
918 119 22.424000 3.179000 -4.970000 O
919 119 20.802999 6.152000 -4.891000 C
920 119 20.000000 5.283000 -5.835000 C
921 119 19.047001 6.137000 -6.670000 C
922 119 19.625999 6.466000 -7.969000 N
923 119 20.299999 7.590000 -8.252000 C
924 119 20.490999 8.564000 -7.357000 N
925 119 20.781000 7.745000 -9.489000 N
926 120 23.671000 5.054000 -5.385000 N
927 120 24.639999 4.321000 -6.168000 C
928 120 25.400999 3.352000 -5.302000 C
929 120 25.728001 2.267000 -5.722000 O
930 120 25.643000 5.208000 -6.955000 C
931 120 24.981001 5.916000 -8.138000 C
932 120 26.079000 7.212000 -8.714000 S
933 120 24.930000 8.477000 -9.271000 C
934 121 25.747999 3.748000 -4.087000 N
935 121 26.476999 2.768000 -3.271000 C
936 121 25.544001 1.551000 -2.970000 C
937 121 25.914000 0.380000 -3.014000 O
938 121 26.943001 3.419000 -1.950000 C
939 121 28.059000 4.468000 -2.149000 C
940 121 28.228001 5.222000 -0.807000 C
941 121 29.392000 3.820000 -2.522000 C
942 122 24.329000 1.872000 -2.616000 N
943 122 23.400000 0.842000 -2.280000 C
944 122 23.250000 -0.121000 -3.434000 C
945 122 23.052000 -1.329000 -3.243000 O
946 122 22.051001 1.446000 -1.875000 C
947 122 21.216999 0.395000 -1.154000 C
948 122 20.104000 1.004000 -0.347000 C
949 122 20.006001 2.243000 -0.206000 O
950 122 19.270000 0.113000 0.192000 N
951 123 23.344000 0.435000 -4.647000 N
952 123 23.215000 -0.370000 -5.815000 C
953 123 24.465000 -1.045000 -6.193000 C
954 123 24.398001 -1.776000 -7.151000 O
955 123 22.705000 0.382000 -7.035000 C
956 123 21.275000 0.848000 -6.822000 C
957 123 20.798000 1.581000 -8.057000 C
958 123 20.278999 0.956000 -8.985000 O
959 123 21.070000 2.873000 -8.121000 N
960 124 25.569000 -0.784000 -5.486000 N
961 124 26.836000 -1.411000 -5.780000 C
962 124 27.396000 -0.997000 -7.121000 C
963 124 28.124001 -1.762000 -7.755000 O
964 124 26.830999 -2.934000 -5.633000 C
965 124 26.316999 -3.314000 -4.233000 C
966 124 26.788000 -4.674000 -3.697000 C
967 124 26.282000 -4.947000 -2.257000 C
968 124 27.069000 -4.260000 -1.261000 N
969 125 27.117001 0.255000 -7.515000 N
970 125 27.679001 0.802000 -8.745000 C
971 125 28.878000 1.626000 -8.326000 C
972 125 28.813000 2.846000 -8.191000 O
973 125 26.629000 1.626000 -9.474000 C
974 125 25.503000 0.728000 -9.997000 C
975 125 24.243000 1.534000 -10.243000 C
976 125 23.590000 1.281000 -11.525000 N
977 125 22.646999 0.335000 -11.751000 C
978 125 22.205999 -0.513000 -10.813000 N
979 125 22.129999 0.226000 -12.973000 N
980 126 29.962999 0.918000 -8.043000 N
981 126 31.165001 1.513000 -7.469000 C
982 126 31.816000 2.648000 -8.235000 C
983 126 32.088001 3.717000 -7.677000 O
984 126 32.187000 0.460000 -7.019000 C
985 126 31.558001 -0.712000 -6.287000 C
986 126 31.698000 -2.025000 -6.624000 C
987 126 30.766001 -0.675000 -5.091000 C
988 126 31.034000 -2.816000 -5.724000 N
989 126 30.445999 -1.998000 -4.773000 C
990 126 30.274000 0.366000 -4.282000 C
991 126 29.691000 -2.317000 -3.630000 C
992 126 29.511000 0.056000 -3.162000 C
993 126 29.215000 -1.278000 -2.835000 C
994 127 32.082001 2.406000 -9.507000 N
995 127 32.695000 3.419000 -10.341000 C
996 127 31.808001 4.636000 -10.457000 C
997 127 32.286999 5.776000 -10.377000 O
998 127 33.120998 2.840000 -11.720000 C
999 127 34.233002 1.817000 -11.561000 C
1000 127 34.574001 1.328000 -10.515000 O
1001 127 34.801998 1.509000 -12.669000 O
1002 128 30.487000 4.414000 -10.578000 N
1003 128 29.610001 5.550000 -10.684000 C
1004 128 29.530001 6.366000 -9.434000 C
1005 128 29.450001 7.586000 -9.487000 O
1006 128 28.209999 5.134000 -11.126000 C
1007 128 28.337999 4.262000 -12.396000 C
1008 128 27.013000 3.722000 -12.862000 C
1009 128 26.136000 4.674000 -13.155000 O
1010 128 26.797001 2.525000 -12.970000 O
1011 129 29.486000 5.677000 -8.313000 N
1012 129 29.410999 6.370000 -7.039000 C
1013 129 30.683001 7.207000 -6.851000 C
1014 129 30.645000 8.328000 -6.337000 O
1015 129 29.292999 5.322000 -5.923000 C
1016 130 31.820999 6.655000 -7.236000 N
1017 130 33.084999 7.349000 -7.062000 C
1018 130 33.106998 8.632000 -7.860000 C
1019 130 33.574001 9.671000 -7.391000 O
1020 130 34.238998 6.432000 -7.426000 C
1021 131 32.541000 8.586000 -9.063000 N
1022 131 32.471001 9.783000 -9.869000 C
1023 131 31.568001 10.835000 -9.237000 C
1024 131 31.884001 11.995000 -9.169000 O
1025 131 32.041000 9.508000 -11.336000 C
1026 131 31.638000 10.814000 -11.993000 C
1027 131 33.230000 8.943000 -12.085000 C
1028 132 30.409000 10.436000 -8.803000 N
1029 132 29.461000 11.379000 -8.201000 C
1030 132 29.972000 11.973000 -6.865000 C
1031 132 29.756001 13.140000 -6.544000 O
1032 132 28.114000 10.631000 -7.994000 C
1033 132 27.013000 11.550000 -7.508000 C
1034 132 26.766001 11.717000 -6.306000 O
1035 132 26.410000 12.248000 -8.435000 N
1036 133 30.655001 11.112000 -6.079000 N
1037 133 31.177000 11.561000 -4.797000 C
1038 133 32.146000 12.712000 -4.979000 C
1039 133 32.188999 13.575000 -4.131000 O
1040 133 31.864000 10.407000 -4.027000 C
1041 133 30.919001 9.419000 -3.322000 C
1042 133 31.679001 8.123000 -2.958000 C
1043 133 30.304001 10.095000 -2.084000 C
1044 134 32.931999 12.691000 -6.082000 N
1045 134 33.963001 13.697000 -6.375000 C
1046 134 33.410000 15.078000 -6.775000 C
1047 134 34.123001 16.091999 -6.710000 O
1048 134 34.987000 13.151000 -7.375000 C
1049 135 32.146000 15.124000 -7.201000 N
1050 135 31.524000 16.395000 -7.578000 C
1051 135 30.908001 17.018999 -6.319000 C
1052 135 29.677999 17.059999 -6.119000 O
1053 135 30.419001 16.153999 -8.575000 C
1054 135 30.976999 15.378000 -9.710000 C
1055 135 29.858999 15.091000 -10.701000 C
1056 135 30.424000 14.794000 -12.089000 C
1057 135 29.677999 13.773000 -12.857000 N
1058 136 31.780001 17.452000 -5.443000 N
1059 136 31.297001 17.969999 -4.179000 C
1060 136 32.278999 18.958000 -3.589000 C
1061 136 33.495998 18.900999 -3.878000 O
1062 136 31.150999 16.790001 -3.208000 C
1063 136 32.431999 16.148001 -3.031000 O
1064 137 31.750999 19.857000 -2.757000 N
1065 137 32.625000 20.791000 -2.070000 C
1066 137 33.667000 19.996000 -1.267000 C
1067 137 34.838001 20.346001 -1.189000 O
1068 137 31.813999 21.671000 -1.092000 C
1069 137 32.791000 22.525999 -0.275000 C
1070 137 32.098000 23.448999 0.718000 C
1071 137 32.965000 24.534000 1.223000 N
1072 137 33.792000 24.379999 2.267000 C
1073 137 33.888000 23.222000 2.917000 N
1074 137 34.553001 25.400000 2.671000 N
1075 138 33.213001 18.874001 -0.679000 N
1076 138 34.040001 17.959999 0.128000 C
1077 138 35.310001 17.558001 -0.602000 C
1078 138 36.421001 17.725000 -0.135000 O
1079 138 33.201000 16.698000 0.462000 C
1080 138 33.969002 15.572000 1.097000 C
1081 138 34.685001 15.620000 2.269000 C
1082 138 34.073002 14.233000 0.592000 C
1083 138 35.242001 14.389000 2.540000 N
1084 138 34.830002 13.491000 1.545000 C
1085 138 33.561001 13.607000 -0.539000 C
1086 138 35.120998 12.120000 1.372000 C
1087 138 33.819000 12.244000 -0.690000 C
1088 138 34.594002 11.517000 0.258000 C
1089 139 35.134998 17.049999 -1.822000 N
1090 139 36.271000 16.615000 -2.599000 C
1091 139 37.139000 17.806000 -2.959000 C
1092 139 38.349998 17.736000 -2.936000 O
1093 139 35.751999 16.002001 -3.896000 C
1094 139 36.866001 15.534000 -4.766000 C
1095 139 37.405998 14.265000 -4.534000 C
1096 139 37.347000 16.311001 -5.825000 C
1097 139 38.421001 13.756000 -5.330000 C
1098 139 38.384998 15.821000 -6.622000 C
1099 139 38.908001 14.549000 -6.371000 C
1100 139 39.904999 14.044000 -7.138000 O
1101 140 36.515999 18.900999 -3.351000 N
1102 140 37.282001 20.094000 -3.759000 C
1103 140 38.084000 20.747000 -2.625000 C
1104 140 39.203999 21.240000 -2.763000 O
1105 140 36.308998 21.070000 -4.445000 C
1106 140 36.056000 20.615999 -5.870000 C
1107 140 34.972000 20.136999 -6.197000 O
1108 140 37.087002 20.681000 -6.699000 N
1109 141 37.529999 20.705999 -1.456000 N
1110 141 38.215000 21.302999 -0.321000 C
1111 141 39.313999 20.423000 0.286000 C
1112 141 40.353001 20.952999 0.683000 O
1113 141 37.229000 21.771999 0.787000 C
1114 141 36.278000 22.892000 0.345000 C
1115 141 36.958000 24.118999 -0.229000 C
1116 141 36.706001 24.535999 -1.388000 O
1117 141 37.821999 24.705999 0.590000 N
1118 142 39.078999 19.096001 0.428000 N
1119 142 40.068001 18.176001 1.005000 C
1120 142 40.228001 17.034000 0.085000 C
1121 142 39.813999 15.932000 0.364000 O
1122 142 39.608002 17.643999 2.398000 C
1123 142 38.272999 17.112000 2.332000 O
1124 142 39.560001 18.822001 3.378000 C
1125 143 40.830002 17.281000 -1.047000 N
1126 143 40.980999 16.247999 -2.087000 C
1127 143 41.785000 14.993000 -1.741000 C
1128 143 41.409000 13.910000 -2.141000 O
1129 143 41.639999 16.936001 -3.275000 C
1130 143 42.118000 18.288000 -2.756000 C
1131 143 41.547001 18.514999 -1.364000 C
1132 144 42.910999 15.131000 -1.042000 N
1133 144 43.713001 13.953000 -0.756000 C
1134 144 42.967999 12.965000 0.155000 C
1135 144 42.945000 11.763000 -0.047000 O
1136 144 45.077999 14.335000 -0.182000 C
1137 144 45.939999 15.088000 -1.220000 C
1138 144 45.868999 14.852000 -2.434000 O
1139 144 46.794998 15.973000 -0.744000 N
1140 145 42.348000 13.500000 1.179000 N
1141 145 41.604000 12.673000 2.089000 C
1142 145 40.311001 12.135000 1.415000 C
1143 145 39.946999 10.953000 1.561000 O
1144 145 41.210999 13.529000 3.272000 C
1145 145 40.028000 12.872000 3.926000 C
1146 145 39.778000 13.358000 5.304000 C
1147 145 39.058998 12.382000 6.082000 N
1148 145 38.870998 12.719000 7.331000 C
1149 145 39.321999 13.888000 7.734000 N
1150 145 38.236000 11.923000 8.165000 N
1151 146 39.599998 13.013000 0.681000 N
1152 146 38.421001 12.583000 -0.052000 C
1153 146 38.787998 11.420000 -1.028000 C
1154 146 38.088001 10.416000 -1.116000 O
1155 146 37.764999 13.773000 -0.793000 C
1156 147 39.904999 11.535000 -1.763000 N
1157 147 40.314999 10.485000 -2.696000 C
1158 147 40.542000 9.155000 -1.998000 C
1159 147 40.242001 8.086000 -2.560000 O
1160 147 41.582001 10.836000 -3.428000 C
1161 147 41.393002 12.051000 -4.311000 C
1162 147 42.584000 12.315000 -5.214000 C
1163 147 42.415001 13.632000 -5.936000 C
1164 147 43.688000 14.360000 -6.054000 N
1165 148 41.137001 9.215000 -0.792000 N
1166 148 41.348000 7.988000 -0.031000 C
1167 148 40.004002 7.322000 0.317000 C
1168 148 39.831001 6.119000 0.162000 O
1169 148 42.181000 8.219000 1.237000 C
1170 148 43.637001 8.500000 0.942000 C
1171 148 44.444000 8.327000 2.183000 C
1172 148 44.124001 9.418000 3.137000 N
1173 148 44.716000 10.633000 3.221000 C
1174 148 45.648998 10.981000 2.332000 N
1175 148 44.356998 11.502000 4.163000 N
1176 149 39.028999 8.110000 0.758000 N
1177 149 37.729000 7.530000 1.063000 C
1178 149 37.028000 7.042000 -0.199000 C
1179 149 36.407001 5.985000 -0.217000 O
1180 149 36.904999 8.583000 1.764000 C
1181 149 37.616001 8.893000 2.919000 O
1182 149 35.487000 8.100000 2.076000 C
1183 150 37.084999 7.861000 -1.243000 N
1184 150 36.460999 7.477000 -2.505000 C
1185 150 37.035999 6.165000 -3.035000 C
1186 150 36.321999 5.296000 -3.475000 O
1187 150 36.502998 8.616000 -3.563000 C
1188 150 35.551998 9.771000 -3.182000 C
1189 150 36.077999 8.049000 -4.927000 C
1190 150 35.790001 11.050000 -3.987000 C
1191 151 38.360001 6.024000 -3.014000 N
1192 151 38.993999 4.794000 -3.495000 C
1193 151 38.569000 3.596000 -2.695000 C
1194 151 38.438999 2.519000 -3.218000 O
1195 151 40.532001 4.918000 -3.430000 C
1196 151 40.922001 5.873000 -4.394000 O
1197 151 41.233002 3.588000 -3.732000 C
1198 152 38.398998 3.803000 -1.400000 N
1199 152 37.946999 2.735000 -0.510000 C
1200 152 36.542999 2.256000 -0.932000 C
1201 152 36.251999 1.050000 -1.029000 O
1202 152 38.021000 3.198000 0.978000 C
1203 152 39.348999 3.609000 1.248000 O
1204 152 37.716999 1.993000 1.839000 C
1205 153 35.664001 3.233000 -1.237000 N
1206 153 34.334000 2.915000 -1.733000 C
1207 153 34.400002 2.200000 -3.087000 C
1208 153 33.686001 1.241000 -3.369000 O
1209 153 33.499001 4.184000 -1.929000 C
1210 153 32.756001 4.637000 -0.683000 C
1211 153 31.931000 3.763000 0.039000 C
1212 153 32.862000 5.959000 -0.255000 C
1213 153 31.238001 4.198000 1.167000 C
1214 153 32.178001 6.412000 0.872000 C
1215 153 31.379999 5.518000 1.590000 C
1216 154 35.275002 2.679000 -3.950000 N
1217 154 35.398998 2.092000 -5.275000 C
1218 154 35.937000 0.671000 -5.288000 C
1219 154 35.429001 -0.176000 -6.000000 O
1220 154 36.257000 2.988000 -6.183000 C
1221 154 36.055000 2.734000 -7.673000 C
1222 154 37.071999 3.477000 -8.549000 C
1223 154 38.394001 3.632000 -7.917000 N
1224 154 39.459999 2.828000 -8.120000 C
1225 154 39.409000 1.770000 -8.931000 N
1226 154 40.612000 3.083000 -7.489000 N
1227 155 36.945999 0.392000 -4.480000 N
1228 155 37.624001 -0.876000 -4.496000 C
1229 155 37.250000 -1.846000 -3.426000 C
1230 155 37.523998 -3.038000 -3.538000 O
1231 155 39.167000 -0.690000 -4.468000 C
1232 155 39.591999 -0.252000 -3.183000 O
1233 155 39.626999 0.287000 -5.556000 C
1234 156 36.729000 -1.365000 -2.341000 N
1235 156 36.458000 -2.289000 -1.292000 C
1236 156 37.737000 -2.856000 -0.640000 C
1237 156 37.720001 -3.861000 0.046000 O
1238 157 38.862999 -2.207000 -0.806000 N
1239 157 40.084000 -2.638000 -0.156000 C
1240 157 40.660999 -1.432000 0.595000 C
1241 157 40.182999 -0.333000 0.436000 O
1242 157 41.123001 -2.967000 -1.215000 C
1243 157 41.570999 -1.745000 -1.824000 O
1244 157 40.481998 -3.868000 -2.248000 C
1245 158 41.702000 -1.645000 1.379000 N
1246 158 42.419998 -0.611000 2.134000 C
1247 158 43.647999 -0.061000 1.369000 C
1248 158 44.521000 0.586000 1.921000 O
1249 158 42.950001 -1.250000 3.438000 C
1250 158 41.882999 -1.687000 4.366000 C
1251 158 41.639000 -2.947000 4.748000 C
1252 158 40.978001 -0.847000 5.122000 C
1253 158 40.590000 -2.982000 5.648000 N
1254 158 40.174999 -1.712000 5.910000 C
1255 158 40.772999 0.545000 5.196000 C
1256 158 39.202000 -1.233000 6.779000 C
1257 158 39.813999 1.020000 6.058000 C
1258 158 39.026001 0.133000 6.823000 C
1259 159 43.731998 -0.321000 0.081000 N
1260 159 44.869999 0.109000 -0.720000 C
1261 159 45.265999 1.551000 -0.552000 C
1262 159 46.439999 1.843000 -0.500000 O
1263 159 44.687000 -0.176000 -2.208000 C
1264 159 44.620998 -1.665000 -2.525000 C
1265 159 45.130001 -2.435000 -1.586000 O
1266 159 44.102001 -2.102000 -3.537000 O
1267 160 44.307999 2.458000 -0.447000 N
1268 160 44.608002 3.886000 -0.335000 C
1269 160 45.280998 4.244000 0.958000 C
1270 160 45.817001 5.308000 1.102000 O
1271 160 43.362000 4.743000 -0.544000 C
1272 161 45.233002 3.356000 1.907000 N
1273 161 45.807999 3.649000 3.210000 C
1274 161 47.084000 2.907000 3.447000 C
1275 161 47.633999 2.981000 4.534000 O
1276 161 44.839001 3.328000 4.365000 C
1277 161 43.744999 4.328000 4.419000 C
1278 161 42.624001 4.162000 3.609000 C
1279 161 43.880001 5.473000 5.202000 C
1280 161 41.625999 5.145000 3.584000 C
1281 161 42.896000 6.452000 5.187000 C
1282 161 41.764000 6.267000 4.401000 C
1283 161 40.777000 7.212000 4.410000 O
1284 162 47.535000 2.171000 2.445000 N
1285 162 48.765999 1.419000 2.618000 C
1286 162 49.876999 1.951000 1.750000 C
1287 162 50.886002 2.439000 2.275000 O
1288 162 48.567001 -0.068000 2.505000 C
1289 162 47.507999 -0.521000 3.500000 C
1290 162 47.020000 -1.922000 3.175000 C
1291 162 46.388000 -2.635000 4.377000 C
1292 162 46.341000 -4.105000 4.206000 N
