1285
1 1 44.099 -3.416 8.833 N
2 1 43.714 -2.040 9.040 C
3 1 42.262 -2.013 9.542 C
4 1 41.524 -2.965 9.334 O
5 1 43.933 -1.283 7.696 C
6 1 43.120 -0.031 7.494 C
7 1 44.091 1.451 7.782 S
8 1 45.710 0.730 7.557 C
9 2 41.869 -0.930 10.215 N
10 2 40.538 -0.770 10.726 C
11 2 40.130 0.711 10.804 C
12 2 40.937 1.593 10.568 O
13 2 40.435 -1.506 12.077 C
14 2 41.299 -0.917 13.142 C
15 2 41.205 0.287 13.418 O
16 2 42.167 -1.745 13.708 N
17 3 38.893 0.977 11.155 N
18 3 38.331 2.322 11.241 C
19 3 39.168 3.240 12.134 C
20 3 39.419 4.411 11.814 O
21 3 36.821 2.286 11.601 C
22 3 36.118 3.633 11.439 C
23 3 36.590 1.779 13.038 C
24 3 36.489 4.499 10.192 C
25 4 39.631 2.734 13.273 N
26 4 40.453 3.610 14.093 C
27 4 41.754 3.989 13.427 C
28 4 42.173 5.158 13.398 O
29 4 40.743 2.964 15.435 C
30 4 39.492 2.914 16.287 C
31 4 38.599 1.846 16.194 C
32 4 39.195 3.947 17.180 C
33 4 37.438 1.812 16.968 C
34 4 38.059 3.906 17.996 C
35 4 37.164 2.845 17.870 C
36 5 42.456 2.985 12.921 N
37 5 43.733 3.251 12.239 C
38 5 43.545 4.132 11.027 C
39 5 44.383 4.984 10.721 O
40 5 44.489 1.987 11.806 C
41 5 44.819 1.028 12.973 C
42 5 45.295 -0.341 12.533 C
43 5 45.155 -0.761 11.401 O
44 5 45.891 -1.019 13.488 O
45 6 42.424 3.943 10.364 N
46 6 42.080 4.716 9.166 C
47 6 41.885 6.178 9.509 C
48 6 42.556 7.079 8.985 O
49 6 40.768 4.180 8.557 C
50 6 40.402 4.812 7.219 C
51 6 38.644 4.610 6.841 S
52 6 38.583 4.751 5.018 C
53 7 40.962 6.439 10.410 N
54 7 40.733 7.847 10.828 C
55 7 41.990 8.458 11.501 C
56 7 42.291 9.640 11.427 O
57 7 39.552 7.892 11.839 C
58 7 38.164 7.858 11.184 C
59 7 37.060 7.692 12.216 C
60 7 37.964 9.180 10.438 C
61 8 42.737 7.654 12.228 N
62 8 43.894 8.234 12.900 C
63 8 44.834 8.748 11.850 C
64 8 45.453 9.773 12.026 O
65 8 44.550 7.249 13.827 C
66 8 45.973 7.622 14.147 C
67 8 46.061 8.481 15.389 C
68 8 47.424 8.850 15.768 N
69 8 48.258 9.583 15.018 C
70 8 47.948 10.059 13.798 N
71 8 49.468 9.842 15.510 
72 9 44.880 8.049 10.720 N
73 9 45.713 8.474 9.626 C
74 9 45.168 9.733 9.007 C
75 9 45.893 10.682 8.788 O
76 9 45.927 7.420 8.557 C
77 9 46.974 6.408 8.998 C
78 9 46.393 8.099 7.269 C
79 9 46.802 5.089 8.260 C
80 10 43.871 9.779 8.772 N
81 10 43.302 10.956 8.157 C
82 10 43.254 12.221 9.006 C
83 10 43.292 13.311 8.483 O
84 10 41.875 10.664 7.708 C
85 10 41.893 9.807 6.486 C
86 10 42.790 9.863 5.662 O
87 10 40.858 9.030 6.396 O
88 11 43.076 12.108 10.300 N
89 11 42.926 13.297 11.120 C
90 11 44.188 13.721 11.849 C
91 11 44.310 14.855 12.273 O
92 11 41.834 13.024 12.168 C
93 11 40.526 12.698 11.481 C
94 11 39.822 13.881 10.852 C
95 11 40.338 15.040 11.168 O
96 11 38.825 13.762 10.171 O
97 12 45.086 12.777 12.060 N
98 12 46.310 13.020 12.778 C
99 12 46.004 13.101 14.273 C
100 12 44.888 12.811 14.693 O
101 13 47.002 13.481 15.063 N
102 13 46.850 13.629 16.516 C
103 13 47.580 14.859 16.993 C
104 13 48.753 15.036 16.724 O
105 13 47.388 12.402 17.263 C
106 13 47.586 12.606 18.761 C
107 13 46.268 12.954 19.434 C
108 13 48.144 11.336 19.368 C
109 14 46.854 15.702 17.698 N
110 14 47.354 16.934 18.257 C
111 14 46.827 17.135 19.655 C
112 14 45.633 17.058 19.898 O
113 14 47.031 18.132 17.375 C
114 14 47.811 18.017 16.074 C
115 14 47.807 19.269 15.224 C
116 14 48.477 20.406 15.840 N
117 14 48.506 21.601 15.250 
118 14 47.910 21.795 14.065 N
119 14 49.129 22.623 15.851 
120 15 47.768 17.394 20.546 N
121 15 47.541 17.594 21.951 C
122 15 47.245 19.019 22.367 C
123 15 46.928 19.269 23.514 O
124 15 48.656 16.987 22.800 C
125 15 48.877 15.528 22.440 C
126 15 49.810 14.921 23.454 C
127 15 47.535 14.798 22.447 C
128 16 47.310 19.955 21.453 N
129 16 46.985 21.306 21.805 C
130 16 45.848 21.792 20.903 C
131 16 45.701 21.286 19.800 O
132 16 48.215 22.201 21.663 C
133 16 47.832 23.643 21.351 C
134 16 47.509 24.490 22.593 
135 16 46.223 25.339 22.517 
136 16 46.233 26.452 21.521 N
137 17 45.034 22.777 21.336 N
138 17 43.938 23.253 20.481 C
139 17 44.478 23.683 19.138 C
140 17 45.525 24.328 19.068 O
141 17 43.169 24.403 21.096 C
142 17 42.469 23.901 22.339 C
143 17 42.162 25.042 20.122 C
144 17 41.362 24.849 22.759 C
145 18 43.771 23.364 18.070 N
146 18 44.280 23.791 16.773 C
147 18 43.137 24.198 15.877 C
148 18 41.969 24.018 16.243 O
149 18 45.256 22.750 16.138 C
150 18 44.584 21.454 15.714 C
151 18 44.425 20.384 16.597 C
152 18 44.080 21.314 14.419 C
153 18 43.760 19.224 16.187 C
154 18 43.441 20.150 13.980 C
155 18 43.253 19.115 14.888 C
156 18 42.627 17.964 14.485 O
157 19 43.432 24.725 14.689 N
158 19 42.328 25.064 13.798 C
159 19 42.231 24.013 12.706 C
160 19 43.255 23.572 12.174 O
161 19 42.423 26.441 13.198 C
162 19 42.241 27.570 14.192 C
163 19 41.369 28.685 13.632 C
164 19 41.855 30.080 14.021 C
165 19 41.718 31.074 12.944 
166 20 41.022 23.560 12.390 N
167 20 40.936 22.551 11.368 C
168 20 41.052 23.203 9.994 C
169 20 41.289 24.393 9.930 O
170 20 39.767 21.573 11.546 C
171 20 38.420 22.136 11.161 C
172 20 38.457 23.382 10.848 O
173 20 37.391 21.496 11.162 O
174 21 40.875 22.444 8.918 N
175 21 40.985 22.952 7.541 C
176 21 39.992 24.054 7.253 C
177 21 40.262 24.891 6.393 O
178 21 40.844 21.834 6.480 C
179 21 39.511 21.373 6.492 O
180 21 41.738 20.637 6.823 C
181 22 38.849 24.030 7.981 N
182 22 37.790 25.038 7.856 C
183 22 37.972 26.256 8.783 C
184 22 37.177 27.179 8.743 O
185 22 36.399 24.440 8.028 C
186 22 36.210 23.108 7.268 C
187 22 35.673 23.257 5.867 C
188 22 35.820 24.468 5.394 
189 22 35.191 22.328 5.233 
190 23 39.044 26.239 9.605 N
191 23 39.388 27.283 10.561 C
192 23 38.719 27.057 11.934 C
193 23 38.727 27.939 12.778 O
194 24 38.126 25.886 12.179 N
195 24 37.471 25.660 13.473 C
196 24 38.355 25.034 14.503 C
197 24 39.183 24.158 14.221 O
198 24 36.250 24.787 13.396 C
199 24 35.251 25.241 12.384 C
200 24 34.892 26.581 12.290 C
201 24 34.625 24.316 11.553 C
202 24 33.947 27.001 11.354 C
203 24 33.709 24.727 10.587 C
204 24 33.357 26.072 10.497 C
205 24 32.418 26.471 9.567 O
206 25 38.084 25.429 15.740 N
207 25 38.825 24.946 16.886 C
208 25 38.615 23.466 17.117 C
209 25 37.493 23.011 17.350 O
210 25 38.392 25.776 18.098 C
211 25 39.062 27.106 18.064 C
212 25 40.460 27.210 18.041 C
213 25 38.293 28.269 18.029 C
214 25 41.086 28.459 18.012 C
215 25 38.910 29.522 18.017 C
216 25 40.303 29.621 17.997 C
217 25 40.887 30.869 17.978 O
218 26 39.720 22.743 17.087 N
219 26 39.714 21.309 17.190 C
220 26 40.814 20.833 18.126 C
221 26 41.728 21.562 18.477 O
222 26 39.968 20.760 15.727 C
223 26 38.966 21.207 14.854 O
224 26 40.102 19.224 15.586 C
225 27 40.750 19.566 18.504 N
226 27 41.790 19.011 19.332 C
227 27 41.832 17.491 19.175 C
228 27 40.883 16.912 18.712 O
229 27 41.600 19.390 20.801 C
230 27 42.901 19.115 21.591 C
231 27 40.446 18.542 21.334 C
232 27 43.097 19.982 22.812 C
233 28 42.919 16.876 19.586 N
234 28 43.074 15.425 19.601 C
235 28 43.081 14.825 18.231 C
236 28 43.871 15.208 17.384 O
237 29 42.179 13.891 18.021 N
238 29 42.093 13.227 16.740 C
239 29 40.857 13.674 15.982 C
240 29 39.878 12.956 15.858 O
241 29 42.137 11.723 16.918 C
242 29 43.503 11.324 17.481 C
243 29 41.867 11.016 15.597 C
244 29 43.500 9.970 18.186 C
245 30 40.913 14.892 15.475 N
246 30 39.801 15.458 14.734 C
247 30 38.535 15.757 15.565 C
248 30 37.451 15.812 15.018 O
249 31 38.645 15.977 16.877 N
250 31 37.472 16.295 17.684 C
251 31 37.142 17.793 17.606 C
252 31 37.861 18.582 18.215 O
253 31 37.757 15.947 19.153 C
254 31 36.533 16.161 19.972 C
255 31 35.477 15.231 19.985 N
256 31 36.203 17.171 20.786 C
257 31 34.532 15.695 20.764 C
258 31 34.941 16.865 21.272 N
259 32 36.078 18.193 16.858 N
260 32 35.696 19.595 16.753 C
261 32 35.284 20.130 18.084 C
262 32 34.496 19.526 18.788 O
263 32 34.500 19.829 15.839 C
264 32 33.936 21.252 15.930 C
265 32 34.986 22.215 15.414 C
266 32 32.730 21.388 15.015 C
267 33 35.799 21.252 18.452 N
268 33 35.374 21.743 19.711 C
269 33 34.219 22.694 19.513 C
270 33 33.176 22.600 20.169 O
271 33 36.503 22.436 20.475 C
272 33 37.479 21.429 21.023 C
273 33 38.760 22.137 21.415 C
274 33 36.874 20.822 22.272 C
275 34 34.423 23.636 18.601 N
276 34 33.425 24.662 18.338 C
277 34 33.648 25.325 17.007 C
278 34 34.787 25.371 16.541 O
279 34 33.390 25.772 19.471 C
280 34 32.322 26.682 19.293 O
281 34 34.684 26.598 19.630 C
282 35 32.551 25.874 16.466 N
283 35 32.538 26.639 15.240 C
284 35 32.667 28.136 15.527 C
285 35 32.779 28.961 14.631 O
286 35 31.338 26.328 14.372 C
287 35 31.366 24.877 13.905 C
288 35 30.143 24.448 13.107 C
289 35 30.367 23.192 12.268 
290 35 29.116 22.512 11.876 
291 36 32.687 28.484 16.809 N
292 36 32.834 29.874 17.196 C
293 36 34.280 30.294 17.130 C
294 36 35.229 29.559 17.420 O
295 36 32.156 30.279 18.517 C
296 36 33.105 30.738 19.464 O
297 37 34.425 31.518 16.726 N
298 37 35.703 32.139 16.527 C
299 37 36.478 32.435 17.803 C
300 37 37.582 32.980 17.732 O
301 37 35.405 33.425 15.768 C
302 37 33.913 33.456 15.466 C
303 37 33.308 32.187 16.028 C
304 38 35.942 32.038 18.965 N
305 38 36.620 32.311 20.244 C
306 38 37.387 31.156 20.875 C
307 38 36.838 30.094 21.190 O
308 38 35.653 32.907 21.277 C
309 38 36.338 33.032 22.510 O
310 39 38.664 31.405 21.141 N
311 39 39.526 30.422 21.750 C
312 39 39.059 30.115 23.152 C
313 39 39.285 29.048 23.734 O
314 39 40.999 30.890 21.732 C
315 39 41.931 29.898 22.407 C
316 39 41.835 28.557 21.712 C
317 39 43.361 30.381 22.346 C
318 40 38.402 31.089 23.715 N
319 40 37.946 30.889 25.057 C
320 40 36.753 29.993 25.027 C
321 40 36.618 29.049 25.800 O
322 40 37.693 32.219 25.760 C
323 40 38.981 33.002 25.797 C
324 40 39.795 32.789 26.701 O
325 40 39.213 33.830 24.771 
326 41 35.900 30.274 24.087 N
327 41 34.765 29.400 23.979 C
328 41 35.312 27.970 23.739 C
329 41 34.796 26.967 24.215 O
330 41 33.883 29.847 22.830 C
331 42 36.406 27.888 23.001 N
332 42 37.022 26.606 22.722 C
333 42 37.594 26.010 23.994 C
334 42 37.407 24.812 24.294 O
335 42 38.104 26.728 21.644 C
336 43 38.282 26.842 24.768 N
337 43 38.842 26.302 25.974 C
338 43 37.749 25.806 26.901 C
339 43 37.910 24.796 27.579 O
340 43 39.798 27.244 26.649 C
341 43 40.951 27.637 25.763 C
342 43 41.769 28.760 26.376 C
343 43 43.274 28.535 26.343 C
344 43 43.998 29.238 27.429 N
345 44 36.607 26.476 26.857 N
346 44 35.486 26.087 27.700 C
347 44 34.872 24.749 27.281 C
348 44 34.585 23.861 28.095 O
349 44 34.453 27.217 27.881 C
350 44 33.252 26.736 28.476 O
351 45 34.675 24.611 25.987 N
352 45 34.162 23.398 25.443 C
353 45 35.123 22.264 25.798 C
354 45 34.729 21.189 26.238 O
355 45 34.030 23.553 23.928 C
356 45 32.847 24.484 23.605 C
357 45 31.515 23.935 24.096 C
358 45 31.228 22.762 24.070 O
359 45 30.670 24.841 24.519 O
360 46 36.411 22.517 25.673 N
361 46 37.393 21.501 26.015 C
362 46 37.265 20.976 27.446 C
363 46 37.268 19.774 27.722 O
364 46 38.828 22.065 25.853 C
365 46 39.907 21.001 26.095 C
366 46 39.485 19.776 25.355 C
367 46 41.242 21.435 25.503 C
368 47 37.242 21.910 28.385 N
369 47 37.203 21.556 29.791 C
370 47 35.998 20.780 30.143 C
371 47 36.083 19.856 30.929 O
372 47 37.479 22.720 30.758 C
373 47 38.819 23.366 30.488 C
374 47 39.831 22.811 30.029 O
375 47 38.763 24.615 30.789 O
376 48 34.903 21.169 29.503 N
377 48 33.645 20.487 29.693 C
378 48 33.698 19.033 29.121 C
379 48 33.164 18.073 29.681 O
380 48 32.581 21.363 29.048 C
381 48 31.287 20.656 28.703 C
382 48 30.117 21.604 28.519 C
383 48 30.136 22.362 27.208 C
384 48 29.552 21.569 26.118 N
385 49 34.400 18.869 28.004 N
386 49 34.517 17.570 27.343 C
387 49 35.394 16.598 28.112 C
388 49 35.169 15.393 28.170 O
389 49 35.044 17.762 25.915 C
390 50 36.414 17.151 28.695 N
391 50 37.396 16.396 29.411 C
392 50 37.061 16.255 30.892 C
393 50 37.377 15.281 31.551 O
394 50 38.733 17.123 29.216 C
395 50 39.091 17.079 27.734 C
396 50 39.833 16.451 30.014 C
397 50 39.163 15.628 27.217 C
398 51 36.421 17.237 31.454 N
399 51 36.107 17.126 32.854 C
400 51 37.142 17.753 33.775 C
401 51 37.184 17.467 34.971 O
402 52 37.945 18.652 33.256 N
403 52 38.936 19.296 34.101 C
404 52 39.369 20.587 33.481 C
405 52 38.932 20.911 32.384 O
406 52 40.125 18.392 34.346 C
407 52 41.112 18.259 33.185 C
408 52 42.172 17.225 33.532 C
409 52 43.146 16.918 32.492 N
410 52 43.960 17.804 31.949 C
411 52 43.921 19.080 32.311 N
412 52 44.827 17.403 31.012 N
413 53 40.216 21.312 34.187 N
414 53 40.716 22.566 33.665 C
415 53 41.919 22.230 32.834 C
416 53 42.953 21.865 33.374 O
417 53 41.101 23.505 34.827 C
418 53 40.251 24.759 34.891 
419 53 39.137 24.740 35.439 
420 53 40.781 25.857 34.343 N
421 54 41.769 22.258 31.527 N
422 54 42.866 21.821 30.715 C
423 54 43.814 22.887 30.323 C
424 54 44.979 22.592 30.104 O
425 54 42.392 21.222 29.396 C
426 54 41.744 22.226 28.614 O
427 54 41.467 20.062 29.679 C
428 55 43.293 24.067 30.088 N
429 55 44.141 25.114 29.595 C
430 55 44.549 24.822 28.134 C
431 55 45.656 25.165 27.681 O
432 55 45.350 25.361 30.544 C
433 55 46.163 26.648 30.330 C
434 55 45.630 27.751 30.045 O
435 55 47.484 26.504 30.505 N
436 56 43.648 24.161 27.390 N
437 56 43.865 23.901 25.959 C
438 56 44.884 22.830 25.619 C
439 56 45.298 22.669 24.473 O
440 57 45.220 22.041 26.611 N
441 57 46.156 20.957 26.400 C
442 57 45.673 19.651 27.046 C
443 57 45.201 19.664 28.154 O
444 57 47.499 21.378 26.928 C
445 57 48.511 20.249 26.759 C
446 57 47.918 22.616 26.156 C
447 58 45.770 18.514 26.334 N
448 58 45.320 17.234 26.852 C
449 58 46.420 16.215 26.665 C
450 58 47.443 16.468 26.003 O
451 58 43.990 16.773 26.193 C
452 58 44.160 16.628 24.663 C
453 58 42.863 17.779 26.469 C
454 58 42.965 15.941 23.993 C
455 59 46.225 15.077 27.276 N
456 59 47.187 14.034 27.126 C
457 59 46.672 13.095 26.040 C
458 59 45.515 13.139 25.609 O
459 59 47.262 13.274 28.443 C
460 59 46.082 12.496 28.524 O
461 59 47.290 14.272 29.599 C
462 60 47.545 12.198 25.650 N
463 60 47.291 11.224 24.608 C
464 60 46.105 10.353 24.930 C
465 60 45.207 10.074 24.117 O
466 60 48.547 10.390 24.388 C
467 60 48.375 9.288 23.354 C
468 60 49.549 9.194 22.388 C
469 60 49.515 7.915 21.572 C
470 60 49.548 6.707 22.414 
471 61 46.122 9.936 26.165 N
472 61 45.075 9.113 26.688 C
473 61 43.747 9.848 26.583 C
474 61 42.708 9.234 26.345 O
475 61 45.350 8.889 28.175 C
476 61 46.472 7.940 28.400 
477 61 47.322 7.885 27.396 
478 61 46.549 7.271 29.404 
479 62 43.788 11.163 26.848 N
480 62 42.579 11.953 26.802 C
481 62 42.046 12.076 25.389 C
482 62 40.846 12.020 25.173 O
483 62 42.742 13.328 27.434 C
484 62 42.717 13.299 28.972 C
485 62 43.246 14.570 29.592 C
486 62 43.895 15.406 28.985 O
487 62 42.853 14.709 30.819 O
488 63 42.976 12.239 24.446 N
489 63 42.649 12.380 23.031 C
490 63 41.989 11.125 22.484 C
491 63 41.087 11.156 21.669 O
492 63 43.939 12.659 22.260 C
493 64 42.520 10.014 22.949 N
494 64 42.085 8.728 22.566 C
495 64 40.752 8.422 23.142 C
496 64 39.952 7.714 22.525 O
497 64 43.134 7.691 22.975 C
498 64 44.199 7.583 21.884 C
499 64 45.333 6.761 22.352 C
500 64 45.312 6.164 23.422 O
501 64 46.340 6.808 21.515 O
502 65 40.501 8.965 24.317 N
503 65 39.178 8.764 24.901 C
504 65 38.133 9.493 24.087 C
505 65 37.068 8.940 23.828 O
506 65 39.040 9.211 26.340 C
507 65 37.734 8.720 26.961 C
508 65 37.561 9.077 28.437 
509 65 36.397 8.324 29.071 C
510 65 36.329 8.483 30.530 N
511 66 38.430 10.734 23.682 N
512 66 37.488 11.502 22.860 C
513 66 37.216 10.805 21.533 C
514 66 36.085 10.808 21.020 O
515 66 38.051 12.905 22.505 C
516 66 38.081 13.842 23.705 C
517 66 38.538 15.234 23.307 C
518 66 36.683 13.951 24.286 C
519 67 38.292 10.218 21.001 N
520 67 38.264 9.504 19.725 C
521 67 37.316 8.310 19.800 C
522 67 36.413 8.144 18.978 O
523 67 39.694 9.095 19.363 C
524 67 39.855 8.461 18.011 C
525 67 39.124 8.925 16.918 C
526 67 40.803 7.454 17.811 C
527 67 39.308 8.401 15.638 C
528 67 41.009 6.925 16.537 C
529 67 40.249 7.390 15.464 C
530 68 37.498 7.485 20.830 N
531 68 36.605 6.358 21.043 C
532 68 35.148 6.827 21.067 C
533 68 34.233 6.283 20.444 O
534 68 36.946 5.633 22.373 C
535 68 38.146 4.722 22.275 C
536 68 38.342 4.088 21.249 O
537 68 38.942 4.626 23.343 N
538 69 34.906 7.879 21.796 N
539 69 33.544 8.393 21.879 C
540 69 33.038 8.804 20.521 C
541 69 31.891 8.540 20.184 O
542 69 33.446 9.617 22.843 C
543 69 33.636 9.199 24.303 C
544 69 33.827 10.345 25.301 C
545 69 34.033 10.100 26.482 O
546 69 33.770 11.589 24.850 N
547 70 33.904 9.481 19.772 N
548 70 33.529 10.011 18.475 C
549 70 33.184 8.938 17.446 C
550 70 32.228 9.080 16.691 O
551 70 34.547 11.045 17.971 C
552 70 34.506 12.336 18.755 C
553 70 33.635 12.625 19.522 O
554 70 35.582 13.047 18.639 O
555 71 33.962 7.848 17.450 N
556 71 33.734 6.740 16.530 C
557 71 32.412 6.073 16.890 C
558 71 31.522 5.831 16.052 O
559 71 34.941 5.757 16.534 C
560 71 34.642 4.460 15.768 C
561 71 36.173 6.431 15.909 C
562 72 32.254 5.833 18.185 N
563 72 31.037 5.203 18.646 C
564 72 29.806 5.991 18.229 C
565 72 28.813 5.459 17.762 O
566 72 31.090 5.045 20.161 C
567 72 30.016 4.114 20.642 C
568 72 29.813 3.098 19.854 O
569 72 29.396 4.305 21.638 O
570 73 29.871 7.286 18.412 N
571 73 28.735 8.144 18.077 C
572 73 28.444 8.157 16.592 C
573 73 27.287 8.213 16.165 O
574 73 28.981 9.571 18.518 C
575 74 29.509 8.124 15.788 N
576 74 29.309 8.109 14.343 C
577 74 28.618 6.804 13.978 C
578 74 27.679 6.805 13.205 O
579 74 30.629 8.219 13.549 C
580 75 29.105 5.680 14.528 N
581 75 28.439 4.461 14.184 C
582 75 26.963 4.513 14.593 C
583 75 26.085 4.156 13.801 O
584 75 29.105 3.222 14.752 C
585 75 28.276 1.987 14.323 C
586 75 30.495 3.101 14.166 C
587 76 26.707 4.986 15.826 N
588 76 25.351 5.035 16.331 C
589 76 24.479 5.992 15.541 C
590 76 23.342 5.701 15.241 O
591 76 25.243 5.104 17.865 C
592 76 25.295 3.700 18.509 C
593 76 25.693 3.679 19.992 C
594 76 26.536 4.824 20.293 N
595 76 26.338 5.678 21.290 
596 76 25.349 5.510 22.173 
597 76 27.170 6.731 21.408 N
598 77 25.065 7.088 15.088 N
599 77 24.362 8.043 14.287 C
600 77 23.888 7.438 12.986 C
601 77 22.781 7.609 12.540 O
602 78 24.770 6.720 12.360 N
603 78 24.455 6.055 11.125 C
604 78 23.293 5.098 11.339 C
605 78 22.340 5.042 10.580 O
606 78 25.662 5.224 10.606 C
607 78 26.722 6.135 9.971 C
608 78 25.201 4.233 9.528 C
609 78 28.042 5.398 9.691 C
610 79 23.372 4.293 12.377 N
611 79 22.339 3.301 12.528 C
612 79 21.011 3.814 12.901 C
613 79 20.075 3.045 12.869 O
614 79 22.691 2.147 13.448 C
615 79 23.973 1.450 13.052 C
616 79 24.528 0.807 14.298 C
617 79 23.725 0.368 12.003 C
618 80 20.949 5.065 13.312 N
619 80 19.689 5.644 13.695 C
620 80 19.151 6.503 12.572 C
621 80 18.023 6.989 12.604 O
622 80 19.826 6.470 14.980 C
623 80 20.276 5.640 16.190 
624 80 20.004 6.321 17.540 
625 80 21.069 7.232 18.006 
626 80 21.296 8.476 17.540 
627 80 20.559 9.028 16.571 
628 80 22.306 9.188 18.053 N
629 81 19.992 6.703 11.575 N
630 81 19.620 7.499 10.456 C
631 81 18.933 6.667 9.386 C
632 81 19.449 5.667 8.863 O
633 81 20.781 8.348 9.930 C
634 81 20.265 9.314 8.895 C
635 81 19.631 8.919 7.923 O
636 81 20.450 10.591 9.151 N
637 82 17.715 7.095 9.093 N
638 82 16.835 6.443 8.131 C
639 82 17.393 6.380 6.739 C
640 82 17.098 5.475 5.964 O
641 82 15.529 7.205 8.058 C
642 83 18.143 7.397 6.381 N
643 83 18.689 7.415 5.059 C
644 83 19.979 6.674 5.078 C
645 83 20.324 6.017 4.136 O
646 83 18.924 8.831 4.602 C
647 83 17.706 9.714 4.795 C
648 83 17.469 10.599 3.574 
649 83 18.319 10.204 2.359 
650 83 18.823 11.353 1.573 N
651 84 20.682 6.745 6.187 N
652 84 21.965 6.055 6.237 C
653 84 21.945 4.573 6.564 C
654 84 22.742 3.796 6.043 O
655 84 22.996 6.804 7.092 C
656 84 23.145 8.277 6.722 C
657 84 24.112 8.976 7.673 C
658 84 23.677 8.400 5.314 C
659 85 21.091 4.159 7.474 N
660 85 21.129 2.776 7.877 C
661 85 21.131 1.748 6.775 C
662 85 21.887 0.762 6.758 O
663 85 20.045 2.505 8.890 C
664 85 20.022 1.028 9.242 C
665 85 19.361 0.780 10.582 C
666 85 19.586 -0.636 11.065 C
667 85 18.767 -1.561 10.287 N
668 86 20.194 1.920 5.876 N
669 86 20.054 0.959 4.797 C
670 86 21.276 0.852 3.919 C
671 86 21.576 -0.212 3.387 O
672 86 18.864 1.389 3.948 C
673 86 18.402 2.720 4.528 C
674 86 19.227 3.018 5.769 C
675 87 21.995 1.956 3.740 N
676 87 23.178 1.930 2.912 C
677 87 24.232 1.129 3.605 C
678 87 24.822 0.219 3.081 O
679 87 23.697 3.337 2.613 C
680 87 24.932 3.256 1.716 C
681 87 22.567 4.118 1.930 C
682 88 24.426 1.481 4.825 N
683 88 25.398 0.813 5.623 C
684 88 25.086 -0.658 5.718 C
685 88 25.981 -1.507 5.684 O
686 88 25.260 1.410 7.029 C
687 88 26.315 0.936 7.990 C
688 88 27.537 1.597 8.097 C
689 88 26.066 -0.147 8.838 C
690 88 28.498 1.172 9.025 C
691 88 27.021 -0.593 9.751 C
692 88 28.245 0.075 9.850 C
693 88 29.188 -0.335 10.766 O
694 89 23.803 -0.977 5.898 N
695 89 23.482 -2.391 6.031 C
696 89 23.824 -3.144 4.798 C
697 89 24.165 -4.304 4.869 O
698 89 22.031 -2.668 6.362 C
699 89 21.700 -2.405 7.774 C
700 89 22.731 -2.436 8.582 O
701 89 20.574 -2.202 8.107 O
702 90 23.724 -2.495 3.653 N
703 90 24.018 -3.206 2.423 C
704 90 25.503 -3.373 2.088 C
705 90 25.861 -4.046 1.134 O
706 90 23.388 -2.469 1.276 C
707 90 24.182 -1.315 0.993 O
708 91 26.387 -2.700 2.806 N
709 91 27.788 -2.741 2.410 C
710 91 28.598 -3.792 3.109 C
711 91 28.189 -4.273 4.156 O
712 91 28.440 -1.371 2.709 C
713 91 27.879 -0.179 1.900 C
714 91 28.208 1.155 2.567 C
715 91 28.391 -0.204 0.474 C
716 92 29.785 -4.082 2.560 N
717 92 30.747 -4.966 3.193 C
718 92 31.544 -4.215 4.269 C
719 92 31.439 -3.017 4.414 O
720 92 31.729 -5.515 2.173 C
721 92 32.446 -4.409 1.458 C
722 92 31.741 -3.916 0.467 O
723 92 33.558 -4.008 1.779 O
724 93 32.377 -4.920 5.032 N
725 93 33.093 -4.289 6.103 C
726 93 34.019 -3.146 5.765 C
727 93 34.106 -2.216 6.545 O
728 93 33.684 -5.257 7.137 C
729 94 34.733 -3.221 4.655 N
730 94 35.641 -2.155 4.347 C
731 94 34.899 -0.929 3.923 C
732 94 35.170 0.183 4.378 O
733 94 36.588 -2.620 3.274 C
734 94 37.585 -1.535 2.984 C
735 94 37.327 -3.801 3.843 C
736 95 33.927 -1.106 3.054 N
737 95 33.160 0.066 2.607 C
738 95 32.396 0.728 3.739 C
739 95 32.155 1.915 3.702 O
740 95 32.238 -0.234 1.449 C
741 95 32.970 -0.747 0.216 C
742 95 32.014 -0.945 -0.954 C
743 95 32.702 -1.083 -2.249 N
744 95 33.123 -2.261 -2.744 C
745 95 33.000 -3.378 -2.037 N
746 95 33.734 -2.329 -3.945 N
747 96 31.971 -0.049 4.749 N
748 96 31.254 0.544 5.892 C
749 96 32.220 1.513 6.576 C
750 96 31.845 2.584 7.034 O
751 96 30.846 -0.526 6.930 C
752 96 29.702 -1.397 6.462 C
753 96 29.260 -2.463 7.475 C
754 96 28.048 -3.144 7.005 N
755 96 27.570 -4.302 7.441 C
756 96 28.183 -4.926 8.418 N
757 96 26.454 -4.847 6.881 N
758 97 33.497 1.103 6.622 N
759 97 34.475 1.932 7.260 C
760 97 34.559 3.251 6.531 C
761 97 34.688 4.303 7.162 O
762 97 35.823 1.244 7.413 C
763 98 34.434 3.207 5.205 N
764 98 34.486 4.464 4.421 C
765 98 33.327 5.384 4.791 C
766 98 33.445 6.598 4.898 O
767 98 34.446 4.215 2.902 C
768 99 32.163 4.790 4.934 N
769 99 30.964 5.552 5.316 C
770 99 31.149 6.139 6.711 C
771 99 30.833 7.280 6.946 O
772 99 29.711 4.647 5.265 C
773 99 28.399 5.367 5.377 C
774 99 28.180 6.178 4.129 C
775 99 27.296 4.331 5.480 C
776 100 31.713 5.379 7.646 N
777 100 31.914 5.932 8.968 C
778 100 32.866 7.120 8.916 C
779 100 32.654 8.164 9.540 O
780 100 32.469 4.836 9.864 C
781 100 31.430 3.694 9.959 C
782 100 32.816 5.418 11.237 C
783 100 31.928 2.552 10.842 C
784 101 33.932 6.998 8.113 N
785 101 34.886 8.104 7.939 C
786 101 34.194 9.365 7.491 C
787 101 34.443 10.443 8.026 O
788 101 35.919 7.747 6.831 C
789 101 37.160 8.608 6.893 C
790 101 37.051 9.818 6.695 O
791 101 38.338 7.999 7.171 N
792 102 33.358 9.243 6.445 N
793 102 32.647 10.420 5.949 C
794 102 31.787 11.019 7.055 C
795 102 31.746 12.236 7.264 O
796 102 31.790 10.112 4.698 C
797 102 32.585 9.756 3.433 C
798 102 31.537 9.024 2.144 S
799 102 30.674 10.505 1.614 C
800 103 31.062 10.154 7.772 N
801 103 30.212 10.664 8.844 C
802 103 31.011 11.338 9.951 C
803 103 30.645 12.359 10.491 O
804 103 29.202 9.654 9.382 C
805 103 28.504 10.259 10.586 C
806 103 28.133 9.383 8.321 C
807 104 32.140 10.800 10.276 N
808 104 32.947 11.404 11.311 C
809 104 33.405 12.816 10.904 C
810 104 33.395 13.770 11.653 O
811 104 34.152 10.466 11.416 C
812 104 35.069 10.876 12.488 C
813 104 36.041 11.837 12.252 C
814 104 35.020 10.250 13.731 C
815 104 36.930 12.197 13.269 C
816 104 35.927 10.572 14.738 C
817 104 36.881 11.558 14.506 C
818 105 33.728 12.983 9.639 N
819 105 34.204 14.250 9.100 C
820 105 33.127 15.335 8.859 C
821 105 33.311 16.497 9.233 O
822 105 35.053 14.015 7.809 C
823 105 35.586 15.339 7.214 C
824 105 36.364 15.211 5.915 C
825 105 36.397 14.158 5.260 O
826 105 36.975 16.309 5.512 N
827 106 32.022 14.964 8.201 N
828 106 30.963 15.896 7.805 C
829 106 29.691 15.773 8.593 C
830 106 28.771 16.523 8.390 O
831 106 30.548 15.648 6.318 C
832 106 31.649 15.302 5.342 C
833 106 31.017 15.152 3.653 S
834 106 31.621 13.500 3.228 C
835 107 29.559 14.797 9.441 N
836 107 28.313 14.738 10.136 C
837 107 27.292 14.070 9.288 C
838 107 27.393 14.018 8.060 O
839 108 26.333 13.509 9.989 N
840 108 25.248 12.742 9.380 C
841 108 24.507 13.478 8.299 C
842 108 24.069 12.909 7.306 O
843 108 24.169 12.385 10.426 C
844 108 24.473 11.243 11.405 C
845 108 23.268 10.993 12.265 C
846 108 22.126 11.239 11.905 O
847 108 23.576 10.561 13.453 
848 109 24.247 14.740 8.569 N
849 109 23.465 15.520 7.652 C
850 109 24.211 15.701 6.371 C
851 109 23.641 15.529 5.290 O
852 109 22.982 16.872 8.258 C
853 109 22.269 16.649 9.458 O
854 109 22.045 17.588 7.295 C
855 110 25.492 16.034 6.523 N
856 110 26.328 16.232 5.357 C
857 110 26.338 14.978 4.488 C
858 110 26.181 15.054 3.272 O
859 111 26.527 13.809 5.109 N
860 111 26.589 12.611 4.308 C
861 111 25.262 12.257 3.726 C
862 111 25.152 11.842 2.577 O
863 111 27.093 11.469 5.118 C
864 111 27.205 10.267 4.200 C
865 111 28.456 11.882 5.631 C
866 112 24.231 12.411 4.533 N
867 112 22.910 12.085 4.033 C
868 112 22.661 12.865 2.736 C
869 112 21.903 12.421 1.869 O
870 112 21.845 12.276 5.125 C
871 113 23.363 14.021 2.601 N
872 113 23.336 14.892 1.400 C
873 113 23.943 14.269 0.104 C
874 113 23.868 14.805 -0.999 O
875 114 24.627 13.155 0.189 N
876 114 25.145 12.591 -1.032 C
877 114 24.063 11.623 -1.503 C
878 114 24.244 10.454 -1.689 O
879 114 26.481 11.876 -0.760 C
880 114 27.635 12.832 -0.505 C
881 114 27.534 13.823 0.472 C
882 114 28.802 12.754 -1.268 C
883 114 28.572 14.729 0.674 C
884 114 29.872 13.619 -1.056 C
885 114 29.734 14.612 -0.087 C
886 115 22.882 12.105 -1.632 N
887 115 21.813 11.228 -2.008 C
888 115 22.093 10.343 -3.167 C
889 115 21.751 9.157 -3.162 O
890 115 20.591 12.041 -2.430 C
891 115 20.224 12.852 -1.351 O
892 115 19.464 11.081 -2.777 C
893 116 22.557 10.952 -4.244 N
894 116 22.778 10.145 -5.455 C
895 116 23.866 9.078 -5.293 C
896 116 23.768 7.959 -5.805 O
897 116 22.866 10.974 -6.769 C
898 116 21.711 11.957 -6.924 C
899 116 20.547 11.556 -6.969 O
900 116 22.005 13.247 -6.973 N
901 117 24.937 9.441 -4.589 N
902 117 26.033 8.528 -4.332 C
903 117 25.558 7.348 -3.501 C
904 117 25.839 6.194 -3.790 O
905 117 27.114 9.244 -3.557 C
906 117 27.884 10.007 -4.441 O
907 118 24.776 7.682 -2.481 N
908 118 24.216 6.710 -1.555 C
909 118 23.352 5.666 -2.293 C
910 118 23.469 4.482 -2.093 O
911 118 23.438 7.384 -0.358 C
912 118 24.265 8.229 0.659 C
913 118 23.338 8.945 1.655 C
914 118 25.286 7.382 1.417 C
915 119 22.515 6.125 -3.209 N
916 119 21.631 5.251 -3.978 C
917 119 22.429 4.313 -4.880 C
918 119 22.119 3.124 -5.041 O
919 119 20.677 6.162 -4.755 C
920 119 19.824 5.525 -5.844 C
921 119 19.182 6.592 -6.758 C
922 119 19.539 6.469 -8.185 
923 119 20.339 7.310 -8.878 
924 119 20.911 8.393 -8.328 
925 119 20.575 7.053 -10.172 
926 120 23.474 4.879 -5.471 N
927 120 24.336 4.128 -6.323 C
928 120 25.106 3.162 -5.488 C
929 120 25.420 2.083 -5.941 O
930 120 25.358 5.017 -7.017 C
931 120 24.931 5.417 -8.418 C
932 120 25.754 6.961 -8.850 S
933 120 24.521 7.689 -9.941 C
934 121 25.446 3.571 -4.268 N
935 121 26.210 2.644 -3.456 C
936 121 25.335 1.445 -3.114 C
937 121 25.730 0.277 -3.103 O
938 121 26.810 3.321 -2.216 C
939 122 24.112 1.740 -2.836 N
940 122 23.227 0.677 -2.500 C
941 122 23.114 -0.252 -3.694 C
942 122 22.995 -1.462 -3.546 O
943 122 21.847 1.259 -2.177 C
944 122 21.250 0.775 -0.860 C
945 122 20.162 1.736 -0.405 C
946 122 20.285 2.973 -0.555 O
947 122 19.067 1.174 0.087 
948 123 23.144 0.304 -4.903 N
949 123 23.058 -0.555 -6.075 C
950 123 24.359 -1.181 -6.472 C
951 123 24.346 -1.870 -7.485 O
952 123 22.510 0.116 -7.331 C
953 123 21.174 0.810 -7.111 C
954 123 20.840 1.534 -8.387 C
955 123 20.812 0.920 -9.471 
956 123 20.717 2.853 -8.289 N
957 124 25.456 -0.925 -5.719 N
958 124 26.777 -1.507 -5.996 C
959 124 27.408 -1.089 -7.337 C
960 124 28.165 -1.827 -7.993 O
961 124 26.886 -3.016 -5.729 C
962 124 26.146 -3.448 -4.469 C
963 124 26.701 -4.691 -3.782 C
964 124 26.065 -4.905 -2.400 C
965 124 26.837 -4.300 -1.333 N
966 125 27.107 0.135 -7.720 N
967 125 27.659 0.717 -8.935 C
968 125 28.901 1.506 -8.522 C
969 125 28.874 2.733 -8.449 O
970 125 26.559 1.578 -9.542 C
971 125 25.411 0.700 -10.016 C
972 125 24.134 1.477 -10.315 C
973 125 24.185 2.158 -11.606 N
974 125 23.536 3.286 -11.918 
975 125 22.729 3.917 -11.064 
976 125 23.704 3.803 -13.133 N
977 126 29.984 0.762 -8.203 N
978 126 31.220 1.317 -7.702 C
979 126 31.842 2.491 -8.442 C
980 126 32.135 3.527 -7.843 O
981 126 32.230 0.303 -7.103 C
982 126 31.553 -0.789 -6.283 C
983 126 31.643 -2.131 -6.507 C
984 126 30.774 -0.641 -5.077 C
985 126 30.901 -2.818 -5.597 N
986 126 30.358 -1.926 -4.695 C
987 126 30.336 0.467 -4.321 C
988 126 29.594 -2.137 -3.544 C
989 126 29.533 0.254 -3.201 C
990 126 29.171 -1.039 -2.823 C
991 127 32.047 2.354 -9.740 N
992 127 32.646 3.450 -10.499 C
993 127 31.747 4.692 -10.553 C
994 127 32.202 5.843 -10.506 O
995 127 33.168 2.943 -11.854 C
996 127 34.344 1.967 -11.701 C
997 127 34.603 1.328 -10.687 O
998 127 35.086 1.902 -12.767 O
999 128 30.439 4.483 -10.554 N
1000 128 29.575 5.639 -10.567 C
1001 128 29.581 6.416 -9.269 C
1002 128 29.504 7.641 -9.275 O
1003 128 28.181 5.313 -11.090 C
1004 128 28.341 4.539 -12.408 C
1005 128 27.157 3.702 -12.759 C
1006 128 26.094 4.423 -13.064 
1007 128 27.208 2.485 -12.787 
1008 129 29.657 5.696 -8.155 N
1009 129 29.695 6.335 -6.853 C
1010 129 30.933 7.284 -6.784 C
1011 129 30.854 8.420 -6.358 O
1012 129 29.746 5.288 -5.708 C
1013 129 30.122 5.957 -4.358 C
1014 129 28.399 4.574 -5.543 C
1015 130 32.064 6.792 -7.238 N
1016 130 33.290 7.519 -7.171 C
1017 130 33.256 8.749 -8.021 C
1018 130 33.742 9.796 -7.638 O
1019 130 34.427 6.620 -7.532 C
1020 131 32.654 8.639 -9.174 N
1021 131 32.577 9.816 -10.004 C
1022 131 31.703 10.855 -9.362 C
1023 131 32.075 12.018 -9.279 O
1024 131 32.068 9.511 -11.407 C
1025 131 31.427 10.752 -12.001 C
1026 131 33.239 9.077 -12.268 C
1027 132 30.523 10.423 -8.929 N
1028 132 29.580 11.319 -8.287 C
1029 132 30.084 11.879 -6.969 C
1030 132 29.919 13.045 -6.642 O
1031 132 28.232 10.624 -8.028 C
1032 132 27.167 11.551 -7.508 C
1033 132 26.958 11.697 -6.299 O
1034 132 26.480 12.204 -8.433 N
1035 133 30.681 11.068 -6.139 N
1036 133 31.079 11.686 -4.883 C
1037 133 32.118 12.785 -5.058 C
1038 133 32.244 13.672 -4.233 O
1039 133 31.556 10.615 -3.929 C
1040 134 32.884 12.745 -6.144 N
1041 134 33.921 13.758 -6.359 C
1042 134 33.398 15.117 -6.761 C
1043 134 34.083 16.113 -6.657 O
1044 134 35.001 13.295 -7.304 C
1045 135 32.189 15.172 -7.231 N
1046 135 31.619 16.447 -7.593 C
1047 135 31.070 17.047 -6.305 C
1048 135 29.871 17.063 -6.060 O
1049 135 30.492 16.248 -8.611 C
1050 135 30.938 15.703 -9.972 C
1051 135 29.744 15.010 -10.651 C
1052 135 29.496 15.311 -12.120 C
1053 135 28.061 15.239 -12.501 N
1054 136 31.944 17.475 -5.418 N
1055 136 31.442 17.966 -4.167 C
1056 136 32.407 18.933 -3.591 C
1057 136 33.583 18.885 -3.899 O
1058 136 31.261 16.823 -3.157 C
1059 136 32.509 16.126 -2.980 O
1060 137 31.889 19.770 -2.720 N
1061 137 32.739 20.703 -2.026 C
1062 137 33.763 19.923 -1.248 C
1063 137 34.918 20.322 -1.154 O
1064 137 31.927 21.489 -1.000 C
1065 137 32.847 22.334 -0.122 C
1066 137 32.107 23.136 0.946 C
1067 137 32.671 24.457 1.174 N
1068 137 33.603 24.723 2.080 C
1069 137 34.112 23.770 2.869 N
1070 137 34.049 25.979 2.189 N
1071 138 33.284 18.820 -0.640 N
1072 138 34.092 17.906 0.169 C
1073 138 35.393 17.569 -0.563 C
1074 138 36.495 17.795 -0.068 O
1075 138 33.332 16.580 0.411 C
1076 138 34.158 15.458 1.036 C
1077 138 34.878 15.518 2.211 C
1078 138 34.224 14.084 0.605 C
1079 138 35.418 14.283 2.515 N
1080 138 34.991 13.368 1.563 C
1081 138 33.697 13.404 -0.478 C
1082 138 35.260 12.003 1.428 C
1083 138 33.947 12.046 -0.587 C
1084 138 34.731 11.353 0.338 C
1085 139 35.246 17.048 -1.790 N
1086 139 36.422 16.704 -2.615 C
1087 139 37.316 17.918 -2.970 C
1088 139 38.548 17.825 -2.950 O
1089 139 35.947 15.989 -3.920 C
1090 139 37.056 15.515 -4.849 C
1091 139 37.557 16.331 -5.867 C
1092 139 37.569 14.225 -4.730 C
1093 139 38.548 15.867 -6.734 C
1094 139 38.577 13.747 -5.568 C
1095 139 39.047 14.569 -6.591 C
1096 139 40.029 14.108 -7.425 
1097 140 36.698 19.057 -3.318 N
1098 140 37.466 20.259 -3.667 C
1099 140 38.232 20.849 -2.495 C
1100 140 39.338 21.332 -2.649 O
1101 140 36.619 21.315 -4.362 C
1102 140 36.224 20.771 -5.691 C
1103 140 35.105 20.278 -5.875 O
1104 140 37.180 20.755 -6.595 N
1105 141 37.668 20.777 -1.310 N
1106 141 38.373 21.304 -0.152 C
1107 141 39.489 20.436 0.411 C
1108 141 40.529 20.965 0.768 O
1109 141 37.414 21.672 0.973 C
1110 141 36.458 22.756 0.460 C
1111 141 37.124 23.973 -0.162 C
1112 141 36.780 24.432 -1.269 O
1113 141 38.007 24.578 0.603 N
1114 142 39.256 19.124 0.547 N
1115 142 40.250 18.168 1.067 C
1116 142 40.352 16.967 0.146 C
1117 142 39.956 15.843 0.467 O
1118 142 39.837 17.649 2.453 C
1119 142 38.507 17.144 2.358 O
1120 142 39.854 18.816 3.431 C
1121 143 40.927 17.211 -0.987 N
1122 143 41.073 16.237 -2.048 C
1123 143 41.903 14.985 -1.751 C
1124 143 41.578 13.885 -2.197 O
1125 143 41.679 17.031 -3.216 C
1126 143 42.256 18.309 -2.625 C
1127 143 41.727 18.433 -1.196 C
1128 144 43.004 15.114 -1.042 N
1129 144 43.776 13.953 -0.802 C
1130 144 43.018 12.976 0.057 C
1131 144 43.009 11.801 -0.201 O
1132 144 45.217 14.244 -0.290 C
1133 144 46.116 14.909 -1.364 C
1134 144 45.986 14.645 -2.571 O
1135 144 47.021 15.781 -0.937 N
1136 145 42.379 13.484 1.079 N
1137 145 41.604 12.669 1.989 C
1138 145 40.369 12.121 1.276 C
1139 145 40.058 10.929 1.288 O
1140 145 41.118 13.494 3.177 C
1141 145 40.576 12.545 4.267 C
1142 145 39.435 13.100 5.028 C
1143 145 38.848 12.193 6.015 N
1144 145 38.789 12.627 7.254 C
1145 145 39.348 13.781 7.540 N
1146 145 38.221 11.926 8.222 N
1147 146 39.645 13.026 0.644 N
1148 146 38.496 12.580 -0.114 C
1149 146 38.910 11.439 -1.057 C
1150 146 38.252 10.408 -1.108 O
1151 146 37.836 13.724 -0.870 C
1152 147 40.012 11.595 -1.811 N
1153 147 40.470 10.519 -2.721 C
1154 147 40.664 9.195 -2.009 C
1155 147 40.319 8.152 -2.551 O
1156 147 41.762 10.798 -3.524 C
1157 147 41.665 12.079 -4.330 C
1158 147 42.735 12.215 -5.397 C
1159 147 43.338 13.606 -5.441 C
1160 147 42.607 14.485 -6.362 N
1161 148 41.285 9.240 -0.830 N
1162 148 41.503 8.024 -0.072 C
1163 148 40.169 7.350 0.276 C
1164 148 39.971 6.141 0.095 O
1165 148 42.310 8.295 1.201 C
1166 148 43.790 8.473 0.949 C
1167 148 44.586 8.315 2.213 C
1168 148 44.302 9.422 3.130 N
1169 148 44.878 10.638 3.139 C
1170 148 45.802 10.945 2.233 N
1171 148 44.518 11.577 4.014 N
1172 149 39.212 8.151 0.757 N
1173 149 37.916 7.588 1.133 C
1174 149 37.136 7.010 -0.028 C
1175 149 36.535 5.928 0.061 O
1176 149 37.105 8.575 1.936 C
1177 149 35.728 7.967 2.231 C
1178 149 37.834 8.883 3.243 C
1179 150 37.151 7.759 -1.138 N
1180 150 36.455 7.359 -2.367 C
1181 150 36.998 6.057 -2.946 C
1182 150 36.252 5.220 -3.450 O
1183 150 36.385 8.481 -3.434 C
1184 150 35.464 9.605 -2.975 C
1185 150 35.878 7.913 -4.767 C
1186 150 35.745 10.919 -3.717 C
1187 151 38.311 5.900 -2.876 N
1188 151 38.952 4.718 -3.371 C
1189 151 38.541 3.569 -2.553 C
1190 151 38.363 2.486 -3.077 O
1191 151 40.479 4.808 -3.293 C
1192 151 40.852 5.659 -4.338 O
1193 151 41.139 3.437 -3.490 C
1194 152 38.420 3.844 -1.267 N
1195 152 38.076 2.809 -0.346 C
1196 152 36.655 2.341 -0.655 C
1197 152 36.338 1.150 -0.727 O
1198 152 38.313 3.258 1.125 C
1199 152 39.674 3.635 1.324 O
1200 152 37.966 2.149 2.120 C
1201 153 35.804 3.310 -0.907 N
1202 153 34.405 3.061 -1.183 C
1203 153 34.248 2.334 -2.514 C
1204 153 33.424 1.413 -2.672 O
1205 153 33.680 4.435 -1.088 C
1206 153 32.167 4.489 -0.957 C
1207 153 31.666 3.682 0.232 C
1208 153 31.778 5.954 -0.763 C
1209 154 35.060 2.757 -3.471 N
1210 154 35.058 2.194 -4.798 C
1211 154 35.576 0.767 -4.872 C
1212 154 34.983 -0.075 -5.541 O
1213 154 35.914 2.989 -5.782 C
1214 154 35.648 2.502 -7.216 C
1215 154 36.384 3.281 -8.310 C
1216 154 37.786 3.449 -8.015 N
1217 154 38.708 2.585 -8.396 
1218 154 38.370 1.501 -9.103 
1219 154 39.991 2.813 -8.062 N
1220 155 36.722 0.511 -4.241 N
1221 155 37.307 -0.799 -4.323 C
1222 155 36.959 -1.754 -3.244 C
1223 155 37.123 -2.937 -3.420 O
1224 155 38.812 -0.725 -4.408 C
1225 155 39.314 -0.304 -3.150 O
1226 155 39.128 0.279 -5.486 C
1227 156 36.551 -1.272 -2.100 N
1228 156 36.319 -2.225 -1.062 C
1229 156 37.627 -2.815 -0.502 C
1230 156 37.605 -3.858 0.144 O
1231 157 38.771 -2.142 -0.695 N
1232 157 40.071 -2.585 -0.150 C
1233 157 40.710 -1.405 0.562 C
1234 157 40.274 -0.306 0.346 O
1235 157 41.066 -2.888 -1.279 C
1236 157 41.495 -1.659 -1.852 O
1237 157 40.409 -3.740 -2.336 C
1238 158 41.791 -1.625 1.318 N
1239 158 42.502 -0.589 2.066 C
1240 158 43.713 -0.062 1.312 C
1241 158 44.585 0.581 1.887 O
1242 158 43.055 -1.226 3.353 C
1243 158 41.968 -1.632 4.320 C
1244 158 41.662 -2.905 4.646 C
1245 158 41.057 -0.786 5.083 C
1246 158 40.643 -2.918 5.555 N
1247 158 40.258 -1.643 5.865 C
1248 158 40.865 0.593 5.218 C
1249 158 39.293 -1.175 6.759 C
1250 158 39.915 1.046 6.112 C
1251 158 39.130 0.187 6.875 C
1252 159 43.762 -0.346 0.010 N
1253 159 44.923 0.053 -0.771 C
1254 159 45.364 1.501 -0.578 C
1255 159 46.528 1.823 -0.479 O
1256 159 44.849 -0.426 -2.238 C
1257 159 44.669 -1.940 -2.402 C
1258 159 45.084 -2.645 -1.376 O
1259 159 44.157 -2.457 -3.386 O
1260 160 44.428 2.396 -0.492 N
1261 160 44.760 3.789 -0.361 C
1262 160 45.404 4.092 0.949 C
1263 160 45.975 5.152 1.135 O
1264 160 43.541 4.662 -0.578 C
1265 161 45.314 3.169 1.859 N
1266 161 45.886 3.476 3.124 C
1267 161 47.179 2.774 3.387 C
1268 161 47.812 3.011 4.408 O
1269 161 44.896 3.224 4.247 C
1270 161 43.849 4.274 4.274 C
1271 161 42.716 4.148 3.476 C
1272 161 43.985 5.398 5.085 C
1273 161 41.745 5.145 3.485 C
1274 161 43.006 6.391 5.116 C
1275 161 41.884 6.259 4.307 C
1276 161 40.889 7.214 4.344 O
1277 162 47.573 1.906 2.484 N
1278 162 48.811 1.179 2.685 C
1279 162 49.933 1.733 1.822 C
1280 162 50.968 2.176 2.335 O
1281 162 48.631 -0.319 2.528 C
1282 162 47.396 -0.828 3.269 C
1283 162 47.025 -2.274 2.930 
1284 162 46.669 -2.512 1.460 
1285 162 45.593 -3.513 1.264 
