2027
1 5 8.519 -0.751 10.738 N
2 5 7.743 -1.668 11.585 C
3 5 6.786 -2.502 10.667 C
4 5 6.422 -2.085 9.607 O
5 5 6.997 -0.917 12.645 C
6 5 5.784 -0.209 12.221 C
7 5 5.681 1.084 11.797 C
8 5 4.417 -0.667 12.221 C
9 5 4.388 1.418 11.515 N
10 5 3.588 0.375 11.797 C
11 5 3.837 -1.877 12.645 C
12 5 2.216 0.208 11.656 C
13 5 2.465 -2.043 12.504 C
14 5 1.654 -1.001 12.009 C
15 6 6.426 -3.670 11.232 N
16 6 5.499 -4.587 10.526 C
17 6 5.114 -5.671 11.515 C
18 6 5.014 -5.379 12.716 O
19 7 4.901 -6.881 11.020 N
20 7 4.509 -8.048 11.868 C
21 7 5.388 -9.257 11.444 C
22 7 5.064 -10.383 11.868 O
23 7 2.990 -8.298 11.797 C
24 7 2.130 -7.131 12.151 C
25 7 1.790 -6.172 11.162 C
26 7 1.628 -6.964 13.422 C
27 7 0.990 -5.087 11.444 C
28 7 0.810 -5.880 13.775 C
29 7 0.470 -4.962 12.786 C
30 7 -0.348 -3.920 13.140 O
31 8 6.426 -8.966 10.738 N
32 8 7.433 -9.925 10.314 C
33 8 8.377 -10.300 11.444 C
34 8 8.339 -9.674 12.574 O
35 9 9.262 -11.259 11.162 N
36 9 10.243 -11.759 12.151 C
37 9 11.218 -10.634 12.504 C
38 9 11.546 -10.592 13.705 O
39 9 11.012 -12.969 11.656 C
40 9 12.036 -13.511 12.645 C
41 9 11.235 -13.970 13.917 C
42 9 11.947 -15.095 14.623 C
43 9 11.031 -15.679 15.683 N
44 10 11.586 -9.800 11.585 N
45 10 12.598 -8.757 11.797 C
46 10 12.036 -7.381 12.151 C
47 10 12.902 -6.505 12.433 O
48 10 13.509 -8.632 10.596 C
49 10 14.338 -9.883 10.526 C
50 10 14.065 -10.884 9.607 N
51 10 15.417 -10.300 11.303 C
52 10 14.949 -11.801 9.819 C
53 10 15.802 -11.509 10.808 N
54 11 10.749 -7.131 12.009 N
55 11 10.182 -5.755 12.221 C
56 11 8.936 -5.838 13.069 C
57 11 8.149 -4.837 13.140 O
58 11 9.976 -5.046 10.879 C
59 11 9.105 -5.838 9.961 C
60 11 8.690 -6.964 10.243 O
61 11 8.820 -5.254 8.760 N
62 12 8.703 -7.006 13.634 N
63 12 7.543 -7.339 14.482 C
64 12 7.426 -6.547 15.753 C
65 12 8.297 -5.755 16.177 O
66 13 6.259 -6.755 16.460 N
67 13 5.904 -6.047 17.661 C
68 13 6.994 -6.088 18.720 C
69 13 6.969 -5.213 19.639 O
70 13 4.598 -6.755 18.085 C
71 13 3.965 -7.172 16.742 C
72 13 5.193 -7.673 15.965 C
73 14 7.867 -7.047 18.650 N
74 14 8.933 -7.256 19.639 C
75 14 10.117 -6.338 19.356 C
76 14 11.067 -6.297 20.133 O
77 14 9.384 -8.715 19.709 C
78 14 9.825 -9.466 18.508 C
79 14 8.967 -9.966 17.378 C
80 14 7.630 -9.966 17.590 O
81 14 9.438 -10.425 16.389 O
82 15 10.112 -5.588 18.226 N
83 15 11.119 -4.670 17.802 C
84 15 10.650 -3.211 17.802 C
85 15 11.498 -2.294 17.661 O
86 15 11.530 -4.962 16.389 C
87 15 12.354 -6.213 16.177 C
88 15 13.714 -6.172 16.036 N
89 15 11.897 -7.506 15.965 C
90 15 14.111 -7.423 15.824 C
91 15 13.062 -8.257 15.753 N
92 16 9.356 -3.002 18.014 N
93 16 8.801 -1.668 18.014 C
94 16 9.379 -0.709 19.074 C
95 16 9.495 0.500 18.791 O
96 16 7.264 -1.626 18.014 C
97 16 6.600 -2.460 16.954 C
98 16 7.108 -2.961 15.824 C
99 16 5.167 -2.711 16.884 C
100 16 6.139 -3.628 15.118 N
101 16 4.967 -3.461 15.683 C
102 16 4.092 -2.419 17.731 C
103 16 3.693 -3.920 15.329 C
104 16 2.818 -2.877 17.378 C
105 16 2.661 -3.628 16.177 C
106 17 9.682 -1.251 20.204 N
107 17 10.242 -0.459 21.334 C
108 17 11.420 0.375 20.910 C
109 17 11.614 1.459 21.475 O
110 17 10.527 -1.376 22.535 C
111 17 11.802 -2.168 22.394 C
112 17 12.978 -1.751 22.959 N
113 17 11.986 -3.378 21.687 C
114 17 13.882 -2.669 22.606 C
115 17 13.297 -3.670 21.899 N
116 18 12.171 -0.125 19.992 N
117 18 13.386 0.500 19.427 C
118 18 13.125 1.876 18.791 C
119 18 13.966 2.794 19.003 O
120 18 14.138 -0.417 18.508 C
121 18 15.021 -1.460 19.215 C
122 18 15.559 -2.502 18.296 C
123 18 14.511 -3.419 17.731 C
124 18 15.110 -4.379 16.742 N
125 19 12.028 2.002 18.085 N
126 19 11.657 3.253 17.378 C
127 19 10.558 4.003 18.155 C
128 19 10.424 5.212 18.014 O
129 19 11.256 2.961 15.965 C
130 19 12.477 2.877 15.047 C
131 19 13.289 3.836 15.047 O
132 19 12.600 1.835 14.411 O
133 20 9.843 3.211 18.932 N
134 20 8.701 3.711 19.709 C
135 20 8.827 3.211 21.193 C
136 20 8.094 2.252 21.546 O
137 20 7.372 3.378 19.074 C
138 20 7.331 3.586 17.590 C
139 20 7.009 4.795 17.025 C
140 20 7.680 2.544 16.742 C
141 20 7.035 5.004 15.612 C
142 20 7.707 2.669 15.329 C
143 20 7.342 3.961 14.764 C
144 21 9.649 3.836 21.970 N
145 21 9.983 3.544 23.312 C
146 21 8.719 3.419 24.230 C
147 21 8.760 2.627 25.219 O
148 21 10.922 4.629 23.807 C
149 21 11.112 5.629 22.747 C
150 21 10.547 5.004 21.475 C
151 22 7.658 4.087 23.877 N
152 22 6.406 4.045 24.584 C
153 22 5.809 2.627 24.584 C
154 22 4.899 2.293 25.290 O
155 22 5.382 5.046 24.089 C
156 22 4.319 5.254 25.219 C
157 22 4.731 4.587 22.818 C
158 22 3.222 6.297 25.008 C
159 23 6.389 1.835 23.665 N
160 23 6.018 0.417 23.453 C
161 23 6.052 -0.334 24.796 C
162 23 5.375 -1.376 24.937 O
163 23 6.891 -0.209 22.394 C
164 24 6.881 0.167 25.714 N
165 24 7.104 -0.459 26.986 C
166 24 6.468 0.375 28.116 C
167 24 6.900 0.208 29.246 O
168 24 8.568 -0.667 27.268 C
169 24 9.228 -1.501 26.208 C
170 24 10.674 -1.835 26.562 C
171 24 11.022 -3.253 26.208 C
172 24 12.290 -3.670 26.915 N
173 25 5.536 1.209 27.763 N
174 25 4.827 2.127 28.681 C
175 25 3.929 1.459 29.670 C
176 25 3.806 0.250 29.811 O
177 26 3.257 2.293 30.447 N
178 26 2.340 1.960 31.507 C
179 26 0.895 1.710 31.153 C
180 26 0.204 1.084 32.001 O
181 26 2.278 3.127 32.566 C
182 26 3.588 3.503 33.273 C
183 26 4.337 2.377 33.838 C
184 26 3.994 1.710 34.827 O
185 26 5.443 2.168 33.202 O
186 27 0.463 2.168 30.023 N
187 27 -0.963 1.918 29.599 C
188 27 -1.022 1.418 28.186 C
189 27 -1.741 1.960 27.339 O
190 27 -1.806 3.169 29.882 C
191 27 -1.365 4.462 29.175 C
192 27 -2.299 5.588 29.317 C
193 27 -3.585 5.379 28.681 N
194 27 -4.567 6.338 28.681 C
195 27 -4.391 7.464 29.317 N
196 27 -5.646 6.172 27.904 N
197 28 -0.223 0.375 27.904 N
198 28 -0.129 -0.209 26.562 C
199 28 -1.294 -1.209 26.279 C
200 28 -1.790 -1.877 27.197 O
201 28 1.225 -0.876 26.279 C
202 28 2.281 0.167 25.997 C
203 28 2.118 0.876 24.654 C
204 28 2.394 0.334 23.595 O
205 28 1.630 2.127 24.725 N
206 29 -1.689 -1.209 25.008 N
207 29 -2.798 -2.085 24.513 C
208 29 -2.394 -3.002 23.453 C
209 29 -1.430 -2.419 23.030 O
210 29 -3.969 -1.209 24.089 C
211 29 -4.715 -0.667 25.149 O
212 30 -2.913 -4.170 23.312 N
213 30 -4.066 -4.837 23.807 C
214 30 -3.647 -5.504 25.149 C
215 30 -2.458 -5.504 25.502 O
216 30 -4.620 -5.838 22.818 C
217 30 -3.368 -6.338 22.111 C
218 30 -2.527 -5.087 22.323 C
219 31 -4.642 -6.047 25.855 N
220 31 -4.461 -6.755 27.127 C
221 31 -5.443 -7.923 27.127 C
222 31 -6.333 -8.006 26.279 O
223 31 -4.603 -5.796 28.328 C
224 31 -3.755 -4.504 28.186 C
225 31 -6.043 -5.463 28.610 C
226 32 -5.231 -8.757 28.116 N
227 32 -6.074 -9.925 28.398 C
228 32 -7.167 -9.508 29.317 C
229 32 -6.827 -8.840 30.306 O
230 32 -5.306 -11.134 28.893 C
231 32 -6.215 -12.343 29.105 C
232 32 -6.897 -12.719 28.116 O
233 32 -6.210 -12.885 30.235 O
234 33 -8.417 -9.841 29.034 N
235 33 -9.534 -9.466 29.882 C
236 33 -9.883 -10.675 30.730 C
237 33 -10.499 -11.676 30.306 O
238 33 -10.717 -8.924 29.175 C
239 33 -10.264 -7.798 28.257 C
240 33 -11.719 -8.382 30.235 C
241 33 -11.337 -6.922 27.621 C
242 34 -9.489 -10.550 32.001 N
243 34 -9.807 -11.634 33.061 C
244 34 -11.217 -11.259 33.555 C
245 34 -11.358 -10.217 34.262 O
246 34 -8.699 -11.759 34.050 C
247 34 -8.822 -12.719 35.180 C
248 34 -9.939 -13.219 35.533 O
249 34 -7.811 -13.010 35.887 O
250 35 -12.174 -12.010 33.131 N
251 35 -13.571 -11.801 33.414 C
252 35 -13.915 -11.968 34.898 C
253 35 -14.941 -11.426 35.392 O
254 35 -14.442 -12.719 32.496 C
255 35 -14.065 -14.011 32.849 O
256 35 -14.184 -12.427 31.012 C
257 36 -13.074 -12.760 35.604 N
258 36 -13.314 -13.010 37.017 C
259 36 -12.638 -11.885 37.865 C
260 36 -13.037 -11.718 39.065 O
261 36 -12.870 -14.387 37.441 C
262 36 -13.479 -15.471 36.664 C
263 36 -14.815 -15.804 36.876 N
264 36 -12.965 -16.305 35.675 C
265 36 -15.064 -16.805 36.028 C
266 36 -13.983 -17.139 35.321 N
267 37 -11.747 -11.176 37.229 N
268 37 -11.016 -10.050 37.865 C
269 37 -11.546 -8.715 37.441 C
270 37 -11.364 -7.715 38.218 O
271 37 -9.533 -10.258 37.582 C
272 37 -9.059 -10.925 38.712 O
273 37 -8.734 -9.007 37.299 C
274 38 -12.234 -8.632 36.310 N
275 38 -12.873 -7.423 35.816 C
276 38 -13.894 -7.006 36.946 C
277 38 -14.468 -7.923 37.511 O
278 38 -13.506 -7.548 34.474 C
279 39 -14.059 -5.713 37.087 N
280 39 -14.975 -5.213 38.147 C
281 39 -16.237 -4.587 37.582 C
282 39 -16.272 -3.670 36.734 O
283 39 -14.232 -4.212 39.065 C
284 39 -14.558 -4.337 40.478 C
285 39 -15.711 -3.461 40.973 C
286 39 -15.543 -3.128 42.456 C
287 39 -16.696 -2.294 42.951 N
288 40 -17.324 -5.171 38.147 N
289 40 -18.683 -4.670 37.794 C
290 40 -18.806 -3.294 38.430 C
291 40 -18.711 -3.169 39.701 O
292 40 -19.861 -5.588 38.218 C
293 40 -21.154 -4.879 37.935 C
294 40 -21.677 -4.754 36.664 C
295 40 -21.833 -4.295 39.065 C
296 40 -22.921 -4.045 36.522 C
297 40 -23.059 -3.586 38.854 C
298 40 -23.581 -3.503 37.582 C
299 40 -24.765 -2.836 37.370 O
300 41 -18.970 -2.294 37.582 N
301 41 -19.123 -0.917 38.006 C
302 41 -20.507 -0.459 37.582 C
303 41 -20.835 -0.334 36.381 O
304 41 -18.018 -0.042 37.370 C
305 41 -18.195 1.459 37.723 C
306 41 -19.081 1.751 38.500 O
307 41 -17.426 2.293 37.229 O
308 42 -21.338 -0.250 38.642 N
309 42 -22.735 0.167 38.430 C
310 42 -22.899 1.626 38.076 C
311 42 -24.027 2.002 37.653 O
312 42 -23.383 -0.209 39.772 C
313 42 -22.250 -0.167 40.832 C
314 42 -20.980 -0.417 40.054 C
315 43 -21.850 2.377 38.147 N
316 43 -21.886 3.836 37.794 C
317 43 -21.713 4.045 36.310 C
318 43 -21.755 5.212 35.816 O
319 43 -20.807 4.587 38.571 C
320 43 -19.483 4.295 38.076 O
321 44 -21.572 2.961 35.604 N
322 44 -21.442 2.961 34.120 C
323 44 -22.752 3.086 33.414 C
324 44 -23.661 2.252 33.626 O
325 44 -20.630 1.751 33.626 C
326 44 -19.141 2.002 33.485 C
327 44 -18.624 2.710 34.615 C
328 44 -18.384 0.709 33.202 C
329 45 -22.873 4.045 32.566 N
330 45 -24.018 4.337 31.719 C
331 45 -23.943 3.503 30.447 C
332 45 -22.851 3.044 30.023 O
333 45 -24.121 5.796 31.295 C
334 45 -24.306 6.755 32.496 C
335 45 -23.257 7.840 32.566 C
336 45 -22.771 8.090 33.979 C
337 45 -21.514 8.924 33.909 N
338 46 -25.101 3.294 29.811 N
339 46 -25.216 2.544 28.610 C
340 46 -24.494 3.294 27.480 C
341 46 -24.427 4.545 27.551 O
342 46 -26.740 2.335 28.398 C
343 46 -27.413 2.794 29.670 C
344 46 -26.450 3.836 30.235 C
345 47 -23.980 2.544 26.491 N
346 47 -23.302 3.086 25.361 C
347 47 -24.343 3.795 24.442 C
348 47 -25.539 3.378 24.442 O
349 47 -22.630 2.002 24.584 C
350 47 -21.092 1.876 24.584 C
351 47 -20.707 0.876 23.595 C
352 47 -20.439 3.211 24.372 C
353 48 -23.879 4.795 23.807 N
354 48 -24.707 5.588 22.888 C
355 48 -23.973 5.838 21.546 C
356 48 -23.083 6.672 21.405 O
357 48 -25.129 6.922 23.524 C
358 48 -26.080 7.589 22.747 O
359 49 -24.417 5.004 20.628 N
360 49 -23.878 5.046 19.215 C
361 49 -24.963 5.671 18.296 C
362 49 -26.097 5.129 18.226 O
363 49 -23.493 3.628 18.720 C
364 49 -22.693 3.711 17.449 C
365 49 -22.745 2.794 19.780 C
366 50 -24.541 6.714 17.661 N
367 50 -25.412 7.464 16.742 C
368 50 -24.703 7.423 15.329 C
369 50 -23.903 8.340 15.047 O
370 50 -25.651 8.882 17.166 C
371 50 -26.256 8.882 18.508 O
372 51 -25.031 6.380 14.623 N
373 51 -24.382 6.172 13.281 C
374 51 -25.393 6.213 12.080 C
375 51 -24.928 5.921 10.950 O
376 51 -23.595 4.879 13.210 C
377 51 -22.389 4.629 13.987 C
378 51 -21.658 5.629 14.623 C
379 51 -21.950 3.294 14.270 C
380 51 -20.536 5.421 15.400 C
381 51 -20.829 3.044 15.047 C
382 51 -20.122 4.128 15.612 C
383 51 -19.001 3.920 16.389 O
384 52 -26.620 6.589 12.362 N
385 52 -27.686 6.672 11.373 C
386 52 -27.306 7.673 10.243 C
387 52 -27.823 7.464 9.113 O
388 52 -29.047 6.964 12.009 C
389 52 -28.902 8.173 12.928 C
390 52 -28.239 8.048 13.987 O
391 52 -29.450 9.216 12.574 O
392 53 -26.544 8.674 10.596 N
393 53 -26.177 9.716 9.678 C
394 53 -24.749 9.674 9.113 C
395 53 -24.168 10.717 8.689 O
396 53 -26.385 11.092 10.314 C
397 53 -26.768 12.176 9.325 C
398 53 -28.158 11.926 8.760 C
399 53 -28.461 11.801 7.629 O
400 53 -29.056 11.884 9.749 N
401 54 -24.126 8.507 9.184 N
402 54 -22.778 8.257 8.760 C
403 54 -22.562 8.382 7.276 C
404 54 -23.409 8.006 6.428 O
405 54 -22.351 6.839 9.254 C
406 55 -21.403 8.840 6.923 N
407 55 -20.925 9.091 5.581 C
408 55 -19.546 8.465 5.369 C
409 55 -18.503 9.007 5.793 O
410 55 -20.851 10.634 5.298 C
411 55 -22.139 11.092 5.651 O
412 55 -20.526 10.925 3.885 C
413 56 -19.533 7.339 4.662 N
414 56 -18.245 6.630 4.309 C
415 56 -17.786 7.298 3.038 C
416 56 -18.590 7.756 2.190 O
417 56 -18.398 5.129 4.239 C
418 56 -19.476 4.712 3.461 O
419 57 -16.468 7.381 2.896 N
420 57 -15.789 8.006 1.766 C
421 57 -14.928 7.047 0.918 C
422 57 -14.999 7.089 -0.283 O
423 57 -14.869 9.091 2.331 C
424 57 -15.596 10.383 2.826 C
425 57 -14.541 11.426 3.038 C
426 57 -16.601 10.842 1.766 C
427 58 -14.130 6.255 1.625 N
428 58 -13.220 5.296 0.918 C
429 58 -12.648 4.212 1.837 C
430 58 -12.747 4.170 3.038 O
431 58 -12.115 6.172 0.283 C
432 58 -11.305 6.964 1.272 C
433 58 -9.853 6.589 1.272 C
434 58 -9.102 7.381 0.353 N
435 58 -7.833 7.840 0.565 C
436 58 -7.396 7.965 1.837 N
437 58 -7.063 8.132 -0.424 N
438 59 -12.061 3.294 1.060 N
439 59 -11.397 2.085 1.625 C
440 59 -9.987 2.168 1.130 C
441 59 -9.760 2.460 -0.071 O
442 59 -12.116 0.792 1.272 C
443 59 -11.465 -0.334 2.049 C
444 59 -12.114 0.542 -0.212 C
445 59 -12.398 -1.585 2.190 C
446 60 -9.031 2.043 2.049 N
447 60 -7.573 2.127 1.695 C
448 60 -6.756 1.042 2.331 C
449 60 -7.050 0.584 3.461 O
450 60 -7.146 3.544 2.190 C
451 60 -5.664 3.795 2.402 C
452 60 -5.016 4.087 1.060 C
453 60 -5.409 4.879 3.391 C
454 61 -5.761 0.625 1.625 N
455 61 -4.761 -0.375 2.049 C
456 61 -3.487 0.417 2.402 C
457 61 -2.845 0.959 1.413 O
458 61 -4.631 -1.501 1.060 C
459 61 -3.571 -2.544 1.413 C
460 61 -2.602 -2.294 2.119 O
461 61 -3.765 -3.753 0.848 N
462 62 -3.220 0.542 3.673 N
463 62 -2.068 1.293 4.168 C
464 62 -0.799 0.500 4.380 C
465 62 0.225 1.084 4.874 O
466 62 -2.527 2.085 5.439 C
467 62 -2.950 1.209 6.570 C
468 62 -2.559 0.042 6.711 O
469 62 -3.787 1.751 7.488 N
470 63 -0.793 -0.792 4.027 N
471 63 0.323 -1.668 4.168 C
472 63 0.334 -2.502 5.439 C
473 63 1.279 -3.336 5.581 O
474 64 -0.589 -2.294 6.358 N
475 64 -0.645 -3.044 7.559 C
476 64 -2.128 -3.461 7.841 C
477 64 -2.349 -4.337 8.689 O
478 64 -0.104 -2.294 8.760 C
479 64 -0.666 -1.001 9.113 C
480 64 -0.037 0.208 8.830 N
481 64 -1.832 -0.709 9.819 C
482 64 -0.806 1.168 9.325 C
483 64 -1.954 0.667 9.961 N
484 65 -3.054 -2.877 7.135 N
485 65 -4.482 -3.169 7.206 C
486 65 -5.188 -2.335 6.146 C
487 65 -4.558 -1.626 5.369 O
488 65 -5.045 -2.919 8.548 C
489 66 -6.511 -2.460 6.146 N
490 66 -7.382 -1.710 5.228 C
491 66 -8.305 -0.834 6.146 C
492 66 -8.861 -1.334 7.135 O
493 66 -8.150 -2.585 4.239 C
494 66 -9.193 -3.545 4.804 C
495 66 -8.858 -4.837 5.157 C
496 66 -10.511 -3.128 4.945 C
497 66 -9.799 -5.713 5.651 C
498 66 -11.494 -3.962 5.439 C
499 66 -11.116 -5.254 5.793 C
500 67 -8.365 0.417 5.722 N
501 67 -9.165 1.418 6.499 C
502 67 -10.335 1.918 5.581 C
503 67 -10.254 2.210 4.450 O
504 67 -8.294 2.544 6.923 C
505 67 -7.350 2.377 8.053 C
506 67 -6.875 3.336 8.689 O
507 67 -6.972 1.126 8.406 N
508 68 -11.459 2.043 6.287 N
509 68 -12.739 2.544 5.793 C
510 68 -12.838 3.920 6.499 C
511 68 -12.937 3.920 7.700 O
512 68 -13.904 1.585 6.005 C
513 68 -15.240 2.293 5.722 C
514 68 -13.812 0.334 5.157 C
515 69 -12.635 4.962 5.722 N
516 69 -12.654 6.338 6.287 C
517 69 -14.027 7.006 6.146 C
518 69 -14.751 6.755 5.157 O
519 69 -11.574 7.172 5.581 C
520 69 -10.159 6.630 5.722 C
521 69 -9.181 7.006 4.592 C
522 69 -9.625 7.631 3.673 O
523 69 -7.974 6.630 4.874 O
524 70 -14.309 7.881 7.064 N
525 70 -15.541 8.632 7.206 C
526 70 -15.279 10.133 7.347 C
527 70 -14.175 10.592 7.700 O
528 70 -16.342 8.173 8.477 C
529 70 -16.836 6.797 8.406 C
530 70 -16.013 5.713 8.689 C
531 70 -18.208 6.505 8.265 C
532 70 -16.421 4.378 8.618 C
533 70 -18.702 5.212 8.195 C
534 70 -17.818 4.128 8.406 C
535 71 -16.279 10.884 6.923 N
536 71 -16.297 12.343 6.994 C
537 71 -16.537 12.760 8.406 C
538 71 -17.648 12.468 8.901 O
539 71 -17.363 12.844 6.005 C
540 71 -17.571 14.345 6.146 C
541 71 -16.840 15.054 6.782 O
542 71 -18.558 14.762 5.510 O
543 72 -15.550 13.344 9.042 N
544 72 -15.661 13.761 10.455 C
545 72 -15.546 15.262 10.667 C
546 72 -14.949 15.721 11.656 O
547 72 -14.687 12.969 11.303 C
548 72 -13.247 13.302 11.020 C
549 72 -13.038 13.886 9.890 O
550 72 -12.339 13.052 11.797 O
551 73 -16.100 16.013 9.678 N
552 73 -16.118 17.472 9.749 C
553 73 -17.345 17.973 10.526 C
554 73 -17.504 19.182 10.808 O
555 73 -16.025 18.098 8.406 C
556 73 -17.127 17.806 7.559 O
557 74 -18.212 17.014 10.738 N
558 74 -19.506 17.222 11.444 C
559 74 -19.836 15.971 12.221 C
560 74 -19.378 14.887 11.939 O
561 74 -20.633 17.597 10.526 C
562 74 -20.596 18.974 9.890 C
563 74 -21.845 19.265 9.113 C
564 74 -22.724 20.058 9.537 O
565 74 -21.996 18.556 8.053 N
566 75 -20.692 16.138 13.210 N
567 75 -21.187 15.095 14.129 C
568 75 -22.199 14.178 13.422 C
569 75 -23.401 14.136 13.775 O
570 75 -21.732 15.763 15.400 C
571 75 -20.690 16.263 16.318 C
572 75 -19.512 16.472 15.895 O
573 75 -21.046 16.471 17.519 O
574 76 -21.685 13.469 12.433 N
575 76 -22.507 12.552 11.656 C
576 76 -22.649 11.217 12.362 C
577 76 -23.790 10.759 12.645 O
578 76 -21.969 12.385 10.243 C
579 76 -22.370 13.594 9.325 C
580 76 -21.788 13.427 7.912 C
581 76 -21.903 14.762 7.206 C
582 76 -21.188 14.720 5.934 N
583 77 -21.527 10.592 12.645 N
584 77 -21.455 9.299 13.351 C
585 77 -20.694 9.549 14.694 C
586 77 -19.480 9.883 14.623 O
587 77 -20.807 8.257 12.504 C
588 78 -21.440 9.466 15.753 N
589 78 -20.850 9.758 17.096 C
590 78 -21.083 8.715 18.155 C
591 78 -22.047 7.923 18.085 O
592 78 -21.326 11.217 17.449 C
593 78 -20.678 12.260 16.601 C
594 78 -22.863 11.342 17.449 C
595 79 -20.127 8.715 19.074 N
596 79 -20.080 7.798 20.204 C
597 79 -20.112 8.674 21.475 C
598 79 -19.319 9.633 21.546 O
599 79 -18.884 6.964 20.204 C
600 79 -18.824 5.504 20.628 C
601 79 -17.452 5.254 21.263 C
602 79 -19.893 5.087 21.617 C
603 80 -20.992 8.340 22.394 N
604 80 -21.152 9.091 23.665 C
605 80 -21.709 8.090 24.654 C
606 80 -21.958 6.922 24.301 O
607 80 -21.988 10.342 23.595 C
608 80 -23.200 10.383 22.676 C
609 80 -23.700 11.801 22.464 C
610 80 -24.583 11.968 21.263 C
611 80 -25.840 11.134 21.334 N
612 81 -21.826 8.590 25.926 N
613 81 -22.334 7.798 27.056 C
614 81 -21.231 6.797 27.409 C
615 81 -20.071 6.922 27.056 O
616 82 -21.665 5.838 28.257 N
617 82 -20.769 4.754 28.752 C
618 82 -19.788 5.463 29.741 C
619 82 -20.161 6.297 30.518 O
620 83 -18.513 5.087 29.599 N
621 83 -17.392 5.629 30.376 C
622 83 -16.921 6.964 29.882 C
623 83 -16.123 7.673 30.588 O
624 83 -16.269 4.545 30.164 C
625 83 -16.481 4.170 28.681 C
626 83 -17.999 4.045 28.610 C
627 84 -17.377 7.339 28.681 N
628 84 -16.998 8.590 28.045 C
629 84 -17.658 9.799 28.610 C
630 84 -18.769 9.799 29.105 O
631 84 -17.252 8.423 26.562 C
632 84 -16.409 7.423 25.785 C
633 84 -16.853 7.423 24.372 C
634 84 -14.909 7.673 25.926 C
635 85 -16.895 10.884 28.469 N
636 85 -17.286 12.260 28.822 C
637 85 -17.150 13.094 27.480 C
638 85 -16.039 13.302 26.986 O
639 85 -16.427 12.844 29.953 C
640 85 -16.777 12.260 31.295 C
641 85 -18.004 12.218 31.577 O
642 85 -15.869 11.926 32.072 O
643 86 -18.259 13.511 26.986 N
644 86 -18.373 14.303 25.785 C
645 86 -18.616 13.344 24.584 C
646 86 -18.823 12.135 24.725 O
647 87 -18.578 13.969 23.453 N
648 87 -18.826 13.344 22.111 C
649 87 -17.556 13.010 21.334 C
650 87 -16.598 13.803 21.263 O
651 87 -19.648 14.345 21.334 C
652 87 -20.766 14.637 22.182 O
653 87 -20.067 13.803 19.992 C
654 88 -17.555 11.801 20.840 N
655 88 -16.480 11.259 19.992 C
656 88 -16.966 10.967 18.579 C
657 88 -17.979 10.258 18.367 O
658 88 -15.896 10.008 20.698 C
659 88 -15.117 10.216 21.970 C
660 88 -15.728 10.675 23.171 C
661 88 -13.726 10.008 22.041 C
662 88 -14.998 10.884 24.301 C
663 88 -12.996 10.216 23.171 C
664 88 -13.632 10.675 24.301 C
665 88 -12.962 10.884 25.502 O
666 89 -16.215 11.467 17.661 N
667 89 -16.530 11.301 16.248 C
668 89 -15.748 10.133 15.541 C
669 89 -14.522 10.008 15.753 O
670 89 -16.138 12.552 15.400 C
671 89 -17.139 13.719 15.471 C
672 89 -16.729 14.845 14.552 C
673 89 -17.461 16.055 14.906 N
674 89 -17.070 17.264 14.552 C
675 89 -16.014 17.514 13.775 N
676 89 -17.821 18.306 14.976 N
677 90 -16.503 9.382 14.835 N
678 90 -16.002 8.215 14.058 C
679 90 -15.134 8.799 12.857 C
680 90 -15.658 9.633 12.080 O
681 90 -17.136 7.381 13.493 C
682 90 -16.774 6.338 12.433 C
683 90 -15.915 5.254 13.069 C
684 90 -17.957 5.796 11.727 C
685 91 -13.920 8.340 12.786 N
686 91 -12.979 8.757 11.797 C
687 91 -12.722 7.589 10.808 C
688 91 -12.604 7.840 9.537 O
689 91 -11.675 9.341 12.362 C
690 91 -10.801 9.925 11.303 C
691 91 -10.895 8.257 13.140 C
692 91 -9.521 10.675 11.797 C
693 92 -12.613 6.380 11.373 N
694 92 -12.368 5.171 10.596 C
695 92 -12.527 3.878 11.373 C
696 92 -12.602 3.878 12.645 O
697 92 -10.964 5.254 9.961 C
698 92 -9.812 5.379 10.950 C
699 92 -9.069 4.170 11.373 C
700 92 -9.483 3.002 11.162 O
701 92 -7.892 4.378 11.939 N
702 93 -12.557 2.794 10.667 N
703 93 -12.643 1.418 11.162 C
704 93 -11.739 0.542 10.314 C
705 93 -11.512 0.876 9.113 O
706 93 -14.003 0.876 11.303 C
707 93 -14.801 0.375 10.102 C
708 93 -14.379 -0.792 9.466 C
709 93 -15.929 1.042 9.678 C
710 93 -15.109 -1.251 8.336 C
711 93 -16.678 0.584 8.618 C
712 93 -16.237 -0.542 7.912 C
713 94 -11.221 -0.459 10.950 N
714 94 -10.330 -1.460 10.314 C
715 94 -10.380 -2.752 11.162 C
716 94 -11.064 -2.794 12.151 O
717 94 -8.927 -0.917 10.173 C
718 94 -8.380 -0.459 11.515 C
719 94 -8.551 0.834 12.009 N
720 94 -7.740 -1.209 12.504 C
721 94 -7.991 0.876 13.140 C
722 94 -7.486 -0.334 13.493 N
723 95 -9.653 -3.753 10.667 N
724 95 -9.624 -5.046 11.373 C
725 95 -8.166 -5.546 11.515 C
726 95 -7.208 -5.087 10.950 O
727 95 -10.446 -6.088 10.596 C
728 95 -11.873 -5.796 10.173 C
729 95 -12.152 -4.921 9.113 C
730 95 -12.935 -6.464 10.808 C
731 95 -13.426 -4.629 8.760 C
732 95 -14.277 -6.172 10.384 C
733 95 -14.489 -5.254 9.395 C
734 96 -8.088 -6.589 12.362 N
735 96 -6.881 -7.339 12.645 C
736 96 -7.332 -8.799 12.574 C
737 96 -8.351 -9.091 13.210 O
738 96 -6.352 -7.006 14.058 C
739 96 -5.956 -5.588 14.340 C
740 96 -4.711 -5.129 13.987 N
741 96 -6.701 -4.587 14.906 C
742 96 -4.718 -3.878 14.340 C
743 96 -5.890 -3.503 14.906 N
744 97 -6.641 -9.591 11.727 N
745 97 -7.013 -10.967 11.515 C
746 97 -5.751 -11.843 11.585 C
747 97 -4.622 -11.301 11.515 O
748 97 -7.835 -11.217 10.243 C
749 97 -7.138 -10.717 9.042 C
750 97 -6.362 -11.426 8.195 C
751 97 -7.137 -9.383 8.548 C
752 97 -5.848 -10.634 7.206 N
753 97 -6.312 -9.341 7.347 C
754 97 -7.717 -8.173 8.972 C
755 97 -6.085 -8.215 6.640 C
756 97 -7.472 -7.006 8.195 C
757 97 -6.708 -7.047 7.064 C
758 98 -5.940 -13.136 11.656 N
759 98 -4.848 -14.095 11.727 C
760 98 -4.773 -14.929 10.455 C
761 98 -5.601 -14.762 9.537 O
762 99 -3.815 -15.804 10.384 N
763 99 -3.582 -16.722 9.325 C
764 99 -4.540 -17.889 9.395 C
765 99 -4.923 -18.473 8.406 O
766 99 -2.130 -17.180 9.325 C
767 99 -1.863 -17.848 10.596 O
768 100 -4.956 -18.181 10.667 N
769 100 -5.884 -19.265 10.950 C
770 100 -6.995 -18.682 11.939 C
771 100 -6.825 -17.597 12.433 O
772 100 -5.220 -20.433 11.515 C
773 100 -4.358 -21.392 10.667 C
774 100 -4.887 -21.350 9.254 C
775 100 -2.882 -21.059 10.738 C
776 101 -8.014 -19.474 12.080 N
777 101 -9.175 -19.099 12.928 C
778 101 -8.921 -19.099 14.411 C
779 101 -9.763 -18.515 15.188 O
780 101 -10.388 -19.974 12.504 C
781 101 -10.892 -19.891 11.162 C
782 101 -10.623 -18.890 10.455 O
783 101 -11.532 -20.850 10.667 O
784 102 -7.896 -19.724 14.906 N
785 102 -7.477 -19.849 16.248 C
786 102 -6.771 -18.556 16.813 C
787 102 -6.486 -18.473 18.014 O
788 103 -6.489 -17.639 15.895 N
789 103 -5.794 -16.388 16.177 C
790 103 -6.256 -15.262 15.329 C
791 103 -6.791 -15.512 14.270 O
792 103 -4.281 -16.638 16.107 C
793 103 -3.827 -16.972 14.694 C
794 103 -2.333 -17.306 14.694 C
795 103 -1.846 -17.973 15.612 O
796 103 -1.606 -16.805 13.705 N
797 104 -6.025 -14.011 15.753 N
798 104 -6.396 -12.802 15.047 C
799 104 -6.727 -11.593 15.824 C
800 104 -6.403 -10.467 15.400 O
801 105 -7.430 -11.801 16.884 N
802 105 -7.882 -10.675 17.802 C
803 105 -6.614 -10.175 18.508 C
804 105 -5.565 -10.800 18.579 O
805 105 -9.018 -11.051 18.720 C
806 105 -8.617 -12.051 19.639 O
807 106 -6.762 -8.966 19.074 N
808 106 -5.665 -8.298 19.780 C
809 106 -5.923 -8.507 21.263 C
810 106 -5.015 -8.924 22.041 O
811 106 -5.573 -6.839 19.427 C
812 106 -5.162 -6.589 18.014 C
813 106 -4.448 -5.338 17.731 C
814 106 -4.912 -4.212 17.873 O
815 106 -3.252 -5.546 17.237 O
816 107 -7.144 -8.215 21.687 N
817 107 -7.640 -8.382 23.100 C
818 107 -8.024 -9.883 23.100 C
819 107 -8.346 -10.425 22.041 O
820 107 -8.757 -7.506 23.453 C
821 107 -8.391 -6.047 23.524 C
822 107 -8.438 -5.254 22.394 N
823 107 -8.026 -5.296 24.584 C
824 107 -8.036 -4.045 22.818 C
825 107 -7.812 -4.003 24.089 N
826 108 -7.953 -10.467 24.301 N
827 108 -8.307 -11.843 24.513 C
828 108 -9.260 -11.843 25.714 C
829 108 -9.316 -10.800 26.420 O
830 108 -7.124 -12.802 24.725 C
831 108 -6.375 -12.260 25.785 O
832 108 -6.237 -12.969 23.453 C
833 109 -9.998 -12.885 25.926 N
834 109 -10.958 -13.052 26.986 C
835 109 -10.629 -14.387 27.692 C
836 109 -10.720 -15.429 27.056 O
837 109 -12.409 -12.927 26.491 C
838 109 -13.478 -13.094 27.480 C
839 109 -12.591 -11.593 25.714 C
840 110 -10.173 -14.261 28.893 N
841 110 -9.735 -15.471 29.670 C
842 110 -8.746 -16.263 28.822 C
843 110 -8.770 -17.472 28.752 O
844 110 -10.950 -16.221 30.235 C
845 110 -11.671 -15.471 31.365 C
846 110 -11.007 -14.553 31.931 O
847 110 -12.855 -15.638 31.648 O
848 111 -7.897 -15.471 28.186 N
849 111 -6.822 -15.971 27.339 C
850 111 -7.308 -16.430 25.926 C
851 111 -6.423 -16.847 25.149 O
852 111 -6.067 -17.097 28.045 C
853 111 -5.331 -16.638 29.317 C
854 111 -4.128 -15.804 28.964 C
855 111 -2.977 -15.929 29.953 C
856 111 -3.143 -14.970 31.083 N
857 112 -8.577 -16.430 25.714 N
858 112 -9.185 -16.847 24.442 C
859 112 -9.019 -15.846 23.312 C
860 112 -9.354 -14.637 23.453 O
861 112 -10.674 -17.139 24.584 C
862 112 -11.410 -17.472 23.312 C
863 112 -12.917 -17.556 23.524 C
864 112 -13.677 -17.389 22.182 C
865 112 -13.542 -18.598 21.334 N
866 113 -8.553 -16.305 22.182 N
867 113 -8.326 -15.512 20.981 C
868 113 -9.416 -15.804 19.921 C
869 113 -9.831 -16.930 19.709 O
870 113 -7.008 -15.804 20.345 C
871 113 -5.795 -16.013 21.263 C
872 113 -4.610 -16.597 20.486 C
873 113 -3.282 -16.180 21.122 C
874 113 -2.140 -16.722 20.345 N
875 114 -9.867 -14.678 19.356 N
876 114 -10.915 -14.762 18.296 C
877 114 -10.205 -14.720 16.884 C
878 114 -9.034 -14.470 16.813 O
879 114 -11.976 -13.678 18.438 C
880 114 -12.911 -13.886 19.568 C
881 114 -12.602 -13.386 20.840 C
882 114 -14.070 -14.595 19.427 C
883 114 -13.494 -13.594 21.970 C
884 114 -14.944 -14.804 20.486 C
885 114 -14.677 -14.303 21.758 C
886 114 -15.575 -14.553 22.747 O
887 115 -11.015 -15.012 15.895 N
888 115 -10.647 -15.054 14.482 C
889 115 -10.177 -13.719 13.987 C
890 115 -9.297 -13.636 13.069 O
891 115 -11.854 -15.596 13.705 C
892 116 -10.775 -12.635 14.482 N
893 116 -10.470 -11.259 14.129 C
894 116 -11.044 -10.300 15.188 C
895 116 -11.796 -10.675 16.107 O
896 116 -10.913 -10.925 12.716 C
897 117 -10.648 -9.049 14.976 N
898 117 -11.100 -7.965 15.895 C
899 117 -11.307 -6.672 15.047 C
900 117 -10.421 -6.297 14.270 O
901 117 -10.156 -7.673 17.025 C
902 117 -10.451 -6.714 18.155 C
903 117 -9.629 -6.839 19.427 C
904 117 -9.020 -7.881 19.709 O
905 117 -9.600 -5.755 20.133 O
906 118 -12.454 -6.088 15.188 N
907 118 -12.886 -4.837 14.552 C
908 118 -12.698 -3.628 15.471 C
909 118 -13.206 -3.628 16.601 O
910 118 -14.374 -5.004 14.199 C
911 118 -15.099 -3.711 13.705 C
912 118 -14.444 -3.169 12.504 C
913 118 -16.581 -3.962 13.493 C
914 119 -12.014 -2.627 14.976 N
915 119 -11.771 -1.376 15.683 C
916 119 -12.380 -0.167 14.906 C
917 119 -12.000 0.167 13.775 O
918 119 -10.350 -1.084 15.965 C
919 119 -9.589 -2.043 16.813 C
920 119 -8.295 -2.377 16.601 N
921 119 -10.078 -2.794 17.873 C
922 119 -7.937 -3.211 17.519 C
923 119 -8.993 -3.545 18.296 N
924 120 -13.266 0.500 15.683 N
925 120 -13.924 1.751 15.259 C
926 120 -13.291 2.877 16.107 C
927 120 -13.518 3.002 17.307 O
928 120 -15.431 1.668 15.471 C
929 120 -16.253 0.667 14.694 C
930 120 -16.498 -0.584 15.471 C
931 120 -17.595 1.251 14.270 C
932 121 -12.466 3.670 15.400 N
933 121 -11.778 4.795 16.036 C
934 121 -12.546 6.088 16.036 C
935 121 -13.124 6.505 14.976 O
936 121 -10.398 4.962 15.329 C
937 122 -12.584 6.714 17.166 N
938 122 -13.299 8.006 17.449 C
939 122 -12.330 8.924 18.155 C
940 122 -11.465 8.423 18.932 O
941 122 -14.526 7.798 18.226 C
942 122 -15.459 6.672 17.873 C
943 122 -15.087 5.338 18.085 N
944 122 -16.739 6.714 17.378 C
945 122 -16.129 4.629 17.661 C
946 122 -17.129 5.421 17.237 N
947 123 -12.506 10.216 18.014 N
948 123 -11.733 11.259 18.650 C
949 123 -12.685 12.260 19.356 C
950 123 -13.734 12.593 18.791 O
951 123 -10.792 12.010 17.661 C
952 123 -11.376 12.593 16.460 C
953 123 -11.575 11.926 15.259 C
954 123 -11.833 13.928 16.248 C
955 123 -12.147 12.802 14.340 N
956 123 -12.295 14.011 14.906 C
957 123 -11.840 15.054 17.096 C
958 123 -12.806 15.220 14.411 C
959 123 -12.333 16.221 16.530 C
960 123 -12.814 16.305 15.259 C
961 124 -12.211 12.760 20.486 N
962 124 -12.987 13.719 21.334 C
963 124 -13.083 15.054 20.557 C
964 124 -12.046 15.721 20.345 O
965 124 -12.312 13.803 22.676 C
966 124 -13.186 14.470 23.736 C
967 124 -14.009 15.304 23.453 O
968 124 -12.962 14.095 25.008 N
969 125 -14.315 15.387 20.204 N
970 125 -14.625 16.597 19.427 C
971 125 -14.278 17.889 20.063 C
972 125 -13.308 18.598 19.780 O
973 125 -16.137 16.597 19.003 C
974 125 -16.834 16.638 20.204 O
975 125 -16.472 15.387 18.155 C
976 127 -13.781 17.681 22.252 N
977 127 -13.446 19.057 22.606 C
978 127 -12.146 19.516 22.041 C
979 127 -11.866 20.725 22.111 O
980 127 -13.406 19.182 24.089 C
981 127 -12.077 18.807 24.725 C
982 127 -12.036 18.807 26.208 C
983 127 -12.415 17.472 26.844 C
984 127 -12.057 17.472 28.257 N
985 128 -11.316 18.640 21.475 N
986 128 -10.016 18.932 20.910 C
987 128 -9.989 19.390 19.497 C
988 128 -8.793 19.682 19.003 O
989 128 -9.003 17.722 21.122 C
990 128 -8.987 17.264 22.535 C
991 128 -8.519 18.139 23.524 C
992 128 -9.482 16.013 22.959 C
993 128 -8.527 17.764 24.866 C
994 128 -9.429 15.596 24.230 C
995 128 -9.003 16.513 25.219 C
996 128 -8.968 16.138 26.562 O
997 129 -11.086 19.516 18.791 N
998 129 -11.164 20.016 17.449 C
999 129 -10.723 19.224 16.248 C
1000 129 -11.386 19.349 15.188 O
1001 130 -9.674 18.473 16.318 N
1002 130 -9.208 17.639 15.188 C
1003 130 -8.544 16.388 15.753 C
1004 130 -8.259 16.346 16.954 O
1005 130 -8.353 18.390 14.199 C
1006 130 -6.993 18.848 14.552 C
1007 130 -5.968 18.098 14.552 O
1008 130 -6.829 20.058 14.906 O
1009 131 -8.323 15.429 14.906 N
1010 131 -7.690 14.136 15.259 C
1011 131 -6.257 14.303 15.824 C
1012 131 -5.953 13.761 16.954 O
1013 131 -7.737 13.094 14.129 C
1014 131 -6.999 11.843 14.411 C
1015 131 -7.610 10.800 15.118 C
1016 131 -5.675 11.634 13.917 C
1017 131 -6.915 9.591 15.400 C
1018 131 -5.022 10.467 14.199 C
1019 131 -5.633 9.424 14.906 C
1020 132 -5.475 15.012 15.118 N
1021 132 -4.054 15.304 15.400 C
1022 132 -3.806 15.929 16.742 C
1023 132 -2.733 15.721 17.378 O
1024 133 -4.789 16.680 17.237 N
1025 133 -4.754 17.347 18.579 C
1026 133 -5.177 16.430 19.709 C
1027 133 -4.599 16.555 20.769 O
1028 133 -5.565 18.640 18.579 C
1029 133 -4.845 19.849 17.943 C
1030 133 -3.675 20.308 18.862 C
1031 133 -3.143 21.642 18.296 C
1032 133 -2.101 22.226 19.215 N
1033 134 -6.128 15.554 19.427 N
1034 134 -6.684 14.595 20.416 C
1035 134 -5.623 13.552 20.769 C
1036 134 -5.662 13.052 21.899 O
1037 134 -7.946 13.969 19.851 C
1038 135 -4.786 13.219 19.851 N
1039 135 -3.689 12.218 20.063 C
1040 135 -2.604 12.844 20.981 C
1041 135 -1.512 12.260 21.052 O
1042 135 -3.187 11.593 18.791 C
1043 135 -4.223 10.800 18.014 C
1044 135 -2.563 12.635 17.873 C
1045 136 -2.922 13.969 21.546 N
1046 136 -1.966 14.678 22.464 C
1047 136 -2.633 14.803 23.877 C
1048 136 -2.061 15.387 24.796 O
1049 136 -1.520 16.013 21.899 C
1050 136 -0.871 15.971 20.557 C
1051 136 -0.663 17.305 19.921 C
1052 136 -0.240 17.431 18.791 O
1053 136 -0.908 18.390 20.698 N
1054 137 -3.761 14.136 23.948 N
1055 137 -4.544 14.095 25.149 C
1056 137 -4.776 12.677 25.714 C
1057 137 -4.916 11.759 24.937 O
1058 137 -5.916 14.803 25.008 C
1059 137 -5.763 16.221 24.584 C
1060 137 -5.100 17.097 25.643 C
1061 137 -4.367 18.014 25.290 O
1062 137 -5.327 16.722 26.844 N
1063 138 -4.766 12.593 26.986 N
1064 138 -4.926 11.301 27.763 C
1065 138 -6.304 10.675 27.480 C
1066 138 -6.469 9.466 27.621 O
1067 138 -4.757 11.676 29.246 C
1068 138 -5.160 13.177 29.317 C
1069 138 -4.554 13.719 27.975 C
1070 139 -7.237 11.509 27.127 N
1071 139 -8.658 11.092 26.844 C
1072 139 -9.058 11.551 25.431 C
1073 139 -10.223 11.801 25.149 O
1074 139 -9.574 11.634 27.904 C
1075 139 -9.708 13.177 27.763 C
1076 139 -8.792 13.803 27.197 O
1077 139 -10.734 13.719 28.257 O
1078 140 -8.050 11.593 24.513 N
1079 140 -8.213 12.010 23.171 C
1080 140 -8.999 11.092 22.252 C
1081 140 -9.699 11.593 21.334 O
1082 141 -8.883 9.758 22.464 N
1083 141 -9.559 8.799 21.617 C
1084 141 -10.469 7.840 22.323 C
1085 141 -10.416 7.631 23.595 O
1086 141 -8.503 7.965 20.840 C
1087 141 -7.580 8.757 19.921 C
1088 141 -6.421 7.923 19.568 C
1089 141 -8.274 9.299 18.650 C
1090 142 -11.334 7.214 21.546 N
1091 142 -12.341 6.213 21.970 C
1092 142 -12.346 5.129 20.840 C
1093 142 -12.734 5.463 19.709 O
1094 142 -13.702 6.797 22.111 C
1095 143 -11.944 3.920 21.263 N
1096 143 -11.942 2.836 20.274 C
1097 143 -12.968 1.793 20.769 C
1098 143 -12.963 1.334 21.899 O
1099 143 -10.521 2.293 20.063 C
1100 143 -10.482 1.209 18.932 C
1101 143 -9.556 3.419 19.639 C
1102 144 -13.820 1.501 19.780 N
1103 144 -14.900 0.500 19.992 C
1104 144 -14.393 -0.792 19.356 C
1105 144 -14.251 -0.876 18.155 O
1106 144 -16.144 1.042 19.356 C
1107 144 -17.457 0.876 20.133 C
1108 144 -18.626 1.084 19.215 C
1109 144 -17.512 -0.459 20.840 C
1110 145 -14.144 -1.793 20.204 N
1111 145 -13.625 -3.086 19.851 C
1112 145 -14.735 -4.170 19.851 C
1113 145 -15.530 -4.253 20.769 O
1114 146 -14.758 -4.921 18.791 N
1115 146 -15.710 -6.005 18.508 C
1116 146 -14.965 -7.214 17.943 C
1117 146 -14.170 -7.131 17.025 O
1118 146 -16.818 -5.546 17.519 C
1119 146 -17.563 -4.379 18.085 C
1120 146 -17.751 -6.714 17.166 C
1121 146 -18.453 -3.586 17.237 C
1122 147 -15.258 -8.340 18.579 N
1123 147 -14.611 -9.633 18.226 C
1124 147 -15.470 -10.300 17.096 C
1125 147 -16.690 -10.175 17.025 O
1126 147 -14.412 -10.592 19.427 C
1127 147 -13.639 -10.091 20.557 C
1128 147 -12.272 -9.925 20.557 C
1129 147 -14.311 -9.883 21.829 C
1130 147 -11.523 -9.508 21.617 C
1131 147 -13.563 -9.424 22.888 C
1132 147 -12.178 -9.257 22.818 C
1133 148 -14.694 -11.009 16.248 N
1134 148 -15.253 -11.718 15.118 C
1135 148 -14.906 -13.219 15.259 C
1136 148 -13.765 -13.594 15.471 O
1137 148 -14.709 -11.217 13.846 C
1138 148 -15.421 -10.050 13.140 C
1139 148 -15.258 -8.799 13.987 C
1140 148 -14.968 -9.841 11.727 C
1141 149 -15.998 -14.011 15.188 N
1142 149 -15.888 -15.471 15.259 C
1143 149 -16.435 -16.055 13.917 C
1144 149 -17.294 -15.429 13.281 O
1145 149 -16.628 -16.096 16.460 C
1146 149 -18.098 -15.971 16.530 C
1147 149 -18.649 -16.722 17.661 C
1148 149 -20.186 -16.597 17.661 C
1149 149 -20.792 -17.014 19.003 N
1150 150 -15.916 -17.180 13.563 N
1151 150 -16.311 -17.889 12.292 C
1152 150 -17.537 -18.765 12.574 C
1153 150 -17.606 -19.557 13.493 O
1154 150 -15.096 -18.682 11.727 C
1155 150 -15.509 -19.516 10.526 C
1156 150 -13.912 -17.764 11.444 C
1157 151 -18.512 -18.515 11.727 N
1158 151 -19.836 -19.182 11.727 C
1159 151 -20.572 -18.723 10.455 C
1160 151 -20.064 -18.890 9.325 O
1161 152 -21.756 -18.181 10.738 N
1162 152 -22.675 -17.681 9.678 C
1163 152 -22.144 -16.346 9.113 C
1164 152 -21.431 -15.596 9.819 O
1165 152 -24.061 -17.514 10.243 C
1166 152 -24.604 -18.807 10.526 O
1167 153 -22.496 -16.138 7.841 N
1168 153 -22.098 -14.929 7.135 C
1169 153 -22.752 -13.719 7.841 C
1170 153 -23.766 -13.803 8.618 O
1171 153 -22.499 -14.970 5.722 C
1172 154 -22.099 -12.593 7.629 N
1173 154 -22.484 -11.301 8.124 C
1174 154 -22.836 -10.508 6.852 C
1175 154 -21.969 -10.008 6.146 O
1176 154 -21.424 -10.592 8.972 C
1177 154 -21.888 -9.299 9.607 C
1178 154 -23.067 -9.508 10.526 C
1179 154 -23.148 -8.549 11.656 C
1180 154 -24.418 -8.799 12.433 N
1181 155 -24.147 -10.425 6.640 N
1182 155 -24.688 -9.758 5.439 C
1183 155 -24.115 -8.340 5.369 C
1184 155 -23.583 -7.965 4.309 O
1185 155 -26.238 -9.800 5.651 C
1186 155 -26.502 -10.342 6.994 C
1187 155 -25.265 -11.050 7.488 C
1188 156 -24.177 -7.589 6.428 N
1189 156 -23.702 -6.213 6.570 C
1190 156 -22.219 -6.005 6.287 C
1191 156 -21.798 -4.837 6.146 O
1192 157 -21.475 -7.047 6.217 N
1193 157 -20.035 -7.047 5.934 C
1194 157 -19.667 -7.423 4.521 C
1195 157 -18.465 -7.256 4.168 O
1196 157 -19.377 -8.090 6.852 C
1197 157 -17.864 -8.257 6.782 C
1198 157 -17.261 -7.047 7.417 C
1199 157 -17.347 -9.508 7.417 C
1200 158 -20.575 -7.923 3.744 N
1201 158 -20.292 -8.423 2.331 C
1202 158 -19.772 -7.298 1.483 C
1203 158 -18.868 -7.589 0.636 O
1204 158 -21.511 -9.132 1.766 C
1205 158 -21.162 -9.841 0.424 C
1206 158 -20.064 -10.884 0.636 C
1207 158 -20.108 -11.676 1.625 O
1208 158 -19.099 -10.884 -0.283 N
1209 159 -20.303 -6.130 1.554 N
1210 159 -19.930 -4.962 0.777 C
1211 159 -18.429 -4.670 0.918 C
1212 159 -17.812 -4.295 -0.141 O
1213 159 -20.681 -3.670 1.201 C
1214 159 -22.071 -3.503 0.636 C
1215 159 -22.724 -2.168 0.848 C
1216 159 -21.973 -0.959 0.424 C
1217 159 -22.827 0.292 0.424 N
1218 160 -17.931 -4.796 2.119 N
1219 160 -16.449 -4.545 2.331 C
1220 160 -15.624 -5.630 1.625 C
1221 160 -14.648 -5.379 0.989 O
1222 160 -16.152 -4.378 3.815 C
1223 160 -14.646 -4.253 4.097 C
1224 160 -16.958 -3.253 4.450 C
1225 161 -16.107 -6.881 1.837 N
1226 161 -15.465 -8.048 1.342 C
1227 161 -15.274 -7.965 -0.212 C
1228 161 -14.163 -8.298 -0.706 O
1229 161 -16.149 -9.341 1.837 C
1230 161 -15.953 -10.550 0.918 C
1231 161 -15.749 -9.633 3.250 C
1232 162 -16.328 -7.548 -0.918 N
1233 162 -16.345 -7.423 -2.331 C
1234 162 -15.325 -6.422 -2.967 C
1235 162 -14.903 -6.589 -4.097 O
1236 162 -17.777 -7.131 -2.896 C
1237 162 -18.711 -8.298 -2.755 C
1238 162 -18.302 -9.508 -2.684 O
1239 162 -19.943 -8.006 -2.614 O
1240 163 -15.058 -5.338 -2.190 N
1241 163 -14.160 -4.295 -2.684 C
1242 163 -12.697 -4.587 -2.402 C
1243 163 -11.824 -3.836 -2.967 O
1244 163 -14.606 -2.919 -2.119 C
1245 163 -14.224 -2.711 -0.636 C
1246 163 -14.062 -1.751 -2.896 C
1247 164 -12.344 -5.588 -1.625 N
1248 164 -10.923 -5.921 -1.342 C
1249 164 -10.098 -6.213 -2.543 C
1250 164 -8.860 -5.796 -2.543 O
1251 164 -10.943 -7.006 -0.283 C
1252 164 -11.311 -6.464 1.130 C
1253 164 -11.184 -7.506 2.119 C
1254 164 -10.464 -5.254 1.483 C
1255 165 -10.652 -6.839 -3.532 N
1256 165 -9.936 -7.172 -4.804 C
1257 165 -9.319 -5.880 -5.369 C
1258 165 -8.214 -5.838 -6.005 O
1259 165 -10.898 -7.714 -5.863 C
1260 165 -11.069 -9.216 -5.863 C
1261 165 -10.198 -9.966 -5.439 O
1262 165 -12.160 -9.633 -6.428 O
1263 166 -10.058 -4.795 -5.157 N
1264 166 -9.758 -3.461 -5.651 C
1265 166 -8.576 -2.794 -4.945 C
1266 166 -7.940 -1.876 -5.581 O
1267 166 -11.009 -2.585 -5.439 C
1268 166 -12.087 -3.128 -6.217 O
1269 167 -8.333 -3.169 -3.744 N
1270 167 -7.273 -2.585 -2.896 C
1271 167 -6.310 -3.628 -2.331 C
1272 167 -5.836 -3.503 -1.201 O
1273 167 -7.885 -1.877 -1.695 C
1274 167 -8.484 -2.877 -0.706 C
1275 167 -8.970 -0.917 -2.119 C
1276 167 -8.809 -2.377 0.706 C
1277 168 -5.961 -4.629 -3.179 N
1278 168 -5.095 -5.713 -2.896 C
1279 168 -3.748 -5.338 -2.331 C
1280 168 -3.280 -6.005 -1.342 O
1281 168 -4.807 -6.547 -4.168 C
1282 168 -3.898 -7.798 -3.885 C
1283 168 -3.695 -8.590 -5.157 C
1284 168 -3.257 -10.008 -4.874 C
1285 168 -4.380 -10.717 -4.168 N
1286 169 -3.089 -4.337 -2.896 N
1287 169 -1.766 -3.920 -2.402 C
1288 169 -1.760 -2.544 -1.766 C
1289 169 -2.657 -1.710 -1.766 O
1290 169 -0.703 -4.087 -3.532 C
1291 169 -1.061 -3.086 -4.450 O
1292 169 -0.726 -5.463 -4.097 C
1293 170 -0.602 -2.335 -1.130 N
1294 170 -0.250 -1.168 -0.353 C
1295 170 -0.242 0.125 -1.201 C
1296 170 0.509 0.209 -2.119 O
1297 170 1.122 -1.376 0.283 C
1298 170 1.633 -0.334 1.272 C
1299 170 3.078 -0.626 1.625 C
1300 170 3.552 0.334 2.755 C
1301 170 2.532 0.250 3.885 N
1302 171 -1.079 1.043 -0.777 N
1303 171 -1.212 2.335 -1.413 C
1304 171 -2.504 2.502 -2.190 C
1305 171 -2.943 3.628 -2.472 O
1306 172 -3.138 1.334 -2.543 N
1307 172 -4.387 1.334 -3.320 C
1308 172 -5.523 1.835 -2.402 C
1309 172 -5.494 1.585 -1.201 O
1310 172 -4.752 0.000 -3.885 C
1311 172 -3.787 -0.709 -4.804 C
1312 172 -3.609 0.000 -6.146 C
1313 172 -3.485 -1.001 -7.276 C
1314 172 -3.026 -0.250 -8.548 N
1315 173 -6.468 2.544 -3.038 N
1316 173 -7.634 3.086 -2.331 C
1317 173 -8.828 3.002 -3.320 C
1318 173 -8.643 2.877 -4.521 O
1319 173 -7.439 4.462 -1.766 C
1320 173 -6.664 5.296 -2.614 O
1321 174 -10.000 3.044 -2.755 N
1322 174 -11.249 2.961 -3.532 C
1323 174 -12.458 3.711 -2.826 C
1324 174 -12.643 3.670 -1.625 O
1325 174 -11.621 1.501 -3.744 C
1326 175 -13.158 4.378 -3.744 N
1327 175 -14.379 5.129 -3.320 C
1328 175 -15.265 4.087 -2.543 C
1329 175 -15.349 2.919 -3.038 O
1330 175 -15.152 5.755 -4.450 C
1331 175 -14.431 6.964 -5.086 C
1332 175 -13.383 7.339 -4.521 O
1333 175 -14.961 7.506 -6.005 O
1334 176 -15.797 4.504 -1.483 N
1335 176 -16.615 3.628 -0.636 C
1336 176 -17.629 4.420 0.141 C
1337 176 -17.472 4.670 1.342 O
1338 176 -15.683 2.752 0.212 C
1339 176 -16.282 1.460 0.706 C
1340 176 -16.512 0.417 -0.212 C
1341 176 -16.546 1.251 2.049 C
1342 176 -17.050 -0.792 0.212 C
1343 176 -17.084 0.042 2.472 C
1344 176 -17.314 -1.001 1.554 C
1345 177 -18.641 4.879 -0.565 N
1346 177 -19.770 5.671 0.000 C
1347 177 -20.954 4.796 0.283 C
1348 177 -21.100 3.628 -0.141 O
1349 177 -20.092 6.797 -1.060 C
1350 177 -20.249 6.130 -2.261 O
1351 177 -19.091 7.881 -1.130 C
1352 178 -21.840 5.338 1.060 N
1353 178 -23.103 4.712 1.483 C
1354 178 -22.964 3.419 2.261 C
1355 178 -23.842 2.502 2.190 O
1356 178 -24.028 4.587 0.283 C
1357 178 -24.204 5.963 -0.353 C
1358 178 -23.629 6.255 -1.413 O
1359 178 -25.010 6.839 0.283 N
1360 179 -21.885 3.336 3.038 N
1361 179 -21.636 2.127 3.885 C
1362 179 -22.090 2.502 5.298 C
1363 179 -21.639 3.503 5.863 O
1364 179 -20.227 1.585 3.885 C
1365 179 -20.082 0.417 4.804 C
1366 179 -20.466 -0.834 4.309 C
1367 179 -19.602 0.542 6.075 C
1368 179 -20.387 -1.960 5.157 C
1369 179 -19.481 -0.584 6.923 C
1370 179 -19.907 -1.835 6.428 C
1371 180 -23.030 1.710 5.793 N
1372 180 -23.636 1.835 7.135 C
1373 180 -22.978 0.834 8.053 C
1374 180 -23.155 -0.375 7.912 O
1375 180 -25.136 1.668 6.994 C
1376 180 -25.827 2.002 8.336 C
1377 180 -25.060 2.168 9.325 O
1378 180 -27.041 2.085 8.406 O
1379 181 -22.254 1.376 9.042 N
1380 181 -21.547 0.625 10.102 C
1381 181 -22.446 -0.083 11.091 C
1382 181 -22.013 -1.084 11.727 O
1383 181 -20.646 1.626 10.738 C
1384 181 -20.620 2.877 9.819 C
1385 181 -22.053 2.836 9.254 C
1386 182 -23.702 0.334 11.162 N
1387 182 -24.667 -0.250 12.080 C
1388 182 -24.868 -1.710 11.868 C
1389 182 -25.388 -2.460 12.716 O
1390 182 -26.015 0.500 12.009 C
1391 182 -25.906 1.918 12.574 C
1392 182 -27.236 2.627 12.433 C
1393 182 -27.551 2.836 11.020 N
1394 182 -28.642 3.336 10.455 C
1395 182 -29.741 3.628 11.232 N
1396 182 -28.695 3.586 9.184 N
1397 183 -24.427 -2.127 10.667 N
1398 183 -24.512 -3.503 10.173 C
1399 183 -23.464 -4.420 10.738 C
1400 183 -23.555 -5.671 10.596 O
1401 184 -22.434 -3.836 11.373 N
1402 184 -21.300 -4.545 11.939 C
1403 184 -21.473 -4.712 13.422 C
1404 184 -20.614 -5.421 14.058 O
1405 184 -20.031 -3.795 11.656 C
1406 184 -19.644 -3.503 10.173 C
1407 184 -18.553 -2.460 10.243 C
1408 184 -19.228 -4.670 9.395 C
1409 185 -22.517 -4.128 13.987 N
1410 185 -22.775 -4.212 15.471 C
1411 185 -23.544 -5.421 15.965 C
1412 185 -24.489 -5.963 15.329 O
1413 185 -23.569 -2.961 15.895 C
1414 185 -23.068 -1.543 15.612 C
1415 185 -23.777 -0.626 16.530 C
1416 185 -21.549 -1.334 15.683 C
1417 186 -23.113 -5.921 17.096 N
1418 186 -23.724 -7.047 17.802 C
1419 186 -25.067 -6.630 18.367 C
1420 186 -25.366 -5.421 18.367 O
1421 186 -22.719 -7.464 18.862 C
1422 186 -22.042 -6.130 19.215 C
1423 186 -22.010 -5.338 17.943 C
1424 187 -25.879 -7.589 18.862 N
1425 187 -27.136 -7.298 19.427 C
1426 187 -26.998 -6.505 20.698 C
1427 187 -27.693 -5.463 20.910 O
1428 187 -27.936 -8.590 19.709 C
1429 187 -29.133 -8.382 20.698 C
1430 187 -29.914 -9.633 20.910 C
1431 187 -29.827 -10.467 19.921 O
1432 187 -30.574 -9.841 21.970 O
1433 188 -26.169 -7.006 21.617 N
1434 188 -25.860 -6.422 22.888 C
1435 188 -24.750 -5.379 22.888 C
1436 188 -23.736 -5.546 22.111 O
1437 188 -25.435 -7.548 23.877 C
1438 188 -25.827 -7.172 25.219 O
1439 189 -24.885 -4.379 23.736 N
1440 189 -23.897 -3.294 23.877 C
1441 189 -23.094 -3.378 25.219 C
1442 189 -22.417 -2.419 25.573 O
1443 189 -24.544 -1.960 23.736 C
1444 189 -24.920 -1.418 22.394 C
1445 189 -25.195 0.042 22.464 C
1446 189 -23.833 -1.751 21.334 C
1447 190 -23.174 -4.545 25.855 N
1448 190 -22.420 -4.837 27.056 C
1449 190 -20.919 -4.754 26.703 C
1450 190 -20.490 -5.296 25.714 O
1451 190 -22.738 -6.213 27.621 C
1452 190 -24.142 -6.297 28.257 C
1453 190 -24.685 -5.254 28.540 O
1454 190 -24.648 -7.423 28.398 O
1455 191 -20.218 -4.087 27.621 N
1456 191 -18.754 -3.836 27.409 C
1457 191 -17.932 -3.920 28.681 C
1458 191 -18.312 -3.962 29.811 O
1459 191 -18.613 -2.460 26.703 C
1460 191 -19.090 -1.334 27.551 C
1461 191 -20.456 -0.917 27.551 C
1462 191 -18.243 -0.626 28.398 C
1463 191 -20.915 0.125 28.328 C
1464 191 -18.720 0.417 29.246 C
1465 191 -20.068 0.792 29.175 C
1466 191 -20.569 1.793 29.953 O
1467 192 -16.620 -3.878 28.398 N
1468 192 -15.493 -3.878 29.317 C
1469 192 -14.785 -2.544 28.893 C
1470 192 -14.857 -2.210 27.692 O
1471 192 -14.560 -5.046 29.175 C
1472 192 -15.054 -6.380 29.599 C
1473 192 -15.386 -6.839 30.871 C
1474 192 -15.261 -7.548 28.752 C
1475 192 -15.770 -8.132 30.871 N
1476 192 -15.719 -8.590 29.529 C
1477 192 -15.125 -7.715 27.409 C
1478 192 -16.017 -9.841 29.034 C
1479 192 -15.404 -8.966 26.844 C
1480 192 -15.839 -10.008 27.692 C
1481 193 -14.231 -1.877 29.882 N
1482 193 -13.517 -0.584 29.599 C
1483 193 -12.286 -0.417 30.447 C
1484 193 -12.257 -0.834 31.648 O
1485 193 -14.585 0.542 29.599 C
1486 193 -13.944 1.668 29.105 O
1487 193 -15.124 0.792 31.012 C
1488 194 -11.242 0.125 29.882 N
1489 194 -9.956 0.334 30.518 C
1490 194 -9.180 1.376 29.670 C
1491 194 -9.423 1.501 28.469 O
1492 194 -9.096 -0.959 30.659 C
1493 194 -8.381 -1.376 29.387 C
1494 194 -9.038 -2.127 28.469 C
1495 194 -7.087 -0.959 29.175 C
1496 194 -8.384 -2.544 27.268 C
1497 194 -6.433 -1.334 27.975 C
1498 194 -7.090 -2.127 27.056 C
1499 194 -6.479 -2.544 25.855 O
1500 195 -8.236 2.002 30.306 N
1501 195 -7.320 3.002 29.741 C
1502 195 -6.154 2.335 29.034 C
1503 195 -5.398 1.626 29.741 O
1504 195 -6.864 3.836 30.942 C
1505 195 -7.580 3.294 32.213 C
1506 195 -7.939 1.835 31.789 C
1507 196 -6.079 2.544 27.763 N
1508 196 -5.022 1.918 26.986 C
1509 196 -4.405 2.836 25.926 C
1510 196 -4.313 4.087 26.067 O
1511 197 -3.958 2.210 24.866 N
1512 197 -3.279 2.836 23.736 C
1513 197 -3.741 2.293 22.394 C
1514 197 -4.515 1.376 22.252 O
1515 197 -1.779 2.544 23.877 C
1516 197 -1.534 1.168 23.595 O
1517 198 -3.081 2.919 21.334 N
1518 198 -3.243 2.460 19.992 C
1519 198 -2.414 1.168 19.921 C
1520 198 -1.341 1.168 20.557 O
1521 198 -2.729 3.503 19.003 C
1522 198 -3.547 4.795 18.862 C
1523 198 -2.996 5.588 17.731 C
1524 198 -5.029 4.504 18.650 C
1525 199 -2.870 0.167 19.215 N
1526 199 -2.168 -1.126 19.144 C
1527 199 -1.148 -1.168 18.014 C
1528 199 -0.581 -2.252 17.802 O
1529 199 -3.236 -2.252 19.144 C
1530 199 -3.844 -2.085 17.873 O
1531 199 -4.214 -2.210 20.274 C
1532 200 -0.940 -0.042 17.378 N
1533 200 0.062 0.042 16.318 C
1534 200 0.775 1.376 16.530 C
1535 200 0.244 2.335 17.096 O
1536 200 -0.656 -0.042 14.976 C
1537 200 -1.449 1.126 14.906 O
1538 200 -1.497 -1.293 14.764 C
1539 201 2.014 1.418 16.036 N
1540 201 2.874 2.627 16.177 C
1541 201 2.155 3.836 15.824 C
1542 201 1.601 3.336 14.835 O
1543 201 4.120 2.252 15.329 C
1544 201 4.254 0.709 15.471 C
1545 201 2.778 0.292 15.400 C
1546 202 2.301 5.004 16.248 N
1547 202 2.946 5.546 17.378 C
1548 202 2.596 5.046 18.720 C
1549 202 3.193 5.546 19.709 O
1550 202 2.860 7.131 17.378 C
1551 202 1.550 7.339 16.672 C
1552 202 1.576 6.130 15.753 C
1553 203 1.663 4.087 18.862 N
1554 203 1.246 3.503 20.133 C
1555 203 0.927 4.504 21.193 C
1556 203 1.084 4.212 22.394 O
1557 203 2.459 2.627 20.557 C
1558 203 2.808 1.418 19.709 C
1559 203 4.174 0.917 20.204 C
1560 203 1.722 0.375 19.780 C
1561 204 0.422 5.671 20.840 N
1562 204 0.097 6.755 21.758 C
1563 204 -0.905 6.297 22.818 C
1564 204 -1.923 5.629 22.464 O
1565 204 -0.365 7.923 20.910 C
1566 204 0.661 8.465 19.921 C
1567 204 0.028 9.549 19.074 C
1568 204 1.947 8.882 20.557 C
1569 205 -0.620 6.630 24.019 N
1570 205 -1.445 6.255 25.219 C
1571 205 -2.525 7.297 25.431 C
1572 205 -2.527 8.048 26.420 O
1573 205 -0.562 6.130 26.420 C
1574 205 0.524 5.004 26.350 C
1575 205 1.364 4.837 27.551 C
1576 205 1.796 5.755 28.186 O
1577 205 1.674 3.586 27.833 O
1578 206 -3.463 7.297 24.442 N
1579 206 -4.573 8.215 24.442 C
1580 206 -5.964 7.589 24.372 C
1581 206 -6.928 8.382 24.301 O
1582 206 -4.456 9.132 23.171 C
1583 206 -2.747 9.466 22.676 S
1584 207 -6.007 6.297 24.372 N
1585 207 -7.275 5.546 24.160 C
1586 207 -7.948 5.004 25.431 C
1587 207 -7.437 4.462 26.420 O
1588 207 -7.060 4.378 23.171 C
1589 207 -8.359 3.753 22.747 C
1590 207 -6.278 4.795 21.970 C
1591 208 -9.278 5.171 25.290 N
1592 208 -10.328 4.712 26.208 C
1593 208 -10.937 3.503 25.431 C
1594 208 -11.680 3.753 24.513 O
1595 208 -11.402 5.713 26.562 C
1596 208 -10.781 6.839 27.127 O
1597 208 -12.453 5.171 27.480 C
1598 209 -10.578 2.293 25.855 N
1599 209 -11.053 1.084 25.219 C
1600 209 -12.438 0.625 25.785 C
1601 209 -12.751 0.625 26.986 O
1602 209 -9.979 0.000 25.361 C
1603 209 -8.910 0.083 24.372 C
1604 209 -7.709 0.709 24.513 C
1605 209 -8.988 -0.375 23.030 C
1606 209 -6.969 0.625 23.312 N
1607 209 -7.755 -0.042 22.394 C
1608 209 -9.981 -1.001 22.252 C
1609 209 -7.490 -0.334 21.052 C
1610 209 -9.692 -1.334 20.981 C
1611 209 -8.459 -1.001 20.345 C
1612 210 -13.205 0.208 24.796 N
1613 210 -14.584 -0.334 25.008 C
1614 210 -14.705 -1.585 24.160 C
1615 210 -14.844 -1.501 22.888 O
1616 210 -15.645 0.667 24.654 C
1617 210 -15.359 2.002 25.361 C
1618 210 -17.037 0.167 25.078 C
1619 210 -16.109 3.211 24.796 C
1620 211 -14.572 -2.752 24.796 N
1621 211 -14.644 -4.045 24.089 C
1622 211 -15.974 -4.670 24.442 C
1623 211 -16.244 -4.879 25.643 O
1624 211 -13.473 -4.962 24.513 C
1625 211 -13.283 -6.088 23.453 C
1626 211 -12.144 -4.212 24.654 C
1627 212 -16.784 -4.921 23.453 N
1628 212 -18.102 -5.546 23.595 C
1629 212 -17.956 -7.006 24.019 C
1630 212 -17.040 -7.673 23.453 O
1631 212 -18.985 -5.379 22.394 C
1632 212 -19.472 -4.003 21.970 C
1633 212 -19.913 -3.211 23.171 C
1634 212 -18.458 -3.253 21.193 C
1635 213 -18.775 -7.464 24.866 N
1636 213 -18.733 -8.840 25.361 C
1637 213 -19.079 -9.841 24.230 C
1638 213 -18.402 -10.842 24.089 O
1639 213 -19.753 -9.091 26.491 C
1640 213 -19.601 -10.508 27.056 C
1641 213 -20.445 -10.800 28.328 C
1642 213 -21.951 -10.884 28.045 C
1643 213 -22.587 -11.551 29.175 N
1644 214 -20.152 -9.549 23.595 N
1645 214 -20.754 -10.300 22.464 C
1646 214 -20.105 -10.091 21.122 C
1647 214 -20.105 -8.966 20.628 O
1648 214 -22.236 -9.883 22.252 C
1649 214 -22.942 -10.634 21.193 C
1650 214 -24.363 -10.300 20.910 C
1651 214 -24.919 -9.591 21.899 O
1652 214 -25.002 -10.634 19.921 O
1653 215 -19.574 -11.134 20.557 N
1654 215 -18.944 -11.176 19.285 C
1655 215 -19.930 -11.259 18.155 C
1656 215 -21.120 -11.593 18.296 O
1657 215 -17.980 -12.343 19.356 C
1658 215 -18.470 -13.302 20.416 C
1659 215 -19.569 -12.552 21.193 C
1660 216 -19.447 -10.925 16.954 N
1661 216 -20.268 -11.009 15.683 C
1662 216 -19.657 -12.218 14.976 C
1663 216 -18.437 -12.427 15.047 O
1664 216 -20.304 -9.800 14.835 C
1665 216 -18.943 -9.508 14.199 C
1666 216 -20.762 -8.549 15.612 C
1667 216 -18.904 -8.507 13.069 C
1668 217 -20.541 -12.927 14.270 N
1669 217 -20.040 -14.095 13.493 C
1670 217 -20.037 -13.678 12.009 C
1671 217 -20.866 -12.844 11.585 O
1672 217 -20.882 -15.346 13.775 C
1673 217 -22.168 -15.346 13.140 O
1674 218 -19.085 -14.220 11.303 N
1675 218 -18.845 -14.011 9.890 C
1676 218 -18.527 -15.429 9.325 C
1677 218 -18.150 -16.305 10.173 O
1678 218 -17.746 -12.969 9.607 C
1679 218 -18.156 -11.551 10.031 C
1680 218 -16.399 -13.344 10.173 C
1681 219 -18.708 -15.554 8.053 N
1682 219 -18.457 -16.847 7.417 C
1683 219 -16.974 -17.014 7.135 C
1684 219 -16.206 -16.055 7.135 O
1685 219 -19.279 -17.014 6.146 C
1686 219 -18.850 -16.096 5.157 O
1687 220 -16.596 -18.265 6.994 N
1688 220 -15.241 -18.723 6.711 C
1689 220 -14.739 -18.056 5.439 C
1690 220 -13.550 -17.723 5.298 O
1691 220 -15.180 -20.225 6.640 C
1692 220 -13.947 -20.642 6.005 O
1693 221 -15.653 -17.931 4.521 N
1694 221 -15.389 -17.347 3.179 C
1695 221 -15.151 -15.846 3.250 C
1696 221 -14.308 -15.304 2.472 O
1697 221 -16.498 -17.681 2.190 C
1698 221 -17.883 -18.098 2.755 C
1699 221 -17.993 -19.557 3.179 C
1700 221 -17.498 -20.350 2.261 O
1701 221 -18.440 -19.933 4.239 O
1702 222 -15.884 -15.137 4.097 N
1703 222 -15.726 -13.678 4.309 C
1704 222 -14.317 -13.427 4.804 C
1705 222 -13.530 -12.635 4.239 O
1706 222 -16.801 -13.052 5.157 C
1707 222 -18.227 -13.177 4.733 C
1708 222 -19.278 -12.593 5.651 C
1709 222 -19.469 -13.052 6.711 O
1710 222 -20.003 -11.593 5.157 N
1711 223 -14.014 -14.136 5.934 N
1712 223 -12.685 -14.053 6.570 C
1713 223 -11.592 -14.387 5.651 C
1714 223 -10.567 -13.678 5.651 O
1715 223 -12.736 -14.845 7.912 C
1716 223 -12.443 -16.346 7.771 C
1717 223 -11.774 -14.261 8.972 C
1718 224 -11.755 -15.429 4.804 N
1719 224 -10.772 -15.846 3.815 C
1720 224 -10.344 -14.804 2.826 C
1721 224 -9.208 -14.845 2.402 O
1722 224 -11.399 -17.097 3.108 C
1723 224 -11.010 -18.431 3.744 C
1724 224 -11.887 -19.516 3.179 C
1725 224 -9.527 -18.723 3.461 C
1726 225 -11.252 -13.886 2.543 N
1727 225 -10.952 -12.802 1.554 C
1728 225 -9.989 -11.759 2.119 C
1729 225 -9.250 -11.092 1.413 O
1730 225 -12.214 -12.176 0.989 C
1731 225 -12.755 -13.052 -0.212 C
1732 225 -14.286 -13.219 -0.071 C
1733 225 -14.773 -14.303 -0.989 C
1734 225 -16.273 -14.261 -1.130 N
1735 226 -9.997 -11.634 3.461 N
1736 226 -9.132 -10.717 4.239 C
1737 226 -7.667 -11.134 4.027 C
1738 226 -6.777 -10.300 3.885 O
1739 226 -9.518 -10.800 5.722 C
1740 226 -10.647 -9.966 6.287 C
1741 226 -11.830 -9.758 5.581 C
1742 226 -10.570 -9.549 7.629 C
1743 226 -12.874 -9.049 6.146 C
1744 226 -11.571 -8.840 8.195 C
1745 226 -12.735 -8.549 7.417 C
1746 227 -7.472 -12.427 4.097 N
1747 227 -6.197 -13.094 3.956 C
1748 227 -5.549 -13.094 2.614 C
1749 227 -4.402 -13.636 2.472 O
1750 227 -6.283 -14.595 4.450 C
1751 227 -6.456 -14.762 5.934 C
1752 227 -6.847 -16.138 6.287 C
1753 227 -7.343 -16.221 7.700 N
1754 227 -8.265 -17.097 8.124 C
1755 227 -8.703 -18.098 7.347 N
1756 227 -8.749 -16.930 9.325 N
1757 228 -6.230 -12.552 1.625 N
1758 228 -5.710 -12.468 0.283 C
1759 228 -5.081 -11.134 0.000 C
1760 228 -4.464 -10.884 -1.060 O
1761 228 -6.758 -12.802 -0.777 C
1762 228 -6.879 -14.303 -1.130 C
1763 228 -8.110 -14.595 -1.978 C
1764 228 -8.036 -15.888 -2.755 C
1765 228 -9.359 -16.263 -3.250 N
1766 229 -5.211 -10.217 0.989 N
1767 229 -4.637 -8.882 0.918 C
1768 229 -3.119 -8.965 0.989 C
1769 229 -2.588 -9.966 1.413 O
1770 229 -5.273 -8.048 2.049 C
1771 229 -6.523 -7.256 1.766 C
1772 229 -7.553 -8.090 1.130 C
1773 229 -7.068 -6.630 3.038 C
1774 230 -2.453 -7.881 0.565 N
1775 230 -0.959 -7.840 0.565 C
1776 230 -0.435 -6.672 1.342 C
1777 230 -0.990 -5.546 1.342 O
1778 230 -0.462 -7.881 -0.848 C
1779 230 -0.602 -9.216 -1.625 C
1780 230 -0.246 -9.257 -2.826 O
1781 230 -1.023 -10.258 -0.989 N
1782 231 0.662 -6.922 2.049 N
1783 231 1.399 -5.921 2.826 C
1784 231 2.212 -5.046 1.837 C
1785 231 2.212 -3.836 1.837 O
1786 231 2.361 -6.464 3.885 C
1787 231 1.859 -7.089 5.157 C
1788 231 0.998 -6.380 6.005 C
1789 231 2.213 -8.423 5.439 C
1790 231 0.533 -6.964 7.135 C
1791 231 1.729 -9.007 6.640 C
1792 231 0.910 -8.298 7.488 C
1793 232 2.835 -5.838 0.918 N
1794 232 3.666 -5.296 -0.141 C
1795 232 2.814 -4.420 -1.130 C
1796 232 1.594 -4.504 -1.201 O
1797 232 4.338 -6.422 -0.918 C
1798 232 3.327 -7.339 -1.625 C
1799 232 2.838 -8.257 -1.060 O
1800 232 3.060 -7.006 -2.896 N
1801 233 3.596 -3.586 -1.837 N
1802 233 2.999 -2.710 -2.826 C
1803 233 3.093 -3.461 -4.168 C
1804 233 3.813 -4.462 -4.309 O
1805 234 2.325 -2.919 -5.157 N
1806 234 2.291 -3.503 -6.499 C
1807 234 3.652 -3.503 -7.135 C
1808 234 4.354 -2.460 -7.206 O
1809 234 1.334 -2.752 -7.417 C
1810 234 1.086 -3.419 -8.760 C
1811 234 0.172 -2.710 -9.678 C
1812 234 -0.048 -1.459 -9.325 O
1813 234 -0.296 -3.211 -10.667 O
1814 235 4.104 -4.670 -7.559 N
1815 235 5.380 -4.879 -8.195 C
1816 235 6.464 -5.463 -7.276 C
1817 235 7.618 -5.629 -7.771 O
1818 236 6.109 -5.755 -6.075 N
1819 236 7.047 -6.297 -5.086 C
1820 236 6.674 -7.756 -4.804 C
1821 236 5.491 -8.173 -5.016 O
1822 236 7.039 -5.504 -3.744 C
1823 236 6.905 -3.961 -3.885 C
1824 236 6.854 -3.253 -2.543 C
1825 236 6.493 -3.753 -1.483 O
1826 236 7.299 -2.002 -2.614 O
1827 237 7.594 -8.507 -4.239 N
1828 237 7.417 -9.883 -3.885 C
1829 237 6.129 -9.925 -3.038 C
1830 237 5.969 -8.924 -2.261 O
1831 237 8.685 -10.300 -3.179 C
1832 237 9.753 -9.341 -3.673 C
1833 237 9.015 -8.048 -3.956 C
1834 238 5.312 -10.925 -3.179 N
1835 238 4.060 -11.009 -2.472 C
1836 238 4.119 -11.634 -1.060 C
1837 238 4.448 -12.802 -0.848 O
1838 238 2.939 -11.759 -3.250 C
1839 238 1.535 -11.759 -2.614 C
1840 238 0.432 -12.260 -3.461 C
1841 238 0.879 -12.969 -4.521 O
1842 238 -0.776 -12.093 -3.250 O
1843 239 3.752 -10.800 -0.141 N
1844 239 3.707 -11.050 1.342 C
1845 239 2.230 -10.925 1.766 C
1846 239 1.718 -9.758 1.766 O
1847 239 4.487 -10.050 2.119 C
1848 239 4.551 -10.133 3.673 C
1849 239 5.539 -9.174 4.309 C
1850 239 6.089 -8.257 3.673 O
1851 239 5.720 -9.424 5.581 O
1852 240 1.601 -12.051 2.049 N
1853 240 0.167 -12.051 2.472 C
1854 240 -0.079 -11.342 3.744 C
1855 240 0.689 -11.509 4.733 O
1856 240 -0.351 -13.469 2.331 C
1857 240 -0.410 -14.011 0.918 C
1858 240 -0.709 -15.471 0.918 C
1859 240 -1.385 -13.261 0.071 C
1860 241 -1.164 -10.592 3.815 N
1861 241 -1.587 -9.800 4.945 C
1862 241 -2.400 -10.675 5.934 C
1863 241 -3.620 -10.800 5.863 O
1864 241 -2.416 -8.590 4.521 C
1865 241 -2.497 -7.589 5.651 C
1866 241 -3.558 -6.213 5.298 S
1867 241 -2.537 -5.213 4.168 C
1868 242 -1.614 -11.301 6.852 N
1869 242 -2.146 -12.135 7.912 C
1870 242 -1.367 -11.843 9.184 C
1871 242 -0.214 -11.301 9.184 O
1872 242 -2.054 -13.636 7.559 C
1873 242 -2.998 -14.011 6.428 C
1874 242 -0.657 -14.136 7.276 C
1875 243 -2.003 -12.176 10.314 N
1876 243 -1.414 -11.968 11.656 C
1877 243 -0.956 -10.508 11.868 C
1878 243 0.190 -10.300 12.221 O
1879 243 -0.334 -12.969 11.939 C
1880 243 -0.865 -14.428 12.009 C
1881 243 -1.970 -14.553 12.645 O
1882 243 -0.224 -15.346 11.515 O
1883 244 -1.865 -9.591 11.585 N
1884 244 -1.536 -8.132 11.797 C
1885 244 -2.013 -7.715 13.140 C
1886 244 -2.624 -6.630 13.351 O
1887 244 -2.120 -7.339 10.596 C
1888 244 -3.602 -7.464 10.384 C
1889 244 -4.261 -8.382 10.950 O
1890 244 -4.168 -6.547 9.607 N
1891 245 -1.716 -8.590 14.129 N
1892 245 -2.127 -8.340 15.541 C
1893 245 -0.914 -8.298 16.460 C
1894 245 0.123 -8.882 16.248 O
1895 245 -3.158 -9.424 15.895 C
1896 245 -2.719 -10.800 15.683 C
1897 245 -2.894 -11.593 14.552 C
1898 245 -2.018 -11.676 16.601 C
1899 245 -2.351 -12.844 14.764 N
1900 245 -1.810 -12.927 15.965 C
1901 245 -1.557 -11.468 17.943 C
1902 245 -1.164 -13.970 16.601 C
1903 245 -0.911 -12.510 18.579 C
1904 245 -0.703 -13.719 17.943 C
1905 246 -1.147 -7.548 17.519 N
1906 246 -0.142 -7.298 18.579 C
1907 246 -0.498 -8.132 19.780 C
1908 246 -1.676 -8.173 20.204 O
1909 246 -0.003 -5.796 18.862 C
1910 246 1.186 -5.421 19.709 C
1911 246 0.837 -4.253 20.557 C
1912 246 2.001 -3.795 21.334 N
1913 246 2.049 -2.627 21.970 C
1914 246 0.950 -1.877 22.252 N
1915 246 3.244 -2.252 22.464 N
1916 247 0.508 -8.757 20.345 N
1917 247 0.408 -9.633 21.546 C
1918 247 -0.033 -8.799 22.747 C
1919 247 0.248 -7.589 22.818 O
1920 247 1.738 -10.300 21.687 C
1921 247 2.472 -10.133 20.345 C
1922 247 1.942 -8.715 19.921 C
1923 248 -0.741 -9.466 23.665 N
1924 248 -1.268 -8.840 24.866 C
1925 248 -0.079 -8.298 25.714 C
1926 248 0.994 -8.882 25.855 O
1927 248 -2.178 -9.800 25.573 C
1928 249 -0.355 -7.131 26.279 N
1929 249 0.577 -6.380 27.127 C
1930 249 0.148 -6.505 28.610 C
1931 249 -1.036 -6.839 28.893 O
1932 249 0.645 -4.921 26.703 C
1933 249 0.946 -4.796 25.219 C
1934 249 2.276 -5.463 24.866 C
1935 249 3.343 -5.046 25.361 O
1936 249 2.241 -6.505 24.019 N
1937 250 1.080 -6.213 29.458 N
1938 250 0.865 -6.213 30.942 C
1939 250 -0.081 -5.129 31.295 C
1940 250 0.047 -3.962 30.800 O
1941 250 2.297 -6.005 31.507 C
1942 250 3.275 -6.172 30.376 C
1943 250 2.478 -5.796 29.175 C
1944 251 -1.046 -5.463 32.213 N
1945 251 -2.054 -4.545 32.637 C
1946 251 -1.439 -3.503 33.555 C
1947 251 -1.762 -2.294 33.485 O
1948 251 -3.226 -5.296 33.202 C
1949 251 -4.562 -4.545 33.414 C
1950 251 -4.938 -3.920 32.072 C
1951 251 -5.697 -5.463 33.838 C
1952 252 -0.446 -3.920 34.332 N
1953 252 0.340 -3.086 35.251 C
1954 252 -0.436 -2.127 36.098 C
1955 252 -0.186 -0.917 35.957 O
1956 252 1.329 -2.252 34.403 C
1957 252 2.386 -3.044 33.626 C
1958 252 3.381 -2.085 32.920 C
1959 252 4.505 -2.836 32.213 C
1960 252 5.280 -1.918 31.365 N
1961 253 -1.273 -2.627 37.017 N
1962 253 -2.025 -1.835 37.935 C
1963 253 -3.433 -1.460 37.441 C
1964 253 -4.380 -1.418 38.288 O
1965 253 -1.257 -0.584 38.430 C
1966 253 -1.335 0.667 37.582 C
1967 253 -0.334 1.418 37.511 O
1968 253 -2.511 1.001 37.017 N
1969 254 -3.529 -1.168 36.169 N
1970 254 -4.772 -0.792 35.533 C
1971 254 -5.865 -1.793 35.957 C
1972 254 -5.530 -2.961 36.310 O
1973 254 -4.685 -0.751 34.050 C
1974 254 -3.897 0.417 33.485 C
1975 254 -3.724 0.334 32.001 C
1976 254 -3.077 -0.959 31.648 N
1977 254 -2.788 -1.209 30.376 C
1978 254 -3.257 -0.459 29.387 N
1979 254 -1.989 -2.252 30.094 N
1980 255 -7.079 -1.293 36.028 N
1981 255 -8.238 -2.127 36.381 C
1982 255 -9.268 -2.127 35.251 C
1983 255 -9.590 -1.084 34.686 O
1984 255 -8.911 -1.626 37.653 C
1985 255 -9.888 -2.669 38.288 C
1986 255 -10.719 -2.043 39.348 C
1987 255 -11.128 -0.876 39.277 O
1988 255 -10.995 -2.836 40.408 N
1989 256 -9.749 -3.336 34.968 N
1990 256 -10.754 -3.503 33.909 C
1991 256 -12.158 -3.545 34.544 C
1992 256 -12.464 -4.379 35.392 O
1993 256 -10.490 -4.712 33.061 C
1994 256 -9.111 -4.587 32.354 C
1995 256 -11.581 -4.921 32.001 C
1996 256 -8.640 -5.630 31.365 C
1997 257 -12.944 -2.585 34.120 N
1998 257 -14.354 -2.419 34.615 C
1999 257 -15.335 -3.044 33.626 C
2000 257 -15.089 -3.086 32.354 O
2001 257 -14.598 -0.959 34.898 C
2002 257 -13.679 -0.375 35.957 C
2003 257 -14.070 1.084 36.310 C
2004 257 -13.498 1.418 37.723 C
2005 257 -13.572 2.877 38.006 N
2006 258 -16.421 -3.503 34.191 N
2007 258 -17.500 -4.170 33.414 C
2008 258 -18.818 -3.419 33.555 C
2009 258 -19.112 -2.919 34.686 O
2010 258 -17.629 -5.630 33.909 C
2011 259 -19.566 -3.378 32.496 N
2012 259 -20.890 -2.669 32.496 C
2013 259 -21.964 -3.670 32.849 C
2014 259 -23.136 -3.253 32.920 O
2015 259 -21.157 -1.918 31.224 C
2016 259 -21.460 -2.669 30.094 O
2017 260 -21.592 -4.879 33.061 N
2018 260 -22.563 -5.963 33.343 C
2019 260 -22.174 -6.922 34.474 C
2020 260 -21.003 -6.881 34.898 O
2021 260 -22.811 -6.714 32.001 C
2022 260 -21.554 -7.381 31.436 C
2023 260 -20.686 -6.672 30.730 C
2024 260 -21.328 -8.715 31.719 C
2025 260 -19.533 -7.256 30.235 C
2026 260 -20.175 -9.383 31.224 C
2027 260 -19.246 -8.632 30.447 C
