1220
1 0 24.512 8.259 -9.688 N
2 0 24.523 9.740 -9.865 C
3 0 25.889 10.228 -10.330 C
4 0 26.886 9.516 -10.198 O
5 0 24.143 10.414 -8.560 C
6 0 24.891 9.880 -7.378 C
7 0 24.111 10.428 -5.871 S
8 0 24.454 12.221 -5.988 C
9 1 25.922 11.435 -10.891 N
10 1 27.161 12.020 -11.393 C
11 1 27.260 13.522 -11.114 C
12 1 26.304 14.278 -11.304 O
13 1 27.312 11.769 -12.919 C
14 1 28.557 12.455 -13.466 C
15 1 27.395 10.282 -13.189 C
16 2 28.407 13.938 -10.599 N
17 2 28.641 15.349 -10.324 C
18 2 29.285 15.976 -11.549 C
19 2 29.976 15.300 -12.306 O
20 2 29.602 15.516 -9.142 C
21 2 29.003 15.462 -7.742 C
22 2 28.734 14.017 -7.356 C
23 2 29.966 16.142 -6.762 C
24 3 29.056 17.260 -11.759 N
25 3 29.690 17.929 -12.882 C
26 3 31.086 18.341 -12.420 C
27 3 31.404 18.261 -11.230 O
28 3 28.882 19.155 -13.301 C
29 3 28.766 20.060 -12.225 O
30 4 31.935 18.742 -13.356 N
31 4 33.283 19.175 -13.008 C
32 4 33.188 20.387 -12.086 C
33 4 33.964 20.514 -11.147 O
34 4 34.074 19.549 -14.275 C
35 4 35.473 20.111 -14.013 C
36 4 36.414 19.122 -13.332 C
37 4 36.132 17.911 -13.343 O
38 4 37.452 19.559 -12.792 O
39 5 32.218 21.261 -12.358 N
40 5 32.027 22.458 -11.553 C
41 5 31.722 22.137 -10.101 C
42 5 32.186 22.833 -9.197 O
43 6 30.937 21.085 -9.881 N
44 6 30.587 20.649 -8.531 C
45 6 31.812 20.053 -7.832 C
46 6 32.042 20.319 -6.653 O
47 6 29.423 19.652 -8.566 C
48 6 28.072 20.337 -8.823 C
49 6 26.947 19.382 -9.204 C
50 6 27.217 18.304 -9.766 O
51 6 25.775 19.730 -8.972 O
52 7 32.609 19.264 -8.558 N
53 7 33.822 18.684 -7.971 C
54 7 34.783 19.785 -7.573 C
55 7 35.487 19.667 -6.578 O
56 7 34.542 17.741 -8.947 C
57 7 33.913 16.393 -9.007 C
58 7 33.327 15.798 -10.103 C
59 7 33.743 15.480 -7.917 C
60 7 32.801 14.590 -9.747 N
61 7 33.037 14.365 -8.414 C
62 7 34.108 15.499 -6.564 C
63 7 32.683 13.276 -7.603 C
64 7 33.756 14.425 -5.760 C
65 7 33.048 13.327 -6.283 C
66 8 34.826 20.852 -8.365 N
67 8 35.725 21.953 -8.069 C
68 8 35.347 22.656 -6.772 C
69 8 36.230 23.079 -6.013 O
70 8 35.768 22.938 -9.236 C
71 8 36.551 22.409 -10.426 C
72 8 37.947 21.946 -10.034 C
73 8 38.794 22.750 -9.637 O
74 8 38.186 20.640 -10.127 N
75 9 34.045 22.792 -6.528 N
76 9 33.564 23.420 -5.293 C
77 9 33.953 22.552 -4.096 C
78 9 34.396 23.067 -3.067 O
79 9 32.047 23.616 -5.334 C
80 9 31.566 24.710 -6.296 C
81 9 30.043 24.816 -6.291 C
82 9 32.194 26.036 -5.900 C
83 10 33.799 21.237 -4.253 N
84 10 34.137 20.255 -3.225 C
85 10 35.638 20.262 -2.923 C
86 10 36.050 20.371 -1.768 O
87 10 33.713 18.822 -3.689 C
88 10 34.293 17.739 -2.766 C
89 10 32.178 18.716 -3.742 C
90 11 36.460 20.196 -3.963 N
91 11 37.908 20.168 -3.769 C
92 11 38.481 21.497 -3.309 C
93 11 39.513 21.524 -2.642 O
94 11 38.622 19.660 -5.027 C
95 11 38.154 18.258 -5.426 C
96 11 38.812 17.824 -6.713 C
97 11 38.455 17.268 -4.296 C
98 12 37.776 22.587 -3.588 N
99 12 38.240 23.898 -3.158 C
100 12 38.153 24.025 -1.629 C
101 12 39.102 24.468 -0.981 O
102 12 37.427 25.009 -3.825 C
103 12 37.822 26.382 -3.383 C
104 12 39.007 26.998 -3.730 N
105 12 37.183 27.251 -2.559 C
106 12 39.050 28.190 -3.116 C
107 12 37.964 28.390 -2.392 N
108 13 37.019 23.632 -1.054 N
109 13 36.863 23.712 0.394 C
110 13 37.686 22.603 1.070 C
111 13 38.228 22.789 2.162 O
112 13 35.358 23.686 0.830 C
113 13 34.722 22.349 0.528 C
114 13 35.235 23.993 2.330 C
115 14 37.830 21.468 0.391 N
116 14 38.624 20.383 0.957 C
117 14 40.093 20.791 1.108 C
118 14 40.761 20.350 2.038 O
119 14 38.526 19.112 0.116 C
120 14 38.936 17.916 0.907 C
121 14 40.124 17.253 0.832 C
122 14 38.194 17.299 1.973 C
123 14 40.171 16.269 1.796 N
124 14 39.001 16.274 2.505 C
125 14 36.924 17.523 2.529 C
126 14 38.587 15.466 3.570 C
127 14 36.506 16.726 3.588 C
128 14 37.337 15.704 4.099 C
129 15 40.592 21.637 0.207 N
130 15 41.973 22.103 0.279 C
131 15 42.169 22.917 1.553 C
132 15 43.260 22.923 2.123 O
133 15 42.315 22.935 -0.939 C
134 16 41.096 23.569 2.015 N
135 16 41.135 24.359 3.261 C
136 16 41.171 23.406 4.455 C
137 16 41.890 23.637 5.425 O
138 16 39.905 25.272 3.385 C
139 16 39.718 26.231 2.243 C
140 16 40.962 27.065 2.043 C
141 16 40.819 27.938 0.807 C
142 16 42.134 28.445 0.346 N
143 17 40.352 22.358 4.392 N
144 17 40.301 21.335 5.430 C
145 17 41.690 20.708 5.613 C
146 17 42.153 20.485 6.738 O
147 17 39.297 20.217 5.043 C
148 17 39.394 19.032 5.998 C
149 17 37.887 20.779 5.041 C
150 18 42.372 20.447 4.505 N
151 18 43.700 19.838 4.568 C
152 18 44.805 20.674 5.212 C
153 18 45.866 20.153 5.526 O
154 18 44.130 19.345 3.195 C
155 18 43.394 18.101 2.819 C
156 18 43.770 17.577 1.460 C
157 18 44.253 18.345 0.613 O
158 18 43.534 16.388 1.239 O
159 19 44.546 21.954 5.434 N
160 19 45.529 22.801 6.083 C
161 19 45.596 22.426 7.567 C
162 19 46.573 22.741 8.244 O
163 19 45.158 24.277 5.918 C
164 20 44.554 21.753 8.072 N
165 20 44.520 21.330 9.477 C
166 20 43.688 20.058 9.604 C
167 20 42.597 20.076 10.167 O
168 20 43.926 22.443 10.351 C
169 20 43.806 22.045 11.815 C
170 20 44.596 21.205 12.290 O
171 20 42.888 22.560 12.485 O
172 21 44.244 18.940 9.151 N
173 21 43.526 17.675 9.178 C
174 21 43.119 17.225 10.571 C
175 21 41.960 16.881 10.803 O
176 21 44.323 16.549 8.427 C
177 21 43.576 15.215 8.483 C
178 21 44.488 16.939 6.978 C
179 22 44.055 17.261 11.508 N
180 22 43.773 16.826 12.872 C
181 22 42.692 17.659 13.566 C
182 22 41.819 17.110 14.235 O
183 22 45.061 16.813 13.681 C
184 23 42.726 18.974 13.375 N
185 23 41.732 19.837 13.995 C
186 23 40.331 19.608 13.452 C
187 23 39.361 19.611 14.213 O
188 24 40.214 19.429 12.135 N
189 24 38.914 19.171 11.524 C
190 24 38.451 17.782 11.932 C
191 24 37.269 17.580 12.166 O
192 24 38.985 19.258 10.001 C
193 24 39.063 20.658 9.479 C
194 24 40.216 21.408 9.444 N
195 24 38.101 21.437 8.919 C
196 24 39.929 22.587 8.876 C
197 24 38.656 22.652 8.540 N
198 25 39.382 16.830 12.004 N
199 25 39.040 15.466 12.411 C
200 25 38.425 15.435 13.811 C
201 25 37.429 14.745 14.041 O
202 26 39.016 16.175 14.750 N
203 26 38.485 16.243 16.111 C
204 26 37.101 16.867 16.119 C
205 26 36.179 16.308 16.705 O
206 26 39.377 17.086 17.033 C
207 26 40.637 16.404 17.504 C
208 26 41.507 17.328 18.329 C
209 26 42.178 18.210 17.792 O
210 26 41.481 17.146 19.640 N
211 27 36.973 18.046 15.508 N
212 27 35.695 18.760 15.452 C
213 27 34.561 17.910 14.902 C
214 27 33.446 17.937 15.419 O
215 27 35.815 20.013 14.569 C
216 27 36.572 21.145 15.237 C
217 27 36.929 21.034 16.429 O
218 27 36.816 22.160 14.559 O
219 28 34.843 17.189 13.822 N
220 28 33.845 16.342 13.178 C
221 28 33.388 15.170 14.060 C
222 28 32.177 14.944 14.233 O
223 28 34.372 15.855 11.789 C
224 28 34.350 17.040 10.808 C
225 28 33.523 14.694 11.258 C
226 28 35.151 16.829 9.528 C
227 29 34.343 14.443 14.637 N
228 29 33.990 13.316 15.493 C
229 29 33.271 13.761 16.762 C
230 29 32.309 13.128 17.186 O
231 29 35.211 12.449 15.819 C
232 29 35.723 11.506 14.714 C
233 29 36.798 10.593 15.279 C
234 29 34.601 10.652 14.155 C
235 30 33.709 14.864 17.354 N
236 30 33.065 15.374 18.560 C
237 30 31.627 15.805 18.240 C
238 30 30.701 15.533 19.010 O
239 30 33.870 16.547 19.174 C
240 30 35.177 16.004 19.778 C
241 30 33.016 17.295 20.204 C
242 30 36.090 17.047 20.388 C
243 31 31.441 16.457 17.097 N
244 31 30.108 16.890 16.660 C
245 31 29.220 15.641 16.504 C
246 31 28.097 15.590 17.031 O
247 31 30.250 17.670 15.344 C
248 31 29.002 17.878 14.488 C
249 31 27.742 18.169 15.250 C
250 31 27.775 19.409 15.999 N
251 31 26.719 20.200 16.157 C
252 31 25.564 19.911 15.563 N
253 31 26.830 21.309 16.873 N
254 32 29.764 14.607 15.855 N
255 32 29.038 13.352 15.651 C
256 32 28.613 12.719 16.984 C
257 32 27.457 12.363 17.156 O
258 32 29.909 12.355 14.871 C
259 32 29.369 10.926 14.735 C
260 32 28.142 10.932 13.858 C
261 32 30.418 10.000 14.141 C
262 33 29.552 12.604 17.925 N
263 33 29.281 11.985 19.227 C
264 33 28.328 12.779 20.104 C
265 33 27.591 12.196 20.902 O
266 33 30.582 11.728 19.983 C
267 33 31.542 10.831 19.257 C
268 33 31.079 9.781 18.465 C
269 33 32.919 11.024 19.379 C
270 33 31.976 8.934 17.802 C
271 33 33.820 10.186 18.722 C
272 33 33.346 9.137 17.930 C
273 34 28.340 14.102 19.976 N
274 34 27.444 14.928 20.777 C
275 34 26.039 14.876 20.217 C
276 34 25.067 14.866 20.969 O
277 34 27.928 16.379 20.847 C
278 34 29.202 16.549 21.658 C
279 34 29.371 17.972 22.177 C
280 34 29.393 18.972 21.046 C
281 34 29.855 20.321 21.475 N
282 35 25.937 14.833 18.892 N
283 35 24.648 14.788 18.218 C
284 35 24.014 13.398 18.263 C
285 35 22.804 13.267 18.404 O
286 35 24.810 15.229 16.765 C
287 35 25.385 16.521 16.692 O
288 36 24.842 12.366 18.133 N
289 36 24.378 10.977 18.138 C
290 36 25.296 10.109 18.982 C
291 36 26.090 9.334 18.452 O
292 36 24.312 10.435 16.708 C
293 36 23.572 11.329 15.762 C
294 36 22.206 11.339 15.614 N
295 36 24.038 12.258 14.891 C
296 36 21.896 12.244 14.681 C
297 36 22.976 12.830 14.209 N
298 37 25.154 10.193 20.319 N
299 37 25.939 9.451 21.311 C
300 37 26.026 7.946 21.071 C
301 37 26.986 7.305 21.482 O
302 37 25.207 9.760 22.615 C
303 37 24.661 11.130 22.382 C
304 37 24.124 11.017 20.985 C
305 38 25.022 7.378 20.418 N
306 38 25.023 5.942 20.150 C
307 38 26.216 5.553 19.284 C
308 38 26.776 4.471 19.436 O
309 38 23.703 5.504 19.492 C
310 38 23.432 6.096 18.118 C
311 38 22.488 7.291 18.141 C
312 38 22.567 8.140 19.059 O
313 38 21.657 7.382 17.215 O
314 39 26.641 6.466 18.416 N
315 39 27.777 6.204 17.532 C
316 39 29.101 6.024 18.279 C
317 39 29.984 5.322 17.788 O
318 39 27.955 7.311 16.458 C
319 39 28.228 8.565 17.100 O
320 39 26.703 7.434 15.608 C
321 40 29.239 6.635 19.458 N
322 40 30.477 6.512 20.235 C
323 40 30.736 5.069 20.675 C
324 40 31.880 4.651 20.800 O
325 40 30.434 7.422 21.471 C
326 40 31.620 7.370 22.448 C
327 40 32.919 7.686 21.725 C
328 40 31.397 8.349 23.585 C
329 41 29.663 4.307 20.867 N
330 41 29.757 2.916 21.294 C
331 41 30.523 2.004 20.340 C
332 41 31.046 0.967 20.752 O
333 41 28.358 2.356 21.533 C
334 41 27.630 3.040 22.678 C
335 41 26.249 2.473 22.930 C
336 41 25.421 2.463 21.992 O
337 41 25.986 2.052 24.076 O
338 42 30.608 2.392 19.072 N
339 42 31.309 1.567 18.097 C
340 42 32.816 1.608 18.262 C
341 42 33.516 0.698 17.820 O
342 42 30.914 1.974 16.674 C
343 42 29.463 1.728 16.363 C
344 42 29.202 0.241 16.224 C
345 42 27.737 -0.048 15.968 C
346 42 27.525 -1.503 15.709 N
347 43 33.315 2.665 18.896 N
348 43 34.747 2.827 19.101 C
349 43 35.178 2.328 20.476 C
350 43 35.291 3.108 21.425 O
351 43 35.151 4.291 18.924 C
352 43 34.890 4.835 17.545 C
353 43 33.641 5.333 17.205 C
354 43 35.914 4.904 16.606 C
355 43 33.412 5.898 15.959 C
356 43 35.695 5.469 15.354 C
357 43 34.446 5.969 15.030 C
358 44 35.471 1.032 20.558 N
359 44 35.885 0.393 21.804 C
360 44 37.062 1.075 22.475 C
361 44 37.148 1.115 23.700 O
362 44 36.226 -1.078 21.556 C
363 44 35.065 -1.850 20.977 C
364 44 33.965 -1.801 21.567 O
365 44 35.246 -2.497 19.924 O
366 45 37.949 1.639 21.666 N
367 45 39.128 2.303 22.179 C
368 45 38.821 3.495 23.081 C
369 45 39.501 3.698 24.081 O
370 45 40.037 2.737 21.029 C
371 45 41.460 2.234 21.171 C
372 45 42.428 2.973 20.256 C
373 45 42.306 2.586 18.854 N
374 45 42.350 3.441 17.833 C
375 45 42.474 4.749 18.043 N
376 45 42.245 2.988 16.591 N
377 46 37.788 4.265 22.762 N
378 46 37.467 5.434 23.576 C
379 46 35.976 5.616 23.858 C
380 46 35.494 6.721 24.094 O
381 46 38.087 6.702 22.962 C
382 46 37.809 6.876 21.489 C
383 46 36.614 7.438 21.053 C
384 46 38.759 6.503 20.541 C
385 46 36.371 7.627 19.701 C
386 46 38.522 6.690 19.178 C
387 46 37.328 7.253 18.760 C
388 47 35.269 4.494 23.894 N
389 47 33.839 4.446 24.167 C
390 47 33.491 4.984 25.568 C
391 47 32.357 5.374 25.824 O
392 47 33.397 2.986 24.021 C
393 47 32.116 2.595 24.700 C
394 47 31.765 1.152 24.372 C
395 47 32.885 0.201 24.751 C
396 47 32.549 -1.194 24.356 N
397 48 34.486 5.033 26.451 N
398 48 34.304 5.486 27.833 C
399 48 34.320 7.009 28.073 C
400 48 34.045 7.463 29.194 O
401 48 35.377 4.843 28.708 C
402 48 36.762 5.241 28.324 C
403 48 37.331 4.959 27.100 N
404 48 37.674 5.995 28.988 C
405 48 38.537 5.541 27.054 C
406 48 38.793 6.183 28.177 N
407 49 34.688 7.792 27.059 N
408 49 34.741 9.252 27.205 C
409 49 33.363 9.790 27.554 C
410 49 32.373 9.462 26.904 O
411 49 35.281 9.911 25.934 C
412 49 36.624 9.372 25.431 C
413 49 37.025 10.087 24.158 C
414 49 37.694 9.537 26.494 C
415 50 33.311 10.592 28.614 N
416 50 32.056 11.148 29.124 C
417 50 31.734 12.582 28.729 C
418 50 30.561 12.936 28.611 O
419 50 32.033 11.065 30.656 C
420 50 32.205 9.664 31.236 C
421 50 32.397 9.745 32.751 C
422 50 32.597 8.376 33.394 C
423 50 31.358 7.553 33.362 N
424 51 32.761 13.406 28.541 N
425 51 32.540 14.811 28.207 C
426 51 33.324 15.294 27.000 C
427 51 34.255 14.636 26.556 O
428 51 32.941 15.708 29.386 C
429 51 34.360 15.651 29.558 O
430 51 32.265 15.247 30.672 C
431 52 32.991 16.495 26.531 N
432 52 33.674 17.089 25.393 C
433 52 35.108 17.400 25.743 C
434 52 35.985 17.301 24.892 O
435 52 32.981 18.365 24.919 C
436 52 33.720 19.033 23.757 C
437 52 32.907 20.112 23.059 C
438 52 31.807 20.445 23.538 O
439 52 33.367 20.617 22.013 O
440 53 35.343 17.787 26.996 N
441 53 36.688 18.089 27.453 C
442 53 37.543 16.838 27.340 C
443 53 38.692 16.903 26.918 O
444 53 36.665 18.581 28.900 C
445 54 37.001 15.697 27.750 N
446 54 37.754 14.447 27.653 C
447 54 38.007 14.084 26.193 C
448 54 39.091 13.628 25.840 O
449 54 37.012 13.318 28.349 C
450 54 37.169 13.386 29.849 C
451 54 36.329 12.375 30.591 C
452 54 35.543 11.658 29.949 O
453 54 36.450 12.312 31.831 O
454 55 37.008 14.300 25.348 N
455 55 37.144 14.011 23.920 C
456 55 38.235 14.878 23.279 C
457 55 39.064 14.380 22.512 O
458 55 35.809 14.235 23.208 C
459 55 34.780 13.162 23.508 C
460 55 33.194 13.514 22.756 S
461 55 32.134 12.411 23.734 C
462 56 38.259 16.160 23.636 N
463 56 39.245 17.094 23.089 C
464 56 40.662 16.723 23.470 C
465 56 41.604 16.981 22.722 O
466 56 38.972 18.515 23.580 C
467 56 37.814 19.216 22.912 C
468 56 37.654 20.603 23.507 C
469 56 36.505 21.355 22.883 C
470 56 36.276 22.653 23.577 N
471 57 40.798 16.113 24.642 N
472 57 42.087 15.711 25.182 C
473 57 42.570 14.350 24.715 C
474 57 43.726 14.012 24.894 O
475 57 42.018 15.735 26.704 C
476 58 41.688 13.572 24.103 N
477 58 42.033 12.232 23.658 C
478 58 42.875 12.150 22.390 C
479 58 42.458 12.586 21.319 O
480 58 40.762 11.408 23.488 C
481 58 41.088 10.108 23.053 O
482 59 44.052 11.548 22.515 N
483 59 44.953 11.377 21.386 C
484 59 44.398 10.305 20.448 C
485 59 44.576 10.378 19.236 O
486 59 46.341 10.976 21.888 C
487 59 47.460 11.873 21.392 C
488 59 47.238 13.337 21.726 C
489 59 46.893 13.655 22.886 O
490 59 47.419 14.173 20.820 O
491 60 43.723 9.310 21.020 N
492 60 43.131 8.238 20.236 C
493 60 42.008 8.748 19.348 C
494 60 41.856 8.285 18.221 O
495 60 42.574 7.138 21.138 C
496 60 43.650 6.195 21.647 C
497 60 44.687 6.025 20.969 O
498 60 43.447 5.614 22.728 O
499 61 41.192 9.662 19.871 N
500 61 40.079 10.213 19.098 C
501 61 40.640 11.089 17.978 C
502 61 40.180 11.019 16.833 O
503 61 39.120 11.003 20.003 C
504 61 37.849 11.616 19.397 C
505 61 36.768 11.702 20.459 C
506 61 38.141 13.005 18.842 C
507 62 41.663 11.882 18.296 N
508 62 42.278 12.735 17.277 C
509 62 42.819 11.880 16.133 C
510 62 42.600 12.195 14.969 O
511 62 43.405 13.597 17.866 C
512 62 44.117 14.455 16.821 C
513 62 44.745 15.685 17.434 C
514 62 45.886 15.330 18.356 C
515 62 46.316 16.500 19.177 N
516 63 43.477 10.772 16.471 N
517 63 44.028 9.882 15.451 C
518 63 42.929 9.268 14.585 C
519 63 43.103 9.082 13.388 O
520 63 44.883 8.784 16.090 C
521 63 46.102 9.333 16.844 C
522 63 47.195 8.279 17.047 C
523 63 46.857 7.259 18.126 C
524 63 47.059 7.801 19.497 N
525 64 41.795 8.953 15.196 N
526 64 40.678 8.361 14.468 C
527 64 40.121 9.380 13.472 C
528 64 39.698 9.019 12.376 O
529 64 39.591 7.936 15.445 C
530 65 40.087 10.645 13.892 N
531 65 39.592 11.714 13.039 C
532 65 40.507 11.907 11.839 C
533 65 40.024 12.106 10.731 O
534 66 41.822 11.849 12.057 N
535 66 42.787 12.005 10.970 C
536 66 42.626 10.848 9.987 C
537 66 42.689 11.038 8.777 O
538 66 44.246 12.051 11.501 C
539 66 45.249 11.916 10.336 C
540 66 44.495 13.367 12.246 C
541 67 42.366 9.662 10.513 N
542 67 42.178 8.476 9.680 C
543 67 40.926 8.618 8.809 C
544 67 40.942 8.329 7.606 O
545 67 42.088 7.232 10.571 C
546 67 43.336 7.077 11.262 O
547 67 41.802 5.974 9.759 C
548 68 39.851 9.108 9.402 N
549 68 38.609 9.291 8.664 C
550 68 38.788 10.296 7.525 C
551 68 38.418 10.033 6.371 O
552 68 37.472 9.776 9.604 C
553 68 36.277 10.303 8.793 C
554 68 37.018 8.631 10.474 C
555 69 39.375 11.444 7.838 N
556 69 39.557 12.480 6.826 C
557 69 40.539 12.139 5.729 C
558 69 40.320 12.505 4.579 O
559 69 39.907 13.824 7.461 C
560 69 38.813 14.427 8.339 C
561 69 39.243 15.834 8.732 C
562 69 37.478 14.464 7.601 C
563 70 41.619 11.453 6.075 N
564 70 42.606 11.058 5.084 C
565 70 41.970 10.066 4.103 C
566 70 42.177 10.171 2.896 O
567 70 43.842 10.427 5.765 C
568 70 44.436 11.401 6.633 O
569 70 44.877 9.988 4.725 C
570 71 41.180 9.118 4.610 N
571 71 40.525 8.141 3.731 C
572 71 39.451 8.811 2.860 C
573 71 39.358 8.552 1.667 O
574 71 39.912 7.027 4.548 C
575 72 38.650 9.689 3.458 N
576 72 37.599 10.384 2.724 C
577 72 38.204 11.328 1.687 C
578 72 37.706 11.435 0.569 O
579 72 36.698 11.156 3.690 C
580 72 35.546 11.915 3.032 C
581 72 34.687 10.941 2.228 C
582 72 34.711 12.658 4.091 C
583 73 39.300 11.978 2.048 N
584 73 39.958 12.885 1.123 C
585 73 40.455 12.148 -0.107 C
586 73 40.346 12.651 -1.222 O
587 74 40.976 10.941 0.081 N
588 74 41.494 10.163 -1.048 C
589 74 40.356 9.795 -2.001 C
590 74 40.520 9.801 -3.229 O
591 74 42.214 8.917 -0.548 C
592 75 39.193 9.526 -1.423 N
593 75 38.004 9.168 -2.184 C
594 75 37.489 10.375 -2.968 C
595 75 37.261 10.288 -4.171 O
596 75 36.909 8.579 -1.229 C
597 75 37.318 7.155 -0.817 C
598 75 35.523 8.568 -1.888 C
599 75 36.584 6.618 0.393 C
600 76 37.367 11.520 -2.309 N
601 76 36.873 12.713 -2.989 C
602 76 37.765 13.147 -4.150 C
603 76 37.269 13.585 -5.186 O
604 76 36.703 13.860 -1.999 C
605 76 35.641 13.696 -0.916 C
606 76 35.747 14.894 0.036 C
607 76 34.228 13.618 -1.528 C
608 77 39.081 13.023 -3.985 N
609 77 40.007 13.419 -5.041 C
610 77 39.931 12.539 -6.281 C
611 77 40.459 12.904 -7.320 O
612 77 41.435 13.489 -4.508 C
613 77 41.635 14.621 -3.510 C
614 77 42.938 14.460 -2.765 C
615 77 43.140 15.595 -1.799 C
616 77 44.455 15.492 -1.115 N
617 78 39.288 11.374 -6.168 N
618 78 39.110 10.475 -7.319 C
619 78 37.963 10.966 -8.203 C
620 78 37.730 10.435 -9.289 O
621 78 38.811 9.032 -6.873 C
622 78 39.925 8.360 -6.070 C
623 78 41.294 8.474 -6.744 C
624 78 41.363 7.699 -8.048 C
625 78 41.213 6.242 -7.823 N
626 79 37.200 11.926 -7.687 N
627 79 36.080 12.514 -8.413 C
628 79 35.095 11.490 -8.979 C
629 79 34.706 11.553 -10.146 O
630 79 36.609 13.452 -9.508 C
631 79 37.354 14.648 -8.941 C
632 79 38.263 15.304 -9.945 C
633 79 37.497 15.907 -11.080 C
634 79 38.412 16.719 -11.940 N
635 80 34.696 10.542 -8.138 N
636 80 33.734 9.535 -8.554 C
637 80 34.297 8.194 -9.002 C
638 80 33.560 7.206 -9.030 O
639 81 35.579 8.147 -9.363 N
640 81 36.215 6.911 -9.823 C
641 81 36.891 6.297 -8.621 C
642 81 38.101 6.113 -8.604 O
643 81 37.251 7.260 -10.889 C
644 81 36.662 7.872 -12.126 C
645 81 36.554 9.228 -12.348 N
646 81 36.152 7.280 -13.235 C
647 81 35.999 9.404 -13.555 C
648 81 35.736 8.247 -14.132 N
649 82 36.084 5.919 -7.639 N
650 82 36.603 5.426 -6.359 C
651 82 36.306 3.973 -6.001 C
652 82 36.385 3.590 -4.827 O
653 82 36.043 6.330 -5.254 C
654 82 34.554 6.447 -5.288 C
655 82 33.864 7.624 -5.108 N
656 82 33.608 5.503 -5.528 C
657 82 32.556 7.360 -5.240 C
658 82 32.350 6.084 -5.498 N
659 83 35.936 3.173 -6.990 N
660 83 35.622 1.774 -6.734 C
661 83 36.715 1.037 -5.965 C
662 83 36.423 0.370 -4.975 O
663 83 35.260 1.039 -8.037 C
664 83 36.100 1.399 -9.273 C
665 83 35.798 2.788 -9.860 C
666 83 34.656 3.285 -9.704 O
667 83 36.714 3.384 -10.472 O
668 84 37.976 1.227 -6.357 N
669 84 39.091 0.564 -5.684 C
670 84 39.243 0.969 -4.229 C
671 84 39.506 0.127 -3.376 O
672 84 40.380 0.815 -6.422 C
673 85 39.111 2.261 -3.948 N
674 85 39.228 2.769 -2.577 C
675 85 38.078 2.320 -1.680 C
676 85 38.260 2.141 -0.476 O
677 85 39.269 4.310 -2.560 C
678 85 40.553 4.931 -3.088 C
679 85 40.709 4.778 -4.590 C
680 85 39.687 4.790 -5.305 O
681 85 41.855 4.652 -5.061 O
682 86 36.903 2.139 -2.275 N
683 86 35.707 1.759 -1.543 C
684 86 35.621 0.315 -1.065 C
685 86 34.994 0.033 -0.051 O
686 86 34.480 2.057 -2.399 C
687 86 33.370 2.879 -1.763 C
688 86 33.883 4.279 -1.451 C
689 86 32.206 2.957 -2.741 C
690 87 36.228 -0.602 -1.806 N
691 87 36.169 -2.019 -1.465 C
692 87 36.625 -2.407 -0.054 C
693 87 35.848 -2.969 0.717 O
694 87 36.912 -2.832 -2.526 C
695 87 36.326 -2.639 -3.891 C
696 87 37.231 -3.154 -4.987 C
697 87 37.152 -4.652 -5.116 C
698 87 37.633 -5.076 -6.461 N
699 88 37.877 -2.090 0.314 N
700 88 38.327 -2.458 1.655 C
701 88 37.568 -1.720 2.754 C
702 88 37.344 -2.266 3.835 O
703 88 39.812 -2.089 1.621 C
704 88 39.871 -0.954 0.629 C
705 88 38.953 -1.426 -0.448 C
706 89 37.162 -0.485 2.467 N
707 89 36.431 0.338 3.422 C
708 89 35.046 -0.252 3.702 C
709 89 34.594 -0.307 4.848 O
710 89 36.291 1.751 2.844 C
711 89 35.582 2.798 3.690 C
712 89 36.384 3.014 4.977 C
713 89 35.472 4.095 2.894 C
714 90 34.366 -0.676 2.643 N
715 90 33.038 -1.264 2.766 C
716 90 33.174 -2.580 3.501 C
717 90 32.392 -2.881 4.394 O
718 90 32.440 -1.489 1.395 C
719 91 34.206 -3.351 3.176 N
720 91 34.378 -4.627 3.869 C
721 91 34.607 -4.487 5.370 C
722 91 33.958 -5.168 6.150 O
723 91 35.493 -5.483 3.263 C
724 91 35.580 -6.851 3.948 C
725 91 36.645 -7.749 3.361 C
726 91 37.748 -7.309 3.086 O
727 91 36.321 -9.022 3.188 N
728 92 35.530 -3.629 5.792 N
729 92 35.759 -3.488 7.229 C
730 92 34.571 -2.885 7.976 C
731 92 34.223 -3.342 9.064 O
732 92 37.018 -2.678 7.511 C
733 92 36.847 -1.334 7.112 O
734 93 33.919 -1.882 7.400 N
735 93 32.792 -1.265 8.094 C
736 93 31.525 -2.108 8.145 C
737 93 30.716 -1.968 9.058 O
738 93 32.535 0.139 7.556 C
739 93 33.597 1.102 7.955 C
740 93 34.923 0.901 7.644 N
741 93 33.558 2.192 8.753 C
742 93 35.660 1.819 8.240 C
743 93 34.856 2.619 8.919 N
744 94 31.363 -2.999 7.177 N
745 94 30.203 -3.879 7.162 C
746 94 30.443 -5.125 8.025 C
747 94 29.643 -5.446 8.899 O
748 94 29.888 -4.316 5.729 C
749 95 31.600 -5.749 7.839 N
750 95 31.942 -7.011 8.499 C
751 95 32.634 -6.974 9.845 C
752 95 32.323 -7.792 10.712 O
753 95 32.797 -7.876 7.551 C
754 95 32.200 -7.865 6.254 O
755 95 32.886 -9.318 8.042 C
756 96 33.604 -6.080 10.010 N
757 96 34.339 -5.999 11.269 C
758 96 33.683 -5.042 12.268 C
759 96 33.266 -5.446 13.352 O
760 96 35.791 -5.581 11.006 C
761 96 36.680 -5.666 12.247 C
762 96 38.038 -5.009 12.041 C
763 96 39.128 -6.005 11.662 C
764 96 38.985 -6.572 10.295 N
765 97 33.538 -3.784 11.866 N
766 97 32.959 -2.738 12.713 C
767 97 31.431 -2.718 12.815 C
768 97 30.899 -2.222 13.801 O
769 97 33.453 -1.373 12.229 C
770 97 34.919 -1.339 11.938 C
771 97 35.878 -1.898 12.753 N
772 97 35.592 -0.822 10.878 C
773 97 37.080 -1.708 12.180 C
774 97 36.959 -1.059 11.039 N
775 98 30.740 -3.225 11.788 N
776 98 29.266 -3.269 11.724 C
777 98 28.608 -1.896 11.868 C
778 98 27.818 -1.649 12.779 O
779 98 28.702 -4.263 12.748 C
780 98 28.485 -5.660 12.177 C
781 98 29.123 -6.751 13.019 C
782 98 30.630 -6.732 12.886 C
783 98 31.292 -7.959 13.425 N
784 99 28.911 -1.026 10.911 N
785 99 28.413 0.337 10.882 C
786 99 27.241 0.480 9.921 C
787 99 27.407 0.396 8.699 O
788 99 29.532 1.313 10.411 C
789 99 30.821 1.109 11.230 C
790 99 29.023 2.764 10.417 C
791 99 30.652 1.114 12.750 C
792 100 26.041 0.737 10.454 N
793 100 24.892 0.889 9.554 C
794 100 24.976 2.161 8.703 C
795 100 25.634 3.129 9.086 O
796 100 23.693 0.900 10.520 C
797 100 24.274 1.377 11.810 C
798 100 25.624 0.718 11.868 C
799 101 24.339 2.139 7.536 N
800 101 24.329 3.292 6.631 C
801 101 23.859 4.539 7.360 C
802 101 24.303 5.645 7.068 O
803 101 23.396 3.036 5.397 C
804 101 23.974 1.915 4.526 C
805 101 23.173 4.314 4.589 C
806 101 25.420 2.149 4.080 C
807 102 22.955 4.334 8.311 N
808 102 22.379 5.389 9.128 C
809 102 23.485 6.228 9.759 C
810 102 23.404 7.455 9.784 O
811 102 21.523 4.739 10.227 C
812 102 20.797 5.684 11.164 C
813 102 19.698 6.452 10.451 C
814 102 18.846 7.202 11.458 C
815 102 17.920 8.200 10.858 N
816 103 24.518 5.561 10.260 N
817 103 25.632 6.256 10.901 C
818 103 26.486 7.019 9.894 C
819 103 27.180 7.974 10.261 O
820 103 26.501 5.283 11.698 C
821 103 25.859 4.735 12.966 C
822 103 24.515 4.946 13.247 C
823 103 26.610 3.983 13.873 C
824 103 23.926 4.413 14.407 C
825 103 26.042 3.454 15.019 C
826 103 24.704 3.668 15.281 C
827 103 24.141 3.121 16.412 O
828 104 26.487 6.566 8.638 N
829 104 27.250 7.268 7.600 C
830 104 26.497 8.551 7.255 C
831 104 27.095 9.541 6.851 O
832 104 27.461 6.392 6.359 C
833 104 28.243 5.115 6.668 C
834 104 28.328 4.263 5.432 C
835 104 29.619 5.461 7.157 C
836 105 25.174 8.528 7.406 N
837 105 24.389 9.728 7.169 C
838 105 24.700 10.716 8.306 C
839 105 24.866 11.916 8.071 O
840 105 22.898 9.397 7.136 C
841 105 22.482 8.739 5.831 C
842 105 21.056 8.226 5.838 C
843 105 20.238 8.703 6.648 O
844 105 20.752 7.331 5.027 O
845 106 24.805 10.197 9.530 N
846 106 25.108 11.027 10.698 C
847 106 26.457 11.727 10.580 C
848 106 26.586 12.911 10.918 O
849 106 25.124 10.182 11.966 C
850 106 23.777 9.650 12.370 C
851 106 22.611 10.168 11.824 C
852 106 23.682 8.661 13.336 C
853 106 21.356 9.707 12.240 C
854 106 22.439 8.194 13.759 C
855 106 21.280 8.721 13.211 C
856 107 27.477 11.004 10.126 N
857 107 28.787 11.635 10.013 C
858 107 28.804 12.625 8.848 C
859 107 29.532 13.614 8.890 O
860 107 29.955 10.606 9.921 C
861 107 31.281 11.292 10.327 C
862 107 30.034 9.996 8.517 C
863 107 32.466 10.334 10.499 C
864 108 27.967 12.382 7.837 N
865 108 27.885 13.281 6.687 C
866 108 27.352 14.630 7.142 C
867 108 27.819 15.671 6.686 O
868 108 26.983 12.703 5.604 C
869 108 27.593 11.559 5.015 O
870 109 26.408 14.598 8.082 N
871 109 25.804 15.806 8.628 C
872 109 26.812 16.539 9.497 C
873 109 26.839 17.774 9.522 O
874 109 24.565 15.451 9.460 C
875 109 23.978 16.629 10.235 C
876 109 22.837 16.222 11.158 C
877 109 22.997 15.249 11.936 O
878 109 21.778 16.887 11.108 O
879 110 27.638 15.785 10.214 N
880 110 28.653 16.397 11.071 C
881 110 29.708 17.093 10.212 C
882 110 30.213 18.160 10.579 O
883 110 29.318 15.346 11.972 C
884 111 30.029 16.502 9.064 N
885 111 31.027 17.096 8.174 C
886 111 30.493 18.411 7.622 C
887 111 31.180 19.427 7.625 O
888 111 31.382 16.130 7.014 C
889 111 32.207 14.960 7.553 C
890 111 32.146 16.875 5.907 C
891 111 32.269 13.769 6.631 C
892 112 29.246 18.400 7.186 N
893 112 28.643 19.614 6.646 C
894 112 28.550 20.738 7.698 C
895 112 28.850 21.896 7.397 O
896 112 27.271 19.299 6.011 C
897 112 27.498 18.490 4.728 C
898 112 26.482 20.607 5.730 C
899 112 26.241 17.839 4.179 C
900 113 28.216 20.375 8.939 N
901 113 28.103 21.344 10.020 C
902 113 29.455 21.994 10.314 C
903 113 29.549 23.211 10.450 O
904 113 27.554 20.662 11.282 C
905 113 27.553 21.539 12.500 C
906 113 26.448 22.217 12.966 N
907 113 28.557 21.842 13.362 C
908 113 26.808 22.893 14.068 C
909 113 28.081 22.695 14.348 N
910 114 30.508 21.188 10.397 N
911 114 31.830 21.724 10.684 C
912 114 32.381 22.605 9.547 C
913 114 32.944 23.661 9.814 O
914 114 32.812 20.588 11.064 C
915 114 34.246 21.110 11.135 C
916 114 32.398 20.007 12.405 C
917 115 32.240 22.179 8.289 N
918 115 32.713 23.011 7.173 C
919 115 31.950 24.331 7.160 C
920 115 32.515 25.381 6.875 O
921 115 32.532 22.315 5.822 C
922 115 33.339 21.030 5.615 C
923 115 33.300 20.605 4.173 C
924 115 34.752 21.264 6.016 C
925 116 30.651 24.266 7.450 N
926 116 29.821 25.460 7.487 C
927 116 30.304 26.403 8.593 C
928 116 30.339 27.620 8.388 O
929 116 28.349 25.083 7.700 C
930 116 27.430 26.260 7.851 C
931 116 26.931 26.995 6.798 N
932 116 26.907 26.822 8.970 C
933 116 26.141 27.956 7.303 C
934 116 26.096 27.890 8.618 N
935 117 30.689 25.852 9.746 N
936 117 31.176 26.680 10.858 C
937 117 32.549 27.294 10.598 C
938 117 32.742 28.489 10.823 O
939 117 31.288 25.879 12.165 C
940 117 30.065 25.256 12.503 O
941 118 33.490 26.483 10.110 N
942 118 34.861 26.948 9.886 C
943 118 35.188 27.644 8.578 C
944 118 36.150 28.408 8.522 O
945 118 35.852 25.796 10.103 C
946 118 35.912 25.310 11.552 C
947 118 36.826 24.094 11.730 C
948 118 38.225 24.415 11.481 N
949 118 39.254 23.864 12.121 C
950 118 39.056 22.964 13.080 N
951 118 40.492 24.223 11.801 N
952 119 34.387 27.414 7.536 N
953 119 34.654 28.007 6.223 C
954 119 33.431 28.664 5.604 C
955 119 33.080 28.373 4.455 O
956 119 35.161 26.911 5.273 C
957 119 36.305 26.130 5.832 C
958 119 37.593 26.606 5.905 N
959 119 36.322 24.921 6.448 C
960 119 38.325 25.696 6.562 C
961 119 37.591 24.654 6.907 N
962 120 32.809 29.616 6.316 N
963 120 31.619 30.265 5.760 C
964 120 31.799 30.908 4.385 C
965 120 30.903 30.840 3.547 O
966 120 31.239 31.275 6.848 C
967 120 32.537 31.559 7.540 C
968 120 33.169 30.202 7.620 C
969 121 32.982 31.446 4.125 N
970 121 33.239 32.095 2.850 C
971 121 33.418 31.135 1.693 C
972 121 33.197 31.510 0.534 O
973 122 33.826 29.904 1.979 N
974 122 34.021 28.929 0.911 C
975 122 32.974 27.846 0.959 C
976 122 33.044 26.863 0.210 O
977 122 35.413 28.300 1.002 C
978 122 36.510 29.292 0.687 C
979 122 37.436 29.500 1.476 O
980 122 36.401 29.924 -0.466 N
981 123 31.995 28.017 1.834 N
982 123 30.956 27.016 1.960 C
983 123 29.565 27.636 1.901 C
984 123 28.774 27.498 2.829 O
985 123 31.143 26.228 3.252 C
986 123 30.593 24.840 3.198 C
987 123 31.156 23.889 2.352 C
988 123 29.544 24.465 4.036 C
989 123 30.680 22.572 2.345 C
990 123 29.062 23.157 4.045 C
991 123 29.633 22.203 3.194 C
992 124 29.302 28.337 0.804 N
993 124 28.006 28.942 0.576 C
994 124 27.038 27.860 0.119 C
995 124 27.392 26.682 0.083 O
996 125 25.833 28.256 -0.283 N
997 125 24.801 27.295 -0.691 C
998 125 25.192 26.363 -1.824 C
999 125 24.911 25.175 -1.770 O
1000 125 23.510 28.019 -1.024 C
1001 126 25.840 26.889 -2.855 N
1002 126 26.241 26.044 -3.971 C
1003 126 27.321 25.047 -3.568 C
1004 126 27.285 23.889 -3.977 O
1005 126 26.710 26.906 -5.138 C
1006 126 25.582 27.735 -5.743 C
1007 126 24.418 27.285 -5.725 O
1008 126 25.856 28.844 -6.226 O
1009 127 28.275 25.492 -2.754 N
1010 127 29.356 24.613 -2.295 C
1011 127 28.807 23.519 -1.373 C
1012 127 29.261 22.375 -1.423 O
1013 127 30.429 25.421 -1.579 C
1014 128 27.853 23.871 -0.509 N
1015 128 27.275 22.881 0.385 C
1016 128 26.462 21.858 -0.412 C
1017 128 26.450 20.671 -0.088 O
1018 128 26.405 23.549 1.453 C
1019 128 25.795 22.540 2.429 C
1020 128 25.025 23.194 3.567 C
1021 128 25.351 24.295 3.999 O
1022 128 24.014 22.498 4.070 N
1023 129 25.796 22.319 -1.469 N
1024 129 25.018 21.421 -2.297 C
1025 129 25.924 20.419 -2.992 C
1026 129 25.579 19.236 -3.135 O
1027 130 27.064 20.898 -3.477 N
1028 130 28.026 20.026 -4.151 C
1029 130 28.638 19.011 -3.165 C
1030 130 28.833 17.849 -3.508 O
1031 130 29.120 20.863 -4.806 C
1032 131 28.955 19.453 -1.952 N
1033 131 29.516 18.560 -0.924 C
1034 131 28.460 17.513 -0.542 C
1035 131 28.756 16.327 -0.428 O
1036 131 29.964 19.365 0.315 C
1037 131 30.626 18.538 1.444 C
1038 131 32.114 17.623 0.887 S
1039 131 33.312 18.844 0.963 C
1040 132 27.216 17.945 -0.374 N
1041 132 26.156 17.000 -0.056 C
1042 132 26.016 15.928 -1.161 C
1043 132 25.850 14.745 -0.868 O
1044 132 24.814 17.707 0.139 C
1045 132 23.687 16.718 0.382 C
1046 132 23.706 15.992 1.362 O
1047 132 22.737 16.648 -0.543 N
1048 133 26.066 16.353 -2.423 N
1049 133 25.965 15.440 -3.566 C
1050 133 27.126 14.429 -3.563 C
1051 133 26.935 13.240 -3.823 O
1052 133 25.982 16.265 -4.852 C
1053 133 25.438 15.580 -6.078 C
1054 133 25.284 16.576 -7.225 C
1055 133 24.869 15.864 -8.499 C
1056 133 24.796 16.766 -9.678 N
1057 134 28.327 14.902 -3.235 N
1058 134 29.503 14.034 -3.208 C
1059 134 29.389 13.010 -2.091 C
1060 134 29.733 11.840 -2.279 O
1061 134 30.778 14.863 -3.056 C
1062 135 28.864 13.429 -0.943 N
1063 135 28.709 12.516 0.187 C
1064 135 27.559 11.544 -0.068 C
1065 135 27.608 10.398 0.365 O
1066 135 28.488 13.292 1.491 C
1067 135 29.701 14.126 1.934 C
1068 135 29.360 14.933 3.188 C
1069 135 30.899 13.213 2.171 C
1070 136 26.526 11.995 -0.780 N
1071 136 25.402 11.117 -1.108 C
1072 136 25.884 10.042 -2.079 C
1073 136 25.450 8.889 -2.004 O
1074 136 24.268 11.893 -1.764 C
1075 136 23.518 12.804 -0.815 C
1076 136 22.209 13.306 -1.403 C
1077 136 21.977 13.091 -2.617 O
1078 136 21.410 13.908 -0.648 O
1079 137 26.756 10.434 -3.008 N
1080 137 27.325 9.494 -3.986 C
1081 137 28.151 8.462 -3.231 C
1082 137 28.067 7.264 -3.507 O
1083 137 28.212 10.229 -4.990 C
1084 137 28.994 9.349 -5.967 C
1085 137 28.035 8.596 -6.888 C
1086 137 29.942 10.212 -6.783 C
1087 138 28.945 8.933 -2.273 N
1088 138 29.767 8.049 -1.438 C
1089 138 28.878 7.040 -0.683 C
1090 138 29.132 5.835 -0.708 O
1091 138 30.594 8.894 -0.461 C
1092 138 31.193 8.115 0.672 C
1093 138 32.206 7.198 0.449 C
1094 138 30.742 8.310 1.973 C
1095 138 32.759 6.488 1.504 C
1096 138 31.292 7.601 3.033 C
1097 138 32.304 6.688 2.797 C
1098 139 27.821 7.533 -0.040 N
1099 139 26.907 6.663 0.691 C
1100 139 26.168 5.672 -0.196 C
1101 139 25.911 4.546 0.216 O
1102 139 25.895 7.477 1.488 C
1103 139 26.542 8.326 2.563 C
1104 139 25.537 8.698 3.633 C
1105 139 24.374 9.395 3.094 N
1106 139 24.331 10.698 2.830 C
1107 139 25.397 11.459 3.045 N
1108 139 23.217 11.239 2.352 N
1109 140 25.794 6.103 -1.393 N
1110 140 25.085 5.238 -2.334 C
1111 140 25.960 4.072 -2.796 C
1112 140 25.508 2.920 -2.851 O
1113 140 24.629 6.037 -3.564 C
1114 140 23.809 5.214 -4.555 C
1115 140 23.378 6.015 -5.777 C
1116 140 24.414 5.956 -6.891 C
1117 140 25.721 6.540 -6.486 N
1118 141 27.209 4.369 -3.144 N
1119 141 28.121 3.330 -3.596 C
1120 141 28.523 2.404 -2.455 C
1121 141 28.690 1.205 -2.654 O
1122 141 29.342 3.942 -4.275 C
1123 141 29.012 4.537 -5.625 C
1124 141 27.901 4.285 -6.137 O
1125 141 29.858 5.267 -6.178 O
1126 142 28.661 2.953 -1.256 N
1127 142 29.003 2.133 -0.099 C
1128 142 27.828 1.207 0.228 C
1129 142 28.035 0.037 0.563 O
1130 142 29.337 3.007 1.134 C
1131 142 30.802 3.402 1.095 C
1132 142 29.037 2.265 2.432 C
1133 142 31.730 2.254 1.434 C
1134 143 26.604 1.726 0.138 N
1135 143 25.417 0.915 0.434 C
1136 143 25.327 -0.264 -0.532 C
1137 143 25.004 -1.375 -0.120 O
1138 143 24.148 1.759 0.351 C
1139 144 25.654 -0.018 -1.802 N
1140 144 25.629 -1.048 -2.836 C
1141 144 26.637 -2.150 -2.522 C
1142 144 26.351 -3.328 -2.719 O
1143 144 25.936 -0.437 -4.191 C
1144 145 27.806 -1.759 -2.015 N
1145 145 28.870 -2.705 -1.666 C
1146 145 28.470 -3.505 -0.452 C
1147 145 28.752 -4.698 -0.374 O
1148 145 30.183 -1.968 -1.383 C
1149 145 30.942 -1.512 -2.618 C
1150 145 29.991 -1.135 -3.738 C
1151 145 30.529 -0.033 -4.613 C
1152 145 29.441 0.506 -5.451 N
1153 146 27.827 -2.840 0.503 N
1154 146 27.357 -3.498 1.721 C
1155 146 26.490 -4.689 1.319 C
1156 146 26.687 -5.806 1.807 O
1157 146 26.505 -2.535 2.552 C
1158 146 27.233 -1.771 3.637 C
1159 146 28.619 -1.581 3.605 C
1160 146 26.523 -1.242 4.711 C
1161 146 29.274 -0.877 4.629 C
1162 146 27.163 -0.542 5.730 C
1163 146 28.534 -0.363 5.688 C
1164 146 29.130 0.330 6.726 O
1165 147 25.547 -4.438 0.415 N
1166 147 24.632 -5.465 -0.085 C
1167 147 25.367 -6.639 -0.733 C
1168 147 25.038 -7.798 -0.474 O
1169 147 23.629 -4.856 -1.070 C
1170 147 22.622 -5.862 -1.601 C
1171 147 21.596 -5.222 -2.524 C
1172 147 20.771 -6.284 -3.255 C
1173 147 20.154 -7.292 -2.336 N
1174 148 26.371 -6.342 -1.557 N
1175 148 27.161 -7.392 -2.212 C
1176 148 27.928 -8.224 -1.192 C
1177 148 28.209 -9.401 -1.427 O
1178 148 28.165 -6.787 -3.191 C
1179 148 27.525 -6.095 -4.375 C
1180 148 28.537 -5.376 -5.246 C
1181 148 29.668 -5.885 -5.394 O
1182 148 28.201 -4.297 -5.781 O
1183 149 28.287 -7.597 -0.077 N
1184 149 29.039 -8.263 0.971 C
1185 149 28.157 -9.039 1.950 C
1186 149 28.671 -9.745 2.818 O
1187 149 29.922 -7.253 1.722 C
1188 149 31.019 -6.537 0.915 C
1189 149 31.667 -5.457 1.768 C
1190 149 32.071 -7.516 0.423 C
1191 150 26.840 -8.893 1.824 N
1192 150 25.928 -9.627 2.685 C
1193 150 25.458 -8.914 3.931 C
1194 150 24.952 -9.540 4.862 O
1195 151 25.577 -7.594 3.926 N
1196 151 25.182 -6.783 5.061 C
1197 151 24.092 -5.767 4.724 C
1198 151 22.961 -5.891 5.185 O
1199 151 26.421 -6.073 5.616 C
1200 151 26.163 -5.166 6.795 C
1201 151 25.875 -5.682 8.055 C
1202 151 26.232 -3.789 6.654 C
1203 151 25.662 -4.838 9.144 C
1204 151 26.021 -2.941 7.733 C
1205 151 25.737 -3.469 8.969 C
1206 151 25.525 -2.614 10.021 O
1207 152 24.446 -4.753 3.940 N
1208 152 23.530 -3.665 3.569 C
1209 152 22.709 -3.098 4.737 C
1210 152 21.671 -2.466 4.532 O
1211 152 22.597 -4.059 2.422 C
1212 152 22.461 -2.974 1.348 C
1213 152 22.386 -1.558 1.909 C
1214 152 23.408 -0.957 2.246 O
1215 152 21.174 -1.020 2.010 N
1216 153 23.174 -3.342 5.957 N
1217 153 22.479 -2.839 7.122 C
1218 153 22.703 -1.350 7.301 C
1219 153 22.020 -0.745 8.154 O
1220 153 23.555 -0.774 6.580 O
