1293
1 1 43.904 -3.148 9.291 N
2 1 43.354 -1.818 9.213 C
3 1 41.939 -1.905 9.719 C
4 1 41.294 -2.927 9.578 O
5 1 43.402 -1.337 7.741 C
6 1 42.754 0.000 7.470 C
7 1 43.789 1.363 8.074 S
8 1 45.326 0.900 7.283 C
9 2 41.447 -0.834 10.315 N
10 2 40.095 -0.747 10.815 C
11 2 39.745 0.752 10.875 C
12 2 40.576 1.596 10.572 O
13 2 39.902 -1.445 12.177 C
14 2 40.826 -0.881 13.208 C
15 2 40.787 0.319 13.507 O
16 2 41.661 -1.721 13.753 N
17 3 38.504 1.025 11.236 N
18 3 37.964 2.386 11.266 C
19 3 38.793 3.338 12.108 C
20 3 38.953 4.523 11.794 O
21 3 36.457 2.380 11.614 C
22 3 35.881 3.775 11.493 C
23 3 36.178 1.784 13.015 C
24 3 36.106 4.508 10.145 C
25 4 39.312 2.821 13.231 N
26 4 40.093 3.672 14.108 C
27 4 41.409 4.069 13.515 C
28 4 41.807 5.234 13.527 O
29 4 40.350 2.944 15.429 C
30 4 39.109 2.889 16.269 C
31 4 38.738 3.989 17.039 C
32 4 38.274 1.773 16.245 C
33 4 37.622 3.929 17.870 C
34 4 37.116 1.732 17.035 C
35 4 36.827 2.785 17.902 C
36 5 42.079 3.065 12.979 N
37 5 43.342 3.358 12.358 C
38 5 43.118 4.227 11.148 C
39 5 43.925 5.043 10.788 O
40 5 44.012 2.110 11.853 C
41 5 44.435 1.141 12.968 C
42 5 44.988 -0.203 12.455 C
43 5 45.158 -0.507 11.280 O
44 5 45.392 -0.983 13.425 O
45 6 42.055 3.985 10.456 N
46 6 41.820 4.761 9.228 C
47 6 41.611 6.216 9.571 C
48 6 42.198 7.168 8.994 O
49 6 40.524 4.190 8.559 C
50 6 40.114 4.943 7.302 C
51 6 38.371 4.612 6.919 S
52 6 38.281 4.666 5.102 C
53 7 40.731 6.427 10.503 N
54 7 40.496 7.851 10.860 C
55 7 41.708 8.495 11.558 C
56 7 41.944 9.704 11.444 O
57 7 39.277 7.924 11.797 C
58 7 37.951 7.931 11.031 C
59 7 36.876 7.672 12.067 C
60 7 37.753 9.294 10.336 C
61 8 42.503 7.701 12.277 N
62 8 43.696 8.265 12.915 C
63 8 44.640 8.743 11.841 C
64 8 45.305 9.759 11.982 O
65 8 44.400 7.255 13.779 C
66 8 45.798 7.773 14.091 C
67 8 45.776 8.657 15.361 C
68 8 47.098 9.147 15.780 N
69 8 47.947 9.803 14.990 C
70 8 47.695 9.996 13.700 N
71 8 49.083 10.258 15.490 N
72 9 44.641 8.060 10.715 N
73 9 45.461 8.506 9.627 C
74 9 44.891 9.793 8.999 C
75 9 45.613 10.752 8.699 O
76 9 45.613 7.409 8.553 C
77 9 46.744 6.454 8.937 C
78 9 46.013 8.032 7.202 C
79 9 46.492 5.094 8.313 C
80 10 43.602 9.838 8.770 N
81 10 43.003 10.983 8.142 C
82 10 42.977 12.263 8.947 C
83 10 43.014 13.358 8.403 O
84 10 41.607 10.648 7.650 C
85 10 41.674 9.851 6.341 C
86 10 42.578 9.929 5.519 O
87 10 40.670 9.051 6.203 O
88 11 42.861 12.118 10.241 N
89 11 42.711 13.274 11.131 C
90 11 43.976 13.714 11.878 C
91 11 44.039 14.858 12.330 O
92 11 41.650 12.908 12.187 C
93 11 40.271 12.687 11.605 C
94 11 39.581 13.872 10.983 C
95 11 40.128 15.030 11.227 O
96 11 38.578 13.758 10.335 O
97 12 44.943 12.809 12.066 N
98 12 46.138 13.061 12.828 C
99 12 45.780 13.098 14.297 C
100 12 44.712 12.674 14.698 O
101 13 46.729 13.530 15.095 N
102 13 46.525 13.654 16.518 C
103 13 47.248 14.895 17.050 C
104 13 48.454 15.020 16.904 O
105 13 47.118 12.402 17.176 C
106 13 47.240 12.592 18.685 C
107 13 45.866 12.927 19.184 C
108 13 47.723 11.287 19.297 C
109 14 46.535 15.828 17.637 N
110 14 47.125 17.037 18.220 C
111 14 46.583 17.187 19.594 C
112 14 45.369 17.020 19.826 O
113 14 46.885 18.270 17.386 C
114 14 47.485 17.956 16.008 C
115 14 47.608 19.164 15.113 C
116 14 48.431 20.199 15.695 
117 14 48.466 21.404 15.172 
118 14 47.710 21.688 14.086 N
119 14 49.259 22.319 15.754 
120 15 47.506 17.440 20.516 N
121 15 47.160 17.541 21.912 C
122 15 46.883 18.945 22.400 C
123 15 46.516 19.125 23.546 O
124 15 48.224 16.886 22.772 C
125 15 48.388 15.402 22.455 C
126 15 49.422 14.784 23.392 C
127 15 47.094 14.621 22.575 C
128 16 47.037 19.925 21.527 N
129 16 46.758 21.323 21.846 C
130 16 45.638 21.806 20.925 C
131 16 45.543 21.379 19.764 O
132 16 48.040 22.168 21.583 C
133 16 47.814 23.653 21.700 
134 16 47.976 24.136 23.134 
135 16 46.676 24.637 23.766 
136 16 46.749 25.982 24.388 
137 17 44.734 22.665 21.420 N
138 17 43.679 23.137 20.552 C
139 17 44.260 23.613 19.229 C
140 17 45.268 24.335 19.231 O
141 17 42.904 24.294 21.164 C
142 17 42.150 23.787 22.370 C
143 17 41.954 24.981 20.150 C
144 17 41.315 24.892 23.013 C
145 18 43.593 23.306 18.106 N
146 18 44.099 23.780 16.802 C
147 18 42.935 24.128 15.907 C
148 18 41.804 23.859 16.274 O
149 18 45.065 22.754 16.175 C
150 18 44.349 21.486 15.756 C
151 18 44.129 20.481 16.695 C
152 18 43.863 21.305 14.452 C
153 18 43.466 19.317 16.322 C
154 18 43.213 20.132 14.048 C
155 18 42.987 19.152 15.017 C
156 18 42.371 17.959 14.709 O
157 19 43.194 24.690 14.723 N
158 19 42.101 24.978 13.820 C
159 19 42.063 23.935 12.730 C
160 19 43.096 23.581 12.210 O
161 19 42.181 26.316 13.183 C
162 19 42.034 27.406 14.174 C
163 19 41.523 28.634 13.428 C
164 19 41.746 30.003 14.138 C
165 19 41.133 31.133 13.398 
166 20 40.877 23.435 12.397 N
167 20 40.791 22.415 11.394 C
168 20 40.910 23.037 9.978 C
169 20 41.128 24.209 9.865 O
170 20 39.546 21.511 11.597 C
171 20 38.230 22.141 11.241 C
172 20 38.286 23.345 10.769 O
173 20 37.182 21.585 11.422 O
174 21 40.600 22.267 8.939 N
175 21 40.734 22.763 7.570 C
176 21 39.744 23.835 7.286 C
177 21 39.956 24.598 6.344 O
178 21 40.578 21.647 6.529 C
179 21 39.262 21.140 6.666 O
180 21 41.491 20.465 6.887 C
181 22 38.659 23.895 8.087 N
182 22 37.612 24.925 7.876 C
183 22 37.795 26.131 8.776 C
184 22 37.014 27.063 8.727 O
185 22 36.211 24.402 8.090 C
186 22 35.847 23.212 7.175 C
187 22 35.655 23.545 5.703 C
188 22 35.179 24.760 5.494 O
189 22 35.923 22.746 4.803 O
190 23 38.850 26.057 9.612 N
191 23 39.196 27.088 10.563 C
192 23 38.497 26.939 11.897 C
193 23 38.433 27.906 12.642 O
194 24 37.983 25.745 12.212 N
195 24 37.303 25.603 13.490 C
196 24 38.154 24.964 14.510 C
197 24 38.910 24.047 14.214 O
198 24 36.075 24.768 13.458 C
199 24 35.117 25.243 12.444 C
200 24 34.653 26.553 12.476 C
201 24 34.604 24.347 11.511 C
202 24 33.711 26.969 11.540 C
203 24 33.685 24.763 10.550 C
204 24 33.242 26.085 10.566 C
205 24 32.324 26.503 9.618 O
206 25 37.944 25.424 15.737 N
207 25 38.681 24.924 16.896 C
208 25 38.388 23.452 17.150 C
209 25 37.217 23.056 17.314 O
210 25 38.354 25.745 18.170 C
211 25 38.988 27.126 18.123 C
212 25 40.370 27.267 17.973 C
213 25 38.189 28.267 18.218 C
214 25 40.947 28.536 17.978 C
215 25 38.740 29.546 18.159 C
216 25 40.126 29.663 18.072 C
217 25 40.694 30.916 18.032 O
218 26 39.483 22.730 17.216 N
219 26 39.474 21.296 17.312 C
220 26 40.581 20.831 18.226 C
221 26 41.505 21.544 18.460 O
222 26 39.763 20.762 15.813 C
223 26 38.782 21.292 14.957 O
224 26 39.736 19.221 15.611 C
225 27 40.514 19.590 18.661 N
226 27 41.614 19.047 19.434 C
227 27 41.686 17.509 19.248 C
228 27 40.720 16.881 18.878 O
229 27 41.478 19.385 20.946 C
230 27 42.807 19.147 21.695 C
231 27 40.332 18.510 21.474 C
232 27 42.993 19.975 22.924 C
233 28 42.793 16.908 19.569 N
234 28 42.836 15.475 19.574 C
235 28 42.815 14.886 18.190 C
236 28 43.590 15.292 17.333 O
237 29 41.978 13.889 18.032 N
238 29 41.854 13.228 16.756 C
239 29 40.628 13.727 15.991 C
240 29 39.627 13.064 15.892 O
241 29 41.872 11.716 16.884 C
242 29 43.217 11.329 17.515 C
243 29 41.773 11.095 15.489 C
244 29 43.094 9.967 18.171 C
245 30 40.714 14.951 15.519 N
246 30 39.613 15.503 14.799 C
247 30 38.374 15.737 15.644 C
248 30 37.269 15.789 15.133 O
249 31 38.549 16.001 16.927 N
250 31 37.342 16.299 17.737 C
251 31 36.980 17.790 17.687 C
252 31 37.634 18.620 18.338 O
253 31 37.599 15.876 19.187 C
254 31 36.410 16.183 20.009 C
255 31 35.312 15.299 20.093 N
256 31 36.112 17.307 20.757 C
257 31 34.375 15.878 20.834 C
258 31 34.817 17.069 21.283 N
259 32 35.948 18.139 16.911 N
260 32 35.560 19.521 16.787 C
261 32 35.085 20.111 18.103 C
262 32 34.255 19.562 18.801 O
263 32 34.464 19.665 15.751 C
264 32 33.877 21.077 15.839 C
265 32 34.820 22.056 15.151 C
266 32 32.553 21.112 15.146 C
267 33 35.553 21.255 18.471 N
268 33 35.088 21.767 19.736 C
269 33 33.940 22.719 19.550 C
270 33 32.954 22.668 20.279 O
271 33 36.201 22.482 20.534 C
272 33 37.260 21.503 21.020 C
273 33 38.536 22.283 21.373 C
274 33 36.722 20.717 22.233 C
275 34 34.126 23.644 18.619 N
276 34 33.121 24.663 18.379 C
277 34 33.355 25.348 17.056 C
278 34 34.495 25.482 16.593 O
279 34 33.189 25.786 19.482 C
280 34 32.113 26.680 19.318 O
281 34 34.507 26.581 19.504 C
282 35 32.272 25.821 16.485 N
283 35 32.391 26.567 15.258 C
284 35 32.543 28.031 15.537 C
285 35 32.705 28.834 14.653 O
286 35 31.227 26.370 14.342 C
287 35 31.167 24.926 13.922 C
288 35 30.148 24.703 12.858 C
289 35 30.213 23.298 12.291 C
290 35 28.923 22.884 11.682 
291 36 32.478 28.373 16.778 N
292 36 32.649 29.743 17.146 C
293 36 34.091 30.174 17.060 C
294 36 35.035 29.425 17.274 O
295 36 32.012 30.080 18.488 C
296 36 32.923 30.757 19.326 O
297 37 34.254 31.458 16.778 N
298 37 35.538 32.111 16.610 C
299 37 36.281 32.400 17.882 C
300 37 37.475 32.722 17.854 O
301 37 35.249 33.429 15.951 C
302 37 33.770 33.477 15.676 C
303 37 33.187 32.128 16.033 C
304 38 35.578 32.205 18.998 N
305 38 36.158 32.438 20.305 C
306 38 36.983 31.293 20.871 C
307 38 36.429 30.241 21.159 O
308 38 35.107 32.837 21.342 C
309 38 35.830 33.036 22.588 O
310 39 38.270 31.561 21.123 N
311 39 39.156 30.581 21.712 C
312 39 38.712 30.229 23.097 C
313 39 38.898 29.143 23.601 O
314 39 40.616 31.037 21.729 C
315 39 41.507 29.985 22.364 C
316 39 41.532 28.739 21.493 C
317 39 42.900 30.517 22.433 C
318 40 38.076 31.166 23.723 N
319 40 37.573 30.898 25.062 C
320 40 36.412 29.968 25.005 C
321 40 36.306 29.082 25.823 O
322 40 37.130 32.149 25.814 C
323 40 38.369 32.920 26.157 C
324 40 39.375 32.351 26.625 
325 40 38.355 34.180 25.696 
326 41 35.523 30.213 24.050 N
327 41 34.430 29.326 23.920 C
328 41 34.985 27.930 23.721 C
329 41 34.477 26.982 24.269 O
330 41 33.544 29.738 22.770 C
331 42 36.058 27.809 22.964 N
332 42 36.647 26.487 22.720 C
333 42 37.208 25.814 23.955 C
334 42 37.024 24.594 24.193 O
335 42 37.764 26.596 21.686 C
336 43 37.933 26.605 24.736 N
337 43 38.538 26.103 25.962 C
338 43 37.451 25.671 26.913 C
339 43 37.535 24.660 27.598 O
340 43 39.304 27.191 26.621 C
341 43 40.640 27.418 25.942 C
342 43 41.454 28.520 26.621 C
343 43 42.939 28.542 26.286 
344 43 43.792 28.767 27.474 
345 44 36.367 26.411 26.849 N
346 44 35.219 26.091 27.655 C
347 44 34.594 24.734 27.296 C
348 44 34.331 23.894 28.173 O
349 44 34.185 27.192 27.547 C
350 44 33.117 26.943 28.436 O
351 45 34.323 24.562 26.016 N
352 45 33.785 23.312 25.512 C
353 45 34.804 22.209 25.806 C
354 45 34.468 21.097 26.171 O
355 45 33.698 23.406 23.996 C
356 45 32.549 24.289 23.564 C
357 45 31.248 23.690 24.105 C
358 45 30.899 22.551 23.891 O
359 45 30.487 24.516 24.757 O
360 46 36.096 22.504 25.654 N
361 46 37.058 21.443 25.946 C
362 46 36.987 20.939 27.409 C
363 46 36.937 19.761 27.727 O
364 46 38.472 21.989 25.696 C
365 46 39.574 20.989 25.975 C
366 46 39.307 19.741 25.153 C
367 46 40.934 21.590 25.546 C
368 47 36.980 21.866 28.339 N
369 47 36.963 21.478 29.729 C
370 47 35.737 20.697 30.070 C
371 47 35.786 19.770 30.875 O
372 47 37.143 22.698 30.648 C
373 47 38.537 23.318 30.604 C
374 47 39.565 22.852 30.079 O
375 47 38.502 24.454 31.164 O
376 48 34.635 21.147 29.490 N
377 48 33.353 20.489 29.659 C
378 48 33.424 19.045 29.075 C
379 48 32.902 18.103 29.647 O
380 48 32.321 21.317 28.906 C
381 48 31.007 20.619 28.698 C
382 48 29.861 21.603 28.531 C
383 48 29.822 22.287 27.193 C
384 48 29.432 21.402 26.102 N
385 49 34.112 18.859 27.954 N
386 49 34.207 17.532 27.338 C
387 49 35.092 16.561 28.127 C
388 49 34.805 15.360 28.178 O
389 49 34.639 17.624 25.849 C
390 50 36.150 17.106 28.741 N
391 50 37.135 16.339 29.480 C
392 50 36.804 16.170 30.958 C
393 50 37.227 15.225 31.637 O
394 50 38.487 17.057 29.324 C
395 50 38.811 17.124 27.844 C
396 50 39.616 16.346 30.071 C
397 50 38.836 15.715 27.192 C
398 51 36.127 17.139 31.487 N
399 51 35.822 17.078 32.909 C
400 51 36.926 17.607 33.832 C
401 51 37.029 17.214 34.999 O
402 52 37.766 18.507 33.338 N
403 52 38.791 19.139 34.160 C
404 52 39.201 20.412 33.493 C
405 52 38.845 20.606 32.314 O
406 52 39.983 18.257 34.440 C
407 52 40.940 18.148 33.281 C
408 52 41.785 16.906 33.449 C
409 52 42.745 16.720 32.391 N
410 52 43.602 17.635 32.004 C
411 52 43.657 18.839 32.591 N
412 52 44.446 17.326 31.024 N
413 53 39.905 21.270 34.243 N
414 53 40.431 22.543 33.730 C
415 53 41.634 22.200 32.898 C
416 53 42.638 21.784 33.425 O
417 53 40.895 23.470 34.871 C
418 53 40.213 24.787 34.768 C
419 53 39.074 24.926 35.236 
420 53 40.871 25.718 34.073 N
421 54 41.511 22.244 31.597 N
422 54 42.613 21.801 30.778 C
423 54 43.584 22.869 30.383 C
424 54 44.693 22.557 29.976 O
425 54 42.120 21.149 29.472 C
426 54 41.424 22.126 28.681 O
427 54 41.189 19.991 29.848 C
428 55 43.152 24.098 30.361 N
429 55 44.048 25.102 29.857 C
430 55 44.417 24.828 28.374 C
431 55 45.508 25.197 27.891 O
432 55 45.262 25.395 30.774 C
433 55 45.878 26.797 30.576 C
434 55 45.189 27.778 30.200 O
435 55 47.200 26.872 30.794 
436 56 43.481 24.193 27.633 N
437 56 43.648 23.920 26.173 C
438 56 44.612 22.808 25.761 C
439 56 44.934 22.611 24.582 O
440 57 45.042 22.032 26.741 N
441 57 45.943 20.924 26.481 C
442 57 45.412 19.603 27.094 C
443 57 44.922 19.593 28.227 O
444 57 47.336 21.231 26.991 C
445 57 48.142 19.970 26.797 C
446 57 47.912 22.318 26.096 C
447 58 45.484 18.474 26.361 N
448 58 44.983 17.206 26.887 C
449 58 46.008 16.159 26.698 C
450 58 46.952 16.347 25.935 O
451 58 43.693 16.729 26.189 C
452 58 43.929 16.576 24.665 C
453 58 42.509 17.676 26.494 C
454 58 42.718 15.919 23.965 C
455 59 45.822 15.051 27.390 N
456 59 46.750 13.981 27.220 C
457 59 46.305 13.064 26.077 C
458 59 45.182 13.163 25.591 O
459 59 46.832 13.143 28.518 C
460 59 45.653 12.385 28.621 O
461 59 46.968 14.049 29.748 C
462 60 47.194 12.137 25.692 N
463 60 46.940 11.166 24.636 C
464 60 45.782 10.275 24.969 C
465 60 44.894 10.007 24.175 O
466 60 48.152 10.311 24.380 C
467 60 47.933 9.351 23.226 C
468 60 49.200 8.665 22.752 C
469 60 49.009 7.844 21.480 C
470 60 49.868 8.269 20.348 
471 61 45.761 9.872 26.236 N
472 61 44.672 9.084 26.714 C
473 61 43.323 9.818 26.570 C
474 61 42.311 9.231 26.168 O
475 61 44.900 8.732 28.183 C
476 61 45.843 7.571 28.304 C
477 61 46.420 7.220 27.165 O
478 61 46.015 7.000 29.363 
479 62 43.312 11.121 26.934 N
480 62 42.100 11.902 26.830 C
481 62 41.696 12.008 25.371 C
482 62 40.535 11.877 25.047 O
483 62 42.339 13.270 27.369 C
484 62 42.488 13.193 28.887 C
485 62 42.922 14.481 29.543 C
486 62 43.583 15.324 28.989 O
487 62 42.542 14.561 30.803 O
488 63 42.675 12.233 24.502 N
489 63 42.357 12.324 23.069 C
490 63 41.688 11.073 22.562 C
491 63 40.727 11.127 21.791 O
492 63 43.612 12.642 22.237 C
493 64 42.271 9.950 22.968 N
494 64 41.776 8.657 22.555 C
495 64 40.393 8.413 23.114 C
496 64 39.562 7.802 22.450 O
497 64 42.759 7.572 22.967 C
498 64 43.783 7.420 21.836 C
499 64 44.950 6.621 22.279 C
500 64 44.990 6.039 23.371 O
501 64 45.910 6.676 21.386 O
502 65 40.149 8.950 24.283 N
503 65 38.828 8.791 24.803 C
504 65 37.759 9.550 24.013 C
505 65 36.683 8.994 23.656 O
506 65 38.747 9.156 26.256 C
507 65 37.492 8.554 26.890 C
508 65 37.433 8.640 28.420 C
509 65 36.201 7.932 28.981 C
510 65 35.932 8.253 30.382 N
511 66 38.069 10.823 23.698 N
512 66 37.146 11.584 22.867 C
513 66 36.947 10.879 21.544 C
514 66 35.836 10.896 20.990 O
515 66 37.662 12.980 22.501 C
516 66 37.777 13.885 23.708 C
517 66 38.353 15.208 23.256 C
518 66 36.399 14.138 24.303 C
519 67 38.037 10.350 21.015 N
520 67 37.983 9.680 19.738 C
521 67 37.059 8.503 19.760 C
522 67 36.223 8.323 18.857 O
523 67 39.395 9.302 19.288 C
524 67 39.507 8.590 17.928 C
525 67 38.838 9.077 16.799 C
526 67 40.376 7.500 17.773 C
527 67 39.034 8.486 15.548 C
528 67 40.579 6.890 16.535 C
529 67 39.900 7.395 15.425 C
530 68 37.211 7.655 20.762 N
531 68 36.336 6.505 20.819 C
532 68 34.857 6.924 20.902 C
533 68 33.939 6.355 20.277 O
534 68 36.725 5.619 22.019 C
535 68 36.091 4.229 22.055 C
536 68 34.836 4.037 22.047 O
537 68 36.993 3.252 22.170 
538 69 34.589 7.946 21.667 N
539 69 33.211 8.398 21.806 C
540 69 32.676 8.912 20.516 C
541 69 31.514 8.694 20.173 O
542 69 33.157 9.608 22.786 C
543 69 33.407 9.087 24.199 C
544 69 33.533 10.189 25.216 C
545 69 33.625 9.894 26.423 O
546 69 33.531 11.450 24.776 N
547 70 33.528 9.658 19.800 N
548 70 33.148 10.196 18.508 C
549 70 32.875 9.105 17.461 C
550 70 31.970 9.252 16.696 O
551 70 34.169 11.195 17.936 C
552 70 34.190 12.481 18.749 C
553 70 33.289 12.850 19.481 O
554 70 35.273 13.131 18.614 O
555 71 33.666 8.016 17.428 N
556 71 33.412 6.930 16.498 C
557 71 32.095 6.309 16.807 C
558 71 31.219 6.096 15.942 O
559 71 34.554 5.935 16.524 C
560 71 34.204 4.731 15.674 C
561 71 35.817 6.614 15.963 C
562 72 31.919 6.036 18.079 N
563 72 30.676 5.465 18.530 C
564 72 29.460 6.290 18.125 C
565 72 28.461 5.814 17.581 O
566 72 30.822 5.315 20.038 C
567 72 30.071 4.143 20.530 C
568 72 30.200 3.114 19.749 
569 72 29.317 4.200 21.471 O
570 73 29.525 7.576 18.390 N
571 73 28.457 8.472 18.033 C
572 73 28.203 8.456 16.517 C
573 73 27.051 8.556 16.015 O
574 73 28.799 9.906 18.488 C
575 74 29.276 8.361 15.728 N
576 74 29.081 8.343 14.260 C
577 74 28.287 7.096 13.844 C
578 74 27.350 7.199 13.073 O
579 74 30.394 8.415 13.459 C
580 75 28.689 5.933 14.360 N
581 75 27.997 4.711 14.011 C
582 75 26.552 4.789 14.415 C
583 75 25.641 4.437 13.656 O
584 75 28.648 3.523 14.700 C
585 75 27.859 2.273 14.252 C
586 75 30.080 3.427 14.118 C
587 76 26.394 5.265 15.651 N
588 76 25.074 5.373 16.202 C
589 76 24.228 6.377 15.411 C
590 76 23.059 6.144 15.129 O
591 76 25.062 5.410 17.765 C
592 76 25.369 4.022 18.401 C
593 76 25.332 3.942 19.952 
594 76 26.410 4.699 20.623 
595 76 26.411 6.047 20.860 
596 76 25.401 6.856 20.509 
597 76 27.457 6.633 21.449 N
598 77 24.823 7.443 14.901 N
599 77 24.018 8.374 14.090 C
600 77 23.583 7.724 12.782 C
601 77 22.524 7.955 12.244 O
602 78 24.471 6.960 12.216 N
603 78 24.178 6.246 10.999 C
604 78 23.006 5.298 11.203 C
605 78 22.056 5.248 10.393 O
606 78 25.395 5.425 10.552 C
607 78 26.427 6.311 9.841 C
608 78 24.941 4.320 9.588 C
609 78 27.766 5.554 9.605 C
610 79 23.070 4.515 12.293 N
611 79 22.014 3.552 12.556 C
612 79 20.709 4.167 12.882 C
613 79 19.716 3.499 12.790 O
614 79 22.361 2.604 13.683 C
615 79 23.658 1.899 13.391 C
616 79 24.053 1.109 14.608 C
617 79 23.407 0.919 12.261 C
618 80 20.711 5.421 13.330 N
619 80 19.458 6.065 13.659 C
620 80 18.942 6.881 12.477 C
621 80 17.862 7.440 12.541 O
622 80 19.640 7.039 14.836 C
623 80 20.025 6.424 16.182 
624 80 19.753 7.389 17.348 
625 80 20.929 8.091 17.906 
626 80 21.546 9.238 17.466 
627 80 21.181 9.976 16.383 N
628 80 22.595 9.666 18.168 
629 81 19.731 6.996 11.400 N
630 81 19.336 7.812 10.273 C
631 81 18.613 7.017 9.187 C
632 81 19.124 6.033 8.636 O
633 81 20.547 8.596 9.777 C
634 81 20.125 9.532 8.671 C
635 81 19.670 9.100 7.644 O
636 81 20.224 10.818 8.872 N
637 82 17.377 7.405 8.893 N
638 82 16.595 6.651 7.908 C
639 82 17.209 6.565 6.517 C
640 82 16.979 5.628 5.732 O
641 82 15.164 7.144 7.857 C
642 83 17.996 7.556 6.159 N
643 83 18.636 7.512 4.864 C
644 83 19.936 6.755 4.888 C
645 83 20.374 6.226 3.890 O
646 83 19.019 8.890 4.406 C
647 83 17.813 9.658 3.969 C
648 83 17.246 10.413 5.158 
649 83 16.408 11.629 4.767 
650 83 17.167 12.677 4.044 
651 84 20.585 6.752 6.017 N
652 84 21.891 6.114 6.029 C
653 84 21.894 4.657 6.369 C
654 84 22.692 3.853 5.876 O
655 84 22.830 6.881 6.991 C
656 84 23.042 8.349 6.640 C
657 84 23.910 9.064 7.704 C
658 84 23.639 8.512 5.266 C
659 85 21.072 4.316 7.302 N
660 85 21.051 2.958 7.752 C
661 85 20.983 1.882 6.681 C
662 85 21.690 0.897 6.652 O
663 85 19.952 2.838 8.809 C
664 85 19.976 1.442 9.370 C
665 85 19.045 1.224 10.567 C
666 85 19.319 -0.101 11.263 C
667 85 18.998 -1.254 10.432 N
668 86 20.063 2.052 5.744 N
669 86 19.892 1.064 4.717 C
670 86 21.118 0.961 3.883 C
671 86 21.498 -0.117 3.431 O
672 86 18.737 1.533 3.835 C
673 86 18.264 2.846 4.439 C
674 86 19.154 3.193 5.617 C
675 87 21.785 2.083 3.696 N
676 87 23.010 1.987 2.889 C
677 87 24.076 1.195 3.604 C
678 87 24.715 0.297 3.090 O
679 87 23.521 3.388 2.520 C
680 87 24.772 3.269 1.635 C
681 87 22.384 4.145 1.809 C
682 88 24.238 1.578 4.831 N
683 88 25.229 0.968 5.676 C
684 88 24.992 -0.505 5.788 C
685 88 25.899 -1.316 5.645 O
686 88 25.079 1.643 7.059 C
687 88 26.116 1.191 8.067 C
688 88 27.361 1.813 8.106 C
689 88 25.778 0.199 8.993 C
690 88 28.273 1.432 9.087 C
691 88 26.691 -0.215 9.951 C
692 88 27.928 0.433 9.997 C
693 88 28.823 0.067 10.958 O
694 89 23.752 -0.872 6.042 N
695 89 23.463 -2.319 6.186 C
696 89 23.717 -3.057 4.909 C
697 89 24.029 -4.242 4.929 O
698 89 21.990 -2.505 6.483 C
699 89 21.682 -2.189 7.913 C
700 89 22.745 -2.008 8.676 O
701 89 20.563 -2.138 8.302 O
702 90 23.627 -2.367 3.780 N
703 90 23.885 -3.095 2.553 C
704 90 25.328 -3.294 2.214 C
705 90 25.655 -4.063 1.297 O
706 90 23.245 -2.419 1.370 C
707 90 23.971 -1.229 1.022 O
708 91 26.241 -2.599 2.901 N
709 91 27.641 -2.665 2.512 C
710 91 28.449 -3.707 3.227 C
711 91 28.076 -4.106 4.334 O
712 91 28.306 -1.299 2.874 C
713 91 27.769 -0.093 2.024 C
714 91 28.292 1.229 2.622 C
715 91 28.304 -0.192 0.590 C
716 92 29.591 -4.070 2.622 N
717 92 30.603 -4.920 3.241 C
718 92 31.354 -4.116 4.311 C
719 92 31.217 -2.916 4.382 O
720 92 31.654 -5.409 2.268 C
721 92 32.371 -4.293 1.582 C
722 92 31.664 -3.828 0.568 O
723 92 33.418 -3.800 1.994 O
724 93 32.131 -4.770 5.169 N
725 93 32.748 -4.049 6.257 C
726 93 33.734 -2.964 5.869 C
727 93 33.806 -1.947 6.589 O
728 93 33.238 -4.883 7.500 C
729 93 34.652 -5.851 6.966 S
730 94 34.481 -3.158 4.779 N
731 94 35.440 -2.139 4.405 C
732 94 34.709 -0.910 3.958 C
733 94 35.010 0.211 4.352 O
734 94 36.368 -2.635 3.320 C
735 94 37.395 -1.560 2.955 C
736 94 37.097 -3.832 3.862 C
737 95 33.687 -1.113 3.169 N
738 95 32.984 0.078 2.708 C
739 95 32.215 0.727 3.796 C
740 95 32.007 1.907 3.763 O
741 95 32.095 -0.218 1.526 C
742 95 32.922 -0.588 0.314 C
743 95 31.998 -1.001 -0.844 C
744 95 32.700 -1.115 -2.117 N
745 95 33.110 -2.281 -2.642 C
746 95 32.912 -3.428 -2.007 N
747 95 33.773 -2.294 -3.835 N
748 96 31.766 -0.008 4.785 N
749 96 31.065 0.626 5.911 C
750 96 31.993 1.608 6.608 C
751 96 31.549 2.669 7.069 O
752 96 30.613 -0.386 6.952 C
753 96 29.342 -1.119 6.556 C
754 96 28.973 -2.264 7.513 C
755 96 27.861 -3.024 6.935 N
756 96 27.303 -4.056 7.530 C
757 96 27.723 -4.434 8.707 N
758 96 26.279 -4.685 6.942 N
759 97 33.271 1.223 6.684 N
760 97 34.282 2.102 7.255 C
761 97 34.384 3.391 6.482 C
762 97 34.532 4.446 7.089 O
763 97 35.626 1.401 7.341 C
764 98 34.261 3.315 5.152 N
765 98 34.302 4.555 4.350 C
766 98 33.116 5.471 4.661 C
767 98 33.223 6.715 4.670 O
768 98 34.303 4.182 2.878 C
769 99 31.952 4.852 4.906 N
770 99 30.768 5.628 5.212 C
771 99 30.924 6.245 6.589 C
772 99 30.550 7.393 6.808 O
773 99 29.480 4.733 5.134 C
774 99 28.174 5.463 5.253 C
775 99 28.042 6.428 4.125 C
776 99 27.039 4.471 5.174 C
777 100 31.497 5.506 7.533 N
778 100 31.676 6.084 8.843 C
779 100 32.624 7.306 8.784 C
780 100 32.420 8.378 9.426 O
781 100 32.204 5.026 9.815 C
782 100 31.139 3.898 10.007 C
783 100 32.545 5.696 11.159 C
784 100 31.768 2.708 10.722 C
785 101 33.701 7.143 8.023 N
786 101 34.664 8.219 7.909 C
787 101 33.990 9.437 7.432 C
788 101 34.197 10.528 7.947 O
789 101 35.694 7.773 6.891 C
790 101 36.936 8.622 6.838 C
791 101 36.841 9.837 6.631 O
792 101 38.095 7.997 6.910 N
793 102 33.181 9.305 6.383 N
794 102 32.511 10.519 5.915 C
795 102 31.609 11.162 6.974 C
796 102 31.542 12.396 7.132 O
797 102 31.601 10.232 4.689 C
798 102 32.371 10.041 3.393 C
799 102 31.191 9.680 2.047 S
800 102 30.709 11.400 1.722 C
801 103 30.905 10.308 7.712 N
802 103 29.991 10.836 8.718 C
803 103 30.807 11.511 9.825 C
804 103 30.443 12.572 10.322 O
805 103 29.062 9.746 9.310 C
806 103 28.296 10.273 10.534 C
807 103 28.024 9.383 8.256 C
808 104 31.943 10.929 10.156 N
809 104 32.756 11.530 11.190 C
810 104 33.243 12.914 10.753 C
811 104 33.289 13.851 11.515 O
812 104 33.945 10.570 11.421 C
813 104 34.893 11.055 12.539 C
814 104 35.873 12.015 12.289 C
815 104 34.893 10.412 13.777 C
816 104 36.769 12.347 13.311 C
817 104 35.778 10.733 14.801 C
818 104 36.735 11.714 14.556 C
819 105 33.532 13.080 9.465 N
820 105 34.018 14.341 8.965 C
821 105 32.977 15.415 8.793 C
822 105 33.176 16.602 9.043 O
823 105 34.742 14.096 7.627 C
824 105 35.459 15.400 7.170 C
825 105 36.110 15.329 5.789 C
826 105 36.114 14.285 5.127 O
827 105 36.708 16.431 5.358 N
828 106 31.888 15.005 8.242 N
829 106 30.857 15.917 7.859 C
830 106 29.527 15.870 8.546 C
831 106 28.687 16.662 8.223 O
832 106 30.806 16.091 6.302 C
833 106 30.178 15.071 5.383 C
834 106 30.769 15.469 3.708 S
835 106 31.906 14.129 3.346 C
836 107 29.333 14.951 9.450 N
837 107 28.082 14.903 10.116 C
838 107 27.085 14.174 9.260 C
839 107 27.169 14.119 8.055 O
840 108 26.177 13.571 9.975 N
841 108 25.173 12.716 9.415 C
842 108 24.288 13.431 8.399 C
843 108 23.895 12.967 7.331 O
844 108 24.434 12.048 10.607 C
845 108 22.927 12.125 10.562 C
846 108 22.240 11.607 11.803 
847 108 23.015 11.592 12.894 O
848 108 21.081 11.274 11.803 O
849 109 24.015 14.641 8.765 N
850 109 23.212 15.474 7.961 C
851 109 23.879 15.735 6.631 C
852 109 23.202 15.651 5.564 O
853 109 22.850 16.775 8.727 C
854 109 22.510 16.456 10.063 
855 109 21.681 17.449 8.032 C
856 110 25.194 16.081 6.717 N
857 110 26.011 16.383 5.554 C
858 110 26.000 15.210 4.588 C
859 110 25.727 15.332 3.400 O
860 111 26.272 14.049 5.120 N
861 111 26.315 12.859 4.285 C
862 111 24.953 12.414 3.734 C
863 111 24.827 11.985 2.572 O
864 111 26.926 11.726 5.086 C
865 111 26.904 10.470 4.204 C
866 111 28.326 12.109 5.572 C
867 112 23.921 12.469 4.583 N
868 112 22.597 12.038 4.156 C
869 112 22.159 12.831 2.889 C
870 112 21.307 12.410 2.090 O
871 112 21.620 12.114 5.349 C
872 113 22.795 13.999 2.673 N
873 113 22.546 14.833 1.486 C
874 113 23.210 14.399 0.162 C
875 113 23.024 15.038 -0.887 O
876 114 23.973 13.319 0.192 N
877 114 24.580 12.856 -1.022 C
878 114 23.639 11.795 -1.591 C
879 114 24.000 10.650 -1.871 O
880 114 25.928 12.222 -0.672 C
881 114 27.094 13.138 -0.460 C
882 114 27.065 14.150 0.489 C
883 114 28.259 12.971 -1.209 C
884 114 28.178 14.957 0.706 C
885 114 29.371 13.794 -1.037 C
886 114 29.327 14.783 -0.062 C
887 115 22.420 12.153 -1.758 N
888 115 21.417 11.236 -2.205 C
889 115 21.751 10.329 -3.350 C
890 115 21.449 9.159 -3.386 O
891 115 20.267 12.047 -2.770 C
892 115 19.658 12.733 -1.722 O
893 115 19.325 11.050 -3.378 C
894 116 22.195 10.945 -4.396 N
895 116 22.521 10.170 -5.546 C
896 116 23.657 9.219 -5.294 C
897 116 23.636 8.079 -5.749 O
898 116 22.736 11.039 -6.812 C
899 116 21.515 11.945 -6.990 C
900 116 20.383 11.477 -6.917 O
901 116 21.726 13.244 -7.133 N
902 117 24.674 9.663 -4.599 N
903 117 25.789 8.732 -4.405 C
904 117 25.356 7.547 -3.575 C
905 117 25.763 6.414 -3.800 O
906 117 26.919 9.394 -3.643 C
907 117 27.362 10.533 -4.326 O
908 118 24.572 7.867 -2.554 N
909 118 24.039 6.879 -1.630 C
910 118 23.268 5.809 -2.355 C
911 118 23.381 4.617 -2.090 O
912 118 23.115 7.520 -0.570 C
913 118 23.843 8.428 0.468 C
914 118 22.810 9.101 1.361 C
915 118 24.881 7.667 1.324 C
916 119 22.454 6.233 -3.302 N
917 119 21.658 5.280 -4.063 C
918 119 22.563 4.386 -4.891 C
919 119 22.364 3.172 -4.988 O
920 119 20.697 6.061 -4.925 C
921 119 19.938 5.165 -5.846 C
922 119 18.989 5.959 -6.737 
923 119 19.676 6.445 -7.928 
924 119 20.094 7.710 -8.084 
925 119 19.861 8.652 -7.140 
926 119 20.738 8.041 -9.220 
927 120 23.622 5.002 -5.457 N
928 120 24.558 4.232 -6.250 C
929 120 25.298 3.265 -5.402 C
930 120 25.587 2.191 -5.837 O
931 120 25.587 5.085 -7.031 C
932 120 24.968 5.670 -8.285 C
933 120 25.998 7.071 -8.759 S
934 120 24.919 7.978 -9.901 C
935 121 25.668 3.671 -4.198 N
936 121 26.399 2.701 -3.389 C
937 121 25.424 1.545 -3.038 C
938 121 25.782 0.365 -3.018 O
939 121 26.866 3.384 -2.085 C
940 121 27.972 4.439 -2.292 C
941 121 28.165 5.197 -0.975 C
942 121 29.275 3.793 -2.646 C
943 122 24.188 1.914 -2.726 N
944 122 23.243 0.919 -2.352 C
945 122 23.081 -0.086 -3.474 C
946 122 22.936 -1.286 -3.257 O
947 122 21.907 1.497 -1.962 C
948 122 21.177 0.467 -1.120 C
949 122 19.891 1.030 -0.585 C
950 122 19.730 2.255 -0.466 O
951 122 18.966 0.136 -0.251 
952 123 23.150 0.406 -4.688 N
953 123 23.029 -0.480 -5.814 C
954 123 24.309 -1.177 -6.162 C
955 123 24.278 -1.969 -7.092 O
956 123 22.599 0.311 -7.057 C
957 123 21.186 0.858 -6.913 C
958 123 20.833 1.664 -8.141 C
959 123 20.342 1.109 -9.125 O
960 123 21.155 2.952 -8.112 N
961 124 25.439 -0.889 -5.470 N
962 124 26.730 -1.488 -5.767 C
963 124 27.312 -1.128 -7.127 C
964 124 28.052 -1.930 -7.738 O
965 124 26.839 -3.007 -5.519 C
966 124 26.230 -3.361 -4.167 C
967 124 26.686 -4.757 -3.688 C
968 124 26.102 -5.055 -2.315 C
969 124 26.738 -4.345 -1.227 N
970 125 27.010 0.103 -7.556 N
971 125 27.554 0.631 -8.821 C
972 125 28.774 1.469 -8.403 C
973 125 28.744 2.704 -8.314 O
974 125 26.468 1.497 -9.455 C
975 125 25.300 0.690 -10.035 C
976 125 24.149 1.658 -10.236 C
977 125 23.308 1.531 -11.422 N
978 125 22.406 0.548 -11.617 
979 125 22.224 -0.477 -10.763 
980 125 21.669 0.586 -12.726 N
981 126 29.845 0.763 -8.050 N
982 126 31.028 1.397 -7.485 C
983 126 31.681 2.503 -8.299 C
984 126 31.990 3.598 -7.822 O
985 126 32.058 0.383 -6.967 C
986 126 31.460 -0.792 -6.266 C
987 126 31.606 -2.089 -6.643 C
988 126 30.636 -0.817 -5.101 C
989 126 30.966 -2.919 -5.773 N
990 126 30.377 -2.169 -4.805 C
991 126 30.175 0.160 -4.228 C
992 126 29.629 -2.558 -3.699 C
993 126 29.428 -0.210 -3.133 C
994 126 29.139 -1.570 -2.879 C
995 127 31.988 2.203 -9.519 N
996 127 32.623 3.208 -10.339 C
997 127 31.754 4.430 -10.485 C
998 127 32.236 5.541 -10.392 O
999 127 32.995 2.606 -11.700 C
1000 127 34.282 1.799 -11.668 C
1001 127 34.765 1.254 -10.696 O
1002 127 34.813 1.690 -12.838 O
1003 128 30.450 4.246 -10.694 N
1004 128 29.586 5.396 -10.821 C
1005 128 29.488 6.210 -9.557 C
1006 128 29.434 7.434 -9.564 O
1007 128 28.187 4.928 -11.218 C
1008 128 28.281 4.282 -12.605 C
1009 128 27.187 3.319 -12.930 C
1010 128 25.980 3.843 -12.841 
1011 128 27.423 2.184 -13.290 
1012 129 29.419 5.515 -8.444 N
1013 129 29.326 6.254 -7.192 C
1014 129 30.568 7.143 -6.995 C
1015 129 30.528 8.261 -6.477 O
1016 129 29.227 5.261 -6.040 C
1017 130 31.699 6.598 -7.388 N
1018 130 32.974 7.248 -7.198 C
1019 130 33.046 8.511 -8.016 C
1020 130 33.536 9.567 -7.592 O
1021 130 34.072 6.249 -7.516 C
1022 131 32.522 8.409 -9.221 N
1023 131 32.485 9.593 -10.026 C
1024 131 31.545 10.600 -9.372 C
1025 131 31.846 11.761 -9.262 O
1026 131 31.987 9.244 -11.463 C
1027 131 31.647 10.503 -12.222 C
1028 131 33.144 8.610 -12.215 C
1029 132 30.362 10.161 -8.952 N
1030 132 29.432 11.118 -8.370 C
1031 132 29.957 11.729 -7.070 C
1032 132 29.758 12.888 -6.754 O
1033 132 28.098 10.419 -8.101 C
1034 132 27.003 11.360 -7.646 C
1035 132 26.750 11.607 -6.441 O
1036 132 26.342 11.970 -8.622 N
1037 133 30.599 10.916 -6.238 N
1038 133 31.044 11.464 -4.957 C
1039 133 32.043 12.608 -5.154 C
1040 133 32.199 13.486 -4.305 O
1041 133 31.819 10.301 -4.219 C
1042 133 30.901 9.327 -3.405 C
1043 133 31.694 8.093 -2.933 C
1044 133 30.276 10.065 -2.210 C
1045 134 32.809 12.525 -6.245 N
1046 134 33.849 13.482 -6.552 C
1047 134 33.322 14.855 -6.944 C
1048 134 34.035 15.852 -6.891 O
1049 134 34.822 12.889 -7.592 C
1050 135 32.092 14.909 -7.372 N
1051 135 31.527 16.213 -7.733 C
1052 135 30.908 16.845 -6.483 C
1053 135 29.689 16.820 -6.267 O
1054 135 30.425 15.972 -8.719 C
1055 135 30.973 15.200 -9.917 C
1056 135 29.731 15.009 -10.772 C
1057 135 29.940 14.520 -12.191 C
1058 135 28.658 14.468 -12.917 
1059 136 31.781 17.321 -5.600 N
1060 136 31.274 17.811 -4.361 C
1061 136 32.273 18.789 -3.797 C
1062 136 33.485 18.750 -4.075 O
1063 136 31.123 16.628 -3.351 C
1064 136 32.401 15.975 -3.231 O
1065 137 31.732 19.632 -2.944 N
1066 137 32.648 20.581 -2.296 C
1067 137 33.682 19.798 -1.485 C
1068 137 34.859 20.135 -1.411 O
1069 137 31.840 21.488 -1.361 C
1070 137 32.777 22.304 -0.470 C
1071 137 32.021 23.222 0.460 C
1072 137 32.866 24.292 0.956 N
1073 137 33.624 24.173 2.020 
1074 137 33.619 23.029 2.703 N
1075 137 34.390 25.214 2.407 N
1076 138 33.186 18.730 -0.804 N
1077 138 34.018 17.871 0.027 C
1078 138 35.306 17.473 -0.720 C
1079 138 36.440 17.670 -0.288 O
1080 138 33.171 16.621 0.280 C
1081 138 33.986 15.505 0.924 C
1082 138 34.646 15.538 2.124 C
1083 138 34.054 14.163 0.463 C
1084 138 35.236 14.317 2.378 N
1085 138 34.814 13.424 1.413 C
1086 138 33.508 13.514 -0.650 C
1087 138 35.019 12.033 1.310 C
1088 138 33.781 12.158 -0.766 C
1089 138 34.531 11.437 0.182 C
1090 139 35.109 16.939 -1.939 N
1091 139 36.228 16.522 -2.726 C
1092 139 37.160 17.679 -3.098 C
1093 139 38.404 17.550 -3.053 O
1094 139 35.681 15.900 -3.998 C
1095 139 36.773 15.451 -4.924 C
1096 139 37.280 14.164 -4.789 C
1097 139 37.273 16.284 -5.927 C
1098 139 38.289 13.689 -5.625 C
1099 139 38.279 15.823 -6.774 C
1100 139 38.774 14.527 -6.629 C
1101 139 39.744 14.070 -7.477 O
1102 140 36.529 18.796 -3.511 N
1103 140 37.320 19.958 -3.922 C
1104 140 38.090 20.597 -2.762 C
1105 140 39.168 21.129 -2.932 O
1106 140 36.412 20.995 -4.649 C
1107 140 36.069 20.515 -6.021 C
1108 140 34.983 19.989 -6.278 O
1109 140 37.064 20.559 -6.892 N
1110 141 37.568 20.518 -1.542 N
1111 141 38.241 21.115 -0.395 C
1112 141 39.302 20.220 0.214 C
1113 141 40.329 20.729 0.668 O
1114 141 37.265 21.542 0.728 C
1115 141 36.315 22.649 0.271 C
1116 141 36.975 23.913 -0.289 C
1117 141 36.611 24.416 -1.382 O
1118 141 37.911 24.466 0.475 N
1119 142 39.011 18.910 0.302 N
1120 142 39.976 18.007 0.882 C
1121 142 40.116 16.876 -0.077 C
1122 142 39.670 15.788 0.142 O
1123 142 39.553 17.480 2.268 C
1124 142 38.197 17.027 2.200 O
1125 142 39.598 18.625 3.297 C
1126 143 40.681 17.170 -1.188 N
1127 143 40.848 16.195 -2.242 C
1128 143 41.670 14.896 -1.858 C
1129 143 41.363 13.776 -2.287 O
1130 143 41.616 16.966 -3.329 C
1131 143 42.174 18.245 -2.686 C
1132 143 41.321 18.506 -1.447 C
1133 144 42.777 15.020 -1.098 N
1134 144 43.539 13.820 -0.818 C
1135 144 42.812 12.857 0.087 C
1136 144 42.840 11.662 -0.071 O
1137 144 44.902 14.099 -0.214 C
1138 144 45.851 14.738 -1.246 C
1139 144 45.819 14.511 -2.450 O
1140 144 46.725 15.569 -0.789 N
1141 145 42.145 13.385 1.060 N
1142 145 41.426 12.505 1.936 C
1143 145 40.202 11.919 1.202 C
1144 145 39.838 10.731 1.361 O
1145 145 40.928 13.321 3.159 C
1146 145 40.086 12.425 4.073 C
1147 145 39.443 13.170 5.189 C
1148 145 38.699 12.300 6.100 N
1149 145 38.561 12.725 7.317 C
1150 145 39.133 13.857 7.638 N
1151 145 37.871 12.015 8.202 N
1152 146 39.513 12.817 0.462 N
1153 146 38.345 12.392 -0.273 C
1154 146 38.726 11.255 -1.210 C
1155 146 38.021 10.246 -1.320 O
1156 146 37.673 13.561 -1.003 C
1157 147 39.862 11.401 -1.905 N
1158 147 40.355 10.369 -2.804 C
1159 147 40.554 9.059 -2.092 C
1160 147 40.290 7.959 -2.670 O
1161 147 41.688 10.736 -3.418 C
1162 147 41.433 11.723 -4.503 C
1163 147 42.710 12.202 -5.149 C
1164 147 42.408 13.332 -6.101 C
1165 147 43.571 14.163 -6.448 
1166 148 41.069 9.155 -0.873 N
1167 148 41.263 7.891 -0.158 C
1168 148 39.948 7.191 0.151 C
1169 148 39.836 5.976 0.031 O
1170 148 42.050 7.998 1.164 C
1171 148 43.486 8.394 0.952 C
1172 148 44.310 8.265 2.187 C
1173 148 43.982 9.314 3.153 N
1174 148 44.562 10.527 3.138 C
1175 148 45.489 10.842 2.203 N
1176 148 44.226 11.432 4.026 N
1177 149 38.956 7.966 0.567 N
1178 149 37.684 7.358 0.954 C
1179 149 36.980 6.861 -0.270 C
1180 149 36.341 5.798 -0.243 O
1181 149 36.835 8.405 1.632 C
1182 149 35.396 7.914 1.935 C
1183 149 37.536 8.795 2.933 C
1184 150 37.085 7.689 -1.351 N
1185 150 36.450 7.309 -2.605 C
1186 150 37.017 5.993 -3.164 C
1187 150 36.281 5.118 -3.671 O
1188 150 36.468 8.404 -3.686 C
1189 150 35.489 9.485 -3.269 C
1190 150 36.012 7.769 -5.016 C
1191 150 35.646 10.745 -4.085 C
1192 151 38.353 5.827 -3.062 N
1193 151 38.994 4.597 -3.527 C
1194 151 38.562 3.403 -2.736 C
1195 151 38.494 2.302 -3.267 O
1196 151 40.503 4.682 -3.372 C
1197 151 40.869 5.610 -4.331 O
1198 151 41.173 3.329 -3.700 C
1199 152 38.311 3.673 -1.478 N
1200 152 37.841 2.638 -0.561 C
1201 152 36.429 2.174 -0.980 C
1202 152 36.114 0.971 -0.975 O
1203 152 37.855 3.173 0.866 C
1204 152 39.185 3.520 1.185 O
1205 152 37.433 2.078 1.800 C
1206 153 35.555 3.137 -1.317 N
1207 153 34.228 2.689 -1.746 C
1208 153 34.307 1.986 -3.094 C
1209 153 33.549 1.060 -3.376 O
1210 153 33.319 3.917 -1.985 C
1211 153 32.671 4.491 -0.741 C
1212 153 31.852 3.679 0.049 C
1213 153 32.831 5.834 -0.403 C
1214 153 31.160 4.167 1.164 C
1215 153 32.133 6.344 0.699 C
1216 153 31.314 5.514 1.472 C
1217 154 35.168 2.503 -3.988 N
1218 154 35.306 1.913 -5.280 C
1219 154 35.838 0.509 -5.233 C
1220 154 35.359 -0.321 -5.977 O
1221 154 36.255 2.684 -6.146 C
1222 154 35.901 2.544 -7.654 C
1223 154 36.862 3.277 -8.631 C
1224 154 38.140 3.584 -7.978 
1225 154 39.278 2.872 -8.112 
1226 154 39.362 1.789 -8.897 
1227 154 40.371 3.270 -7.445 
1228 155 36.858 0.239 -4.405 N
1229 155 37.473 -1.053 -4.417 C
1230 155 37.076 -2.005 -3.360 C
1231 155 37.417 -3.162 -3.500 O
1232 155 39.010 -0.988 -4.307 C
1233 155 39.425 -0.406 -3.070 O
1234 155 39.504 -0.176 -5.489 C
1235 156 36.504 -1.536 -2.255 N
1236 156 36.235 -2.460 -1.190 C
1237 156 37.526 -2.967 -0.532 C
1238 156 37.477 -3.927 0.211 O
1239 157 38.682 -2.325 -0.750 N
1240 157 39.903 -2.757 -0.083 C
1241 157 40.487 -1.577 0.667 C
1242 157 40.045 -0.462 0.506 O
1243 157 40.979 -3.136 -1.104 C
1244 157 41.382 -1.937 -1.795 O
1245 157 40.354 -4.160 -2.049 C
1246 158 41.512 -1.824 1.462 N
1247 158 42.190 -0.743 2.206 C
1248 158 43.424 -0.223 1.414 C
1249 158 44.305 0.389 1.961 O
1250 158 42.760 -1.255 3.565 C
1251 158 41.706 -1.664 4.518 C
1252 158 41.430 -2.915 4.875 C
1253 158 40.771 -0.810 5.225 C
1254 158 40.348 -2.927 5.705 N
1255 158 39.981 -1.653 6.023 C
1256 158 40.590 0.565 5.317 C
1257 158 38.942 -1.179 6.878 C
1258 158 39.641 1.027 6.208 C
1259 158 38.809 0.180 6.960 C
1260 159 43.540 -0.502 0.143 N
1261 159 44.754 -0.109 -0.540 C
1262 159 45.175 1.340 -0.410 C
1263 159 46.360 1.638 -0.453 O
1264 159 44.717 -0.504 -2.016 C
1265 159 44.535 -2.010 -2.216 C
1266 159 44.962 -2.739 -1.211 O
1267 159 44.016 -2.498 -3.202 O
1268 160 44.207 2.229 -0.306 N
1269 160 44.483 3.663 -0.255 C
1270 160 45.094 3.990 1.077 C
1271 160 45.634 5.031 1.280 O
1272 160 43.212 4.518 -0.509 C
1273 161 45.016 3.082 2.017 N
1274 161 45.545 3.416 3.304 C
1275 161 46.833 2.705 3.572 C
1276 161 47.389 2.824 4.672 O
1277 161 44.506 3.179 4.413 C
1278 161 43.463 4.255 4.389 C
1279 161 42.334 4.117 3.580 C
1280 161 43.641 5.429 5.126 C
1281 161 41.367 5.123 3.531 C
1282 161 42.659 6.417 5.125 C
1283 161 41.519 6.257 4.329 C
1284 161 40.566 7.252 4.242 O
1285 162 47.346 2.012 2.555 N
1286 162 48.614 1.329 2.723 C
1287 162 49.756 2.047 2.014 C
1288 162 50.785 2.360 2.657 O
1289 162 48.511 -0.157 2.501 C
1290 162 47.368 -0.721 3.337 C
1291 162 47.160 -2.241 3.226 
1292 162 46.903 -2.763 1.807 
1293 162 45.737 -3.682 1.714 
