486 1188
0 2
0 4
1 3
1 4
1 6
2 5
2 6
2 7
3 4
3 5
3 6
3 8
4 7
4 16
4 18
5 6
5 7
5 17
5 18
5 19
5 20
6 8
6 15
7 9
7 10
7 15
8 10
8 11
8 12
8 14
9 12
9 14
9 15
10 11
10 483
11 13
11 14
11 15
11 481
12 15
13 14
13 461
13 480
16 20
17 18
17 19
18 19
19 21
20 22
20 23
21 24
21 25
21 26
22 23
22 25
22 27
23 26
23 38
23 40
24 25
24 39
24 40
24 41
24 42
25 27
25 28
25 38
25 40
25 41
26 28
26 36
26 37
27 29
27 30
27 36
28 30
28 37
29 31
29 32
29 37
30 32
30 33
30 34
30 36
31 34
31 36
31 37
31 52
32 33
32 440
32 461
33 35
33 36
33 37
33 459
34 37
35 36
35 457
35 458
35 459
35 482
38 42
39 40
39 41
40 41
41 43
41 44
41 45
41 47
42 44
42 45
43 46
43 47
43 48
44 45
44 47
44 49
44 57
45 48
45 58
45 60
46 47
46 59
46 60
46 61
46 62
47 49
47 57
47 60
48 50
48 51
48 57
49 51
49 52
49 53
49 55
50 53
50 55
50 57
51 52
51 442
52 54
52 55
52 57
52 441
52 442
53 56
53 57
54 55
54 56
54 440
54 441
56 57
58 62
59 60
59 61
60 61
60 70
61 63
61 64
61 65
61 67
62 64
62 65
63 66
63 67
63 68
64 65
64 67
64 69
64 78
65 68
65 79
65 81
66 67
66 80
66 81
66 82
66 83
67 69
67 70
68 70
68 77
68 78
69 71
69 72
69 77
70 72
70 78
71 73
71 74
71 78
72 74
72 75
72 76
72 77
73 76
73 77
73 78
74 75
74 420
75 77
75 78
75 418
76 78
79 83
80 81
80 82
80 83
81 82
82 84
82 85
82 86
82 88
83 85
83 86
84 87
84 88
84 89
85 86
85 87
85 88
85 90
86 89
86 101
86 102
86 103
87 88
87 89
87 102
87 103
87 104
87 105
88 90
88 91
89 91
89 99
89 100
90 92
90 93
90 99
91 93
91 100
92 94
92 95
92 100
93 95
93 96
93 97
93 99
94 97
94 99
94 100
95 96
95 401
96 98
96 99
96 100
96 399
97 100
98 99
98 398
101 105
102 103
102 104
103 104
104 106
104 107
104 108
105 107
105 108
106 109
106 110
106 111
107 108
107 110
107 112
107 113
108 111
108 122
108 124
109 110
109 111
109 123
109 124
109 125
109 126
110 112
110 113
111 113
111 120
111 121
112 114
112 115
112 120
113 115
113 121
114 116
114 117
114 121
115 117
115 118
115 119
115 120
116 119
116 120
116 121
117 118
117 360
117 381
118 120
118 121
118 379
119 121
122 126
123 124
123 125
124 125
125 127
125 128
125 129
126 128
126 129
127 130
127 131
127 132
128 129
128 131
128 133
128 141
129 132
129 142
129 144
130 131
130 132
130 143
130 144
130 145
130 146
131 133
131 141
132 134
132 135
132 141
133 135
133 136
133 137
133 139
134 137
134 139
134 141
135 136
136 138
136 139
136 141
136 361
137 140
137 141
138 139
138 140
138 338
138 360
140 141
142 146
143 144
143 145
143 146
144 145
145 147
145 148
145 149
146 148
146 149
147 150
147 151
147 152
148 149
148 151
148 153
148 160
149 152
149 161
149 163
150 151
150 162
150 163
150 164
151 153
152 154
152 155
152 160
153 155
153 156
153 157
153 159
154 157
154 159
154 160
155 156
155 341
156 158
156 159
156 160
156 339
156 341
157 160
158 159
158 317
158 338
161 165
162 163
162 164
162 165
163 164
164 166
164 167
164 168
165 167
165 168
165 169
166 169
166 170
166 171
167 168
167 170
167 172
167 180
168 171
168 181
168 184
169 170
169 182
169 183
169 184
170 172
170 180
170 184
170 193
171 173
171 174
171 180
172 174
172 175
172 176
172 178
173 176
173 178
173 180
173 341
174 175
174 341
175 177
175 178
175 180
175 318
176 179
176 180
176 197
177 178
177 179
177 197
177 297
177 317
178 197
179 180
181 185
182 183
182 184
182 185
183 184
184 186
184 187
184 188
184 190
185 187
185 188
186 189
186 190
186 191
187 188
187 189
187 190
187 192
187 201
188 191
188 202
188 203
188 204
189 190
189 191
189 203
189 204
189 205
189 206
190 192
190 193
191 193
191 200
191 201
192 194
192 195
192 200
193 195
193 201
194 196
194 197
194 201
195 197
195 198
195 199
195 200
196 199
196 200
196 201
196 275
197 198
197 297
198 200
198 201
198 295
199 201
199 294
202 206
203 204
203 205
203 206
204 205
205 207
205 208
205 209
205 211
206 208
206 209
207 210
207 211
207 212
208 209
208 210
208 211
208 213
208 220
209 212
209 221
209 223
210 211
210 212
210 222
210 223
210 224
210 225
211 213
211 220
212 214
212 215
212 220
213 215
213 216
213 217
213 219
214 217
214 219
214 220
215 216
215 278
216 218
216 219
216 220
216 276
217 220
218 219
218 275
221 225
222 223
222 224
223 224
224 226
224 227
224 228
225 227
225 228
226 229
226 230
226 231
227 228
227 230
227 232
228 231
229 230
229 231
230 232
230 233
231 233
231 241
231 242
232 234
232 235
232 241
233 235
233 242
234 236
234 237
234 242
235 237
235 238
235 239
235 241
236 239
236 241
236 242
237 238
237 256
238 240
238 241
238 242
238 254
239 242
240 241
240 253
243 245
243 246
244 246
244 247
244 249
245 248
245 249
245 250
246 247
246 248
246 249
246 251
246 258
247 250
247 259
247 260
247 261
248 249
248 250
248 260
248 261
248 262
248 263
249 251
249 258
250 252
250 253
250 258
251 253
251 254
251 255
251 257
252 255
252 257
252 258
253 254
254 256
254 257
254 258
255 258
256 257
259 263
260 261
260 262
261 262
262 264
262 266
263 265
263 266
264 267
264 268
264 269
265 266
265 267
265 268
265 270
265 271
266 269
266 281
266 283
267 268
267 269
267 282
267 283
267 284
267 285
268 270
268 271
268 283
269 271
269 279
269 280
270 272
270 273
270 279
271 273
271 280
272 274
272 275
272 280
273 275
273 276
273 277
273 279
274 277
274 279
274 280
275 276
276 278
276 279
276 280
277 280
278 279
281 285
282 283
282 284
282 285
283 284
284 286
284 287
284 288
285 287
285 288
286 289
286 290
286 291
287 288
287 290
287 292
287 300
288 291
288 301
288 303
289 290
289 302
289 303
289 304
289 305
290 292
290 300
290 313
291 293
291 294
291 300
292 294
292 295
292 296
292 298
293 296
293 298
293 300
294 295
295 297
295 298
295 300
295 318
296 299
296 300
297 298
297 299
299 300
301 305
302 303
302 304
303 304
304 306
304 307
304 308
304 310
305 307
305 308
305 310
306 309
306 310
306 311
307 308
307 309
307 310
307 312
308 311
308 322
308 324
309 310
309 311
309 323
309 324
309 325
309 326
310 312
310 313
311 313
311 320
311 321
312 314
312 315
312 320
313 315
313 321
314 316
314 317
314 321
315 317
315 318
315 319
315 320
316 319
316 320
316 321
317 318
318 320
318 321
319 321
322 326
323 324
323 325
324 325
325 327
325 328
325 329
326 328
326 329
327 330
327 331
327 332
328 329
328 331
328 333
328 334
329 332
329 344
329 346
329 347
330 331
330 345
330 346
330 347
331 333
331 334
331 344
331 346
332 334
332 342
332 343
333 335
333 336
333 342
334 336
334 343
335 337
335 338
335 343
336 338
336 339
336 340
336 342
337 340
337 342
337 343
338 339
339 341
339 342
339 343
340 343
341 342
344 348
345 346
345 347
345 348
346 347
347 349
347 350
348 350
348 351
349 352
349 353
349 354
350 351
350 353
350 355
350 356
351 354
351 365
351 367
352 353
352 354
352 366
352 367
352 368
352 369
353 355
354 356
354 363
354 364
355 357
355 358
355 363
356 358
356 364
357 359
357 360
357 364
358 360
358 361
358 362
358 363
359 362
359 363
359 364
360 361
361 363
361 364
362 364
365 369
366 367
366 368
367 368
368 370
368 372
369 371
369 372
370 373
370 374
370 375
371 372
371 374
371 376
371 384
372 375
372 385
372 387
373 374
373 375
373 386
373 387
373 388
373 389
374 376
374 384
375 377
375 378
375 384
376 378
376 379
376 380
376 382
377 380
377 382
377 384
378 379
379 381
379 382
379 384
380 383
380 384
381 382
381 383
383 384
385 389
386 387
386 388
387 388
388 390
388 392
388 394
389 391
389 392
390 393
390 394
390 395
391 392
391 393
391 394
391 396
391 403
392 395
392 404
392 406
393 394
393 395
393 405
393 406
393 407
393 408
394 396
394 403
395 397
395 398
395 403
396 398
396 399
396 400
396 402
397 400
397 402
397 403
398 399
399 401
399 402
399 403
400 403
401 402
404 408
405 406
405 407
405 408
406 407
407 409
407 410
407 411
408 410
408 411
409 412
409 413
409 414
410 411
410 412
410 413
410 415
411 414
411 424
411 425
412 413
412 414
412 425
412 426
412 427
412 428
413 415
413 423
414 416
414 417
414 423
415 417
415 418
415 419
415 421
416 419
416 421
416 423
417 418
418 420
418 421
418 423
419 422
419 423
420 421
420 422
422 423
424 428
425 426
425 427
426 427
427 429
427 431
428 430
428 431
429 432
429 433
429 434
430 431
430 432
430 433
430 435
430 444
431 434
431 445
431 447
432 433
432 434
432 446
432 447
432 448
432 449
433 435
433 436
433 447
434 436
434 443
434 444
435 437
435 438
435 443
436 438
436 444
437 439
437 440
437 444
438 440
438 441
438 442
438 443
439 442
439 443
439 444
440 441
441 443
441 444
442 444
445 449
446 447
446 448
446 449
447 448
448 450
448 451
448 452
448 454
449 451
449 452
450 453
450 454
450 455
451 452
451 453
451 454
451 456
452 455
452 464
452 466
453 454
453 455
453 465
453 466
453 467
453 468
454 456
454 463
455 457
455 458
455 463
456 458
456 459
456 460
456 462
457 460
457 462
457 463
458 459
459 461
459 462
459 463
459 480
460 463
461 462
464 468
465 466
465 467
465 468
466 467
467 469
467 470
467 471
467 473
468 470
468 471
469 472
469 473
469 474
470 471
470 473
470 475
470 476
471 474
472 473
473 475
473 476
474 476
474 484
474 485
475 477
475 478
475 484
476 478
476 485
477 479
477 480
477 485
478 480
478 481
478 482
478 484
479 482
479 484
479 485
480 481
481 483
481 484
481 485
482 485
483 484
1 1 30.573999 13.380000 17.516001 O
2 1 30.649000 11.913000 17.601999 C
3 1 31.155001 11.460000 16.254999 C
4 1 31.708000 10.162000 16.214001 O
5 1 30.129999 11.467000 15.127000 C
6 1 30.724001 11.704000 13.853000 O
7 1 29.500000 10.081000 15.310000 C
8 1 30.697001 9.261000 15.713000 C
9 1 30.347000 8.090000 16.525999 N
10 1 30.870001 6.863000 16.087000 C
11 1 31.577000 6.832000 15.077000 O
12 1 30.583000 5.732000 16.806999 N
13 1 29.812000 5.778000 17.934000 C
14 1 29.540001 4.643000 18.594999 N
15 1 29.275999 7.026000 18.377001 C
16 1 29.577000 8.119000 17.655001 C
17 2 29.886999 12.486000 12.698000 P
18 2 30.677000 13.599000 12.083000 O
19 2 28.691999 12.938000 13.433000 O
20 2 29.684000 11.308000 11.606000 O
21 2 29.132000 10.049000 12.113000 C
22 2 29.712000 8.960000 11.209000 C
23 2 30.080999 7.875000 12.050000 O
24 2 28.687000 8.426000 10.241000 C
25 2 29.011000 8.115000 8.899000 O
26 2 28.042000 7.259000 10.963000 C
27 2 29.112000 6.835000 11.956000 C
28 2 28.370001 6.524000 13.195000 N
29 2 27.486000 7.295000 13.917000 C
30 2 26.972000 6.690000 14.955000 N
31 2 27.556999 5.417000 14.912000 C
32 2 27.427000 4.293000 15.763000 C
33 2 26.726000 4.229000 16.774000 O
34 2 28.174000 3.200000 15.398000 N
35 2 28.975000 3.204000 14.297000 C
36 2 29.646999 2.083000 14.033000 N
37 2 29.150999 4.233000 13.443000 N
38 2 28.410000 5.304000 13.831000 C
39 3 27.889000 7.465000 7.918000 P
40 3 28.197001 7.885000 6.502000 O
41 3 26.594000 8.044000 8.382000 O
42 3 27.957001 5.898000 8.177000 O
43 3 29.183001 5.272000 8.668000 C
44 3 28.691000 3.847000 8.965000 C
45 3 28.186001 3.844000 10.287000 O
46 3 27.579000 3.377000 8.060000 C
47 3 27.816999 2.228000 7.270000 O
48 3 26.344000 3.306000 8.967000 C
49 3 26.959000 3.066000 10.315000 C
50 3 26.129999 3.536000 11.447000 N
51 3 26.158001 2.698000 12.564000 C
52 3 26.795000 1.641000 12.531000 O
53 3 25.434000 3.073000 13.666000 N
54 3 24.700001 4.218000 13.704000 C
55 3 24.073999 4.498000 14.778000 O
56 3 24.712000 5.067000 12.549000 C
57 3 23.920000 6.358000 12.574000 C
58 3 25.423000 4.692000 11.470000 C
59 4 26.791000 1.694000 6.148000 P
60 4 27.216000 2.008000 4.729000 O
61 4 25.507000 2.355000 6.485000 O
62 4 26.778999 0.113000 6.297000 O
63 4 27.631001 -0.601000 7.232000 C
64 4 26.711000 -1.697000 7.708000 C
65 4 25.885000 -1.319000 8.764000 O
66 4 25.799999 -2.263000 6.614000 C
67 4 25.983000 -3.674000 6.588000 O
68 4 24.419001 -1.733000 6.956000 C
69 4 24.492001 -1.368000 8.395000 C
70 4 23.891001 -0.110000 8.861000 N
71 4 23.643000 1.075000 8.225000 C
72 4 23.132000 1.998000 9.025000 N
73 4 23.051001 1.390000 10.267000 C
74 4 22.573999 1.846000 11.525000 C
75 4 22.077000 3.037000 11.784000 N
76 4 22.638000 0.937000 12.544000 N
77 4 23.106001 -0.329000 12.339000 C
78 4 23.566000 -0.817000 11.186000 N
79 4 23.514000 0.088000 10.191000 C
80 5 25.318001 -4.660000 5.509000 P
81 5 26.184000 -5.902000 5.428000 O
82 5 25.177000 -3.808000 4.316000 O
83 5 23.936001 -5.092000 6.196000 O
84 5 24.128000 -5.523000 7.602000 C
85 5 22.749001 -5.530000 8.205000 C
86 5 22.403999 -4.268000 8.752000 O
87 5 21.674000 -5.887000 7.174000 C
88 5 20.723000 -6.775000 7.787000 O
89 5 21.070999 -4.508000 6.844000 C
90 5 21.061001 -3.946000 8.265000 C
91 5 20.839001 -2.496000 8.296000 N
92 5 20.969999 -1.570000 7.285000 C
93 5 20.688999 -0.354000 7.655000 N
94 5 20.358000 -0.474000 9.008000 C
95 5 19.962999 0.492000 9.975000 C
96 5 19.840000 1.704000 9.798000 O
97 5 19.694000 -0.014000 11.232000 N
98 5 19.819000 -1.344000 11.515000 C
99 5 19.535999 -1.697000 12.782000 N
100 5 20.190001 -2.291000 10.639000 N
101 5 20.438999 -1.793000 9.415000 C
102 6 20.261999 -8.094000 6.966000 P
103 6 21.448999 -8.826000 6.454000 O
104 6 19.430000 -7.518000 5.856000 O
105 6 19.396000 -8.900000 8.063000 O
106 6 19.756001 -8.858000 9.461000 C
107 6 18.655001 -8.264000 10.269000 C
108 6 18.664000 -6.870000 10.370000 O
109 6 17.229000 -8.730000 10.089000 C
110 6 16.684999 -9.356000 11.229000 O
111 6 16.514000 -7.457000 9.638000 C
112 6 17.302999 -6.361000 10.358000 C
113 6 17.257000 -5.127000 9.545000 N
114 6 17.490999 -5.000000 8.200000 C
115 6 17.365999 -3.766000 7.756000 N
116 6 17.028999 -3.034000 8.889000 C
117 6 16.770000 -1.651000 9.063000 C
118 6 16.827000 -0.774000 8.086000 N
119 6 16.454000 -1.266000 10.342000 N
120 6 16.421000 -2.178000 11.356000 C
121 6 16.645000 -3.497000 11.257000 N
122 6 16.954000 -3.858000 9.995000 C
123 7 15.297000 -10.131000 11.406000 P
124 7 15.445000 -11.237000 12.422000 O
125 7 14.909000 -10.668000 10.064000 O
126 7 14.246000 -9.031000 11.928000 O
127 7 14.625000 -8.158000 13.010000 C
128 7 13.798000 -6.931000 12.934000 C
129 7 14.209000 -5.951000 12.037000 O
130 7 12.283000 -7.076000 12.876000 C
131 7 11.694000 -6.414000 14.010000 O
132 7 11.938000 -6.322000 11.576000 C
133 7 12.973000 -5.216000 11.637000 C
134 7 13.227000 -4.668000 10.299000 N
135 7 13.135000 -3.281000 10.153000 C
136 7 12.787000 -2.567000 11.090000 O
137 7 13.417000 -2.758000 8.921000 N
138 7 13.750000 -3.532000 7.855000 C
139 7 13.981000 -2.960000 6.753000 O
140 7 13.866000 -4.950000 8.035000 C
141 7 14.280000 -5.838000 6.895000 C
142 7 13.592000 -5.456000 9.248000 C
143 8 10.178000 -6.796000 14.461000 P
144 8 10.245000 -7.277000 15.898000 O
145 8 9.821000 -7.853000 13.476000 O
146 8 9.353000 -5.442000 14.345000 O
147 8 9.823000 -4.264000 15.097000 C
148 8 9.521000 -3.101000 14.193000 C
149 8 10.065000 -3.313000 12.896000 O
150 8 8.030000 -2.804000 14.010000 C
151 8 7.665000 -1.559000 14.573000 O
152 8 7.778000 -2.967000 12.506000 C
153 8 9.155000 -2.694000 11.951000 C
154 8 9.416000 -3.094000 10.573000 N
155 8 9.473000 -2.069000 9.626000 C
156 8 9.246000 -0.905000 9.942000 O
157 8 9.738000 -2.404000 8.324000 N
158 8 9.979000 -3.692000 7.954000 C
159 8 10.269000 -3.943000 6.672000 N
160 8 9.928000 -4.728000 8.927000 C
161 8 9.665000 -4.385000 10.191000 C
162 9 6.178000 -1.086000 14.960000 P
163 9 6.156000 -0.233000 16.188999 O
164 9 5.459000 -2.376000 15.089000 O
165 9 5.735000 -0.212000 13.684000 O
166 9 6.198000 1.170000 13.603000 C
167 9 5.601000 1.665000 12.293000 C
168 9 6.177000 1.086000 11.163000 O
169 9 4.114000 1.361000 12.197000 C
170 9 3.347000 2.281000 12.888000 O
171 9 3.870000 0.912000 10.791000 C
172 9 5.188000 1.040000 10.079000 C
173 9 5.549000 -0.177000 9.304000 N
174 9 6.079000 0.025000 8.037000 C
175 9 6.194000 1.160000 7.571000 O
176 9 6.476000 -1.075000 7.333000 N
177 9 6.379000 -2.337000 7.825000 C
178 9 6.752000 -3.288000 7.072000 O
179 9 5.835000 -2.525000 9.132000 C
180 9 5.670000 -3.907000 9.712000 C
181 9 5.458000 -1.439000 9.821000 C
182 10 2.616000 3.639000 12.516000 P
183 10 3.455000 4.858000 12.800000 O
184 10 1.401000 3.596000 13.410000 O
185 10 2.249000 3.554000 10.966000 O
186 10 2.177000 4.749000 10.158000 C
187 10 1.561000 4.402000 8.838000 C
188 10 2.153000 3.257000 8.273000 O
189 10 0.038000 4.197000 8.805000 C
190 10 -0.455000 4.579000 7.495000 O
191 10 -0.024000 2.648000 8.904000 C
192 10 1.054000 2.373000 7.852000 C
193 10 1.549000 0.987000 7.964000 N
194 10 1.406000 0.078000 8.990000 C
195 10 2.012000 -1.061000 8.726000 N
196 10 2.593000 -0.880000 7.473000 C
197 10 3.371000 -1.743000 6.657000 C
198 10 3.714000 -2.970000 6.986000 N
199 10 3.787000 -1.206000 5.461000 N
200 10 3.445000 0.053000 5.084000 C
201 10 2.723000 0.916000 5.821000 N
202 10 2.320000 0.385000 6.989000 C
203 11 -1.493000 5.803000 7.348000 P
204 11 -0.984000 7.008000 8.096000 O
205 11 -2.719000 5.247000 8.007000 O
206 11 -1.614000 6.061000 5.786000 O
207 11 -0.450000 6.510000 5.041000 C
208 11 -0.501000 5.887000 3.688000 C
209 11 0.039000 4.604000 3.637000 O
210 11 -1.813000 5.820000 2.928000 C
211 11 -1.582000 5.870000 1.502000 O
212 11 -2.277000 4.409000 3.339000 C
213 11 -0.946000 3.667000 3.138000 C
214 11 -0.981000 2.472000 4.015000 N
215 11 -0.257000 1.368000 3.592000 C
216 11 0.355000 1.386000 2.528000 O
217 11 -0.269000 0.255000 4.395000 N
218 11 -0.970000 0.223000 5.565000 C
219 11 -0.953000 -0.891000 6.297000 N
220 11 -1.687000 1.379000 5.996000 C
221 11 -1.656000 2.450000 5.200000 C
222 12 -2.677000 6.450000 0.466000 P
223 12 -2.141000 7.634000 -0.304000 O
224 12 -3.838000 6.835000 1.305000 O
225 12 -2.870000 5.233000 -0.547000 O
226 12 -1.696000 4.424000 -0.889000 C
227 12 -2.268000 3.027000 -1.031000 C
228 12 -2.285000 2.366000 0.228000 O
229 12 -3.679000 2.970000 -1.598000 C
230 12 -3.763000 2.419000 -2.916000 O
231 12 -4.477000 2.153000 -0.580000 C
232 12 -3.348000 1.358000 0.068000 C
233 12 -3.776000 0.863000 1.388000 N
234 12 -4.552000 1.460000 2.333000 C
235 12 -4.705000 0.743000 3.420000 N
236 12 -3.982000 -0.417000 3.164000 C
237 12 -3.765000 -1.591000 3.934000 C
238 12 -4.205000 -1.839000 5.048000 O
239 12 -2.971000 -2.549000 3.339000 N
240 12 -2.442000 -2.369000 2.090000 C
241 12 -1.698000 -3.377000 1.646000 N
242 12 -2.619000 -1.298000 1.325000 N
243 12 -3.395000 -0.361000 1.912000 C
245 13 -2.829000 -11.846000 5.028000 O
246 13 -1.497000 -11.351000 5.281000 C
247 13 -1.050000 -10.481000 4.126000 C
248 13 -1.855000 -9.310000 3.990000 O
249 13 0.390000 -9.933000 4.283000 C
250 13 0.951000 -9.526000 3.027000 O
251 13 0.084000 -8.695000 5.157000 C
252 13 -1.063000 -8.158000 4.294000 C
253 13 -1.751000 -7.083000 4.983000 N
254 13 -1.930000 -5.905000 4.245000 C
255 13 -1.554000 -5.799000 3.088000 O
256 13 -2.576000 -4.862000 4.853000 N
257 13 -3.003000 -4.943000 6.148000 C
258 13 -3.613000 -3.875000 6.664000 N
259 13 -2.779000 -6.135000 6.903000 C
260 13 -2.159000 -7.150000 6.287000 C
261 14 2.190000 -10.346000 2.366000 P
262 14 1.790000 -11.775000 2.138000 O
263 14 3.271000 -10.247000 3.399000 O
264 14 2.469000 -9.551000 1.026000 O
265 14 1.473000 -9.042000 0.134000 C
266 14 2.078000 -7.857000 -0.572000 C
267 14 1.510000 -6.651000 -0.142000 O
268 14 3.592000 -7.687000 -0.486000 C
269 14 4.159000 -7.228000 -1.728000 O
270 14 3.783000 -6.609000 0.580000 C
271 14 2.525000 -5.781000 0.433000 C
272 14 2.121000 -5.417000 1.814000 N
273 14 2.097000 -6.227000 2.926000 C
274 14 1.704000 -5.605000 4.005000 N
275 14 1.462000 -4.300000 3.574000 C
276 14 1.020000 -3.140000 4.268000 C
277 14 0.752000 -3.069000 5.482000 O
278 14 0.901000 -2.005000 3.488000 N
279 14 1.199000 -2.016000 2.158000 C
280 14 1.037000 -0.863000 1.495000 N
281 14 1.603000 -3.080000 1.454000 N
282 14 1.709000 -4.176000 2.224000 C
283 15 5.766000 -7.143000 -1.880000 P
284 15 6.176000 -7.627000 -3.245000 O
285 15 6.230000 -8.034000 -0.790000 O
286 15 6.058000 -5.580000 -1.702000 O
287 15 5.589000 -4.586000 -2.647000 C
288 15 5.691000 -3.257000 -1.930000 C
289 15 4.925000 -3.264000 -0.762000 O
290 15 7.082000 -2.793000 -1.533000 C
291 15 7.622000 -1.814000 -2.409000 O
292 15 7.013000 -2.281000 -0.104000 C
293 15 5.530000 -2.348000 0.200000 C
294 15 5.398000 -2.917000 1.560000 N
295 15 4.938000 -2.047000 2.553000 C
296 15 4.670000 -0.873000 2.282000 O
297 15 4.830000 -2.553000 3.817000 N
298 15 5.136000 -3.844000 4.121000 C
299 15 4.992000 -4.233000 5.314000 O
300 15 5.624000 -4.713000 3.085000 C
301 15 5.962000 -6.135000 3.402000 C
302 15 5.744000 -4.204000 1.847000 C
303 16 9.179000 -1.655000 -2.769000 P
304 16 9.341000 -1.934000 -4.245000 O
305 16 9.971000 -2.585000 -1.956000 O
306 16 9.413000 -0.095000 -2.447000 O
307 16 8.227000 0.746000 -2.619000 C
308 16 8.423000 1.885000 -1.654000 C
309 16 7.950000 1.595000 -0.357000 O
310 16 9.900000 2.291000 -1.464000 C
311 16 9.893000 3.628000 -0.963000 O
312 16 10.310000 1.322000 -0.334000 C
313 16 9.056000 1.425000 0.540000 C
314 16 8.998000 0.216000 1.363000 N
315 16 9.636000 -0.987000 1.137000 C
316 16 9.424000 -1.878000 2.082000 N
317 16 8.597000 -1.220000 2.992000 C
318 16 8.005000 -1.637000 4.210000 C
319 16 8.166000 -2.846000 4.734000 N
320 16 7.222000 -0.704000 4.825000 N
321 16 7.029000 0.523000 4.301000 C
322 16 7.566000 0.987000 3.169000 N
323 16 8.336000 0.071000 2.561000 C
324 17 11.074000 4.692000 -1.132000 P
325 17 10.727000 5.675000 -2.211000 O
326 17 12.271000 3.875000 -1.403000 O
327 17 11.063000 5.431000 0.299000 O
328 17 9.741000 5.559000 0.937000 C
329 17 10.066000 5.417000 2.417000 C
330 17 9.836000 4.084000 2.832000 O
331 17 11.547000 5.707000 2.672000 C
332 17 11.835000 7.019000 3.100000 O
333 17 12.074000 4.551000 3.468000 C
334 17 10.799000 3.815000 3.888000 C
335 17 11.137000 2.383000 3.886000 N
336 17 11.899000 1.718000 2.954000 C
337 17 12.044000 0.442000 3.225000 N
338 17 11.343000 0.265000 4.423000 C
339 17 11.149000 -0.880000 5.238000 C
340 17 11.547000 -2.026000 4.995000 O
341 17 10.398000 -0.651000 6.361000 N
342 17 9.900000 0.580000 6.664000 C
343 17 9.181000 0.679000 7.792000 N
344 17 10.064000 1.694000 5.943000 N
345 17 10.788000 1.460000 4.831000 C
346 18 12.003000 7.507000 4.615000 P
347 18 12.039000 9.017000 4.696000 O
348 18 13.310000 6.923000 5.028000 O
349 18 10.709000 6.948000 5.373000 O
350 18 10.303000 7.571000 6.621000 C
351 18 10.474000 6.573000 7.721000 C
352 18 10.815000 5.279000 7.300000 O
353 18 11.329000 6.938000 8.921000 C
354 18 10.575000 7.114000 10.115000 O
355 18 12.391000 5.827000 8.949000 C
356 18 11.623000 4.668000 8.369000 C
357 18 12.445000 3.631000 7.726000 N
358 18 13.153000 3.745000 6.556000 C
359 18 13.763000 2.634000 6.198000 N
360 18 13.394000 1.722000 7.186000 C
361 18 13.717000 0.357000 7.364000 C
362 18 14.495000 -0.325000 6.556000 N
363 18 13.175000 -0.230000 8.478000 N
364 18 12.370000 0.467000 9.322000 C
365 18 12.056000 1.750000 9.220000 N
366 18 12.591000 2.327000 8.136000 C
367 19 11.073000 7.790000 11.480000 P
368 19 9.934000 8.582000 12.085000 O
369 19 12.192000 8.674000 11.049000 O
370 19 11.514000 6.626000 12.468000 O
371 19 10.713000 5.424000 12.572000 C
372 19 11.537000 4.353000 13.218000 C
373 19 12.153000 3.430000 12.371000 O
374 19 12.533000 4.798000 14.276000 C
375 19 12.140000 4.218000 15.530000 O
376 19 13.883000 4.317000 13.739000 C
377 19 13.440000 3.069000 12.974000 C
378 19 14.327000 2.797000 11.827000 N
379 19 14.761000 1.485000 11.695000 C
380 19 14.423000 0.640000 12.521000 O
381 19 15.542000 1.178000 10.611000 N
382 19 15.896000 2.104000 9.681000 C
383 19 16.632999 1.715000 8.737000 O
384 19 15.436000 3.451000 9.838000 C
385 19 15.806000 4.512000 8.838000 C
386 19 14.669000 3.738000 10.895000 C
387 20 12.897000 4.632000 16.906000 P
388 20 11.887000 4.805000 18.013000 O
389 20 13.572000 5.902000 16.542999 O
390 20 13.859000 3.380000 17.162001 O
391 20 13.409000 2.062000 16.736000 C
392 20 14.467000 1.075000 17.042000 C
393 20 15.255000 0.675000 15.968000 O
394 20 15.474000 1.361000 18.152000 C
395 20 15.947000 0.099000 18.671000 O
396 20 16.608000 1.998000 17.330999 C
397 20 16.646999 1.004000 16.176001 C
398 20 17.155001 1.687000 14.953000 N
399 20 17.921000 0.884000 14.109000 C
400 20 18.131001 -0.293000 14.388000 O
401 20 18.424999 1.471000 12.990000 N
402 20 18.141001 2.758000 12.640000 C
403 20 18.639999 3.218000 11.477000 N
404 20 17.334999 3.561000 13.521000 C
405 20 16.895000 2.984000 14.641000 C
406 21 16.254000 0.007000 20.259001 P
407 21 15.255000 -0.884000 20.938000 O
408 21 16.132999 1.421000 20.698000 O
409 21 17.725000 -0.612000 20.275000 O
410 21 17.979000 -1.874000 19.593000 C
411 21 19.422001 -1.888000 19.170000 C
412 21 19.589001 -1.312000 17.893999 O
413 21 20.455000 -1.276000 20.097000 C
414 21 21.625000 -2.090000 20.204000 O
415 21 20.827999 0.032000 19.350000 C
416 21 20.794001 -0.509000 17.914000 C
417 21 20.759001 0.619000 16.982000 N
418 21 21.327000 0.410000 15.730000 C
419 21 21.818001 -0.672000 15.424000 O
420 21 21.354000 1.467000 14.859000 N
421 21 20.816999 2.680000 15.158000 C
422 21 20.878000 3.578000 14.264000 O
423 21 20.216000 2.868000 16.445000 C
424 21 19.618000 4.194000 16.820000 C
425 21 20.221001 1.835000 17.302999 C
426 22 21.924000 -3.161000 21.344000 P
427 22 20.653999 -3.801000 21.820000 O
428 22 22.608999 -2.362000 22.392000 O
429 22 22.878000 -4.254000 20.652000 O
430 22 22.641001 -4.622000 19.259001 C
431 22 23.964001 -4.586000 18.577000 C
432 22 24.205000 -3.504000 17.721001 O
433 22 25.228001 -4.759000 19.429001 C
434 22 26.132000 -5.608000 18.688999 O
435 22 25.729000 -3.317000 19.540001 C
436 22 25.427999 -2.797000 18.132000 C
437 22 25.035999 -1.379000 18.205000 N
438 22 24.482000 -0.697000 19.264000 C
439 22 24.207001 0.562000 19.003000 N
440 22 24.590000 0.700000 17.666000 C
441 22 24.552999 1.821000 16.799000 C
442 22 24.105000 3.013000 17.143999 N
443 22 25.035999 1.591000 15.538000 N
444 22 25.492001 0.361000 15.158000 C
445 22 25.552999 -0.721000 15.918000 N
446 22 25.083000 -0.484000 17.159000 C
447 23 27.628000 -5.972000 19.073999 P
448 23 27.830000 -7.464000 19.049000 O
449 23 27.847000 -5.410000 20.437000 O
450 23 28.528000 -5.269000 17.947001 O
451 23 28.349001 -5.576000 16.542999 C
452 23 29.240999 -4.614000 15.786000 C
453 23 28.674999 -3.317000 15.839000 O
454 23 30.680000 -4.459000 16.302999 C
455 23 31.545000 -4.031000 15.239000 O
456 23 30.525999 -3.242000 17.264999 C
457 23 29.674000 -2.408000 16.323000 C
458 23 29.115999 -1.231000 16.993999 N
459 23 29.107000 -0.053000 16.242001 C
460 23 29.554001 -0.074000 15.100000 O
461 23 28.598000 1.079000 16.827000 N
462 23 28.145000 1.082000 18.108999 C
463 23 27.664000 2.203000 18.650999 N
464 23 28.149000 -0.127000 18.858999 C
465 23 28.638000 -1.234000 18.271000 C
466 24 32.887001 -4.897000 14.922000 P
467 24 32.508999 -6.216000 14.289000 O
468 24 33.488998 -5.064000 16.270000 O
469 24 33.660000 -3.985000 13.889000 O
470 24 33.061001 -3.600000 12.617000 C
471 24 33.821999 -2.337000 12.235000 C
472 24 33.188999 -1.231000 12.838000 O
473 24 35.285000 -2.327000 12.617000 C
474 24 36.252998 -2.143000 11.576000 O
475 24 35.376999 -1.330000 13.752000 C
476 24 34.198002 -0.431000 13.549000 C
477 24 33.534000 0.007000 14.791000 N
478 24 33.210999 -0.714000 15.910000 C
479 24 32.584999 -0.021000 16.830000 N
480 24 32.425999 1.234000 16.247000 C
481 24 31.798000 2.426000 16.721001 C
482 24 31.205000 2.567000 17.805000 O
483 24 31.871000 3.504000 15.865000 N
484 24 32.488998 3.409000 14.656000 C
485 24 32.512001 4.494000 13.899000 N
486 24 33.078999 2.302000 14.140000 N
487 24 33.026001 1.266000 15.001000 C
