442
1 1 15.807 33.725 23.781 O
2 1 16.653 32.713 23.165 C
3 1 18.074 32.874 23.647 C
4 1 18.194 32.172 24.914 O
5 1 19.194 32.251 22.830 C
6 1 20.522 32.569 23.225 O
7 1 18.871 30.751 23.118 C
8 1 18.589 30.792 24.605 C
9 1 17.499 29.892 24.981 N
10 1 17.789 28.653 25.516 C
11 1 18.938 28.252 25.724 O
12 1 16.735 27.851 25.885 N
13 1 15.453 28.268 25.704 C
14 1 14.456 27.459 26.032 N
15 1 15.179 29.528 25.135 C
16 1 16.217 30.301 24.833 C
17 2 21.730 32.879 22.314 P
18 2 22.543 34.110 22.669 O
19 2 21.186 33.069 20.887 O
20 2 22.735 31.598 22.341 O
21 2 22.356 30.512 21.363 C
22 2 23.440 29.491 21.624 C
23 2 22.943 28.529 22.509 O
24 2 23.881 28.620 20.445 C
25 2 25.125 27.988 20.794 O
26 2 22.681 27.707 20.318 C
27 2 22.243 27.512 21.758 C
28 2 20.784 27.583 21.899 N
29 2 19.945 28.566 21.490 C
30 2 18.671 28.326 21.758 N
31 2 18.676 27.112 22.395 C
32 2 17.615 26.348 22.931 C
33 2 16.402 26.583 22.884 O
34 2 17.974 25.145 23.534 N
35 2 19.304 24.774 23.587 C
36 2 19.504 23.613 24.203 N
37 2 20.348 25.468 23.105 N
38 2 19.961 26.641 22.515 C
39 3 26.258 27.645 19.775 P
40 3 27.653 27.669 20.271 O
41 3 26.055 28.636 18.623 O
42 3 25.876 26.112 19.307 O
43 3 24.520 25.633 19.494 C
44 3 24.350 24.142 19.655 C
45 3 23.109 23.848 20.378 O
46 3 24.153 23.299 18.436 C
47 3 24.332 21.857 18.576 O
48 3 22.684 23.543 18.101 C
49 3 22.045 23.518 19.521 C
50 3 20.891 24.439 19.447 N
51 3 19.640 23.980 19.796 C
52 3 19.394 22.865 20.258 O
53 3 18.558 24.852 19.668 N
54 3 18.715 26.116 19.199 C
55 3 17.635 26.856 19.112 N
56 3 19.989 26.542 18.804 C
57 3 21.012 25.703 18.945 C
82 5 21.417 15.789 15.595 P
83 5 22.638 14.938 15.796 O
84 5 21.627 16.735 14.416 O
85 5 20.125 14.917 15.501 O
86 5 19.453 14.330 16.600 C
87 5 17.969 14.673 16.426 C
88 5 17.699 16.045 16.178 O
89 5 17.361 13.942 15.260 C
90 5 16.010 13.546 15.575 O
91 5 17.499 14.991 14.121 C
92 5 17.063 16.227 14.852 C
93 5 17.484 17.540 14.336 N
94 5 18.756 17.949 14.014 C
95 5 18.843 19.209 13.632 N
96 5 17.553 19.684 13.773 C
97 5 17.022 20.977 13.552 C
98 5 17.743 22.035 13.150 N
99 5 15.663 21.101 13.766 N
100 5 14.953 20.002 14.142 C
101 5 15.374 18.771 14.356 N
102 5 16.702 18.676 14.168 C
103 6 15.176 12.942 14.302 P
104 6 14.528 11.649 14.698 O
105 6 16.307 12.703 13.338 O
106 6 14.146 14.091 13.981 O
107 6 12.946 14.037 14.852 C
108 6 12.033 15.153 14.416 C
109 6 12.692 16.351 14.101 O
110 6 11.217 14.789 13.170 C
111 6 9.861 15.297 13.304 O
112 6 12.023 15.409 12.072 C
113 6 12.410 16.710 12.728 C
114 6 13.602 17.272 12.072 N
115 6 14.712 16.561 11.683 C
116 6 15.663 17.317 11.167 N
117 6 15.148 18.594 11.274 C
118 6 15.710 19.841 10.893 C
119 6 16.874 19.961 10.303 N
120 6 14.938 20.936 11.161 N
121 6 13.692 20.804 11.750 C
122 6 13.128 19.651 12.125 N
123 6 13.899 18.590 11.837 C
124 7 9.005 14.975 11.877 P
125 7 7.584 15.359 11.978 O
126 7 9.389 13.620 11.643 O
127 7 9.815 16.123 11.006 O
128 7 9.843 17.437 11.636 C
129 7 9.361 18.395 10.564 C
130 7 10.489 19.077 10.015 O
131 7 8.651 17.809 9.332 C
132 7 7.905 18.746 8.615 O
133 7 9.889 17.342 8.535 C
134 7 10.733 18.590 8.695 C
135 7 12.169 18.342 8.555 N
136 7 12.861 19.453 8.079 C
137 7 12.235 20.473 7.838 O
138 7 14.199 19.337 7.898 N
139 7 14.884 18.201 8.139 C
140 7 16.130 18.218 7.952 O
141 7 14.158 17.073 8.602 C
142 7 14.902 15.797 8.890 C
143 7 12.846 17.206 8.809 C
144 8 6.756 18.507 7.583 P
145 8 5.441 19.238 7.925 O
146 8 6.507 17.065 7.550 O
147 8 7.379 19.118 6.203 O
148 8 8.689 19.754 6.250 C
149 8 8.582 21.060 5.500 C
150 8 9.843 21.584 5.051 O
151 8 7.841 20.944 4.173 C
152 8 7.513 22.200 3.651 O
153 8 8.915 20.271 3.323 C
154 8 10.189 20.857 3.885 C
155 8 11.161 19.792 4.194 N
156 8 12.479 20.242 4.120 C
157 8 12.699 21.390 3.825 O
158 8 13.456 19.345 4.374 N
159 8 13.251 18.024 4.656 C
160 8 14.305 17.325 4.857 O
161 8 11.905 17.582 4.716 C
162 8 11.633 16.132 5.044 C
163 8 10.930 18.466 4.475 C
164 9 6.305 22.303 2.499 P
165 9 5.200 23.212 3.001 O
166 9 5.913 20.952 2.291 O
167 9 7.172 23.096 1.300 O
168 9 8.251 23.906 1.903 C
169 9 9.097 24.592 0.884 C
170 9 10.392 23.972 0.797 O
171 9 8.589 24.542 -0.549 C
172 9 9.123 25.563 -1.434 O
173 9 9.010 23.088 -0.837 C
174 9 10.469 23.163 -0.335 C
175 9 11.030 21.824 -0.100 N
176 9 12.420 21.729 -0.248 C
177 9 13.079 22.712 -0.489 O
178 9 13.012 20.510 -0.114 N
179 9 12.328 19.391 0.167 C
180 9 12.987 18.238 0.322 N
181 9 10.902 19.478 0.288 C
182 9 10.312 20.680 0.127 C
183 10 8.171 26.058 -2.659 P
184 10 7.187 27.091 -2.057 O
185 10 7.530 24.840 -3.122 O
186 10 9.074 26.781 -3.718 O
187 10 10.361 27.310 -3.423 C
188 10 11.420 26.331 -3.872 C
189 10 11.179 25.079 -3.242 O
190 10 11.535 26.104 -5.379 C
191 10 12.799 26.628 -5.922 O
192 10 11.320 24.584 -5.500 C
193 10 11.738 24.067 -4.127 C
194 10 11.318 22.696 -3.772 N
195 10 10.059 22.233 -3.450 C
196 10 10.010 20.965 -3.095 N
197 10 11.364 20.572 -3.142 C
198 10 11.964 19.321 -2.881 C
199 10 11.428 18.276 -2.512 O
200 10 13.340 19.284 -3.068 N
201 10 14.040 20.370 -3.437 C
202 10 15.356 20.168 -3.571 N
203 10 13.505 21.568 -3.678 N
204 10 12.169 21.605 -3.530 C
205 11 13.292 26.414 -7.456 P
206 11 13.038 27.455 -8.454 O
207 11 12.458 25.112 -7.845 O
208 11 14.805 25.972 -7.335 O
209 11 15.522 26.137 -6.029 C
210 11 16.922 25.658 -6.458 C
211 11 17.092 24.290 -6.176 O
212 11 17.153 25.798 -7.979 C
213 11 18.502 26.153 -8.240 O
214 11 16.674 24.464 -8.528 C
215 11 16.748 23.534 -7.349 C
216 11 15.487 22.807 -7.128 N
217 11 15.651 21.481 -6.732 C
218 11 16.769 21.010 -6.578 O
219 11 14.530 20.733 -6.518 N
220 11 13.276 21.279 -6.666 C
221 11 12.241 20.461 -6.451 N
222 11 13.128 22.625 -7.081 C
223 11 14.246 23.328 -7.302 C
224 12 19.063 26.153 -9.787 P
225 12 20.250 27.153 -9.807 O
226 12 17.866 26.695 -10.484 O
227 12 19.517 24.720 -10.002 O
228 12 20.520 24.125 -10.852 C
229 12 20.115 22.675 -11.047 C
230 12 18.879 22.390 -10.390 O
231 12 19.807 22.274 -12.474 C
232 12 21.025 21.898 -13.110 O
233 12 18.786 21.163 -12.353 C
234 12 18.351 21.163 -10.939 C
235 12 16.884 21.147 -10.745 N
236 12 16.012 22.200 -10.839 C
237 12 14.764 21.907 -10.564 N
238 12 14.825 20.556 -10.270 C
239 12 13.797 19.651 -9.888 C
240 12 12.589 19.957 -9.821 O
241 12 14.228 18.354 -9.593 N
242 12 15.543 18.007 -9.707 C
243 12 15.869 16.759 -9.385 N
244 12 16.551 18.821 -10.102 N
245 12 16.117 20.085 -10.330 C
247 13 10.320 13.401 -10.665 O
248 13 10.033 11.996 -10.571 C
249 13 11.143 11.199 -9.921 C
250 13 12.379 11.922 -9.961 O
251 13 10.925 10.856 -8.434 C
252 13 11.425 9.596 -8.032 O
253 13 11.582 12.034 -7.724 C
254 13 12.392 12.740 -8.762 C
255 13 11.820 14.087 -9.003 N
256 13 12.687 15.000 -9.580 C
257 13 13.861 14.698 -9.868 O
258 13 12.194 16.268 -9.787 N
259 13 10.902 16.607 -9.546 C
260 13 10.553 17.854 -9.861 N
261 13 10.048 15.652 -9.003 C
262 13 10.523 14.438 -8.769 C
263 14 12.533 8.973 -7.201 P
264 14 12.951 7.597 -7.717 O
265 14 11.961 8.729 -5.801 O
266 14 13.823 9.943 -7.175 O
267 14 14.458 10.406 -6.016 C
268 14 15.943 10.608 -6.190 C
269 14 16.230 11.835 -6.853 O
270 14 16.704 10.774 -4.870 C
271 14 18.117 10.650 -4.910 O
272 14 16.387 12.224 -4.529 C
273 14 16.407 12.909 -5.929 C
274 14 15.353 13.926 -5.842 N
275 14 14.071 13.636 -5.480 C
276 14 13.289 14.653 -5.453 N
277 14 14.107 15.731 -5.788 C
278 14 13.794 17.115 -5.929 C
279 14 12.694 17.677 -5.741 O
280 14 14.858 17.883 -6.331 N
281 14 16.089 17.346 -6.538 C
282 14 17.020 18.226 -6.927 N
283 14 16.422 16.053 -6.398 N
284 14 15.374 15.289 -6.029 C
285 15 18.922 10.290 -3.571 P
286 15 20.120 9.427 -3.906 O
287 15 17.835 9.662 -2.814 O
288 15 19.502 11.678 -3.041 O
289 15 20.491 12.471 -3.711 C
290 15 20.091 13.950 -3.725 C
291 15 18.643 14.033 -3.919 O
292 15 20.309 14.789 -2.499 C
293 15 21.599 15.384 -2.284 O
294 15 19.284 15.937 -2.646 C
295 15 18.274 15.421 -3.624 C
296 15 16.894 15.557 -3.115 N
297 15 16.274 16.793 -3.309 C
298 15 16.884 17.739 -3.778 O
299 15 14.971 16.945 -2.901 N
300 15 14.287 15.942 -2.331 C
301 15 13.040 16.148 -1.916 N
302 15 14.894 14.669 -2.184 C
303 15 16.171 14.537 -2.599 C
328 17 23.748 22.225 0.295 P
329 17 25.155 22.353 -0.040 O
330 17 23.591 21.502 1.668 O
331 17 22.768 23.468 0.301 O
332 17 21.345 23.142 0.489 C
333 17 20.638 24.460 0.322 C
334 17 19.253 24.265 0.429 O
335 17 20.994 25.468 1.440 C
336 17 20.853 26.827 1.065 O
337 17 20.068 24.980 2.532 C
338 17 18.920 24.290 1.829 C
339 17 18.712 22.923 2.318 N
340 17 19.699 21.998 2.659 C
341 17 19.215 20.853 3.068 N
342 17 17.835 20.994 2.954 C
343 17 16.784 20.089 3.216 C
344 17 16.907 18.829 3.638 N
345 17 15.525 20.614 3.035 N
346 17 15.333 21.874 2.606 C
347 17 16.297 22.799 2.311 N
348 17 17.525 22.274 2.526 C
349 18 21.230 28.045 2.090 P
350 18 21.125 29.334 1.427 O
351 18 22.532 27.686 2.619 O
352 18 19.974 27.831 3.142 O
353 18 18.653 28.033 2.552 C
354 18 17.576 27.607 3.524 C
355 18 17.504 26.228 3.644 O
356 18 17.753 28.103 4.964 C
357 18 17.112 29.371 5.111 O
358 18 17.161 27.021 5.848 C
359 18 16.881 25.885 4.930 C
360 18 17.366 24.555 5.379 N
361 18 18.658 24.059 5.373 C
362 18 18.789 22.828 5.775 N
363 18 17.474 22.452 6.022 C
364 18 16.945 21.221 6.471 C
365 18 17.684 20.168 6.773 N
366 18 15.599 21.209 6.645 N
367 18 14.843 22.324 6.384 C
368 18 15.284 23.510 5.942 N
369 18 16.602 23.497 5.801 C
370 19 15.556 29.615 4.977 P
371 19 14.881 28.826 3.872 O
372 19 15.497 31.119 4.683 O
373 19 14.933 29.223 6.377 O
374 19 14.502 27.971 6.759 C
375 19 13.040 27.864 7.074 C
376 19 12.879 26.434 7.329 O
377 19 12.412 28.405 8.367 C
378 19 11.028 28.062 8.568 O
379 19 13.382 27.678 9.345 C
380 19 13.330 26.281 8.722 C
381 19 14.561 25.497 8.916 N
382 19 14.287 24.303 9.633 C
383 19 13.128 24.047 10.008 O
384 19 15.325 23.448 9.908 N
385 19 16.599 23.720 9.519 C
386 19 17.435 22.836 9.861 O
387 19 16.848 24.902 8.762 C
388 19 18.240 25.220 8.320 C
389 19 15.828 25.744 8.535 C
390 20 9.910 28.888 9.285 P
391 20 8.466 28.665 8.943 O
392 20 10.202 30.367 8.930 O
393 20 10.110 28.587 10.852 O
394 20 10.902 27.459 11.281 C
395 20 9.846 26.376 11.395 C
396 20 10.482 25.162 11.100 O
397 20 9.302 26.228 12.802 C
398 20 8.046 25.509 12.922 O
399 20 10.453 25.492 13.478 C
400 20 11.030 24.666 12.313 C
401 20 12.489 24.757 12.420 N
402 20 13.123 23.625 12.922 C
403 20 12.464 22.597 13.170 O
404 20 14.487 23.675 13.083 N
405 20 15.222 24.778 12.815 C
406 20 16.487 24.712 12.963 O
407 20 14.556 25.922 12.319 C
408 20 15.356 27.161 11.998 C
409 20 13.241 25.864 12.139 C
410 21 7.318 25.484 14.383 P
411 21 5.882 24.959 14.282 O
412 21 7.271 26.947 14.778 O
413 21 8.200 24.526 15.260 O
414 21 8.605 23.216 14.832 C
415 21 8.789 22.332 16.031 C
416 21 10.166 22.006 16.178 O
417 21 8.359 22.882 17.397 C
418 21 7.830 21.841 18.235 O
419 21 9.612 23.481 17.987 C
420 21 10.702 22.659 17.391 C
421 21 11.817 23.514 16.982 N
422 21 13.092 23.096 17.243 C
423 21 13.282 22.060 17.839 O
424 21 14.125 23.869 16.808 N
425 21 13.933 24.988 16.058 C
426 21 14.963 25.724 15.615 N
427 21 12.589 25.385 15.756 C
428 21 11.589 24.633 16.218 C
429 22 7.407 21.998 19.735 P
430 22 6.046 21.349 19.976 O
431 22 7.348 23.485 19.997 O
432 22 8.566 21.320 20.613 O
433 22 9.561 20.415 19.970 C
434 22 10.476 19.907 21.062 C
435 22 11.764 20.531 21.095 O
436 22 9.961 20.192 22.502 C
437 22 10.641 19.449 23.460 O
438 22 10.241 21.729 22.482 C
439 22 11.679 21.696 22.013 C
440 22 12.100 22.898 21.323 N
441 22 11.353 23.894 20.720 C
442 22 12.107 24.803 20.097 N
443 22 13.412 24.373 20.291 C
444 22 14.661 24.906 19.883 C
445 22 14.910 25.914 19.246 O
446 22 15.787 24.199 20.291 N
447 22 15.653 23.055 21.028 C
448 22 16.812 22.469 21.383 N
449 22 14.502 22.518 21.417 N
450 22 13.430 23.212 21.042 C
451 23 10.459 19.407 25.041 P
452 23 9.153 18.788 25.423 O
453 23 10.541 20.849 25.476 O
454 23 11.776 18.623 25.550 O
455 23 12.812 18.300 24.626 C
456 23 14.151 17.966 25.262 C
457 23 15.164 18.486 24.344 O
458 23 14.469 18.528 26.629 C
459 23 14.346 17.677 27.747 O
460 23 15.922 18.978 26.495 C
461 23 15.894 19.531 25.094 C
462 23 15.330 20.882 24.981 N
463 23 16.304 21.886 24.813 C
464 23 17.507 21.609 24.820 O
465 23 15.920 23.183 24.545 N
466 23 14.576 23.489 24.559 C
467 23 14.333 24.786 24.351 N
468 23 13.589 22.485 24.726 C
469 23 13.989 21.225 24.927 C
470 24 14.543 18.197 29.275 P
471 24 14.571 16.925 30.166 O
472 24 13.502 19.098 29.723 O
473 24 16.063 18.825 29.121 O
474 24 17.058 17.805 28.920 C
475 24 18.320 18.230 28.303 C
476 24 18.197 19.374 27.486 O
477 24 19.417 18.680 29.308 C
478 24 20.699 18.685 28.739 O
479 24 18.871 20.077 29.663 C
480 24 18.617 20.539 28.250 C
481 24 17.530 21.494 28.183 N
482 24 16.207 21.217 28.437 C
483 24 15.410 22.212 28.256 N
484 24 16.287 23.216 27.808 C
485 24 16.022 24.567 27.459 C
486 24 14.892 25.063 27.513 O
487 24 17.138 25.257 27.084 N
488 24 18.392 24.732 27.071 C
489 24 19.343 25.567 26.682 N
490 24 18.704 23.485 27.392 N
491 24 17.584 22.778 27.747 C
