1293
1 1 43.944 -3.172 9.001 N
2 1 43.502 -1.800 9.112 C
3 1 42.077 -1.889 9.631 C
4 1 41.381 -2.887 9.394 O
5 1 43.594 -1.236 7.666 C
6 1 42.964 0.098 7.444 C
7 1 44.024 1.418 7.988 S
8 1 45.460 1.080 6.988 C
9 2 41.615 -0.849 10.294 N
10 2 40.238 -0.809 10.802 C
11 2 39.851 0.661 10.854 C
12 2 40.719 1.475 10.590 O
13 2 40.148 -1.506 12.208 C
14 2 41.097 -0.932 13.237 C
15 2 41.088 0.267 13.498 O
16 2 41.932 -1.776 13.823 N
17 3 38.624 0.977 11.237 N
18 3 38.115 2.326 11.290 C
19 3 38.966 3.301 12.137 C
20 3 39.160 4.488 11.805 O
21 3 36.609 2.363 11.577 C
22 3 36.025 3.799 11.451 C
23 3 36.347 1.755 12.962 C
24 3 36.219 4.500 10.076 C
25 4 39.494 2.779 13.247 N
26 4 40.325 3.597 14.142 C
27 4 41.622 4.010 13.475 C
28 4 42.012 5.179 13.487 O
29 4 40.595 2.880 15.504 C
30 4 39.317 2.829 16.329 C
31 4 38.985 3.901 17.166 C
32 4 38.440 1.739 16.240 C
33 4 37.815 3.864 17.930 C
34 4 37.255 1.705 16.986 C
35 4 36.954 2.764 17.845 C
36 5 42.315 3.042 12.924 N
37 5 43.565 3.310 12.232 C
38 5 43.330 4.208 11.043 C
39 5 44.082 5.101 10.778 O
40 5 44.210 2.016 11.766 C
41 5 44.588 1.098 12.968 C
42 5 45.187 -0.230 12.526 C
43 5 45.550 -0.459 11.380 O
44 5 45.342 -1.088 13.505 O
45 6 42.245 3.964 10.323 N
46 6 41.895 4.755 9.166 C
47 6 41.714 6.209 9.549 C
48 6 42.358 7.126 8.979 O
49 6 40.587 4.229 8.574 C
50 6 40.215 4.823 7.232 C
51 6 38.451 4.534 6.876 S
52 6 38.383 4.679 5.078 C
53 7 40.815 6.455 10.502 N
54 7 40.585 7.842 10.954 C
55 7 41.823 8.497 11.599 C
56 7 42.044 9.704 11.513 O
57 7 39.405 7.929 11.892 C
58 7 38.103 7.914 11.146 C
59 7 36.932 7.553 12.072 C
60 7 37.866 9.298 10.524 C
61 8 42.672 7.705 12.243 N
62 8 43.884 8.279 12.843 C
63 8 44.820 8.804 11.782 C
64 8 45.479 9.811 11.990 O
65 8 44.583 7.308 13.768 C
66 8 45.986 7.727 14.158 C
67 8 46.061 8.622 15.410 C
68 8 47.417 9.130 15.704 N
69 8 48.216 9.841 14.845 C
70 8 47.878 10.168 13.591 N
71 8 49.433 10.218 15.270 N
72 9 44.868 8.128 10.612 N
73 9 45.686 8.576 9.494 C
74 9 45.091 9.861 8.880 C
75 9 45.782 10.838 8.614 O
76 9 45.768 7.461 8.456 C
77 9 46.772 6.407 8.886 C
78 9 46.126 8.012 7.090 C
79 9 46.543 5.117 8.108 C
80 10 43.767 9.901 8.705 N
81 10 43.113 11.055 8.100 C
82 10 43.084 12.312 8.955 C
83 10 43.175 13.427 8.461 O
84 10 41.686 10.707 7.625 C
85 10 41.733 9.867 6.356 C
86 10 42.667 9.866 5.603 O
87 10 40.695 9.090 6.204 O
88 11 42.942 12.125 10.248 N
89 11 42.801 13.245 11.131 C
90 11 44.062 13.665 11.840 C
91 11 44.122 14.817 12.255 O
92 11 41.711 12.954 12.182 C
93 11 40.365 12.620 11.527 C
94 11 39.618 13.823 10.996 C
95 11 40.194 14.982 11.247 O
96 11 38.572 13.724 10.424 O
97 12 45.014 12.768 12.052 N
98 12 46.247 13.069 12.786 C
99 12 45.936 13.129 14.273 C
100 12 44.828 12.823 14.700 O
101 13 46.907 13.488 15.071 N
102 13 46.689 13.634 16.511 C
103 13 47.395 14.895 16.963 C
104 13 48.559 15.054 16.705 O
105 13 47.324 12.458 17.255 C
106 13 47.465 12.636 18.784 C
107 13 46.099 12.567 19.452 C
108 13 48.275 11.485 19.341 C
109 14 46.692 15.766 17.664 N
110 14 47.247 16.996 18.185 C
111 14 46.724 17.177 19.580 C
112 14 45.532 17.055 19.804 O
113 14 46.900 18.155 17.279 C
114 14 47.639 17.957 15.943 C
115 14 47.552 19.138 14.980 C
116 14 48.409 20.240 15.376 N
117 14 48.345 21.454 14.829 C
118 14 47.467 21.745 13.873 N
119 14 49.189 22.406 15.253 N
120 15 47.644 17.451 20.486 N
121 15 47.344 17.559 21.885 C
122 15 47.055 18.956 22.377 C
123 15 46.773 19.125 23.552 O
124 15 48.436 16.929 22.753 C
125 15 48.669 15.447 22.447 C
126 15 49.706 14.893 23.379 C
127 15 47.389 14.634 22.569 C
128 16 47.098 19.954 21.508 N
129 16 46.773 21.351 21.878 C
130 16 45.687 21.844 20.925 C
131 16 45.617 21.338 19.795 O
132 16 47.990 22.299 21.806 C
133 16 49.147 21.789 22.657 C
134 16 50.398 22.639 22.507 C
135 16 51.528 22.253 23.463 C
136 16 52.804 22.922 23.089 N
137 17 44.807 22.773 21.376 N
138 17 43.755 23.277 20.500 C
139 17 44.346 23.719 19.152 C
140 17 45.364 24.403 19.149 O
141 17 42.947 24.412 21.147 C
142 17 42.118 23.803 22.263 C
143 17 42.004 25.099 20.154 C
144 17 41.417 24.858 23.130 C
145 18 43.707 23.378 18.019 N
146 18 44.235 23.813 16.721 C
147 18 43.065 24.134 15.866 C
148 18 41.961 23.828 16.244 O
149 18 45.189 22.803 16.012 C
150 18 44.482 21.534 15.615 C
151 18 44.266 20.528 16.568 C
152 18 44.024 21.302 14.312 C
153 18 43.615 19.345 16.204 C
154 18 43.365 20.117 13.925 C
155 18 43.135 19.144 14.898 C
156 18 42.485 17.978 14.587 O
157 19 43.257 24.765 14.729 N
158 19 42.173 25.012 13.831 C
159 19 42.176 23.940 12.716 C
160 19 43.228 23.581 12.158 O
161 19 42.299 26.376 13.225 C
162 19 41.968 27.427 14.198 C
163 19 41.625 28.707 13.498 C
164 19 42.036 29.943 14.285 C
165 19 41.590 31.199 13.654 N
166 20 40.988 23.394 12.416 N
167 20 40.870 22.389 11.376 C
168 20 40.956 23.045 9.978 C
169 20 41.182 24.265 9.848 O
170 20 39.652 21.485 11.567 C
171 20 38.298 22.081 11.244 C
172 20 38.295 23.281 10.813 O
173 20 37.266 21.500 11.380 O
174 21 40.707 22.254 8.934 N
175 21 40.825 22.788 7.561 C
176 21 39.872 23.902 7.272 C
177 21 40.144 24.667 6.360 O
178 21 40.610 21.716 6.474 C
179 21 39.235 21.333 6.565 O
180 21 41.492 20.472 6.781 C
181 22 38.749 23.959 8.028 N
182 22 37.676 24.965 7.866 C
183 22 37.864 26.175 8.758 C
184 22 37.120 27.110 8.676 O
185 22 36.303 24.376 8.104 C
186 22 35.968 23.213 7.156 C
187 22 35.665 23.690 5.773 C
188 22 35.320 24.934 5.741 O
189 22 35.780 23.014 4.774 O
190 23 38.923 26.120 9.571 N
191 23 39.276 27.162 10.500 C
192 23 38.603 26.992 11.860 C
193 23 38.577 27.934 12.643 O
194 24 38.035 25.806 12.142 N
195 24 37.359 25.618 13.446 C
196 24 38.228 24.968 14.483 C
197 24 39.021 24.066 14.173 O
198 24 36.128 24.767 13.372 C
199 24 35.106 25.253 12.410 C
200 24 34.637 26.554 12.495 C
201 24 34.551 24.363 11.484 C
202 24 33.634 26.994 11.628 C
203 24 33.568 24.793 10.604 C
204 24 33.118 26.114 10.684 C
205 24 32.133 26.545 9.832 O
206 25 38.023 25.423 15.731 N
207 25 38.753 24.935 16.864 C
208 25 38.457 23.443 17.066 C
209 25 37.285 23.052 17.238 O
210 25 38.325 25.791 18.096 C
211 25 38.980 27.150 18.022 C
212 25 40.357 27.246 17.891 C
213 25 38.218 28.327 18.099 C
214 25 40.983 28.501 17.818 C
215 25 38.815 29.577 18.013 C
216 25 40.210 29.655 17.882 C
217 25 40.826 30.887 17.871 O
218 26 39.572 22.694 17.135 N
219 26 39.586 21.247 17.252 C
220 26 40.681 20.815 18.200 C
221 26 41.588 21.559 18.464 O
222 26 39.826 20.703 15.771 C
223 26 38.804 21.246 14.938 O
224 26 39.940 19.176 15.587 C
225 27 40.641 19.553 18.634 N
226 27 41.704 18.992 19.444 C
227 27 41.738 17.468 19.232 C
228 27 40.765 16.865 18.796 O
229 27 41.532 19.296 20.959 C
230 27 42.834 19.010 21.749 C
231 27 40.365 18.454 21.515 C
232 27 43.193 20.134 22.688 C
233 28 42.829 16.845 19.565 N
234 28 42.917 15.383 19.552 C
235 28 42.933 14.804 18.158 C
236 28 43.692 15.273 17.313 O
237 29 42.118 13.773 17.967 N
238 29 41.959 13.115 16.666 C
239 29 40.683 13.630 15.973 C
240 29 39.664 12.962 15.893 O
241 29 41.971 11.595 16.834 C
242 29 43.272 11.185 17.561 C
243 29 41.928 10.948 15.435 C
244 29 43.280 9.816 18.185 C
245 30 40.748 14.870 15.503 N
246 30 39.638 15.421 14.783 C
247 30 38.410 15.738 15.596 C
248 30 37.309 15.738 15.073 O
249 31 38.547 15.999 16.880 N
250 31 37.352 16.278 17.690 C
251 31 36.988 17.766 17.608 C
252 31 37.675 18.600 18.227 O
253 31 37.635 15.913 19.187 C
254 31 36.432 16.185 20.014 C
255 31 35.397 15.278 20.078 N
256 31 36.109 17.250 20.820 C
257 31 34.462 15.791 20.877 C
258 31 34.840 16.980 21.322 N
259 32 35.930 18.120 16.860 N
260 32 35.555 19.521 16.745 C
261 32 35.059 20.067 18.095 C
262 32 34.265 19.450 18.819 O
263 32 34.461 19.658 15.705 C
264 32 33.835 21.061 15.671 C
265 32 34.806 22.073 15.090 C
266 32 32.589 21.042 14.790 C
267 33 35.573 21.191 18.478 N
268 33 35.149 21.776 19.772 C
269 33 33.997 22.742 19.642 C
270 33 33.024 22.680 20.396 O
271 33 36.310 22.465 20.523 C
272 33 37.366 21.465 21.025 C
273 33 38.635 22.211 21.386 C
274 33 36.814 20.788 22.271 C
275 34 34.137 23.673 18.690 N
276 34 33.152 24.724 18.460 C
277 34 33.389 25.366 17.094 C
278 34 34.523 25.412 16.612 O
279 34 33.256 25.855 19.581 C
280 34 32.225 26.823 19.449 O
281 34 34.611 26.572 19.620 C
282 35 32.319 25.897 16.523 N
283 35 32.402 26.640 15.303 C
284 35 32.560 28.114 15.600 C
285 35 32.758 28.908 14.708 O
286 35 31.226 26.427 14.398 C
287 35 31.223 24.997 13.921 C
288 35 30.256 24.707 12.788 C
289 35 30.323 23.223 12.484 C
290 35 29.204 22.757 11.651 N
291 36 32.498 28.472 16.857 N
292 36 32.689 29.851 17.239 C
293 36 34.149 30.296 17.114 C
294 36 35.110 29.569 17.379 O
295 36 32.108 30.147 18.630 C
296 36 32.875 31.145 19.307 O
297 37 34.328 31.559 16.767 N
298 37 35.637 32.139 16.571 C
299 37 36.407 32.341 17.833 C
300 37 37.613 32.592 17.812 O
301 37 35.389 33.505 15.964 C
302 37 33.935 33.559 15.568 C
303 37 33.270 32.300 16.057 C
304 38 35.719 32.248 18.943 N
305 38 36.381 32.486 20.212 C
306 38 37.189 31.345 20.784 C
307 38 36.643 30.306 21.104 O
308 38 35.349 32.929 21.285 C
309 38 36.057 33.020 22.541 O
310 39 38.461 31.588 21.005 N
311 39 39.311 30.600 21.613 C
312 39 38.816 30.337 23.033 C
313 39 39.050 29.281 23.630 O
314 39 40.783 31.084 21.644 C
315 39 41.728 30.067 22.263 C
316 39 41.644 28.737 21.535 C
317 39 43.163 30.564 22.311 C
318 40 38.152 31.294 23.638 N
319 40 37.717 31.047 25.008 C
320 40 36.537 30.138 25.016 C
321 40 36.399 29.305 25.908 O
322 40 37.353 32.327 25.786 C
323 40 38.606 32.978 26.344 C
324 40 39.455 32.324 26.999 O
325 40 38.777 34.258 26.010 N
326 41 35.683 30.340 24.026 N
327 41 34.522 29.473 23.897 C
328 41 35.018 28.015 23.635 C
329 41 34.427 27.043 24.087 O
330 41 33.547 29.969 22.837 C
331 42 36.143 27.856 22.908 N
332 42 36.727 26.537 22.619 C
333 42 37.337 25.905 23.867 C
334 42 37.170 24.690 24.119 O
335 42 37.798 26.625 21.514 C
336 43 38.023 26.719 24.680 N
337 43 38.627 26.187 25.919 C
338 43 37.532 25.739 26.892 C
339 43 37.653 24.759 27.581 O
340 43 39.520 27.203 26.625 C
341 43 40.908 27.325 26.003 C
342 43 41.644 28.601 26.416 C
343 43 43.158 28.494 26.241 C
344 43 43.929 29.049 27.383 N
345 44 36.449 26.472 26.898 N
346 44 35.360 26.122 27.758 C
347 44 34.686 24.810 27.327 C
348 44 34.330 23.992 28.156 O
349 44 34.386 27.292 27.904 C
350 44 33.155 26.832 28.394 O
351 45 34.567 24.557 26.029 N
352 45 33.970 23.313 25.527 C
353 45 34.946 22.207 25.845 C
354 45 34.566 21.097 26.217 O
355 45 33.745 23.337 24.001 C
356 45 32.559 24.216 23.580 C
357 45 31.279 23.649 24.112 C
358 45 31.002 22.494 23.989 O
359 45 30.453 24.519 24.622 O
360 46 36.232 22.510 25.697 N
361 46 37.226 21.494 25.977 C
362 46 37.173 20.993 27.432 C
363 46 37.207 19.803 27.707 O
364 46 38.632 22.000 25.635 C
365 46 39.707 20.964 25.957 C
366 46 39.446 19.714 25.144 C
367 46 41.064 21.535 25.550 C
368 47 37.127 21.928 28.375 N
369 47 37.097 21.582 29.803 C
370 47 35.883 20.771 30.150 C
371 47 35.923 19.795 30.906 O
372 47 37.121 22.866 30.641 C
373 47 38.455 23.532 30.648 C
374 47 39.496 23.030 30.220 O
375 47 38.351 24.712 31.162 O
376 48 34.777 21.173 29.534 N
377 48 33.514 20.473 29.706 C
378 48 33.573 19.032 29.120 C
379 48 33.072 18.057 29.680 O
380 48 32.433 21.332 29.005 C
381 48 31.128 20.645 28.698 C
382 48 30.007 21.626 28.396 C
383 48 30.042 22.243 27.014 C
384 48 29.413 21.403 26.018 N
385 49 34.233 18.884 27.972 N
386 49 34.303 17.567 27.363 C
387 49 35.181 16.613 28.141 C
388 49 34.911 15.443 28.138 O
389 49 34.797 17.701 25.915 C
390 50 36.290 17.124 28.729 N
391 50 37.279 16.354 29.508 C
392 50 36.970 16.189 31.029 C
393 50 37.371 15.209 31.705 O
394 50 38.694 16.969 29.282 C
395 50 39.052 16.834 27.793 C
396 50 39.790 16.323 30.143 C
397 50 39.087 15.379 27.322 C
398 51 36.245 17.149 31.562 N
399 51 35.880 17.129 32.976 C
400 51 37.007 17.640 33.883 C
401 51 37.181 17.175 35.008 O
402 52 37.802 18.576 33.372 N
403 52 38.882 19.168 34.138 C
404 52 39.294 20.461 33.497 C
405 52 38.862 20.727 32.370 O
406 52 40.075 18.259 34.363 C
407 52 41.004 18.132 33.157 C
408 52 42.092 17.127 33.436 C
409 52 43.001 16.929 32.338 N
410 52 43.923 17.787 31.982 C
411 52 44.072 18.930 32.586 N
412 52 44.700 17.499 30.957 N
413 53 40.077 21.268 34.238 N
414 53 40.560 22.555 33.738 C
415 53 41.754 22.262 32.930 C
416 53 42.773 21.871 33.478 O
417 53 41.003 23.466 34.889 C
418 53 40.286 24.786 34.733 C
419 53 39.089 24.851 35.093 O
420 53 40.951 25.780 34.071 N
421 54 41.624 22.350 31.632 N
422 54 42.736 21.893 30.824 C
423 54 43.678 22.955 30.358 C
424 54 44.754 22.605 29.896 O
425 54 42.239 21.188 29.516 C
426 54 41.576 22.116 28.673 O
427 54 41.359 19.975 29.818 C
428 55 43.252 24.211 30.351 N
429 55 44.068 25.255 29.759 C
430 55 44.464 24.957 28.267 C
431 55 45.551 25.335 27.796 O
432 55 45.297 25.645 30.631 C
433 55 45.763 27.089 30.386 C
434 55 45.008 27.941 29.868 O
435 55 47.002 27.376 30.767 N
436 56 43.595 24.255 27.521 N
437 56 43.815 23.970 26.080 C
438 56 44.745 22.835 25.733 C
439 56 45.080 22.623 24.577 O
440 57 45.161 22.070 26.701 N
441 57 46.036 20.959 26.390 C
442 57 45.526 19.683 27.064 C
443 57 45.084 19.728 28.189 O
444 57 47.446 21.251 26.885 C
445 57 48.303 20.008 26.821 C
446 57 48.051 22.334 26.017 C
447 58 45.583 18.541 26.363 N
448 58 45.100 17.255 26.878 C
449 58 46.206 16.234 26.685 C
450 58 47.218 16.521 26.027 O
451 58 43.769 16.794 26.204 C
452 58 43.919 16.538 24.679 C
453 58 42.652 17.812 26.466 C
454 58 42.741 15.745 24.053 C
455 59 46.042 15.064 27.298 N
456 59 46.998 14.008 27.175 C
457 59 46.550 13.062 26.058 C
458 59 45.382 13.071 25.611 O
459 59 47.056 13.195 28.514 C
460 59 45.833 12.484 28.741 O
461 59 47.318 14.134 29.683 C
462 60 47.459 12.159 25.688 N
463 60 47.170 11.151 24.673 C
464 60 45.934 10.301 25.009 C
465 60 45.054 10.122 24.158 O
466 60 48.388 10.290 24.330 C
467 60 48.205 9.505 23.047 C
468 60 49.464 8.731 22.711 C
469 60 49.273 7.718 21.587 C
470 60 49.854 8.180 20.309 N
471 61 45.861 9.832 26.284 N
472 61 44.738 9.042 26.815 C
473 61 43.397 9.773 26.698 C
474 61 42.392 9.161 26.376 O
475 61 44.904 8.765 28.305 C
476 61 45.946 7.737 28.577 C
477 61 46.473 7.237 27.484 O
478 61 46.280 7.419 29.702 O
479 62 43.402 11.093 27.023 N
480 62 42.191 11.889 26.931 C
481 62 41.800 12.018 25.419 C
482 62 40.627 11.938 25.087 O
483 62 42.409 13.259 27.532 C
484 62 42.480 13.142 29.055 C
485 62 42.956 14.399 29.724 C
486 62 43.674 15.222 29.173 O
487 62 42.540 14.503 30.956 O
488 63 42.804 12.210 24.520 N
489 63 42.531 12.301 23.072 C
490 63 41.884 11.019 22.589 C
491 63 40.899 11.027 21.826 O
492 63 43.812 12.552 22.274 C
493 64 42.468 9.896 23.012 N
494 64 41.930 8.610 22.627 C
495 64 40.550 8.358 23.180 C
496 64 39.718 7.712 22.561 O
497 64 42.890 7.466 22.896 C
498 64 43.984 7.519 21.834 C
499 64 45.146 6.692 22.263 C
500 64 45.183 6.118 23.355 O
501 64 46.098 6.677 21.374 O
502 65 40.287 8.890 24.338 N
503 65 38.970 8.720 24.919 C
504 65 37.905 9.482 24.110 C
505 65 36.867 8.922 23.765 O
506 65 38.985 9.192 26.360 C
507 65 37.622 8.986 26.926 C
508 65 37.575 8.991 28.448 C
509 65 36.436 8.085 28.932 C
510 65 36.113 8.290 30.348 N
511 66 38.180 10.755 23.729 N
512 66 37.241 11.515 22.898 C
513 66 37.063 10.788 21.562 C
514 66 35.969 10.694 21.014 O
515 66 37.799 12.918 22.549 C
516 66 37.939 13.841 23.765 C
517 66 38.500 15.221 23.356 C
518 66 36.580 14.013 24.424 C
519 67 38.162 10.236 21.073 N
520 67 38.100 9.516 19.787 C
521 67 37.169 8.320 19.852 C
522 67 36.306 8.125 18.967 O
523 67 39.521 9.121 19.425 C
524 67 39.697 8.503 18.043 C
525 67 38.987 8.981 16.939 C
526 67 40.636 7.492 17.852 C
527 67 39.171 8.454 15.652 C
528 67 40.847 6.953 16.584 C
529 67 40.101 7.432 15.503 C
530 68 37.315 7.455 20.877 N
531 68 36.422 6.313 21.001 C
532 68 34.966 6.776 21.074 C
533 68 34.034 6.185 20.523 O
534 68 36.769 5.569 22.304 C
535 68 37.988 4.679 22.200 C
536 68 38.157 4.018 21.200 O
537 68 38.842 4.618 23.260 N
538 69 34.696 7.865 21.789 N
539 69 33.314 8.347 21.894 C
540 69 32.803 8.825 20.564 C
541 69 31.654 8.612 20.249 O
542 69 33.141 9.558 22.882 C
543 69 33.503 9.121 24.334 C
544 69 33.650 10.238 25.364 C
545 69 33.737 9.932 26.546 O
546 69 33.722 11.504 24.943 N
547 70 33.665 9.525 19.821 N
548 70 33.254 10.064 18.533 C
549 70 32.978 8.972 17.466 C
550 70 32.041 9.082 16.696 O
551 70 34.298 11.044 17.999 C
552 70 34.343 12.304 18.795 C
553 70 33.499 12.641 19.576 O
554 70 35.419 12.953 18.597 O
555 71 33.774 7.908 17.456 N
556 71 33.537 6.810 16.533 C
557 71 32.227 6.120 16.892 C
558 71 31.339 5.867 16.074 O
559 71 34.694 5.799 16.546 C
560 71 34.337 4.584 15.696 C
561 71 35.945 6.450 15.952 C
562 72 32.076 5.851 18.170 N
563 72 30.845 5.218 18.665 C
564 72 29.649 6.065 18.283 C
565 72 28.620 5.586 17.773 O
566 72 30.935 4.987 20.208 C
567 72 29.843 4.122 20.833 C
568 72 29.743 2.909 20.351 O
569 72 29.159 4.505 21.736 O
570 73 29.756 7.356 18.472 N
571 73 28.624 8.188 18.095 C
572 73 28.344 8.158 16.597 C
573 73 27.189 8.147 16.216 O
574 73 28.831 9.661 18.453 C
575 73 28.935 9.706 19.840 O
576 74 29.400 8.210 15.753 N
577 74 29.200 8.191 14.322 C
578 74 28.428 6.918 13.950 C
579 74 27.414 6.954 13.250 O
580 74 30.528 8.266 13.584 C
581 75 28.923 5.769 14.425 N
582 75 28.218 4.508 14.120 C
583 75 26.740 4.547 14.563 C
584 75 25.824 4.259 13.776 O
585 75 28.957 3.298 14.704 C
586 75 28.148 1.996 14.480 C
587 75 30.324 3.191 14.048 C
588 76 26.494 4.912 15.839 N
589 76 25.120 4.976 16.361 C
590 76 24.237 5.984 15.571 C
591 76 23.037 5.759 15.293 O
592 76 25.085 5.140 17.895 C
593 76 25.079 3.756 18.591 C
594 76 25.170 3.820 20.140 C
595 76 26.251 4.692 20.630 N
596 76 26.124 6.016 20.881 C
597 76 24.955 6.653 20.724 N
598 76 27.201 6.734 21.297 N
599 77 24.828 7.109 15.143 N
600 77 24.091 8.077 14.334 C
601 77 23.686 7.451 12.974 C
602 77 22.585 7.620 12.503 O
603 78 24.611 6.755 12.306 N
604 78 24.297 6.067 11.058 C
605 78 23.125 5.096 11.277 C
606 78 22.191 5.054 10.488 O
607 78 25.519 5.220 10.593 C
608 78 26.546 6.143 9.917 C
609 78 25.064 4.176 9.548 C
610 78 27.939 5.566 9.800 C
611 79 23.193 4.300 12.355 N
612 79 22.182 3.276 12.622 C
613 79 20.846 3.846 12.951 C
614 79 19.869 3.154 12.806 O
615 79 22.582 2.156 13.625 C
616 79 23.902 1.434 13.320 C
617 79 24.302 0.590 14.526 C
618 79 23.769 0.530 12.103 C
619 80 20.822 5.101 13.371 N
620 80 19.579 5.787 13.729 C
621 80 19.008 6.569 12.561 C
622 80 17.894 7.077 12.617 O
623 80 19.931 6.835 14.800 C
624 80 19.865 6.273 16.212 C
625 80 19.641 7.409 17.234 C
626 80 20.920 7.887 17.733 N
627 80 21.571 8.996 17.367 C
628 80 21.097 9.910 16.473 N
629 80 22.754 9.186 17.947 N
630 81 19.814 6.754 11.527 N
631 81 19.378 7.551 10.466 C
632 81 18.616 6.728 9.423 C
633 81 19.132 5.737 8.886 O
634 81 20.599 8.316 9.914 C
635 81 20.243 9.374 8.903 C
636 81 19.859 9.108 7.787 O
637 81 20.429 10.610 9.259 N
638 82 17.377 7.135 9.105 N
639 82 16.591 6.391 8.101 C
640 82 17.236 6.381 6.718 C
641 82 16.985 5.499 5.920 O
642 82 15.212 6.997 7.990 C
643 83 18.056 7.385 6.387 N
644 83 18.719 7.420 5.102 C
645 83 20.019 6.688 5.080 C
646 83 20.416 6.180 4.064 O
647 83 19.097 8.800 4.678 C
648 83 17.957 9.522 4.047 C
649 83 17.305 10.422 5.067 C
650 83 16.457 11.486 4.370 C
651 83 17.224 12.157 3.298 N
652 84 20.729 6.705 6.168 N
653 84 22.022 6.067 6.158 C
654 84 21.976 4.584 6.472 C
655 84 22.779 3.790 5.981 O
656 84 22.939 6.790 7.158 C
657 84 23.139 8.240 6.760 C
658 84 24.023 8.951 7.777 C
659 84 23.788 8.306 5.386 C
660 85 21.115 4.234 7.397 N
661 85 21.064 2.883 7.839 C
662 85 20.991 1.837 6.717 C
663 85 21.688 0.819 6.754 O
664 85 20.001 2.677 8.909 C
665 85 19.995 1.244 9.375 C
666 85 18.971 0.997 10.470 C
667 85 19.384 -0.216 11.268 C
668 85 19.299 -1.435 10.458 N
669 86 20.104 2.024 5.763 N
670 86 19.951 1.045 4.730 C
671 86 21.194 0.946 3.867 C
672 86 21.528 -0.130 3.361 O
673 86 18.753 1.474 3.885 C
674 86 18.226 2.765 4.490 C
675 86 19.091 3.089 5.684 C
676 87 21.885 2.057 3.703 N
677 87 23.127 2.011 2.915 C
678 87 24.189 1.181 3.679 C
679 87 24.837 0.278 3.179 O
680 87 23.647 3.427 2.621 C
681 87 24.945 3.375 1.767 C
682 87 22.523 4.242 1.958 C
683 88 24.380 1.514 4.958 N
684 88 25.319 0.829 5.820 C
685 88 25.045 -0.661 5.813 C
686 88 25.965 -1.470 5.653 O
687 88 25.193 1.415 7.251 C
688 88 26.282 0.926 8.172 C
689 88 27.484 1.620 8.274 C
690 88 26.079 -0.195 8.970 C
691 88 28.459 1.223 9.193 C
692 88 27.075 -0.643 9.837 C
693 88 28.261 0.082 9.969 C
694 88 29.245 -0.351 10.822 O
695 89 23.751 -1.034 5.986 N
696 89 23.376 -2.456 6.059 C
697 89 23.715 -3.182 4.802 C
698 89 24.027 -4.344 4.824 O
699 89 21.863 -2.672 6.330 C
700 89 21.440 -2.461 7.751 C
701 89 22.422 -2.425 8.604 O
702 89 20.313 -2.275 8.047 O
703 90 23.661 -2.484 3.683 N
704 90 23.966 -3.122 2.394 C
705 90 25.449 -3.326 2.068 C
706 90 25.804 -4.123 1.195 O
707 90 23.291 -2.322 1.289 C
708 90 24.104 -1.195 1.011 O
709 91 26.369 -2.622 2.744 N
710 91 27.778 -2.657 2.433 C
711 91 28.569 -3.743 3.109 C
712 91 28.127 -4.222 4.124 O
713 91 28.393 -1.297 2.838 C
714 91 27.843 -0.043 2.074 C
715 91 28.362 1.250 2.731 C
716 91 28.343 -0.045 0.622 C
717 92 29.736 -4.097 2.551 N
718 92 30.663 -5.026 3.142 C
719 92 31.456 -4.287 4.228 C
720 92 31.319 -3.079 4.373 O
721 92 31.650 -5.561 2.098 C
722 92 32.333 -4.409 1.428 C
723 92 31.624 -3.855 0.459 O
724 92 33.379 -3.965 1.845 O
725 93 32.298 -4.979 5.027 N
726 93 32.991 -4.334 6.159 C
727 93 33.886 -3.150 5.849 C
728 93 33.908 -2.133 6.576 O
729 93 33.635 -5.321 7.128 C
730 94 34.623 -3.286 4.763 N
731 94 35.529 -2.218 4.374 C
732 94 34.775 -0.988 3.986 C
733 94 35.117 0.123 4.365 O
734 94 36.570 -2.657 3.302 C
735 94 37.527 -1.516 2.891 C
736 94 37.434 -3.773 3.886 C
737 95 33.768 -1.150 3.158 N
738 95 33.042 0.034 2.710 C
739 95 32.263 0.701 3.820 C
740 95 32.000 1.890 3.798 O
741 95 32.192 -0.278 1.475 C
742 95 33.036 -0.737 0.280 C
743 95 32.096 -1.008 -0.904 C
744 95 32.790 -1.066 -2.180 N
745 95 33.187 -2.209 -2.711 C
746 95 32.993 -3.358 -2.043 N
747 95 33.814 -2.193 -3.912 N
748 96 31.840 -0.066 4.805 N
749 96 31.137 0.483 5.997 C
750 96 32.081 1.479 6.706 C
751 96 31.664 2.575 7.094 O
752 96 30.771 -0.622 6.986 C
753 96 29.556 -1.369 6.528 C
754 96 29.180 -2.502 7.522 C
755 96 27.939 -3.135 7.058 N
756 96 27.405 -4.250 7.481 C
757 96 27.948 -4.923 8.479 N
758 96 26.288 -4.705 6.876 N
759 97 33.356 1.098 6.818 N
760 97 34.364 1.997 7.396 C
761 97 34.446 3.317 6.602 C
762 97 34.587 4.390 7.157 O
763 97 35.735 1.286 7.407 C
764 98 34.364 3.266 5.270 N
765 98 34.398 4.496 4.480 C
766 98 33.203 5.375 4.802 C
767 98 33.282 6.592 4.823 O
768 98 34.366 4.213 2.954 C
769 99 32.045 4.763 4.965 N
770 99 30.888 5.562 5.280 C
771 99 31.016 6.180 6.674 C
772 99 30.598 7.340 6.902 O
773 99 29.578 4.711 5.201 C
774 99 28.297 5.516 5.362 C
775 99 28.072 6.372 4.136 C
776 99 27.156 4.487 5.429 C
777 100 31.598 5.425 7.605 N
778 100 31.754 5.966 8.961 C
779 100 32.682 7.164 8.910 C
780 100 32.458 8.223 9.520 O
781 100 32.256 4.890 9.938 C
782 100 31.272 3.684 10.066 C
783 100 32.663 5.522 11.295 C
784 100 31.916 2.510 10.854 C
785 101 33.724 7.031 8.116 N
786 101 34.725 8.117 7.960 C
787 101 34.046 9.402 7.496 C
788 101 34.238 10.476 8.070 O
789 101 35.802 7.671 6.952 C
790 101 37.030 8.541 6.847 C
791 101 36.944 9.761 6.659 O
792 101 38.187 7.920 6.931 N
793 102 33.213 9.309 6.445 N
794 102 32.527 10.502 5.952 C
795 102 31.648 11.107 7.034 C
796 102 31.559 12.319 7.144 O
797 102 31.588 10.200 4.729 C
798 102 32.385 9.892 3.445 C
799 102 31.225 9.585 2.106 S
800 102 30.701 11.270 1.793 C
801 103 30.932 10.238 7.788 N
802 103 30.021 10.746 8.849 C
803 103 30.832 11.437 9.960 C
804 103 30.477 12.512 10.440 O
805 103 29.094 9.650 9.415 C
806 103 28.303 10.186 10.634 C
807 103 28.044 9.296 8.365 C
808 104 31.972 10.857 10.305 N
809 104 32.816 11.413 11.340 C
810 104 33.279 12.816 10.933 C
811 104 33.305 13.750 11.716 O
812 104 34.023 10.495 11.495 C
813 104 35.007 10.925 12.597 C
814 104 35.960 11.927 12.351 C
815 104 34.961 10.289 13.848 C
816 104 36.858 12.325 13.352 C
817 104 35.891 10.644 14.832 C
818 104 36.804 11.683 14.593 C
819 105 33.606 12.995 9.651 N
820 105 34.085 14.274 9.082 C
821 105 33.024 15.323 8.911 C
822 105 33.178 16.473 9.240 O
823 105 34.842 14.068 7.725 C
824 105 35.379 15.393 7.158 C
825 105 36.087 15.271 5.824 C
826 105 36.194 14.185 5.256 O
827 105 36.682 16.380 5.357 N
828 106 31.951 14.973 8.272 N
829 106 30.960 15.960 7.969 C
830 106 29.630 15.842 8.658 C
831 106 28.740 16.614 8.381 O
832 106 30.854 16.163 6.443 C
833 106 30.537 14.999 5.577 C
834 106 30.964 15.380 3.827 S
835 106 32.044 13.997 3.448 C
836 107 29.468 14.875 9.541 N
837 107 28.225 14.760 10.228 C
838 107 27.196 14.026 9.402 C
839 107 27.238 14.004 8.192 O
840 108 26.240 13.443 10.116 N
841 108 25.188 12.643 9.565 C
842 108 24.291 13.411 8.590 C
843 108 23.902 12.933 7.512 O
844 108 24.529 11.882 10.725 C
845 108 23.187 11.266 10.425 C
846 108 22.390 11.190 11.705 C
847 108 23.165 11.108 12.753 O
848 108 21.167 11.202 11.752 O
849 109 24.014 14.661 8.933 N
850 109 23.206 15.469 8.087 C
851 109 23.859 15.714 6.747 C
852 109 23.205 15.569 5.704 O
853 109 22.845 16.796 8.772 C
854 109 22.275 16.443 9.990 O
855 109 21.812 17.472 7.888 C
856 110 25.148 16.062 6.794 N
857 110 25.871 16.329 5.576 C
858 110 25.903 15.103 4.654 C
859 110 25.601 15.188 3.482 O
860 111 26.270 13.941 5.195 N
861 111 26.338 12.738 4.399 C
862 111 24.981 12.336 3.824 C
863 111 24.863 11.952 2.658 O
864 111 26.988 11.615 5.193 C
865 111 27.083 10.341 4.335 C
866 111 28.390 12.075 5.628 C
867 112 23.950 12.445 4.645 N
868 112 22.595 12.082 4.225 C
869 112 22.197 12.929 3.042 C
870 112 21.334 12.509 2.264 O
871 112 21.592 12.264 5.372 C
872 113 22.870 14.099 2.905 N
873 113 22.643 14.975 1.765 C
874 113 23.192 14.454 0.412 C
875 113 22.860 14.972 -0.650 O
876 114 24.050 13.437 0.430 N
877 114 24.610 12.889 -0.799 C
878 114 23.630 11.878 -1.367 C
879 114 23.982 10.723 -1.635 O
880 114 25.973 12.205 -0.566 C
881 114 27.167 13.129 -0.358 C
882 114 27.147 14.145 0.599 C
883 114 28.306 13.035 -1.144 C
884 114 28.235 14.989 0.793 C
885 114 29.395 13.895 -0.991 C
886 114 29.363 14.875 0.000 C
887 115 22.406 12.305 -1.569 N
888 115 21.323 11.429 -2.055 C
889 115 21.640 10.501 -3.202 C
890 115 21.363 9.317 -3.157 O
891 115 20.099 12.242 -2.466 C
892 115 19.663 13.053 -1.391 O
893 115 19.009 11.269 -2.818 C
894 116 22.167 11.046 -4.286 N
895 116 22.491 10.241 -5.468 C
896 116 23.633 9.230 -5.254 C
897 116 23.594 8.074 -5.732 O
898 116 22.695 11.123 -6.758 C
899 116 21.502 12.058 -6.995 C
900 116 20.346 11.655 -6.812 O
901 116 21.761 13.322 -7.345 N
902 117 24.692 9.680 -4.577 N
903 117 25.820 8.781 -4.310 C
904 117 25.390 7.625 -3.403 C
905 117 25.840 6.499 -3.583 O
906 117 26.952 9.490 -3.599 C
907 117 27.332 10.635 -4.317 O
908 118 24.517 7.918 -2.428 N
909 118 24.006 6.881 -1.501 C
910 118 23.247 5.818 -2.261 C
911 118 23.356 4.625 -2.007 O
912 118 23.099 7.438 -0.350 C
913 118 23.866 8.369 0.630 C
914 118 22.900 8.984 1.644 C
915 118 24.994 7.630 1.377 C
916 119 22.447 6.271 -3.204 N
917 119 21.647 5.327 -4.004 C
918 119 22.562 4.469 -4.843 C
919 119 22.348 3.245 -4.976 O
920 119 20.633 6.086 -4.855 C
921 119 19.811 5.206 -5.784 C
922 119 19.002 6.081 -6.748 C
923 119 19.778 6.379 -7.960 N
924 119 20.411 7.543 -8.238 C
925 119 20.351 8.639 -7.442 N
926 119 21.090 7.618 -9.397 N
927 120 23.637 5.108 -5.367 N
928 120 24.568 4.350 -6.168 C
929 120 25.316 3.334 -5.336 C
930 120 25.609 2.230 -5.788 O
931 120 25.590 5.215 -7.001 C
932 120 24.908 5.915 -8.181 C
933 120 25.939 7.249 -8.775 S
934 120 24.720 8.476 -9.255 C
935 121 25.709 3.715 -4.114 N
936 121 26.421 2.733 -3.282 C
937 121 25.492 1.542 -2.958 C
938 121 25.850 0.391 -2.977 O
939 121 26.924 3.388 -1.983 C
940 121 28.059 4.394 -2.216 C
941 121 28.184 5.293 -0.957 C
942 121 29.377 3.691 -2.495 C
943 122 24.258 1.850 -2.632 N
944 122 23.339 0.820 -2.289 C
945 122 23.145 -0.167 -3.441 C
946 122 22.926 -1.376 -3.274 O
947 122 22.004 1.459 -1.821 C
948 122 21.086 0.378 -1.295 C
949 122 20.045 0.932 -0.369 C
950 122 19.930 2.161 -0.196 O
951 122 19.274 -0.002 0.225 N
952 123 23.250 0.346 -4.637 N
953 123 23.075 -0.481 -5.809 C
954 123 24.345 -1.144 -6.214 C
955 123 24.308 -1.882 -7.177 O
956 123 22.610 0.352 -6.999 C
957 123 21.172 0.830 -6.863 C
958 123 20.762 1.665 -8.072 C
959 123 20.104 1.149 -8.981 O
960 123 21.214 2.918 -8.131 N
961 124 25.462 -0.855 -5.529 N
962 124 26.741 -1.466 -5.840 C
963 124 27.352 -1.111 -7.187 C
964 124 28.143 -1.878 -7.778 O
965 124 26.826 -2.950 -5.570 C
966 124 26.216 -3.300 -4.199 C
967 124 26.656 -4.662 -3.674 C
968 124 26.088 -4.921 -2.254 C
969 124 26.878 -4.282 -1.245 N
970 125 27.040 0.120 -7.623 N
971 125 27.624 0.714 -8.851 C
972 125 28.806 1.566 -8.399 C
973 125 28.701 2.819 -8.262 O
974 125 26.548 1.549 -9.519 C
975 125 25.352 0.685 -9.939 C
976 125 24.202 1.586 -10.308 C
977 125 23.523 1.342 -11.591 N
978 125 22.554 0.403 -11.763 C
979 125 22.173 -0.432 -10.779 N
980 125 21.968 0.272 -12.956 N
981 126 29.908 0.841 -8.075 N
982 126 31.086 1.448 -7.475 C
983 126 31.718 2.587 -8.244 C
984 126 32.011 3.664 -7.688 O
985 126 32.121 0.417 -7.014 C
986 126 31.525 -0.750 -6.274 C
987 126 31.716 -2.064 -6.597 C
988 126 30.716 -0.727 -5.096 C
989 126 31.022 -2.855 -5.722 N
990 126 30.417 -2.057 -4.774 C
991 126 30.205 0.292 -4.294 C
992 126 29.671 -2.397 -3.636 C
993 126 29.414 -0.025 -3.197 C
994 126 29.165 -1.374 -2.861 C
995 127 31.964 2.320 -9.529 N
996 127 32.557 3.312 -10.410 C
997 127 31.694 4.540 -10.552 C
998 127 32.189 5.663 -10.485 O
999 127 32.975 2.696 -11.774 C
1000 127 34.211 1.870 -11.615 C
1001 127 34.537 1.324 -10.610 O
1002 127 34.898 1.738 -12.675 O
1003 128 30.389 4.344 -10.718 N
1004 128 29.518 5.480 -10.820 C
1005 128 29.431 6.272 -9.537 C
1006 128 29.341 7.502 -9.580 O
1007 128 28.135 5.073 -11.304 C
1008 128 28.373 4.196 -12.569 C
1009 128 27.159 3.403 -12.977 C
1010 128 26.051 4.124 -12.998 O
1011 128 27.224 2.224 -13.301 O
1012 129 29.416 5.563 -8.389 N
1013 129 29.327 6.302 -7.107 C
1014 129 30.614 7.146 -6.909 C
1015 129 30.561 8.276 -6.401 O
1016 129 29.215 5.301 -5.945 C
1017 130 31.752 6.584 -7.281 N
1018 130 33.012 7.302 -7.109 C
1019 130 33.037 8.590 -7.925 C
1020 130 33.516 9.639 -7.479 O
1021 130 34.166 6.405 -7.455 C
1022 131 32.492 8.541 -9.142 N
1023 131 32.451 9.747 -9.952 C
1024 131 31.515 10.769 -9.307 C
1025 131 31.750 11.932 -9.316 O
1026 131 32.042 9.464 -11.435 C
1027 131 31.773 10.775 -12.165 C
1028 131 33.134 8.686 -12.151 C
1029 132 30.361 10.350 -8.839 N
1030 132 29.399 11.276 -8.256 C
1031 132 29.914 11.861 -6.921 C
1032 132 29.731 13.037 -6.586 O
1033 132 28.064 10.535 -8.030 C
1034 132 26.955 11.449 -7.545 C
1035 132 26.716 11.596 -6.344 O
1036 132 26.301 12.150 -8.475 N
1037 133 30.577 11.010 -6.125 N
1038 133 31.099 11.506 -4.849 C
1039 133 32.076 12.663 -5.056 C
1040 133 32.185 13.509 -4.190 O
1041 133 31.839 10.358 -4.066 C
1042 133 30.877 9.376 -3.322 C
1043 133 31.628 8.107 -2.906 C
1044 133 30.205 10.046 -2.138 C
1045 134 32.840 12.651 -6.168 N
1046 134 33.884 13.673 -6.426 C
1047 134 33.305 15.021 -6.847 C
1048 134 33.992 16.038 -6.859 O
1049 134 34.921 13.126 -7.441 C
1050 135 32.036 15.042 -7.213 N
1051 135 31.432 16.331 -7.594 C
1052 135 30.834 16.958 -6.353 C
1053 135 29.614 16.948 -6.145 O
1054 135 30.270 16.155 -8.593 C
1055 135 30.776 15.417 -9.812 C
1056 135 29.632 15.178 -10.788 C
1057 135 30.155 14.870 -12.184 C
1058 135 29.435 13.738 -12.802 N
1059 136 31.685 17.389 -5.468 N
1060 136 31.185 17.887 -4.208 C
1061 136 32.166 18.904 -3.628 C
1062 136 33.353 18.845 -3.923 O
1063 136 31.078 16.691 -3.232 C
1064 136 32.396 16.103 -3.078 O
1065 137 31.679 19.796 -2.796 N
1066 137 32.602 20.721 -2.134 C
1067 137 33.630 19.929 -1.322 C
1068 137 34.811 20.262 -1.199 O
1069 137 31.796 21.517 -1.090 C
1070 137 32.722 22.506 -0.340 C
1071 137 31.973 23.396 0.639 C
1072 137 32.803 24.459 1.177 N
1073 137 33.593 24.304 2.224 C
1074 137 33.666 23.162 2.891 N
1075 137 34.319 25.334 2.649 N
1076 138 33.156 18.802 -0.738 N
1077 138 33.983 17.882 0.059 C
1078 138 35.250 17.510 -0.675 C
1079 138 36.368 17.642 -0.165 O
1080 138 33.155 16.589 0.390 C
1081 138 33.954 15.485 1.046 C
1082 138 34.649 15.542 2.233 C
1083 138 34.052 14.145 0.558 C
1084 138 35.251 14.317 2.502 N
1085 138 34.849 13.408 1.500 C
1086 138 33.507 13.513 -0.576 C
1087 138 35.104 12.029 1.327 C
1088 138 33.802 12.172 -0.740 C
1089 138 34.570 11.443 0.201 C
1090 139 35.058 17.034 -1.885 N
1091 139 36.184 16.584 -2.688 C
1092 139 37.069 17.747 -3.032 C
1093 139 38.289 17.628 -3.064 O
1094 139 35.656 16.020 -3.997 C
1095 139 36.753 15.549 -4.871 C
1096 139 37.256 14.260 -4.699 C
1097 139 37.230 16.344 -5.922 C
1098 139 38.276 13.730 -5.491 C
1099 139 38.246 15.823 -6.732 C
1100 139 38.758 14.532 -6.521 C
1101 139 39.742 14.019 -7.306 O
1102 140 36.457 18.874 -3.345 N
1103 140 37.252 20.056 -3.746 C
1104 140 38.060 20.689 -2.609 C
1105 140 39.175 21.168 -2.799 O
1106 140 36.317 21.103 -4.389 C
1107 140 36.022 20.739 -5.832 C
1108 140 34.948 20.221 -6.139 O
1109 140 37.030 20.861 -6.692 N
1110 141 37.515 20.662 -1.418 N
1111 141 38.161 21.262 -0.264 C
1112 141 39.244 20.369 0.354 C
1113 141 40.329 20.839 0.778 O
1114 141 37.104 21.648 0.816 C
1115 141 36.172 22.826 0.422 C
1116 141 36.878 24.027 -0.205 C
1117 141 36.664 24.399 -1.390 O
1118 141 37.783 24.599 0.560 N
1119 142 38.972 19.053 0.443 N
1120 142 39.941 18.120 0.989 C
1121 142 40.113 17.013 -0.002 C
1122 142 39.745 15.886 0.275 O
1123 142 39.530 17.529 2.409 C
1124 142 38.190 17.060 2.424 O
1125 142 39.580 18.606 3.505 C
1126 143 40.765 17.285 -1.112 N
1127 143 40.920 16.279 -2.176 C
1128 143 41.751 15.025 -1.816 C
1129 143 41.406 13.929 -2.239 O
1130 143 41.548 16.995 -3.373 C
1131 143 42.191 18.263 -2.773 C
1132 143 41.591 18.480 -1.388 C
1133 144 42.842 15.149 -1.045 N
1134 144 43.626 13.955 -0.750 C
1135 144 42.875 12.962 0.160 C
1136 144 42.876 11.738 -0.087 O
1137 144 44.971 14.351 -0.121 C
1138 144 45.866 15.059 -1.171 C
1139 144 45.837 14.743 -2.362 O
1140 144 46.670 15.993 -0.742 N
1141 145 42.187 13.508 1.165 N
1142 145 41.408 12.653 2.031 C
1143 145 40.179 12.043 1.282 C
1144 145 39.853 10.842 1.400 O
1145 145 40.924 13.423 3.247 C
1146 145 39.997 12.494 4.048 C
1147 145 39.370 13.179 5.188 C
1148 145 38.670 12.284 6.106 N
1149 145 38.622 12.685 7.354 C
1150 145 39.222 13.822 7.673 N
1151 145 37.977 11.970 8.275 N
1152 146 39.472 12.904 0.498 N
1153 146 38.317 12.494 -0.281 C
1154 146 38.724 11.329 -1.203 C
1155 146 38.042 10.313 -1.293 O
1156 146 37.666 13.656 -1.059 C
1157 147 39.861 11.468 -1.901 N
1158 147 40.340 10.423 -2.822 C
1159 147 40.539 9.082 -2.126 C
1160 147 40.220 8.030 -2.687 O
1161 147 41.622 10.809 -3.549 C
1162 147 41.363 11.776 -4.677 C
1163 147 42.649 12.310 -5.300 C
1164 147 42.348 13.536 -6.119 C
1165 147 43.381 14.553 -5.937 N
1166 148 41.118 9.142 -0.918 N
1167 148 41.352 7.930 -0.124 C
1168 148 40.028 7.264 0.208 C
1169 148 39.871 6.060 0.059 O
1170 148 42.141 8.182 1.164 C
1171 148 43.602 8.456 0.935 C
1172 148 44.404 8.378 2.236 C
1173 148 44.079 9.468 3.188 N
1174 148 44.676 10.672 3.188 C
1175 148 45.619 10.989 2.254 N
1176 148 44.284 11.580 4.050 N
1177 149 39.041 8.071 0.643 N
1178 149 37.745 7.479 0.978 C
1179 149 37.042 6.919 -0.265 C
1180 149 36.447 5.845 -0.250 O
1181 149 36.918 8.511 1.725 C
1182 149 35.489 8.008 1.955 C
1183 149 37.615 8.819 3.060 C
1184 150 37.066 7.719 -1.342 N
1185 150 36.429 7.328 -2.576 C
1186 150 37.050 6.022 -3.133 C
1187 150 36.360 5.167 -3.670 O
1188 150 36.499 8.480 -3.607 C
1189 150 35.560 9.634 -3.206 C
1190 150 36.109 7.923 -5.002 C
1191 150 35.747 10.901 -4.064 C
1192 151 38.384 5.894 -3.058 N
1193 151 39.038 4.699 -3.569 C
1194 151 38.601 3.513 -2.749 C
1195 151 38.485 2.418 -3.273 O
1196 151 40.548 4.825 -3.493 C
1197 151 40.940 5.776 -4.444 O
1198 151 41.265 3.497 -3.788 C
1199 152 38.363 3.730 -1.446 N
1200 152 37.920 2.645 -0.541 C
1201 152 36.498 2.180 -0.988 C
1202 152 36.190 0.987 -1.014 O
1203 152 37.933 3.118 0.961 C
1204 152 39.241 3.527 1.304 O
1205 152 37.632 1.936 1.871 C
1206 153 35.619 3.137 -1.358 N
1207 153 34.293 2.796 -1.823 C
1208 153 34.346 2.090 -3.169 C
1209 153 33.622 1.141 -3.452 O
1210 153 33.405 4.029 -1.980 C
1211 153 32.741 4.516 -0.717 C
1212 153 31.870 3.704 0.023 C
1213 153 32.892 5.839 -0.299 C
1214 153 31.206 4.189 1.159 C
1215 153 32.244 6.344 0.837 C
1216 153 31.396 5.508 1.573 C
1217 154 35.238 2.571 -4.018 N
1218 154 35.410 2.016 -5.360 C
1219 154 35.913 0.573 -5.374 C
1220 154 35.391 -0.281 -6.082 O
1221 154 36.318 2.881 -6.244 C
1222 154 36.040 2.672 -7.728 C
1223 154 36.988 3.444 -8.635 C
1224 154 38.289 3.657 -8.008 N
1225 154 39.378 2.863 -8.155 C
1226 154 39.371 1.756 -8.934 N
1227 154 40.519 3.197 -7.516 N
1228 155 36.921 0.305 -4.563 N
1229 155 37.575 -0.974 -4.534 C
1230 155 37.172 -1.927 -3.448 C
1231 155 37.383 -3.117 -3.586 O
1232 155 39.108 -0.818 -4.480 C
1233 155 39.477 -0.399 -3.163 O
1234 155 39.581 0.161 -5.555 C
1235 156 36.681 -1.454 -2.334 N
1236 156 36.373 -2.363 -1.258 C
1237 156 37.647 -2.918 -0.591 C
1238 156 37.628 -3.944 0.075 O
1239 157 38.781 -2.232 -0.750 N
1240 157 40.018 -2.667 -0.125 C
1241 157 40.608 -1.454 0.608 C
1242 157 40.151 -0.365 0.408 O
1243 157 41.053 -3.048 -1.186 C
1244 157 41.476 -1.855 -1.849 O
1245 157 40.461 -4.018 -2.183 C
1246 158 41.642 -1.673 1.397 N
1247 158 42.339 -0.638 2.144 C
1248 158 43.550 -0.146 1.362 C
1249 158 44.427 0.548 1.866 O
1250 158 42.880 -1.247 3.475 C
1251 158 41.799 -1.678 4.398 C
1252 158 41.566 -2.926 4.815 C
1253 158 40.885 -0.815 5.120 C
1254 158 40.503 -2.929 5.672 N
1255 158 40.084 -1.653 5.909 C
1256 158 40.709 0.576 5.208 C
1257 158 39.073 -1.148 6.757 C
1258 158 39.760 1.070 6.090 C
1259 158 38.916 0.217 6.814 C
1260 159 43.625 -0.475 0.107 N
1261 159 44.804 -0.047 -0.619 C
1262 159 45.218 1.436 -0.478 C
1263 159 46.396 1.746 -0.422 O
1264 159 44.657 -0.393 -2.100 C
1265 159 44.691 -1.885 -2.438 C
1266 159 45.175 -2.666 -1.501 O
1267 159 44.310 -2.323 -3.506 O
1268 160 44.287 2.378 -0.431 N
1269 160 44.607 3.814 -0.360 C
1270 160 45.276 4.154 0.947 C
1271 160 45.832 5.217 1.094 O
1272 160 43.360 4.727 -0.529 C
1273 161 45.168 3.260 1.917 N
1274 161 45.712 3.537 3.234 C
1275 161 46.957 2.770 3.494 C
1276 161 47.542 2.948 4.542 O
1277 161 44.714 3.316 4.406 C
1278 161 43.629 4.340 4.413 C
1279 161 42.501 4.152 3.600 C
1280 161 43.738 5.498 5.174 C
1281 161 41.495 5.120 3.557 C
1282 161 42.740 6.473 5.146 C
1283 161 41.616 6.277 4.340 C
1284 161 40.579 7.207 4.324 O
1285 162 47.355 1.941 2.543 N
1286 162 48.598 1.207 2.717 C
1287 162 49.706 1.837 1.892 C
1288 162 50.797 2.084 2.429 O
1289 162 48.472 -0.270 2.489 C
1290 162 47.402 -0.822 3.429 C
1291 162 46.980 -2.248 3.076 C
1292 162 47.013 -2.556 1.577 C
1293 162 45.895 -3.448 1.164 N
