1882
1 1 -0.769 25.488 87.359 N
2 1 0.300 24.640 86.711 C
3 1 -0.106 24.451 85.228 C
4 1 -1.151 24.957 84.794 O
5 1 0.442 23.281 87.456 C
6 1 0.786 23.384 88.996 C
7 1 0.315 22.137 89.823 C
8 1 0.500 22.349 91.340 C
9 1 -0.172 23.574 91.897 N
10 2 0.727 23.799 84.432 N
11 2 0.377 23.623 83.022 C
12 2 0.159 22.149 82.798 C
13 2 1.023 21.363 83.176 O
14 2 1.532 24.143 82.148 C
15 2 1.424 23.822 80.688 C
16 2 2.612 24.326 79.931 C
17 2 3.754 23.935 80.228 O
18 2 2.403 25.123 79.019 O
19 3 -0.987 21.769 82.238 N
20 3 -1.232 20.347 81.988 C
21 3 -0.354 19.847 80.845 C
22 3 0.205 20.663 80.067 O
23 3 -2.701 20.053 81.689 C
24 3 -3.159 20.773 80.572 O
25 4 -0.208 18.525 80.770 N
26 4 0.584 17.870 79.743 C
27 4 -0.020 18.148 78.338 C
28 4 0.706 18.323 77.363 O
29 4 0.681 16.384 80.024 C
30 5 -1.345 18.224 78.251 N
31 5 -2.015 18.526 76.993 C
32 5 -1.772 19.970 76.603 C
33 5 -1.642 20.271 75.405 O
34 5 -3.489 18.274 77.098 C
35 6 -1.714 20.876 77.585 N
36 6 -1.485 22.285 77.287 C
37 6 -0.017 22.471 76.889 C
38 6 0.287 23.261 75.981 O
39 6 -1.845 23.178 78.485 C
40 7 0.884 21.721 77.538 N
41 7 2.297 21.828 77.222 C
42 7 2.595 21.355 75.772 C
43 7 3.394 21.965 75.047 O
44 7 3.133 21.088 78.263 C
45 7 4.624 21.050 77.909 C
46 7 5.508 20.705 79.065 C
47 7 6.972 20.703 78.651 C
48 7 7.874 20.456 79.799 N
49 8 1.945 20.273 75.370 N
50 8 2.087 19.740 74.018 C
51 8 1.637 20.862 73.056 C
52 8 2.298 21.116 72.055 O
53 8 1.206 18.497 73.831 C
54 8 1.208 17.974 72.430 C
55 8 0.329 18.491 71.478 C
56 8 2.169 17.041 72.026 C
57 8 0.421 18.095 70.133 C
58 8 2.275 16.628 70.692 C
59 8 1.395 17.169 69.741 C
60 9 0.541 21.556 73.371 N
61 9 0.063 22.611 72.516 C
62 9 1.063 23.734 72.408 C
63 9 1.329 24.258 71.306 O
64 9 -1.261 23.151 73.018 C
65 9 -2.371 22.162 72.823 C
66 9 -3.739 22.727 73.173 C
67 9 -3.925 23.970 73.078 O
68 9 -4.619 21.925 73.543 O
69 10 1.645 24.089 73.542 N
70 10 2.606 25.161 73.555 C
71 10 3.850 24.843 72.752 C
72 10 4.374 25.677 71.987 O
73 10 3.031 25.496 74.989 C
74 10 4.158 26.536 75.048 C
75 10 4.476 27.008 76.471 C
76 10 4.701 25.913 77.404 N
77 10 5.841 25.245 77.559 C
78 10 6.893 25.534 76.834 N
79 10 5.945 24.298 78.491 N
80 11 4.352 23.646 72.947 N
81 11 5.584 23.279 72.275 C
82 11 5.465 22.847 70.828 C
83 11 6.439 22.959 70.085 O
84 11 6.258 22.124 73.003 C
85 11 6.532 22.345 74.475 C
86 11 7.401 21.214 75.003 C
87 11 6.983 20.049 75.029 O
88 11 8.617 21.539 75.375 N
89 12 4.292 22.383 70.422 N
90 12 4.197 21.821 69.092 C
91 12 3.126 22.340 68.177 C
92 12 3.121 22.015 67.011 O
93 12 4.048 20.292 69.218 C
94 12 5.132 19.634 70.020 C
95 12 6.431 19.520 69.572 N
96 12 5.113 19.069 71.253 C
97 12 7.163 18.919 70.494 C
98 12 6.388 18.632 71.521 N
99 13 2.224 23.162 68.650 N
100 13 1.174 23.568 67.752 C
101 13 1.321 24.961 67.188 C
102 13 1.564 25.899 67.936 O
103 13 -0.237 23.447 68.414 C
104 13 -0.825 22.061 68.608 C
105 13 -0.787 20.992 67.199 S
106 13 -1.790 21.960 66.003 C
107 14 1.267 25.086 65.858 N
108 14 1.240 26.420 65.225 C
109 14 0.413 26.331 63.917 C
110 14 0.980 26.360 62.814 O
111 14 2.639 26.990 64.975 C
112 14 2.599 28.453 64.528 C
113 14 1.702 29.214 64.952 O
114 14 3.483 28.869 63.766 O
115 15 -0.906 26.154 64.046 N
116 15 -1.806 26.015 62.886 C
117 15 -1.777 27.281 62.049 C
118 15 -1.777 28.385 62.588 O
119 15 -3.228 25.761 63.349 C
120 15 -3.238 24.864 64.444 O
121 16 -1.728 27.143 60.728 N
122 16 -1.687 28.333 59.898 C
123 16 -1.251 27.900 58.528 C
124 16 -0.550 26.920 58.413 O
125 17 -1.652 28.627 57.495 N
126 17 -1.282 28.264 56.130 C
127 17 0.046 28.805 55.634 C
128 17 0.507 28.378 54.582 O
129 17 -2.418 28.583 55.157 C
130 17 -3.633 27.697 55.396 C
131 17 -3.539 26.470 55.293 O
132 17 -4.757 28.301 55.807 N
133 18 0.586 29.822 56.312 N
134 18 1.914 30.390 56.004 C
135 18 2.450 30.887 57.346 C
136 18 2.484 32.106 57.655 O
137 18 1.859 31.511 54.971 C
138 18 0.730 32.299 55.213 O
139 19 2.806 29.922 58.198 N
140 19 3.327 30.173 59.531 C
141 19 4.517 31.132 59.604 C
142 19 4.592 31.946 60.528 O
143 19 3.644 28.760 60.034 C
144 19 3.905 27.968 58.791 C
145 19 2.841 28.480 57.871 C
146 20 5.400 31.093 58.608 N
147 20 6.580 31.943 58.610 C
148 20 6.452 33.265 57.820 C
149 20 7.423 34.030 57.682 O
150 20 7.805 31.141 58.177 C
151 20 7.890 30.997 56.774 O
152 21 5.234 33.572 57.397 N
153 21 4.933 34.802 56.688 C
154 21 5.409 36.013 57.515 C
155 21 5.353 36.004 58.749 O
156 21 3.425 34.879 56.507 C
157 21 3.008 36.183 56.151 O
158 22 5.831 37.072 56.832 N
159 22 6.302 38.283 57.492 C
160 22 5.191 38.945 58.291 C
161 22 5.457 39.677 59.233 O
162 22 6.867 39.269 56.461 C
163 22 5.831 39.749 55.616 O
164 23 3.943 38.659 57.956 N
165 23 2.851 39.258 58.679 C
166 23 2.741 38.705 60.116 C
167 23 2.141 39.331 60.990 O
168 23 1.560 39.116 57.884 C
169 23 1.238 37.760 57.773 O
170 24 3.385 37.583 60.401 N
171 24 3.359 37.034 61.772 C
172 24 4.514 37.511 62.664 C
173 24 4.510 37.235 63.864 O
174 24 3.442 35.514 61.708 C
175 24 2.259 34.908 60.971 C
176 24 1.131 35.387 61.124 O
177 24 2.511 33.877 60.148 N
178 25 5.480 38.229 62.089 N
179 25 6.657 38.693 62.803 C
180 25 6.366 39.367 64.135 C
181 25 6.911 38.942 65.172 O
182 25 7.508 39.612 61.903 C
183 25 8.730 40.231 62.542 C
184 25 9.930 39.531 62.620 C
185 25 8.672 41.501 63.088 C
186 25 11.056 40.090 63.228 C
187 25 9.768 42.063 63.712 C
188 25 10.958 41.360 63.778 C
189 25 12.042 41.949 64.406 O
190 26 5.533 40.411 64.130 N
191 26 5.238 41.139 65.363 C
192 26 4.691 40.259 66.451 C
193 26 5.142 40.334 67.599 O
194 26 4.309 42.301 65.094 C
195 26 5.215 43.627 64.269 S
196 27 3.761 39.387 66.093 N
197 27 3.187 38.464 67.073 C
198 27 4.277 37.631 67.733 C
199 27 4.320 37.507 68.958 O
200 27 2.173 37.534 66.423 C
201 27 0.884 38.225 66.118 C
202 27 0.587 39.241 66.707 O
203 27 0.124 37.702 65.173 N
204 28 5.180 37.088 66.932 N
205 28 6.232 36.241 67.453 C
206 28 7.295 37.016 68.213 C
207 28 7.732 36.582 69.289 O
208 28 6.826 35.366 66.319 C
209 28 5.835 34.425 65.532 C
210 28 6.552 33.440 64.604 C
211 28 4.914 33.657 66.442 C
212 29 7.676 38.171 67.687 N
213 29 8.688 39.011 68.318 C
214 29 8.238 39.641 69.643 C
215 29 9.033 39.689 70.581 O
216 29 9.160 40.143 67.395 C
217 29 10.328 39.796 66.531 C
218 29 11.815 39.255 67.432 S
219 29 12.606 40.671 67.489 C
220 30 7.008 40.176 69.698 N
221 30 6.492 40.801 70.916 C
222 30 6.433 39.756 72.035 C
223 30 6.675 40.045 73.215 O
224 30 5.119 41.392 70.667 C
225 30 5.129 42.580 69.736 C
226 30 6.098 43.959 70.294 S
227 30 4.928 44.731 71.438 C
228 31 6.120 38.531 71.646 N
229 31 6.052 37.411 72.563 C
230 31 7.472 37.043 73.010 C
231 31 7.759 36.995 74.177 O
232 31 5.424 36.231 71.833 C
233 31 5.540 34.633 72.710 S
234 32 8.353 36.799 72.055 N
235 32 9.716 36.424 72.347 C
236 32 10.466 37.427 73.236 C
237 32 11.086 37.040 74.219 O
238 32 10.463 36.190 71.047 C
239 32 12.256 36.035 71.302 S
240 33 10.354 38.712 72.922 N
241 33 11.037 39.783 73.644 C
242 33 10.304 40.235 74.920 C
243 33 10.596 41.299 75.463 O
244 33 11.291 40.974 72.705 C
245 33 12.202 40.645 71.522 C
246 33 13.560 40.237 72.022 C
247 33 14.526 40.024 70.940 N
248 33 15.191 40.995 70.318 C
249 33 15.011 42.272 70.655 N
250 33 16.015 40.677 69.311 N
251 34 9.316 39.442 75.340 N
252 34 8.554 39.667 76.563 C
253 34 7.817 40.987 76.740 C
254 34 7.841 41.572 77.834 O
255 34 9.469 39.406 77.765 C
256 34 9.989 37.980 77.807 C
257 34 11.362 37.957 78.449 C
258 34 11.922 36.533 78.574 C
259 34 13.300 36.571 79.216 N
260 35 7.096 41.422 75.708 N
261 35 6.332 42.688 75.791 C
262 35 4.834 42.403 75.889 C
263 35 3.985 43.256 75.647 O
264 35 6.665 43.621 74.620 C
265 35 8.038 44.251 74.819 C
266 35 8.609 45.186 73.460 S
267 35 9.199 43.793 72.365 C
268 36 4.538 41.146 76.184 N
269 36 3.178 40.693 76.357 C
270 36 3.040 40.015 77.753 C
271 36 2.335 39.036 77.908 O
272 36 2.716 39.756 75.182 C
273 36 3.476 38.557 75.155 O
274 36 2.900 40.460 73.829 C
275 37 3.705 40.573 78.762 N
276 37 3.665 40.022 80.108 C
277 37 2.685 40.747 80.995 C
278 37 2.906 41.874 81.393 O
279 37 5.059 40.015 80.694 C
280 37 5.927 38.942 80.038 C
281 37 7.086 38.509 80.916 C
282 37 7.683 39.330 81.620 O
283 37 7.403 37.204 80.899 N
284 38 1.557 40.097 81.251 N
285 38 0.506 40.698 82.057 C
286 38 -0.333 41.722 81.295 C
287 38 -1.357 42.182 81.795 O
288 39 0.096 42.099 80.088 N
289 39 -0.619 43.100 79.265 C
290 39 0.037 43.115 77.889 C
291 39 1.143 42.594 77.716 O
292 39 -0.522 44.510 79.896 C
293 39 0.784 45.255 79.630 C
294 39 1.317 45.885 80.875 C
295 39 2.233 47.054 80.615 C
296 39 3.331 46.838 79.649 N
297 40 -0.605 43.754 76.930 N
298 40 -0.030 43.828 75.602 C
299 40 0.495 45.210 75.425 C
300 40 -0.287 46.160 75.568 O
301 40 -1.095 43.627 74.520 C
302 40 -2.215 42.203 74.697 S
303 41 1.797 45.348 75.154 N
304 41 2.363 46.676 74.888 C
305 41 1.629 47.083 73.598 C
306 41 1.641 46.350 72.609 O
307 41 3.871 46.599 74.679 C
308 41 4.489 47.933 74.342 C
309 41 6.004 47.850 74.328 C
310 41 6.620 49.231 74.269 C
311 41 8.104 49.166 74.228 N
312 42 0.961 48.249 73.587 N
313 42 0.223 48.671 72.391 C
314 42 0.989 48.944 71.091 C
315 42 0.479 48.649 70.004 O
316 42 -0.534 49.891 72.893 C
317 42 0.449 50.508 73.775 C
318 42 0.979 49.334 74.580 C
319 43 2.188 49.513 71.182 N
320 43 2.987 49.822 69.992 C
321 43 4.458 49.673 70.339 C
322 43 4.902 50.114 71.403 O
323 43 2.797 51.292 69.527 C
324 43 3.514 51.536 68.209 C
325 43 1.335 51.611 69.415 C
326 44 5.224 49.140 69.399 N
327 44 6.637 48.948 69.593 C
328 44 7.334 48.873 68.254 C
329 44 6.931 48.105 67.411 O
330 44 6.876 47.616 70.330 C
331 44 8.294 47.468 70.752 C
332 44 8.766 48.246 71.548 O
333 44 9.016 46.572 70.139 N
334 45 8.475 49.513 68.129 N
335 45 9.235 49.460 66.892 C
336 45 10.552 48.671 67.031 C
337 45 11.264 48.851 68.045 O
338 45 9.558 50.895 66.432 C
339 45 8.331 51.603 66.239 O
340 45 10.400 50.904 65.124 C
341 46 10.843 47.784 66.051 N
342 46 12.109 47.010 65.983 C
343 46 12.950 47.675 64.888 C
344 46 12.398 48.154 63.916 O
345 46 11.875 45.540 65.674 C
346 46 11.205 44.793 66.797 C
347 46 11.918 44.419 67.926 C
348 46 9.842 44.515 66.748 C
349 46 11.291 43.787 68.977 C
350 46 9.190 43.878 67.800 C
351 46 9.911 43.515 68.909 C
352 47 14.251 47.823 65.124 N
353 47 15.184 48.470 64.215 C
354 47 16.071 47.358 63.752 C
355 47 16.493 46.532 64.554 O
356 47 16.002 49.547 64.919 C
357 47 16.879 50.310 63.913 C
358 47 15.075 50.512 65.632 C
359 48 16.251 47.238 62.441 N
360 48 17.055 46.150 61.896 C
361 48 18.424 46.610 61.447 C
362 48 18.981 46.044 60.542 O
363 48 16.307 45.481 60.752 C
364 48 14.908 45.094 61.108 C
365 48 14.624 44.040 61.947 N
366 48 13.713 45.657 60.794 C
367 48 13.316 43.969 62.138 C
368 48 12.743 44.944 61.452 N
369 49 18.950 47.656 62.071 N
370 49 20.278 48.178 61.756 C
371 49 21.257 47.695 62.853 C
372 49 20.813 47.232 63.893 O
373 49 20.254 49.705 61.679 C
374 49 19.255 50.258 60.679 C
375 49 19.586 49.949 59.214 C
376 49 20.729 49.552 58.920 O
377 49 18.698 50.111 58.354 O
378 50 22.572 47.758 62.616 N
379 50 23.518 47.318 63.634 C
380 50 23.417 48.222 64.860 C
381 50 23.126 49.435 64.765 O
382 50 24.955 47.338 63.118 C
383 50 25.377 48.672 62.957 O
384 51 23.699 47.638 66.018 N
385 51 23.632 48.381 67.268 C
386 51 24.540 49.612 67.209 C
387 51 24.200 50.662 67.724 O
388 51 24.012 47.463 68.429 C
389 51 23.890 48.056 69.815 C
390 51 22.574 48.802 69.990 C
391 51 23.955 46.893 70.770 C
392 52 25.644 49.499 66.470 N
393 52 26.607 50.587 66.336 C
394 52 25.983 51.783 65.647 C
395 52 26.221 52.920 66.029 O
396 52 27.858 50.100 65.559 C
397 53 25.176 51.534 64.633 N
398 53 24.546 52.641 63.934 C
399 53 23.505 53.321 64.800 C
400 53 23.406 54.533 64.805 O
401 53 23.917 52.167 62.629 C
402 53 24.951 51.818 61.586 C
403 53 26.101 52.274 61.684 O
404 53 24.621 51.073 60.659 O
405 54 22.750 52.532 65.550 N
406 54 21.693 53.046 66.434 C
407 54 22.325 53.831 67.604 C
408 54 21.850 54.909 67.960 O
409 54 20.759 51.857 66.916 C
410 54 19.641 52.351 67.858 C
411 54 20.141 51.157 65.697 C
412 55 23.396 53.314 68.191 N
413 55 24.041 54.045 69.271 C
414 55 24.559 55.405 68.795 C
415 55 24.504 56.401 69.527 O
416 55 25.203 53.249 69.840 C
417 55 24.758 52.265 70.836 C
418 55 25.943 51.520 71.429 C
419 55 25.442 50.608 72.533 C
420 55 26.501 49.784 73.148 N
421 56 25.033 55.448 67.549 N
422 56 25.577 56.669 66.959 C
423 56 24.542 57.767 66.825 C
424 56 24.896 58.926 66.663 O
425 56 26.218 56.360 65.591 C
426 57 23.269 57.413 66.890 N
427 57 22.215 58.410 66.775 C
428 57 22.319 59.359 67.953 C
429 57 21.992 60.542 67.848 O
430 57 20.779 57.778 66.739 C
431 57 19.714 58.828 66.776 C
432 57 20.609 56.980 65.496 C
433 58 22.791 58.867 69.084 N
434 58 22.899 59.749 70.225 C
435 58 23.845 60.955 70.005 C
436 58 23.882 61.885 70.830 O
437 58 23.294 58.953 71.473 C
438 58 21.987 57.813 71.929 S
439 59 24.651 60.919 68.950 N
440 59 25.544 62.038 68.669 C
441 59 25.133 62.761 67.375 C
442 59 25.925 63.479 66.772 O
443 59 27.015 61.584 68.639 C
444 59 27.221 60.422 67.849 O
445 60 23.878 62.579 66.962 N
446 60 23.388 63.223 65.758 C
447 60 22.485 64.422 66.049 C
448 60 22.754 65.188 66.992 O
449 60 22.775 62.194 64.806 C
450 60 23.864 61.235 64.296 C
451 60 23.353 60.028 63.521 C
452 60 22.161 59.891 63.256 O
453 60 24.272 59.154 63.130 N
454 61 21.437 64.611 65.253 N
455 61 20.529 65.747 65.429 C
456 61 19.722 65.749 66.716 C
457 61 18.857 64.920 66.914 O
458 61 19.580 65.856 64.245 C
459 61 18.610 66.991 64.403 C
460 61 17.868 67.156 63.134 C
461 61 16.639 68.027 63.299 C
462 61 15.744 67.854 62.079 N
463 62 19.944 66.749 67.543 N
464 62 19.257 66.859 68.803 C
465 62 17.892 67.455 68.558 C
466 62 17.790 68.507 67.924 O
467 62 20.067 67.763 69.683 C
468 62 19.638 67.757 71.086 C
469 62 20.369 68.869 71.771 C
470 62 19.978 68.903 73.201 C
471 62 18.498 68.874 73.227 N
472 63 16.848 66.772 69.020 N
473 63 15.461 67.215 68.849 C
474 63 14.687 67.106 70.154 C
475 63 15.136 66.516 71.130 O
476 63 14.684 66.343 67.835 C
477 63 15.158 66.578 66.404 C
478 63 14.799 64.892 68.203 C
479 64 13.474 67.625 70.131 N
480 64 12.609 67.600 71.293 C
481 64 11.813 66.299 71.278 C
482 64 11.456 65.792 70.221 O
483 64 11.710 68.872 71.293 C
484 64 12.545 70.017 71.525 O
485 64 10.609 68.820 72.341 C
486 65 11.669 65.684 72.442 N
487 65 10.922 64.433 72.562 C
488 65 9.426 64.758 72.576 C
489 65 9.027 65.900 72.888 O
490 65 11.273 63.720 73.878 C
491 65 13.037 63.382 74.163 S
492 66 8.607 63.743 72.298 N
493 66 7.151 63.886 72.304 C
494 66 6.669 64.415 73.672 C
495 66 5.706 65.216 73.734 O
496 66 6.481 62.548 71.975 C
497 66 6.214 62.332 70.481 C
498 66 6.614 60.944 69.972 C
499 66 5.987 59.778 70.776 C
500 66 6.884 58.913 71.726 N
501 67 7.424 64.071 74.732 N
502 67 7.123 64.449 76.135 C
503 67 7.670 65.807 76.674 C
504 67 7.548 66.125 77.870 O
505 67 7.477 63.276 77.098 C
506 67 8.942 63.252 77.520 C
507 67 9.794 63.968 76.969 O
508 67 9.242 62.429 78.514 N
509 68 8.262 66.614 75.801 N
510 68 8.775 67.896 76.250 C
511 68 10.249 67.886 76.553 C
512 68 10.906 68.910 76.415 O
513 69 10.781 66.733 76.947 N
514 69 12.200 66.646 77.247 C
515 69 13.041 66.853 75.977 C
516 69 12.566 66.616 74.870 O
517 69 12.510 65.328 77.975 C
518 69 12.085 65.356 79.460 C
519 69 12.716 66.538 80.243 C
520 69 12.028 67.225 81.030 O
521 69 14.032 66.772 80.035 N
522 70 14.263 67.353 76.125 N
523 70 15.121 67.607 74.979 C
524 70 16.306 66.666 74.822 C
525 70 17.310 67.045 74.216 O
526 70 15.658 69.027 75.037 C
527 70 15.969 69.341 76.405 O
528 70 14.629 70.024 74.471 C
529 71 16.216 65.455 75.382 N
530 71 17.298 64.463 75.262 C
531 71 17.033 63.425 74.157 C
532 71 17.497 62.303 74.251 O
533 71 17.612 63.772 76.607 C
534 71 16.498 62.859 77.088 C
535 71 15.324 63.253 77.133 O
536 71 16.863 61.649 77.511 N
537 72 16.340 63.847 73.097 N
538 72 16.029 62.997 71.958 C
539 72 16.895 63.357 70.784 C
540 72 17.279 64.517 70.609 O
541 72 14.563 63.105 71.575 C
542 72 13.490 62.120 72.653 S
543 73 17.177 62.350 69.969 N
544 73 18.045 62.492 68.808 C
545 73 17.431 61.824 67.609 C
546 73 16.903 60.727 67.736 O
547 73 19.404 61.820 69.083 C
548 73 20.213 62.615 70.031 C
549 73 19.939 62.566 71.389 C
550 73 21.143 63.523 69.569 C
551 73 20.556 63.399 72.255 C
552 73 21.766 64.373 70.419 C
553 73 21.468 64.304 71.761 C
554 73 22.072 65.157 72.646 O
555 74 17.565 62.447 66.445 N
556 74 17.046 61.885 65.210 C
557 74 18.184 61.435 64.279 C
558 74 19.157 62.169 64.076 O
559 74 16.162 62.908 64.506 C
560 74 15.839 62.558 63.065 C
561 74 15.116 63.670 62.383 C
562 74 15.314 63.895 61.192 O
563 74 14.265 64.384 63.121 N
564 75 18.044 60.250 63.685 N
565 75 19.080 59.712 62.798 C
566 75 19.254 60.530 61.523 C
567 75 18.278 60.990 60.945 O
568 75 18.811 58.232 62.438 C
569 75 17.642 58.081 61.659 O
570 76 20.499 60.696 61.088 N
571 76 20.755 61.436 59.865 C
572 76 20.230 60.648 58.644 C
573 76 19.617 61.241 57.767 O
574 76 22.236 61.859 59.730 C
575 76 23.284 60.727 59.689 C
576 76 24.770 61.228 59.349 C
577 76 25.480 62.136 60.461 C
578 76 26.991 62.430 60.319 N
579 77 20.367 59.319 58.647 N
580 77 19.876 58.457 57.556 C
581 77 18.583 57.755 57.954 C
582 77 18.196 57.729 59.133 O
583 77 20.870 57.344 57.247 C
584 77 22.222 57.764 57.390 O
585 78 17.929 57.157 56.970 N
586 78 16.705 56.410 57.220 C
587 78 17.219 55.046 57.642 C
588 78 18.382 54.711 57.378 O
589 78 15.860 56.221 55.932 C
590 78 16.716 55.767 54.879 O
591 78 15.182 57.506 55.513 C
592 79 16.365 54.271 58.294 N
593 79 16.706 52.934 58.760 C
594 79 15.538 51.996 58.499 C
595 79 14.379 52.421 58.452 O
596 79 16.995 52.964 60.270 C
597 79 18.118 53.895 60.658 C
598 79 18.636 53.653 62.366 S
599 79 20.246 54.356 62.323 C
600 80 15.845 50.717 58.371 N
601 80 14.839 49.696 58.148 C
602 80 14.265 49.398 59.511 C
603 80 14.994 48.950 60.411 O
604 80 15.496 48.431 57.636 C
605 80 16.358 48.586 56.402 C
606 80 16.622 47.194 55.816 C
607 80 15.335 46.487 55.590 N
608 80 15.165 45.267 55.039 C
609 80 16.211 44.536 54.612 N
610 80 13.925 44.749 54.961 N
611 81 12.972 49.618 59.676 N
612 81 12.315 49.385 60.952 C
613 81 10.989 48.662 60.726 C
614 81 10.465 48.664 59.611 O
615 81 12.053 50.730 61.727 C
616 81 11.110 51.641 60.937 C
617 81 13.336 51.504 61.891 C
618 81 10.653 52.877 61.672 C
619 82 10.499 47.955 61.755 N
620 82 9.222 47.243 61.695 C
621 82 8.373 47.806 62.835 C
622 82 8.823 47.815 64.006 O
623 82 9.368 45.711 61.893 C
624 82 10.249 45.172 60.905 O
625 82 8.034 45.043 61.743 C
626 83 7.225 48.376 62.468 N
627 83 6.279 48.914 63.409 C
628 83 5.328 47.770 63.739 C
629 83 4.901 47.026 62.847 O
630 83 5.498 50.072 62.792 C
631 83 4.456 50.621 63.737 C
632 83 3.329 50.061 63.859 O
633 83 4.777 51.610 64.405 O
634 84 5.082 47.575 65.030 N
635 84 4.207 46.514 65.539 C
636 84 3.173 47.255 66.331 C
637 84 3.493 47.901 67.344 O
638 84 4.950 45.596 66.492 C
639 84 6.229 44.558 65.757 S
640 85 1.928 47.107 65.926 N
641 85 0.847 47.839 66.563 C
642 85 -0.284 46.856 66.809 C
643 85 -0.590 46.059 65.930 O
644 85 0.429 48.979 65.600 C
645 85 -0.483 50.027 66.195 C
646 85 -0.123 51.465 65.715 C
647 85 -1.034 52.479 66.303 N
648 85 -0.672 53.622 66.912 C
649 85 0.613 53.977 67.042 N
650 85 -1.623 54.410 67.425 N
651 86 -0.811 46.841 68.035 N
652 86 -1.927 45.970 68.428 C
653 86 -3.112 46.128 67.464 C
654 86 -3.436 47.252 67.080 O
655 86 -2.451 46.378 69.800 C
656 86 -1.984 45.570 70.954 C
657 86 -2.829 45.881 72.190 C
658 86 -2.885 47.069 72.621 O
659 86 -3.472 44.927 72.688 O
660 87 -3.767 45.029 67.096 N
661 87 -4.920 45.110 66.204 C
662 87 -6.211 45.503 66.997 C
663 87 -6.227 45.517 68.246 O
664 87 -5.170 43.780 65.535 C
665 87 -5.549 42.844 66.532 O
666 87 -3.936 43.277 64.811 C
667 88 -7.303 45.781 66.290 N
668 88 -8.520 46.160 66.994 C
669 88 -9.006 45.180 68.061 C
670 88 -9.444 45.562 69.154 O
671 89 -8.916 43.903 67.736 N
672 89 -9.364 42.854 68.628 C
673 89 -8.293 42.308 69.603 C
674 89 -8.530 41.327 70.333 O
675 89 -9.905 41.719 67.759 C
676 89 -9.071 41.565 66.609 O
677 90 -7.108 42.903 69.591 N
678 90 -6.064 42.447 70.483 C
679 90 -6.537 42.573 71.914 C
680 90 -6.955 43.657 72.320 O
681 90 -4.827 43.312 70.332 C
682 90 -3.803 42.791 71.141 O
683 91 -6.514 41.482 72.677 N
684 91 -6.889 41.571 74.089 C
685 91 -6.187 40.526 74.937 C
686 91 -6.303 39.326 74.681 O
687 91 -8.407 41.512 74.284 C
688 91 -8.914 42.517 75.347 C
689 91 -10.436 42.415 75.562 C
690 91 -10.860 40.997 76.054 C
691 91 -12.365 40.792 76.202 N
692 92 -5.429 40.999 75.925 N
693 92 -4.668 40.129 76.831 C
694 92 -5.557 39.036 77.404 C
695 92 -6.663 39.328 77.853 O
696 92 -4.046 40.938 77.986 C
697 92 -3.063 40.113 78.768 C
698 92 -1.796 39.847 78.265 C
699 92 -3.442 39.482 79.935 C
700 92 -0.952 38.972 78.889 C
701 92 -2.593 38.587 80.576 C
702 92 -1.351 38.331 80.052 C
703 92 -0.522 37.423 80.695 O
704 93 -5.080 37.780 77.442 N
705 93 -3.788 37.234 77.008 C
706 93 -3.683 36.889 75.506 C
707 93 -2.728 36.222 75.067 O
708 93 -3.643 35.997 77.886 C
709 93 -5.039 35.497 77.917 C
710 93 -5.900 36.729 78.068 C
711 94 -4.663 37.328 74.718 N
712 94 -4.623 37.091 73.284 C
713 94 -4.191 38.375 72.542 C
714 94 -4.997 39.035 71.865 O
715 94 -5.979 36.566 72.792 C
716 94 -6.356 35.222 73.431 C
717 94 -7.369 35.133 74.127 O
718 94 -5.531 34.179 73.213 N
719 95 -2.926 38.757 72.736 N
720 95 -2.356 39.945 72.089 C
721 95 -2.186 39.670 70.602 C
722 95 -1.665 38.624 70.224 O
723 95 -0.998 40.248 72.687 C
724 95 -1.085 40.544 74.473 S
725 96 -2.534 40.642 69.771 N
726 96 -2.446 40.468 68.332 C
727 96 -1.819 41.728 67.773 C
728 96 -2.164 42.837 68.205 O
729 96 -3.869 40.265 67.771 C
730 97 -0.948 41.594 66.777 N
731 97 -0.252 42.753 66.224 C
732 97 -0.222 42.813 64.706 C
733 97 -0.116 41.796 64.051 O
734 97 1.224 42.799 66.710 C
735 97 1.412 43.031 68.211 C
736 97 1.418 44.330 68.733 C
737 97 1.503 41.945 69.116 C
738 97 1.489 44.558 70.118 C
739 97 1.576 42.170 70.505 C
740 97 1.558 43.474 70.971 C
741 97 1.570 43.719 72.292 O
742 98 -0.234 44.025 64.180 N
743 98 -0.123 44.217 62.760 C
744 98 1.358 44.580 62.568 C
745 98 1.923 45.316 63.361 O
746 98 -1.032 45.345 62.258 C
747 98 -1.062 45.371 60.700 C
748 98 -0.954 46.777 60.058 C
749 98 -0.370 46.729 58.583 C
750 98 0.102 48.047 57.900 N
751 99 1.985 44.022 61.539 N
752 99 3.377 44.245 61.212 C
753 99 3.445 45.187 60.021 C
754 99 2.863 44.897 58.969 O
755 99 4.014 42.912 60.759 C
756 99 3.929 41.958 61.821 O
757 99 5.486 43.083 60.345 C
758 100 4.194 46.274 60.154 N
759 100 4.363 47.242 59.071 C
760 100 5.853 47.457 58.882 C
761 100 6.544 47.884 59.818 O
762 100 3.742 48.608 59.424 C
763 100 2.354 48.430 59.721 O
764 100 3.884 49.592 58.266 C
765 101 6.364 47.174 57.686 N
766 101 7.787 47.353 57.420 C
767 101 7.996 48.683 56.703 C
768 101 7.430 48.917 55.626 O
769 101 8.289 46.206 56.573 C
770 101 8.003 44.865 57.169 C
771 101 8.680 43.761 56.401 C
772 101 9.912 43.673 56.378 O
773 101 7.892 42.942 55.717 N
774 102 8.795 49.569 57.264 N
775 102 9.011 50.858 56.627 C
776 102 10.462 51.259 56.715 C
777 102 11.251 50.523 57.308 O
778 102 8.085 51.933 57.228 C
779 102 6.608 51.557 56.962 C
780 102 8.307 52.096 58.755 C
781 103 10.835 52.352 56.047 N
782 103 12.209 52.889 56.060 C
783 103 12.095 54.343 56.456 C
784 103 11.713 55.151 55.634 O
785 103 12.865 52.785 54.677 C
786 103 12.898 51.337 54.155 C
787 103 13.935 51.040 53.062 C
788 103 14.594 52.000 52.586 O
789 103 14.069 49.824 52.706 O
790 104 12.440 54.694 57.692 N
791 104 12.270 56.063 58.170 C
792 104 13.398 56.481 59.077 C
793 104 14.277 55.699 59.355 O
794 104 10.952 56.171 58.951 C
795 104 9.691 56.104 58.104 C
796 104 8.460 56.170 58.990 C
797 104 7.475 57.289 58.550 C
798 104 6.657 57.891 59.690 N
799 105 13.423 57.745 59.454 N
800 105 14.429 58.247 60.384 C
801 105 13.897 57.887 61.744 C
802 105 12.698 57.891 61.928 O
803 105 14.540 59.760 60.316 C
804 105 15.041 60.255 59.008 C
805 105 16.380 60.488 58.766 N
806 105 14.397 60.515 57.848 C
807 105 16.543 60.867 57.513 C
808 105 15.356 60.891 56.935 N
809 106 14.770 57.551 62.694 N
810 106 14.292 57.216 64.058 C
811 106 14.654 58.303 65.049 C
812 106 15.646 59.004 64.881 O
813 106 14.830 55.842 64.633 C
814 106 16.370 55.855 64.829 C
815 106 14.308 54.687 63.800 C
816 106 16.965 54.643 65.581 C
817 107 13.790 58.497 66.024 N
818 107 14.054 59.454 67.086 C
819 107 14.087 58.624 68.396 C
820 107 13.113 57.925 68.724 O
821 107 12.959 60.531 67.138 C
822 107 12.943 61.259 65.794 C
823 107 13.195 61.494 68.333 C
824 107 11.782 62.102 65.604 C
825 108 15.219 58.648 69.095 N
826 108 15.362 57.918 70.336 C
827 108 15.753 58.900 71.426 C
828 108 16.231 59.997 71.122 O
829 108 16.454 56.849 70.231 C
830 108 15.985 55.701 69.342 C
831 108 17.741 57.453 69.683 C
832 109 15.478 58.538 72.679 N
833 109 15.846 59.354 73.834 C
834 109 17.138 58.713 74.301 C
835 109 17.234 57.476 74.339 O
836 109 14.788 59.271 74.927 C
837 110 18.159 59.530 74.562 N
838 110 19.477 59.041 75.016 C
839 110 19.786 59.414 76.480 C
840 110 19.380 60.454 76.966 O
841 110 20.577 59.525 74.054 C
842 110 20.375 58.929 72.308 S
843 111 20.446 58.531 77.203 N
844 111 20.747 58.838 78.580 C
845 111 22.001 58.103 79.004 C
846 111 22.496 57.230 78.278 O
847 112 22.535 58.481 80.157 N
848 112 23.722 57.834 80.646 C
849 112 24.977 58.444 80.088 C
850 112 24.964 59.412 79.304 O
851 113 26.088 57.898 80.554 N
852 113 27.400 58.335 80.134 C
853 113 28.351 57.132 80.071 C
854 113 28.570 56.440 81.083 O
855 113 27.987 59.418 81.050 C
856 113 29.434 59.746 80.609 C
857 113 29.920 61.111 81.050 C
858 113 30.987 61.666 80.067 C
859 113 32.273 60.866 80.044 N
860 114 28.844 56.802 78.860 N
861 114 28.567 57.467 77.574 C
862 114 27.094 57.391 77.156 C
863 114 26.347 56.505 77.608 O
864 114 29.456 56.706 76.606 C
865 114 29.608 55.348 77.243 C
866 114 29.816 55.709 78.687 C
867 115 26.663 58.354 76.352 N
868 115 25.259 58.409 75.896 C
869 115 24.756 57.238 74.983 C
870 115 25.316 56.993 73.916 O
871 115 25.039 59.733 75.187 C
872 115 23.682 60.057 75.290 O
873 116 23.708 56.521 75.386 N
874 116 23.188 55.397 74.574 C
875 116 21.649 55.480 74.538 C
876 116 21.063 56.115 75.438 O
877 116 23.587 54.019 75.176 C
878 116 25.066 53.785 75.029 C
879 116 23.155 53.923 76.634 C
880 117 20.976 54.860 73.503 N
881 117 19.496 54.891 73.400 C
882 117 18.808 54.216 74.613 C
883 117 19.207 53.132 75.051 O
884 117 19.221 54.142 72.086 C
885 117 20.456 54.360 71.300 C
886 117 21.546 54.156 72.336 C
887 118 17.781 54.857 75.157 N
888 118 17.111 54.290 76.308 C
889 118 15.601 54.217 76.104 C
890 118 14.889 53.639 76.929 O
891 118 17.445 55.091 77.620 C
892 118 18.924 54.854 78.056 C
893 118 17.195 56.599 77.405 C
894 119 15.103 54.802 75.013 N
895 119 13.677 54.783 74.723 C
896 119 13.487 55.109 73.248 C
897 119 14.268 55.861 72.668 O
898 119 12.920 55.767 75.666 C
899 119 11.774 56.519 75.018 C
900 119 10.474 56.033 74.980 N
901 119 11.728 57.742 74.412 C
902 119 9.686 56.911 74.382 C
903 119 10.422 57.957 74.033 N
904 120 12.524 54.447 72.615 N
905 120 12.204 54.742 71.221 C
906 120 11.044 55.761 71.259 C
907 120 9.991 55.522 71.845 O
908 120 11.779 53.488 70.470 C
909 120 11.621 53.719 69.002 C
910 120 10.434 54.222 68.493 C
911 120 12.666 53.475 68.143 C
912 120 10.297 54.478 67.126 C
913 120 12.537 53.730 66.767 C
914 120 11.350 54.228 66.275 C
915 121 11.262 56.915 70.656 N
916 121 10.278 57.965 70.676 C
917 121 9.317 57.965 69.476 C
918 121 8.102 57.953 69.642 O
919 121 11.035 59.286 70.755 C
920 121 10.243 60.363 71.418 C
921 121 9.673 60.103 72.496 O
922 121 10.169 61.477 70.865 O
923 122 9.870 57.936 68.269 N
924 122 9.052 57.970 67.057 C
925 122 9.945 57.813 65.852 C
926 122 11.139 57.635 65.989 O
927 122 8.339 59.293 66.971 C
928 123 9.344 57.868 64.664 N
929 123 10.041 57.769 63.365 C
930 123 9.392 58.765 62.442 C
931 123 8.185 59.019 62.515 O
932 123 9.987 56.370 62.755 C
933 123 8.661 55.972 62.526 O
934 124 10.208 59.328 61.575 N
935 124 9.758 60.346 60.661 C
936 124 10.418 60.119 59.300 C
937 124 11.513 59.534 59.285 O
938 124 10.127 61.749 61.246 C
939 124 11.624 61.821 61.562 C
940 124 9.739 62.861 60.284 C
941 124 9.837 60.520 58.265 O
943 1 18.960 44.085 88.333 N
944 1 17.825 44.690 87.546 C
945 1 18.291 44.776 86.071 C
946 1 19.458 44.466 85.770 O
947 1 17.461 46.102 88.105 C
948 1 16.047 46.702 87.682 C
949 1 16.128 47.972 86.746 C
950 1 14.735 48.466 86.213 C
951 1 14.785 49.403 84.999 N
952 2 17.359 45.081 85.162 N
953 2 17.661 45.240 83.737 C
954 2 17.934 46.743 83.528 C
955 2 17.099 47.581 83.900 O
956 2 16.454 44.785 82.916 C
957 2 16.707 44.759 81.441 C
958 2 15.466 44.430 80.679 C
959 2 14.384 44.881 81.099 O
960 2 15.579 43.726 79.664 O
961 3 19.093 47.087 82.974 N
962 3 19.408 48.498 82.791 C
963 3 18.526 49.108 81.709 C
964 3 17.934 48.347 80.927 O
965 3 20.841 48.652 82.389 C
966 3 21.050 47.919 81.208 O
967 4 18.456 50.447 81.642 N
968 4 17.646 51.119 80.621 C
969 4 18.178 50.764 79.238 C
970 4 17.408 50.569 78.308 O
971 4 17.657 52.612 80.801 C
972 5 19.505 50.656 79.117 N
973 5 20.153 50.308 77.858 C
974 5 19.840 48.882 77.435 C
975 5 19.484 48.641 76.274 O
976 5 21.674 50.521 77.947 C
977 6 19.951 47.930 78.349 N
978 6 19.674 46.553 78.000 C
979 6 18.206 46.396 77.639 C
980 6 17.858 45.602 76.769 O
981 6 20.040 45.626 79.171 C
982 7 17.342 47.141 78.327 N
983 7 15.915 47.069 78.063 C
984 7 15.600 47.604 76.661 C
985 7 14.748 47.041 75.955 O
986 7 15.102 47.813 79.126 C
987 7 13.617 47.844 78.776 C
988 7 12.743 48.057 79.982 C
989 7 11.299 48.314 79.547 C
990 7 10.355 48.425 80.673 N
991 8 16.302 48.659 76.261 N
992 8 16.109 49.240 74.943 C
993 8 16.525 48.191 73.913 C
994 8 15.882 48.047 72.871 O
995 8 16.950 50.528 74.758 C
996 8 16.877 51.102 73.343 C
997 8 17.711 50.618 72.331 C
998 8 15.923 52.048 73.011 C
999 8 17.579 51.066 71.013 C
1000 8 15.795 52.497 71.677 C
1001 8 16.621 51.999 70.697 C
1002 9 17.646 47.517 74.159 N
1003 9 18.105 46.481 73.256 C
1004 9 17.102 45.351 73.128 C
1005 9 16.817 44.876 72.012 O
1006 9 19.447 45.923 73.696 C
1007 9 20.552 46.939 73.600 C
1008 9 21.926 46.313 73.806 C
1009 9 22.097 45.119 73.421 O
1010 9 22.834 46.998 74.344 O
1011 10 16.555 44.914 74.257 N
1012 10 15.576 43.831 74.225 C
1013 10 14.298 44.203 73.474 C
1014 10 13.741 43.400 72.711 O
1015 10 15.183 43.398 75.647 C
1016 10 13.935 42.518 75.718 C
1017 10 13.624 42.063 77.154 C
1018 10 13.346 43.192 78.033 N
1019 10 12.155 43.727 78.179 C
1020 10 11.120 43.243 77.510 N
1021 10 12.005 44.736 79.016 N
1022 11 13.800 45.402 73.734 N
1023 11 12.552 45.816 73.108 C
1024 11 12.652 46.263 71.667 C
1025 11 11.703 46.136 70.900 O
1026 11 11.931 46.970 73.880 C
1027 11 11.530 46.639 75.301 C
1028 11 10.722 47.770 75.881 C
1029 11 11.207 48.920 75.944 O
1030 11 9.483 47.483 76.255 N
1031 12 13.809 46.779 71.305 N
1032 12 13.919 47.381 70.010 C
1033 12 14.945 46.905 69.038 C
1034 12 14.891 47.339 67.912 O
1035 12 14.132 48.898 70.210 C
1036 12 13.045 49.554 70.994 C
1037 12 11.742 49.611 70.551 N
1038 12 13.038 50.093 72.234 C
1039 12 10.976 50.147 71.485 C
1040 12 11.737 50.449 72.519 N
1041 13 15.899 46.076 69.434 N
1042 13 16.959 45.689 68.498 C
1043 13 16.819 44.301 67.907 C
1044 13 16.552 43.329 68.625 O
1045 13 18.366 45.851 69.136 C
1046 13 18.831 47.299 69.425 C
1047 13 18.770 48.439 68.022 S
1048 13 19.791 47.536 66.897 C
1049 14 16.905 44.236 66.579 N
1050 14 16.850 42.969 65.846 C
1051 14 17.718 43.196 64.588 C
1052 14 17.207 43.352 63.467 O
1053 14 15.418 42.603 65.483 C
1054 14 15.304 41.196 64.995 C
1055 14 16.228 40.399 65.255 O
1056 14 14.293 40.886 64.339 O
1057 15 19.021 43.297 64.832 N
1058 15 20.025 43.561 63.810 C
1059 15 20.184 42.393 62.880 C
1060 15 20.017 41.247 63.279 O
1061 15 21.379 43.844 64.457 C
1062 15 21.226 44.835 65.451 O
1063 16 20.469 42.690 61.625 N
1064 16 20.666 41.617 60.675 C
1065 16 19.519 40.625 60.608 C
1066 16 19.708 39.412 60.463 O
1067 17 18.311 41.111 60.744 N
1068 17 17.219 40.193 60.649 C
1069 17 16.096 40.966 60.058 C
1070 17 16.098 42.199 60.106 O
1071 17 16.841 39.601 61.997 C
1072 17 15.988 38.372 61.846 C
1073 17 16.427 37.362 61.271 O
1074 17 14.734 38.462 62.294 N
1075 18 15.151 40.240 59.473 N
1076 18 14.026 40.871 58.825 C
1077 18 12.744 40.049 58.986 C
1078 18 12.800 38.826 59.188 O
1079 18 14.375 41.010 57.333 C
1080 18 13.250 41.400 56.557 O
1081 19 11.576 40.724 58.970 N
1082 19 10.291 40.023 59.093 C
1083 19 10.097 39.016 57.960 C
1084 19 9.493 37.984 58.152 O
1085 19 9.266 41.159 59.002 C
1086 19 9.968 42.283 59.663 C
1087 19 11.403 42.182 59.159 C
1088 20 10.662 39.283 56.789 N
1089 20 10.468 38.351 55.680 C
1090 20 11.386 37.144 55.709 C
1091 20 11.351 36.326 54.800 O
1092 20 10.603 39.078 54.343 C
1093 20 11.855 39.726 54.282 O
1094 21 12.217 37.062 56.737 N
1095 21 13.152 35.966 56.895 C
1096 21 12.582 34.655 57.488 C
1097 21 12.566 34.451 58.712 O
1098 21 14.357 36.451 57.707 C
1099 21 15.164 35.359 58.057 O
1100 22 12.092 33.785 56.613 N
1101 22 11.562 32.484 56.963 C
1102 22 12.544 31.585 57.700 C
1103 22 12.134 30.804 58.557 O
1104 22 11.062 31.762 55.698 C
1105 22 9.885 32.406 55.244 O
1106 23 13.832 31.675 57.396 N
1107 23 14.783 30.791 58.072 C
1108 23 14.899 31.112 59.549 C
1109 23 15.431 30.305 60.324 O
1110 23 16.166 30.871 57.434 C
1111 23 16.686 32.163 57.623 O
1112 24 14.441 32.302 59.926 N
1113 24 14.477 32.729 61.312 C
1114 24 13.248 32.252 62.145 C
1115 24 13.178 32.479 63.366 O
1116 24 14.625 34.251 61.375 C
1117 24 15.109 34.753 62.761 C
1118 24 16.090 34.241 63.324 O
1119 24 14.410 35.754 63.309 N
1120 25 12.294 31.594 61.495 N
1121 25 11.097 31.097 62.171 C
1122 25 11.383 30.284 63.453 C
1123 25 10.781 30.544 64.499 O
1124 25 10.264 30.246 61.217 C
1125 25 9.080 29.552 61.859 C
1126 25 7.856 30.219 62.013 C
1127 25 9.180 28.212 62.296 C
1128 25 6.764 29.569 62.577 C
1129 25 8.097 27.559 62.863 C
1130 25 6.892 28.252 62.997 C
1131 25 5.809 27.625 63.557 O
1132 26 12.302 29.320 63.389 N
1133 26 12.596 28.497 64.568 C
1134 26 13.141 29.307 65.713 C
1135 26 12.738 29.126 66.852 O
1136 26 13.526 27.347 64.230 C
1137 26 12.645 26.025 63.389 S
1138 27 14.008 30.251 65.395 N
1139 27 14.583 31.109 66.414 C
1140 27 13.508 31.859 67.182 C
1141 27 13.567 31.911 68.412 O
1142 27 15.574 32.082 65.795 C
1143 27 16.869 31.428 65.481 C
1144 27 17.197 30.399 66.078 O
1145 27 17.626 32.003 64.547 N
1146 28 12.557 32.461 66.456 N
1147 28 11.439 33.221 67.067 C
1148 28 10.456 32.346 67.883 C
1149 28 9.997 32.746 68.961 O
1150 28 10.656 33.934 65.956 C
1151 28 11.392 35.006 65.142 C
1152 28 10.609 35.431 63.903 C
1153 28 11.624 36.188 66.031 C
1154 29 10.110 31.180 67.324 N
1155 29 9.164 30.242 67.927 C
1156 29 9.705 29.555 69.147 C
1157 29 8.991 29.442 70.123 O
1158 29 8.714 29.152 66.934 C
1159 29 7.694 29.593 65.893 C
1160 29 6.218 30.258 66.646 S
1161 29 5.297 28.831 66.916 C
1162 30 10.944 29.072 69.082 N
1163 30 11.529 28.399 70.236 C
1164 30 11.608 29.385 71.434 C
1165 30 11.375 29.003 72.589 O
1166 30 12.903 27.825 69.887 C
1167 30 12.859 26.678 68.913 C
1168 30 11.906 25.291 69.475 S
1169 30 13.011 24.457 70.467 C
1170 31 11.902 30.647 71.134 N
1171 31 11.984 31.727 72.109 C
1172 31 10.592 32.056 72.632 C
1173 31 10.355 32.036 73.826 O
1174 31 12.563 32.975 71.447 C
1175 31 12.473 34.438 72.526 S
1176 32 9.682 32.421 71.742 N
1177 32 8.326 32.756 72.136 C
1178 32 7.634 31.641 72.917 C
1179 32 6.952 31.914 73.889 O
1180 32 7.486 33.120 70.907 C
1181 32 5.691 33.240 71.235 S
1182 33 7.778 30.398 72.481 N
1183 33 7.138 29.259 73.133 C
1184 33 7.913 28.731 74.370 C
1185 33 7.707 27.615 74.796 O
1186 33 6.855 28.140 72.121 C
1187 33 5.905 28.545 70.996 C
1188 33 4.509 28.818 71.541 C
1189 33 3.536 29.136 70.485 N
1190 33 2.840 28.232 69.797 C
1191 33 2.975 26.931 70.032 N
1192 33 2.067 28.642 68.795 N
1193 34 8.823 29.540 74.906 N
1194 34 9.596 29.221 76.117 C
1195 34 10.409 27.923 76.100 C
1196 34 10.450 27.199 77.102 O
1197 34 8.671 29.234 77.363 C
1198 34 7.533 30.279 77.404 C
1199 34 7.932 31.658 77.908 C
1200 34 8.428 32.607 76.808 C
1201 34 7.382 33.528 76.211 N
1202 35 11.055 27.598 74.983 N
1203 35 11.857 26.389 74.964 C
1204 35 13.343 26.720 75.010 C
1205 35 14.201 25.866 74.773 O
1206 35 11.488 25.502 73.791 C
1207 35 10.225 24.722 74.062 C
1208 35 9.598 23.852 72.596 S
1209 35 8.780 25.281 71.776 C
1210 36 13.641 27.973 75.311 N
1211 36 15.011 28.415 75.445 C
1212 36 15.211 29.031 76.854 C
1213 36 16.087 29.854 77.079 O
1214 36 15.426 29.387 74.303 C
1215 36 14.732 30.642 74.406 O
1216 36 15.119 28.740 72.924 C
1217 37 14.420 28.586 77.819 N
1218 37 14.537 29.116 79.178 C
1219 37 15.527 28.339 80.030 C
1220 37 15.272 27.194 80.396 O
1221 37 13.188 29.081 79.857 C
1222 37 12.961 30.275 80.729 C
1223 37 11.676 30.991 80.374 C
1224 37 11.687 32.080 79.755 O
1225 37 10.552 30.385 80.756 N
1226 38 16.668 28.946 80.319 N
1227 38 17.664 28.292 81.154 C
1228 38 18.474 27.230 80.447 C
1229 38 19.474 26.762 80.983 O
1230 39 18.030 26.822 79.260 N
1231 39 18.718 25.811 78.441 C
1232 39 18.126 25.878 77.021 C
1233 39 17.095 26.493 76.817 O
1234 39 18.528 24.386 79.003 C
1235 39 17.113 23.805 78.838 C
1236 39 17.002 22.371 79.411 C
1237 39 15.568 22.044 79.744 C
1238 39 14.797 21.824 78.519 N
1239 40 18.803 25.283 76.055 N
1240 40 18.315 25.268 74.675 C
1241 40 17.730 23.902 74.365 C
1242 40 18.482 22.916 74.382 O
1243 40 19.458 25.491 73.670 C
1244 40 20.466 26.999 73.777 S
1245 41 16.421 23.807 74.123 N
1246 41 15.852 22.509 73.753 C
1247 41 16.557 22.133 72.421 C
1248 41 16.580 22.937 71.474 O
1249 41 14.330 22.599 73.580 C
1250 41 13.674 21.234 73.351 C
1251 41 12.174 21.273 73.562 C
1252 41 11.566 19.909 73.271 C
1253 41 10.069 19.978 73.235 N
1254 42 17.156 20.923 72.342 N
1255 42 17.875 20.445 71.154 C
1256 42 17.107 20.341 69.834 C
1257 42 17.624 20.762 68.792 O
1258 42 18.387 19.065 71.586 C
1259 42 18.299 19.066 73.099 C
1260 42 17.081 19.856 73.367 C
1261 43 15.945 19.683 69.862 N
1262 43 15.114 19.474 68.678 C
1263 43 13.638 19.649 69.025 C
1264 43 13.202 19.239 70.103 O
1265 43 15.290 18.033 68.132 C
1266 43 14.592 17.888 66.770 C
1267 43 16.748 17.731 67.935 C
1268 44 12.857 20.266 68.146 N
1269 44 11.439 20.428 68.432 C
1270 44 10.700 20.561 67.146 C
1271 44 11.147 21.286 66.297 O
1272 44 11.182 21.688 69.209 C
1273 44 9.754 21.778 69.680 C
1274 44 9.323 20.985 70.502 O
1275 44 9.009 22.713 69.151 N
1276 45 9.551 19.921 67.023 N
1277 45 8.752 19.998 65.815 C
1278 45 7.458 20.724 66.037 C
1279 45 6.824 20.512 67.067 O
1280 45 8.405 18.599 65.348 C
1281 45 9.635 17.913 65.117 O
1282 45 7.526 18.613 64.057 C
1283 46 7.122 21.647 65.139 N
1284 46 5.854 22.396 65.178 C
1285 46 4.944 21.840 64.061 C
1286 46 5.406 21.575 62.922 O
1287 46 6.091 23.894 64.974 C
1288 46 6.748 24.564 66.138 C
1289 46 6.006 24.955 67.245 C
1290 46 8.123 24.814 66.134 C
1291 46 6.618 25.583 68.317 C
1292 46 8.748 25.445 67.221 C
1293 46 7.996 25.821 68.294 C
1294 47 3.672 21.636 64.378 N
1295 47 2.719 21.063 63.429 C
1296 47 1.807 22.193 62.979 C
1297 47 1.326 22.987 63.795 O
1298 47 1.931 19.918 64.105 C
1299 47 0.929 19.276 63.154 C
1300 47 2.916 18.894 64.701 C
1301 48 1.595 22.307 61.672 N
1302 48 0.770 23.397 61.185 C
1303 48 -0.665 23.045 60.813 C
1304 48 -1.392 23.912 60.347 O
1305 48 1.482 24.140 60.050 C
1306 48 2.880 24.546 60.389 C
1307 48 3.163 25.454 61.382 N
1308 48 4.075 24.100 59.930 C
1309 48 4.473 25.539 61.532 C
1310 48 5.049 24.728 60.664 N
1311 49 -1.078 21.817 61.088 N
1312 49 -2.425 21.358 60.819 C
1313 49 -3.321 21.868 61.938 C
1314 49 -2.823 22.444 62.913 O
1315 49 -2.464 19.831 60.778 C
1316 49 -1.562 19.211 59.703 C
1317 49 -1.852 19.720 58.287 C
1318 49 -2.972 20.195 57.994 O
1319 49 -0.944 19.656 57.443 O
1320 50 -4.635 21.689 61.826 N
1321 50 -5.476 22.170 62.911 C
1322 50 -5.371 21.211 64.080 C
1323 50 -5.072 20.010 63.917 O
1324 50 -6.934 22.359 62.483 C
1325 50 -7.686 21.186 62.698 O
1326 51 -5.590 21.763 65.265 N
1327 51 -5.548 21.010 66.492 C
1328 51 -6.496 19.813 66.490 C
1329 51 -6.185 18.753 67.039 O
1330 51 -5.856 21.949 67.649 C
1331 51 -5.863 21.310 69.040 C
1332 51 -4.498 20.681 69.368 C
1333 51 -6.227 22.388 70.057 C
1334 52 -7.658 19.972 65.874 N
1335 52 -8.610 18.882 65.812 C
1336 52 -7.990 17.705 65.056 C
1337 52 -8.158 16.542 65.433 O
1338 52 -9.903 19.350 65.112 C
1339 53 -7.240 18.008 64.007 N
1340 53 -6.610 16.952 63.226 C
1341 53 -5.484 16.251 63.985 C
1342 53 -5.272 15.051 63.823 O
1343 53 -6.081 17.504 61.889 C
1344 53 -7.191 17.782 60.878 C
1345 53 -8.273 17.173 60.942 O
1346 53 -6.977 18.623 60.006 O
1347 54 -4.737 17.000 64.789 N
1348 54 -3.645 16.390 65.566 C
1349 54 -4.220 15.523 66.697 C
1350 54 -3.713 14.450 66.996 O
1351 54 -2.669 17.481 66.124 C
1352 54 -1.603 16.860 67.036 C
1353 54 -2.000 18.224 64.940 C
1354 55 -5.283 15.995 67.332 N
1355 55 -5.895 15.244 68.403 C
1356 55 -6.455 13.929 67.910 C
1357 55 -6.433 12.935 68.620 O
1358 55 -6.999 16.083 69.019 C
1359 55 -6.482 17.173 69.934 C
1360 55 -7.642 17.965 70.515 C
1361 55 -7.211 18.821 71.695 C
1362 55 -8.395 19.461 72.330 N
1363 56 -6.930 13.934 66.670 N
1364 56 -7.510 12.764 66.034 C
1365 56 -6.507 11.645 65.869 C
1366 56 -6.889 10.488 65.735 O
1367 56 -8.070 13.141 64.671 C
1368 57 -5.221 11.974 65.873 N
1369 57 -4.196 10.959 65.712 C
1370 57 -4.225 9.938 66.846 C
1371 57 -3.854 8.785 66.620 O
1372 57 -2.797 11.599 65.561 C
1373 57 -1.700 10.551 65.456 C
1374 57 -2.779 12.438 64.311 C
1375 58 -4.701 10.331 68.038 N
1376 58 -4.770 9.415 69.183 C
1377 58 -5.710 8.248 68.971 C
1378 58 -5.737 7.310 69.767 O
1379 58 -5.135 10.150 70.453 C
1380 58 -3.816 11.282 70.953 S
1381 59 -6.477 8.300 67.887 N
1382 59 -7.382 7.209 67.559 C
1383 59 -7.000 6.587 66.239 C
1384 59 -7.832 5.940 65.611 O
1385 59 -8.826 7.698 67.477 C
1386 59 -8.966 8.774 66.559 O
1387 60 -5.753 6.777 65.813 N
1388 60 -5.314 6.220 64.539 C
1389 60 -4.429 4.960 64.668 C
1390 60 -4.713 4.071 65.502 O
1391 60 -4.733 7.319 63.620 C
1392 60 -5.845 8.185 63.001 C
1393 60 -5.402 9.486 62.346 C
1394 60 -4.236 9.678 61.996 O
1395 60 -6.358 10.375 62.144 N
1396 61 -3.366 4.878 63.866 N
1397 61 -2.493 3.698 63.852 C
1398 61 -1.602 3.548 65.079 C
1399 61 -0.761 4.379 65.324 O
1400 61 -1.650 3.714 62.564 C
1401 61 -1.004 2.390 62.150 C
1402 61 -0.515 2.519 60.692 C
1403 61 0.081 1.230 60.116 C
1404 61 0.698 1.502 58.754 N
1405 62 -1.826 2.513 65.876 N
1406 62 -1.003 2.257 67.059 C
1407 62 0.352 1.787 66.561 C
1408 62 0.420 0.932 65.666 O
1409 62 -1.612 1.135 67.905 C
1410 62 -1.539 1.375 69.399 C
1411 62 -0.116 1.601 69.876 C
1412 62 -0.118 2.181 71.284 C
1413 62 -0.840 1.298 72.246 N
1414 63 1.424 2.390 67.063 N
1415 63 2.763 1.975 66.671 C
1416 63 3.662 1.984 67.884 C
1417 63 3.290 2.497 68.944 O
1418 63 3.422 2.874 65.580 C
1419 63 2.667 2.771 64.290 C
1420 63 3.517 4.292 66.045 C
1421 64 4.815 1.342 67.749 N
1422 64 5.798 1.330 68.823 C
1423 64 6.408 2.735 68.758 C
1424 64 6.569 3.302 67.652 O
1425 64 6.915 0.263 68.532 C
1426 64 6.317 -1.039 68.518 O
1427 64 8.076 0.334 69.561 C
1428 65 6.683 3.332 69.914 N
1429 65 7.316 4.633 69.902 C
1430 65 8.742 4.500 69.383 C
1431 65 9.369 3.441 69.538 O
1432 65 7.385 5.229 71.297 C
1433 65 5.769 5.414 72.063 S
1434 66 9.219 5.543 68.704 N
1435 66 10.595 5.558 68.211 C
1436 66 11.506 6.008 69.360 C
1437 66 12.620 5.512 69.483 O
1438 66 10.768 6.455 66.978 C
1439 66 9.787 6.163 65.837 C
1440 66 10.080 4.920 64.966 C
1441 66 9.173 4.967 63.680 C
1442 66 9.360 3.947 62.564 N
1443 67 11.036 6.934 70.199 N
1444 67 11.812 7.379 71.365 C
1445 67 11.293 6.489 72.490 C
1446 67 10.228 5.881 72.347 O
1447 67 11.575 8.864 71.690 C
1448 67 11.947 9.804 70.523 C
1449 67 12.728 9.437 69.627 O
1450 67 11.384 11.024 70.540 N
1451 68 11.997 6.435 73.614 N
1452 68 11.598 5.550 74.703 C
1453 68 10.312 5.832 75.457 C
1454 68 10.311 6.576 76.460 O
1455 69 9.233 5.185 75.023 N
1456 69 7.919 5.347 75.648 C
1457 69 6.883 4.436 74.999 C
1458 69 7.193 3.648 74.113 O
1459 69 7.463 6.807 75.550 C
1460 69 7.634 7.424 74.168 C
1461 69 7.258 8.888 74.151 C
1462 69 6.545 9.369 75.049 O
1463 69 7.752 9.623 73.147 N
1464 70 5.645 4.535 75.448 N
1465 70 4.575 3.711 74.891 C
1466 70 3.379 4.582 74.575 C
1467 70 3.412 5.802 74.774 O
1468 70 4.101 2.628 75.898 C
1469 70 3.870 3.228 77.189 O
1470 70 5.128 1.509 76.007 C
1471 71 2.318 3.941 74.103 N
1472 71 1.083 4.646 73.794 C
1473 71 1.285 5.666 72.643 C
1474 71 0.762 6.780 72.660 O
1475 71 0.486 5.309 75.073 C
1476 71 -0.163 4.275 76.070 C
1477 71 -0.389 4.579 77.268 O
1478 71 -0.471 3.060 75.567 N
1479 72 2.015 5.247 71.619 N
1480 72 2.239 6.108 70.477 C
1481 72 1.299 5.739 69.349 C
1482 72 0.947 4.560 69.156 O
1483 72 3.674 5.981 69.990 C
1484 72 4.877 6.878 70.996 S
1485 73 0.933 6.756 68.583 N
1486 73 0.055 6.611 67.433 C
1487 73 0.670 7.386 66.268 C
1488 73 1.249 8.463 66.478 O
1489 73 -1.335 7.170 67.762 C
1490 73 -2.094 6.352 68.771 C
1491 73 -1.834 6.496 70.125 C
1492 73 -2.984 5.366 68.368 C
1493 73 -2.413 5.681 71.054 C
1494 73 -3.580 4.527 69.303 C
1495 73 -3.274 4.696 70.646 C
1496 73 -3.789 3.856 71.599 O
1497 74 0.540 6.847 65.052 N
1498 74 1.051 7.483 63.834 C
1499 74 -0.096 8.070 62.995 C
1500 74 -1.143 7.410 62.816 O
1501 74 1.814 6.447 63.029 C
1502 74 2.451 6.950 61.756 C
1503 74 3.223 5.832 61.092 C
1504 74 2.654 5.030 60.375 O
1505 74 4.505 5.714 61.415 N
1506 75 0.068 9.304 62.508 N
1507 75 -0.984 9.913 61.714 C
1508 75 -1.184 9.134 60.409 C
1509 75 -0.201 8.703 59.761 O
1510 75 -0.690 11.401 61.427 C
1511 75 0.480 11.583 60.655 O
1512 76 -2.441 8.925 60.028 N
1513 76 -2.720 8.219 58.776 C
1514 76 -2.257 9.030 57.545 C
1515 76 -1.856 8.459 56.554 O
1516 76 -4.204 7.845 58.665 C
1517 76 -5.173 9.023 58.558 C
1518 76 -6.625 8.550 58.262 C
1519 76 -7.567 9.738 57.915 C
1520 76 -7.981 10.557 59.106 N
1521 77 -2.281 10.358 57.615 N
1522 77 -1.840 11.179 56.503 C
1523 77 -0.574 11.939 56.898 C
1524 77 -0.096 11.852 58.035 O
1525 77 -2.932 12.182 56.122 C
1526 77 -4.168 11.538 55.810 O
1527 78 0.007 12.630 55.930 N
1528 78 1.187 13.432 56.167 C
1529 78 0.672 14.744 56.705 C
1530 78 -0.460 15.115 56.439 O
1531 78 1.930 13.750 54.847 C
1532 78 1.053 14.453 53.957 O
1533 78 2.426 12.463 54.172 C
1534 79 1.509 15.479 57.417 N
1535 79 1.101 16.757 57.944 C
1536 79 2.213 17.733 57.721 C
1537 79 3.391 17.350 57.669 O
1538 79 0.848 16.627 59.433 C
1539 79 -0.246 15.629 59.765 C
1540 79 -0.799 15.913 61.430 S
1541 79 -2.350 14.987 61.419 C
1542 80 1.852 18.998 57.579 N
1543 80 2.831 20.053 57.393 C
1544 80 3.442 20.316 58.760 C
1545 80 2.700 20.572 59.722 O
1546 80 2.168 21.325 56.892 C
1547 80 1.763 21.224 55.476 C
1548 80 0.495 21.991 55.243 C
1549 80 0.696 23.349 55.705 N
1550 80 -0.177 24.036 56.424 C
1551 80 -1.356 23.511 56.776 N
1552 80 0.183 25.227 56.837 N
1553 81 4.778 20.237 58.828 N
1554 81 5.517 20.444 60.070 C
1555 81 6.757 21.264 59.776 C
1556 81 7.117 21.486 58.598 O
1557 81 5.953 19.093 60.713 C
1558 81 6.918 18.356 59.799 C
1559 81 4.747 18.215 60.962 C
1560 81 7.476 17.060 60.358 C
1561 82 7.346 21.811 60.830 N
1562 82 8.591 22.561 60.731 C
1563 82 9.458 21.915 61.782 C
1564 82 9.039 21.790 62.935 O
1565 82 8.455 24.017 61.130 C
1566 82 7.611 24.678 60.208 O
1567 82 9.783 24.699 61.121 C
1568 83 10.619 21.446 61.365 N
1569 83 11.560 20.825 62.250 C
1570 83 12.565 21.897 62.657 C
1571 83 13.057 22.640 61.814 O
1572 83 12.244 19.681 61.511 C
1573 83 13.207 18.954 62.388 C
1574 83 14.300 19.514 62.631 O
1575 83 12.867 17.864 62.901 O
1576 84 12.800 22.039 63.956 N
1577 84 13.736 23.032 64.510 C
1578 84 14.830 22.251 65.201 C
1579 84 14.559 21.484 66.108 O
1580 84 13.049 23.956 65.532 C
1581 84 11.720 25.006 64.889 S
1582 85 16.069 22.485 64.814 N
1583 85 17.193 21.745 65.370 C
1584 85 18.281 22.735 65.723 C
1585 85 18.565 23.651 64.950 O
1586 85 17.713 20.800 64.289 C
1587 85 17.981 19.425 64.764 C
1588 85 17.240 18.353 63.921 C
1589 85 17.484 17.007 64.476 N
1590 85 16.768 15.917 64.197 C
1591 85 15.733 15.992 63.346 N
1592 85 17.079 14.758 64.803 N
1593 86 18.886 22.571 66.890 N
1594 86 19.947 23.462 67.320 C
1595 86 21.089 23.439 66.325 C
1596 86 21.375 22.404 65.738 O
1597 86 20.483 22.999 68.655 C
1598 86 20.175 23.899 69.767 C
1599 86 20.990 23.541 70.973 C
1600 86 21.028 22.346 71.314 O
1601 86 21.599 24.443 71.573 O
1602 87 21.699 24.579 66.052 N
1603 87 22.845 24.568 65.140 C
1604 87 24.072 24.088 65.965 C
1605 87 24.018 24.053 67.203 O
1606 87 23.134 25.969 64.546 C
1607 87 23.556 26.860 65.588 O
1608 87 21.889 26.527 63.824 C
1609 88 25.156 23.708 65.287 N
1610 88 26.357 23.252 65.976 C
1611 88 26.952 24.318 66.891 C
1612 88 27.590 23.999 67.907 O
1613 89 26.742 25.585 66.549 N
1614 89 27.251 26.681 67.362 C
1615 89 26.277 27.144 68.482 C
1616 89 26.568 28.082 69.237 O
1617 89 27.598 27.869 66.453 C
1618 89 26.453 28.352 65.760 O
1619 90 25.122 26.510 68.582 N
1620 90 24.163 26.918 69.585 C
1621 90 24.744 26.688 70.981 C
1622 90 25.336 25.651 71.252 O
1623 90 22.856 26.140 69.397 C
1624 90 21.843 26.636 70.243 O
1625 91 24.641 27.677 71.851 N
1626 91 25.126 27.504 73.204 C
1627 91 24.435 28.513 74.089 C
1628 91 24.527 29.731 73.876 O
1629 91 26.657 27.634 73.289 C
1630 91 27.250 26.770 74.416 C
1631 91 28.770 26.548 74.307 C
1632 91 29.269 25.530 75.391 C
1633 91 30.785 25.261 75.422 N
1634 92 23.710 27.994 75.068 N
1635 92 22.968 28.833 75.986 C
1636 92 23.872 29.900 76.588 C
1637 92 24.985 29.606 76.955 O
1638 92 22.369 27.964 77.068 C
1639 92 21.539 28.765 77.999 C
1640 92 20.241 29.156 77.647 C
1641 92 22.054 29.188 79.219 C
1642 92 19.488 29.948 78.488 C
1643 92 21.311 29.978 80.058 C
1644 92 20.032 30.356 79.690 C
1645 92 19.317 31.155 80.547 O
1646 93 23.394 31.140 76.758 N
1647 93 22.087 31.726 76.466 C
1648 93 21.895 32.095 75.009 C
1649 93 20.881 32.672 74.654 O
1650 93 22.070 32.955 77.353 C
1651 93 23.467 33.409 77.249 C
1652 93 24.265 32.135 77.406 C
1653 94 22.864 31.762 74.162 N
1654 94 22.750 32.058 72.738 C
1655 94 22.308 30.834 71.914 C
1656 94 23.091 30.259 71.177 O
1657 94 24.071 32.630 72.234 C
1658 94 24.481 33.888 72.992 C
1659 94 25.614 34.003 73.466 O
1660 94 23.551 34.825 73.131 N
1661 95 21.035 30.463 72.039 N
1662 95 20.470 29.304 71.330 C
1663 95 20.255 29.668 69.883 C
1664 95 19.856 30.782 69.600 O
1665 95 19.117 28.931 71.938 C
1666 95 19.168 28.523 73.711 S
1667 96 20.486 28.747 68.965 N
1668 96 20.290 29.055 67.546 C
1669 96 19.716 27.833 66.874 C
1670 96 20.152 26.707 67.147 O
1671 96 21.609 29.429 66.895 C
1672 97 18.748 28.042 65.991 N
1673 97 18.086 26.943 65.326 C
1674 97 18.016 27.052 63.811 C
1675 97 17.871 28.144 63.243 O
1676 97 16.665 26.804 65.844 C
1677 97 16.569 26.442 67.298 C
1678 97 16.558 27.441 68.290 C
1679 97 16.516 25.106 67.698 C
1680 97 16.504 27.102 69.663 C
1681 97 16.461 24.757 69.068 C
1682 97 16.462 25.764 70.031 C
1683 97 16.464 25.425 71.365 O
1684 98 18.109 25.883 63.180 N
1685 98 18.015 25.694 61.733 C
1686 98 16.557 25.262 61.532 C
1687 98 16.090 24.350 62.217 O
1688 98 18.974 24.571 61.289 C
1689 98 18.785 24.159 59.810 C
1690 98 19.812 23.080 59.330 C
1691 98 19.811 22.848 57.795 C
1692 98 21.008 22.018 57.338 N
1693 99 15.869 25.918 60.597 N
1694 99 14.461 25.690 60.260 C
1695 99 14.339 24.819 59.025 C
1696 99 14.975 25.094 58.014 O
1697 99 13.776 27.041 59.923 C
1698 99 13.930 27.955 61.020 O
1699 99 12.271 26.861 59.608 C
1700 100 13.490 23.804 59.081 N
1701 100 13.270 22.934 57.941 C
1702 100 11.798 22.597 57.840 C
1703 100 11.258 21.979 58.749 O
1704 100 14.034 21.608 58.084 C
1705 100 15.431 21.882 58.149 O
1706 100 13.751 20.698 56.910 C
1707 101 11.146 22.983 56.745 N
1708 101 9.725 22.674 56.548 C
1709 101 9.641 21.401 55.727 C
1710 101 10.402 21.216 54.791 O
1711 101 9.045 23.799 55.781 C
1712 101 8.882 25.108 56.530 C
1713 101 8.195 26.177 55.671 C
1714 101 8.246 26.123 54.423 O
1715 101 7.535 27.138 56.324 N
1716 102 8.703 20.534 56.027 N
1717 102 8.585 19.298 55.287 C
1718 102 7.212 18.730 55.624 C
1719 102 6.530 19.240 56.513 O
1720 102 9.771 18.323 55.665 C
1721 102 9.736 17.925 57.162 C
1722 102 9.804 17.083 54.763 C
1723 103 6.774 17.725 54.880 N
1724 103 5.499 17.077 55.134 C
1725 103 5.796 15.617 55.392 C
1726 103 6.408 14.947 54.571 O
1727 103 4.521 17.290 53.969 C
1728 103 4.196 18.743 53.851 C
1729 103 3.353 19.113 52.668 C
1730 103 2.283 18.464 52.508 O
1731 103 3.754 20.093 51.948 O
1732 104 5.424 15.156 56.585 N
1733 104 5.645 13.778 57.012 C
1734 104 4.497 13.312 57.909 C
1735 104 3.630 14.116 58.292 O
1736 104 6.952 13.699 57.822 C
1737 104 8.203 13.886 57.023 C
1738 104 9.477 13.633 57.834 C
1739 104 10.725 13.672 56.930 C
1740 104 12.039 13.430 57.628 N
1741 105 4.465 12.011 58.196 N
1742 105 3.492 11.453 59.137 C
1743 105 4.094 11.758 60.492 C
1744 105 5.308 11.758 60.636 O
1745 105 3.435 9.950 59.046 C
1746 105 2.961 9.461 57.727 C
1747 105 1.624 9.279 57.444 N
1748 105 3.634 9.209 56.581 C
1749 105 1.491 8.946 56.172 C
1750 105 2.697 8.899 55.628 N
1751 106 3.262 11.993 61.497 N
1752 106 3.779 12.274 62.846 C
1753 106 3.368 11.146 63.762 C
1754 106 2.411 10.434 63.471 O
1755 106 3.274 13.628 63.434 C
1756 106 1.766 13.548 63.774 C
1757 106 3.574 14.757 62.444 C
1758 106 1.170 14.842 64.355 C
1759 107 4.200 10.890 64.760 N
1760 107 3.929 9.863 65.760 C
1761 107 3.921 10.645 67.094 C
1762 107 4.903 11.340 67.422 O
1763 107 5.036 8.790 65.773 C
1764 107 5.154 8.148 64.381 C
1765 107 4.724 7.706 66.784 C
1766 107 6.274 7.118 64.266 C
1767 108 2.796 10.612 67.807 N
1768 108 2.656 11.311 69.084 C
1769 108 2.277 10.291 70.147 C
1770 108 1.676 9.255 69.830 O
1771 108 1.524 12.388 69.058 C
1772 108 1.874 13.569 68.126 C
1773 108 0.181 11.738 68.706 C
1774 109 2.693 10.556 71.386 N
1775 109 2.335 9.708 72.537 C
1776 109 1.072 10.344 73.150 C
1777 109 1.052 11.544 73.417 O
1778 109 3.455 9.682 73.546 C
1779 110 0.003 9.561 73.309 N
1780 110 -1.268 10.058 73.852 C
1781 110 -1.526 9.578 75.290 C
1782 110 -1.017 8.539 75.696 O
1783 110 -2.391 9.591 72.963 C
1784 110 -2.199 10.116 71.228 S
1785 111 -2.299 10.343 76.056 N
1786 111 -2.594 9.971 77.429 C
1787 111 -3.787 10.769 77.881 C
1788 111 -4.249 11.630 77.147 O
1789 112 -4.260 10.533 79.096 N
1790 112 -5.402 11.258 79.603 C
1791 112 -6.647 10.510 79.216 C
1792 112 -6.561 9.478 78.530 O
1793 113 -7.800 11.067 79.587 N
1794 113 -9.120 10.510 79.289 C
1795 113 -10.082 11.693 79.143 C
1796 113 -10.458 12.313 80.128 O
1797 113 -9.562 9.620 80.438 C
1798 113 -10.373 8.401 80.063 C
1799 113 -11.821 8.691 79.829 C
1800 113 -12.538 7.369 79.968 C
1801 113 -13.985 7.454 79.692 N
1802 114 -10.511 12.020 77.905 N
1803 114 -10.243 11.450 76.561 C
1804 114 -8.752 11.426 76.204 C
1805 114 -7.996 12.304 76.635 O
1806 114 -10.959 12.432 75.612 C
1807 114 -11.972 13.150 76.482 C
1808 114 -11.224 13.309 77.794 C
1809 115 -8.344 10.469 75.381 N
1810 115 -6.941 10.369 74.968 C
1811 115 -6.537 11.544 74.055 C
1812 115 -7.192 11.791 73.049 O
1813 115 -6.728 9.066 74.240 C
1814 115 -5.369 8.781 74.232 O
1815 116 -5.488 12.282 74.430 N
1816 116 -5.010 13.442 73.669 C
1817 116 -3.485 13.426 73.564 C
1818 116 -2.812 12.795 74.374 O
1819 116 -5.449 14.762 74.323 C
1820 116 -6.949 14.884 74.282 C
1821 116 -4.939 14.838 75.766 C
1822 117 -2.917 14.148 72.580 N
1823 117 -1.453 14.164 72.430 C
1824 117 -0.716 14.833 73.619 C
1825 117 -1.077 15.949 74.056 O
1826 117 -1.259 14.940 71.121 C
1827 117 -2.605 14.736 70.403 C
1828 117 -3.560 14.956 71.527 C
1829 118 0.262 14.128 74.198 N
1830 118 1.018 14.694 75.311 C
1831 118 2.492 14.792 75.024 C
1832 118 3.167 15.555 75.672 O
1833 118 0.734 13.995 76.680 C
1834 118 -0.736 14.222 77.081 C
1835 118 1.036 12.494 76.612 C
1836 119 3.004 14.034 74.058 N
1837 119 4.423 14.132 73.692 C
1838 119 4.575 13.983 72.178 C
1839 119 3.766 13.312 71.528 O
1840 119 5.295 13.052 74.398 C
1841 119 5.358 13.199 75.898 C
1842 119 5.805 14.350 76.519 N
1843 119 4.949 12.369 76.896 C
1844 119 5.656 14.229 77.829 C
1845 119 5.137 13.038 78.083 N
1846 120 5.583 14.637 71.620 N
1847 120 5.837 14.476 70.211 C
1848 120 6.952 13.466 70.169 C
1849 120 8.019 13.675 70.736 O
1850 120 6.289 15.754 69.550 C
1851 120 6.351 15.632 68.057 C
1852 120 7.468 15.106 67.438 C
1853 120 5.251 15.982 67.272 C
1854 120 7.498 14.922 66.056 C
1855 120 5.280 15.798 65.882 C
1856 120 6.420 15.262 65.288 C
1857 121 6.716 12.383 69.454 N
1858 121 7.680 11.313 69.377 C
1859 121 8.630 11.392 68.181 C
1860 121 9.854 11.379 68.348 O
1861 121 6.936 9.986 69.394 C
1862 121 7.857 8.810 69.590 C
1863 121 8.395 8.673 70.697 O
1864 121 8.034 8.014 68.645 O
1865 122 8.071 11.496 66.981 N
1866 122 8.880 11.554 65.769 C
1867 122 8.001 11.786 64.538 C
1868 122 6.778 11.767 64.640 O
1869 122 9.630 10.241 65.596 C
1870 123 8.637 12.100 63.404 N
1871 123 7.945 12.265 62.134 C
1872 123 8.579 11.202 61.248 C
1873 123 9.764 10.874 61.383 O
1874 123 8.138 13.650 61.552 C
1875 123 9.507 13.915 61.345 O
1876 124 7.760 10.566 60.442 N
1877 124 8.258 9.532 59.591 C
1878 124 7.753 9.802 58.170 C
1879 124 6.624 10.273 57.988 O
1880 124 7.888 8.129 60.168 C
1881 124 6.474 8.106 60.646 C
1882 124 8.069 7.069 59.121 C
1883 124 8.548 9.672 57.233 O
