1289 3074
0 2
0 3
0 4
1 3
1 5
1 8
2 4
2 5
2 9
3 8
3 9
4 6
4 7
4 8
5 7
5 8
8 10
8 11
8 12
8 13
9 11
9 13
9 14
9 16
10 12
10 13
10 14
10 17
10 18
11 14
11 16
11 17
11 18
11 24
11 35
11 44
12 14
12 15
12 16
14 15
14 24
14 35
16 18
16 20
16 22
16 24
17 19
17 21
17 22
17 23
17 24
18 20
18 21
18 25
18 26
19 24
19 25
19 26
19 52
20 23
21 22
24 26
24 28
24 29
24 35
25 27
25 29
25 35
26 28
26 36
26 37
26 44
27 35
27 36
27 37
27 60
27 64
28 30
28 31
28 35
29 32
29 33
29 34
30 31
30 33
30 34
31 32
31 34
32 33
35 37
35 39
35 40
35 44
36 38
36 40
36 44
37 39
37 45
37 46
38 39
38 44
38 45
38 46
38 71
39 41
39 42
39 44
40 42
40 43
42 43
44 46
44 48
44 52
45 47
45 49
45 52
46 48
46 49
46 53
46 54
46 60
47 52
47 53
47 54
47 71
47 79
48 50
48 52
49 51
52 54
52 56
52 60
53 55
53 57
53 60
54 56
54 61
54 62
54 71
55 56
55 60
55 61
55 62
55 71
55 79
55 87
56 58
56 59
58 59
60 62
60 64
60 71
61 63
61 65
61 66
61 71
62 64
62 65
62 72
62 73
63 65
63 69
63 71
63 72
63 73
63 96
64 66
64 71
65 67
65 68
65 69
66 68
66 69
67 69
67 70
69 70
71 73
71 75
71 79
72 74
72 76
72 77
72 79
73 75
73 77
73 80
73 81
74 77
74 79
74 80
74 81
75 78
75 79
76 77
79 81
79 83
79 84
79 87
80 82
80 84
80 85
80 87
81 83
81 88
82 83
82 87
82 88
83 85
83 86
83 87
85 86
85 1168
85 1171
86 790
86 1279
87 89
87 91
87 92
87 96
88 90
88 92
88 93
88 94
88 96
89 91
89 97
89 98
90 91
90 96
90 97
91 93
91 94
91 96
92 94
92 95
94 95
95 1145
95 1146
96 98
96 99
97 99
97 100
98 101
99 100
99 101
100 102
100 103
100 104
101 103
101 105
101 106
101 108
102 104
102 105
102 109
103 104
103 108
103 109
103 113
104 106
104 107
106 107
108 110
108 111
108 112
108 113
108 235
109 111
109 113
109 119
110 112
110 120
111 112
111 119
111 120
111 232
111 233
112 114
113 115
114 116
114 117
115 117
115 118
117 118
119 121
119 123
119 124
119 127
120 122
120 124
120 126
120 127
121 123
121 128
122 123
122 127
122 128
122 446
123 125
123 126
125 126
127 129
127 130
127 131
127 132
128 130
128 132
128 136
129 131
129 137
129 138
130 136
130 137
130 138
131 133
131 134
131 136
132 134
133 135
136 138
136 139
136 140
136 141
137 139
137 141
137 142
137 144
138 140
138 142
138 145
139 140
139 144
139 145
140 143
141 142
142 143
144 146
144 147
144 148
144 149
144 220
145 147
145 149
145 156
146 148
146 149
146 157
147 156
147 157
147 217
147 220
148 150
148 151
148 156
149 152
149 153
149 154
150 151
150 153
150 154
151 152
151 154
152 153
152 155
153 155
155 223
156 158
156 159
156 160
156 161
157 159
157 161
157 165
158 160
158 166
158 167
158 168
159 160
159 165
159 166
159 167
160 162
161 163
162 164
162 192
165 167
165 168
165 169
165 170
165 171
165 196
166 168
166 170
166 171
166 173
167 169
167 170
167 171
167 174
167 175
167 180
168 171
168 173
168 174
168 175
168 180
168 189
169 171
169 172
169 173
171 172
171 180
171 189
171 193
173 175
173 177
173 178
173 179
173 180
174 176
174 178
174 179
174 180
175 177
175 178
175 181
176 177
176 180
176 181
178 179
180 182
180 184
180 185
180 189
181 183
181 185
181 189
182 184
182 190
183 184
183 189
183 190
184 186
184 187
185 187
185 188
187 188
188 1069
189 191
189 193
190 192
190 193
191 194
192 193
192 194
193 195
193 196
193 197
193 198
194 196
194 198
194 199
194 205
195 197
195 206
195 207
196 197
196 205
196 206
196 207
196 222
197 199
197 200
197 205
198 201
198 202
198 203
199 200
199 202
199 203
200 201
200 203
201 202
201 204
202 204
205 207
205 208
205 209
205 210
206 208
206 210
206 211
206 217
207 209
207 218
207 222
208 209
208 217
208 218
208 266
209 211
209 212
210 213
210 214
210 215
211 212
211 214
211 215
212 213
212 215
213 214
213 216
214 216
217 219
217 220
217 221
217 222
218 220
218 222
218 223
218 224
219 221
219 223
219 225
220 224
220 225
221 224
222 223
223 224
224 226
224 227
224 228
224 230
224 251
225 227
225 229
225 230
225 232
226 228
226 229
226 230
226 233
226 234
227 230
227 232
227 233
227 234
227 248
228 231
228 232
229 230
229 232
232 234
232 235
233 235
233 236
234 237
235 236
235 237
236 238
236 240
236 241
236 244
237 239
237 241
237 242
237 244
238 240
238 242
238 245
238 246
239 240
239 242
239 244
239 245
239 246
240 243
241 242
244 246
244 248
245 247
245 248
246 249
247 248
247 249
248 250
248 251
248 252
249 251
249 253
249 258
250 252
250 253
250 259
250 260
251 252
251 258
251 259
251 260
252 254
252 255
253 256
253 257
254 255
254 257
254 553
255 256
258 260
258 261
258 262
259 261
259 263
259 266
260 262
260 263
260 267
260 268
261 262
261 266
261 267
262 264
262 265
264 265
266 268
266 270
266 271
266 274
267 269
267 271
267 273
267 274
268 270
268 275
268 278
269 274
269 275
270 272
270 273
270 274
272 273
274 276
274 277
274 278
274 280
275 277
275 279
275 280
275 281
276 278
276 279
276 280
276 282
277 278
277 280
277 281
277 282
278 281
279 280
279 281
279 290
281 283
281 285
281 286
281 290
282 284
282 286
282 290
283 285
283 291
283 292
284 285
284 290
284 291
284 292
285 287
286 288
287 289
290 292
290 293
290 294
291 293
291 295
291 296
291 302
292 294
292 295
292 297
292 298
292 302
292 303
293 296
293 297
293 298
293 303
294 296
294 302
295 296
295 303
296 298
296 300
296 301
296 303
297 299
297 301
297 302
297 303
298 300
298 304
299 300
299 303
299 304
300 302
303 305
303 306
303 307
304 306
304 308
304 309
305 307
305 308
305 310
305 311
305 317
306 307
306 308
306 309
306 310
306 325
306 330
308 325
309 311
309 313
309 317
310 312
310 314
310 315
310 317
311 313
311 314
311 318
311 319
312 313
312 314
312 317
312 318
312 319
312 335
313 315
313 316
315 316
317 319
317 321
317 322
317 325
318 320
318 322
318 323
318 325
319 321
319 326
319 327
319 330
320 325
320 326
320 327
320 330
320 335
320 344
321 323
321 324
321 325
323 324
325 327
325 329
325 330
326 328
326 330
327 329
327 331
327 332
328 330
328 331
328 332
328 350
330 332
330 334
330 335
331 333
331 335
332 334
332 336
332 337
332 344
333 335
333 336
333 337
333 350
333 359
334 335
335 337
335 339
335 340
335 344
336 338
336 340
336 344
337 339
337 345
337 346
338 344
338 345
338 346
338 359
338 367
339 341
339 344
340 342
341 343
344 346
344 348
344 350
345 347
345 349
345 350
346 348
346 349
346 351
346 352
346 359
347 350
347 351
347 352
347 375
350 352
350 354
350 355
350 359
351 353
351 355
351 356
351 359
352 354
352 360
352 361
353 359
353 360
353 361
353 384
354 356
354 357
354 359
355 357
355 358
357 358
357 383
359 361
359 363
359 367
360 362
360 364
360 365
360 367
361 363
361 364
361 368
361 369
362 364
362 367
362 368
362 369
362 389
363 365
363 366
365 366
366 425
367 369
367 371
367 372
367 375
368 370
368 372
368 373
368 375
369 371
369 376
369 377
370 371
370 375
370 376
370 377
370 397
371 373
371 374
371 375
371 404
373 374
373 420
373 425
375 377
375 379
375 384
376 378
376 380
376 384
377 379
377 380
377 385
377 386
378 384
378 385
378 386
379 381
379 382
379 384
380 382
380 383
381 383
384 386
384 388
384 389
385 387
385 389
386 388
386 390
387 389
387 390
389 391
389 393
389 394
389 397
390 392
390 394
390 395
390 396
390 397
391 393
391 395
391 398
391 399
392 395
392 397
392 398
392 399
393 396
394 395
397 399
397 401
398 400
398 401
399 402
400 401
400 402
400 405
401 403
401 404
401 405
401 406
402 404
402 406
402 412
403 405
403 406
403 413
403 414
404 412
404 413
405 407
405 412
406 408
407 409
407 410
408 410
408 411
408 486
410 411
411 485
412 414
412 415
412 416
413 415
413 417
413 418
413 420
414 416
414 421
415 416
415 420
415 421
416 418
416 419
418 419
420 422
420 424
420 425
420 426
420 427
421 423
421 425
421 426
421 427
422 424
422 425
422 428
422 429
422 431
422 435
423 424
423 427
423 428
423 429
423 431
423 435
425 426
425 427
425 435
427 429
427 431
427 435
428 430
428 432
428 433
428 435
429 431
429 436
430 431
430 435
430 436
431 433
431 434
433 434
435 437
435 439
436 438
436 439
437 440
438 439
438 440
439 441
439 442
439 443
439 445
440 442
440 444
440 445
440 446
441 443
441 444
441 447
442 443
442 446
442 447
444 445
444 446
446 448
446 449
446 450
446 451
446 452
447 449
447 451
447 452
447 454
448 450
448 451
448 455
448 456
449 454
449 455
450 453
450 454
451 452
452 453
454 456
454 457
454 458
454 459
454 460
454 485
455 457
455 459
455 460
455 461
456 458
456 459
456 462
456 463
457 461
457 462
457 463
457 487
458 461
459 460
461 463
461 465
461 470
462 464
462 466
462 470
463 465
463 466
463 471
463 472
463 478
464 470
464 471
464 472
464 487
464 492
465 467
465 470
466 468
467 469
470 472
470 474
470 475
470 476
470 478
471 473
471 475
471 476
471 478
472 474
472 479
472 480
473 474
473 478
473 479
473 480
473 501
474 476
474 477
474 478
476 477
478 480
478 482
478 483
478 487
479 481
479 483
479 487
480 482
480 488
480 489
480 492
481 487
481 488
481 489
481 510
482 484
482 485
482 487
483 485
483 486
485 486
487 489
487 491
487 492
488 490
488 492
489 491
489 493
489 494
490 492
490 493
490 494
490 518
492 494
492 496
492 497
492 501
493 495
493 497
493 501
494 496
494 502
494 503
495 496
495 501
495 502
495 503
495 529
495 536
496 498
496 499
497 499
497 500
499 500
501 503
501 505
501 510
502 504
502 506
502 510
503 505
503 506
503 511
503 512
503 518
504 506
504 510
504 511
504 512
504 537
505 507
505 510
506 508
507 509
510 512
510 514
510 515
510 518
511 513
511 515
511 517
511 518
512 514
512 519
512 520
513 514
513 518
513 519
513 520
513 546
513 551
514 516
514 517
514 518
516 517
518 520
518 522
518 529
519 521
519 523
519 524
519 529
520 522
520 523
520 530
520 531
521 529
521 530
521 531
521 546
521 554
522 524
522 525
522 529
523 526
523 527
523 528
524 525
524 527
524 528
525 526
525 528
526 527
529 531
529 533
529 537
530 532
530 534
530 535
530 537
531 533
531 538
531 539
532 537
532 538
532 539
532 561
533 535
533 536
533 537
535 536
537 539
537 541
537 542
537 546
538 540
538 542
538 546
539 541
539 547
539 548
540 541
540 546
540 547
540 548
540 569
541 543
541 545
541 546
542 544
542 545
544 545
546 548
546 550
546 551
546 554
547 549
547 551
547 552
547 554
548 550
548 555
548 556
549 554
549 555
549 556
549 574
550 552
550 553
552 553
554 556
554 558
554 560
554 561
555 557
555 559
555 560
555 561
556 558
556 559
556 562
556 563
557 561
557 562
557 563
557 574
557 579
558 561
559 560
561 563
561 565
561 569
562 564
562 566
562 567
562 569
563 565
563 570
563 571
564 569
564 570
564 571
564 586
564 591
565 567
565 568
567 568
569 571
569 573
569 574
570 572
570 574
571 573
571 575
571 576
572 574
572 575
572 576
572 597
573 574
574 576
574 578
574 579
575 577
575 579
576 578
576 580
576 581
576 586
577 579
577 580
577 581
577 601
578 579
579 581
579 583
579 585
579 586
580 582
580 584
580 585
580 586
581 583
581 584
581 587
581 588
582 586
582 587
582 588
582 601
582 609
583 586
584 585
586 588
586 590
586 591
586 597
587 589
587 591
587 597
588 590
588 598
588 599
588 601
589 597
589 598
589 599
589 609
589 617
590 592
590 593
591 593
592 594
592 595
593 595
593 596
595 596
597 599
597 601
598 600
598 601
599 602
599 603
600 601
600 602
600 603
600 628
600 632
601 603
601 605
601 609
602 604
602 606
602 607
602 609
603 605
603 607
603 610
603 611
603 617
604 609
604 610
604 611
604 628
605 608
605 609
606 607
607 608
609 611
609 613
609 614
609 617
610 612
610 614
610 616
610 617
611 613
611 618
612 613
612 617
612 618
612 664
613 615
613 616
615 616
617 619
617 621
617 622
617 628
618 620
618 622
618 628
619 621
619 629
619 630
620 621
620 628
620 629
620 630
621 623
622 624
623 625
623 626
624 626
624 627
626 627
628 630
628 631
628 632
629 631
629 633
629 634
629 636
630 632
630 633
630 634
630 637
630 638
630 641
631 636
631 637
631 638
631 641
631 650
631 658
632 634
632 635
632 846
634 635
634 641
634 650
635 846
636 638
636 640
636 641
637 639
637 641
638 640
638 642
638 643
639 640
639 641
639 642
641 643
641 645
641 646
641 650
642 644
642 646
642 650
643 645
643 651
644 645
644 650
644 651
645 647
645 650
646 648
646 649
647 649
650 652
650 654
650 655
650 658
651 653
651 655
651 657
651 658
652 654
652 659
652 660
653 658
653 659
653 660
653 674
653 681
654 656
654 657
654 658
656 657
658 660
658 662
658 667
658 673
659 661
659 663
659 667
659 673
660 662
660 663
660 668
660 669
660 673
660 674
661 667
661 668
661 669
661 674
661 693
662 664
662 667
663 665
663 666
664 666
666 700
667 669
667 671
667 672
667 674
668 670
668 672
668 673
668 674
669 671
669 675
669 676
670 674
670 675
670 676
671 673
671 674
674 676
674 678
674 680
674 681
675 677
675 679
675 680
675 681
676 678
676 679
676 682
676 683
677 681
677 682
677 683
677 701
677 706
678 681
679 680
681 683
681 685
681 693
682 684
682 686
682 693
683 685
683 686
683 694
683 695
683 701
684 693
684 694
684 695
684 701
684 707
684 753
685 687
685 688
685 693
686 689
686 690
686 691
687 688
687 690
687 691
688 689
688 691
689 690
689 692
690 692
693 695
693 697
693 698
693 699
693 701
694 696
694 698
694 699
694 701
695 697
695 702
695 703
696 697
696 701
696 702
696 756
697 699
697 700
697 701
699 700
701 703
701 705
701 706
701 707
702 704
702 706
702 707
703 705
703 706
703 708
704 705
704 707
704 708
704 964
707 709
707 710
707 711
707 712
708 710
708 712
708 715
709 711
709 716
709 717
709 718
710 715
710 716
710 753
711 713
711 714
711 715
713 714
715 717
715 718
715 719
715 720
715 721
716 718
716 720
716 721
716 723
717 719
717 720
717 724
717 725
718 723
718 724
718 725
718 746
719 721
719 722
719 723
721 722
721 744
722 735
723 725
723 727
723 728
724 726
724 728
725 727
725 729
725 730
726 728
726 729
726 730
728 730
728 732
728 734
728 735
729 731
729 733
729 734
729 735
730 732
730 733
730 736
730 737
730 746
731 733
731 735
731 736
731 737
731 757
732 735
733 734
735 737
735 739
735 740
735 746
736 738
736 740
736 746
737 739
737 747
737 748
737 757
738 739
738 746
738 747
738 748
738 762
738 767
739 741
740 742
741 743
741 744
742 744
742 745
742 1204
744 745
746 748
746 750
746 757
747 749
747 751
747 757
748 750
748 758
748 759
748 762
749 757
749 758
749 759
749 767
749 775
750 752
750 757
751 753
752 754
752 755
753 755
753 756
755 756
757 759
757 761
757 762
758 760
758 762
759 761
759 763
759 764
760 762
760 763
760 764
760 783
762 764
762 766
762 767
763 765
763 767
764 766
764 768
764 769
765 767
765 768
765 769
765 791
767 769
767 771
767 775
768 770
768 772
768 773
768 775
769 771
769 772
769 776
769 777
770 775
770 776
770 777
770 799
771 773
771 774
771 775
773 774
775 777
775 779
775 780
775 783
776 778
776 780
776 781
776 783
777 779
777 781
777 784
777 785
778 783
778 784
778 785
778 799
778 806
779 782
780 781
781 782
783 785
783 787
783 791
784 786
784 788
784 789
784 791
785 787
785 788
785 789
785 792
785 793
786 789
786 791
786 792
786 793
786 817
787 789
787 790
787 791
789 790
789 1143
789 1146
791 793
791 795
791 796
791 799
792 794
792 796
792 799
793 795
793 800
793 801
794 799
794 800
794 801
794 826
795 797
795 799
796 798
799 801
799 803
799 805
799 806
800 802
800 804
800 805
800 806
801 803
801 804
801 807
801 808
801 817
802 804
802 806
802 807
802 808
802 834
803 806
804 805
806 808
806 810
806 817
807 809
807 811
807 817
808 810
808 811
808 812
808 818
808 819
809 817
809 818
809 819
810 812
810 813
810 817
811 814
811 815
811 816
812 813
812 815
812 816
813 814
813 816
814 815
817 819
817 821
817 826
818 820
818 822
818 826
819 821
819 822
819 827
820 826
820 827
821 823
821 824
821 826
822 824
822 825
824 825
824 1079
826 828
826 830
826 834
827 829
827 831
827 834
828 830
828 835
828 836
828 837
829 830
829 834
829 835
829 836
829 837
830 832
831 833
834 836
834 837
835 837
835 838
836 839
836 840
837 838
837 839
837 840
837 854
837 858
838 840
838 842
838 847
839 841
839 843
839 847
840 842
840 843
840 848
840 849
841 847
841 848
841 849
841 865
842 844
842 845
843 845
843 846
845 846
847 849
847 851
847 852
847 854
848 850
848 852
848 853
848 854
849 851
849 853
849 855
849 856
849 858
850 853
850 854
850 855
850 856
850 857
851 854
852 853
854 856
854 858
855 857
855 858
856 859
856 860
857 858
857 859
857 860
858 860
858 862
858 864
858 865
859 861
859 863
859 864
859 865
860 862
860 863
860 866
860 867
860 870
861 863
861 865
861 866
861 867
861 870
861 874
863 864
865 867
865 869
865 870
866 868
866 870
867 869
867 871
868 870
868 871
870 872
870 874
871 873
871 874
872 875
872 876
872 885
873 874
873 875
873 885
874 876
874 878
874 879
874 880
874 885
875 877
875 879
875 880
875 885
876 878
876 886
876 887
876 892
877 878
877 885
877 886
877 887
877 888
877 892
877 900
877 906
877 911
878 880
878 881
879 882
879 883
879 884
880 881
880 883
880 884
881 882
881 884
882 883
885 887
885 889
885 890
885 892
886 888
886 890
886 891
886 892
887 889
887 891
887 893
887 894
888 891
888 892
888 893
888 894
888 914
889 892
890 891
891 892
892 894
892 896
892 897
892 900
893 895
893 897
893 898
893 900
894 896
894 901
894 902
895 900
895 901
895 902
896 898
896 899
898 899
900 902
900 904
900 905
900 906
901 903
901 905
901 906
902 904
902 907
902 908
903 904
903 906
903 907
903 908
903 930
904 906
905 1030
906 908
906 910
906 911
906 914
907 909
907 911
907 913
907 914
908 910
908 915
908 916
909 914
909 915
909 916
909 938
910 912
910 913
910 914
912 913
914 916
914 918
914 925
915 917
915 919
915 925
916 918
916 919
916 926
916 927
917 925
917 926
917 927
917 947
917 952
918 920
919 921
920 922
920 923
921 923
921 924
923 924
925 927
925 929
925 930
926 928
926 930
927 929
927 931
927 932
927 938
928 930
928 931
928 932
928 947
928 956
928 965
929 930
930 932
930 934
930 935
930 938
931 933
931 935
931 937
931 938
932 934
932 939
932 940
932 947
933 938
933 939
933 940
933 956
934 936
934 937
934 938
936 937
938 940
938 942
938 947
939 941
939 943
939 947
940 942
940 943
940 948
940 949
940 956
941 943
941 947
941 948
942 944
942 945
943 945
943 946
945 946
947 949
947 951
947 952
947 956
948 950
948 952
948 956
949 951
949 957
949 958
949 960
950 951
950 956
950 957
950 958
950 960
951 953
951 954
951 955
952 954
952 955
954 955
956 958
956 960
956 961
956 965
957 959
957 961
957 965
958 960
958 966
959 960
959 965
959 966
960 962
961 963
961 964
962 964
965 967
965 968
965 969
965 970
965 976
966 968
966 970
966 976
967 969
967 977
967 978
968 969
968 976
968 977
968 978
968 1007
969 971
970 972
971 973
971 974
972 974
972 975
974 975
976 978
976 980
976 981
976 990
977 979
977 981
977 990
978 980
978 991
978 992
979 990
979 991
979 992
979 1012
980 982
980 983
981 984
981 985
981 986
982 983
982 985
983 984
983 987
983 988
983 989
984 987
985 986
985 988
985 989
986 987
986 989
987 988
990 992
990 994
990 995
990 996
990 998
991 993
991 995
991 996
991 998
992 994
992 999
992 1000
993 998
993 999
993 1000
993 1017
994 996
994 997
996 997
996 1217
998 1000
998 1002
998 1003
998 1007
999 1001
999 1003
999 1007
1000 1002
1000 1008
1000 1009
1001 1007
1001 1008
1001 1009
1001 1024
1002 1004
1002 1005
1002 1007
1003 1005
1003 1006
1005 1006
1007 1009
1007 1011
1007 1012
1008 1010
1008 1012
1009 1011
1009 1013
1009 1014
1010 1012
1010 1013
1010 1014
1010 1032
1011 1012
1012 1014
1012 1016
1012 1017
1013 1015
1013 1017
1014 1016
1014 1018
1014 1019
1015 1017
1015 1018
1015 1019
1016 1017
1017 1019
1017 1021
1017 1023
1017 1024
1018 1020
1018 1022
1018 1023
1018 1024
1019 1021
1019 1022
1019 1025
1019 1026
1020 1022
1020 1024
1020 1025
1020 1026
1021 1024
1022 1023
1022 1024
1024 1026
1024 1028
1024 1032
1025 1027
1025 1029
1025 1032
1026 1028
1026 1029
1026 1033
1026 1034
1026 1040
1027 1032
1027 1033
1027 1034
1027 1045
1028 1030
1028 1031
1028 1032
1030 1031
1032 1034
1032 1036
1032 1040
1033 1035
1033 1037
1033 1040
1034 1036
1034 1041
1034 1042
1034 1045
1035 1040
1035 1041
1035 1059
1036 1038
1036 1039
1038 1039
1040 1042
1040 1044
1040 1045
1041 1043
1041 1045
1042 1044
1042 1046
1043 1045
1043 1046
1043 1054
1045 1047
1045 1049
1045 1050
1045 1054
1046 1048
1046 1050
1046 1054
1047 1049
1047 1055
1047 1058
1048 1049
1048 1054
1048 1055
1049 1051
1050 1052
1051 1053
1054 1056
1054 1057
1054 1058
1054 1059
1055 1057
1055 1059
1055 1060
1056 1058
1056 1059
1056 1061
1056 1062
1056 1071
1057 1059
1057 1060
1057 1061
1057 1062
1057 1085
1057 1097
1057 1103
1058 1060
1059 1085
1060 1062
1060 1064
1060 1071
1061 1063
1061 1065
1061 1071
1062 1064
1062 1065
1062 1072
1062 1073
1063 1065
1063 1071
1063 1072
1063 1073
1063 1074
1063 1097
1063 1105
1064 1066
1064 1071
1065 1067
1066 1068
1066 1069
1067 1069
1067 1070
1069 1070
1071 1073
1071 1075
1071 1085
1072 1074
1072 1076
1072 1085
1073 1075
1073 1076
1073 1086
1073 1087
1074 1085
1074 1086
1074 1087
1074 1114
1074 1119
1075 1077
1075 1078
1075 1085
1076 1079
1076 1080
1076 1081
1077 1078
1077 1080
1078 1079
1078 1082
1078 1083
1078 1084
1079 1082
1080 1081
1080 1083
1080 1084
1081 1082
1081 1084
1082 1083
1085 1087
1085 1089
1085 1097
1086 1088
1086 1090
1086 1097
1087 1089
1087 1090
1087 1091
1087 1098
1087 1099
1088 1097
1088 1098
1088 1099
1088 1121
1088 1122
1089 1091
1089 1092
1089 1097
1090 1093
1090 1094
1090 1095
1091 1092
1091 1094
1091 1095
1092 1093
1092 1095
1093 1094
1093 1096
1094 1096
1096 1159
1097 1099
1097 1101
1097 1102
1097 1105
1098 1100
1098 1102
1098 1104
1098 1105
1099 1101
1099 1106
1100 1101
1100 1105
1100 1106
1101 1103
1101 1104
1103 1104
1105 1107
1105 1109
1105 1110
1105 1114
1106 1108
1106 1110
1106 1111
1106 1114
1107 1109
1107 1115
1108 1109
1108 1114
1108 1115
1109 1111
1109 1113
1109 1114
1110 1112
1110 1113
1112 1113
1114 1116
1114 1118
1114 1119
1114 1120
1114 1121
1114 1127
1115 1117
1115 1119
1115 1120
1115 1121
1115 1127
1116 1118
1116 1119
1116 1122
1116 1123
1116 1127
1117 1118
1117 1119
1117 1121
1117 1122
1117 1123
1117 1147
1119 1120
1121 1123
1121 1125
1121 1126
1121 1128
1122 1124
1122 1126
1122 1127
1122 1128
1123 1125
1123 1129
1123 1130
1124 1128
1124 1129
1124 1130
1124 1152
1124 1157
1125 1127
1128 1130
1128 1132
1128 1133
1128 1136
1129 1131
1129 1133
1129 1134
1129 1136
1130 1132
1130 1137
1130 1138
1131 1136
1131 1137
1131 1138
1131 1161
1132 1134
1132 1135
1132 1136
1134 1135
1136 1138
1136 1140
1136 1147
1137 1139
1137 1141
1137 1147
1138 1140
1138 1141
1138 1148
1138 1149
1139 1141
1139 1147
1139 1148
1139 1149
1139 1161
1139 1172
1140 1142
1140 1147
1141 1143
1142 1144
1142 1145
1143 1145
1143 1146
1145 1146
1147 1149
1147 1151
1147 1152
1148 1150
1148 1152
1149 1151
1149 1153
1149 1154
1149 1161
1150 1152
1150 1153
1150 1154
1150 1172
1150 1179
1152 1154
1152 1156
1152 1157
1152 1161
1153 1155
1153 1157
1153 1161
1154 1156
1154 1162
1154 1163
1155 1156
1155 1161
1155 1162
1155 1163
1155 1187
1155 1192
1156 1158
1156 1161
1157 1159
1158 1160
1161 1163
1161 1165
1161 1166
1161 1172
1162 1164
1162 1166
1162 1172
1163 1165
1163 1173
1163 1174
1164 1172
1164 1173
1164 1174
1164 1194
1164 1199
1165 1167
1165 1168
1165 1172
1166 1168
1167 1169
1167 1170
1168 1170
1168 1171
1170 1171
1172 1174
1172 1176
1172 1178
1172 1179
1173 1175
1173 1177
1173 1178
1173 1179
1174 1176
1174 1177
1174 1180
1174 1181
1175 1179
1175 1180
1175 1181
1175 1194
1175 1201
1176 1179
1177 1178
1179 1181
1179 1183
1179 1184
1179 1187
1180 1182
1180 1184
1180 1185
1180 1187
1181 1183
1181 1185
1181 1188
1181 1189
1181 1194
1182 1185
1182 1187
1182 1188
1182 1189
1182 1201
1182 1212
1183 1186
1184 1185
1185 1186
1187 1189
1187 1191
1187 1192
1187 1194
1188 1190
1188 1192
1188 1193
1188 1194
1189 1191
1189 1193
1189 1195
1189 1196
1190 1191
1190 1193
1190 1194
1190 1195
1190 1196
1190 1223
1190 1228
1191 1194
1192 1193
1194 1196
1194 1198
1194 1199
1194 1201
1195 1197
1195 1199
1195 1200
1195 1201
1196 1198
1196 1200
1196 1202
1196 1203
1197 1201
1197 1202
1197 1203
1197 1230
1199 1200
1201 1203
1201 1205
1201 1206
1201 1212
1202 1204
1202 1206
1202 1207
1202 1212
1203 1205
1203 1213
1203 1214
1204 1212
1204 1213
1204 1214
1205 1207
1205 1208
1205 1212
1206 1209
1206 1210
1206 1211
1207 1208
1207 1210
1207 1211
1208 1209
1208 1211
1209 1210
1212 1214
1212 1216
1212 1223
1213 1215
1213 1217
1213 1223
1214 1216
1214 1224
1215 1223
1215 1224
1216 1218
1216 1219
1216 1223
1217 1219
1218 1220
1218 1221
1219 1221
1219 1222
1221 1222
1223 1225
1223 1227
1223 1228
1223 1229
1223 1230
1224 1226
1224 1228
1224 1229
1224 1230
1225 1227
1225 1228
1225 1231
1225 1232
1225 1234
1226 1227
1226 1230
1226 1231
1226 1232
1227 1230
1228 1229
1228 1230
1228 1234
1228 1239
1230 1232
1230 1234
1231 1233
1231 1234
1232 1235
1233 1234
1233 1235
1234 1236
1234 1237
1234 1238
1234 1239
1234 1240
1235 1237
1235 1239
1235 1240
1235 1241
1236 1238
1236 1239
1236 1242
1236 1255
1237 1239
1237 1241
1237 1242
1238 1241
1239 1240
1239 1255
1241 1243
1241 1245
1241 1246
1241 1255
1242 1244
1242 1246
1242 1255
1243 1245
1243 1256
1243 1257
1243 1263
1244 1245
1244 1255
1244 1256
1244 1257
1244 1263
1244 1268
1245 1247
1245 1248
1246 1249
1246 1250
1246 1251
1247 1248
1247 1250
1248 1249
1248 1252
1248 1253
1248 1254
1249 1252
1250 1251
1250 1253
1250 1254
1251 1252
1251 1254
1252 1253
1255 1257
1255 1259
1255 1260
1255 1261
1255 1263
1256 1258
1256 1260
1256 1261
1256 1263
1257 1259
1257 1264
1257 1265
1257 1268
1258 1259
1258 1263
1258 1264
1258 1265
1258 1268
1259 1261
1259 1262
1259 1263
1261 1262
1261 1287
1261 1288
1263 1265
1263 1267
1263 1268
1264 1266
1264 1268
1265 1267
1265 1269
1266 1267
1266 1268
1266 1269
1268 1270
1268 1272
1268 1273
1268 1280
1269 1271
1269 1273
1269 1280
1270 1272
1270 1281
1271 1272
1271 1280
1271 1281
1272 1274
1272 1275
1273 1276
1273 1277
1273 1278
1274 1275
1274 1277
1274 1278
1275 1276
1275 1278
1276 1277
1276 1279
1277 1279
1280 1282
1280 1284
1280 1285
1281 1283
1281 1285
1282 1284
1284 1286
1285 1287
1286 1288
1 1 43.868999 -3.303000 8.968000 N
2 1 43.487000 -1.904000 9.095000 C
3 1 42.064999 -1.922000 9.551000 C
4 1 41.346001 -2.925000 9.356000 O
5 1 43.639000 -1.255000 7.720000 C
6 1 42.827999 -0.021000 7.554000 C
7 1 43.812000 1.459000 7.929000 S
8 1 45.422001 0.900000 7.468000 C
9 2 41.667000 -0.844000 10.206000 N
10 2 40.308998 -0.721000 10.690000 C
11 2 39.943001 0.744000 10.788000 C
12 2 40.779999 1.589000 10.585000 O
13 2 40.119999 -1.464000 12.067000 C
14 2 41.019001 -0.904000 13.168000 C
15 2 40.977001 0.292000 13.468000 O
16 2 41.897999 -1.756000 13.684000 N
17 3 38.689999 1.012000 11.179000 N
18 3 38.181000 2.376000 11.292000 C
19 3 39.054001 3.367000 12.112000 C
20 3 39.220001 4.575000 11.759000 O
21 3 36.665001 2.420000 11.635000 C
22 3 35.998001 3.805000 11.537000 C
23 3 36.355000 1.742000 12.995000 C
24 3 36.226002 4.637000 10.230000 C
25 4 39.546001 2.844000 13.204000 N
26 4 40.316002 3.659000 14.071000 C
27 4 41.584999 4.046000 13.408000 C
28 4 42.014000 5.198000 13.441000 O
29 4 40.553001 2.917000 15.408000 C
30 4 39.259998 2.863000 16.246000 C
31 4 38.894001 3.925000 17.084999 C
32 4 38.349998 1.792000 16.173000 C
33 4 37.705002 3.898000 17.827000 C
34 4 37.150002 1.755000 16.899000 C
35 4 36.821999 2.817000 17.743999 C
36 5 42.216000 3.049000 12.868000 N
37 5 43.487000 3.305000 12.237000 C
38 5 43.327000 4.187000 11.051000 C
39 5 44.161999 5.007000 10.766000 O
40 5 44.000000 2.033000 11.667000 C
41 5 44.457001 1.099000 12.804000 C
42 5 45.140999 -0.169000 12.355000 C
43 5 45.692001 -0.352000 11.261000 O
44 5 45.243000 -1.001000 13.330000 O
45 6 42.237999 3.916000 10.341000 N
46 6 41.926998 4.705000 9.187000 C
47 6 41.733002 6.160000 9.549000 C
48 6 42.344002 7.096000 8.961000 O
49 6 40.636002 4.160000 8.581000 C
50 6 40.273998 4.806000 7.235000 C
51 6 38.492001 4.542000 6.844000 S
52 6 38.426998 4.689000 5.020000 C
53 7 40.851002 6.415000 10.470000 N
54 7 40.643002 7.820000 10.829000 C
55 7 41.855999 8.458000 11.462000 C
56 7 42.096001 9.659000 11.361000 O
57 7 39.432999 7.982000 11.742000 C
58 7 38.126999 8.065000 10.968000 C
59 7 37.006001 7.693000 11.896000 C
60 7 37.875999 9.447000 10.323000 C
61 8 42.658001 7.654000 12.158000 N
62 8 43.839001 8.211000 12.812000 C
63 8 44.803001 8.740000 11.760000 C
64 8 45.473000 9.743000 11.944000 O
65 8 44.492001 7.179000 13.625000 C
66 8 45.838001 7.662000 14.077000 C
67 8 45.723999 8.748000 15.124000 C
68 8 47.061001 9.001000 15.638000 N
69 8 48.020000 9.566000 14.913000 C
70 8 47.821999 9.992000 13.653000 N
71 8 49.223000 9.741000 15.475000 7
2 9 44.787998 8.103000 10.621000 N
73 9 45.630001 8.541000 9.535000 C
74 9 45.049000 9.795000 8.897000 C
75 9 45.764999 10.724000 8.571000 O
76 9 45.799999 7.436000 8.447000 C
77 9 46.844002 6.387000 8.845000 C
78 9 46.129002 8.049000 7.046000 C
79 9 46.530998 5.010000 8.207000 C
80 10 43.737999 9.851000 8.694000 N
81 10 43.132000 10.996000 8.052000 C
82 10 43.091999 12.286000 8.897000 C
83 10 43.102001 13.395000 8.376000 O
84 10 41.693001 10.612000 7.671000 C
85 10 41.727001 9.822000 6.369000 C
86 10 42.655998 9.940000 5.597000 O
87 10 40.709999 9.024000 6.194000 O
88 11 42.925999 12.125000 10.203000 N
89 11 42.785999 13.298000 11.057000 C
90 11 44.062000 13.746000 11.751000 C
91 11 44.139999 14.876000 12.160000 O
92 11 41.785999 12.991000 12.162000 C
93 11 40.431999 12.707000 11.579000 C
94 11 39.716000 13.897000 11.020000 C
95 11 40.337002 15.036000 11.224000 O
96 11 38.611000 13.773000 10.479000 O
97 12 44.955002 12.796000 11.948000 N
98 12 46.188999 12.993000 12.716000 C
99 12 45.861000 13.004000 14.236000 C
100 12 44.790001 12.555000 14.681000 O
101 13 46.856998 13.456000 15.011000 N
102 13 46.751999 13.572000 16.450001 C
103 13 47.469002 14.806000 16.923000 C
104 13 48.667000 14.955000 16.712000 O
105 13 47.312000 12.328000 17.159000 C
106 13 47.479000 12.475000 18.672001 C
107 13 46.110001 12.633000 19.351999 C
108 13 48.141998 11.219000 19.205999 C
109 14 46.700001 15.692000 17.546000 N
110 14 47.182999 16.907000 18.136999 C
111 14 46.679001 17.051001 19.518000 C
112 14 45.487000 16.912001 19.766001 O
113 14 46.942001 18.125999 17.315001 C
114 14 47.862999 17.947001 16.132000 C
115 14 47.652000 18.951000 15.012000 C
116 14 48.404999 20.162001 15.293000 N
117 14 48.300999 21.346001 14.660000 1
18 14 47.452999 21.594000 13.636000 N
119 14 49.095001 22.332001 15.083000 N
120 15 47.660000 17.285000 20.417000 N
121 15 47.403999 17.438000 21.820000 C
122 15 47.130001 18.851000 22.297001 C
123 15 46.772999 19.004000 23.445000 O
124 15 48.431999 16.740999 22.688000 C
125 15 48.487999 15.263000 22.386999 C
126 15 49.557999 14.622000 23.230000 C
127 15 47.119999 14.581000 22.607000 C
128 16 47.271999 19.867001 21.459999 N
129 16 46.901001 21.209999 21.818001 C
130 16 45.820000 21.635000 20.857000 C
131 16 45.681000 21.048000 19.780001 O
132 16 48.054001 22.256001 21.837999 C
133 16 49.192001 21.858999 20.958000 C
134 16 50.508999 21.913000 21.681999 C
135 16 50.356998 21.707001 23.167999 C
136 16 51.308998 22.511999 23.941999 1
37 17 44.994999 22.596001 21.278999 N
138 17 43.910999 23.113001 20.462000 C
139 17 44.501999 23.606001 19.110001 C
140 17 45.499001 24.350000 19.065001 O
141 17 43.181999 24.261999 21.191000 C
142 17 42.466999 23.768999 22.462000 C
143 17 42.233002 25.083000 20.282000 C
144 17 41.450001 24.768999 23.024000 C
145 18 43.886002 23.223000 18.000000 N
146 18 44.360001 23.674999 16.711000 C
147 18 43.174999 24.042999 15.824000 C
148 18 42.032001 23.774000 16.190001 O
149 18 45.286999 22.573000 16.117001 C
150 18 44.564999 21.302000 15.748000 C
151 18 44.298000 20.243000 16.636000 C
152 18 44.130001 21.181000 14.421000 C
153 18 43.592999 19.112000 16.181999 C
154 18 43.445999 20.059999 13.958000 C
155 18 43.146999 19.039000 14.854000 C
156 18 42.518002 17.923000 14.357000 O
157 19 43.416000 24.653000 14.688000 N
158 19 42.341000 24.973000 13.785000 C
159 19 42.299999 23.899000 12.726000 C
160 19 43.320999 23.539000 12.167000 O
161 19 42.533001 26.285000 13.084000 C
162 19 42.285999 27.417000 14.038000 C
163 19 41.584999 28.568001 13.376000 C
164 19 42.041000 29.931999 13.898000 C
165 19 40.991001 30.974001 13.868000 1
66 20 41.078999 23.444000 12.423000 N
167 20 40.970001 22.471001 11.390000 C
168 20 41.063999 23.129999 9.974000 C
169 20 41.242001 24.360001 9.835000 O
170 20 39.779999 21.534000 11.639000 C
171 20 38.444000 22.118999 11.279000 C
172 20 38.486000 23.360001 10.941000 O
173 20 37.403999 21.507000 11.308000 O
174 21 40.882999 22.289000 8.930000 N
175 21 40.937000 22.749001 7.503000 C
176 21 39.945999 23.841999 7.192000 C
177 21 40.162998 24.589001 6.232000 O
178 21 40.834000 21.575001 6.480000 C
179 21 39.497002 21.118000 6.480000 O
180 21 41.698002 20.358999 6.931000 C
181 22 38.852001 23.948000 8.031000 N
182 22 37.790001 24.990000 7.935000 C
183 22 38.012001 26.212000 8.847000 C
184 22 37.233002 27.134001 8.784000 O
185 22 36.361000 24.516001 8.165000 C
186 22 35.935001 23.289000 7.326000 C
187 22 35.757000 23.565001 5.861000 C
188 22 35.466999 24.827000 5.602000 O
189 22 35.893002 22.700001 4.996000 O
190 23 39.084999 26.149000 9.687000 N
191 23 39.511002 27.156000 10.609000 C
192 23 38.766998 26.983999 11.912000 C
193 23 38.618000 27.909000 12.623000 O
194 24 38.277000 25.794001 12.208000 N
195 24 37.570000 25.688999 13.473000 C
196 24 38.419998 25.025999 14.455000 C
197 24 39.217999 24.160000 14.118000 O
198 24 36.388000 24.808001 13.415000 C
199 24 35.444000 25.277000 12.413000 C
200 24 35.077999 26.608999 12.400000 C
201 24 34.789001 24.360001 11.592000 C
202 24 34.099998 27.018999 11.500000 C
203 24 33.860001 24.764999 10.636000 C
204 24 33.520000 26.114000 10.605000 C
205 24 32.556000 26.562000 9.716000 O
206 25 38.182999 25.407000 15.682000 N
207 25 38.964001 24.886999 16.775999 C
208 25 38.626999 23.437000 17.016001 C
209 25 37.452999 23.076000 17.170000 O
210 25 38.647999 25.690001 18.046000 C
211 25 39.231998 27.044001 18.007000 C
212 25 40.619999 27.152000 17.915001 C
213 25 38.423000 28.187000 18.056999 C
214 25 41.209999 28.416000 17.875999 C
215 25 38.993999 29.455999 18.018000 C
216 25 40.389999 29.546000 17.952000 C
217 25 41.000000 30.796000 17.891001 O
218 26 39.686001 22.702999 17.106001 N
219 26 39.644001 21.273001 17.238001 C
220 26 40.749001 20.820999 18.135000 C
221 26 41.734001 21.531000 18.350000 O
222 26 39.930000 20.724001 15.785000 C
223 26 38.984001 21.273001 14.878000 O
224 26 39.948002 19.209999 15.645000 C
225 27 40.650002 19.566000 18.572001 N
226 27 41.714001 18.959000 19.365999 C
227 27 41.779999 17.422001 19.157000 C
228 27 40.821999 16.836000 18.756001 O
229 27 41.580002 19.261999 20.878000 C
230 27 42.910000 18.937000 21.612000 C
231 27 40.407001 18.424000 21.493999 C
232 27 43.162998 19.771999 22.829000 C
233 28 42.882999 16.783001 19.547001 N
234 28 42.942001 15.325000 19.511000 C
235 28 42.995998 14.770000 18.110001 C
236 28 43.786999 15.209000 17.309000 O
237 29 42.113998 13.831000 17.868000 N
238 29 41.974998 13.150000 16.579000 C
239 29 40.693001 13.587000 15.909000 C
240 29 39.682999 12.886000 15.854000 O
241 29 42.021999 11.630000 16.749001 C
242 29 43.301998 11.257000 17.570000 C
243 29 41.944000 10.916000 15.370000 C
244 29 43.276001 9.856000 18.158001 C
245 30 40.780998 14.817000 15.416000 N
246 30 39.693001 15.435000 14.746000 C
247 30 38.473999 15.700000 15.584000 C
248 30 37.389000 15.709000 15.026000 O
249 31 38.644001 15.964000 16.893000 N
250 31 37.488998 16.301001 17.775000 C
251 31 37.099998 17.770000 17.665001 C
252 31 37.773998 18.636000 18.218000 O
253 31 37.726002 15.916000 19.288000 C
254 31 36.466000 16.166000 20.058001 C
255 31 35.423000 15.252000 20.087999 N
256 31 36.056999 17.278000 20.794001 C
257 31 34.431000 15.780000 20.797001 C
258 31 34.772999 17.004000 21.225000 N
259 32 36.037998 18.114000 16.954000 N
260 32 35.714001 19.542000 16.833000 C
261 32 35.221001 20.122999 18.125999 C
262 32 34.379002 19.524000 18.787001 O
263 32 34.639999 19.759001 15.723000 C
264 32 33.973999 21.142000 15.833000 C
265 32 34.841999 22.201000 15.193000 C
266 32 32.664001 21.106001 15.102000 C
267 33 35.723999 21.235001 18.514000 N
268 33 35.261002 21.761000 19.749001 C
269 33 34.160000 22.731001 19.534000 C
270 33 33.167999 22.691000 20.237000 O
271 33 36.354000 22.415001 20.561001 C
272 33 37.377998 21.403000 21.051001 C
273 33 38.632000 22.194000 21.400000 C
274 33 36.806000 20.750000 22.289000 C
275 34 34.355999 23.652000 18.622999 N
276 34 33.368000 24.673000 18.403000 C
277 34 33.613998 25.327000 17.080999 C
278 34 34.756001 25.402000 16.664000 O
279 34 33.477001 25.829000 19.500000 C
280 34 32.450001 26.791000 19.368000 O
281 34 34.827999 26.548000 19.518999 C
282 35 32.530998 25.868999 16.511999 N
283 35 32.583000 26.636999 15.260000 C
284 35 32.743000 28.136999 15.571000 C
285 35 32.870998 28.986000 14.687000 O
286 35 31.400000 26.339001 14.327000 C
287 35 31.226999 24.840000 13.980000 C
288 35 30.604000 24.542999 12.618000 C
289 35 29.839001 23.216000 12.516000 2
90 35 28.507999 23.330000 11.812000 2
91 36 32.772999 28.461000 16.850000 N
292 36 32.966000 29.843000 17.204000 C
293 36 34.395000 30.239000 17.173000 C
294 36 35.361000 29.521000 17.441999 O
295 36 32.216999 30.333000 18.436001 C
296 36 33.132000 30.820999 19.375999 O
297 37 34.507999 31.448999 16.785999 N
298 37 35.741001 32.112000 16.531000 C
299 37 36.544998 32.407001 17.739000 C
300 37 37.650002 32.914001 17.648001 O
301 37 35.324001 33.435001 15.903000 C
302 37 33.842999 33.328999 15.566000 C
303 37 33.300999 32.105999 16.257999 C
304 38 35.991001 32.096001 18.868000 N
305 38 36.632999 32.402000 20.113001 C
306 38 37.355000 31.221001 20.774000 C
307 38 36.727001 30.177999 20.924999 O
308 38 35.467999 32.827000 21.006001 C
309 38 36.005001 32.945000 22.320999 O
310 39 38.641998 31.399000 21.156000 N
311 39 39.527000 30.400000 21.766001 C
312 39 39.115002 30.131001 23.177000 C
313 39 39.311001 29.062000 23.764000 O
314 39 41.014000 30.841999 21.743999 C
315 39 41.987000 29.844999 22.365000 C
316 39 42.050999 28.542999 21.590000 C
317 39 43.365002 30.441000 22.483999 C
318 40 38.502998 31.146999 23.712000 N
319 40 37.986000 30.983000 25.016001 C
320 40 36.796001 30.083000 24.933001 C
321 40 36.606998 29.160000 25.750000 O
322 40 37.537998 32.299999 25.645000 C
323 40 38.777000 32.970001 26.122000 C
324 40 39.705002 32.310001 26.656000 O
325 40 38.904999 34.244999 25.740999 3
26 41 35.971001 30.329000 23.957001 N
327 41 34.862000 29.438000 23.820000 C
328 41 35.397999 27.997000 23.587000 C
329 41 34.848999 27.034000 24.075001 O
330 41 33.910999 29.881001 22.712000 C
331 42 36.478001 27.843000 22.841999 N
332 42 37.020000 26.510000 22.573999 C
333 42 37.509998 25.867001 23.867001 C
334 42 37.296001 24.672001 24.139999 O
335 42 38.178001 26.646999 21.577000 C
336 43 38.194000 26.674999 24.674999 N
337 43 38.773998 26.191000 25.947001 C
338 43 37.706001 25.743999 26.905001 C
339 43 37.791000 24.719999 27.542000 O
340 43 39.625000 27.243000 26.586000 C
341 43 40.977001 27.298000 25.896999 C
342 43 41.583000 28.674000 26.059999 C
343 43 43.099998 28.698000 25.948000 C
344 43 43.770000 29.106001 27.195999 N
345 44 36.625999 26.431000 26.868999 N
346 44 35.558998 26.034000 27.719999 C
347 44 34.875000 24.757000 27.268000 C
348 44 34.532001 23.875999 28.070999 O
349 44 34.599998 27.229000 27.937000 C
350 44 33.300999 26.822001 28.344000 O
351 45 34.681000 24.643000 25.972000 N
352 45 34.087002 23.437000 25.448000 C
353 45 35.068001 22.334000 25.718000 C
354 45 34.686001 21.224001 26.054001 O
355 45 33.898998 23.555000 23.947001 C
356 45 32.653999 24.367001 23.655001 C
357 45 31.389999 23.730000 24.160000 C
358 45 31.107000 22.590000 23.995001 O
359 45 30.528000 24.572001 24.607000 O
360 46 36.365002 22.620001 25.615000 N
361 46 37.328999 21.547001 25.896000 C
362 46 37.264000 21.006001 27.347000 C
363 46 37.359001 19.825001 27.608000 O
364 46 38.791000 21.947001 25.544001 C
365 46 39.819000 20.895000 25.917000 C
366 46 39.625999 19.671000 25.052999 C
367 46 41.237000 21.483000 25.598000 C
368 47 37.146999 21.898001 28.341000 N
369 47 37.155998 21.466999 29.733000 C
370 47 35.937000 20.742001 30.073000 C
371 47 35.985001 19.834000 30.886999 O
372 47 37.306000 22.697001 30.677000 C
373 47 38.664001 23.381001 30.569000 C
374 47 39.687000 22.927999 30.061001 O
375 47 38.610001 24.525999 31.069000 O
376 48 34.827000 21.187000 29.427999 N
377 48 33.536999 20.521000 29.625999 C
378 48 33.611000 19.096001 29.077999 C
379 48 33.115002 18.136000 29.657000 O
380 48 32.514999 21.316999 28.818001 C
381 48 31.153000 20.662001 28.773001 C
382 48 30.028000 21.653999 28.555000 C
383 48 30.077000 22.341000 27.197001 C
384 48 29.593000 21.451000 26.156000 N
385 49 34.282001 18.947001 27.929001 N
386 49 34.431000 17.617001 27.294001 C
387 49 35.252998 16.587999 28.090000 C
388 49 34.903000 15.404000 28.145000 O
389 49 34.880001 17.726000 25.809000 C
390 50 36.365002 17.059999 28.694000 N
391 50 37.331001 16.238001 29.466999 C
392 50 37.022999 16.132999 30.962000 C
393 50 37.480000 15.245000 31.691000 O
394 50 38.717999 16.872000 29.224001 C
395 50 39.101002 16.764000 27.747999 C
396 50 39.821999 16.374001 30.132999 C
397 50 38.988998 15.339000 27.190001 C
398 51 36.269001 17.080999 31.419001 N
399 51 35.917000 17.129000 32.806000 C
400 51 37.069000 17.665001 33.671001 C
401 51 37.164001 17.281000 34.796001 O
402 52 37.925999 18.563999 33.188000 N
403 52 38.987000 19.122999 34.028999 C
404 52 39.407001 20.427999 33.424000 C
405 52 39.012001 20.684000 32.307999 O
406 52 40.174999 18.195000 34.271000 C
407 52 41.030998 17.910999 33.042999 C
408 52 42.257000 17.120001 33.408001 C
409 52 43.083000 16.705000 32.256001 N
410 52 43.994999 17.500000 31.806999 C
411 52 44.132999 18.691999 32.396999 N
412 52 44.777000 17.164000 30.784000 N
413 53 40.167999 21.256001 34.158001 N
414 53 40.681000 22.507999 33.623001 C
415 53 41.869999 22.129000 32.803001 C
416 53 42.895000 21.728001 33.383999 O
417 53 41.291000 23.351999 34.731998 C
418 53 40.428001 24.535000 34.764000 4
19 53 39.259998 24.327999 35.057999 O
420 53 40.925999 25.659000 34.223999 N
421 54 41.738998 22.155001 31.497000 N
422 54 42.839001 21.674999 30.671000 C
423 54 43.848999 22.714001 30.231001 C
424 54 44.942001 22.337000 29.795000 O
425 54 42.311001 21.068001 29.344999 C
426 54 41.770000 22.131001 28.558001 O
427 54 41.325001 19.937000 29.600000 C
428 55 43.498001 23.999001 30.249001 N
429 55 44.422001 24.993999 29.722000 C
430 55 44.699001 24.721001 28.236000 C
431 55 45.766998 25.101999 27.705000 O
432 55 45.757999 25.231001 30.537001 C
433 55 46.335999 26.673000 30.478001 4
34 55 45.638000 27.657000 30.146000 O
435 55 47.617001 26.827999 30.832001 N
436 56 43.754002 24.047001 27.559000 N
437 56 43.870998 23.771000 26.118999 C
438 56 44.882999 22.726999 25.683001 C
439 56 45.221001 22.635000 24.507000 O
440 57 45.327000 21.938000 26.632999 N
441 57 46.200001 20.820999 26.375999 C
442 57 45.597000 19.544001 26.993999 C
443 57 45.140999 19.573000 28.132000 O
444 57 47.575001 21.031000 26.964001 C
445 57 48.422001 19.796000 26.663000 C
446 57 48.213001 22.264000 26.351999 C
447 58 45.645000 18.395000 26.285999 N
448 58 45.118999 17.142000 26.847000 C
449 58 46.200001 16.099001 26.690001 C
450 58 47.217999 16.330999 26.000999 O
451 58 43.803001 16.735001 26.162001 C
452 58 44.033001 16.527000 24.634001 C
453 58 42.687000 17.766001 26.451000 C
454 58 42.820000 15.906000 23.920000 C
455 59 46.027000 14.944000 27.264999 N
456 59 47.023998 13.917000 27.118999 C
457 59 46.567001 13.005000 25.972000 C
458 59 45.470001 13.122000 25.492001 O
459 59 47.117001 13.094000 28.423000 C
460 59 45.875000 12.422000 28.653999 O
461 59 47.384998 14.040000 29.586000 C
462 60 47.407001 12.063000 25.594000 N
463 60 47.081001 11.148000 24.552999 C
464 60 45.911999 10.283000 24.915001 C
465 60 45.040001 9.962000 24.099001 O
466 60 48.289001 10.255000 24.327000 C
467 60 48.110001 9.228000 23.216999 C
468 60 49.386002 8.969000 22.434000 C
469 60 49.257999 7.910000 21.346001 4
70 60 49.890999 8.285000 20.054001 4
71 61 45.903000 9.835000 26.165001 N
472 61 44.805000 8.995000 26.610001 C
473 61 43.459999 9.717000 26.475000 C
474 61 42.430000 9.142000 26.143999 O
475 61 44.939999 8.764000 28.090000 C
476 61 45.841999 7.640000 28.402000 C
477 61 46.446999 7.148000 27.344000 O
478 61 46.001999 7.248000 29.531000 4
79 62 43.481998 10.992000 26.850000 N
480 62 42.311001 11.833000 26.774000 C
481 62 41.891998 11.979000 25.301001 C
482 62 40.721001 11.937000 24.999001 O
483 62 42.569000 13.232000 27.347000 C
484 62 42.404999 13.201000 28.844000 C
485 62 42.980999 14.369000 29.558001 C
486 62 43.664001 15.218000 29.035000 O
487 62 42.601002 14.396000 30.795000 O
488 63 42.874001 12.157000 24.396000 N
489 63 42.550999 12.278000 22.976000 C
490 63 41.894001 11.004000 22.500999 C
491 63 40.924999 11.044000 21.778000 O
492 63 43.768002 12.648000 22.142000 C
493 64 42.423000 9.866000 22.974001 N
494 64 41.865002 8.602000 22.596001 C
495 64 40.504002 8.347000 23.173000 C
496 64 39.686001 7.666000 22.594000 O
497 64 42.827000 7.491000 22.959999 C
498 64 43.837002 7.408000 21.827999 C
499 64 45.043999 6.657000 22.221001 C
500 64 45.139999 6.115000 23.313000 O
501 64 45.967999 6.667000 21.285000 O
502 65 40.245998 8.823000 24.330000 N
503 65 38.933998 8.622000 24.853001 C
504 65 37.879002 9.400000 24.042999 C
505 65 36.799999 8.889000 23.700001 O
506 65 38.882000 9.036000 26.299999 C
507 65 37.473999 8.832000 26.798000 C
508 65 37.397999 8.887000 28.309000 C
509 65 36.306999 8.015000 28.907000 C
510 65 36.148998 8.302000 30.336000 N
511 66 38.203999 10.655000 23.667999 N
512 66 37.312000 11.470000 22.816999 C
513 66 37.132999 10.784000 21.500000 C
514 66 36.057999 10.805000 20.951000 O
515 66 37.895000 12.821000 22.481001 C
516 66 37.912998 13.744000 23.690001 C
517 66 38.391998 15.142000 23.243000 C
518 66 36.499001 13.859000 24.233000 C
519 67 38.203999 10.160000 20.997000 N
520 67 38.081001 9.489000 19.698999 C
521 67 37.144001 8.317000 19.757000 C
522 67 36.303001 8.096000 18.874001 O
523 67 39.483002 9.092000 19.224001 C
524 67 39.657001 8.462000 17.857000 C
525 67 38.957001 8.897000 16.724001 C
526 67 40.631001 7.471000 17.695000 C
527 67 39.224998 8.341000 15.469000 C
528 67 40.908001 6.893000 16.448000 C
529 67 40.195000 7.346000 15.338000 C
530 68 37.293999 7.510000 20.806999 N
531 68 36.408001 6.364000 20.969999 C
532 68 34.924999 6.781000 21.013000 C
533 68 34.049999 6.155000 20.444000 O
534 68 36.748001 5.561000 22.249001 C
535 68 37.921001 4.596000 22.080000 C
536 68 37.879002 3.746000 21.195000 O
537 68 38.873001 4.606000 23.052000 N
538 69 34.643002 7.882000 21.731001 N
539 69 33.249001 8.342000 21.811001 C
540 69 32.734001 8.819000 20.496000 C
541 69 31.561001 8.681000 20.166000 O
542 69 33.216000 9.605000 22.715000 C
543 69 33.519001 9.190000 24.141001 C
544 69 33.709999 10.302000 25.181999 C
545 69 33.811001 9.984000 26.365999 O
546 69 33.778000 11.562000 24.792999 N
547 70 33.636002 9.502000 19.770000 N
548 70 33.305000 10.070000 18.504999 C
549 70 33.042999 8.994000 17.459000 C
550 70 32.123001 9.119000 16.664000 O
551 70 34.404999 11.040000 18.041000 C
552 70 34.389000 12.373000 18.778999 C
553 70 33.452999 12.773000 19.403999 O
554 70 35.497002 13.061000 18.679001 O
555 71 33.844002 7.934000 17.475000 N
556 71 33.620998 6.887000 16.520000 C
557 71 32.292999 6.198000 16.829000 C
558 71 31.440001 5.908000 15.958000 O
559 71 34.816002 5.904000 16.473000 C
560 71 34.436001 4.631000 15.702000 C
561 71 36.090000 6.562000 15.902000 C
562 72 32.112999 5.905000 18.089001 N
563 72 30.870001 5.286000 18.538000 C
564 72 29.646000 6.129000 18.177000 C
565 72 28.612000 5.624000 17.672001 O
566 72 31.021999 5.021000 20.073000 C
567 72 29.951000 4.159000 20.686001 C
568 72 29.496000 3.243000 19.886999 O
569 72 29.594000 4.287000 21.809999 O
570 73 29.704000 7.430000 18.408001 N
571 73 28.570000 8.301000 18.077000 C
572 73 28.278999 8.296000 16.580000 C
573 73 27.138000 8.369000 16.146999 O
574 73 28.872999 9.728000 18.472000 C
575 74 29.326000 8.259000 15.781000 N
576 74 29.172001 8.237000 14.314000 C
577 74 28.414000 6.959000 13.900000 C
578 74 27.461000 7.033000 13.124000 O
579 74 30.516001 8.263000 13.564000 C
580 75 28.868999 5.811000 14.399000 N
581 75 28.201000 4.553000 14.019000 C
582 75 26.740000 4.615000 14.395000 C
583 75 25.862000 4.232000 13.644000 O
584 75 28.872000 3.364000 14.665000 C
585 75 28.080999 2.038000 14.444000 C
586 75 30.329000 3.212000 14.113000 C
587 76 26.504999 5.102000 15.580000 N
588 76 25.171000 5.154000 16.106001 C
589 76 24.259001 6.108000 15.345000 C
590 76 23.108999 5.789000 15.042000 O
591 76 25.181999 5.220000 17.641001 C
592 76 26.065001 4.164000 18.261000 C
593 76 25.657000 3.809000 19.680000 C
594 76 24.237000 3.498000 19.725000 N
595 76 23.593000 3.067000 20.809999 5
96 76 24.316000 2.885000 21.936001 N
597 76 22.254999 2.837000 20.787001 N
598 77 24.775999 7.249000 14.918000 N
599 77 23.974001 8.149000 14.126000 C
600 77 23.632999 7.555000 12.731000 C
601 77 22.653999 7.915000 12.092000 O
602 78 24.518999 6.714000 12.222000 N
603 78 24.318001 6.031000 10.944000 C
604 78 23.117001 5.090000 11.144000 C
605 78 22.177000 5.053000 10.367000 O
606 78 25.558001 5.203000 10.485000 C
607 78 26.667000 6.107000 9.913000 C
608 78 25.124001 4.186000 9.402000 C
609 78 27.990000 5.399000 9.584000 C
610 79 23.129999 4.374000 12.268000 N
611 79 22.108999 3.399000 12.553000 C
612 79 20.773001 3.959000 12.841000 C
613 79 19.757000 3.307000 12.636000 O
614 79 22.548000 2.326000 13.563000 C
615 79 23.805000 1.628000 13.061000 C
616 79 24.330999 0.797000 14.181000 C
617 79 23.500999 0.701000 11.867000 C
618 80 20.771000 5.185000 13.289000 N
619 80 19.518999 5.830000 13.531000 C
620 80 19.052999 6.627000 12.313000 C
621 80 17.948000 7.149000 12.304000 O
622 80 19.628000 6.858000 14.691000 C
623 80 19.908001 6.341000 16.101000 C
624 80 19.676001 7.470000 17.141001 6
25 80 20.893000 8.182000 17.606001 6
26 80 21.412001 9.364000 17.170000 6
27 80 20.875000 10.141000 16.190001 N
628 80 22.551001 9.781000 17.757000 N
629 81 19.910999 6.870000 11.329000 N
630 81 19.464001 7.720000 10.285000 C
631 81 18.763000 6.890000 9.238000 C
632 81 19.274000 5.865000 8.788000 O
633 81 20.607000 8.665000 9.871000 C
634 81 20.246000 9.541000 8.714000 C
635 81 19.937000 9.058000 7.656000 O
636 81 20.320000 10.818000 8.867000 N
637 82 17.517000 7.217000 8.962000 N
638 82 16.712000 6.448000 8.015000 C
639 82 17.298000 6.416000 6.614000 C
640 82 17.021000 5.494000 5.811000 O
641 82 15.290000 6.977000 7.883000 C
642 83 18.073000 7.414000 6.285000 N
643 83 18.684999 7.410000 4.972000 C
644 83 19.997000 6.689000 4.994000 C
645 83 20.375000 6.107000 3.997000 O
646 83 19.011999 8.767000 4.435000 C
647 83 17.782000 9.394000 3.864000 C
648 83 17.520000 10.686000 4.592000 6
49 83 17.642000 11.813000 3.597000 6
50 83 17.926001 11.233000 2.269000 6
51 84 20.693001 6.763000 6.118000 N
652 84 21.990999 6.111000 6.196000 C
653 84 22.006001 4.612000 6.481000 C
654 84 22.802000 3.848000 5.971000 O
655 84 22.903000 6.867000 7.179000 C
656 84 23.016001 8.303000 6.775000 C
657 84 23.858000 9.089000 7.765000 C
658 84 23.714001 8.391000 5.431000 C
659 85 21.180000 4.193000 7.390000 N
660 85 21.150999 2.802000 7.788000 C
661 85 21.023001 1.760000 6.663000 C
662 85 21.709999 0.757000 6.643000 O
663 85 20.070999 2.654000 8.855000 C
664 85 20.031000 1.264000 9.467000 C
665 85 19.042999 1.133000 10.608000 C
666 85 19.291000 -0.143000 11.385000 C
667 85 19.294001 -1.314000 10.507000 N
668 86 20.094000 1.966000 5.731000 N
669 86 19.922001 0.975000 4.691000 C
670 86 21.163000 0.880000 3.898000 C
671 86 21.518999 -0.185000 3.444000 O
672 86 18.747999 1.419000 3.785000 C
673 86 18.124001 2.570000 4.515000 C
674 86 19.143000 3.070000 5.552000 C
675 87 21.851999 2.012000 3.739000 N
676 87 23.096001 1.948000 2.975000 C
677 87 24.164000 1.159000 3.708000 C
678 87 24.822001 0.290000 3.159000 O
679 87 23.610001 3.324000 2.588000 C
680 87 24.947001 3.252000 1.807000 C
681 87 22.530001 4.048000 1.769000 C
682 88 24.396999 1.521000 4.924000 N
683 88 25.388000 0.857000 5.760000 C
684 88 25.103001 -0.681000 5.820000 C
685 88 26.003000 -1.503000 5.640000 O
686 88 25.243999 1.500000 7.148000 C
687 88 26.261999 1.034000 8.111000 C
688 88 27.488001 1.685000 8.163000 C
689 88 25.968000 0.000000 8.988000 C
690 88 28.399000 1.266000 9.132000 C
691 88 26.931000 -0.551000 9.818000 C
692 88 28.142000 0.134000 9.908000 C
693 88 29.077000 -0.243000 10.795000 O
694 89 23.846001 -1.047000 6.071000 N
695 89 23.466999 -2.478000 6.164000 C
696 89 23.775999 -3.207000 4.895000 C
697 89 24.080000 -4.368000 4.909000 O
698 89 21.962000 -2.588000 6.420000 C
699 89 21.608000 -2.358000 7.876000 C
700 89 22.615999 -2.411000 8.649000 O
701 89 20.507999 -2.118000 8.245000 O
702 90 23.688999 -2.517000 3.758000 N
703 90 23.966000 -3.164000 2.473000 C
704 90 25.434000 -3.372000 2.172000 C
705 90 25.823999 -4.103000 1.238000 O
706 90 23.348000 -2.380000 1.294000 C
707 90 24.056000 -1.193000 1.078000 O
708 91 26.320000 -2.677000 2.860000 N
709 91 27.718000 -2.748000 2.486000 C
710 91 28.533001 -3.802000 3.208000 C
711 91 28.181999 -4.260000 4.281000 O
712 91 28.354000 -1.369000 2.867000 C
713 91 27.808001 -0.126000 2.056000 C
714 91 28.334000 1.189000 2.669000 C
715 91 28.268999 -0.172000 0.614000 C
716 92 29.688000 -4.097000 2.653000 N
717 92 30.658001 -4.954000 3.249000 C
718 92 31.455999 -4.166000 4.314000 C
719 92 31.333000 -2.950000 4.426000 O
720 92 31.632999 -5.511000 2.211000 C
721 92 32.333000 -4.411000 1.444000 C
722 92 31.579000 -3.953000 0.481000 O
723 92 33.437000 -3.935000 1.760000 O
724 93 32.299999 -4.897000 5.071000 N
725 93 33.077999 -4.348000 6.147000 C
726 93 33.969002 -3.190000 5.832000 C
727 93 33.938000 -2.154000 6.563000 O
728 93 33.665001 -5.396000 7.133000 C
729 94 34.729000 -3.319000 4.736000 N
730 94 35.590000 -2.217000 4.328000 C
731 94 34.849998 -0.970000 3.899000 C
732 94 35.192001 0.152000 4.266000 O
733 94 36.501999 -2.739000 3.246000 C
734 94 37.451000 -1.635000 2.911000 C
735 94 37.254002 -3.886000 3.857000 C
736 95 33.790001 -1.108000 3.117000 N
737 95 33.051998 0.077000 2.678000 C
738 95 32.276001 0.678000 3.799000 C
739 95 32.082001 1.855000 3.851000 O
740 95 32.166000 -0.216000 1.470000 C
741 95 32.997002 -0.717000 0.311000 C
742 95 32.088001 -0.869000 -0.906000 C
743 95 32.812000 -1.118000 -2.154000 N
744 95 33.196999 -2.309000 -2.607000 C
745 95 33.034000 -3.429000 -1.937000 N
746 95 33.832001 -2.360000 -3.769000 N
747 96 31.892000 -0.121000 4.768000 N
748 96 31.184000 0.448000 5.943000 C
749 96 32.127998 1.430000 6.623000 C
750 96 31.714001 2.491000 7.062000 O
751 96 30.820000 -0.605000 6.971000 C
752 96 29.513000 -1.267000 6.613000 C
753 96 29.239000 -2.519000 7.476000 C
754 96 28.013000 -3.148000 6.987000 N
755 96 27.461000 -4.243000 7.512000 C
756 96 28.018000 -4.837000 8.531000 N
757 96 26.341999 -4.783000 7.005000 N
758 97 33.375999 1.058000 6.713000 N
759 97 34.342999 1.938000 7.273000 C
760 97 34.450001 3.247000 6.515000 C
761 97 34.591000 4.312000 7.155000 O
762 97 35.713001 1.291000 7.442000 C
763 98 34.359001 3.220000 5.198000 N
764 98 34.417000 4.482000 4.460000 C
765 98 33.193001 5.390000 4.742000 C
766 98 33.285000 6.608000 4.765000 O
767 98 34.605000 4.215000 2.967000 C
768 99 32.014999 4.807000 4.945000 N
769 99 30.816999 5.612000 5.273000 C
770 99 30.957001 6.212000 6.655000 C
771 99 30.569000 7.344000 6.918000 O
772 99 29.563999 4.685000 5.241000 C
773 99 28.228001 5.368000 5.302000 C
774 99 28.107000 6.410000 4.200000 C
775 99 27.105000 4.330000 5.223000 C
776 100 31.552999 5.456000 7.582000 N
777 100 31.738001 5.979000 8.905000 C
778 100 32.722000 7.166000 8.847000 C
779 100 32.530998 8.188000 9.477000 O
780 100 32.202000 4.868000 9.859000 C
781 100 31.205000 3.707000 10.129000 C
782 100 32.735001 5.468000 11.154000 C
783 100 31.962999 2.550000 10.802000 C
784 101 33.792000 7.043000 8.049000 N
785 101 34.765999 8.134000 7.925000 C
786 101 34.115002 9.421000 7.477000 C
787 101 34.351002 10.498000 7.996000 O
788 101 35.801998 7.702000 6.866000 C
789 101 37.057999 8.544000 6.794000 C
790 101 36.987999 9.769000 6.649000 O
791 101 38.217999 7.873000 6.833000 N
792 102 33.299999 9.310000 6.446000 N
793 102 32.643002 10.511000 5.975000 C
794 102 31.724001 11.112000 7.070000 C
795 102 31.576000 12.340000 7.262000 O
796 102 31.771999 10.206000 4.742000 C
797 102 32.508999 9.926000 3.414000 C
798 102 31.309000 9.624000 2.041000 S
799 102 30.674000 11.307000 1.788000 C
800 103 31.018999 10.226000 7.768000 N
801 103 30.099001 10.743000 8.775000 C
802 103 30.903000 11.429000 9.873000 C
803 103 30.545000 12.469000 10.344000 O
804 103 29.198999 9.680000 9.372000 C
805 103 28.419001 10.345000 10.487000 C
806 103 28.159000 9.181000 8.325000 C
807 104 32.011002 10.822000 10.250000 N
808 104 32.828999 11.433000 11.270000 C
809 104 33.235001 12.848000 10.911000 C
810 104 33.196999 13.778000 11.682000 O
811 104 34.102001 10.537000 11.341000 C
812 104 35.002998 10.902000 12.463000 C
813 104 35.938999 11.917000 12.277000 C
814 104 34.937000 10.262000 13.709000 C
815 104 36.835999 12.260000 13.308000 C
816 104 35.817001 10.596000 14.749000 C
817 104 36.765999 11.604000 14.544000 C
818 105 33.661999 12.986000 9.663000 N
819 105 34.143002 14.218000 9.071000 C
820 105 33.104000 15.285000 8.882000 C
821 105 33.320000 16.429001 9.227000 O
822 105 34.867001 13.943000 7.685000 C
823 105 35.387001 15.269000 7.063000 C
824 105 36.146000 15.170000 5.755000 C
825 105 36.222000 14.132000 5.123000 O
826 105 36.641998 16.337999 5.305000 N
827 106 31.990000 14.890000 8.255000 N
828 106 30.930000 15.820000 7.873000 C
829 106 29.628000 15.815000 8.616000 C
830 106 28.771000 16.659000 8.407000 O
831 106 30.812000 15.999000 6.335000 C
832 106 30.205000 14.970000 5.424000 C
833 106 30.858000 15.383000 3.775000 S
834 106 32.123001 14.122000 3.598000 C
835 107 29.431999 14.854000 9.488000 N
836 107 28.191999 14.818000 10.183000 C
837 107 27.173000 14.074000 9.330000 C
838 107 27.211000 14.039000 8.117000 O
839 108 26.257999 13.499000 10.024000 N
840 108 25.204000 12.673000 9.467000 C
841 108 24.288000 13.334000 8.432000 C
842 108 23.819000 12.765000 7.426000 O
843 108 24.485001 11.966000 10.654000 C
844 108 23.009001 11.714000 10.403000 C
845 108 22.292000 11.361000 11.666000 8
46 108 23.101000 11.315000 12.694000 O
847 108 21.094999 11.137000 11.711000 O
848 109 24.031000 14.597000 8.735000 N
849 109 23.204000 15.384000 7.918000 C
850 109 23.889999 15.644000 6.634000 C
851 109 23.235001 15.533000 5.586000 O
852 109 22.848000 16.738001 8.562000 C
853 109 22.129999 16.471001 9.711000 O
854 109 21.945000 17.495001 7.599000 C
855 110 25.181000 15.995000 6.746000 N
856 110 25.961000 16.285000 5.570000 C
857 110 25.945000 15.061000 4.717000 C
858 110 25.636000 15.106000 3.560000 O
859 111 26.232000 13.923000 5.301000 N
860 111 26.250999 12.727000 4.471000 C
861 111 24.917000 12.290000 3.849000 C
862 111 24.899000 11.859000 2.690000 O
863 111 26.993999 11.601000 5.153000 C
864 111 27.037001 10.398000 4.215000 C
865 111 28.420000 12.077000 5.491000 C
866 112 23.825001 12.390000 4.633000 N
867 112 22.476999 11.974000 4.204000 C
868 112 22.049000 12.700000 2.929000 C
869 112 21.211000 12.251000 2.141000 O
870 112 21.448000 12.058000 5.344000 C
871 113 22.686001 13.819000 2.679000 N
872 113 22.410000 14.606000 1.476000 C
873 113 23.066000 14.173000 0.153000 C
874 113 22.788000 14.748000 -0.901000 O
875 114 23.952000 13.213000 0.189000 N
876 114 24.580000 12.746000 -1.021000 C
877 114 23.645000 11.695000 -1.561000 C
878 114 23.934000 10.539000 -1.798000 O
879 114 25.948000 12.167000 -0.702000 C
880 114 27.077999 13.169000 -0.399000 C
881 114 26.944000 14.223000 0.508000 C
882 114 28.263000 13.125000 -1.142000 C
883 114 28.003000 15.103000 0.744000 C
884 114 29.320000 14.030000 -0.964000 C
885 114 29.184000 15.024000 0.004000 C
886 115 22.469999 12.120000 -1.774000 N
887 115 21.443001 11.252000 -2.195000 C
888 115 21.825001 10.307000 -3.283000 C
889 115 21.569000 9.114000 -3.267000 O
890 115 20.298000 12.065000 -2.812000 C
891 115 19.636000 12.751000 -1.813000 O
892 115 19.323000 11.081000 -3.362000 C
893 116 22.332001 10.928000 -4.311000 N
894 116 22.731001 10.222000 -5.493000 C
895 116 23.833000 9.189000 -5.288000 C
896 116 23.780001 8.090000 -5.849000 O
897 116 22.988001 11.161000 -6.717000 C
898 116 21.719000 11.932000 -7.177000 C
899 116 20.667000 11.333000 -7.395000 O
900 116 21.801001 13.265000 -7.280000 N
901 117 24.851000 9.538000 -4.555000 N
902 117 25.943001 8.633000 -4.250000 C
903 117 25.436001 7.509000 -3.361000 C
904 117 25.896999 6.398000 -3.500000 O
905 117 27.013000 9.320000 -3.436000 C
906 117 27.554001 10.366000 -4.218000 O
907 118 24.504999 7.827000 -2.460000 N
908 118 23.955000 6.793000 -1.542000 C
909 118 23.267000 5.726000 -2.299000 C
910 118 23.384001 4.494000 -2.055000 O
911 118 23.018000 7.370000 -0.433000 C
912 118 23.788000 8.363000 0.523000 C
913 118 22.886999 9.052000 1.486000 C
914 118 24.851999 7.663000 1.354000 C
915 119 22.493999 6.195000 -3.244000 N
916 119 21.746000 5.262000 -4.085000 C
917 119 22.674999 4.326000 -4.910000 C
918 119 22.429001 3.121000 -5.057000 O
919 119 20.768999 6.037000 -4.954000 C
920 119 20.099001 5.187000 -6.074000 C
921 119 19.363001 5.994000 -7.225000 9
22 119 19.945000 5.874000 -8.609000 9
23 119 19.400000 5.330000 -9.746000 9
24 119 18.156000 4.802000 -9.798000 N
925 119 20.149000 5.354000 -10.882000 9
26 120 23.764000 4.887000 -5.440000 N
927 120 24.688000 4.088000 -6.208000 C
928 120 25.409000 3.145000 -5.287000 C
929 120 25.662001 2.007000 -5.608000 O
930 120 25.702000 4.945000 -7.004000 C
931 121 25.740999 3.620000 -4.101000 N
932 121 26.444000 2.681000 -3.252000 C
933 121 25.516001 1.513000 -2.931000 C
934 121 25.902000 0.341000 -2.877000 O
935 121 26.830000 3.408000 -1.955000 C
936 121 28.011000 4.356000 -2.159000 C
937 121 28.177999 5.193000 -0.888000 C
938 121 29.290001 3.618000 -2.456000 C
939 122 24.292000 1.851000 -2.601000 N
940 122 23.379000 0.842000 -2.224000 C
941 122 23.156000 -0.205000 -3.365000 C
942 122 22.972000 -1.406000 -3.147000 O
943 122 22.089001 1.533000 -1.814000 C
944 122 21.107000 0.448000 -1.487000 C
945 122 20.122000 0.813000 -0.404000 C
946 122 19.926001 2.019000 -0.106000 O
947 122 19.479000 -0.231000 0.160000 9
48 123 23.191000 0.259000 -4.614000 N
949 123 23.009001 -0.633000 -5.746000 C
950 123 24.275999 -1.314000 -6.135000 C
951 123 24.281000 -2.096000 -7.086000 O
952 123 22.521000 0.168000 -6.943000 C
953 123 21.216000 0.915000 -6.691000 C
954 123 20.716999 1.516000 -7.989000 C
955 123 19.983000 0.870000 -8.733000 O
956 123 21.233000 2.689000 -8.327000 N
957 124 25.385000 -0.984000 -5.445000 N
958 124 26.680000 -1.553000 -5.749000 C
959 124 27.264999 -1.137000 -7.086000 C
960 124 27.976000 -1.903000 -7.762000 O
961 124 26.740999 -3.089000 -5.559000 C
962 124 26.198000 -3.470000 -4.171000 C
963 124 26.797001 -4.768000 -3.677000 C
964 124 26.198999 -5.189000 -2.351000 C
965 124 26.580000 -4.336000 -1.283000 N
966 125 26.969000 0.082000 -7.487000 N
967 125 27.546000 0.580000 -8.726000 C
968 125 28.750000 1.441000 -8.328000 C
969 125 28.586000 2.650000 -8.170000 O
970 125 26.476000 1.369000 -9.461000 C
971 125 25.308001 0.555000 -10.029000 C
972 125 24.099001 1.497000 -10.205000 C
973 125 23.319000 1.472000 -11.454000 N
974 125 22.312000 0.632000 -11.747000 C
975 125 21.929001 -0.377000 -10.953000 N
976 125 21.683001 0.790000 -12.911000 N
977 126 29.917999 0.806000 -8.111000 N
978 126 31.087999 1.415000 -7.543000 C
979 126 31.695999 2.605000 -8.202000 C
980 126 31.959000 3.670000 -7.587000 O
981 126 32.105999 0.399000 -6.978000 C
982 126 31.524000 -0.786000 -6.238000 C
983 126 31.757999 -2.073000 -6.605000 C
984 126 30.716000 -0.858000 -5.054000 C
985 126 31.113001 -2.910000 -5.790000 N
986 126 30.457001 -2.213000 -4.809000 C
987 126 30.177999 0.051000 -4.182000 C
988 126 29.771999 -2.676000 -3.679000 C
989 126 29.410999 -0.383000 -3.111000 C
990 126 29.195000 -1.746000 -2.840000 C
991 127 31.917000 2.414000 -9.474000 N
992 127 32.459000 3.466000 -10.288000 C
993 127 31.528000 4.656000 -10.413000 C
994 127 31.978001 5.798000 -10.356000 O
995 127 32.924000 2.849000 -11.596000 C
996 127 34.088001 1.933000 -11.271000 C
997 127 34.344002 1.537000 -10.139000 O
998 127 34.838001 1.671000 -12.290000 O
999 128 30.212999 4.400000 -10.555000 N
1000 128 29.280001 5.496000 -10.627000 C
1001 128 29.254000 6.301000 -9.368000 C
1002 128 29.209000 7.518000 -9.420000 O
1003 128 27.811001 5.041000 -10.983000 C
1004 128 27.899000 3.869000 -12.005000 C
1005 128 26.618999 3.337000 -12.629000 1
6 128 25.490999 3.903000 -12.198000 O
1007 128 26.646000 2.432000 -13.448000 1
8 129 29.264999 5.610000 -8.222000 N
1009 129 29.285000 6.270000 -6.947000 C
1010 129 30.521000 7.147000 -6.762000 C
1011 129 30.441000 8.289000 -6.305000 O
1012 129 29.205000 5.221000 -5.842000 C
1013 130 31.667000 6.621000 -7.134000 N
1014 130 32.933998 7.299000 -7.046000 C
1015 130 32.992001 8.575000 -7.857000 C
1016 130 33.532001 9.573000 -7.455000 O
1017 130 34.056999 6.361000 -7.471000 C
1018 131 32.393002 8.540000 -9.020000 N
1019 131 32.377998 9.715000 -9.824000 C
1020 131 31.479000 10.767000 -9.210000 C
1021 131 31.801001 11.926000 -9.139000 O
1022 131 31.809000 9.335000 -11.169000 C
1023 131 31.202999 10.534000 -11.825000 C
1024 131 32.915001 8.770000 -12.006000 C
1025 132 30.311001 10.342000 -8.764000 N
1026 132 29.375999 11.273000 -8.138000 C
1027 132 29.907000 11.872000 -6.814000 C
1028 132 29.660000 13.041000 -6.464000 O
1029 132 28.038000 10.571000 -7.853000 C
1030 132 26.941000 11.520000 -7.405000 C
1031 132 26.667999 11.736000 -6.193000 O
1032 132 26.296000 12.160000 -8.401000 N
1033 133 30.601999 11.035000 -6.038000 N
1034 133 31.127001 11.527000 -4.774000 C
1035 133 32.108002 12.679000 -5.016000 C
1036 133 32.203999 13.570000 -4.195000 O
1037 133 31.865000 10.382000 -3.983000 C
1038 133 30.936001 9.413000 -3.246000 C
1039 133 31.698999 8.113000 -2.897000 C
1040 133 30.388000 10.119000 -1.980000 C
1041 134 32.856998 12.594000 -6.133000 N
1042 134 33.888000 13.566000 -6.487000 C
1043 134 33.349998 14.935000 -6.865000 C
1044 134 34.054001 15.964000 -6.787000 O
1045 134 34.911999 12.934000 -7.451000 C
1046 135 32.063000 14.982000 -7.220000 N
1047 135 31.419001 16.256001 -7.549000 C
1048 135 30.837999 16.893999 -6.299000 C
1049 135 29.642000 16.957001 -6.087000 O
1050 135 30.364000 16.121000 -8.643000 C
1051 135 30.830000 15.333000 -9.878000 C
1052 135 29.684999 15.542000 -10.860000 C
1053 135 29.459000 14.525000 -11.951000 C
1054 135 28.075001 14.570000 -12.444000 1
55 136 31.716999 17.382000 -5.429000 N
1056 136 31.270000 17.875000 -4.170000 C
1057 136 32.277000 18.832001 -3.654000 C
1058 136 33.493000 18.791000 -3.975000 O
1059 136 31.138000 16.726999 -3.170000 C
1060 136 32.412998 16.094999 -3.030000 O
1061 137 31.768000 19.709999 -2.859000 N
1062 137 32.682999 20.667000 -2.248000 C
1063 137 33.693001 19.896000 -1.435000 C
1064 137 34.910999 20.209000 -1.364000 O
1065 137 31.891001 21.549000 -1.321000 C
1066 137 32.847000 22.341000 -0.444000 C
1067 137 32.030998 23.198000 0.528000 C
1068 137 32.803001 24.327999 1.062000 N
1069 137 33.553001 24.285999 2.155000 C
1070 137 33.657001 23.186001 2.893000 N
1071 137 34.233002 25.379999 2.531000 N
1072 138 33.180000 18.837999 -0.761000 N
1073 138 34.027000 17.919001 0.051000 C
1074 138 35.307999 17.507999 -0.715000 C
1075 138 36.451000 17.638000 -0.268000 O
1076 138 33.181999 16.596001 0.346000 C
1077 138 33.986000 15.428000 0.973000 C
1078 138 34.723000 15.466000 2.144000 C
1079 138 34.092999 14.069000 0.506000 C
1080 138 35.286999 14.224000 2.450000 N
1081 138 34.889999 13.324000 1.457000 C
1082 138 33.571999 13.413000 -0.583000 C
1083 138 35.182999 11.958000 1.301000 C
1084 138 33.860001 12.063000 -0.741000 C
1085 138 34.644001 11.345000 0.211000 C
1086 139 35.127998 17.007000 -1.959000 N
1087 139 36.279999 16.566999 -2.753000 C
1088 139 37.189999 17.740999 -3.123000 C
1089 139 38.425999 17.643999 -3.114000 O
1090 139 35.713001 15.930000 -4.002000 C
1091 139 36.771999 15.544000 -4.951000 C
1092 139 37.236000 16.403999 -5.954000 C
1093 139 37.292000 14.259000 -4.862000 C
1094 139 38.222000 15.973000 -6.849000 C
1095 139 38.238998 13.803000 -5.778000 C
1096 139 38.737000 14.681000 -6.735000 C
1097 139 39.674999 14.232000 -7.588000 O
1098 140 36.570999 18.886000 -3.417000 N
1099 140 37.404999 20.059000 -3.800000 C
1100 140 38.164001 20.695000 -2.640000 C
1101 140 39.244999 21.233999 -2.843000 O
1102 140 36.584999 21.115000 -4.566000 C
1103 140 36.171001 20.600000 -5.908000 C
1104 140 35.047001 20.065001 -6.066000 O
1105 140 37.115002 20.643000 -6.859000 N
1106 141 37.619999 20.641001 -1.424000 N
1107 141 38.347000 21.218000 -0.296000 C
1108 141 39.387001 20.304001 0.305000 C
1109 141 40.386002 20.775999 0.834000 O
1110 141 37.422001 21.629999 0.837000 C
1111 141 36.426998 22.667000 0.350000 C
1112 141 37.027000 23.941999 -0.226000 C
1113 141 36.612999 24.403999 -1.336000 O
1114 141 37.943001 24.582001 0.540000 N
1115 142 39.132999 18.983000 0.326000 N
1116 142 40.090000 18.077999 0.938000 C
1117 142 40.215000 16.909000 0.008000 C
1118 142 39.737999 15.802000 0.284000 O
1119 142 39.645000 17.587000 2.333000 C
1120 142 38.326000 17.016001 2.213000 O
1121 142 39.563000 18.742001 3.347000 C
1122 143 40.832001 17.184000 -1.123000 N
1123 143 40.952000 16.205000 -2.174000 C
1124 143 41.717999 14.949000 -1.827000 C
1125 143 41.310001 13.862000 -2.247000 O
1126 143 41.605000 16.927999 -3.392000 C
1127 143 42.224998 18.202999 -2.826000 C
1128 143 41.431999 18.499001 -1.544000 C
1129 144 42.869999 15.043000 -1.120000 N
1130 144 43.615002 13.819000 -0.878000 C
1131 144 42.875999 12.832000 0.053000 C
1132 144 42.877998 11.637000 -0.171000 O
1133 144 45.021999 14.101000 -0.324000 C
1134 144 45.942001 14.783000 -1.326000 C
1135 144 45.881001 14.589000 -2.539000 O
1136 144 46.874001 15.511000 -0.815000 N
1137 145 42.261002 13.399000 1.082000 N
1138 145 41.488998 12.609000 1.950000 C
1139 145 40.233002 12.074000 1.229000 C
1140 145 39.848000 10.865000 1.308000 O
1141 145 41.013000 13.436000 3.137000 C
1142 145 40.137001 12.473000 3.947000 C
1143 145 39.618000 13.105000 5.198000 C
1144 145 38.816002 12.191000 6.016000 N
1145 145 38.626999 12.605000 7.239000 C
1146 145 39.192001 13.779000 7.568000 N
1147 145 37.870998 11.907000 8.114000 N
1148 146 39.547001 12.914000 0.512000 N
1149 146 38.404999 12.407000 -0.230000 C
1150 146 38.792000 11.270000 -1.195000 C
1151 146 38.048000 10.286000 -1.331000 O
1152 146 37.673000 13.530000 -0.941000 C
1153 147 39.925999 11.396000 -1.936000 N
1154 147 40.344002 10.338000 -2.873000 C
1155 147 40.576000 9.059000 -2.150000 C
1156 147 40.321999 7.997000 -2.703000 O
1157 147 41.620998 10.612000 -3.599000 C
1158 147 41.467999 11.859000 -4.400000 C
1159 147 42.644001 12.139000 -5.327000 C
1160 147 42.250000 13.206000 -6.336000 C
1161 147 43.209999 14.309000 -6.412000 N
1162 148 41.099998 9.166000 -0.924000 N
1163 148 41.326000 7.972000 -0.180000 C
1164 148 40.023998 7.260000 0.151000 C
1165 148 39.860001 6.059000 -0.039000 O
1166 148 42.090000 8.244000 1.118000 C
1167 148 43.520000 8.570000 0.867000 C
1168 148 44.363998 8.321000 2.100000 C
1169 148 44.084999 9.359000 3.094000 N
1170 148 44.618999 10.591000 3.119000 C
1171 148 45.514000 10.983000 2.178000 N
1172 148 44.249001 11.469000 4.063000 N
1173 149 39.042999 8.023000 0.588000 N
1174 149 37.769001 7.390000 0.936000 C
1175 149 37.056999 6.858000 -0.296000 C
1176 149 36.480000 5.791000 -0.315000 O
1177 149 36.952999 8.413000 1.685000 C
1178 149 35.500000 7.977000 1.908000 C
1179 149 37.667999 8.665000 3.039000 C
1180 150 37.144001 7.649000 -1.375000 N
1181 150 36.494999 7.291000 -2.620000 C
1182 150 37.057999 5.993000 -3.168000 C
1183 150 36.332001 5.118000 -3.551000 O
1184 150 36.480000 8.435000 -3.684000 C
1185 150 35.511002 9.528000 -3.240000 C
1186 150 35.973999 7.840000 -4.985000 C
1187 150 35.639000 10.809000 -4.041000 C
1188 151 38.396999 5.855000 -3.138000 N
1189 151 39.036999 4.624000 -3.609000 C
1190 151 38.613998 3.439000 -2.829000 C
1191 151 38.575001 2.333000 -3.353000 O
1192 151 40.539001 4.742000 -3.436000 C
1193 151 40.966999 5.774000 -4.284000 O
1194 151 41.244999 3.448000 -3.791000 C
1195 152 38.387001 3.703000 -1.537000 N
1196 152 37.931000 2.686000 -0.575000 C
1197 152 36.530998 2.177000 -1.018000 C
1198 152 36.271000 0.976000 -1.072000 O
1199 152 37.972000 3.183000 0.896000 C
1200 152 39.280998 3.554000 1.231000 O
1201 152 37.581001 2.066000 1.825000 C
1202 153 35.645000 3.099000 -1.351000 N
1203 153 34.346001 2.676000 -1.812000 C
1204 153 34.410000 1.972000 -3.162000 C
1205 153 33.682999 0.984000 -3.419000 O
1206 153 33.476002 3.924000 -2.006000 C
1207 153 32.833000 4.430000 -0.770000 C
1208 153 32.068001 3.613000 0.067000 C
1209 153 32.957001 5.782000 -0.440000 C
1210 153 31.375000 4.136000 1.164000 C
1211 153 32.301998 6.313000 0.681000 C
1212 153 31.486000 5.495000 1.476000 C
1213 154 35.292000 2.459000 -4.040000 N
1214 154 35.462002 1.886000 -5.369000 C
1215 154 35.945999 0.467000 -5.339000 C
1216 154 35.373001 -0.381000 -6.011000 O
1217 154 36.331001 2.715000 -6.344000 C
1218 154 35.736000 2.839000 -7.754000 C
1219 154 36.688000 3.390000 -8.802000 C
1220 154 37.935001 3.782000 -8.196000 N
1221 154 39.016998 3.002000 -8.208000 1
222 154 38.995998 1.820000 -8.830000 N
1223 154 40.154999 3.391000 -7.592000 N
1224 155 36.992001 0.223000 -4.562000 N
1225 155 37.617001 -1.083000 -4.531000 C
1226 155 37.169998 -2.014000 -3.467000 C
1227 155 37.317001 -3.219000 -3.626000 O
1228 155 39.134998 -0.967000 -4.387000 C
1229 155 39.450001 -0.358000 -3.113000 O
1230 155 39.623001 -0.106000 -5.536000 C
1231 156 36.769001 -1.481000 -2.347000 N
1232 156 36.438000 -2.278000 -1.233000 C
1233 156 37.662998 -2.874000 -0.567000 C
1234 156 37.567001 -3.893000 0.119000 O
1235 157 38.839001 -2.240000 -0.758000 N
1236 157 40.061001 -2.662000 -0.121000 C
1237 157 40.640999 -1.438000 0.602000 C
1238 157 40.158001 -0.318000 0.438000 O
1239 157 41.120998 -3.075000 -1.152000 C
1240 157 41.537998 -1.910000 -1.796000 O
1241 157 40.462002 -4.000000 -2.130000 C
1242 158 41.651001 -1.680000 1.397000 N
1243 158 42.328999 -0.647000 2.160000 C
1244 158 43.521000 -0.154000 1.376000 C
1245 158 44.417000 0.464000 1.873000 O
1246 158 42.897999 -1.326000 3.407000 C
1247 158 41.813999 -1.680000 4.368000 C
1248 158 41.491001 -2.927000 4.702000 C
1249 158 40.909000 -0.801000 5.081000 C
1250 158 40.459000 -2.935000 5.589000 N
1251 158 40.098000 -1.646000 5.879000 C
1252 158 40.743999 0.581000 5.183000 C
1253 158 39.134998 -1.181000 6.765000 C
1254 158 39.803001 1.039000 6.076000 C
1255 158 39.012001 0.156000 6.839000 C
1256 159 43.566002 -0.440000 0.120000 N
1257 159 44.771000 -0.040000 -0.599000 C
1258 159 45.202999 1.389000 -0.508000 C
1259 159 46.403999 1.654000 -0.487000 O
1260 159 44.657001 -0.431000 -2.045000 C
1261 159 44.740002 -1.934000 -2.276000 C
1262 159 44.948002 -2.648000 -1.203000 O
1263 159 44.676998 -2.424000 -3.381000 O
1264 160 44.247002 2.308000 -0.523000 N
1265 160 44.566002 3.724000 -0.466000 C
1266 160 45.230999 4.070000 0.844000 C
1267 160 45.806999 5.132000 0.951000 O
1268 160 43.352001 4.659000 -0.691000 C
1269 161 45.136002 3.213000 1.874000 N
1270 161 45.733002 3.583000 3.161000 C
1271 161 47.083000 2.909000 3.468000 C
1272 161 47.644001 3.192000 4.520000 O
1273 161 44.731998 3.376000 4.337000 C
1274 161 43.623001 4.381000 4.339000 C
1275 161 42.494999 4.197000 3.540000 C
1276 161 43.757999 5.582000 5.030000 C
1277 161 41.460999 5.138000 3.491000 C
1278 161 42.716999 6.509000 5.024000 C
1279 161 41.580002 6.298000 4.247000 C
1280 161 40.611000 7.256000 4.175000 O
1281 162 47.590000 2.035000 2.580000 N
1282 162 48.868000 1.308000 2.765000 C
1283 162 50.048000 1.974000 2.047000 C
1284 162 51.096001 2.290000 2.664000 O
1285 162 48.730999 -0.160000 2.404000 C
1286 162 47.521000 -0.818000 3.097000 C
1287 162 47.238998 -2.261000 2.657000 C
1288 162 46.679001 -2.423000 1.245000 1
289 162 45.594002 -3.436000 1.150000 N
