1282 3074
0 2
0 3
0 4
1 3
1 5
1 8
1 42
2 4
2 5
2 9
2 12
3 8
3 9
3 12
4 6
4 7
5 7
5 8
8 10
8 11
8 12
8 13
9 11
9 13
9 14
9 16
10 12
10 13
10 14
10 17
10 18
11 14
11 16
11 17
11 18
11 24
11 35
11 44
12 14
12 15
12 16
14 15
14 24
14 35
16 18
16 20
16 22
16 24
17 19
17 21
17 22
17 23
17 24
18 20
18 21
18 25
18 26
19 24
19 25
19 26
19 52
20 23
21 22
24 26
24 28
24 29
24 35
25 27
25 29
25 35
26 28
26 36
26 37
26 44
27 35
27 36
27 37
27 60
28 30
28 31
28 35
29 32
29 33
29 34
30 31
30 33
30 34
31 32
31 34
32 33
35 37
35 39
35 40
35 44
36 38
36 40
36 44
37 39
37 45
37 46
38 39
38 44
38 45
38 46
39 41
39 42
39 44
40 42
40 43
42 43
44 46
44 48
44 52
45 47
45 49
45 52
46 48
46 49
46 53
46 54
47 52
47 53
47 54
47 79
48 50
48 52
49 51
52 54
52 56
52 57
52 60
53 55
53 57
53 59
53 60
54 56
54 61
54 62
54 71
55 60
55 61
55 62
55 87
56 58
56 59
58 59
60 62
60 64
60 71
61 63
61 65
61 71
62 64
62 65
62 72
62 73
63 65
63 69
63 71
63 72
63 73
63 96
64 66
64 71
65 67
65 68
65 69
66 68
66 69
67 69
67 70
69 70
71 73
71 75
71 76
71 79
72 74
72 76
72 77
72 79
73 75
73 77
73 80
73 81
74 77
74 79
74 80
74 81
75 78
75 79
76 77
77 78
79 81
79 83
79 84
79 87
80 82
80 84
80 85
80 87
81 83
81 88
82 83
82 87
82 88
83 85
83 86
83 87
85 86
85 1161
85 1164
86 790
86 1272
87 89
87 91
87 92
87 96
88 90
88 92
88 93
88 94
88 96
89 91
89 97
89 98
89 99
90 91
90 96
90 97
91 93
91 94
92 94
92 95
94 95
95 1138
95 1139
96 98
96 99
97 99
97 100
98 101
99 100
99 101
100 102
100 103
100 104
101 103
101 105
101 106
101 108
102 104
102 105
102 109
103 104
103 105
103 108
103 109
104 106
104 107
106 107
108 110
108 111
108 112
108 113
108 235
109 111
109 113
109 119
110 112
110 120
111 112
111 119
111 120
111 232
111 233
112 114
112 115
113 115
114 116
114 117
115 117
115 118
117 118
119 121
119 123
119 124
119 127
120 122
120 124
120 126
120 127
121 123
121 128
122 123
122 127
122 128
122 446
123 125
123 126
125 126
127 129
127 130
127 131
127 132
128 130
128 132
128 136
129 131
129 137
129 138
129 139
130 136
130 137
130 138
130 139
131 133
131 136
132 134
133 135
136 138
136 139
136 140
136 141
136 438
137 139
137 141
137 142
137 144
138 140
138 142
138 145
139 140
139 144
139 145
140 143
141 142
142 143
144 146
144 147
144 148
144 149
144 220
145 147
145 149
145 156
146 148
146 149
146 157
147 156
147 157
147 217
148 150
148 151
148 156
149 152
149 153
149 154
150 151
150 153
150 154
151 152
151 154
152 153
152 155
153 155
154 223
155 223
156 158
156 159
156 160
156 161
157 159
157 161
157 165
158 160
158 166
158 167
158 168
159 160
159 165
159 166
159 167
159 168
160 162
160 165
161 163
162 164
162 192
165 167
165 168
165 169
165 170
165 171
165 196
166 168
166 170
166 171
166 173
167 169
167 170
167 171
167 174
167 175
167 180
168 171
168 173
168 174
168 175
168 180
168 189
169 171
169 172
169 173
171 172
171 180
171 189
171 193
173 175
173 177
173 178
173 179
173 180
174 176
174 178
174 179
174 180
175 177
175 178
175 181
176 177
176 180
176 181
178 179
178 180
180 182
180 184
180 185
180 189
181 183
181 185
181 187
181 189
182 184
182 190
183 184
183 189
183 190
184 186
184 187
185 187
185 188
187 188
188 1062
189 191
189 193
190 192
190 193
191 194
192 193
192 194
193 195
193 196
193 197
193 198
194 196
194 198
194 199
194 205
195 197
195 206
195 207
196 197
196 205
196 206
196 207
196 222
197 199
197 200
197 205
198 201
198 202
198 203
199 200
199 202
199 203
200 201
200 203
201 202
201 204
202 204
205 207
205 208
205 209
205 210
206 208
206 210
206 211
206 217
207 209
207 218
207 222
208 209
208 217
208 218
208 266
209 211
209 212
210 213
210 214
210 215
211 212
211 214
211 215
212 213
212 215
213 214
213 216
214 216
217 219
217 220
217 221
217 222
218 220
218 222
218 223
218 224
219 221
219 223
219 225
220 224
220 225
221 224
222 223
223 224
224 226
224 227
224 228
224 230
224 251
225 227
225 229
225 230
225 232
226 228
226 229
226 230
226 233
226 234
227 230
227 232
227 233
227 234
227 248
228 231
228 232
229 230
229 232
232 234
232 235
233 235
233 236
234 237
235 236
235 237
236 238
236 240
236 241
236 244
237 239
237 241
237 242
237 244
238 240
238 242
238 245
238 246
239 240
239 242
239 244
239 245
239 246
240 243
241 242
244 246
244 248
245 247
245 248
246 249
246 250
247 248
247 249
248 250
248 251
248 252
249 251
249 253
249 258
250 252
250 253
250 259
250 260
251 252
251 258
251 259
251 260
252 254
252 255
253 256
253 257
254 255
254 257
254 552
254 553
255 256
258 260
258 261
258 262
259 261
259 263
259 264
259 266
260 262
260 263
260 267
260 268
261 262
261 266
261 267
262 264
262 265
264 265
266 268
266 270
266 271
266 274
267 269
267 271
267 273
267 274
268 270
268 275
269 274
269 275
270 272
270 273
270 274
272 273
274 276
274 277
274 278
274 280
275 277
275 279
275 280
275 281
276 278
276 279
276 280
276 282
277 278
277 280
277 281
277 282
278 281
279 280
279 281
279 290
281 283
281 285
281 286
281 290
282 284
282 286
282 290
283 285
283 291
283 292
284 285
284 290
284 291
284 292
285 287
286 288
287 289
290 292
290 293
290 294
291 293
291 295
291 296
291 302
292 294
292 295
292 297
292 302
292 303
293 296
293 297
295 296
296 298
296 300
296 301
296 303
297 299
297 301
297 302
297 303
298 300
298 304
299 300
299 303
299 304
300 302
303 305
303 306
303 307
304 306
304 308
304 309
305 307
305 308
305 310
305 311
305 317
306 307
306 308
306 309
306 310
306 311
306 325
306 330
308 325
309 311
309 313
309 317
310 312
310 314
310 315
310 317
311 313
311 314
311 318
311 319
312 317
312 318
312 319
312 330
312 335
313 315
313 316
315 316
317 319
317 321
317 322
317 325
318 320
318 322
318 323
318 325
319 321
319 326
319 327
319 330
320 325
320 326
320 327
320 328
320 330
320 335
320 344
321 323
321 324
321 325
323 324
325 327
325 329
325 330
326 328
326 330
327 329
327 331
327 332
328 330
328 331
328 332
328 350
330 332
330 334
330 335
331 333
331 335
332 334
332 336
332 337
332 344
333 335
333 336
333 337
333 359
334 335
335 337
335 339
335 340
335 344
336 338
336 340
336 344
337 339
337 345
337 346
338 339
338 344
338 345
338 346
338 367
339 341
339 344
340 342
341 343
344 346
344 348
344 350
345 347
345 349
345 350
346 348
346 349
346 351
346 352
346 359
347 349
347 350
347 351
347 352
347 375
350 352
350 354
350 355
350 359
351 353
351 355
351 356
351 359
352 354
352 360
352 361
353 359
353 360
353 361
353 384
354 356
354 357
354 359
355 357
355 358
357 358
357 383
359 361
359 363
359 367
360 362
360 364
360 365
360 367
361 363
361 364
361 368
361 369
361 375
362 367
362 368
362 369
362 384
362 389
363 365
363 366
365 366
366 425
367 369
367 371
367 372
367 373
367 375
368 370
368 372
368 373
368 375
369 371
369 376
369 377
370 375
370 376
370 377
370 397
371 373
371 374
371 375
371 404
373 374
373 420
373 425
375 377
375 379
375 384
376 378
376 380
376 384
377 379
377 380
377 385
377 386
378 384
378 385
378 386
379 381
380 382
381 383
384 386
384 388
384 389
385 387
385 389
386 388
386 390
387 389
387 390
389 391
389 393
389 394
389 397
390 392
390 394
390 395
390 396
390 397
391 393
391 395
391 398
391 399
392 393
392 395
392 397
392 398
392 399
393 396
394 395
395 396
397 399
397 401
398 400
398 401
399 402
399 405
400 401
400 402
400 405
401 403
401 404
401 405
402 404
402 406
402 412
403 405
403 406
403 413
403 414
404 412
404 413
404 414
404 420
405 407
405 412
406 408
406 409
406 410
407 409
407 410
408 410
408 411
408 486
410 411
411 485
412 414
412 415
412 416
413 415
413 417
413 418
413 420
414 416
414 421
415 416
415 420
415 421
416 418
416 419
418 419
420 422
420 424
420 425
420 426
420 427
421 423
421 425
421 426
421 427
422 424
422 425
422 428
422 429
422 431
422 435
423 424
423 427
423 428
423 429
423 431
424 427
425 426
425 427
425 435
427 429
427 431
427 435
428 430
428 432
428 433
428 435
429 431
429 436
430 431
430 432
430 435
430 436
431 433
431 434
433 434
435 437
435 439
436 438
436 439
437 440
438 439
438 440
439 441
439 442
439 443
439 445
440 442
440 444
440 445
440 446
441 443
441 444
441 447
442 443
442 446
442 447
444 445
444 446
446 448
446 449
446 450
446 451
446 452
447 449
447 451
447 452
447 454
448 450
448 451
448 455
448 456
449 454
449 455
450 453
450 454
450 485
451 452
452 453
454 456
454 457
454 458
454 459
454 460
454 485
455 457
455 459
455 460
455 461
456 458
456 459
456 462
456 463
457 459
457 461
457 462
457 463
457 478
457 487
458 461
459 460
461 463
461 465
461 470
462 464
462 466
462 470
463 465
463 466
463 471
463 472
464 470
464 471
464 472
464 487
464 492
465 467
465 470
466 468
467 469
470 472
470 474
470 475
470 476
470 478
471 473
471 475
471 476
471 478
472 474
472 479
472 480
473 478
473 479
473 480
473 501
474 476
474 477
474 478
476 477
478 480
478 482
478 483
478 487
479 481
479 483
479 487
480 482
480 488
480 489
481 487
481 488
481 489
481 501
481 510
482 484
482 485
482 487
483 485
483 486
485 486
487 489
487 491
487 492
488 490
488 492
489 491
489 493
489 494
489 501
490 492
490 493
490 494
490 518
491 492
492 494
492 496
492 497
492 501
493 495
493 497
493 501
494 496
494 502
494 503
495 496
495 501
495 502
495 503
495 529
496 498
496 499
497 499
497 500
499 500
501 503
501 505
501 510
502 504
502 506
502 510
503 505
503 506
503 511
503 512
503 518
504 510
504 511
504 512
504 518
504 537
505 507
505 510
506 508
507 509
510 512
510 514
510 515
510 518
511 513
511 515
511 517
511 518
512 514
512 519
512 520
513 514
513 518
513 519
513 520
513 546
513 551
514 516
514 517
514 518
516 517
518 520
518 522
518 529
519 521
519 523
519 524
519 529
520 522
520 523
520 530
520 531
521 529
521 530
521 531
521 546
521 554
522 524
522 525
522 529
523 526
523 527
523 528
524 525
524 527
524 528
525 526
525 528
526 527
529 531
529 533
529 534
529 537
530 532
530 534
530 535
530 537
531 533
531 538
531 539
532 537
532 538
532 539
532 561
533 535
533 536
533 537
535 536
537 539
537 541
537 542
537 546
538 540
538 542
538 546
539 541
539 547
539 548
540 546
540 547
540 548
540 569
541 543
541 545
541 546
542 544
542 545
544 545
546 548
546 550
546 551
546 554
547 549
547 551
547 552
547 554
548 550
548 555
548 556
549 550
549 554
549 555
549 556
549 574
550 552
550 553
552 553
554 556
554 558
554 560
554 561
555 557
555 559
555 560
555 561
556 558
556 559
556 562
556 563
556 569
557 559
557 561
557 562
557 563
557 579
558 561
559 560
561 563
561 565
561 569
562 564
562 566
562 567
562 569
563 565
563 566
563 570
563 571
564 569
564 570
564 571
564 586
565 567
565 568
565 569
567 568
568 593
569 571
569 573
569 574
570 572
570 574
571 573
571 575
571 576
572 574
572 575
572 576
572 597
573 574
574 576
574 578
574 579
575 577
575 579
576 578
576 580
576 581
577 579
577 580
577 581
577 582
577 597
577 601
578 579
579 581
579 583
579 585
579 586
580 582
580 584
580 585
580 586
581 583
581 584
581 587
581 588
581 597
582 586
582 587
582 588
582 601
582 609
583 586
584 585
586 588
586 590
586 591
586 597
587 589
587 591
587 597
588 590
588 598
588 599
589 597
589 598
589 599
589 617
589 622
590 592
590 593
590 595
591 593
592 594
592 595
593 595
593 596
595 596
597 599
597 601
598 600
598 601
599 602
599 603
600 601
600 602
600 603
600 617
600 628
601 603
601 605
601 606
601 609
602 604
602 606
602 607
602 609
603 605
603 607
603 610
603 611
603 617
604 609
604 610
604 611
604 617
604 628
605 608
605 609
606 607
607 608
609 611
609 613
609 614
609 617
610 612
610 614
610 616
610 617
611 613
611 618
612 613
612 617
612 618
613 615
613 616
615 616
617 619
617 621
617 622
617 628
618 620
618 622
618 628
619 621
619 629
619 630
620 621
620 628
620 629
621 623
622 624
623 625
624 626
624 627
626 627
628 630
628 631
628 632
629 631
629 633
629 634
629 636
630 632
630 633
630 634
630 637
630 638
630 641
631 632
631 636
631 637
631 638
631 641
631 650
631 658
632 634
632 635
634 635
634 636
634 641
634 645
634 650
635 846
636 638
636 640
636 641
637 639
637 641
638 640
638 642
638 643
639 640
639 641
639 642
641 643
641 645
641 650
642 644
642 646
642 650
643 645
643 651
644 645
644 650
644 651
645 647
645 650
646 648
646 649
647 649
650 652
650 654
650 655
650 658
651 653
651 655
651 657
651 658
652 654
652 659
652 660
653 654
653 658
653 659
653 660
653 667
653 674
653 681
654 656
654 657
654 658
656 657
658 660
658 662
658 667
658 673
659 661
659 663
659 667
659 673
660 662
660 663
660 668
660 669
660 673
660 674
661 667
661 668
661 669
661 693
662 664
662 667
662 673
663 665
663 666
664 666
666 700
667 669
667 671
667 672
667 674
668 670
668 672
668 673
668 674
669 671
669 675
669 676
670 671
670 674
670 675
670 676
671 673
671 674
674 676
674 678
674 680
674 681
675 677
675 679
675 680
675 681
676 678
676 679
676 682
676 683
677 681
677 682
677 683
677 701
677 706
677 712
678 681
679 680
681 683
681 685
681 693
682 684
682 686
682 693
683 685
683 686
683 694
683 695
683 701
684 693
684 694
684 695
684 701
684 707
684 753
685 687
685 688
685 693
686 689
686 690
686 691
687 688
687 690
687 691
688 689
688 691
689 690
689 692
690 692
693 695
693 697
693 701
694 696
694 698
694 699
694 701
695 697
695 702
696 697
696 701
696 702
696 756
697 699
697 700
697 701
699 700
701 703
701 705
701 706
701 707
702 704
702 706
702 707
703 705
703 706
703 708
704 705
704 707
704 708
704 957
706 707
707 709
707 710
707 711
707 712
708 710
708 712
708 715
709 711
709 716
709 717
709 718
710 715
710 716
710 753
711 713
711 714
711 715
713 714
715 717
715 718
715 719
715 720
715 721
716 718
716 720
716 721
716 723
717 719
717 720
717 722
717 724
717 725
718 723
718 724
718 725
718 746
719 721
719 722
719 723
721 722
721 744
722 735
723 725
723 727
723 728
724 726
724 728
725 727
725 729
725 730
726 728
726 729
726 730
728 730
728 732
728 734
728 735
729 731
729 733
729 734
729 735
730 732
730 733
730 736
730 737
730 746
731 735
731 736
731 737
731 757
732 735
733 734
735 737
735 739
735 740
735 746
736 738
736 740
736 746
737 739
737 747
737 748
737 757
738 739
738 746
738 747
738 748
738 762
738 767
739 741
740 742
741 743
741 744
742 744
742 745
742 1197
744 745
746 748
746 750
746 751
746 757
747 749
747 751
747 757
748 750
748 758
748 759
748 762
749 757
749 758
749 759
749 767
749 775
750 752
750 757
751 753
752 754
752 755
753 755
753 756
755 756
757 759
757 761
757 762
758 760
758 762
759 761
759 763
759 764
760 762
760 763
760 764
760 783
761 762
762 764
762 766
762 767
763 765
763 767
764 766
764 768
764 769
765 767
765 768
765 769
765 791
766 767
767 769
767 771
767 775
768 770
768 772
768 773
768 775
769 771
769 772
769 776
769 777
770 775
770 776
770 777
770 799
771 773
771 774
771 775
773 774
775 777
775 779
775 780
775 783
776 778
776 780
776 781
776 783
777 779
777 781
777 784
777 785
778 783
778 784
778 785
778 799
778 806
779 782
780 781
781 782
783 785
783 787
783 791
784 786
784 788
784 789
784 791
785 787
785 788
785 789
785 792
785 793
786 789
786 791
786 792
786 793
786 806
786 817
787 789
787 790
787 791
789 790
789 1136
789 1139
791 793
791 795
791 799
792 794
792 796
792 799
793 795
793 800
793 801
793 806
794 799
794 800
794 801
794 826
795 797
795 799
796 798
799 801
799 803
799 805
799 806
800 802
800 804
800 805
800 806
801 803
801 804
801 807
801 808
801 817
802 804
802 806
802 807
802 808
802 834
804 805
806 808
806 810
806 817
807 809
807 811
807 817
808 810
808 811
808 818
808 819
809 817
809 818
809 819
810 812
810 813
810 817
811 814
811 815
811 816
812 813
812 815
812 816
813 814
813 816
814 815
817 819
817 821
817 826
818 820
818 822
818 826
819 821
819 822
819 827
820 822
820 826
820 827
821 823
821 824
821 826
822 824
822 825
824 825
824 1072
826 828
826 830
826 834
827 829
827 831
827 834
828 830
828 835
828 836
828 837
829 830
829 834
829 835
829 837
830 832
831 833
834 836
834 837
835 837
835 838
836 839
836 840
836 847
837 838
837 839
837 840
837 847
837 854
837 858
838 840
838 842
838 847
839 841
839 843
839 847
840 842
840 843
840 848
840 849
841 847
841 848
841 849
841 865
841 869
842 844
842 845
843 845
843 846
843 847
845 846
847 849
847 851
847 852
847 854
848 850
848 852
848 853
848 854
849 851
849 853
849 855
849 856
850 853
850 854
850 855
850 856
850 857
851 854
852 853
854 856
854 858
855 857
855 858
856 859
856 860
857 858
857 859
857 860
858 860
858 862
858 864
858 865
859 861
859 863
859 864
859 865
860 862
860 863
860 866
860 867
860 870
861 863
861 865
861 866
861 867
861 870
861 874
862 865
863 864
865 867
865 869
865 870
866 868
866 870
867 869
867 871
868 870
868 871
870 872
870 874
871 873
871 874
872 875
872 876
872 885
873 874
873 875
873 885
874 876
874 878
874 885
875 877
875 879
875 885
876 878
876 886
876 887
876 892
877 878
877 885
877 886
877 887
877 892
877 900
877 906
877 911
878 880
878 881
879 882
879 883
879 884
880 881
880 883
880 884
881 882
881 884
882 883
885 887
885 889
885 890
885 892
886 888
886 890
886 891
886 892
887 889
887 891
887 893
887 894
888 891
888 892
888 893
888 894
888 914
889 892
890 891
892 894
892 896
892 897
892 900
893 895
893 897
893 898
893 900
894 896
894 901
894 902
895 900
895 901
895 902
895 919
896 898
896 899
898 899
900 902
900 904
900 905
900 906
901 903
901 905
901 906
902 904
902 907
902 908
903 904
903 906
903 907
903 908
903 919
903 927
904 906
905 1023
906 908
906 910
906 911
906 914
907 909
907 911
907 913
907 914
908 910
908 915
908 916
909 914
909 915
909 916
909 935
910 912
910 913
910 914
912 913
914 916
914 918
914 919
915 917
915 919
916 918
916 920
916 921
917 919
917 920
917 921
917 944
918 919
919 921
919 923
919 927
920 922
920 924
920 927
921 923
921 928
921 929
922 927
922 928
922 929
922 949
922 958
923 925
924 926
927 929
927 931
927 932
927 935
928 930
928 932
928 934
928 935
929 931
929 936
929 937
929 944
930 935
930 936
930 937
930 944
930 949
931 933
931 934
931 935
933 934
935 937
935 939
935 944
936 938
936 940
936 944
937 939
937 940
937 945
937 946
937 949
938 944
938 945
939 941
939 942
939 944
940 942
940 943
942 943
944 946
944 948
944 949
945 947
945 949
946 948
946 950
947 948
947 949
947 950
949 951
949 953
949 954
949 958
950 952
950 954
950 958
951 953
951 959
952 953
952 958
952 959
953 955
954 956
954 957
955 957
958 960
958 961
958 962
958 963
958 969
959 961
959 963
959 969
960 962
960 970
960 971
961 962
961 969
961 970
961 971
961 1000
962 964
963 965
964 966
964 967
965 967
965 968
967 968
969 971
969 973
969 974
969 983
970 972
970 974
970 983
971 973
971 984
971 985
972 983
972 984
972 985
972 1005
973 975
973 976
973 983
974 977
974 978
974 979
975 976
975 978
976 977
976 980
976 981
976 982
977 980
978 979
978 981
978 982
979 980
979 982
980 981
983 985
983 987
983 988
983 989
983 991
984 986
984 988
984 989
984 991
985 987
985 992
985 993
986 991
986 992
986 993
986 1010
987 989
987 990
989 990
991 993
991 995
991 996
991 1000
992 994
992 996
992 1000
993 995
993 1001
993 1002
993 1005
994 995
994 1000
994 1001
994 1002
994 1017
995 997
995 998
995 1000
996 998
996 999
998 999
1000 1002
1000 1004
1000 1005
1001 1003
1001 1005
1002 1004
1002 1006
1002 1007
1002 1010
1003 1005
1003 1006
1003 1007
1003 1017
1003 1025
1004 1005
1005 1007
1005 1009
1005 1010
1006 1008
1006 1010
1007 1009
1007 1011
1007 1012
1008 1010
1008 1011
1008 1012
1009 1010
1010 1012
1010 1014
1010 1016
1010 1017
1011 1013
1011 1015
1011 1016
1011 1017
1012 1014
1012 1015
1012 1018
1012 1019
1013 1017
1013 1018
1013 1019
1014 1017
1015 1016
1017 1019
1017 1021
1017 1025
1018 1020
1018 1022
1018 1024
1018 1025
1019 1021
1019 1022
1019 1026
1019 1027
1019 1033
1020 1025
1020 1026
1020 1027
1020 1033
1020 1038
1021 1023
1021 1024
1021 1025
1023 1024
1025 1027
1025 1029
1025 1033
1026 1028
1026 1030
1026 1032
1026 1033
1027 1029
1027 1034
1027 1035
1028 1029
1028 1033
1028 1034
1028 1052
1029 1031
1029 1032
1031 1032
1033 1035
1033 1037
1033 1038
1034 1036
1034 1038
1035 1037
1035 1039
1036 1037
1036 1038
1036 1039
1036 1047
1038 1040
1038 1042
1038 1043
1038 1047
1039 1041
1039 1043
1039 1047
1040 1042
1040 1048
1041 1042
1041 1047
1041 1048
1042 1044
1043 1045
1044 1046
1047 1049
1047 1050
1047 1051
1047 1052
1048 1050
1048 1052
1048 1053
1049 1051
1049 1052
1049 1054
1049 1055
1049 1064
1050 1052
1050 1053
1050 1054
1050 1055
1050 1078
1050 1090
1050 1096
1051 1053
1052 1078
1053 1055
1053 1057
1053 1064
1054 1056
1054 1058
1054 1064
1055 1057
1055 1058
1055 1065
1055 1066
1055 1078
1056 1058
1056 1064
1056 1065
1056 1066
1056 1067
1056 1090
1056 1098
1057 1059
1057 1064
1058 1060
1059 1061
1059 1062
1060 1062
1060 1063
1062 1063
1064 1066
1064 1068
1064 1078
1065 1067
1065 1069
1065 1078
1066 1068
1066 1069
1066 1079
1066 1080
1067 1078
1067 1079
1067 1080
1067 1107
1067 1112
1068 1070
1068 1071
1068 1078
1069 1072
1069 1073
1069 1074
1070 1071
1070 1073
1071 1072
1071 1075
1071 1076
1071 1077
1072 1075
1073 1074
1073 1076
1073 1077
1074 1075
1074 1077
1075 1076
1078 1080
1078 1082
1078 1090
1079 1081
1079 1083
1079 1090
1080 1082
1080 1083
1080 1085
1080 1091
1080 1092
1081 1083
1081 1090
1081 1091
1081 1092
1081 1114
1081 1115
1082 1084
1082 1085
1082 1090
1083 1086
1083 1087
1083 1088
1084 1085
1084 1087
1084 1088
1085 1086
1085 1088
1086 1087
1086 1089
1087 1089
1090 1092
1090 1094
1090 1095
1090 1098
1091 1093
1091 1095
1091 1097
1091 1098
1092 1094
1092 1099
1093 1098
1093 1099
1094 1096
1094 1097
1096 1097
1098 1100
1098 1102
1098 1103
1098 1107
1099 1101
1099 1103
1099 1104
1099 1107
1100 1102
1100 1108
1101 1102
1101 1107
1101 1108
1102 1104
1102 1106
1102 1107
1103 1105
1103 1106
1105 1106
1107 1109
1107 1111
1107 1112
1107 1113
1107 1114
1107 1120
1108 1110
1108 1112
1108 1113
1108 1114
1108 1120
1109 1111
1109 1112
1109 1115
1109 1116
1109 1120
1110 1111
1110 1112
1110 1114
1110 1115
1110 1116
1110 1140
1112 1113
1114 1116
1114 1118
1114 1119
1114 1121
1115 1117
1115 1119
1115 1120
1115 1121
1116 1118
1116 1122
1116 1123
1117 1121
1117 1122
1117 1123
1117 1145
1117 1150
1118 1120
1121 1123
1121 1125
1121 1126
1121 1129
1122 1124
1122 1126
1122 1127
1122 1129
1123 1125
1123 1130
1123 1131
1124 1129
1124 1130
1124 1131
1124 1154
1125 1127
1125 1128
1127 1128
1129 1131
1129 1133
1129 1140
1130 1132
1130 1134
1130 1140
1131 1133
1131 1134
1131 1141
1131 1142
1132 1140
1132 1141
1132 1142
1132 1143
1132 1154
1132 1165
1133 1135
1133 1140
1134 1136
1135 1137
1135 1138
1136 1138
1136 1139
1138 1139
1140 1142
1140 1144
1140 1145
1141 1143
1141 1145
1142 1144
1142 1146
1142 1147
1142 1154
1143 1145
1143 1146
1143 1147
1143 1165
1143 1172
1145 1147
1145 1149
1145 1150
1145 1154
1146 1148
1146 1150
1146 1154
1147 1149
1147 1155
1147 1156
1148 1149
1148 1154
1148 1155
1148 1156
1148 1180
1148 1185
1149 1151
1149 1154
1150 1152
1151 1153
1154 1156
1154 1158
1154 1159
1154 1165
1155 1157
1155 1159
1155 1165
1156 1158
1156 1166
1156 1167
1157 1165
1157 1166
1157 1167
1157 1187
1157 1192
1158 1160
1158 1161
1158 1165
1159 1161
1160 1162
1160 1163
1161 1163
1161 1164
1163 1164
1165 1167
1165 1169
1165 1171
1165 1172
1166 1168
1166 1170
1166 1171
1166 1172
1167 1169
1167 1170
1167 1173
1167 1174
1168 1172
1168 1173
1168 1174
1168 1187
1168 1194
1169 1172
1170 1171
1172 1174
1172 1176
1172 1177
1172 1180
1173 1175
1173 1177
1173 1178
1173 1180
1174 1176
1174 1178
1174 1181
1174 1182
1174 1187
1175 1178
1175 1180
1175 1181
1175 1182
1175 1194
1175 1205
1176 1179
1177 1178
1180 1182
1180 1184
1180 1185
1180 1187
1181 1183
1181 1185
1181 1186
1181 1187
1182 1184
1182 1186
1182 1188
1182 1189
1183 1184
1183 1186
1183 1187
1183 1188
1183 1189
1183 1216
1183 1221
1184 1187
1185 1186
1187 1189
1187 1191
1187 1192
1187 1194
1188 1190
1188 1192
1188 1193
1188 1194
1189 1191
1189 1193
1189 1195
1189 1196
1190 1194
1190 1195
1190 1196
1190 1223
1191 1194
1192 1193
1194 1196
1194 1198
1194 1199
1194 1205
1195 1197
1195 1199
1195 1200
1195 1205
1196 1198
1196 1206
1196 1207
1197 1205
1197 1206
1197 1207
1198 1200
1198 1201
1198 1205
1199 1202
1199 1203
1199 1204
1200 1201
1200 1203
1200 1204
1201 1202
1201 1204
1202 1203
1205 1207
1205 1209
1205 1216
1206 1208
1206 1210
1206 1216
1207 1209
1207 1217
1208 1216
1208 1217
1209 1211
1209 1212
1209 1216
1210 1212
1211 1213
1211 1214
1212 1214
1212 1215
1214 1215
1216 1218
1216 1220
1216 1221
1216 1222
1216 1223
1217 1219
1217 1221
1217 1222
1217 1223
1218 1220
1218 1221
1218 1224
1218 1225
1218 1227
1219 1220
1219 1223
1219 1224
1219 1225
1221 1222
1221 1227
1221 1232
1223 1225
1223 1227
1224 1226
1224 1227
1225 1228
1226 1227
1226 1228
1227 1229
1227 1230
1227 1231
1227 1232
1227 1233
1228 1230
1228 1232
1228 1233
1228 1234
1229 1231
1229 1232
1229 1235
1230 1232
1230 1234
1230 1235
1231 1234
1232 1233
1234 1236
1234 1238
1234 1239
1234 1248
1235 1237
1235 1239
1235 1248
1236 1238
1236 1249
1236 1250
1236 1256
1237 1238
1237 1248
1237 1249
1237 1250
1237 1256
1237 1261
1238 1240
1238 1241
1239 1242
1239 1243
1239 1244
1240 1241
1240 1243
1241 1242
1241 1245
1241 1246
1241 1247
1242 1245
1243 1244
1243 1246
1243 1247
1244 1245
1244 1247
1245 1246
1248 1250
1248 1252
1248 1253
1248 1254
1248 1256
1249 1251
1249 1253
1249 1254
1249 1256
1250 1252
1250 1257
1250 1258
1250 1261
1251 1252
1251 1256
1251 1257
1251 1258
1251 1261
1252 1254
1252 1255
1254 1255
1254 1280
1254 1281
1256 1258
1256 1260
1256 1261
1257 1259
1257 1261
1258 1260
1258 1262
1259 1260
1259 1261
1259 1262
1261 1263
1261 1265
1261 1266
1261 1273
1262 1264
1262 1266
1262 1273
1263 1265
1263 1274
1264 1265
1264 1273
1264 1274
1265 1267
1265 1268
1266 1269
1266 1270
1266 1271
1267 1268
1267 1270
1267 1271
1268 1269
1268 1271
1269 1270
1269 1272
1270 1272
1273 1275
1273 1277
1273 1278
1274 1276
1274 1278
1275 1277
1277 1279
1277 1280
1278 1280
1279 1281
1 1 43.956001 -3.215000 9.264000 N
2 1 43.448002 -1.858000 9.272000 C
3 1 42.022999 -1.888000 9.744000 C
4 1 41.335999 -2.893000 9.566000 O
5 1 43.541000 -1.294000 7.836000 C
6 1 42.844002 0.024000 7.605000 C
7 1 43.806000 1.500000 8.089000 S
8 1 45.469002 1.081000 7.563000 C
9 2 41.580002 -0.800000 10.325000 N
10 2 40.205002 -0.751000 10.762000 C
11 2 39.835999 0.705000 10.855000 C
12 2 40.671001 1.555000 10.629000 O
13 2 40.083000 -1.482000 12.135000 C
14 2 41.011002 -0.962000 13.210000 C
15 2 41.009998 0.239000 13.500000 O
16 2 41.844002 -1.848000 13.783000 N
17 3 38.613998 0.950000 11.228000 N
18 3 38.129002 2.317000 11.305000 C
19 3 38.993999 3.258000 12.136000 C
20 3 39.212002 4.456000 11.817000 O
21 3 36.605999 2.383000 11.635000 C
22 3 35.944000 3.780000 11.481000 C
23 3 36.259998 1.743000 13.007000 C
24 3 36.157001 4.498000 10.109000 C
25 4 39.375999 2.769000 13.282000 N
26 4 40.167000 3.628000 14.133000 C
27 4 41.464001 4.000000 13.504000 C
28 4 41.887001 5.132000 13.552000 O
29 4 40.458000 2.959000 15.486000 C
30 4 39.216000 2.947000 16.325001 C
31 4 38.879002 3.999000 17.184000 C
32 4 38.374001 1.830000 16.306000 C
33 4 37.714001 3.927000 17.959000 C
34 4 37.178001 1.779000 17.045000 C
35 4 36.848000 2.839000 17.892000 C
36 5 42.161999 3.019000 12.972000 N
37 5 43.431999 3.301000 12.321000 C
38 5 43.233002 4.180000 11.120000 C
39 5 44.075001 4.986000 10.819000 O
40 5 44.067001 2.020000 11.769000 C
41 5 44.432999 1.013000 12.897000 C
42 5 45.138000 -0.256000 12.403000 C
43 5 45.463001 -0.449000 11.254000 O
44 5 45.486000 -1.057000 13.352000 O
45 6 42.139000 3.979000 10.413000 N
46 6 41.866001 4.750000 9.232000 C
47 6 41.633999 6.211000 9.576000 C
48 6 42.245998 7.123000 8.977000 O
49 6 40.599998 4.187000 8.611000 C
50 6 40.221001 4.884000 7.318000 C
51 6 38.466000 4.566000 6.950000 S
52 6 38.398998 4.781000 5.143000 C
53 7 40.776001 6.478000 10.541000 N
54 7 40.540001 7.868000 10.956000 C
55 7 41.771999 8.497000 11.610000 C
56 7 42.032001 9.707000 11.492000 O
57 7 39.365002 7.942000 11.926000 C
58 7 38.070000 7.917000 11.171000 C
59 7 36.909000 7.626000 12.114000 C
60 7 37.895000 9.242000 10.410000 C
61 8 42.596001 7.682000 12.258000 N
62 8 43.793999 8.270000 12.858000 C
63 8 44.756001 8.815000 11.807000 C
64 8 45.424999 9.812000 12.001000 O
65 8 44.500000 7.230000 13.661000 C
66 8 45.861000 7.726000 14.050000 C
67 8 45.797001 8.449000 15.388000 C
68 8 47.081001 9.002000 15.803000 N
69 8 47.896000 9.713000 15.010000 C
70 8 47.624001 9.981000 13.736000 N
71 8 49.046001 10.166000 15.506000 N
72 9 44.810001 8.138000 10.673000 N
73 9 45.588001 8.555000 9.555000 C
74 9 44.985001 9.832000 8.910000 C
75 9 45.674999 10.800000 8.665000 O
76 9 45.664001 7.425000 8.548000 C
77 9 46.703999 6.372000 8.949000 C
78 9 45.981998 7.993000 7.177000 C
79 9 46.537998 5.084000 8.161000 C
80 10 43.674999 9.873000 8.702000 N
81 10 43.020000 11.020000 8.082000 C
82 10 42.983002 12.262000 8.929000 C
83 10 43.025002 13.368000 8.440000 O
84 10 41.601002 10.662000 7.658000 C
85 10 41.654999 9.866000 6.383000 C
86 10 42.570999 9.939000 5.627000 O
87 10 40.695000 9.022000 6.256000 O
88 11 42.902000 12.073000 10.217000 N
89 11 42.744999 13.199000 11.109000 C
90 11 44.018002 13.654000 11.842000 C
91 11 44.067001 14.813000 12.287000 O
92 11 41.723999 12.835000 12.189000 C
93 11 40.320999 12.629000 11.605000 C
94 11 39.636002 13.842000 10.991000 C
95 11 40.196999 14.982000 11.191000 O
96 11 38.562000 13.768000 10.445000 O
97 12 44.928001 12.742000 12.058000 N
98 12 46.146999 13.015000 12.820000 C
99 12 45.814999 13.047000 14.317000 C
100 12 44.755001 12.633000 14.768000 O
101 13 46.785000 13.475000 15.101000 N
102 13 46.587002 13.586000 16.528999 C
103 13 47.332001 14.833000 17.046000 C
104 13 48.525002 14.942000 16.840000 O
105 13 47.209999 12.388000 17.181000 C
106 13 47.436001 12.621000 18.667999 C
107 13 46.090000 12.946000 19.323000 C
108 13 47.970001 11.333000 19.266001 C
109 14 46.616001 15.762000 17.677999 N
110 14 47.157001 16.986000 18.271999 C
111 14 46.605000 17.145000 19.643000 C
112 14 45.391998 17.080000 19.820000 O
113 14 46.880001 18.236000 17.466999 C
114 14 47.349998 17.952000 16.031000 C
115 14 47.402000 19.143999 15.064000 C
116 14 48.203999 20.283001 15.530000 N
117 14 48.234001 21.472000 14.914000 1
18 14 47.514999 21.702000 13.813000 N
119 14 49.005001 22.457001 15.406000 N
120 15 47.535999 17.384001 20.576000 N
121 15 47.263000 17.561001 21.958000 C
122 15 46.919998 18.976000 22.348000 C
123 15 46.474998 19.184999 23.462999 O
124 15 48.355999 16.945000 22.830999 C
125 15 48.389000 15.443000 22.559999 C
126 15 49.493999 14.819000 23.378000 C
127 15 47.012001 14.764000 22.846001 C
128 16 47.037998 19.933001 21.457001 N
129 16 46.567001 21.252001 21.848000 C
130 16 45.537998 21.704000 20.892000 C
131 16 45.507999 21.243000 19.761000 O
132 16 47.564999 22.396000 21.990000 C
133 16 48.877998 22.205000 21.294001 C
134 16 49.976002 22.849001 22.106001 1
35 16 50.536999 21.929001 23.174000 C
136 16 51.987000 21.730000 23.045000 1
37 17 44.688000 22.650999 21.350000 N
138 17 43.659000 23.150000 20.476000 C
139 17 44.277000 23.615999 19.164000 C
140 17 45.298000 24.330999 19.188000 O
141 17 42.957001 24.333000 21.131001 C
142 17 42.230000 23.750999 22.349001 C
143 17 41.976002 25.056999 20.198000 C
144 17 41.391998 24.792999 23.066000 C
145 18 43.653000 23.271999 18.048000 N
146 18 44.193001 23.733000 16.768000 C
147 18 43.042999 24.073000 15.895000 C
148 18 41.932999 23.783001 16.271000 O
149 18 45.113998 22.636999 16.125000 C
150 18 44.397999 21.350000 15.767000 C
151 18 44.146000 20.364000 16.725000 C
152 18 43.952000 21.115999 14.453000 C
153 18 43.471001 19.191999 16.365999 C
154 18 43.264999 19.951000 14.082000 C
155 18 43.000999 18.990000 15.060000 C
156 18 42.391998 17.780001 14.733000 O
157 19 43.269001 24.670000 14.736000 N
158 19 42.141998 24.920000 13.859000 C
159 19 42.115002 23.896000 12.776000 C
160 19 43.165001 23.549000 12.222000 O
161 19 42.198002 26.252001 13.180000 C
162 19 42.094002 27.372000 14.157000 C
163 19 41.324001 28.521999 13.554000 C
164 19 41.541000 29.822001 14.311000 C
165 19 41.338001 31.004000 13.462000 N
166 20 40.905998 23.421000 12.450000 N
167 20 40.833000 22.445000 11.422000 C
168 20 40.915001 23.105000 10.019000 C
169 20 41.111000 24.278999 9.918000 O
170 20 39.650002 21.523001 11.653000 C
171 20 38.296001 22.069000 11.295000 C
172 20 38.273998 23.263000 10.851000 O
173 20 37.319000 21.399000 11.289000 O
174 21 40.722000 22.323999 8.949000 N
175 21 40.797001 22.816999 7.536000 C
176 21 39.799000 23.917000 7.247000 C
177 21 40.058998 24.688000 6.321000 O
178 21 40.588001 21.694000 6.477000 C
179 21 39.264000 21.188000 6.623000 O
180 21 41.550999 20.510000 6.773000 C
181 22 38.667999 23.969000 8.027000 N
182 22 37.603001 25.021000 7.901000 C
183 22 37.825001 26.225000 8.819000 C
184 22 37.047001 27.159000 8.821000 O
185 22 36.214001 24.520000 8.163000 C
186 22 35.903000 23.240999 7.388000 C
187 22 35.372002 23.533001 6.013000 C
188 22 35.255001 24.806000 5.752000 O
189 22 35.077000 22.653999 5.243000 O
190 23 38.901001 26.107000 9.640000 N
191 23 39.338001 27.094000 10.588000 C
192 23 38.604000 26.983000 11.883000 C
193 23 38.476002 27.989000 12.585000 O
194 24 38.101002 25.796000 12.171000 N
195 24 37.389000 25.605000 13.458000 C
196 24 38.269001 24.915001 14.470000 C
197 24 39.066002 24.007000 14.174000 O
198 24 36.147999 24.750999 13.429000 C
199 24 35.154999 25.252001 12.446000 C
200 24 34.794998 26.591000 12.463000 C
201 24 34.555000 24.368000 11.552000 C
202 24 33.867001 27.066000 11.547000 C
203 24 33.637001 24.837000 10.616000 C
204 24 33.312000 26.191999 10.614000 C
205 24 32.374001 26.665001 9.738000 O
206 25 38.056000 25.358999 15.710000 N
207 25 38.764999 24.854000 16.868999 C
208 25 38.397999 23.403000 17.105000 C
209 25 37.206001 23.040001 17.245001 O
210 25 38.404999 25.736000 18.108999 C
211 25 39.029999 27.100000 17.999001 C
212 25 40.412998 27.181000 17.839001 C
213 25 38.248001 28.257000 18.070999 C
214 25 41.049999 28.417000 17.837000 C
215 25 38.863998 29.502001 18.007999 C
216 25 40.251999 29.561001 17.914000 C
217 25 40.841999 30.797001 17.871000 O
218 26 39.473999 22.645000 17.155001 N
219 26 39.480999 21.204000 17.257000 C
220 26 40.563999 20.743000 18.184999 C
221 26 41.504002 21.468000 18.461000 O
222 26 39.830002 20.712999 15.816000 C
223 26 38.835999 21.216999 14.966000 O
224 26 39.910999 19.198000 15.663000 C
225 27 40.492001 19.487000 18.591999 N
226 27 41.564999 18.945000 19.393999 C
227 27 41.584000 17.445000 19.201000 C
228 27 40.605000 16.861000 18.789000 O
229 27 41.432999 19.273001 20.924999 C
230 27 42.771000 19.031000 21.712999 C
231 27 40.289001 18.413000 21.490999 C
232 27 43.102001 20.004999 22.801001 C
233 28 42.698002 16.850000 19.548000 N
234 28 42.833000 15.408000 19.568001 C
235 28 42.858002 14.819000 18.194000 C
236 28 43.611000 15.269000 17.341000 O
237 29 42.009998 13.840000 18.028000 N
238 29 41.880001 13.165000 16.726000 C
239 29 40.630001 13.674000 16.016001 C
240 29 39.602001 12.974000 15.934000 O
241 29 41.923000 11.632000 16.874001 C
242 29 43.251999 11.219000 17.546000 C
243 29 41.810001 10.947000 15.500000 C
244 29 43.210999 9.816000 18.158001 C
245 30 40.691002 14.932000 15.536000 N
246 30 39.539001 15.448000 14.806000 C
247 30 38.313999 15.700000 15.645000 C
248 30 37.231998 15.706000 15.128000 O
249 31 38.492001 15.955000 16.931999 N
250 31 37.321999 16.233000 17.733000 C
251 31 36.967999 17.718000 17.659000 C
252 31 37.632999 18.556999 18.266001 O
253 31 37.588001 15.842000 19.198999 C
254 31 36.367001 16.112000 20.023001 C
255 31 35.313999 15.219000 20.084999 N
256 31 36.012001 17.212000 20.790001 C
257 31 34.344002 15.779000 20.823000 C
258 31 34.743000 16.964001 21.288000 N
259 32 35.928001 18.066999 16.938000 N
260 32 35.536999 19.444000 16.827000 C
261 32 35.069000 20.034000 18.148001 C
262 32 34.241001 19.461000 18.855000 O
263 32 34.377998 19.524000 15.799000 C
264 32 33.741001 20.927000 15.828000 C
265 32 34.696999 21.922001 15.177000 C
266 32 32.466000 20.922001 15.027000 C
267 33 35.541000 21.164000 18.497999 N
268 33 35.083000 21.723000 19.747999 C
269 33 33.924000 22.660999 19.569000 C
270 33 32.959000 22.575001 20.295000 O
271 33 36.178001 22.459000 20.535999 C
272 33 37.237999 21.493999 21.011999 C
273 33 38.505001 22.260000 21.417999 C
274 33 36.675999 20.736000 22.226999 C
275 34 34.070999 23.604000 18.643999 N
276 34 33.070000 24.631001 18.414000 C
277 34 33.307999 25.274000 17.072001 C
278 34 34.455002 25.367001 16.614000 O
279 34 33.224998 25.792999 19.506001 C
280 34 32.195000 26.760000 19.419001 O
281 34 34.587002 26.493999 19.546000 C
282 35 32.230000 25.783001 16.500000 N
283 35 32.317001 26.527000 15.260000 C
284 35 32.477001 28.035999 15.563000 C
285 35 32.743999 28.858000 14.691000 O
286 35 31.207001 26.209000 14.285000 C
287 35 31.306000 24.812000 13.663000 C
288 35 30.018999 24.395000 12.937000 C
289 35 30.099001 23.135000 12.088000 C
290 35 28.889000 22.955000 11.256000 2
91 36 32.386002 28.384001 16.822001 N
292 36 32.577999 29.764999 17.271999 C
293 36 34.028000 30.232000 17.138000 C
294 36 35.013000 29.472000 17.309999 O
295 36 32.106998 29.882999 18.716000 C
296 36 32.445999 31.153999 19.214001 O
297 37 34.214001 31.516001 16.865000 N
298 37 35.556999 32.046001 16.628000 C
299 37 36.307999 32.567001 17.818001 C
300 37 37.298000 33.278999 17.705999 O
301 37 35.430000 33.116001 15.580000 C
302 37 33.948002 33.393002 15.457000 C
303 37 33.186001 32.271999 16.132999 C
304 38 35.840000 32.111000 18.947001 N
305 38 36.404999 32.460999 20.209999 C
306 38 37.099998 31.278999 20.868000 C
307 38 36.515999 30.214001 21.099001 O
308 38 35.243999 32.979000 21.098000 C
309 38 35.716000 32.935001 22.431999 O
310 39 38.375999 31.497000 21.143999 N
311 39 39.251999 30.514999 21.752001 C
312 39 38.803001 30.146000 23.143000 C
313 39 38.903000 29.016001 23.628000 O
314 39 40.726002 30.962000 21.694000 C
315 39 41.691002 29.965000 22.351000 C
316 39 41.668999 28.587999 21.690001 C
317 39 43.068001 30.558001 22.350000 C
318 40 38.283001 31.124001 23.797001 N
319 40 37.784000 30.882999 25.122999 C
320 40 36.556000 30.045000 25.018000 C
321 40 36.359001 29.142000 25.820000 O
322 40 37.432999 32.173000 25.858000 C
323 40 38.699001 32.873001 26.245001 C
324 40 39.512001 32.324001 27.025000 O
325 40 38.945000 34.021000 25.598000 3
26 41 35.712002 30.367001 24.045000 N
327 41 34.569000 29.502001 23.892000 C
328 41 35.074001 28.039000 23.674000 C
329 41 34.548000 27.066999 24.202999 O
330 41 33.660000 29.957001 22.775999 C
331 42 36.129002 27.851999 22.914000 N
332 42 36.701000 26.504000 22.681999 C
333 42 37.308998 25.851999 23.927000 C
334 42 37.256001 24.601000 24.153000 O
335 42 37.856998 26.639000 21.667999 C
336 43 37.983002 26.677000 24.733999 N
337 43 38.605000 26.183001 25.954000 C
338 43 37.528999 25.743000 26.908001 C
339 43 37.660999 24.788000 27.617001 O
340 43 39.437000 27.232000 26.646000 C
341 43 40.797001 27.412001 25.986000 C
342 43 41.416000 28.759001 26.277000 C
343 43 42.909000 28.732000 26.600000 C
344 43 43.259998 29.127001 27.999001 N
345 44 36.421001 26.408001 26.833000 N
346 44 35.349998 26.044001 27.709000 C
347 44 34.671001 24.740000 27.330000 C
348 44 34.339001 23.930000 28.177999 O
349 44 34.363998 27.198999 27.931999 C
350 44 33.134998 26.708000 28.375000 O
351 45 34.504002 24.563000 26.042999 N
352 45 33.928001 23.365999 25.504000 C
353 45 34.895000 22.271999 25.823000 C
354 45 34.515999 21.179001 26.167999 O
355 45 33.787998 23.503000 23.985001 C
356 45 32.562000 24.320999 23.596001 C
357 45 31.252001 23.731001 24.111000 C
358 45 30.951000 22.593000 23.986000 O
359 45 30.389000 24.607000 24.563000 O
360 46 36.186001 22.559000 25.725000 N
361 46 37.120998 21.496000 26.020000 C
362 46 37.077000 20.981001 27.492001 C
363 46 37.161999 19.799000 27.761999 O
364 46 38.537998 21.916000 25.605000 C
365 46 39.617001 20.920000 26.000999 C
366 46 39.438000 19.628000 25.232000 C
367 46 40.969002 21.514999 25.604000 C
368 47 36.980999 21.881001 28.464001 N
369 47 36.991001 21.483000 29.853001 C
370 47 35.763000 20.731001 30.181000 C
371 47 35.783001 19.764000 30.937000 O
372 47 37.089001 22.735001 30.716000 C
373 47 38.445000 23.458000 30.591000 C
374 47 39.481998 22.952999 30.129000 O
375 47 38.384998 24.676001 31.035999 O
376 48 34.702000 21.158001 29.545000 N
377 48 33.404999 20.490000 29.704000 C
378 48 33.457001 19.025000 29.159000 C
379 48 32.953999 18.079000 29.733000 O
380 48 32.333000 21.348000 29.024000 C
381 48 30.975000 20.680000 28.822001 C
382 48 29.822001 21.634001 28.507000 C
383 48 29.906000 22.277000 27.149000 C
384 48 29.389999 21.413000 26.082001 N
385 49 34.113998 18.858999 28.017000 N
386 49 34.231998 17.528999 27.421000 C
387 49 35.131001 16.573000 28.205999 C
388 49 34.879002 15.386000 28.256001 O
389 49 34.740002 17.698999 25.976999 C
390 50 36.216999 17.115999 28.805000 N
391 50 37.189999 16.351999 29.577999 C
392 50 36.867001 16.290001 31.047001 C
393 50 37.292000 15.393000 31.764000 O
394 50 38.553001 17.059999 29.424999 C
395 50 38.889000 17.079000 27.947001 C
396 50 39.629002 16.364000 30.202000 C
397 50 39.012001 15.666000 27.389000 C
398 51 36.126999 17.246000 31.535999 N
399 51 35.784000 17.195000 32.953999 C
400 51 36.909000 17.688000 33.858002 C
401 51 37.058998 17.240000 35.001999 O
402 52 37.702000 18.622000 33.354000 N
403 52 38.756001 19.194000 34.154999 C
404 52 39.191002 20.475000 33.535000 C
405 52 38.858002 20.739000 32.379002 O
406 52 39.912998 18.247999 34.419998 C
407 52 40.960999 18.242001 33.337002 C
408 52 41.867001 17.070000 33.554001 C
409 52 42.777000 16.799999 32.452999 N
410 52 43.693001 17.650999 32.028000 C
411 52 43.821999 18.854000 32.584999 N
412 52 44.486000 17.302000 31.021000 N
413 53 39.897999 21.274000 34.324001 N
414 53 40.390999 22.537001 33.820999 C
415 53 41.596001 22.219000 33.007999 C
416 53 42.632999 21.871000 33.581001 O
417 53 40.783001 23.472000 34.977001 C
418 53 39.957001 24.709000 34.801998 4
19 53 38.757000 24.681000 35.153000 O
420 53 40.551998 25.723000 34.131001 N
421 54 41.463001 22.238001 31.677999 N
422 54 42.564999 21.796000 30.823000 C
423 54 43.543999 22.844999 30.417999 C
424 54 44.688000 22.503000 30.157000 O
425 54 42.089001 21.155001 29.485001 C
426 54 41.502998 22.170000 28.680000 O
427 54 41.035999 20.072001 29.764999 C
428 55 43.097000 24.069000 30.239000 N
429 55 43.997002 25.087999 29.749001 C
430 55 44.396000 24.830000 28.268999 C
431 55 45.466999 25.256001 27.816999 O
432 55 45.207001 25.386000 30.716999 C
433 55 45.987000 26.701000 30.448999 C
434 55 45.426998 27.832001 30.282000 O
435 55 47.304001 26.528999 30.483000 N
436 56 43.527000 24.139000 27.497999 N
437 56 43.764000 23.910999 26.035000 C
438 56 44.696999 22.811001 25.645000 C
439 56 45.062000 22.665001 24.479000 O
440 57 45.082001 22.017000 26.641001 N
441 57 45.959000 20.900999 26.389000 C
442 57 45.416000 19.622000 27.044001 C
443 57 44.981998 19.667000 28.181000 O
444 57 47.351002 21.143999 26.989000 C
445 57 48.240002 19.924999 26.753000 C
446 57 47.981998 22.408001 26.417000 C
447 58 45.498001 18.466999 26.362000 N
448 58 45.029999 17.223000 26.945999 C
449 58 46.122002 16.195000 26.754999 C
450 58 47.103001 16.417999 26.048000 O
451 58 43.731998 16.750999 26.266001 C
452 58 44.021999 16.545000 24.771000 C
453 58 42.598999 17.792999 26.450001 C
454 58 42.862999 15.883000 24.028000 C
455 59 45.956001 15.044000 27.337999 N
456 59 46.941002 14.029000 27.166000 C
457 59 46.428001 13.081000 26.091000 C
458 59 45.264999 13.129000 25.704000 O
459 59 47.071999 13.247000 28.504000 C
460 59 45.886002 12.486000 28.681999 O
461 59 47.219002 14.189000 29.698999 C
462 60 47.306999 12.205000 25.662001 N
463 60 47.022999 11.204000 24.673000 C
464 60 45.839001 10.337000 25.033001 C
465 60 44.966999 10.048000 24.236000 O
466 60 48.245998 10.314000 24.552000 C
467 60 48.192001 9.505000 23.299000 C
468 60 49.431000 8.681000 23.031000 C
469 60 49.217999 7.687000 21.892000 C
470 60 49.681999 8.175000 20.579000 N
471 61 45.819000 9.881000 26.270000 N
472 61 44.715000 9.105000 26.764999 C
473 61 43.361000 9.806000 26.632999 C
474 61 42.366001 9.197000 26.266001 O
475 61 44.922001 8.812000 28.226000 C
476 61 45.721001 7.580000 28.283001 C
477 61 46.513000 7.445000 27.231001 O
478 61 45.569000 6.748000 29.153999 4
79 62 43.321999 11.092000 26.983000 N
480 62 42.134998 11.906000 26.882000 C
481 62 41.694000 12.034000 25.392000 C
482 62 40.551998 11.962000 25.042000 O
483 62 42.478001 13.262000 27.430000 C
484 62 42.432999 13.217000 28.966000 C
485 62 42.980000 14.449000 29.653999 C
486 62 43.618999 15.302000 29.094999 O
487 62 42.658001 14.490000 30.922001 O
488 63 42.676998 12.229000 24.525999 N
489 63 42.376999 12.339000 23.103001 C
490 63 41.749001 11.041000 22.615999 C
491 63 40.810001 11.071000 21.851000 O
492 63 43.691002 12.577000 22.362000 C
493 64 42.306000 9.910000 23.073000 N
494 64 41.826000 8.617000 22.655001 C
495 64 40.471001 8.346000 23.200001 C
496 64 39.658001 7.684000 22.584999 O
497 64 42.806999 7.497000 22.997999 C
498 64 43.917999 7.477000 21.947001 C
499 64 45.095001 6.672000 22.396999 C
500 64 45.229000 6.297000 23.551001 O
501 64 45.923000 6.406000 21.410999 O
502 65 40.208000 8.915000 24.308001 N
503 65 38.903999 8.746000 24.875000 C
504 65 37.852001 9.531000 24.104000 C
505 65 36.799000 8.980000 23.806999 O
506 65 38.869999 9.132000 26.320999 C
507 65 37.520000 8.804000 26.952000 C
508 65 37.640999 8.559000 28.469000 C
509 65 36.444000 7.818000 29.054001 C
510 65 36.035000 8.398000 30.339001 N
511 66 38.152000 10.781000 23.735001 N
512 66 37.186001 11.531000 22.915001 C
513 66 37.016998 10.780000 21.610001 C
514 66 35.944000 10.778000 21.009001 O
515 66 37.820000 12.882000 22.513000 C
516 66 37.902000 13.824000 23.719999 C
517 66 38.278999 15.221000 23.270000 C
518 66 36.549999 13.894000 24.365999 C
519 67 38.105999 10.185000 21.153999 N
520 67 38.025002 9.470000 19.858000 C
521 67 37.085999 8.316000 19.879999 C
522 67 36.227001 8.177000 18.990000 O
523 67 39.432999 9.143000 19.350000 C
524 67 39.571999 8.528000 17.990000 C
525 67 38.834000 8.971000 16.885000 C
526 67 40.520000 7.506000 17.823000 C
527 67 39.081001 8.418000 15.626000 C
528 67 40.778999 6.957000 16.563000 C
529 67 40.025002 7.400000 15.478000 C
530 68 37.256001 7.449000 20.878000 N
531 68 36.341999 6.308000 21.066999 C
532 68 34.862000 6.777000 21.112000 C
533 68 33.941002 6.251000 20.499001 O
534 68 36.694000 5.549000 22.386000 C
535 68 37.924000 4.674000 22.216000 C
536 68 38.124001 4.176000 21.129999 O
537 68 38.790001 4.527000 23.277000 N
538 69 34.625999 7.834000 21.875999 N
539 69 33.277000 8.313000 21.964001 C
540 69 32.773998 8.781000 20.606001 C
541 69 31.615000 8.608000 20.271000 O
542 69 33.209000 9.543000 22.888000 C
543 69 33.608002 9.118000 24.302000 C
544 69 33.654999 10.244000 25.340000 C
545 69 33.688000 9.959000 26.544001 O
546 69 33.608002 11.485000 24.903000 N
547 70 33.632999 9.489000 19.858999 N
548 70 33.258999 10.038000 18.591999 C
549 70 32.995998 8.970000 17.554001 C
550 70 32.132000 9.142000 16.718000 O
551 70 34.271999 11.085000 18.006001 C
552 70 34.379002 12.381000 18.780001 C
553 70 33.515999 12.747000 19.521000 O
554 70 35.474998 13.050000 18.584000 O
555 71 33.740002 7.862000 17.594000 N
556 71 33.478001 6.868000 16.584000 C
557 71 32.212002 6.124000 16.930000 C
558 71 31.415001 5.793000 16.073999 O
559 71 34.705002 5.914000 16.517000 C
560 71 34.358002 4.705000 15.623000 C
561 71 35.962002 6.648000 16.003000 C
562 72 32.001999 5.914000 18.221001 N
563 72 30.809999 5.232000 18.659000 C
564 72 29.586000 6.045000 18.281000 C
565 72 28.552999 5.580000 17.761999 O
566 72 30.990000 5.029000 20.136999 C
567 72 30.018000 4.043000 20.688000 C
568 72 29.848000 3.002000 19.955999 O
569 72 29.358999 4.281000 21.635000 O
570 73 29.702999 7.324000 18.438999 N
571 73 28.573999 8.198000 18.094000 C
572 73 28.229000 8.186000 16.605000 C
573 73 27.068001 8.225000 16.188000 O
574 73 28.923000 9.641000 18.521999 C
575 74 29.268000 8.178000 15.786000 N
576 74 29.093000 8.153000 14.353000 C
577 74 28.365000 6.886000 13.964000 C
578 74 27.351000 6.956000 13.256000 O
579 74 30.392000 8.304000 13.554000 C
580 75 28.875000 5.766000 14.468000 N
581 75 28.198999 4.520000 14.145000 C
582 75 26.746000 4.614000 14.567000 C
583 75 25.825001 4.286000 13.791000 O
584 75 28.857000 3.298000 14.809000 C
585 75 28.031000 2.011000 14.581000 C
586 75 30.254000 3.081000 14.230000 C
587 76 26.528999 5.020000 15.807000 N
588 76 25.173000 5.031000 16.266001 C
589 76 24.333000 6.032000 15.526000 C
590 76 23.138000 5.847000 15.224000 O
591 76 25.136000 5.160000 17.791000 C
592 76 25.485001 3.830000 18.431000 C
593 76 25.395000 3.865000 19.957001 C
594 76 26.396999 4.748000 20.563999 N
595 76 26.226999 6.067000 20.750999 5
96 76 25.103001 6.700000 20.409000 5
97 76 27.202000 6.795000 21.301001 N
598 77 24.938999 7.087000 15.099000 N
599 77 24.179001 8.021000 14.327000 C
600 77 23.712999 7.424000 12.962000 C
601 77 22.632000 7.645000 12.503000 O
602 78 24.583000 6.740000 12.264000 N
603 78 24.250000 6.062000 11.014000 C
604 78 23.059999 5.122000 11.218000 C
605 78 22.091000 5.081000 10.439000 O
606 78 25.466999 5.191000 10.613000 C
607 78 26.552999 6.118000 10.001000 C
608 78 25.056000 4.146000 9.587000 C
609 78 27.892000 5.456000 9.731000 C
610 79 23.174000 4.329000 12.306000 N
611 79 22.167999 3.327000 12.592000 C
612 79 20.849001 3.923000 12.912000 C
613 79 19.843000 3.266000 12.769000 O
614 79 22.583000 2.300000 13.623000 C
615 79 23.802999 1.506000 13.181000 C
616 79 24.277000 0.664000 14.343000 C
617 79 23.496000 0.643000 11.943000 C
618 80 20.829000 5.170000 13.349000 N
619 80 19.530001 5.749000 13.646000 C
620 80 19.011000 6.625000 12.509000 C
621 80 17.945999 7.226000 12.595000 O
622 80 19.525000 6.577000 14.950000 C
623 80 20.493000 6.200000 16.087999 C
624 80 20.143000 6.968000 17.393000 6
25 80 21.115999 7.952000 17.983999 6
26 80 21.530001 9.212000 17.573999 6
27 80 21.166000 9.866000 16.429001 N
628 80 22.410999 9.827000 18.384001 6
29 81 19.792999 6.763000 11.455000 N
630 81 19.377001 7.632000 10.404000 C
631 81 18.656000 6.835000 9.341000 C
632 81 19.180000 5.841000 8.836000 O
633 81 20.594000 8.410000 9.899000 C
634 81 20.198999 9.352000 8.792000 C
635 81 19.709999 8.947000 7.743000 O
636 81 20.421000 10.621000 9.033000 N
637 82 17.409000 7.194000 9.061000 N
638 82 16.635000 6.438000 8.085000 C
639 82 17.257000 6.466000 6.706000 C
640 82 17.011999 5.617000 5.845000 O
641 82 15.207000 6.919000 8.006000 C
642 83 18.073999 7.428000 6.435000 N
643 83 18.645000 7.424000 5.123000 C
644 83 19.945999 6.644000 5.066000 C
645 83 20.332001 6.094000 4.049000 O
646 83 18.969000 8.840000 4.684000 C
647 83 17.799000 9.555000 4.051000 C
648 83 17.002001 10.348000 5.088000 6
49 83 16.450001 11.643000 4.506000 6
50 83 16.875000 11.857000 3.107000 6
51 84 20.652000 6.669000 6.156000 N
652 84 21.940001 6.044000 6.155000 C
653 84 21.940001 4.581000 6.485000 C
654 84 22.754000 3.815000 5.982000 O
655 84 22.854000 6.778000 7.170000 C
656 84 23.044001 8.237000 6.822000 C
657 84 23.872000 8.936000 7.892000 C
658 84 23.704000 8.401000 5.450000 C
659 85 21.094999 4.229000 7.389000 N
660 85 21.063999 2.858000 7.825000 C
661 85 21.034000 1.790000 6.736000 C
662 85 21.694000 0.742000 6.767000 O
663 85 19.881001 2.695000 8.747000 C
664 85 20.084000 1.382000 9.469000 C
665 85 18.982000 1.017000 10.432000 C
666 85 19.400999 -0.166000 11.275000 C
667 85 19.204000 -1.452000 10.591000 N
668 86 20.150000 1.981000 5.768000 N
669 86 19.982000 0.986000 4.744000 C
670 86 21.176001 0.912000 3.885000 C
671 86 21.528999 -0.146000 3.417000 O
672 86 18.790001 1.400000 3.879000 C
673 86 18.170000 2.570000 4.605000 C
674 86 19.049999 2.921000 5.806000 C
675 87 21.829000 2.036000 3.687000 N
676 87 23.066000 1.972000 2.890000 C
677 87 24.153999 1.182000 3.647000 C
678 87 24.826000 0.303000 3.148000 O
679 87 23.539000 3.396000 2.501000 C
680 87 24.823000 3.376000 1.656000 C
681 87 22.393000 4.210000 1.845000 C
682 88 24.343000 1.524000 4.890000 N
683 88 25.302999 0.858000 5.760000 C
684 88 25.004999 -0.649000 5.848000 C
685 88 25.902000 -1.494000 5.709000 O
686 88 25.155001 1.492000 7.171000 C
687 88 26.179001 0.996000 8.145000 C
688 88 27.414000 1.639000 8.212000 C
689 88 25.921000 -0.079000 8.986000 C
690 88 28.372999 1.274000 9.148000 C
691 88 26.899000 -0.498000 9.882000 C
692 88 28.113001 0.193000 9.981000 C
693 88 29.090000 -0.215000 10.859000 O
694 89 23.738001 -1.018000 6.015000 N
695 89 23.400000 -2.451000 6.123000 C
696 89 23.747000 -3.207000 4.866000 C
697 89 24.068001 -4.393000 4.898000 O
698 89 21.906000 -2.613000 6.411000 C
699 89 21.497999 -2.424000 7.869000 C
700 89 22.504000 -2.336000 8.712000 O
701 89 20.346001 -2.318000 8.175000 O
702 90 23.674000 -2.501000 3.750000 N
703 90 23.966000 -3.138000 2.466000 C
704 90 25.426001 -3.321000 2.140000 C
705 90 25.802000 -4.100000 1.238000 O
706 90 23.299999 -2.359000 1.344000 C
707 90 24.104000 -1.249000 1.056000 O
708 91 26.316000 -2.587000 2.833000 N
709 91 27.724001 -2.671000 2.494000 C
710 91 28.511000 -3.749000 3.198000 C
711 91 28.107000 -4.242000 4.247000 O
712 91 28.400000 -1.301000 2.862000 C
713 91 27.756001 -0.048000 2.160000 C
714 91 28.285999 1.229000 2.871000 C
715 91 28.226999 -0.022000 0.714000 C
716 92 29.660999 -4.069000 2.624000 N
717 92 30.627001 -4.976000 3.232000 C
718 92 31.410999 -4.211000 4.300000 C
719 92 31.257999 -2.979000 4.415000 O
720 92 31.607000 -5.494000 2.207000 C
721 92 32.330002 -4.391000 1.493000 C
722 92 31.622000 -3.872000 0.498000 O
723 92 33.416000 -3.961000 1.842000 O
724 93 32.272999 -4.913000 5.078000 N
725 93 32.976002 -4.290000 6.173000 C
726 93 33.898998 -3.129000 5.858000 C
727 93 33.929001 -2.124000 6.609000 O
728 93 33.605999 -5.285000 7.147000 C
729 94 34.653000 -3.272000 4.774000 N
730 94 35.544998 -2.208000 4.384000 C
731 94 34.790001 -0.961000 4.005000 C
732 94 35.085999 0.144000 4.427000 O
733 94 36.473999 -2.681000 3.282000 C
734 94 37.521999 -1.624000 3.006000 C
735 94 37.183998 -3.910000 3.797000 C
736 95 33.803001 -1.122000 3.162000 N
737 95 33.028999 0.013000 2.710000 C
738 95 32.264999 0.661000 3.830000 C
739 95 32.029999 1.844000 3.834000 O
740 95 32.112000 -0.362000 1.528000 C
741 95 32.918999 -0.712000 0.293000 C
742 95 31.996000 -0.877000 -0.911000 C
743 95 32.735001 -1.079000 -2.148000 N
744 95 33.116001 -2.244000 -2.639000 C
745 95 32.937000 -3.386000 -1.985000 N
746 95 33.716000 -2.245000 -3.832000 N
747 96 31.830000 -0.111000 4.808000 N
748 96 31.134001 0.499000 5.979000 C
749 96 32.062000 1.497000 6.688000 C
750 96 31.601000 2.552000 7.111000 O
751 96 30.773001 -0.589000 7.014000 C
752 96 29.531000 -1.301000 6.589000 C
753 96 29.139999 -2.469000 7.551000 C
754 96 27.944000 -3.131000 6.995000 N
755 96 27.268000 -4.162000 7.489000 C
756 96 27.634001 -4.717000 8.627000 N
757 96 26.194000 -4.668000 6.809000 N
758 97 33.342999 1.100000 6.798000 N
759 97 34.367001 1.958000 7.411000 C
760 97 34.443001 3.289000 6.642000 C
761 97 34.548000 4.329000 7.218000 O
762 97 35.731998 1.294000 7.363000 C
763 98 34.348999 3.259000 5.315000 N
764 98 34.367001 4.499000 4.522000 C
765 98 33.161999 5.404000 4.805000 C
766 98 33.261002 6.635000 4.806000 O
767 98 34.313000 4.148000 3.019000 C
768 99 31.985001 4.789000 5.004000 N
769 99 30.798000 5.579000 5.277000 C
770 99 30.962999 6.159000 6.668000 C
771 99 30.603001 7.312000 6.932000 O
772 99 29.549999 4.642000 5.237000 C
773 99 28.212000 5.314000 5.365000 C
774 99 28.018000 6.300000 4.243000 C
775 99 27.084999 4.269000 5.295000 C
776 100 31.528000 5.408000 7.582000 N
777 100 31.739000 5.978000 8.921000 C
778 100 32.695000 7.204000 8.880000 C
779 100 32.527000 8.240000 9.527000 O
780 100 32.258999 4.920000 9.912000 C
781 100 31.274000 3.733000 10.095000 C
782 100 32.703999 5.554000 11.260000 C
783 100 31.943001 2.564000 10.848000 C
784 101 33.737999 7.109000 8.089000 N
785 101 34.688999 8.185000 8.033000 C
786 101 34.039001 9.441000 7.535000 C
787 101 34.224998 10.530000 8.048000 O
788 101 35.743999 7.719000 7.050000 C
789 101 36.984001 8.588000 6.921000 C
790 101 36.897999 9.806000 6.688000 O
791 101 38.132000 7.946000 6.923000 N
792 102 33.247002 9.287000 6.507000 N
793 102 32.618000 10.477000 6.020000 C
794 102 31.698000 11.096000 7.104000 C
795 102 31.548000 12.331000 7.239000 O
796 102 31.725000 10.242000 4.747000 C
797 102 32.436001 9.978000 3.392000 C
798 102 31.176001 9.585000 2.116000 S
799 102 30.593000 11.232000 1.704000 C
800 103 30.930000 10.247000 7.818000 N
801 103 30.028000 10.780000 8.831000 C
802 103 30.837000 11.448000 9.943000 C
803 103 30.415001 12.466000 10.520000 O
804 103 29.063000 9.723000 9.416000 C
805 103 28.308001 10.291000 10.634000 C
806 103 27.993000 9.366000 8.379000 C
807 104 31.983999 10.869000 10.259000 N
808 104 32.816002 11.459000 11.324000 C
809 104 33.279999 12.848000 10.904000 C
810 104 33.337002 13.812000 11.671000 O
811 104 34.039001 10.551000 11.480000 C
812 104 34.966000 10.965000 12.625000 C
813 104 35.969002 11.903000 12.403000 C
814 104 34.860001 10.317000 13.856000 C
815 104 36.833000 12.237000 13.449000 C
816 104 35.761002 10.580000 14.884000 C
817 104 36.729000 11.566000 14.670000 C
818 105 33.612999 12.979000 9.638000 N
819 105 34.115002 14.256000 9.115000 C
820 105 33.061001 15.295000 8.935000 C
821 105 33.278000 16.445999 9.229000 O
822 105 34.881001 14.069000 7.757000 C
823 105 35.428001 15.398000 7.151000 C
824 105 36.164001 15.291000 5.813000 C
825 105 36.205002 14.220000 5.188000 O
826 105 36.685001 16.423000 5.337000 N
827 106 31.945000 14.883000 8.349000 N
828 106 30.870001 15.767000 7.962000 C
829 106 29.548000 15.723000 8.691000 C
830 106 28.732000 16.579000 8.445000 O
831 106 30.723000 15.924000 6.422000 C
832 106 30.322001 14.815000 5.498000 C
833 106 30.747999 15.461000 3.848000 S
834 106 31.874001 14.177000 3.319000 C
835 107 29.344000 14.762000 9.587000 N
836 107 28.110001 14.717000 10.272000 C
837 107 27.129000 13.976000 9.415000 C
838 107 27.186001 13.901000 8.209000 O
839 108 26.224001 13.399000 10.094000 N
840 108 25.322001 12.548000 9.433000 C
841 108 24.393000 13.294000 8.534000 C
842 108 23.870001 12.802000 7.512000 O
843 108 24.628000 11.725000 10.510000 C
844 108 23.252001 12.290000 10.777000 C
845 108 22.573000 11.552000 11.864000 C
846 108 23.396000 11.193000 12.823000 O
847 108 21.388000 11.312000 11.835000 O
848 109 24.191999 14.523000 8.932000 N
849 109 23.340000 15.361000 8.151000 C
850 109 23.993999 15.653000 6.817000 C
851 109 23.344000 15.559000 5.730000 O
852 109 22.962000 16.714001 8.832000 C
853 109 22.250000 16.502001 10.021000 O
854 109 22.046000 17.487000 7.898000 C
855 110 25.271000 16.016001 6.885000 N
856 110 25.952999 16.291000 5.658000 C
857 110 25.895000 15.090000 4.736000 C
858 110 25.546000 15.229000 3.574000 O
859 111 26.223000 13.909000 5.278000 N
860 111 26.271000 12.710000 4.464000 C
861 111 24.943001 12.306000 3.874000 C
862 111 24.882999 11.892000 2.714000 O
863 111 26.922001 11.556000 5.190000 C
864 111 27.028000 10.328000 4.266000 C
865 111 28.318001 11.985000 5.676000 C
866 112 23.896000 12.388000 4.698000 N
867 112 22.541000 12.010000 4.282000 C
868 112 22.082001 12.774000 3.006000 C
869 112 21.207001 12.296000 2.254000 O
870 112 21.576000 12.141000 5.474000 C
871 113 22.745001 13.936000 2.717000 N
872 113 22.500000 14.801000 1.538000 C
873 113 23.158001 14.376000 0.189000 C
874 113 22.917999 14.956000 -0.889000 O
875 114 23.983000 13.347000 0.275000 N
876 114 24.617001 12.759000 -0.879000 C
877 114 23.620001 11.732000 -1.424000 C
878 114 23.922001 10.594000 -1.711000 O
879 114 25.986000 12.143000 -0.466000 C
880 114 27.193001 13.109000 -0.328000 C
881 114 27.186001 14.176000 0.575000 C
882 114 28.319000 13.018000 -1.159000 C
883 114 28.275999 15.044000 0.701000 C
884 114 29.393999 13.917000 -1.096000 C
885 114 29.372000 14.945000 -0.154000 C
886 115 22.400000 12.151000 -1.585000 N
887 115 21.354000 11.271000 -2.032000 C
888 115 21.705000 10.410000 -3.192000 C
889 115 21.448000 9.226000 -3.248000 O
890 115 20.089001 12.061000 -2.416000 C
891 115 19.754999 12.880000 -1.358000 O
892 115 18.966000 11.067000 -2.620000 C
893 116 22.214001 11.040000 -4.190000 N
894 116 22.534000 10.282000 -5.355000 C
895 116 23.688000 9.268000 -5.186000 C
896 116 23.625000 8.147000 -5.712000 O
897 116 22.691999 11.169000 -6.637000 C
898 116 21.473000 12.074000 -6.913000 C
899 116 20.306999 11.653000 -6.821000 O
900 116 21.733999 13.317000 -7.266000 N
901 117 24.745001 9.656000 -4.500000 N
902 117 25.858000 8.717000 -4.293000 C
903 117 25.414000 7.537000 -3.447000 C
904 117 25.844999 6.421000 -3.673000 O
905 117 26.943001 9.412000 -3.514000 C
906 117 27.372000 10.545000 -4.250000 O
907 118 24.552999 7.817000 -2.436000 N
908 118 24.011999 6.805000 -1.509000 C
909 118 23.264999 5.727000 -2.272000 C
910 118 23.381001 4.540000 -2.028000 O
911 118 23.089001 7.407000 -0.396000 C
912 118 23.806999 8.431000 0.524000 C
913 118 22.816000 9.083000 1.480000 C
914 118 24.910999 7.776000 1.352000 C
915 119 22.466999 6.193000 -3.204000 N
916 119 21.684999 5.256000 -4.044000 C
917 119 22.596001 4.395000 -4.885000 C
918 119 22.351000 3.210000 -5.072000 O
919 119 20.798000 6.057000 -4.962000 C
920 120 23.690001 4.999000 -5.395000 N
921 120 24.593000 4.240000 -6.198000 C
922 120 25.354000 3.238000 -5.348000 C
923 120 25.674000 2.123000 -5.748000 O
924 120 25.596001 5.119000 -7.019000 C
925 120 25.014000 5.712000 -8.330000 C
926 120 25.987000 7.178000 -8.699000 S
927 120 24.801001 8.277000 -9.522000 C
928 121 25.688999 3.678000 -4.147000 N
929 121 26.414000 2.770000 -3.287000 C
930 121 25.493000 1.554000 -2.955000 C
931 121 25.910000 0.379000 -2.957000 O
932 121 26.822001 3.482000 -2.003000 C
933 121 27.990000 4.501000 -2.155000 C
934 121 28.134001 5.332000 -0.857000 C
935 121 29.302000 3.810000 -2.479000 C
936 122 24.254000 1.866000 -2.655000 N
937 122 23.333000 0.855000 -2.280000 C
938 122 23.141001 -0.144000 -3.388000 C
939 122 22.971001 -1.358000 -3.183000 O
940 122 22.014000 1.508000 -1.928000 C
941 122 21.197001 0.466000 -1.195000 C
942 122 20.016001 0.991000 -0.423000 C
943 122 19.896999 2.197000 -0.142000 O
944 122 19.153999 0.050000 -0.036000 N
945 123 23.170000 0.378000 -4.594000 N
946 123 22.968000 -0.522000 -5.716000 C
947 123 24.223000 -1.204000 -6.125000 C
948 123 24.148001 -1.935000 -7.115000 O
949 123 22.412001 0.255000 -6.904000 C
950 124 25.379000 -0.921000 -5.449000 N
951 124 26.705000 -1.509000 -5.761000 C
952 124 27.302999 -1.124000 -7.130000 C
953 124 27.995001 -1.914000 -7.825000 O
954 124 26.823000 -3.052000 -5.504000 C
955 124 26.259001 -3.480000 -4.105000 C
956 124 26.600000 -4.879000 -3.641000 C
957 124 26.153999 -5.114000 -2.202000 C
958 124 26.934000 -4.332000 -1.300000 N
959 125 27.066999 0.117000 -7.512000 N
960 125 27.618000 0.662000 -8.750000 C
961 125 28.787001 1.520000 -8.328000 C
962 125 28.631001 2.764000 -8.248000 O
963 125 26.572001 1.565000 -9.363000 C
964 125 25.396000 0.762000 -9.906000 C
965 125 24.306000 1.663000 -10.429000 C
966 125 23.240999 0.815000 -10.877000 N
967 125 22.695999 0.944000 -12.069000 9
68 125 23.096001 1.920000 -12.917000 N
969 125 21.736000 0.070000 -12.406000 N
970 126 29.902000 0.833000 -8.037000 N
971 126 31.136000 1.396000 -7.484000 C
972 126 31.788000 2.520000 -8.236000 C
973 126 32.015999 3.608000 -7.691000 O
974 126 32.123001 0.309000 -7.010000 C
975 126 31.478001 -0.816000 -6.253000 C
976 126 31.641001 -2.114000 -6.563000 C
977 126 30.667000 -0.796000 -5.070000 C
978 126 30.992001 -2.913000 -5.693000 N
979 126 30.395000 -2.126000 -4.735000 C
980 126 30.188000 0.199000 -4.236000 C
981 126 29.653000 -2.504000 -3.621000 C
982 126 29.396999 -0.160000 -3.162000 C
983 126 29.131001 -1.486000 -2.848000 C
984 127 32.042000 2.281000 -9.507000 N
985 127 32.637001 3.328000 -10.363000 C
986 127 31.724001 4.539000 -10.512000 C
987 127 32.152000 5.680000 -10.389000 O
988 127 33.125000 2.719000 -11.688000 C
989 127 34.362000 1.830000 -11.517000 C
990 127 34.646000 1.174000 -10.516000 O
991 127 35.084000 1.782000 -12.596000 O
992 128 30.424000 4.315000 -10.694000 N
993 128 29.538000 5.445000 -10.807000 C
994 128 29.475000 6.228000 -9.523000 C
995 128 29.430000 7.464000 -9.536000 O
996 128 28.115999 5.047000 -11.142000 C
997 128 28.058001 4.609000 -12.619000 C
998 128 26.976000 3.625000 -12.940000 9
99 128 25.759001 4.132000 -12.938000 O
1000 128 27.228001 2.481000 -13.221000 O
1001 129 29.409000 5.512000 -8.405000 N
1002 129 29.347000 6.245000 -7.137000 C
1003 129 30.591000 7.101000 -6.936000 C
1004 129 30.530001 8.231000 -6.460000 O
1005 129 29.209000 5.286000 -5.976000 C
1006 130 31.735001 6.555000 -7.296000 N
1007 130 33.000000 7.272000 -7.114000 C
1008 130 33.006001 8.544000 -7.913000 C
1009 130 33.459000 9.615000 -7.497000 O
1010 130 34.165001 6.365000 -7.505000 C
1011 131 32.473000 8.437000 -9.083000 N
1012 131 32.400002 9.601000 -9.915000 C
1013 131 31.475000 10.676000 -9.291000 C
1014 131 31.802000 11.839000 -9.205000 O
1015 131 31.971001 9.200000 -11.363000 C
1016 131 31.458000 10.413000 -12.116000 C
1017 131 33.182999 8.642000 -12.094000 C
1018 132 30.330999 10.291000 -8.860000 N
1019 132 29.402000 11.213000 -8.272000 C
1020 132 29.958000 11.754000 -6.965000 C
1021 132 29.858000 12.927000 -6.658000 O
1022 132 28.075001 10.493000 -8.037000 C
1023 132 26.969999 11.429000 -7.602000 C
1024 132 26.643999 11.607000 -6.398000 O
1025 132 26.406000 12.125000 -8.570000 N
1026 133 30.583000 10.913000 -6.168000 N
1027 133 31.107000 11.461000 -4.893000 C
1028 133 32.082001 12.617000 -5.086000 C
1029 133 32.230999 13.474000 -4.222000 O
1030 133 31.860001 10.372000 -4.071000 C
1031 133 30.945999 9.394000 -3.334000 C
1032 133 31.774000 8.158000 -2.878000 C
1033 133 30.296000 10.095000 -2.155000 C
1034 134 32.799999 12.587000 -6.201000 N
1035 134 33.848999 13.583000 -6.494000 C
1036 134 33.313000 14.935000 -6.907000 C
1037 134 34.063000 15.877000 -6.893000 O
1038 134 34.834000 13.059000 -7.566000 C
1039 135 32.042999 15.012000 -7.299000 N
1040 135 31.429001 16.295000 -7.669000 C
1041 135 30.782000 16.875999 -6.446000 C
1042 135 29.558001 16.884001 -6.274000 O
1043 135 30.360001 16.118999 -8.733000 C
1044 135 30.983000 15.399000 -9.907000 C
1045 135 29.840000 14.900000 -10.711000 C
1046 135 30.150000 14.748000 -12.164000 C
1047 135 28.914000 14.473000 -12.913000 1
48 136 31.635000 17.304001 -5.529000 N
1049 136 31.212000 17.780001 -4.234000 C
1050 136 32.248001 18.797001 -3.708000 C
1051 136 33.476002 18.757999 -3.999000 O
1052 136 31.152000 16.573999 -3.255000 C
1053 136 32.483002 16.002001 -3.153000 O
1054 137 31.742001 19.655001 -2.853000 N
1055 137 32.646999 20.593000 -2.204000 C
1056 137 33.625000 19.813000 -1.394000 C
1057 137 34.810001 20.195000 -1.293000 O
1058 137 31.833000 21.421000 -1.210000 C
1059 137 32.709999 22.370001 -0.396000 C
1060 137 31.886999 23.204000 0.592000 C
1061 137 32.632000 24.337000 1.138000 N
1062 137 33.404999 24.191999 2.207000 1
63 137 33.478001 23.021999 2.841000 N
1064 137 34.117001 25.229000 2.665000 N
1065 138 33.118000 18.712999 -0.731000 N
1066 138 33.946999 17.816999 0.077000 C
1067 138 35.230999 17.452000 -0.676000 C
1068 138 36.352001 17.618000 -0.208000 O
1069 138 33.158001 16.521999 0.433000 C
1070 138 33.965000 15.429000 1.078000 C
1071 138 34.650002 15.473000 2.256000 C
1072 138 34.083000 14.100000 0.572000 C
1073 138 35.255001 14.257000 2.507000 N
1074 138 34.831001 13.355000 1.513000 C
1075 138 33.528999 13.485000 -0.556000 C
1076 138 35.105000 11.987000 1.328000 C
1077 138 33.799999 12.146000 -0.724000 C
1078 138 34.603001 11.415000 0.192000 C
1079 139 35.069000 17.009001 -1.914000 N
1080 139 36.210999 16.600000 -2.688000 C
1081 139 37.127998 17.743000 -3.088000 C
1082 139 38.366001 17.601000 -3.066000 O
1083 139 35.662998 15.934000 -3.929000 C
1084 139 36.736000 15.513000 -4.847000 C
1085 139 37.244999 14.235000 -4.679000 C
1086 139 37.153999 16.320999 -5.910000 C
1087 139 38.222000 13.758000 -5.541000 C
1088 139 38.139999 15.852000 -6.779000 C
1089 139 38.673000 14.575000 -6.577000 C
1090 139 39.626999 14.082000 -7.424000 O
1091 140 36.520000 18.862000 -3.434000 N
1092 140 37.320000 20.004000 -3.843000 C
1093 140 38.113998 20.639999 -2.691000 C
1094 140 39.181999 21.209000 -2.901000 O
1095 140 36.351002 21.030001 -4.473000 C
1096 140 36.004002 20.599001 -5.858000 C
1097 140 34.897999 20.113001 -6.117000 O
1098 140 37.015999 20.582001 -6.721000 N
1099 141 37.576000 20.601000 -1.475000 N
1100 141 38.238998 21.177000 -0.323000 C
1101 141 39.264000 20.282000 0.300000 C
1102 141 40.294998 20.778999 0.768000 O
1103 141 37.257999 21.586000 0.791000 C
1104 141 36.285999 22.638000 0.291000 C
1105 141 36.886002 23.896000 -0.322000 C
1106 141 36.500000 24.329000 -1.436000 O
1107 141 37.751999 24.568001 0.468000 N
1108 142 38.981998 18.980000 0.382000 N
1109 142 39.938000 18.077999 0.974000 C
1110 142 40.120998 16.938999 0.015000 C
1111 142 39.719002 15.822000 0.280000 O
1112 142 39.493999 17.554001 2.385000 C
1113 142 38.155998 17.023001 2.295000 O
1114 142 39.445999 18.714001 3.402000 C
1115 143 40.728001 17.214001 -1.102000 N
1116 143 40.884998 16.202999 -2.153000 C
1117 143 41.699001 14.931000 -1.821000 C
1118 143 41.376999 13.851000 -2.280000 O
1119 143 41.551998 16.926001 -3.334000 C
1120 143 42.214001 18.172001 -2.739000 C
1121 143 41.476002 18.466999 -1.419000 C
1122 144 42.791000 15.046000 -1.051000 N
1123 144 43.551998 13.851000 -0.768000 C
1124 144 42.804001 12.861000 0.141000 C
1125 144 42.855000 11.668000 -0.042000 O
1126 144 44.942001 14.208000 -0.202000 C
1127 144 45.881001 14.832000 -1.279000 C
1128 144 45.773998 14.582000 -2.491000 O
1129 144 46.867001 15.544000 -0.848000 N
1130 145 42.136002 13.407000 1.147000 N
1131 145 41.367001 12.575000 2.024000 C
1132 145 40.179001 12.016000 1.242000 C
1133 145 39.848999 10.814000 1.302000 O
1134 145 40.801998 13.412000 3.168000 C
1135 145 40.098999 12.465000 4.136000 C
1136 145 39.375000 13.193000 5.168000 C
1137 145 38.657001 12.295000 6.048000 N
1138 145 38.564999 12.658000 7.294000 C
1139 145 39.144001 13.794000 7.643000 N
1140 145 37.889000 11.905000 8.166000 N
1141 146 39.493999 12.909000 0.511000 N
1142 146 38.379002 12.442000 -0.251000 C
1143 146 38.775002 11.298000 -1.194000 C
1144 146 38.056000 10.305000 -1.294000 O
1145 146 37.712002 13.584000 -0.995000 C
1146 147 39.903999 11.429000 -1.916000 N
1147 147 40.376999 10.404000 -2.828000 C
1148 147 40.583000 9.138000 -2.068000 C
1149 147 40.280998 8.060000 -2.597000 O
1150 147 41.693001 10.687000 -3.514000 C
1151 147 41.590000 11.892000 -4.422000 C
1152 147 42.874001 12.220000 -5.164000 C
1153 147 42.766998 13.527000 -5.963000 C
1154 147 43.667000 13.563000 -7.138000 1
155 148 41.071999 9.256000 -0.846000 N
1156 148 41.251999 7.984000 -0.095000 C
1157 148 39.944000 7.272000 0.230000 C
1158 148 39.814999 6.047000 0.042000 O
1159 148 42.056999 8.099000 1.198000 C
1160 148 43.498001 8.450000 0.981000 C
1161 148 44.280998 8.345000 2.237000 C
1162 148 43.991001 9.396000 3.184000 N
1163 148 44.606998 10.599000 3.242000 C
1164 148 45.507000 10.946000 2.302000 N
1165 148 44.270000 11.502000 4.157000 N
1166 149 38.966000 8.031000 0.664000 N
1167 149 37.674999 7.420000 1.023000 C
1168 149 36.977001 6.924000 -0.221000 C
1169 149 36.424000 5.843000 -0.242000 O
1170 149 36.841000 8.406000 1.772000 C
1171 149 35.409000 7.961000 1.979000 C
1172 149 37.515999 8.716000 3.109000 C
1173 150 37.023998 7.716000 -1.308000 N
1174 150 36.430000 7.300000 -2.584000 C
1175 150 37.028000 5.996000 -3.147000 C
1176 150 36.297001 5.146000 -3.628000 O
1177 150 36.432999 8.398000 -3.654000 C
1178 150 35.431999 9.483000 -3.233000 C
1179 150 36.013000 7.783000 -5.009000 C
1180 150 35.632000 10.814000 -3.969000 C
1181 151 38.346001 5.803000 -3.083000 N
1182 151 39.021999 4.565000 -3.582000 C
1183 151 38.605999 3.393000 -2.761000 C
1184 151 38.492001 2.279000 -3.251000 O
1185 151 40.521000 4.724000 -3.415000 C
1186 151 40.925999 5.690000 -4.343000 O
1187 151 41.283001 3.430000 -3.713000 C
1188 152 38.346001 3.704000 -1.487000 N
1189 152 37.875999 2.672000 -0.558000 C
1190 152 36.476002 2.179000 -0.994000 C
1191 152 36.166000 0.974000 -1.043000 O
1192 152 37.889999 3.200000 0.897000 C
1193 152 39.209000 3.568000 1.258000 O
1194 152 37.466000 2.043000 1.804000 C
1195 153 35.596001 3.124000 -1.308000 N
1196 153 34.313000 2.739000 -1.776000 C
1197 153 34.425999 2.049000 -3.145000 C
1198 153 33.731998 1.058000 -3.448000 O
1199 153 33.449001 4.002000 -1.989000 C
1200 153 32.813999 4.526000 -0.735000 C
1201 153 31.983000 3.693000 0.022000 C
1202 153 32.966999 5.860000 -0.360000 C
1203 153 31.291000 4.190000 1.134000 C
1204 153 32.312000 6.367000 0.762000 C
1205 153 31.506001 5.518000 1.522000 C
1206 154 35.271999 2.604000 -4.020000 N
1207 154 35.418999 2.013000 -5.323000 C
1208 154 35.881001 0.567000 -5.272000 C
1209 154 35.285999 -0.302000 -5.916000 O
1210 154 36.289001 2.819000 -6.277000 C
1211 154 35.785000 2.647000 -7.708000 C
1212 154 36.702999 3.300000 -8.745000 C
1213 154 37.983002 3.624000 -8.152000 N
1214 154 39.105000 2.895000 -8.288000 1
215 154 39.118000 1.781000 -9.029000 1
216 154 40.255001 3.277000 -7.669000 N
1217 155 36.941002 0.312000 -4.506000 N
1218 155 37.549999 -1.005000 -4.455000 C
1219 155 37.116001 -1.971000 -3.394000 C
1220 155 37.294998 -3.148000 -3.585000 O
1221 155 39.082001 -0.939000 -4.439000 C
1222 155 39.556000 -0.445000 -3.174000 O
1223 155 39.555000 -0.042000 -5.524000 C
1224 156 36.650002 -1.527000 -2.231000 N
1225 156 36.359001 -2.472000 -1.207000 C
1226 156 37.648998 -2.948000 -0.550000 C
1227 156 37.668999 -3.947000 0.186000 O
1228 157 38.759998 -2.246000 -0.760000 N
1229 157 39.969002 -2.686000 -0.075000 C
1230 157 40.574001 -1.500000 0.649000 C
1231 157 40.192001 -0.394000 0.402000 O
1232 157 41.049000 -3.116000 -1.074000 C
1233 157 41.450001 -1.962000 -1.816000 O
1234 157 40.498001 -4.208000 -1.976000 C
1235 158 41.592999 -1.740000 1.448000 N
1236 158 42.265999 -0.670000 2.171000 C
1237 158 43.476002 -0.128000 1.413000 C
1238 158 44.324001 0.546000 1.933000 O
1239 158 42.759998 -1.265000 3.514000 C
1240 158 41.661999 -1.648000 4.464000 C
1241 158 41.400002 -2.918000 4.838000 C
1242 158 40.731998 -0.802000 5.250000 C
1243 158 40.374001 -2.941000 5.758000 N
1244 158 39.964001 -1.678000 6.052000 C
1245 158 40.494999 0.564000 5.377000 C
1246 158 38.977001 -1.263000 6.918000 C
1247 158 39.547001 0.956000 6.280000 C
1248 158 38.801998 0.070000 7.036000 C
1249 159 43.587002 -0.442000 0.169000 N
1250 159 44.797001 -0.009000 -0.513000 C
1251 159 45.174000 1.448000 -0.423000 C
1252 159 46.331001 1.754000 -0.521000 O
1253 159 44.792999 -0.397000 -1.984000 C
1254 159 44.719002 -1.886000 -2.246000 C
1255 159 45.000999 -2.630000 -1.200000 O
1256 159 44.416000 -2.345000 -3.333000 O
1257 160 44.212002 2.350000 -0.343000 N
1258 160 44.497002 3.780000 -0.356000 C
1259 160 45.145000 4.120000 0.954000 C
1260 160 45.683998 5.164000 1.128000 O
1261 160 43.192001 4.588000 -0.516000 C
1262 161 45.087002 3.204000 1.898000 N
1263 161 45.653999 3.513000 3.200000 C
1264 161 46.972000 2.808000 3.473000 C
1265 161 47.589001 3.004000 4.532000 O
1266 161 44.638000 3.355000 4.378000 C
1267 161 43.566002 4.407000 4.357000 C
1268 161 42.460999 4.192000 3.538000 C
1269 161 43.668999 5.541000 5.161000 C
1270 161 41.457001 5.160000 3.498000 C
1271 161 42.674000 6.509000 5.123000 C
1272 161 41.570999 6.295000 4.299000 C
1273 161 40.549999 7.234000 4.277000 O
1274 162 47.432999 2.026000 2.497000 N
1275 162 48.688000 1.281000 2.641000 C
1276 162 49.918999 1.980000 2.055000 C
1277 162 50.869999 2.302000 2.799000 O
1278 162 48.521000 -0.189000 2.297000 C
1279 162 47.500000 -0.833000 3.251000 C
1280 162 47.002998 -2.255000 2.910000 1
281 162 46.592999 -2.502000 1.452000 1
282 162 45.495998 -3.493000 1.277000 N
