1432 3487
0 2
0 4
0 5
0 11
1 3
1 5
1 11
1 432
2 4
2 12
3 11
3 12
3 451
4 6
4 9
4 11
4 432
5 7
6 8
6 9
7 9
7 10
7 25
9 10
9 16
10 16
10 18
10 22
11 13
11 15
11 16
11 17
11 18
12 14
12 16
12 17
12 18
13 15
13 16
13 19
14 15
14 18
14 19
16 17
18 20
18 22
18 23
18 24
18 26
19 21
19 23
19 24
19 26
20 22
20 23
20 24
20 27
20 28
20 32
21 22
21 26
21 27
21 28
21 32
22 24
22 25
24 25
24 26
26 28
26 30
26 31
26 32
27 29
27 31
27 32
28 30
28 33
29 30
29 32
29 33
30 32
30 455
31 454
31 455
32 34
32 36
32 37
32 44
33 35
33 37
33 44
34 36
34 45
35 36
35 44
35 45
36 38
36 39
37 40
37 41
37 42
38 39
38 41
38 42
39 40
39 42
39 453
40 41
40 43
41 43
44 46
44 47
45 47
45 48
46 49
47 48
47 49
48 50
48 51
48 52
48 1056
49 51
49 53
49 54
49 56
50 52
50 53
50 54
50 57
50 58
50 63
51 52
51 56
51 57
51 58
51 63
51 71
52 54
52 55
54 55
54 56
54 63
54 67
54 1395
56 58
56 60
56 61
56 63
56 470
57 59
57 61
57 62
57 63
58 60
58 61
58 64
58 65
58 71
59 63
59 64
59 65
59 1362
60 470
61 62
63 65
63 67
63 68
63 71
64 66
64 68
64 70
64 71
65 67
65 72
66 67
66 71
66 72
67 69
67 70
69 70
71 73
71 75
71 76
71 82
72 74
72 76
72 82
73 75
73 83
74 75
74 82
74 83
75 77
75 78
76 78
77 79
77 80
78 80
78 81
78 1057
80 81
81 1056
82 84
82 85
82 86
82 87
83 85
83 87
83 88
83 90
84 86
84 88
84 91
84 92
85 86
85 90
85 91
85 92
86 89
87 88
88 89
90 92
90 93
90 94
90 95
90 96
91 93
91 95
91 96
91 98
92 94
92 95
92 99
93 94
93 95
93 98
93 99
93 1092
94 96
94 97
96 97
96 1201
98 100
98 101
98 102
98 104
99 101
99 103
99 104
99 105
100 102
100 103
100 104
100 106
101 105
101 106
103 104
103 105
103 112
103 1306
105 107
105 109
105 110
105 111
105 112
105 1309
106 108
106 110
106 111
106 112
107 109
107 110
107 113
107 114
108 109
108 112
108 113
108 114
108 115
110 111
110 1308
112 114
112 115
113 115
113 116
114 117
114 118
115 116
115 117
115 118
116 118
116 119
116 120
116 242
117 119
117 121
118 120
118 122
118 123
118 124
119 120
119 121
119 122
119 123
119 215
121 123
121 124
121 125
121 126
121 1285
122 124
122 126
122 127
123 125
123 126
123 128
123 129
123 133
124 126
124 127
124 128
124 129
124 133
124 142
124 149
125 127
126 133
126 1263
126 1285
127 129
127 131
127 132
127 133
128 130
128 132
128 133
129 131
129 134
129 135
129 142
130 131
130 133
130 134
130 135
130 154
131 214
132 213
132 214
133 135
133 137
133 138
133 142
134 136
134 138
134 142
135 137
135 143
135 144
136 137
136 142
136 143
136 168
137 139
138 140
139 141
141 1277
142 144
142 146
142 147
142 149
143 145
143 147
143 148
143 149
144 146
144 148
144 150
144 151
145 149
145 150
145 151
146 149
147 148
147 1266
147 1285
149 151
149 153
149 154
150 152
150 154
151 153
151 155
151 156
152 154
152 155
152 156
152 170
153 154
154 156
154 158
154 163
154 169
155 157
155 159
155 163
155 169
156 158
156 164
156 165
156 169
156 170
157 158
157 163
157 164
157 165
157 170
157 179
157 180
158 160
158 163
158 169
159 161
160 162
163 165
163 167
163 168
163 170
164 166
164 168
164 169
164 170
165 167
165 171
165 172
165 179
166 167
166 170
166 171
167 169
167 170
170 172
170 174
170 175
170 179
171 173
171 175
171 176
171 177
171 179
172 174
172 180
173 174
173 179
173 180
173 292
174 176
174 177
175 177
175 178
177 178
178 565
179 181
179 183
180 182
180 183
181 184
182 183
182 184
183 185
183 186
183 187
183 188
184 186
184 188
184 190
184 191
185 187
185 192
186 191
186 192
187 189
187 190
187 191
189 190
191 193
191 195
191 196
191 197
192 194
192 196
192 197
193 195
193 196
193 198
194 195
194 197
194 198
197 199
197 200
197 201
197 202
197 203
198 200
198 202
198 209
199 201
199 202
199 210
199 214
200 209
200 210
201 203
201 204
201 209
202 205
202 206
202 207
203 204
203 206
203 207
204 205
204 207
205 206
205 208
206 208
209 211
209 212
209 213
209 214
210 212
210 214
210 215
211 213
211 216
212 215
212 216
213 215
215 217
215 218
216 218
216 219
217 220
217 221
218 219
218 220
218 221
218 232
218 237
219 221
219 223
219 225
219 226
220 222
220 224
220 225
220 226
221 223
221 224
221 227
221 228
221 232
222 224
222 226
222 227
222 228
222 243
222 248
223 226
224 225
226 228
226 230
226 231
226 232
227 229
227 231
227 232
228 230
228 231
228 233
228 234
229 230
229 232
229 233
229 234
229 252
232 234
232 236
232 237
233 235
233 237
234 236
234 238
234 239
234 243
235 237
235 238
235 239
235 252
235 261
236 237
237 239
237 241
237 242
237 243
238 240
238 242
238 243
239 241
239 244
239 245
240 243
240 244
240 245
240 269
241 243
242 1317
243 245
243 247
243 248
243 252
244 246
244 248
244 252
245 247
245 253
245 254
246 252
246 253
246 254
246 274
247 249
248 250
249 251
252 254
252 256
252 261
253 255
253 257
253 258
253 261
254 256
254 257
254 262
254 263
255 258
255 261
255 262
255 263
255 274
255 283
256 258
256 261
257 259
258 260
260 281
261 263
261 265
261 266
261 269
262 264
262 266
262 267
262 269
263 265
263 267
263 270
263 271
263 274
264 269
264 270
264 271
264 283
265 268
265 269
266 267
269 271
269 273
269 274
270 272
270 274
271 273
271 275
271 276
272 274
272 275
272 276
272 294
272 302
272 1386
273 274
274 276
274 278
274 283
275 277
275 279
275 283
276 278
276 279
276 284
276 285
276 294
277 283
277 284
277 285
277 294
277 302
278 280
278 281
279 281
279 282
281 282
283 285
283 287
283 294
284 286
284 288
284 294
285 287
285 295
286 287
286 294
286 295
287 289
287 294
288 290
289 291
289 292
290 292
290 293
292 293
294 296
294 298
294 299
294 300
294 302
295 297
295 299
295 300
295 302
296 298
296 303
296 304
297 298
297 302
297 303
297 304
297 324
298 300
298 301
300 301
301 529
301 562
302 304
302 306
302 310
303 305
303 307
303 308
303 310
304 306
304 307
304 311
304 312
305 310
305 311
305 312
305 324
305 332
306 308
306 309
306 310
308 309
310 312
310 314
310 315
310 319
311 313
311 315
311 316
311 319
312 314
312 320
312 321
313 319
313 320
313 321
314 316
314 317
315 317
315 318
317 318
319 321
319 323
319 324
320 322
320 324
321 323
321 325
321 326
321 332
322 324
322 325
322 326
322 340
322 349
323 324
324 326
324 328
324 332
325 327
325 329
325 332
326 328
326 329
326 333
326 334
326 340
327 332
327 333
327 334
327 340
327 351
328 330
328 331
328 332
329 331
332 334
332 336
332 340
333 335
333 337
333 338
333 340
334 336
334 341
334 342
334 351
335 336
335 340
335 341
335 342
336 338
336 339
338 339
338 1430
340 342
340 344
340 345
340 351
341 343
341 345
341 351
342 344
342 352
343 344
343 351
343 352
344 346
344 351
345 347
345 348
346 348
346 349
347 349
347 350
349 350
351 353
351 355
351 356
351 363
352 354
352 356
352 357
352 363
353 355
353 364
353 365
354 355
354 363
354 364
354 365
354 372
354 379
354 385
354 387
355 357
355 358
356 359
356 360
356 361
357 358
357 360
357 361
358 359
358 361
359 360
359 362
360 362
363 365
363 367
363 372
364 366
364 368
364 372
365 367
365 368
365 373
365 374
366 372
366 373
366 374
366 395
367 369
367 372
368 370
369 371
371 1408
372 374
372 376
372 377
372 378
372 379
373 375
373 377
373 378
373 379
374 376
374 377
374 380
374 381
375 379
375 380
375 381
375 404
377 378
377 379
379 381
379 383
379 385
379 387
380 382
380 384
380 385
380 387
381 383
381 384
381 385
381 388
381 389
381 395
382 384
382 387
382 388
382 389
382 404
382 413
383 386
384 385
385 386
386 824
386 826
386 859
387 389
387 391
387 392
387 395
388 390
388 392
388 393
388 395
389 391
389 393
389 396
389 397
390 393
390 395
390 396
390 397
390 420
391 394
391 395
392 393
393 394
395 397
395 399
395 400
395 404
396 398
396 400
396 404
397 399
397 405
397 406
398 404
398 405
398 406
398 424
399 401
399 402
400 402
400 403
401 403
403 1418
403 1422
404 406
404 408
404 413
405 407
405 409
405 413
406 408
406 409
406 414
406 415
407 413
407 414
407 415
407 433
408 410
408 413
409 411
410 412
412 833
413 415
413 417
413 419
413 420
414 416
414 418
414 419
414 420
415 417
415 418
415 421
415 422
416 418
416 420
416 421
416 422
416 433
416 442
418 419
420 422
420 424
421 423
421 424
421 459
422 425
422 426
423 424
423 425
423 426
423 450
423 456
423 459
424 426
424 428
424 433
425 427
425 429
425 433
426 428
426 434
426 435
427 433
427 434
427 435
428 430
428 431
429 431
429 432
431 432
433 435
433 437
433 442
434 436
434 438
434 442
435 437
435 438
435 443
436 442
436 443
437 439
437 440
437 442
438 440
439 441
441 834
441 865
442 444
442 446
442 447
442 450
443 445
443 447
443 449
443 450
444 446
444 451
444 452
444 454
445 446
445 450
445 451
445 452
445 454
446 448
446 449
448 449
450 452
450 454
450 456
451 453
451 455
451 456
452 454
452 457
453 454
453 455
453 456
453 457
456 458
456 459
456 460
456 461
457 459
457 461
457 462
457 463
458 460
458 461
458 462
458 464
458 465
459 463
459 464
459 465
461 462
463 465
463 466
463 467
463 468
464 466
464 468
464 472
464 478
465 467
465 473
465 474
465 478
465 479
466 467
466 472
466 473
466 474
466 479
466 484
467 469
467 470
468 470
468 471
470 471
471 1394
471 1395
472 474
472 476
472 477
472 479
473 475
473 477
473 478
473 479
474 476
474 480
474 481
474 484
475 479
475 480
475 481
475 491
475 499
476 478
476 479
479 481
479 483
479 484
480 482
480 484
481 483
481 485
481 486
482 483
482 484
482 485
482 486
482 504
484 486
484 488
484 490
484 491
485 487
485 489
485 490
485 491
486 488
486 489
486 492
486 493
487 491
487 492
487 493
487 504
487 508
488 491
489 490
491 493
491 495
491 496
491 499
492 494
492 496
492 497
492 499
493 495
493 497
493 500
493 501
494 499
494 500
494 501
494 508
494 516
495 498
495 499
496 497
497 498
499 501
499 503
499 504
500 502
500 504
501 503
501 505
501 506
502 504
502 505
502 506
502 524
504 506
504 508
505 507
505 508
506 509
506 510
507 508
507 509
507 510
507 530
508 510
508 512
508 513
508 516
509 511
509 513
509 514
509 516
510 512
510 514
510 517
510 518
511 516
511 517
511 518
511 530
511 541
512 515
512 516
513 514
514 515
516 518
516 520
516 521
516 524
517 519
517 521
517 522
517 524
518 520
518 522
518 525
518 526
519 522
519 524
519 525
519 526
519 550
519 556
520 523
521 522
522 523
524 526
524 528
524 530
525 527
525 529
525 530
526 528
526 529
526 531
526 532
527 530
527 531
527 532
527 556
529 1347
530 532
530 534
530 541
531 533
531 535
531 536
531 541
532 534
532 535
532 542
532 543
533 541
533 542
534 536
534 541
535 537
536 538
536 539
537 539
537 540
539 540
539 1284
539 1318
540 1256
541 543
541 545
541 546
541 550
542 544
542 546
542 547
542 550
543 545
543 551
544 550
544 551
545 547
545 548
545 550
546 548
546 549
548 549
549 1297
550 552
550 554
550 555
550 556
551 553
551 555
551 556
552 554
552 555
552 557
552 558
552 560
552 566
553 554
553 556
553 557
553 558
553 560
553 566
553 571
555 691
556 558
556 560
556 566
557 559
557 561
557 562
557 566
558 560
558 567
558 568
558 570
559 560
559 566
559 567
559 568
559 570
559 581
559 582
560 562
560 563
561 564
561 565
562 563
562 565
563 564
566 568
566 570
566 571
567 569
567 571
568 570
568 572
569 570
569 571
569 572
571 573
571 575
572 574
572 575
573 576
573 577
573 584
574 575
574 576
574 577
574 584
574 591
575 577
575 579
575 584
576 578
576 580
576 584
577 579
577 585
578 579
578 584
578 585
579 581
579 582
579 584
580 582
581 583
584 586
584 588
584 589
584 590
584 591
585 587
585 589
585 590
585 591
586 588
586 590
586 592
587 588
587 590
587 591
587 592
589 590
591 593
591 594
591 595
591 596
592 594
592 596
592 598
592 599
593 595
593 600
594 595
594 599
594 600
595 597
595 598
595 599
597 598
599 601
599 602
599 603
599 604
599 608
599 623
600 602
600 604
600 605
600 608
601 603
601 609
601 610
601 612
601 616
602 603
602 608
602 609
602 610
602 612
602 616
602 620
603 605
604 606
605 607
608 610
608 612
608 616
609 611
609 613
609 615
609 616
610 612
610 617
611 612
611 616
611 617
612 614
612 615
614 615
616 618
616 620
617 619
617 620
618 621
619 620
619 621
619 684
620 622
620 623
620 624
620 625
621 623
621 625
621 634
622 624
622 635
622 636
622 637
623 624
623 634
623 635
623 636
623 637
624 626
624 627
625 628
625 629
625 630
626 627
626 629
627 628
627 631
627 632
627 633
628 631
629 630
629 632
629 633
630 631
630 633
631 632
634 636
634 637
634 672
635 637
635 638
636 639
636 640
637 638
637 639
637 640
637 646
637 657
638 640
638 642
638 643
638 644
638 646
639 641
639 643
639 644
639 646
640 642
640 647
641 642
641 646
641 647
642 644
642 645
644 645
646 648
646 650
646 657
647 649
647 651
647 657
648 650
648 658
648 659
648 661
649 650
649 657
649 658
649 659
649 661
650 652
651 653
651 654
652 654
652 655
653 655
653 656
655 656
657 659
657 661
658 660
658 661
659 662
660 661
660 662
660 736
661 663
661 665
661 666
661 669
662 664
662 666
662 667
662 669
663 665
663 670
664 665
664 669
664 670
664 728
665 667
665 668
665 669
667 668
669 671
669 672
670 672
670 673
671 674
672 673
672 674
672 712
673 675
673 676
673 677
673 716
674 676
674 678
674 684
675 677
675 678
675 685
676 677
676 684
676 685
676 713
676 850
677 679
677 680
678 681
678 682
678 683
679 680
679 682
679 683
680 681
680 683
681 682
684 686
684 687
685 687
685 688
686 689
686 690
686 696
687 688
687 689
687 690
687 696
687 704
687 712
688 690
688 692
688 693
688 696
688 803
688 851
689 691
689 693
689 695
689 696
690 692
690 697
691 696
691 697
692 694
692 695
692 696
694 695
696 698
696 700
696 701
696 704
696 851
697 699
697 701
697 704
698 700
698 705
698 706
698 708
699 700
699 704
699 705
699 706
699 708
699 1131
700 702
701 703
704 706
704 708
704 709
704 713
705 707
705 709
705 710
705 713
706 708
706 714
706 715
707 708
707 713
707 714
707 715
708 710
708 711
709 711
709 712
711 712
713 715
713 716
713 717
713 719
714 716
714 718
714 719
714 720
715 717
715 718
715 721
716 717
716 720
716 721
718 719
720 722
720 723
720 724
721 723
721 725
721 726
721 728
722 724
722 725
722 726
722 729
722 730
722 737
723 724
723 728
723 729
723 730
723 737
723 748
723 754
724 726
724 727
726 727
726 728
726 737
726 744
727 747
728 730
728 732
728 733
728 737
729 731
729 733
729 737
730 732
730 733
730 738
730 739
731 732
731 737
731 738
731 739
732 734
733 735
733 737
734 736
737 739
737 741
737 742
737 748
738 740
738 742
738 748
739 741
739 749
740 741
740 748
740 749
741 743
741 744
742 744
743 745
743 746
744 746
744 747
746 747
748 750
748 752
748 753
748 754
749 751
749 753
749 754
750 752
750 755
751 752
751 754
751 755
754 756
754 757
754 758
754 759
755 757
755 759
755 764
756 758
756 765
756 766
757 758
757 764
757 765
757 766
757 779
758 760
758 761
759 762
759 763
760 761
760 763
761 762
764 766
764 767
764 768
765 767
765 769
765 773
765 779
766 768
766 774
766 775
766 779
767 768
767 773
767 774
767 775
767 874
768 770
769 771
770 772
772 776
773 775
773 776
773 777
773 778
774 776
774 778
774 779
774 780
775 777
775 781
776 777
776 780
776 781
777 779
780 782
780 783
780 784
780 785
780 875
781 783
781 785
781 789
782 784
782 790
783 784
783 789
783 790
784 786
784 788
785 787
785 788
787 788
789 791
789 792
790 792
790 793
791 794
791 795
791 796
792 793
792 794
793 795
793 796
793 797
793 798
793 799
794 796
794 798
794 799
794 800
795 797
795 798
795 801
795 802
795 814
796 798
796 800
796 801
796 802
796 814
797 800
798 799
800 802
800 804
800 805
800 814
801 803
801 805
801 814
802 804
802 805
802 815
803 804
803 814
803 815
804 806
804 807
805 808
805 809
805 810
806 807
806 809
807 808
807 811
807 812
807 813
808 811
809 810
809 812
809 813
810 811
810 813
811 812
814 816
814 818
814 819
814 820
814 822
815 817
815 819
815 820
815 822
816 818
816 819
816 820
816 823
817 818
817 819
817 822
817 823
818 820
818 821
820 821
822 824
822 825
823 825
823 826
824 827
824 828
825 826
825 827
825 828
825 852
826 828
826 830
826 835
827 829
827 831
827 835
828 830
828 831
828 836
828 837
829 831
829 835
829 836
829 837
829 860
829 864
829 865
830 832
830 833
831 833
831 834
833 834
835 837
835 839
835 841
835 842
836 838
836 840
836 841
836 842
837 839
837 840
837 843
837 844
838 840
838 842
838 843
838 844
838 867
839 842
840 841
842 844
842 846
842 852
843 845
843 847
843 848
843 852
844 846
844 847
844 849
844 853
844 854
844 860
845 847
845 852
845 853
845 854
845 867
845 876
846 848
846 849
846 852
847 850
847 851
848 849
848 851
849 850
852 854
852 856
852 857
852 860
853 855
853 857
853 858
853 860
854 856
854 858
854 861
854 862
855 858
855 860
855 861
855 862
855 880
855 885
856 859
857 858
858 859
860 862
860 864
860 865
860 867
861 863
861 865
861 866
861 867
862 864
862 866
862 868
862 869
863 867
863 868
863 869
863 887
863 892
864 867
865 866
867 869
867 871
867 876
868 870
868 872
868 876
869 871
869 872
869 877
869 878
870 876
870 877
870 878
870 887
870 894
871 873
871 875
871 876
872 874
872 875
874 875
876 878
876 880
877 879
877 880
878 881
878 882
878 887
879 880
879 881
879 882
879 902
880 882
880 884
880 885
880 887
881 883
881 885
881 886
881 887
882 884
882 886
882 888
882 889
883 887
883 888
883 889
883 902
883 910
885 886
887 889
887 891
887 892
887 894
888 890
888 892
888 893
888 894
889 891
889 893
889 895
889 896
889 902
890 893
890 894
890 895
890 896
890 918
890 924
892 893
894 896
894 898
894 899
894 902
895 897
895 899
895 900
895 902
896 898
896 900
896 903
896 904
897 902
897 903
897 904
897 926
898 901
899 900
902 904
902 906
902 910
903 905
903 907
903 910
904 906
904 907
904 911
904 912
904 918
905 910
905 911
905 912
905 926
905 937
906 908
906 909
906 910
908 909
910 912
910 914
910 915
910 918
911 913
911 915
911 916
911 918
912 914
912 916
912 919
912 920
912 926
913 916
913 918
913 919
913 920
913 926
913 937
913 945
914 917
914 918
915 916
916 917
918 920
918 922
918 923
918 926
919 921
919 923
919 925
919 926
920 922
920 927
920 928
921 926
921 927
921 928
921 954
921 959
922 924
922 925
924 925
926 928
926 930
926 931
926 937
927 929
927 931
927 932
927 937
928 930
928 938
928 939
929 937
929 938
929 939
929 940
929 954
929 961
930 932
930 933
930 937
931 934
931 935
931 936
932 933
932 935
932 936
933 934
933 936
934 935
937 939
937 941
937 942
937 945
938 940
938 942
938 943
938 945
939 941
939 943
939 946
939 947
940 945
940 946
940 947
940 961
940 969
940 974
941 944
941 945
942 943
943 944
945 947
945 949
945 950
945 954
946 948
946 950
946 954
947 949
947 955
947 956
947 961
948 949
948 954
948 955
948 956
949 951
949 954
950 952
950 953
951 953
954 956
954 958
954 959
954 961
955 957
955 959
955 960
955 961
956 958
956 960
956 962
956 963
957 961
957 962
957 963
957 987
958 961
959 960
961 963
961 965
961 966
961 969
962 964
962 966
962 967
962 968
962 969
963 965
963 967
963 970
963 971
963 978
964 969
964 970
964 971
964 987
964 996
965 968
966 967
969 971
969 973
969 974
969 978
970 972
970 974
970 978
971 973
971 979
971 980
972 978
972 979
972 980
973 975
973 977
974 976
974 977
976 977
978 980
978 982
978 983
978 987
979 981
979 983
979 987
980 982
980 988
980 989
981 982
981 987
981 988
981 989
982 984
983 985
984 986
987 989
987 991
987 996
988 990
988 992
988 996
989 991
989 992
989 997
990 996
990 997
991 993
992 994
993 995
995 1152
995 1169
996 998
996 1000
996 1001
996 1007
996 1013
997 999
997 1001
997 1002
997 1007
997 1013
998 1000
998 1008
998 1009
998 1013
998 1014
999 1000
999 1007
999 1008
999 1009
999 1075
1000 1002
1000 1003
1001 1004
1001 1005
1001 1006
1002 1003
1002 1005
1002 1006
1003 1004
1003 1006
1004 1005
1007 1009
1007 1011
1007 1012
1007 1014
1008 1010
1008 1012
1008 1013
1008 1014
1009 1011
1009 1015
1010 1011
1010 1014
1010 1015
1011 1013
1014 1016
1014 1018
1014 1019
1014 1020
1015 1017
1015 1019
1015 1020
1016 1018
1016 1019
1016 1021
1016 1022
1017 1018
1017 1019
1017 1020
1017 1021
1020 1022
1020 1023
1020 1024
1020 1025
1021 1023
1021 1025
1021 1026
1021 1034
1022 1024
1022 1035
1022 1036
1022 1037
1023 1034
1023 1035
1023 1036
1024 1026
1024 1027
1024 1034
1025 1028
1025 1029
1025 1030
1026 1027
1026 1029
1027 1028
1027 1031
1027 1032
1027 1033
1028 1031
1029 1030
1029 1032
1029 1033
1030 1031
1030 1033
1031 1032
1034 1036
1034 1037
1034 1038
1034 1039
1034 1040
1034 1066
1035 1037
1035 1039
1035 1040
1035 1041
1036 1038
1036 1039
1036 1042
1036 1043
1036 1050
1037 1039
1037 1041
1037 1042
1037 1043
1037 1050
1037 1058
1037 1067
1038 1041
1039 1040
1041 1043
1041 1045
1041 1050
1042 1044
1042 1046
1042 1050
1043 1045
1043 1046
1043 1051
1043 1052
1044 1045
1044 1050
1044 1051
1044 1052
1044 1076
1045 1047
1045 1048
1045 1050
1046 1048
1047 1049
1050 1052
1050 1054
1050 1055
1050 1056
1050 1058
1051 1053
1051 1055
1051 1056
1051 1058
1052 1054
1052 1059
1052 1060
1053 1058
1053 1059
1053 1060
1053 1084
1054 1056
1054 1057
1054 1058
1056 1057
1058 1060
1058 1062
1058 1063
1058 1067
1059 1061
1059 1063
1059 1067
1060 1062
1060 1068
1060 1069
1060 1076
1061 1067
1061 1068
1061 1069
1061 1093
1062 1064
1062 1066
1062 1067
1063 1065
1063 1066
1065 1066
1067 1069
1067 1071
1067 1072
1067 1076
1068 1070
1068 1072
1068 1076
1069 1071
1069 1077
1069 1078
1070 1076
1070 1077
1070 1078
1070 1097
1071 1073
1071 1074
1071 1076
1072 1074
1072 1075
1074 1075
1076 1078
1076 1080
1076 1084
1077 1079
1077 1081
1077 1082
1077 1084
1078 1080
1078 1081
1078 1085
1078 1086
1079 1084
1079 1085
1079 1086
1079 1087
1079 1097
1079 1101
1079 1106
1080 1082
1080 1083
1080 1084
1082 1083
1084 1086
1084 1088
1084 1093
1085 1087
1085 1089
1085 1093
1086 1088
1086 1089
1086 1094
1086 1095
1086 1097
1087 1093
1087 1094
1087 1095
1087 1101
1087 1109
1088 1090
1088 1093
1089 1091
1090 1092
1092 1309
1093 1095
1093 1097
1094 1096
1094 1097
1095 1098
1095 1099
1096 1097
1096 1098
1096 1099
1096 1109
1096 1115
1097 1099
1097 1101
1098 1100
1098 1101
1099 1102
1099 1103
1099 1109
1100 1101
1100 1102
1100 1103
1100 1120
1101 1103
1101 1105
1101 1106
1101 1109
1102 1104
1102 1106
1102 1107
1102 1109
1103 1105
1103 1107
1103 1110
1103 1111
1104 1107
1104 1109
1104 1110
1104 1111
1105 1108
1105 1109
1106 1107
1107 1108
1109 1111
1109 1113
1109 1115
1110 1112
1110 1114
1110 1115
1111 1113
1111 1114
1111 1116
1111 1117
1111 1120
1112 1115
1112 1116
1112 1117
1113 1115
1114 1232
1115 1117
1115 1119
1115 1120
1116 1118
1116 1120
1117 1119
1117 1121
1117 1122
1117 1132
1118 1119
1118 1120
1118 1121
1118 1122
1118 1132
1118 1145
1119 1120
1120 1122
1120 1124
1120 1132
1121 1123
1121 1125
1121 1132
1122 1124
1122 1125
1122 1133
1123 1132
1123 1133
1124 1126
1124 1127
1124 1132
1125 1128
1125 1129
1125 1130
1126 1127
1126 1129
1126 1130
1127 1128
1127 1130
1128 1129
1128 1131
1129 1131
1132 1134
1132 1136
1132 1140
1133 1135
1133 1137
1133 1139
1133 1140
1134 1136
1134 1137
1134 1141
1135 1137
1135 1140
1135 1141
1136 1138
1136 1139
1136 1140
1138 1139
1138 1253
1139 1258
1140 1142
1140 1144
1140 1145
1141 1143
1141 1145
1142 1144
1142 1146
1142 1147
1142 1148
1143 1144
1143 1145
1143 1146
1145 1147
1145 1148
1146 1148
1146 1149
1147 1150
1147 1151
1147 1154
1148 1149
1148 1150
1148 1151
1148 1158
1149 1151
1149 1153
1149 1154
1150 1152
1150 1154
1151 1153
1151 1155
1151 1156
1151 1158
1152 1153
1152 1154
1152 1155
1152 1156
1152 1158
1152 1166
1154 1156
1154 1158
1155 1157
1155 1158
1156 1159
1156 1160
1157 1158
1157 1159
1158 1160
1158 1162
1158 1166
1159 1161
1159 1163
1159 1164
1159 1166
1160 1162
1160 1163
1160 1167
1161 1162
1161 1163
1161 1166
1161 1167
1162 1164
1162 1165
1164 1165
1165 1237
1166 1168
1166 1169
1166 1170
1166 1172
1166 1173
1167 1169
1167 1171
1167 1172
1167 1173
1168 1170
1168 1171
1168 1174
1169 1170
1169 1173
1169 1174
1171 1172
1173 1175
1173 1177
1173 1178
1173 1184
1174 1176
1174 1178
1174 1184
1175 1177
1175 1185
1176 1177
1176 1184
1176 1185
1177 1179
1178 1180
1179 1181
1179 1182
1180 1182
1180 1183
1182 1183
1184 1186
1184 1187
1184 1188
1184 1189
1185 1187
1185 1189
1185 1190
1186 1188
1186 1189
1186 1191
1186 1192
1187 1189
1187 1190
1187 1191
1188 1190
1189 1207
1190 1192
1190 1194
1190 1202
1191 1193
1191 1195
1191 1202
1192 1194
1192 1195
1192 1203
1192 1204
1193 1202
1193 1203
1193 1204
1194 1196
1194 1197
1194 1202
1195 1198
1195 1199
1195 1200
1196 1197
1196 1199
1196 1200
1197 1198
1197 1200
1198 1199
1198 1201
1199 1201
1202 1204
1202 1206
1202 1207
1203 1205
1203 1207
1204 1206
1204 1208
1205 1206
1205 1207
1205 1208
1207 1209
1207 1211
1207 1212
1207 1218
1208 1210
1208 1212
1208 1218
1209 1211
1209 1219
1209 1220
1209 1226
1210 1211
1210 1218
1210 1219
1210 1220
1210 1226
1210 1234
1211 1213
1211 1214
1212 1214
1213 1215
1213 1216
1214 1216
1214 1217
1216 1217
1218 1220
1218 1222
1218 1223
1218 1226
1219 1221
1219 1223
1219 1226
1220 1222
1220 1223
1220 1227
1220 1228
1221 1222
1221 1226
1221 1227
1222 1224
1223 1225
1223 1226
1226 1228
1226 1230
1226 1234
1227 1229
1227 1231
1227 1232
1227 1234
1228 1230
1228 1235
1228 1236
1229 1230
1229 1234
1229 1235
1229 1236
1229 1242
1229 1246
1229 1251
1230 1232
1230 1233
1232 1233
1232 1298
1233 1280
1233 1298
1233 1303
1233 1310
1234 1236
1234 1237
1234 1238
1234 1239
1235 1237
1235 1239
1235 1240
1235 1242
1236 1238
1236 1240
1236 1243
1237 1238
1237 1242
1237 1243
1238 1241
1239 1240
1240 1241
1242 1244
1242 1246
1242 1276
1243 1245
1243 1246
1244 1247
1244 1248
1244 1249
1245 1246
1245 1247
1246 1248
1246 1249
1246 1250
1246 1251
1246 1252
1247 1249
1247 1251
1247 1252
1247 1253
1248 1250
1248 1251
1248 1254
1248 1255
1249 1253
1249 1254
1249 1255
1249 1260
1249 1270
1250 1253
1251 1252
1251 1286
1253 1255
1253 1256
1253 1257
1253 1258
1254 1256
1254 1258
1254 1259
1254 1260
1255 1257
1255 1259
1255 1261
1255 1262
1255 1264
1255 1270
1256 1257
1256 1260
1256 1261
1256 1262
1256 1264
1256 1270
1256 1284
1258 1259
1260 1262
1260 1264
1260 1265
1260 1270
1261 1263
1261 1265
1261 1267
1261 1270
1262 1264
1262 1271
1262 1272
1262 1274
1262 1278
1263 1264
1263 1270
1263 1271
1263 1272
1263 1274
1263 1278
1264 1266
1264 1267
1265 1268
1265 1269
1266 1267
1266 1269
1267 1268
1270 1272
1270 1274
1270 1275
1270 1278
1271 1273
1271 1275
1271 1276
1271 1278
1272 1274
1272 1279
1272 1282
1273 1274
1273 1278
1273 1279
1274 1276
1274 1277
1276 1277
1278 1280
1278 1282
1278 1283
1278 1284
1278 1286
1279 1281
1279 1283
1279 1284
1279 1286
1280 1282
1280 1283
1280 1284
1280 1287
1280 1288
1281 1282
1281 1283
1281 1284
1281 1286
1281 1287
1281 1288
1281 1289
1281 1311
1282 1284
1282 1285
1284 1285
1284 1286
1286 1288
1286 1290
1286 1298
1287 1289
1287 1291
1287 1298
1288 1290
1288 1291
1288 1299
1288 1300
1289 1298
1289 1299
1289 1300
1289 1319
1290 1292
1290 1293
1290 1298
1291 1294
1291 1295
1291 1296
1292 1293
1292 1295
1292 1296
1293 1294
1293 1296
1294 1295
1294 1297
1295 1297
1298 1300
1298 1302
1298 1303
1299 1301
1299 1303
1300 1302
1300 1304
1300 1305
1300 1311
1301 1303
1301 1304
1301 1305
1301 1326
1301 1330
1301 1332
1302 1303
1303 1305
1303 1307
1303 1311
1304 1306
1304 1308
1304 1309
1304 1311
1305 1307
1305 1312
1305 1313
1306 1311
1306 1312
1306 1313
1306 1333
1307 1309
1307 1310
1307 1311
1309 1310
1311 1313
1311 1315
1311 1319
1312 1314
1312 1316
1312 1317
1312 1319
1313 1315
1313 1316
1313 1317
1313 1320
1313 1321
1313 1326
1314 1317
1314 1319
1314 1320
1314 1321
1314 1333
1314 1338
1315 1317
1315 1318
1315 1319
1317 1318
1317 1345
1318 1348
1319 1321
1319 1323
1319 1325
1319 1326
1320 1322
1320 1324
1320 1325
1320 1326
1321 1323
1321 1324
1321 1327
1321 1328
1322 1324
1322 1326
1322 1327
1322 1328
1322 1349
1323 1326
1324 1325
1326 1328
1326 1330
1326 1332
1326 1333
1327 1329
1327 1331
1327 1332
1327 1333
1328 1330
1328 1331
1328 1334
1328 1335
1329 1333
1329 1334
1329 1335
1329 1349
1329 1354
1330 1333
1331 1332
1333 1335
1333 1337
1333 1338
1334 1336
1334 1338
1335 1337
1335 1339
1335 1340
1335 1349
1336 1338
1336 1339
1336 1340
1336 1354
1336 1363
1337 1338
1338 1340
1338 1342
1338 1343
1338 1349
1339 1341
1339 1343
1339 1349
1340 1342
1340 1350
1340 1351
1341 1349
1341 1350
1341 1351
1341 1375
1341 1382
1342 1344
1342 1349
1343 1345
1344 1346
1344 1347
1345 1347
1345 1348
1347 1348
1349 1351
1349 1353
1349 1354
1350 1352
1350 1354
1351 1353
1351 1355
1351 1356
1351 1363
1352 1353
1352 1354
1352 1355
1352 1356
1352 1375
1352 1387
1354 1356
1354 1358
1354 1359
1354 1363
1355 1357
1355 1359
1355 1363
1356 1358
1356 1364
1356 1365
1357 1363
1357 1364
1357 1365
1358 1360
1358 1361
1359 1361
1359 1362
1361 1362
1363 1365
1363 1367
1363 1375
1364 1366
1364 1368
1364 1375
1365 1367
1365 1368
1365 1370
1365 1376
1365 1377
1365 1387
1366 1375
1366 1376
1366 1377
1366 1387
1366 1396
1366 1400
1366 1412
1367 1369
1367 1370
1367 1375
1368 1371
1368 1372
1368 1373
1369 1370
1369 1372
1369 1373
1370 1371
1370 1373
1371 1372
1371 1374
1372 1374
1375 1377
1375 1379
1375 1380
1375 1387
1376 1378
1376 1380
1376 1381
1376 1387
1377 1379
1377 1388
1377 1389
1377 1396
1378 1387
1378 1388
1378 1389
1378 1396
1378 1405
1378 1419
1379 1381
1379 1382
1380 1383
1380 1384
1380 1385
1381 1382
1381 1384
1381 1385
1382 1383
1382 1385
1383 1384
1383 1386
1384 1386
1387 1389
1387 1391
1387 1396
1388 1390
1388 1392
1388 1396
1389 1391
1389 1392
1389 1397
1389 1398
1389 1405
1390 1396
1390 1397
1390 1398
1390 1405
1391 1393
1392 1394
1393 1395
1396 1398
1396 1400
1396 1405
1397 1399
1397 1401
1397 1405
1398 1400
1398 1406
1399 1400
1399 1405
1399 1406
1400 1402
1400 1404
1400 1405
1401 1403
1401 1404
1403 1404
1405 1407
1405 1409
1405 1410
1405 1412
1405 1415
1406 1408
1406 1410
1406 1412
1406 1415
1407 1409
1407 1416
1408 1409
1408 1415
1408 1416
1409 1411
1409 1412
1410 1413
1410 1414
1411 1412
1411 1414
1412 1413
1415 1417
1415 1419
1416 1418
1416 1419
1417 1420
1417 1421
1418 1419
1418 1420
1419 1421
1419 1423
1419 1424
1419 1425
1419 1431
1420 1422
1420 1424
1420 1425
1420 1431
1421 1423
1422 1431
1423 1425
1423 1426
1423 1431
1424 1427
1424 1428
1424 1429
1425 1426
1425 1428
1425 1429
1426 1427
1426 1429
1427 1428
1427 1430
1428 1430
1 1 5.498000 34.118999 50.202000 N
2 1 5.514000 32.688999 49.931999 C
3 1 5.531000 32.438999 48.444000 C
4 1 6.520000 31.945999 47.898998 O
5 1 4.211000 32.249001 50.534000 C
6 1 3.704000 33.534000 51.186001 C
7 1 2.194000 33.763000 51.157001 C
8 1 1.767000 34.230999 49.856998 N
9 1 1.469000 33.381001 48.900002 C
10 1 1.537000 32.064999 49.091000 N
11 1 1.066000 33.851002 47.731998 N
12 2 4.442000 32.785999 47.813999 N
13 2 4.431000 32.584999 46.395000 C
14 2 3.987000 33.820000 45.714001 C
15 2 3.848000 33.831001 44.486000 O
16 2 3.592000 31.412001 45.887001 C
17 2 2.222000 31.540001 46.161999 O
18 2 4.132000 30.087000 46.352001 C
19 3 3.754000 34.869999 46.484001 N
20 3 3.231000 36.074001 45.865002 C
21 3 4.162000 37.228001 45.616001 C
22 3 3.633000 38.311001 45.360001 O
23 3 2.143000 36.646000 46.807999 C
24 3 2.762000 36.841999 48.152000 C
25 3 3.969000 36.935001 48.359001 O
26 3 1.872000 36.786999 49.099998 O
27 4 5.481000 37.041000 45.705002 N
28 4 6.403000 38.127998 45.555000 C
29 4 6.363000 38.873001 44.273998 C
30 4 6.708000 40.050999 44.202000 O
31 4 7.852000 37.715000 45.743999 C
32 4 8.151000 37.000000 47.346001 S
33 5 5.977000 38.182999 43.252998 N
34 5 5.982000 38.838001 41.992001 C
35 5 4.633000 39.102001 41.408001 C
36 5 4.606000 39.451000 40.244999 O
37 5 6.922000 38.077999 41.001999 C
38 5 8.328000 37.926998 41.542000 C
39 5 9.230000 38.977001 41.414001 C
40 5 8.732000 36.770000 42.189999 C
41 5 10.509000 38.868000 41.917999 C
42 5 9.992000 36.640999 42.733002 C
43 5 10.879000 37.701000 42.566002 C
44 5 12.147000 37.609001 43.068001 O
45 6 3.536000 38.974998 42.151001 N
46 6 2.246000 39.233002 41.543999 C
47 6 1.283000 38.056999 41.612000 C
48 6 1.665000 37.004002 42.095001 O
49 7 0.066000 38.245998 41.127998 N
50 7 -1.004000 37.264999 41.132999 C
51 7 -1.636000 37.113998 39.810001 C
52 7 -2.285000 37.985001 39.265999 O
53 7 -2.154000 37.581001 42.127998 C
54 7 -3.202000 36.462002 42.289001 C
55 7 -3.680000 35.754002 41.381001 O
56 7 -3.575000 36.301998 43.535999 N
57 8 -1.478000 35.903000 39.305000 N
58 8 -1.927000 35.598000 38.013000 C
59 8 -3.387000 35.775002 37.799999 C
60 8 -3.853000 36.014000 36.689999 O
61 8 -1.318000 34.252998 37.685001 C
62 8 -2.091000 33.050999 38.174999 C
63 8 -0.981000 34.153999 36.250999 C
64 9 -4.152000 35.653000 38.890999 N
65 9 -5.587000 35.799999 38.776001 C
66 9 -6.005000 37.242001 38.485001 C
67 9 -7.091000 37.499001 37.955002 O
68 9 -6.245000 35.272999 40.070000 C
69 9 -6.451000 33.757999 40.042000 C
70 9 -6.443000 33.082001 41.063999 O
71 9 -6.647000 33.195999 38.873001 N
72 10 -5.111000 38.152000 38.846001 N
73 10 -5.324000 39.567001 38.647999 C
74 10 -4.906000 40.068001 37.304001 C
75 10 -5.137000 41.215000 36.956001 O
76 10 -4.787000 40.438999 39.737000 C
77 10 -5.464000 40.042000 41.039001 C
78 10 -5.158000 41.033001 42.140999 C
79 10 -3.726000 41.251999 42.293999 N
80 10 -3.014000 40.723000 43.280998 C
81 10 -3.639000 39.951000 44.201000 N
82 10 -1.665000 40.942001 43.339001 N
83 11 -4.287000 39.226002 36.511002 N
84 11 -3.844000 39.640999 35.167000 C
85 11 -4.897000 39.518002 34.101002 C
86 11 -5.590000 38.501999 33.905998 O
87 11 -2.539000 38.928001 34.750000 C
88 11 -1.491000 39.094002 35.820999 C
89 11 -2.052000 39.348999 33.389000 C
90 11 -0.165000 38.319000 35.632000 C
91 12 -5.028000 40.578999 33.341999 N
92 12 -5.922000 40.512001 32.258999 C
93 12 -5.249000 39.688999 31.167999 C
94 12 -4.056000 39.761002 30.920000 O
95 12 -6.210000 41.926998 31.736000 C
96 12 -4.921000 42.648998 31.409000 C
97 12 -4.192000 43.005001 32.424000 O
98 12 -4.564000 42.859001 30.278999 O
99 13 -6.019000 38.887001 30.476999 N
100 13 -5.553000 38.029999 29.392000 C
101 13 -6.535000 37.766998 28.285000 C
102 13 -7.756000 37.553001 28.474001 O
103 13 -5.055000 36.695999 29.962000 C
104 13 -4.854000 35.915001 28.837999 O
105 13 -6.126000 35.952000 30.768000 C
106 14 -5.993000 37.748001 27.089001 N
107 14 -6.776000 37.450001 25.933001 C
108 14 -6.576000 36.009998 25.542000 C
109 14 -7.077000 35.542000 24.549999 O
110 14 -6.438000 38.363998 24.743999 C
111 14 -5.027000 38.403999 24.608000 O
112 14 -6.916000 39.782001 25.028999 C
113 15 -5.797000 35.324001 26.278999 N
114 15 -5.535000 33.922001 26.014000 C
115 15 -4.768000 33.604000 24.740000 C
116 15 -4.103000 34.451000 24.121000 O
117 16 -4.924000 32.349998 24.344000 N
118 16 -4.269000 31.841999 23.138000 C
119 16 -4.705000 32.480999 21.870001 C
120 16 -5.909000 32.665001 21.660000 O
121 16 -4.412000 30.322001 23.004000 C
122 17 -3.749000 32.792999 20.983999 N
123 17 -4.130000 33.293999 19.705000 C
124 17 -4.546000 32.081001 18.920000 C
125 17 -4.228000 30.936001 19.278000 O
126 17 -2.963000 34.004002 18.978001 C
127 17 -2.104000 32.987000 18.514999 O
128 18 -5.227000 32.271000 17.796000 N
129 18 -5.614000 31.150999 16.952000 C
130 18 -4.390000 30.389000 16.476000 C
131 18 -4.464000 29.163000 16.235001 O
132 18 -6.551000 31.530001 15.815000 C
133 18 -8.129000 32.160999 16.490000 S
134 19 -3.262000 31.132999 16.400000 N
135 19 -1.993000 30.530001 15.991000 C
136 19 -1.532000 29.489000 16.964001 C
137 19 -0.816000 28.569000 16.604000 O
138 19 -0.883000 31.539000 15.700000 C
139 19 -1.171000 32.554001 14.616000 C
140 19 -0.078000 33.632000 14.588000 C
141 19 -0.507000 35.022999 14.117000 C
142 19 0.358000 36.174000 14.491000 N
143 20 -1.931000 29.615000 18.215000 N
144 20 -1.544000 28.607000 19.111000 C
145 20 -2.626000 27.542000 19.172001 C
146 20 -2.372000 26.320000 19.243000 O
147 20 -1.395000 29.243999 20.471001 C
148 20 -0.279000 30.094000 20.396000 O
149 20 -1.284000 28.236000 21.612000 C
150 21 -3.888000 28.004000 19.167999 N
151 21 -4.997000 27.063000 19.336000 C
152 21 -5.228000 26.032000 18.306000 C
153 21 -5.457000 24.861000 18.580000 O
154 21 -6.289000 27.841000 19.504999 C
155 22 -5.213000 26.499001 17.100000 N
156 22 -5.493000 25.622000 15.994000 C
157 22 -4.679000 24.382000 15.827000 C
158 22 -5.283000 23.312000 15.643000 O
159 22 -5.583000 26.349001 14.700000 C
160 22 -6.987000 26.163000 14.208000 C
161 22 -7.551000 27.490000 13.737000 C
162 22 -8.698000 27.969999 14.612000 C
163 22 -9.306000 29.201000 14.104000 N
164 23 -3.349000 24.576000 15.854000 N
165 23 -2.384000 23.518000 15.739000 C
166 23 -2.608000 22.527000 16.832001 C
167 23 -2.295000 21.347000 16.652000 O
168 23 -1.012000 24.118999 15.879000 C
169 23 -1.209000 25.596001 15.612000 C
170 23 -2.682000 25.898001 15.867000 C
171 24 -3.171000 23.000999 17.958000 N
172 24 -3.495000 22.129000 19.080000 C
173 24 -4.786000 21.377001 18.863001 C
174 24 -5.241000 20.537001 19.618000 O
175 24 -3.520000 22.856001 20.403000 C
176 24 -2.157000 23.474001 20.709999 C
177 24 -1.228000 22.422001 21.216000 C
178 24 -1.607000 21.278999 21.409000 O
179 24 0.021000 22.837999 21.351999 O
180 25 -5.366000 21.659000 17.745001 N
181 25 -6.548000 20.959000 17.355000 C
182 25 -7.878000 21.539000 17.757000 C
183 25 -8.875000 20.823000 17.664000 O
184 26 -7.898000 22.795000 18.193001 N
185 26 -9.160000 23.382000 18.625000 C
186 26 -9.692000 24.240999 17.554001 C
187 26 -8.970000 24.759001 16.697001 O
188 26 -9.083000 24.163000 19.943001 C
189 26 -8.341000 23.408001 21.035999 C
190 26 -8.019000 24.320999 22.191000 C
191 26 -9.200000 22.275999 21.570000 C
192 27 -10.991000 24.416000 17.635000 N
193 27 -11.652000 25.246000 16.667999 C
194 27 -11.891000 26.666000 17.177000 C
195 27 -12.427000 27.521999 16.518999 O
196 27 -12.980000 24.605000 16.219999 C
197 27 -13.867000 24.287001 17.320999 O
198 28 -11.558000 26.961000 18.372999 N
199 28 -11.837000 28.283001 18.875000 C
200 28 -10.519000 28.677000 19.528000 C
201 28 -9.632000 27.841999 19.695999 O
202 28 -13.038000 28.267000 19.912001 C
203 28 -12.853000 27.212999 20.962000 C
204 28 -13.076000 25.855000 20.723000 C
205 28 -12.348000 27.525999 22.205999 C
206 28 -12.799000 24.868999 21.657000 C
207 28 -12.065000 26.570000 23.177999 C
208 28 -12.326000 25.236000 22.895000 C
209 28 -12.072000 24.308001 23.823000 O
210 29 -10.413000 29.959999 19.871000 N
211 29 -9.221000 30.511999 20.431000 C
212 29 -9.516000 31.246000 21.726999 C
213 29 -10.581000 31.136999 22.282000 O
214 29 -8.605000 31.408001 19.341000 C
215 29 -8.809000 30.662001 17.729000 S
216 30 -8.584000 31.982000 22.249001 N
217 30 -8.793000 32.730999 23.462999 C
218 30 -8.595000 32.014999 24.752001 C
219 30 -8.003000 30.952999 24.829000 O
220 31 -9.103000 32.646999 25.808001 N
221 31 -8.999000 32.167999 27.146999 C
222 31 -9.460000 30.739000 27.343000 C
223 31 -8.808000 29.945999 28.007000 O
224 31 -9.657000 33.152000 28.094999 C
225 31 -9.503000 32.598999 29.471001 C
226 31 -8.887000 34.472000 28.070000 C
227 32 -10.607000 30.423000 26.770000 N
228 32 -11.139000 29.094999 26.950001 C
229 32 -10.284000 28.075001 26.292000 C
230 32 -10.170000 26.941000 26.750999 O
231 32 -12.619000 28.961000 26.606001 C
232 32 -12.856000 29.325001 25.274000 O
233 33 -9.684000 28.452999 25.164000 N
234 33 -8.805000 27.514000 24.464001 C
235 33 -7.570000 27.200001 25.284000 C
236 33 -7.156000 26.030001 25.458000 O
237 33 -8.475000 28.083000 23.101000 C
238 34 -6.993000 28.247000 25.858999 N
239 34 -5.828000 28.121000 26.714001 C
240 34 -6.117000 27.164000 27.812000 C
241 34 -5.293000 26.302999 28.181999 O
242 34 -5.371000 29.395000 27.357000 C
243 34 -4.890000 30.323000 26.363001 O
244 35 -7.317000 27.358000 28.409000 N
245 35 -7.713000 26.481001 29.487000 C
246 35 -7.948000 25.048000 29.075001 C
247 35 -7.553000 24.107000 29.750000 O
248 35 -8.867000 27.089001 30.275999 C
249 35 -8.503000 28.447001 30.813000 C
250 35 -9.548000 28.893999 31.839001 C
251 35 -9.316000 30.275000 32.337002 C
252 35 -9.775000 30.347000 33.722000 N
253 36 -8.530000 24.804001 27.926001 N
254 36 -8.691000 23.431999 27.448999 C
255 36 -7.312000 22.742001 27.237000 C
256 36 -7.076000 21.601000 27.600000 O
257 36 -9.479000 23.531000 26.163000 C
258 36 -9.716000 22.194000 25.518999 C
259 36 -10.023000 21.153999 26.546000 C
260 36 -10.746000 19.948999 26.007999 C
261 36 -11.486000 19.250000 27.094999 N
262 37 -6.362000 23.465000 26.672001 N
263 37 -5.021000 22.941000 26.426001 C
264 37 -4.360000 22.618000 27.716999 C
265 37 -3.753000 21.558001 27.920000 O
266 37 -4.196000 23.914000 25.551001 C
267 37 -4.805000 24.089001 24.193001 C
268 37 -2.807000 23.327000 25.389999 C
269 37 -4.336000 25.299999 23.378000 C
270 38 -4.477000 23.514000 28.662001 N
271 38 -3.938000 23.278000 29.955000 C
272 38 -4.517000 22.044001 30.584999 C
273 38 -3.819000 21.291000 31.236000 O
274 38 -4.174000 24.465000 30.847000 C
275 39 -5.812000 21.871000 30.375999 N
276 39 -6.513000 20.705000 30.910999 C
277 39 -5.972000 19.436001 30.284000 C
278 39 -5.755000 18.473000 31.000000 O
279 39 -8.070000 20.818001 30.826000 C
280 39 -8.823000 19.541000 31.229000 C
281 39 -10.286000 19.653000 30.912001 C
282 39 -10.553000 19.452999 29.660999 O
283 39 -11.068000 20.018000 31.746000 O
284 40 -5.704000 19.419001 28.976999 N
285 40 -5.158000 18.256001 28.329000 C
286 40 -3.799000 17.858000 28.888000 C
287 40 -3.393000 16.690001 28.815001 O
288 40 -4.915000 18.695000 26.924000 C
289 40 -5.768000 18.127001 25.863001 C
290 40 -5.864000 19.138000 24.757999 C
291 40 -6.998000 18.931999 23.908001 N
292 40 -6.910000 19.292000 22.636999 C
293 40 -5.779000 19.820000 22.163000 N
294 40 -7.951000 19.114000 21.834999 N
295 41 -3.077000 18.795000 29.464001 N
296 41 -1.757000 18.547001 30.014999 C
297 41 -1.729000 18.313000 31.478001 C
298 41 -0.663000 18.077000 32.050999 O
299 41 -0.755000 19.725000 29.759001 C
300 41 -0.353000 20.021000 28.347000 C
301 41 -0.578000 19.032000 27.593000 O
302 41 0.039000 21.107000 27.952000 O
303 42 -2.890000 18.393000 32.157001 N
304 42 -2.946000 18.242001 33.604000 C
305 42 -2.407000 16.968000 34.139000 C
306 42 -1.602000 16.966999 35.081001 O
307 42 -4.411000 18.535000 34.064999 C
308 42 -4.680000 18.476000 35.561001 C
309 42 -3.849000 19.436001 36.358002 C
310 42 -6.162000 18.746000 35.858002 C
311 43 -2.806000 15.849000 33.584999 N
312 43 -2.289000 14.548000 34.042999 C
313 43 -0.765000 14.415000 33.974998 C
314 43 -0.112000 13.917000 34.894001 O
315 43 -2.988000 13.360000 33.362000 C
316 43 -4.536000 13.508000 33.507999 C
317 43 -5.041000 13.572000 34.959999 C
318 43 -4.688000 12.685000 35.745998 O
319 43 -5.843000 14.598000 35.347000 N
320 44 -0.170000 14.909000 32.893002 N
321 44 1.294000 14.841000 32.813999 C
322 44 1.910000 15.844000 33.736000 C
323 44 2.924000 15.608000 34.361000 O
324 44 1.706000 15.057000 31.377001 C
325 45 1.296000 17.004000 33.852001 N
326 45 1.789000 18.011999 34.743999 C
327 45 1.832000 17.497999 36.154999 C
328 45 2.775000 17.722000 36.916000 O
329 45 0.885000 19.271000 34.665001 C
330 45 1.495000 20.541000 35.250999 C
331 45 2.877000 21.187000 34.243999 S
332 45 1.934000 21.695000 32.868999 C
333 46 0.764000 16.768999 36.513000 N
334 46 0.625000 16.229000 37.863998 C
335 46 1.794000 15.382000 38.344002 C
336 46 2.017000 15.249000 39.573002 O
337 46 -0.757000 15.582000 38.132999 C
338 46 -1.972000 16.469999 38.318001 C
339 46 -1.738000 17.731001 38.537998 O
340 46 -3.111000 16.028999 38.242001 O
341 47 2.536000 14.829000 37.362000 N
342 47 3.726000 14.028000 37.671001 C
343 47 4.803000 14.852000 38.298000 C
344 47 5.637000 14.344000 39.027000 O
345 47 4.410000 13.397000 36.477001 C
346 47 3.462000 12.498000 35.729000 C
347 47 4.279000 11.529000 34.852001 C
348 47 3.831000 11.471000 33.478001 N
349 47 4.001000 12.468000 32.611000 C
350 47 4.630000 13.613000 32.959000 N
351 47 3.521000 12.292000 31.379999 N
352 48 4.776000 16.160000 38.020000 N
353 48 5.759000 17.079000 38.516998 C
354 48 5.234000 18.083000 39.529999 C
355 48 5.943000 18.996000 39.938000 O
356 48 6.359000 17.870001 37.311001 C
357 48 6.826000 16.910000 36.266998 C
358 48 7.880000 16.052000 36.539001 C
359 48 6.199000 16.837000 35.049000 C
360 48 8.320000 15.128000 35.595001 C
361 48 6.645000 15.934000 34.090000 C
362 48 7.696000 15.075000 34.380001 C
363 48 8.140000 14.153000 33.485001 O
364 49 3.982000 17.931000 39.924999 N
365 49 3.364000 18.861000 40.831001 C
366 49 4.104000 19.180000 42.049999 C
367 49 4.267000 20.348000 42.435001 O
368 49 1.908000 18.510000 41.046001 C
369 49 1.090000 19.528999 41.813000 C
370 49 -0.398000 19.160000 41.729000 C
371 49 -1.286000 20.028000 42.609001 C
372 49 -2.719000 19.704000 42.426998 N
373 50 4.601000 18.171000 42.668999 N
374 50 5.311000 18.450001 43.875999 C
375 50 6.523000 19.299999 43.693001 C
376 50 6.785000 20.209000 44.464001 O
377 50 5.591000 17.214001 44.729000 C
378 50 6.316000 16.290001 43.956001 O
379 50 4.245000 16.591000 45.035000 C
380 51 7.262000 19.003000 42.641998 N
381 51 8.506000 19.740000 42.323002 C
382 51 8.216000 21.169001 41.901001 C
383 51 8.884000 22.111000 42.361000 O
384 51 9.446000 18.969000 41.382999 C
385 51 10.505000 19.912001 40.888000 C
386 51 8.688000 18.514000 40.189999 C
387 51 11.264000 19.346001 39.700001 C
388 52 7.184000 21.299999 41.070000 N
389 52 6.769000 22.627001 40.624001 C
390 52 6.426000 23.485001 41.813000 C
391 52 6.789000 24.679001 41.929001 O
392 52 5.600000 22.541000 39.662998 C
393 52 6.068000 21.833000 38.384998 C
394 52 5.011000 23.919001 39.389999 C
395 52 4.983000 21.493000 37.389000 C
396 53 5.658000 22.893000 42.737999 N
397 53 5.267000 23.587999 43.938000 C
398 53 6.424000 23.902000 44.792000 C
399 53 6.554000 24.993000 45.313000 O
400 53 4.115000 22.905001 44.654999 C
401 53 2.853000 23.153000 43.868000 C
402 53 1.721000 22.236000 44.297001 C
403 53 1.130000 22.738001 45.596001 C
404 53 0.540000 24.090000 45.430000 N
405 54 7.320000 22.955000 44.938999 N
406 54 8.504000 23.235001 45.727001 C
407 54 9.338000 24.420000 45.209999 C
408 54 9.739000 25.330000 45.938999 O
409 54 9.300000 21.941999 45.783001 C
410 54 10.452000 21.948999 46.758999 C
411 54 11.355000 20.715000 46.688000 C
412 54 12.413000 20.716000 47.756001 C
413 54 13.712000 20.157000 47.327000 N
414 55 9.603000 24.434000 43.918999 N
415 55 10.387000 25.535000 43.341999 C
416 55 9.695000 26.874001 43.477001 C
417 55 10.341000 27.889999 43.728001 O
418 55 10.736000 25.226000 41.889000 C
419 55 11.508000 26.356001 41.224998 C
420 55 11.611000 23.990000 41.841999 C
421 56 8.366000 26.903000 43.271999 N
422 56 7.533000 28.115999 43.369999 C
423 56 7.687000 28.719000 44.730000 C
424 56 8.012000 29.896000 44.915001 O
425 57 7.490000 27.837999 45.675999 N
426 57 7.609000 28.186001 47.067001 C
427 57 9.025000 28.698000 47.354000 C
428 57 9.231000 29.732000 47.948002 O
429 57 7.047000 27.056000 47.998001 C
430 57 6.691000 27.493000 49.451000 C
431 57 5.469000 28.400999 49.632999 C
432 57 4.340000 27.839001 49.188000 O
433 57 5.537000 29.542999 50.132000 O
434 58 10.036000 28.006001 46.889000 N
435 58 11.398000 28.427000 47.113998 C
436 58 11.742000 29.796000 46.522999 C
437 58 12.430000 30.641001 47.108002 O
438 58 12.300000 27.347000 46.514999 C
439 58 13.776000 27.549000 46.653999 C
440 58 14.565000 26.393000 46.037998 C
441 58 14.513000 26.247999 44.520000 C
442 58 15.191000 25.016001 44.033001 N
443 59 11.271000 30.056000 45.334000 N
444 59 11.653000 31.282000 44.712002 C
445 59 10.642000 32.370998 44.851002 C
446 59 10.856000 33.444000 44.324001 O
447 59 11.964000 31.025999 43.233002 C
448 59 13.176000 30.121000 42.917999 C
449 59 13.453000 30.058001 41.431999 C
450 59 14.444000 30.601999 43.554001 C
451 60 9.533000 32.068001 45.501999 N
452 60 8.469000 33.033001 45.707001 C
453 60 7.756000 33.505001 44.465000 C
454 60 7.479000 34.719002 44.234001 O
455 60 8.933000 34.183998 46.601002 C
456 60 7.490000 35.049000 47.297001 S
457 61 7.444000 32.495998 43.683998 N
458 61 6.708000 32.667999 42.455002 C
459 61 5.568000 31.628000 42.380001 C
460 61 5.703000 30.497000 42.848000 O
461 61 7.659000 32.748001 41.221001 C
462 61 8.238000 31.400000 40.949001 C
463 61 6.962000 33.157001 39.959999 C
464 62 4.418000 31.982000 41.827000 N
465 62 3.305000 31.046000 41.756001 C
466 62 3.625000 29.830000 40.932999 C
467 62 3.986000 29.910000 39.757000 O
468 62 2.098000 31.729000 41.129002 C
469 62 1.553000 32.908001 41.992001 C
470 62 0.275000 33.515999 41.492001 C
471 62 0.374000 33.980999 40.286999 O
472 62 -0.732000 33.578999 42.154999 O
473 63 3.375000 28.684000 41.521999 N
474 63 3.594000 27.423000 40.863998 C
475 63 2.756000 27.313999 39.639999 C
476 63 3.158000 26.704000 38.647999 O
477 63 3.225000 26.393000 41.917999 C
478 63 3.452000 27.020000 43.250999 C
479 63 3.151000 28.483000 42.979000 C
480 64 1.591000 27.957001 39.658001 N
481 64 0.741000 27.910000 38.511002 C
482 64 1.401000 28.587999 37.318001 C
483 64 1.101000 28.188999 36.188999 O
484 64 -0.569000 28.594999 38.848000 C
485 65 2.232000 29.617001 37.539001 N
486 65 2.954000 30.322001 36.456001 C
487 65 3.979000 29.339001 35.884998 C
488 65 4.087000 29.148001 34.691002 O
489 65 3.630000 31.577999 36.973999 C
490 65 4.529000 32.160999 35.890999 C
491 65 2.554000 32.604000 37.278000 C
492 66 4.685000 28.653000 36.730000 N
493 66 5.657000 27.643999 36.259998 C
494 66 4.946000 26.613001 35.421001 C
495 66 5.364000 26.237000 34.318001 O
496 66 6.422000 27.011000 37.429001 C
497 66 7.103000 28.039000 38.242001 C
498 66 7.396000 25.913000 37.005001 C
499 66 7.585000 27.537001 39.573002 C
500 67 3.793000 26.118000 35.905998 N
501 67 3.021000 25.114000 35.193001 C
502 67 2.510000 25.638000 33.910000 C
503 67 2.528000 24.924999 32.915001 O
504 67 1.918000 24.511999 36.035999 C
505 68 2.090000 26.893999 33.859001 N
506 68 1.615000 27.410000 32.627998 C
507 68 2.733000 27.469000 31.589001 C
508 68 2.477000 27.236000 30.398001 O
509 69 3.937000 27.837000 32.037998 N
510 69 5.148000 27.910999 31.160999 C
511 69 5.447000 26.500000 30.677000 C
512 69 5.618000 26.278000 29.472000 O
513 69 6.370000 28.533001 31.827000 C
514 69 6.181000 30.048000 31.895000 C
515 69 7.597000 28.356001 30.907000 C
516 69 7.090000 30.731001 32.866001 C
517 70 5.458000 25.544001 31.563000 N
518 70 5.684000 24.129999 31.177000 C
519 70 4.690000 23.624001 30.177000 C
520 70 5.042000 22.917999 29.257000 O
521 70 5.805000 23.205000 32.375000 C
522 70 6.978000 23.593000 33.262001 C
523 70 5.777000 21.733000 31.931999 C
524 70 7.115000 22.806999 34.537998 C
525 71 3.407000 23.945000 30.329000 N
526 71 2.432000 23.486000 29.402000 C
527 71 2.712000 24.070999 28.032000 C
528 71 2.692000 23.400999 26.990000 O
529 71 0.968000 23.737000 29.908001 C
530 71 0.073000 23.591999 28.822001 O
531 72 2.957000 25.402000 27.992001 N
532 72 3.209000 26.030001 26.746000 C
533 72 4.509000 25.565001 26.084999 C
534 72 4.506000 25.382999 24.877001 O
535 72 3.267000 27.535000 27.039000 C
536 72 3.745000 28.440001 25.909000 C
537 72 2.868000 28.351999 24.708000 C
538 72 3.415000 29.209999 23.657000 N
539 72 2.797000 30.202000 23.059000 C
540 72 1.546000 30.556999 23.353001 N
541 72 3.450000 30.888000 22.120001 N
542 73 5.567000 25.447001 26.867001 N
543 73 6.885000 25.112000 26.309000 C
544 73 7.066000 23.683001 25.834999 C
545 73 7.704000 23.431000 24.773001 O
546 73 7.965000 25.403999 27.326000 C
547 73 8.239000 26.893999 27.488001 C
548 73 8.834000 27.566999 26.295000 C
549 73 9.336000 27.021999 25.323000 O
550 73 8.676000 28.848000 26.350000 O
551 74 6.566000 22.747999 26.649000 N
552 74 6.753000 21.325001 26.305000 C
553 74 5.604000 20.372000 26.511999 C
554 74 5.780000 19.129999 26.424000 O
555 74 7.858000 20.813000 27.136000 C
556 74 7.512000 20.868999 28.482000 O
557 75 4.449000 20.916000 26.886000 N
558 75 3.284000 20.061001 27.176001 C
559 75 3.638000 19.091000 28.236000 C
560 75 3.361000 17.913000 28.176001 O
561 75 2.639000 19.389999 25.983999 C
562 75 1.897000 20.270000 25.054001 C
563 75 0.794000 21.004000 25.424999 N
564 75 2.081000 20.466000 23.749001 C
565 75 0.357000 21.624001 24.370001 C
566 75 1.131000 21.344999 23.332001 N
567 76 4.332000 19.594000 29.216000 N
568 76 4.766000 18.808001 30.320999 C
569 76 5.599000 17.593000 29.919001 C
570 76 5.504000 16.530001 30.499001 O
571 76 3.562000 18.392000 31.180000 C
572 77 6.486000 17.764000 28.952000 N
573 77 7.402000 16.690001 28.523001 C
574 77 6.948000 15.889000 27.357000 C
575 77 7.704000 15.205000 26.674000 O
576 78 5.673000 15.973000 27.082001 N
577 78 5.117000 15.176000 26.059000 C
578 78 5.773000 15.295000 24.725000 C
579 78 5.831000 14.322000 23.993000 O
580 78 3.617000 15.418000 25.936001 C
581 78 2.803000 14.462000 26.775000 C
582 78 2.180000 15.079000 27.997000 C
583 78 1.220000 16.228001 27.715000 C
584 78 -0.138000 15.870000 27.316000 N
585 79 6.160000 16.497999 24.356001 N
586 79 6.735000 16.698000 23.056000 C
587 79 8.247000 16.764999 23.014999 C
588 79 8.761000 17.343000 22.059000 O
589 79 6.199000 17.908001 22.313999 C
590 79 4.725000 17.761000 22.075001 C
591 79 6.387000 19.176001 23.101999 C
592 80 8.897000 16.230000 24.000000 N
593 80 10.343000 16.243999 24.096001 C
594 80 10.967000 14.913000 23.809999 C
595 80 10.309000 13.915000 23.997000 O
596 80 10.783000 16.629000 25.486000 C
597 80 10.319000 18.028999 25.906000 C
598 80 10.909000 18.378000 27.225000 C
599 80 10.505000 19.136999 24.895000 C
600 81 12.262000 14.928000 23.408001 N
601 81 13.027000 13.706000 23.132999 C
602 81 14.243000 13.788000 23.997000 C
603 81 15.151000 14.613000 23.808001 O
604 81 13.391000 13.582000 21.664000 C
605 81 12.239000 13.359000 20.724001 C
606 81 11.484000 12.041000 20.909000 C
607 81 10.593000 11.694000 19.753000 C
608 81 11.345000 11.044000 18.667999 N
609 82 14.221000 13.007000 25.024000 N
610 82 15.285000 13.010000 25.973000 C
611 82 15.523000 14.418000 26.481001 C
612 82 16.660999 14.851000 26.724001 O
613 82 16.604000 12.400000 25.431000 C
614 82 16.639000 10.869000 25.448000 C
615 82 17.455999 10.251000 24.730000 O
616 82 15.738000 10.260000 26.236000 N
617 83 14.433000 15.139000 26.622000 N
618 83 14.493000 16.497999 27.141001 C
619 83 14.704000 17.615999 26.176001 C
620 83 14.593000 18.792000 26.541000 O
621 84 14.963000 17.299999 24.927999 N
622 84 15.188000 18.319000 23.913000 C
623 84 13.989000 18.606001 23.087000 C
624 84 13.243000 17.721001 22.704000 O
625 84 16.320000 17.860001 22.899000 C
626 84 17.648001 17.743000 23.591999 C
627 84 18.212999 16.583000 24.048000 C
628 84 18.497999 18.808001 24.025000 C
629 84 19.362000 16.867001 24.740000 N
630 84 19.544001 18.240000 24.730000 C
631 84 18.455999 20.198000 23.874001 C
632 84 20.559999 19.034000 25.247000 C
633 84 19.445000 20.971001 24.400999 C
634 84 20.473000 20.386000 25.100000 C
635 85 13.836000 19.872000 22.735001 N
636 85 12.779000 20.290001 21.886000 C
637 85 13.105000 19.941000 20.480000 C
638 85 14.205000 19.468000 20.216000 O
639 86 12.156000 20.136000 19.617001 N
640 86 12.307000 19.718000 18.252001 C
641 86 13.480000 20.222000 17.424000 C
642 86 13.848000 19.580000 16.461000 O
643 86 11.067000 19.862000 17.399000 C
644 86 9.771000 19.337999 17.936001 C
645 86 9.629000 18.444000 18.763000 O
646 86 8.797000 19.931999 17.316000 O
647 87 13.994000 21.379999 17.745001 N
648 87 15.124000 21.990000 17.066999 C
649 87 16.422001 21.766001 17.789000 C
650 87 17.471001 22.236000 17.372000 O
651 87 14.922000 23.480000 16.833000 C
652 87 14.311000 23.760000 15.519000 C
653 87 12.815000 23.698000 15.600000 C
654 87 12.249000 24.743000 14.780000 N
655 87 12.237000 24.775000 13.442000 C
656 87 12.758000 23.802000 12.665000 N
657 87 11.669000 25.841000 12.854000 N
658 88 16.367001 21.037001 18.886000 N
659 88 17.549999 20.746000 19.607000 C
660 88 18.143999 21.875000 20.375000 C
661 88 19.239000 21.681999 20.924999 O
662 89 17.452000 23.010000 20.438999 N
663 89 17.931999 24.118000 21.186001 C
664 89 17.414000 24.214001 22.586000 C
665 89 18.118000 24.549000 23.509001 O
666 89 17.666000 25.419001 20.490999 C
667 89 18.490000 25.417000 19.240999 C
668 89 19.676001 25.094000 19.257000 O
669 89 17.827999 25.643999 18.174999 N
670 90 16.153000 23.910999 22.813999 N
671 90 15.603000 24.006001 24.184000 C
672 90 15.682000 22.729000 24.945000 C
673 90 15.443000 21.610001 24.445999 O
674 91 16.025000 22.858000 26.173000 N
675 91 16.157000 21.714001 27.031000 C
676 91 15.241000 21.740000 28.257000 C
677 91 15.127000 22.777000 28.938999 O
678 91 17.584999 21.753000 27.600000 C
679 91 17.881001 20.600000 28.525000 C
680 91 18.155001 19.333000 28.011000 C
681 91 17.936001 20.778000 29.896000 C
682 91 18.424000 18.271999 28.860001 C
683 91 18.216999 19.746000 30.781000 C
684 91 18.459000 18.488001 30.228001 C
685 92 14.603000 20.610001 28.570000 N
686 92 13.778000 20.507999 29.768999 C
687 92 12.328000 20.900000 29.612000 C
688 92 11.879000 21.443001 28.594999 O
689 93 11.584000 20.583000 30.686001 N
690 93 10.156000 20.914000 30.742001 C
691 93 9.916000 22.393999 30.434000 C
692 93 8.922000 22.730000 29.771999 O
693 93 9.719000 20.662001 32.193001 C
694 93 9.621000 19.173000 32.595001 C
695 93 9.413000 19.089001 34.091000 C
696 93 8.501000 18.493000 31.857000 C
697 94 10.823000 23.264999 30.858000 N
698 94 10.748000 24.732000 30.676001 C
699 94 11.475000 25.290001 29.458000 C
700 94 11.391000 26.492001 29.146999 O
701 94 11.110000 25.518999 31.917000 C
702 94 10.228000 25.204000 33.136002 C
703 94 10.734000 26.135000 34.564999 S
704 94 9.977000 27.709999 34.164001 C
705 95 12.138000 24.385000 28.759001 N
706 95 12.851000 24.740000 27.540001 C
707 95 13.842000 25.899000 27.632999 C
708 95 13.707000 26.884001 26.943001 O
709 95 11.876000 24.941999 26.396000 C
710 95 11.162000 23.656000 25.996000 C
711 95 12.106000 22.712999 25.298000 C
712 95 12.221000 22.889000 24.101000 O
713 95 12.667000 21.733000 25.981001 N
714 96 14.822000 25.756001 28.475000 N
715 96 15.944000 26.690001 28.575001 C
716 96 16.719000 26.556999 27.250999 C
717 96 17.049999 25.461000 26.764000 O
718 96 16.795000 26.268000 29.726999 C
719 96 18.110001 27.031000 29.778999 C
720 96 16.011000 26.514999 31.017000 C
721 97 16.979000 27.681000 26.601000 N
722 97 17.680000 27.681999 25.297001 C
723 97 19.188999 27.622000 25.480000 C
724 97 19.806000 28.511000 26.070999 O
725 97 17.319000 28.909000 24.500000 C
726 97 17.886000 28.878000 23.127001 C
727 97 18.808001 28.191000 22.775000 O
728 97 17.152000 29.565001 22.346001 O
729 98 19.752001 26.521999 25.007000 N
730 98 21.171000 26.202000 25.101000 C
731 98 22.034000 27.254999 24.481001 C
732 98 23.187000 27.386999 24.902000 O
733 98 21.542000 24.840000 24.528999 C
734 98 21.677000 24.919001 23.056999 C
735 98 21.923000 23.511999 22.534000 C
736 98 22.049999 23.538000 21.032000 C
737 98 22.334000 22.171000 20.532000 N
738 99 21.471001 27.993999 23.558001 N
739 99 22.226000 29.054001 22.900999 C
740 99 22.443001 30.230000 23.760000 C
741 99 23.407000 30.962000 23.552999 O
742 99 21.660999 29.528999 21.589001 C
743 99 21.473000 28.330999 20.723000 C
744 99 20.656000 28.636000 19.514000 C
745 99 19.311001 28.940001 19.907000 N
746 99 18.382999 29.214001 19.063999 C
747 99 18.618999 29.191999 17.763000 N
748 99 17.179001 29.511999 19.584000 N
749 100 21.559999 30.419001 24.743999 N
750 100 21.649000 31.563999 25.643000 C
751 100 22.070000 31.222000 27.027000 C
752 100 22.511000 32.089001 27.722000 O
753 100 20.309999 32.292999 25.832001 C
754 100 19.716000 32.640999 24.628000 O
755 101 21.834999 29.983000 27.480000 N
756 101 22.171000 29.541000 28.794001 C
757 101 22.643000 28.103001 28.747999 C
758 101 22.040001 27.299000 28.068001 O
759 101 20.878000 29.521999 29.660999 C
760 101 20.134001 30.815001 29.663000 C
761 101 20.488001 31.827999 30.514000 N
762 101 19.107000 31.231001 28.912001 C
763 101 19.677999 32.831001 30.271999 C
764 101 18.836000 32.523998 29.311001 N
765 102 23.693001 27.750999 29.481001 N
766 102 24.083000 26.374001 29.489000 C
767 102 23.059000 25.698999 30.406000 C
768 102 22.868000 26.122000 31.544001 O
769 102 25.400000 26.268999 30.177000 C
770 102 26.112000 25.046000 29.652000 C
771 102 26.549000 24.118000 30.709999 C
772 102 26.707001 22.785000 30.035999 C
773 102 25.584000 21.917999 30.364000 N
774 103 22.466000 24.646999 29.936001 N
775 103 21.469999 23.972000 30.712999 C
776 103 21.975000 23.183001 31.846001 C
777 103 22.940001 22.474001 31.712000 O
778 103 20.701000 23.077999 29.774000 C
779 103 20.980000 23.639000 28.409000 C
780 103 22.348000 24.288000 28.535000 C
781 104 21.329000 23.295000 32.987000 N
782 104 21.702000 22.532000 34.108002 C
783 104 20.652000 21.462000 34.449001 C
784 104 19.455000 21.674999 34.187000 O
785 104 21.747999 23.497999 35.286999 C
786 104 22.691999 24.690001 35.040001 C
787 104 22.648001 25.645000 36.206001 C
788 104 23.076000 26.799999 36.091000 O
789 104 22.100000 25.160999 37.319000 N
790 105 21.122000 20.349001 35.030998 N
791 105 20.368999 19.186001 35.526001 C
792 105 19.740999 18.302999 34.476002 C
793 105 20.009001 18.450001 33.285999 O
794 106 18.936001 17.350000 34.957001 N
795 106 18.159000 16.413000 34.185001 C
796 106 17.000000 17.216999 33.674000 C
797 106 16.655001 18.282000 34.214001 O
798 106 17.622000 15.255000 35.063000 C
799 106 16.983000 15.844000 36.198002 O
800 106 18.853001 14.477000 35.520000 C
801 107 16.430000 16.719999 32.632999 N
802 107 15.411000 17.471001 31.974001 C
803 107 14.096000 17.693001 32.695999 C
804 107 13.303000 18.569000 32.323002 O
805 107 15.153000 16.915001 30.569000 C
806 107 14.446000 15.607000 30.601999 C
807 107 15.014000 14.423000 30.860001 C
808 107 13.038000 15.367000 30.462000 C
809 107 14.077000 13.445000 30.844000 N
810 107 12.840000 13.983000 30.614000 C
811 107 11.917000 16.181999 30.264000 C
812 107 11.561000 13.400000 30.558001 C
813 107 10.656000 15.603000 30.159000 C
814 107 10.481000 14.231000 30.339001 C
815 108 13.840000 16.881001 33.676998 N
816 108 12.553000 16.952000 34.347000 C
817 108 12.654000 16.982000 35.818001 C
818 108 11.678000 16.615000 36.488998 O
819 108 11.606000 15.869000 33.881001 C
820 108 12.159000 14.511000 34.215000 C
821 108 13.301000 14.369000 34.679001 O
822 108 11.331000 13.496000 33.998001 N
823 109 13.802000 17.500000 36.273998 N
824 109 14.026000 17.597000 37.695999 C
825 109 14.033000 19.013000 38.238998 C
826 109 13.876000 20.023001 37.529999 O
827 110 14.241000 19.073999 39.539001 N
828 110 14.267000 20.319000 40.290001 C
829 110 15.333000 21.319000 39.868999 C
830 110 15.118000 22.538000 39.879002 O
831 110 14.357000 20.032000 41.790001 C
832 110 14.271000 21.340000 42.560001 C
833 110 14.356000 21.054001 44.015999 C
834 110 14.444000 19.914000 44.394001 O
835 110 14.411000 22.103001 44.793999 O
836 111 16.503000 20.820999 39.476002 N
837 111 17.542999 21.728001 39.039001 C
838 111 17.152000 22.466999 37.803001 C
839 111 17.298000 23.695999 37.669998 O
840 111 18.908001 21.052000 38.953999 C
841 111 19.934999 21.997999 38.285999 C
842 111 19.351999 20.760000 40.370998 C
843 112 16.587999 21.767000 36.889999 N
844 112 16.143000 22.370001 35.668999 C
845 112 15.030000 23.356001 35.922001 C
846 112 15.059000 24.482000 35.452999 O
847 112 15.628000 21.302999 34.733002 C
848 112 14.807000 21.938999 33.707001 C
849 112 15.335000 22.718000 32.726002 N
850 112 13.458000 21.941000 33.571999 C
851 112 14.324000 23.100000 31.971001 C
852 112 13.183000 22.676001 32.484001 N
853 113 14.026000 22.943001 36.678001 N
854 113 12.922000 23.849001 36.994999 C
855 113 13.419000 25.073000 37.681000 C
856 113 12.921000 26.177999 37.404999 O
857 113 11.751000 23.153999 37.717999 C
858 113 11.238000 22.080999 36.827999 C
859 113 10.598000 24.143999 37.976002 C
860 113 10.303000 21.070999 37.486000 C
861 114 14.396000 24.926001 38.577000 N
862 114 14.979000 26.066000 39.250000 C
863 114 15.637000 27.046000 38.286999 C
864 114 15.469000 28.281000 38.339001 O
865 114 15.969000 25.577000 40.293999 C
866 114 15.260000 24.764999 41.214001 O
867 114 16.635000 26.695999 41.036999 C
868 115 16.417999 26.499001 37.361000 N
869 115 17.100000 27.305000 36.369999 C
870 115 16.115999 28.049000 35.546001 C
871 115 16.254999 29.285999 35.373001 O
872 115 18.025000 26.455999 35.473999 C
873 115 18.761999 27.408001 34.521000 C
874 115 19.740999 26.764999 33.560001 C
875 115 20.708000 27.396000 33.085999 O
876 115 19.444000 25.538000 33.233002 N
877 116 15.103000 27.358000 35.029999 N
878 116 14.100000 28.039000 34.237000 C
879 116 13.343000 29.143999 34.981998 C
880 116 13.121000 30.246000 34.478001 O
881 117 13.001000 28.867001 36.245998 N
882 117 12.277000 29.820999 37.089001 C
883 117 13.179000 30.990000 37.396000 C
884 117 12.718000 32.133999 37.458000 O
885 117 11.648000 29.112000 38.299000 C
886 117 10.813000 28.124001 37.806999 O
887 117 10.740000 30.049000 39.047001 C
888 118 14.489000 30.716000 37.511002 N
889 118 15.414000 31.780001 37.770000 C
890 118 15.511000 32.709999 36.629002 C
891 118 15.561000 33.959000 36.750000 O
892 118 16.771999 31.273001 38.289001 C
893 118 16.541000 30.629000 39.508999 O
894 118 17.722000 32.430000 38.528999 C
895 119 15.504000 32.148998 35.448002 N
896 119 15.590000 32.984001 34.293999 C
897 119 14.338000 33.856998 34.254002 C
898 119 14.390000 35.046001 33.924999 O
899 119 15.885000 32.160000 33.028999 C
900 119 17.304001 31.541000 33.020000 C
901 119 15.647000 32.931000 31.747000 C
902 119 17.492001 30.337999 32.087002 C
903 120 13.192000 33.268002 34.560001 N
904 120 11.961000 34.049000 34.541000 C
905 120 11.994000 35.187000 35.520000 C
906 120 11.643000 36.355000 35.213001 O
907 120 10.740000 33.164001 34.887001 C
908 120 9.421000 33.977001 35.153999 C
909 120 8.833000 34.560001 33.888000 C
910 120 8.393000 33.036999 35.811001 C
911 121 12.409000 34.909000 36.727001 N
912 121 12.481000 35.970001 37.743000 C
913 121 13.390000 37.105000 37.306999 C
914 121 13.098000 38.306999 37.431999 O
915 121 12.909000 35.370998 39.056000 C
916 121 11.835000 34.451000 39.602001 C
917 121 13.181000 36.481998 40.048000 C
918 121 12.411000 33.634998 40.735001 C
919 122 14.530000 36.730999 36.709999 N
920 122 15.425000 37.778000 36.240002 C
921 122 14.773000 38.658001 35.228001 C
922 122 14.985000 39.894001 35.181000 O
923 122 16.764999 37.228001 35.715000 C
924 122 17.606001 36.495998 36.761002 C
925 122 18.306000 35.487000 36.494999 O
926 122 17.538000 36.978001 37.985001 N
927 123 13.945000 38.097000 34.395000 N
928 123 13.208000 38.874001 33.433998 C
929 123 12.161000 39.761002 34.146999 C
930 123 11.968000 40.952999 33.810001 O
931 123 12.547000 37.990002 32.412998 C
932 123 13.474000 37.532001 31.306000 C
933 123 14.188000 38.483002 30.591000 C
934 123 13.586000 36.183998 30.962999 C
935 123 15.010000 38.096001 29.535999 C
936 123 14.394000 35.776001 29.898001 C
937 123 15.120000 36.745998 29.212999 C
938 124 11.494000 39.200001 35.162998 N
939 124 10.524000 39.972000 35.969002 C
940 124 11.217000 41.185001 36.546001 C
941 124 10.748000 42.320999 36.415001 O
942 124 9.771000 39.176998 37.042999 C
943 124 8.936000 38.083000 36.397999 C
944 124 8.823000 40.097000 37.839001 C
945 124 8.634000 37.016998 37.423000 C
946 125 12.359000 40.959000 37.153999 N
947 125 13.075000 42.080002 37.678001 C
948 125 13.496000 43.091000 36.698002 C
949 125 13.503000 44.279999 36.992001 O
950 125 14.255000 41.594002 38.390999 C
951 125 13.785000 40.893002 39.641998 C
952 125 14.813000 39.859001 40.021999 C
953 125 14.718000 39.439999 41.459999 C
954 125 15.368000 40.452999 42.262001 N
955 126 13.895000 42.667999 35.534000 N
956 126 14.263000 43.632000 34.536999 C
957 126 13.083000 44.495998 34.183998 C
958 126 13.180000 45.706001 34.026001 O
959 126 14.736000 42.842999 33.313999 C
960 126 15.903000 42.159000 33.700001 O
961 126 15.033000 43.748001 32.138000 C
962 127 11.955000 43.854000 34.000000 N
963 127 10.740000 44.582001 33.660000 C
964 127 10.312000 45.553001 34.780998 C
965 127 9.837000 46.682999 34.527000 O
966 127 9.625000 43.587002 33.277000 C
967 127 9.950000 42.798000 31.996000 C
968 127 8.247000 44.245998 33.188999 C
969 127 10.309000 43.615002 30.754999 C
970 128 10.500000 45.132000 36.018002 N
971 128 10.153000 46.000000 37.146000 C
972 128 10.900000 47.320000 37.092999 C
973 128 10.345000 48.391998 37.354000 O
974 128 10.327000 45.327000 38.501999 C
975 128 9.420000 44.094002 38.723999 C
976 128 9.551000 43.424999 40.077999 C
977 128 8.700000 42.605999 40.563999 O
978 128 10.701000 43.681999 40.657001 N
979 129 12.171000 47.231998 36.694000 N
980 129 13.006000 48.403999 36.605999 C
981 129 12.730000 49.242001 35.411999 C
982 129 12.833000 50.488998 35.415001 O
983 129 14.480000 48.083000 36.720001 C
984 129 14.839000 47.363998 37.993000 C
985 129 16.259001 46.803001 37.890999 C
986 129 16.409000 45.375000 38.412998 C
987 129 17.035000 44.426998 37.444000 N
988 130 12.334000 48.539001 34.382999 N
989 130 12.069000 49.179001 33.159000 C
990 130 10.768000 49.960999 33.189999 C
991 130 10.676000 51.042000 32.598000 O
992 130 12.156000 48.111000 32.078999 C
993 130 11.876000 48.584000 30.688000 C
994 130 12.200000 47.539001 29.639000 C
995 130 12.162000 48.089001 28.252001 C
996 130 12.361000 47.042999 27.267000 N
997 131 9.750000 49.402000 33.868999 N
998 131 8.436000 50.058998 33.955002 C
999 131 7.975000 50.153999 35.394001 C
1000 131 7.128000 49.405998 35.873001 O
1001 131 7.442000 49.164001 33.257000 C
1002 131 7.700000 49.105000 31.791000 C
1003 131 7.455000 50.209000 30.993999 C
1004 131 8.182000 47.923000 31.229000 C
1005 131 7.677000 50.160999 29.629999 C
1006 131 8.444000 47.875999 29.868000 C
1007 131 8.183000 48.981998 29.077000 C
1008 132 8.553000 51.054001 36.122002 N
1009 132 8.225000 51.136002 37.521000 C
1010 132 6.878000 51.780998 37.873001 C
1011 132 6.467000 51.800999 39.033001 O
1012 132 9.430000 51.787998 38.161999 C
1013 132 10.215000 52.465000 37.044998 C
1014 132 9.739000 51.903000 35.737000 C
1015 133 6.180000 52.303001 36.889000 N
1016 133 4.864000 52.875000 37.130001 C
1017 133 3.769000 51.832001 36.852001 C
1018 133 2.589000 52.112000 36.890999 O
1019 133 4.695000 54.063000 36.227001 C
1020 133 4.234000 53.585999 34.985001 O
1021 134 4.147000 50.594002 36.515999 N
1022 134 3.183000 49.526001 36.320000 C
1023 134 2.885000 48.880001 37.675999 C
1024 134 3.611000 48.938999 38.647999 O
1025 134 3.741000 48.367001 35.417000 C
1026 134 3.815000 48.705002 33.956001 C
1027 134 3.614000 49.917000 33.375000 C
1028 134 4.208000 47.806999 32.904999 C
1029 134 3.857000 49.842999 32.012001 N
1030 134 4.221000 48.542999 31.716999 C
1031 134 4.558000 46.441002 32.890999 C
1032 134 4.570000 47.935001 30.542999 C
1033 134 4.887000 45.824001 31.723000 C
1034 134 4.861000 46.584000 30.591000 C
1035 135 1.782000 48.141998 37.743999 N
1036 135 1.410000 47.415001 38.922001 C
1037 135 2.223000 46.119999 38.901001 C
1038 135 2.803000 45.691002 37.928001 O
1039 135 -0.102000 47.083000 38.977001 C
1040 135 -0.284000 46.015999 38.105999 O
1041 135 -1.069000 48.216999 38.638000 C
1042 136 2.373000 45.493999 40.002998 N
1043 136 3.143000 44.289001 40.099998 C
1044 136 2.657000 43.223000 39.192001 C
1045 136 3.443000 42.476002 38.652000 O
1046 136 3.106000 43.798000 41.528000 C
1047 136 4.306000 42.969002 41.863998 C
1048 136 4.926000 43.445000 43.131001 C
1049 136 4.166000 42.751999 44.224998 C
1050 136 4.961000 42.624001 45.419998 N
1051 137 1.345000 43.105999 39.044998 N
1052 137 0.748000 42.078999 38.223000 C
1053 137 1.039000 42.317001 36.785000 C
1054 137 1.232000 41.388000 36.030998 O
1055 137 -0.773000 41.979000 38.474998 C
1056 137 -1.137000 41.869999 39.923000 C
1057 137 -0.451000 40.953999 40.570999 O
1058 137 -1.986000 42.575001 40.431999 O
1059 138 1.083000 43.575001 36.426998 N
1060 138 1.406000 43.931999 35.083000 C
1061 138 2.881000 43.553001 34.759998 C
1062 138 3.220000 43.113998 33.626999 O
1063 138 1.255000 45.464001 34.902000 C
1064 138 -0.241000 45.859001 34.722000 C
1065 138 -0.426000 47.355000 34.471001 C
1066 138 -1.080000 47.805000 33.536999 O
1067 138 0.248000 48.131001 35.251999 N
1068 139 3.732000 43.775002 35.737000 N
1069 139 5.166000 43.480000 35.619999 C
1070 139 5.348000 42.011002 35.458000 C
1071 139 6.205000 41.553001 34.701000 O
1072 139 6.000000 44.019001 36.743999 C
1073 139 5.984000 45.575001 36.754002 C
1074 139 6.363000 46.210999 38.066002 C
1075 139 6.349000 45.576000 39.123001 O
1076 139 6.680000 47.506001 38.030998 N
1077 140 4.544000 41.241001 36.145000 N
1078 140 4.617000 39.756001 36.020000 C
1079 140 4.310000 39.334000 34.605000 C
1080 140 4.966000 38.466999 33.997002 O
1081 140 3.668000 39.083000 37.051998 C
1082 140 3.494000 37.588001 36.919998 C
1083 140 4.814000 36.901001 37.152000 C
1084 140 2.534000 37.210999 38.069000 C
1085 141 3.259000 39.919998 34.056000 N
1086 141 2.898000 39.627998 32.730999 C
1087 141 4.073000 39.924000 31.781000 C
1088 141 4.397000 39.088001 30.920000 O
1089 141 1.614000 40.362999 32.334999 C
1090 141 0.974000 39.793999 31.105000 C
1091 141 -0.216000 40.597000 30.569000 C
1092 141 -0.929000 39.858002 29.454000 C
1093 141 -2.101000 40.577000 28.908001 N
1094 142 4.624000 41.130001 31.930000 N
1095 142 5.742000 41.594002 31.099001 C
1096 142 6.881000 40.616001 31.216999 C
1097 142 7.495000 40.215000 30.209999 O
1098 143 7.159000 40.168999 32.417999 N
1099 143 8.218000 39.202000 32.657001 C
1100 143 8.051000 37.903999 31.920000 C
1101 143 9.021000 37.355000 31.382000 O
1102 144 6.846000 37.409000 31.898001 N
1103 144 6.557000 36.181000 31.246000 C
1104 144 6.741000 36.369999 29.785000 C
1105 144 7.173000 35.506001 29.059999 O
1106 144 5.128000 35.758999 31.589001 C
1107 144 4.967000 35.474998 33.056999 C
1108 144 4.574000 34.630001 30.708000 C
1109 144 3.490000 35.333000 33.443001 C
1110 145 6.407000 37.516998 29.253000 N
1111 145 6.550000 37.779999 27.834000 C
1112 145 7.998000 37.833000 27.414000 C
1113 145 8.372000 37.327000 26.353001 O
1114 145 5.927000 39.132000 27.559000 C
1115 145 5.638000 39.172001 26.195000 O
1116 146 8.782000 38.379002 28.289000 N
1117 146 10.243000 38.481998 28.046000 C
1118 146 10.930000 37.131001 28.056999 C
1119 146 11.990000 36.890999 27.434000 O
1120 146 10.866000 39.340000 29.087999 C
1121 147 10.359000 36.216999 28.802999 N
1122 147 10.897000 34.855999 28.905001 C
1123 147 11.072000 34.243999 27.517000 C
1124 147 12.004000 33.487999 27.209999 O
1125 147 9.976000 33.931000 29.722000 C
1126 147 10.521000 32.551998 29.965000 C
1127 147 11.359000 32.327999 31.033001 C
1128 147 10.123000 31.483000 29.164000 C
1129 147 11.837000 31.041000 31.260000 C
1130 147 10.584000 30.200001 29.413000 C
1131 147 11.455000 29.992001 30.452000 C
1132 147 11.925000 28.718000 30.694000 O
1133 148 10.138000 34.560001 26.671000 N
1134 148 10.140000 34.077000 25.313000 C
1135 148 10.945000 34.911999 24.334999 C
1136 148 11.688000 34.388000 23.500000 O
1137 148 8.729000 34.051998 24.740000 C
1138 148 8.634000 33.595001 23.348000 C
1139 148 8.359000 34.396999 22.493000 O
1140 148 8.787000 32.289001 23.108000 N
1141 149 10.756000 36.243000 24.393000 N
1142 149 11.388000 37.137001 23.451000 C
1143 149 12.417000 38.103001 23.921000 C
1144 149 12.876000 38.874001 23.091000 O
1145 149 10.329000 37.967999 22.830000 C
1146 150 12.796000 38.077999 25.153000 N
1147 150 13.749000 38.992001 25.718000 C
1148 150 13.042000 40.303001 26.139000 C
1149 150 11.954000 40.655998 25.688999 O
1150 151 13.657000 41.014000 27.052000 N
1151 151 13.149000 42.252998 27.601999 C
1152 151 13.083000 43.382000 26.659000 C
1153 151 12.256000 44.297001 26.808001 O
1154 151 13.789000 42.641998 28.893000 C
1155 152 13.920000 43.318001 25.636999 N
1156 152 13.881000 44.382000 24.702999 C
1157 152 12.607000 44.429001 23.941999 C
1158 152 12.228000 45.471001 23.413000 O
1159 153 11.925000 43.292999 23.879999 N
1160 153 10.671000 43.179001 23.136999 C
1161 153 9.481000 43.780998 23.913000 C
1162 153 8.411000 43.960999 23.334000 O
1163 153 10.354000 41.678001 22.806000 C
1164 153 9.341000 41.549999 21.702999 C
1165 153 9.583000 42.049999 20.605000 O
1166 153 8.152000 40.980999 21.943001 N
1167 154 9.657000 44.046001 25.188999 N
1168 154 8.597000 44.618999 26.000999 C
1169 154 8.771000 46.118999 26.047001 C
1170 154 9.553000 46.680000 26.763000 O
1171 154 8.567000 43.994999 27.355000 C
1172 154 7.404000 44.564999 28.216000 C
1173 154 8.551000 42.467999 27.237000 C
1174 155 8.010000 46.785000 25.261000 N
1175 155 8.116000 48.241001 25.191000 C
1176 155 6.871000 48.953999 25.684000 C
1177 155 6.897000 50.172001 25.811001 O
1178 155 8.333000 48.665001 23.733999 C
1179 155 9.545000 48.076000 23.004000 C
1180 155 9.577000 48.535000 21.549000 C
1181 155 10.077000 47.451000 20.676001 N
1182 155 9.502000 47.150002 19.510000 C
1183 155 8.458000 47.893002 19.143999 N
1184 155 9.928000 46.117001 18.704000 N
1185 156 5.803000 48.205002 25.950001 N
1186 156 4.504000 48.695999 26.426001 C
1187 156 3.703000 47.567001 27.047001 C
1188 156 4.006000 46.409000 26.799999 O
1189 156 3.675000 49.219002 25.287001 C
1190 156 3.123000 48.154999 24.541000 O
1191 157 2.616000 47.894001 27.774000 N
1192 157 1.752000 46.877998 28.357000 C
1193 157 0.851000 46.229000 27.350000 C
1194 157 0.699000 45.004002 27.239000 O
1195 157 0.984000 47.486000 29.596001 C
1196 157 0.216000 46.369999 30.294001 C
1197 157 0.892000 45.488998 31.113001 C
1198 157 -1.131000 46.146999 30.068001 C
1199 157 0.271000 44.380001 31.688999 C
1200 157 -1.788000 45.075001 30.669001 C
1201 157 -1.094000 44.207001 31.486000 C
1202 157 -1.741000 43.133999 32.083000 O
1203 158 0.206000 47.051998 26.558001 N
1204 158 -0.747000 46.598000 25.613001 C
1205 158 -0.251000 45.730000 24.504999 C
1206 158 -0.979000 44.837002 24.129000 O
1207 158 -1.522000 47.750000 25.047001 C
1208 159 0.965000 45.988998 23.952000 N
1209 159 1.458000 45.196999 22.834000 C
1210 159 2.652000 44.278999 23.093000 C
1211 159 3.328000 43.764000 22.176001 O
1212 159 1.850000 46.209000 21.733000 C
1213 159 0.635000 46.863998 21.091999 C
1214 159 0.971000 48.159000 20.333000 C
1215 159 1.722000 49.112999 21.139000 N
1216 159 1.107000 49.943001 21.976000 C
1217 159 -0.199000 49.998001 22.084999 N
1218 159 1.782000 50.758999 22.722000 N
1219 160 2.912000 44.041000 24.356001 N
1220 160 4.066000 43.277000 24.767000 C
1221 160 4.232000 41.984001 24.056999 C
1222 160 5.371000 41.603001 23.785000 O
1223 160 4.123000 43.060001 26.274000 C
1224 160 3.024000 42.113998 26.799000 C
1225 160 3.174000 41.658001 28.539000 S
1226 160 3.045000 43.247002 29.325001 C
1227 161 3.115000 41.303001 23.792999 N
1228 161 3.210000 39.962002 23.188999 C
1229 161 3.435000 39.966000 21.733999 C
1230 161 3.726000 38.896999 21.207001 O
1231 161 2.010000 39.022999 23.476000 C
1232 161 2.024000 38.221001 24.740999 C
1233 161 3.163000 38.115002 25.396999 O
1234 161 0.983000 37.702999 25.149000 O
1235 162 3.349000 41.102001 21.094000 N
1236 162 3.606000 41.123001 19.646000 C
1237 162 5.059000 40.918999 19.465000 C
1238 162 5.882000 41.563000 20.122999 O
1239 162 3.129000 42.366001 18.980000 C
1240 162 1.597000 42.331001 19.052999 C
1241 162 3.474000 42.316002 17.507000 C
1242 162 1.071000 43.743000 18.868999 C
1243 163 5.365000 39.904999 18.684999 N
1244 163 6.767000 39.595001 18.599001 C
1245 163 7.197000 38.332001 19.305000 C
1246 163 8.300000 37.804001 19.082001 O
1247 164 6.382000 37.868999 20.245001 N
1248 164 6.678000 36.613998 20.853001 C
1249 164 6.164000 35.551998 19.913000 C
1250 164 5.394000 35.773998 18.966999 O
1251 164 5.921000 36.467999 22.202000 C
1252 164 4.514000 36.534000 21.979000 O
1253 164 6.347000 37.560001 23.156000 C
1254 165 6.483000 34.290001 20.230000 N
1255 165 5.960000 33.186001 19.445000 C
1256 165 4.443000 33.237000 19.422001 C
1257 165 3.800000 33.244999 20.447001 O
1258 165 6.433000 31.837000 20.006001 C
1259 165 7.846000 31.892000 20.129999 O
1260 165 6.046000 30.705000 19.083000 C
1261 166 3.880000 33.237999 18.273001 N
1262 166 2.426000 33.313999 18.066000 C
1263 166 1.796000 34.592999 18.507000 C
1264 166 0.574000 34.695000 18.514000 O
1265 166 1.618000 32.152000 18.606001 C
1266 166 2.121000 30.830000 18.146999 C
1267 166 1.902000 29.697001 18.913000 N
1268 166 2.784000 30.497999 17.009001 C
1269 166 2.455000 28.688000 18.243000 C
1270 166 2.970000 29.141001 17.101999 N
1271 167 2.628000 35.542000 18.848000 N
1272 167 2.171000 36.837002 19.288000 C
1273 167 1.218000 36.723999 20.466999 C
1274 167 0.299000 37.574001 20.598000 O
1275 167 1.455000 37.631001 18.246000 C
1276 167 2.350000 38.098000 17.110001 C
1277 167 3.555000 38.417000 17.382000 O
1278 167 1.983000 38.178001 15.994000 O
1279 168 1.440000 35.717999 21.339001 N
1280 168 0.517000 35.558998 22.462000 C
1281 168 1.083000 34.966000 23.677999 C
1282 168 0.338000 34.462002 24.509001 O
1283 168 -0.615000 34.667999 21.947001 C
1284 168 -0.257000 33.237999 21.663000 C
1285 168 1.006000 32.964001 21.822001 O
1286 168 -1.062000 32.395000 21.323999 O
1287 169 2.407000 34.952999 23.754999 N
1288 169 3.061000 34.284000 24.806999 C
1289 169 2.494000 34.360001 26.219999 C
1290 169 2.020000 33.388000 26.856001 O
1291 169 4.613000 34.261002 24.653999 C
1292 169 5.350000 33.258999 25.500000 C
1293 169 5.702000 33.549999 26.771000 C
1294 169 5.649000 31.952000 25.038000 C
1295 169 6.348000 32.619999 27.597000 C
1296 169 6.273000 31.025999 25.805000 C
1297 169 6.613000 31.368000 27.115000 C
1298 169 7.264000 30.502001 27.912001 O
1299 170 2.610000 35.535000 26.726000 N
1300 170 2.192000 35.778000 28.063000 C
1301 170 0.683000 35.688999 28.232000 C
1302 170 0.246000 35.183998 29.278999 O
1303 170 2.671000 37.157001 28.495001 C
1304 171 -0.060000 36.153999 27.271000 N
1305 171 -1.525000 36.069000 27.375999 C
1306 171 -1.910000 34.601002 27.511000 C
1307 171 -2.704000 34.173000 28.343000 O
1308 171 -2.223000 36.681999 26.176001 C
1309 171 -2.410000 38.178001 26.357000 C
1310 171 -3.048000 38.703999 27.285000 O
1311 171 -1.718000 38.915001 25.521999 N
1312 172 -1.354000 33.759998 26.702000 N
1313 172 -1.622000 32.291000 26.781000 C
1314 172 -1.159000 31.684999 28.063000 C
1315 172 -1.894000 30.990000 28.781000 O
1316 172 -1.076000 31.576000 25.518000 C
1317 172 -1.264000 30.108000 25.396999 C
1318 172 -2.320000 29.632000 25.999001 O
1319 172 -0.500000 29.393000 24.788000 O
1320 173 0.078000 31.920000 28.451000 N
1321 173 0.567000 31.393000 29.657000 C
1322 173 -0.228000 31.789000 30.853001 C
1323 173 -0.467000 30.982000 31.740999 O
1324 173 2.044000 31.749001 29.802000 C
1325 173 2.542000 31.462000 31.169001 C
1326 173 2.885000 30.957001 28.777000 C
1327 174 -0.606000 33.044998 30.900000 N
1328 174 -1.385000 33.521000 32.042999 C
1329 174 -2.716000 32.798000 32.132999 C
1330 174 -3.136000 32.382000 33.230000 O
1331 174 -1.541000 35.049000 31.906000 C
1332 174 -2.643000 35.585999 32.814999 C
1333 174 -0.242000 35.726002 32.335999 C
1334 175 -3.369000 32.582001 31.024000 N
1335 175 -4.667000 31.888000 30.997000 C
1336 175 -4.513000 30.450001 31.429001 C
1337 175 -5.332000 29.924999 32.231998 O
1338 175 -5.335000 31.973000 29.662001 C
1339 176 -3.411000 29.812000 30.947001 N
1340 176 -3.112000 28.434999 31.337999 C
1341 176 -2.847000 28.372000 32.804001 C
1342 176 -3.254000 27.454000 33.535000 O
1343 176 -1.945000 27.771000 30.618999 C
1344 176 -2.241000 27.625999 29.158001 C
1345 176 -1.124000 26.865000 28.441000 C
1346 176 -1.156000 27.132000 27.033001 N
1347 176 -0.665000 26.313999 26.112000 C
1348 176 -0.097000 25.136999 26.389000 N
1349 176 -0.723000 26.716000 24.865999 N
1350 177 -2.142000 29.368000 33.276001 N
1351 177 -1.830000 29.417999 34.659000 C
1352 177 -3.086000 29.598000 35.511002 C
1353 177 -3.141000 29.039000 36.589001 O
1354 177 -0.841000 30.509001 34.974998 C
1355 178 -4.049000 30.385000 35.030998 N
1356 178 -5.305000 30.596001 35.782001 C
1357 178 -6.012000 29.273001 35.980000 C
1358 178 -6.435000 28.940001 37.047001 O
1359 178 -6.138000 31.698999 35.221001 C
1360 178 -5.466000 33.091999 35.338001 C
1361 178 -6.233000 34.183998 34.634998 C
1362 178 -7.091000 33.916000 33.806000 O
1363 178 -5.840000 35.421001 34.855999 N
1364 179 -6.021000 28.475000 34.979000 N
1365 179 -6.551000 27.105000 35.089001 C
1366 179 -5.808000 26.289000 36.130001 C
1367 179 -6.364000 25.695000 37.064999 O
1368 179 -6.462000 26.402000 33.762001 C
1369 179 -6.880000 24.952999 33.833000 C
1370 179 -8.199000 24.549000 33.650002 C
1371 179 -5.927000 23.983000 34.122002 C
1372 179 -8.576000 23.216999 33.750000 C
1373 179 -6.275000 22.627001 34.174999 C
1374 179 -7.616000 22.264999 34.023998 C
1375 179 -7.994000 20.954000 34.139999 O
1376 180 -4.472000 26.254000 36.063000 N
1377 180 -3.742000 25.503000 37.050999 C
1378 180 -4.022000 25.937000 38.439999 C
1379 180 -4.102000 25.113001 39.335999 O
1380 180 -2.213000 25.336000 36.757999 C
1381 180 -1.947000 24.521000 35.512001 C
1382 180 -2.323000 23.188999 35.425999 C
1383 180 -1.372000 25.070000 34.366001 C
1384 180 -2.161000 22.430000 34.265999 C
1385 180 -1.200000 24.347000 33.207001 C
1386 180 -1.616000 23.018999 33.133999 C
1387 180 -1.512000 22.297001 31.988001 O
1388 181 -4.124000 27.238001 38.626999 N
1389 181 -4.343000 27.815001 39.919998 C
1390 181 -5.598000 27.211000 40.555000 C
1391 181 -5.649000 26.893000 41.720001 O
1392 181 -4.386000 29.336000 39.813999 C
1393 181 -4.239000 29.917000 41.205002 C
1394 181 -3.399000 31.167000 41.265999 C
1395 181 -3.119000 31.600000 42.669998 C
1396 181 -3.199000 33.062000 42.727001 N
1397 182 -6.577000 27.000000 39.720001 N
1398 182 -7.842000 26.405001 40.088001 C
1399 182 -7.703000 24.930000 40.386002 C
1400 182 -8.626000 24.316000 40.894001 O
1401 182 -8.571000 26.495001 38.789001 C
1402 182 -10.052000 26.848000 38.860001 C
1403 182 -10.857000 25.881001 38.004002 C
1404 182 -11.312000 26.212999 36.910000 O
1405 182 -11.023000 24.650000 38.487000 N
1406 183 -6.570000 24.339001 40.035000 N
1407 183 -6.363000 22.916000 40.255001 C
1408 183 -5.299000 22.614000 41.228001 C
1409 183 -4.576000 21.618000 41.118999 O
1410 183 -6.075000 22.121000 38.980000 C
1411 183 -7.289000 22.127001 38.148998 C
1412 183 -8.030000 20.974001 37.984001 N
1413 183 -7.926000 23.139999 37.514000 C
1414 183 -9.058000 21.309000 37.228001 C
1415 183 -9.032000 22.603001 36.924999 N
1416 184 -5.155000 23.537001 42.154999 N
1417 184 -4.231000 23.351999 43.223999 C
1418 184 -2.781000 23.653999 43.014000 C
1419 184 -1.951000 23.299000 43.827999 O
1420 185 -2.474000 24.329000 41.937000 N
1421 185 -1.087000 24.659000 41.782001 C
1422 185 -0.858000 26.007000 42.416000 C
1423 185 -0.019000 26.152000 43.278000 O
1424 185 -0.744000 24.742001 40.307999 C
1425 185 -0.554000 23.379999 39.720001 C
1426 185 -1.658000 22.625999 39.390999 C
1427 185 0.740000 22.915001 39.472000 C
1428 185 -1.474000 21.358000 38.872002 C
1429 185 0.938000 21.660999 38.896000 C
1430 185 -0.178000 20.899000 38.618999 C
1431 185 0.023000 19.660000 38.133999 O
1432 185 -1.493000 26.965000 42.046001 O
