1293
1 1 44.210 -3.243 9.057 N
2 1 43.780 -1.860 9.127 C
3 1 42.353 -1.919 9.611 C
4 1 41.702 -2.939 9.383 O
5 1 43.889 -1.275 7.714 C
6 1 43.199 0.038 7.508 C
7 1 44.235 1.434 7.952 S
8 1 45.872 0.853 7.485 C
9 2 41.902 -0.889 10.330 N
10 2 40.518 -0.803 10.858 C
11 2 40.124 0.687 10.879 C
12 2 40.960 1.526 10.608 O
13 2 40.414 -1.481 12.287 C
14 2 41.398 -0.916 13.294 C
15 2 41.332 0.272 13.611 O
16 2 42.238 -1.773 13.882 N
17 3 38.898 0.984 11.287 N
18 3 38.372 2.355 11.334 C
19 3 39.257 3.325 12.167 C
20 3 39.496 4.516 11.799 O
21 3 36.848 2.410 11.657 C
22 3 36.293 3.855 11.535 C
23 3 36.563 1.832 13.046 C
24 3 36.471 4.517 10.140 C
25 4 39.677 2.841 13.327 N
26 4 40.538 3.630 14.225 C
27 4 41.873 4.069 13.612 C
28 4 42.227 5.255 13.653 O
29 4 40.752 2.962 15.607 C
30 4 39.486 2.911 16.441 C
31 4 38.632 1.799 16.370 C
32 4 39.171 3.937 17.338 C
33 4 37.469 1.760 17.149 C
34 4 38.026 3.887 18.135 C
35 4 37.169 2.785 18.047 C
36 5 42.614 3.123 13.012 N
37 5 43.882 3.392 12.319 C
38 5 43.642 4.239 11.093 C
39 5 44.399 5.117 10.791 O
40 5 44.584 2.102 11.855 C
41 5 44.868 1.175 13.071 C
42 5 45.488 -0.175 12.713 C
43 5 45.765 -0.513 11.578 O
44 5 45.727 -0.938 13.762 O
45 6 42.541 4.016 10.393 N
46 6 42.230 4.809 9.202 C
47 6 42.033 6.293 9.591 C
48 6 42.612 7.188 8.949 O
49 6 40.899 4.303 8.582 C
50 6 40.501 4.884 7.246 C
51 6 38.712 4.603 6.889 S
52 6 38.606 4.660 5.090 C
53 7 41.165 6.553 10.600 N
54 7 40.869 7.937 11.015 C
55 7 42.123 8.600 11.625 C
56 7 42.379 9.773 11.440 O
57 7 39.642 8.027 11.935 C
58 7 38.353 7.993 11.155 C
59 7 37.171 7.615 12.053 C
60 7 38.144 9.360 10.494 C
61 8 42.919 7.820 12.331 N
62 8 44.169 8.317 12.898 C
63 8 45.119 8.827 11.815 C
64 8 45.789 9.843 11.985 O
65 8 44.832 7.319 13.814 C
66 8 46.256 7.707 14.137 C
67 8 46.361 8.632 15.355 C
68 8 47.699 9.194 15.608 N
69 8 48.473 9.960 14.778 C
70 8 48.167 10.304 13.510 N
71 8 49.653 10.380 15.249 N
72 9 45.115 8.203 10.659 N
73 9 45.942 8.638 9.560 C
74 9 45.368 9.904 8.899 C
75 9 46.066 10.864 8.620 O
76 9 46.088 7.516 8.542 C
77 9 47.090 6.443 8.981 C
78 9 46.448 8.064 7.141 C
79 9 46.874 5.172 8.187 C
80 10 44.052 9.948 8.715 N
81 10 43.394 11.093 8.095 C
82 10 43.374 12.371 8.956 C
83 10 43.429 13.487 8.475 O
84 10 41.943 10.685 7.699 C
85 10 41.938 9.925 6.398 C
86 10 42.864 9.962 5.627 O
87 10 40.916 9.135 6.221 O
88 11 43.263 12.208 10.255 N
89 11 43.123 13.348 11.130 C
90 11 44.384 13.814 11.859 C
91 11 44.451 14.966 12.265 O
92 11 41.982 13.073 12.164 C
93 11 40.616 12.777 11.509 C
94 11 39.884 14.001 11.004 C
95 11 40.434 15.147 11.330 O
96 11 38.881 13.921 10.347 O
97 12 45.317 12.911 12.105 N
98 12 46.519 13.184 12.882 C
99 12 46.191 13.237 14.373 C
100 12 45.086 12.939 14.791 O
101 13 47.158 13.630 15.196 N
102 13 46.929 13.769 16.626 C
103 13 47.640 15.030 17.086 C
104 13 48.791 15.204 16.792 O
105 13 47.535 12.572 17.357 C
106 13 47.683 12.658 18.877 C
107 13 46.325 12.654 19.553 C
108 13 48.419 11.422 19.366 C
109 14 46.959 15.908 17.792 N
110 14 47.528 17.140 18.320 C
111 14 47.025 17.330 19.733 C
112 14 45.814 17.246 19.977 O
113 14 47.269 18.336 17.389 C
114 14 47.866 17.994 16.019 C
115 14 47.938 19.099 14.985 C
116 14 48.725 20.238 15.417 N
117 14 48.593 21.456 14.872 C
118 14 47.710 21.709 13.893 N
119 14 49.377 22.451 15.303 N
120 15 47.963 17.535 20.661 N
121 15 47.627 17.707 22.057 C
122 15 47.331 19.140 22.534 C
123 15 47.074 19.342 23.725 O
124 15 48.692 17.057 22.927 C
125 15 48.877 15.598 22.556 C
126 15 49.986 15.040 23.402 C
127 15 47.587 14.815 22.847 C
128 16 47.360 20.107 21.614 N
129 16 47.112 21.527 21.882 C
130 16 46.022 22.022 20.931 C
131 16 45.998 21.572 19.787 O
132 16 48.441 22.276 21.645 C
133 16 48.400 23.777 21.777 C
134 16 48.480 24.239 23.224 C
135 16 47.098 24.584 23.789 C
136 16 46.806 26.030 23.877 N
137 17 45.087 22.901 21.393 N
138 17 44.013 23.399 20.532 C
139 17 44.613 23.883 19.221 C
140 17 45.621 24.571 19.231 O
141 17 43.230 24.534 21.189 C
142 17 42.560 24.031 22.475 C
143 17 42.202 25.189 20.235 C
144 17 41.578 25.025 23.092 C
145 18 44.011 23.543 18.102 N
146 18 44.532 23.985 16.819 C
147 18 43.352 24.326 15.970 C
148 18 42.227 24.062 16.364 O
149 18 45.475 22.946 16.116 C
150 18 44.761 21.668 15.696 C
151 18 44.533 20.668 16.645 C
152 18 44.312 21.452 14.381 C
153 18 43.868 19.487 16.290 C
154 18 43.639 20.281 13.995 C
155 18 43.421 19.300 14.971 C
156 18 42.812 18.112 14.648 O
157 19 43.584 24.869 14.785 N
158 19 42.494 25.139 13.903 C
159 19 42.447 24.102 12.787 C
160 19 43.497 23.732 12.247 O
161 19 42.596 26.517 13.323 C
162 19 42.293 27.589 14.299 C
163 19 42.043 28.853 13.539 C
164 19 42.026 30.110 14.399 C
165 19 41.955 31.333 13.571 N
166 20 41.235 23.600 12.468 N
167 20 41.110 22.607 11.404 C
168 20 41.216 23.239 9.999 C
169 20 41.478 24.442 9.860 O
170 20 39.896 21.677 11.587 C
171 20 38.540 22.284 11.280 C
172 20 38.518 23.467 10.785 O
173 20 37.532 21.693 11.414 O
174 21 40.993 22.450 8.945 N
175 21 41.102 22.965 7.576 C
176 21 40.100 24.046 7.296 C
177 21 40.333 24.798 6.353 O
178 21 40.912 21.910 6.491 C
179 21 39.544 21.585 6.501 O
180 21 41.710 20.636 6.811 C
181 22 38.985 24.112 8.090 N
182 22 37.917 25.126 7.872 C
183 22 38.113 26.346 8.752 C
184 22 37.335 27.247 8.752 O
185 22 36.542 24.579 8.172 C
186 22 36.150 23.365 7.297 C
187 22 35.925 23.716 5.844 C
188 22 35.696 24.978 5.634 O
189 22 35.970 22.909 4.949 O
190 23 39.134 26.285 9.577 N
191 23 39.466 27.295 10.528 C
192 23 38.789 27.115 11.861 C
193 23 38.793 28.064 12.636 O
194 24 38.174 25.950 12.150 N
195 24 37.517 25.799 13.476 C
196 24 38.413 25.191 14.521 C
197 24 39.238 24.315 14.216 O
198 24 36.245 24.959 13.449 C
199 24 35.244 25.424 12.444 C
200 24 34.816 26.741 12.466 C
201 24 34.719 24.551 11.492 C
202 24 33.882 27.209 11.548 C
203 24 33.788 25.006 10.573 C
204 24 33.370 26.338 10.600 C
205 24 32.462 26.810 9.693 O
206 25 38.194 25.618 15.758 N
207 25 38.930 25.134 16.929 C
208 25 38.686 23.634 17.160 C
209 25 37.533 23.230 17.282 O
210 25 38.571 25.976 18.188 C
211 25 39.217 27.346 18.136 C
212 25 40.599 27.464 17.989 C
213 25 38.447 28.514 18.190 C
214 25 41.209 28.727 17.961 C
215 25 39.032 29.786 18.159 C
216 25 40.422 29.881 18.055 C
217 25 41.018 31.122 18.010 O
218 26 39.786 22.866 17.175 N
219 26 39.822 21.407 17.303 C
220 26 40.938 20.962 18.249 C
221 26 41.887 21.678 18.534 O
222 26 40.051 20.836 15.863 C
223 26 39.069 21.380 15.022 O
224 26 40.104 19.294 15.709 C
225 27 40.852 19.733 18.742 N
226 27 41.892 19.170 19.564 C
227 27 41.958 17.630 19.336 C
228 27 41.040 17.032 18.801 O
229 27 41.767 19.546 21.049 C
230 27 43.157 19.380 21.718 C
231 27 40.681 18.675 21.697 C
232 27 43.330 20.114 23.021 C
233 28 43.053 16.986 19.701 N
234 28 43.231 15.514 19.611 C
235 28 43.216 14.960 18.195 C
236 28 43.935 15.460 17.316 O
237 29 42.386 13.915 18.019 N
238 29 42.183 13.240 16.747 C
239 29 40.923 13.741 16.021 C
240 29 39.895 13.044 15.924 O
241 29 42.186 11.708 16.887 C
242 29 43.517 11.329 17.565 C
243 29 42.152 11.069 15.488 C
244 29 43.450 10.028 18.336 C
245 30 40.992 14.978 15.523 N
246 30 39.837 15.518 14.813 C
247 30 38.619 15.855 15.699 C
248 30 37.498 15.895 15.226 O
249 31 38.784 16.067 17.000 N
250 31 37.608 16.372 17.800 C
251 31 37.205 17.876 17.684 C
252 31 37.879 18.739 18.257 O
253 31 37.887 16.024 19.301 C
254 31 36.647 16.280 20.130 C
255 31 35.595 15.369 20.205 N
256 31 36.272 17.355 20.880 C
257 31 34.630 15.897 20.926 C
258 31 35.008 17.101 21.364 N
259 32 36.159 18.216 16.933 N
260 32 35.732 19.604 16.817 C
261 32 35.294 20.194 18.183 C
262 32 34.557 19.595 18.974 O
263 32 34.628 19.759 15.773 C
264 32 34.067 21.201 15.766 C
265 32 35.099 22.177 15.197 C
266 32 32.777 21.288 14.958 C
267 33 35.790 21.343 18.552 N
268 33 35.365 21.896 19.844 C
269 33 34.189 22.867 19.691 C
270 33 33.188 22.792 20.429 O
271 33 36.480 22.573 20.667 C
272 33 37.563 21.588 21.135 C
273 33 38.812 22.403 21.512 C
274 33 37.064 20.845 22.373 C
275 34 34.365 23.817 18.769 N
276 34 33.374 24.864 18.529 C
277 34 33.600 25.514 17.187 C
278 34 34.735 25.578 16.692 O
279 34 33.413 26.022 19.597 C
280 34 32.433 27.011 19.314 O
281 34 34.762 26.741 19.691 C
282 35 32.522 26.026 16.628 N
283 35 32.646 26.782 15.401 C
284 35 32.792 28.263 15.746 C
285 35 33.070 29.099 14.900 O
286 35 31.516 26.581 14.429 C
287 35 31.374 25.125 14.069 C
288 35 30.491 24.904 12.868 C
289 35 30.329 23.414 12.631 C
290 35 29.380 23.102 11.544 N
291 36 32.644 28.589 17.012 N
292 36 32.806 29.971 17.406 C
293 36 34.257 30.459 17.308 C
294 36 35.213 29.708 17.516 O
295 36 32.143 30.321 18.732 C
296 36 33.030 31.100 19.524 O
297 37 34.413 31.758 16.968 N
298 37 35.720 32.385 16.783 C
299 37 36.501 32.590 18.041 C
300 37 37.688 32.908 18.036 O
301 37 35.422 33.744 16.169 C
302 37 34.076 33.615 15.487 C
303 37 33.370 32.473 16.174 C
304 38 35.850 32.396 19.138 N
305 38 36.514 32.651 20.380 C
306 38 37.382 31.521 20.931 C
307 38 36.890 30.440 21.239 O
308 38 35.458 33.137 21.390 C
309 38 36.058 33.211 22.689 O
310 39 38.660 31.821 21.147 N
311 39 39.575 30.864 21.738 C
312 39 39.120 30.548 23.161 C
313 39 39.391 29.486 23.720 O
314 39 41.079 31.293 21.691 C
315 39 42.000 30.259 22.365 C
316 39 42.037 28.968 21.574 C
317 39 43.409 30.771 22.545 C
318 40 38.432 31.493 23.775 N
319 40 37.945 31.271 25.125 C
320 40 36.703 30.402 25.097 C
321 40 36.496 29.562 25.949 O
322 40 37.690 32.562 25.930 C
323 40 38.971 33.187 26.454 C
324 40 39.699 32.624 27.318 O
325 40 39.268 34.355 25.896 N
326 41 35.867 30.584 24.108 N
327 41 34.744 29.696 24.044 C
328 41 35.268 28.244 23.838 C
329 41 34.666 27.324 24.376 O
330 41 33.756 30.097 22.966 C
331 42 36.413 28.051 23.096 N
332 42 37.068 26.739 22.824 C
333 42 37.630 26.088 24.072 C
334 42 37.465 24.870 24.311 O
335 42 38.202 26.848 21.792 C
336 43 38.316 26.886 24.880 N
337 43 38.898 26.379 26.124 C
338 43 37.800 25.935 27.085 C
339 43 37.897 24.942 27.795 O
340 43 39.788 27.398 26.803 C
341 43 41.166 27.541 26.180 C
342 43 41.866 28.843 26.589 C
343 43 43.382 28.790 26.429 C
344 43 44.100 29.329 27.595 N
345 44 36.724 26.663 27.056 N
346 44 35.608 26.338 27.885 C
347 44 34.936 25.007 27.459 C
348 44 34.630 24.162 28.294 O
349 44 34.667 27.553 27.987 C
350 44 33.367 27.208 28.394 O
351 45 34.743 24.796 26.160 N
352 45 34.167 23.549 25.659 C
353 45 35.130 22.409 25.972 C
354 45 34.729 21.319 26.368 O
355 45 33.976 23.589 24.145 C
356 45 32.762 24.430 23.733 C
357 45 31.476 23.840 24.248 C
358 45 31.135 22.689 24.043 O
359 45 30.705 24.706 24.851 O
360 46 36.432 22.672 25.825 N
361 46 37.427 21.648 26.114 C
362 46 37.386 21.173 27.563 C
363 46 37.443 19.974 27.878 O
364 46 38.856 22.136 25.775 C
365 46 39.934 21.077 25.986 C
366 46 39.693 19.899 25.032 C
367 46 41.281 21.713 25.673 C
368 47 37.332 22.127 28.493 N
369 47 37.308 21.788 29.922 C
370 47 36.074 20.955 30.263 C
371 47 36.137 20.029 31.081 O
372 47 37.320 23.091 30.738 C
373 47 38.682 23.763 30.778 C
374 47 39.750 23.237 30.466 O
375 47 38.595 24.975 31.219 O
376 48 34.966 21.345 29.630 N
377 48 33.686 20.669 29.770 C
378 48 33.762 19.206 29.243 C
379 48 33.249 18.263 29.852 O
380 48 32.627 21.431 28.973 C
381 48 31.271 20.774 29.050 C
382 48 30.095 21.661 28.718 C
383 48 30.271 22.406 27.431 C
384 48 29.670 21.692 26.350 N
385 49 34.436 19.043 28.091 N
386 49 34.603 17.733 27.453 C
387 49 35.478 16.776 28.279 C
388 49 35.190 15.598 28.383 O
389 49 35.080 17.898 26.007 C
390 50 36.534 17.293 28.896 N
391 50 37.495 16.531 29.696 C
392 50 37.176 16.414 31.189 C
393 50 37.562 15.445 31.869 O
394 50 38.918 17.134 29.514 C
395 50 39.296 17.133 28.035 C
396 50 39.964 16.407 30.388 C
397 50 39.188 15.751 27.389 C
398 51 36.450 17.371 31.725 N
399 51 36.098 17.284 33.128 C
400 51 37.198 17.814 34.051 C
401 51 37.297 17.412 35.206 O
402 52 38.020 18.732 33.541 N
403 52 39.104 19.355 34.318 C
404 52 39.549 20.639 33.653 C
405 52 39.165 20.891 32.522 O
406 52 40.306 18.456 34.593 C
407 52 41.157 18.190 33.350 C
408 52 42.347 17.347 33.672 C
409 52 43.189 17.036 32.534 N
410 52 44.083 17.876 32.059 C
411 52 44.200 19.095 32.550 N
412 52 44.849 17.519 31.051 N
413 53 40.333 21.446 34.375 N
414 53 40.838 22.711 33.861 C
415 53 42.032 22.436 33.019 C
416 53 43.106 22.169 33.519 O
417 53 41.279 23.612 35.013 C
418 53 40.484 24.869 34.885 C
419 53 39.303 24.846 35.247 O
420 53 41.056 25.886 34.206 N
421 54 41.864 22.449 31.729 N
422 54 42.978 22.035 30.935 C
423 54 43.905 23.118 30.474 C
424 54 44.992 22.813 29.988 O
425 54 42.485 21.330 29.665 C
426 54 41.824 22.285 28.819 O
427 54 41.562 20.175 30.046 C
428 55 43.442 24.348 30.473 N
429 55 44.262 25.387 29.903 C
430 55 44.694 25.061 28.455 C
431 55 45.814 25.365 28.076 O
432 55 45.463 25.814 30.797 C
433 55 45.871 27.287 30.585 C
434 55 45.083 28.136 30.104 O
435 55 47.116 27.598 30.928 N
436 56 43.828 24.416 27.650 N
437 56 44.099 24.134 26.241 C
438 56 45.053 22.984 25.974 C
439 56 45.393 22.682 24.836 O
440 57 45.456 22.276 26.994 N
441 57 46.324 21.157 26.691 C
442 57 45.841 19.833 27.304 C
443 57 45.468 19.773 28.470 O
444 57 47.733 21.483 27.158 C
445 57 48.632 20.266 27.059 C
446 57 48.276 22.605 26.292 C
447 58 45.873 18.745 26.512 N
448 58 45.441 17.413 26.991 C
449 58 46.548 16.359 26.801 C
450 58 47.485 16.549 26.014 O
451 58 44.110 16.923 26.332 C
452 58 44.235 16.690 24.807 C
453 58 42.972 17.898 26.618 C
454 58 42.966 16.067 24.167 C
455 59 46.423 15.224 27.504 N
456 59 47.380 14.133 27.385 C
457 59 46.879 13.200 26.281 C
458 59 45.716 13.326 25.888 O
459 59 47.385 13.317 28.701 C
460 59 46.123 12.686 28.888 O
461 59 47.673 14.199 29.877 C
462 60 47.737 12.241 25.857 N
463 60 47.438 11.239 24.827 C
464 60 46.234 10.366 25.194 C
465 60 45.346 10.116 24.361 O
466 60 48.656 10.395 24.427 C
467 60 48.370 9.370 23.320 C
468 60 49.579 9.053 22.470 C
469 60 49.284 8.032 21.371 C
470 60 49.975 8.322 20.089 N
471 61 46.179 9.937 26.468 N
472 61 45.047 9.166 26.954 C
473 61 43.733 9.929 26.786 C
474 61 42.718 9.332 26.424 O
475 61 45.169 8.849 28.448 C
476 61 46.206 7.817 28.712 C
477 61 46.770 7.363 27.610 O
478 61 46.508 7.466 29.835 O
479 62 43.750 11.237 27.137 N
480 62 42.554 12.060 27.027 C
481 62 42.090 12.167 25.581 C
482 62 40.900 12.039 25.310 O
483 62 42.774 13.409 27.671 C
484 62 42.771 13.275 29.207 C
485 62 43.282 14.549 29.842 C
486 62 43.925 15.400 29.261 O
487 62 42.924 14.678 31.061 O
488 63 43.067 12.335 24.645 N
489 63 42.821 12.382 23.208 C
490 63 42.163 11.100 22.722 C
491 63 41.244 11.149 21.885 O
492 63 44.109 12.627 22.403 C
493 64 42.692 9.956 23.194 N
494 64 42.156 8.666 22.788 C
495 64 40.770 8.408 23.301 C
496 64 39.954 7.758 22.652 O
497 64 43.118 7.542 23.112 C
498 64 44.212 7.568 22.045 C
499 64 45.393 6.757 22.445 C
500 64 45.460 6.153 23.525 O
501 64 46.326 6.798 21.522 O
502 65 40.527 8.905 24.499 N
503 65 39.219 8.798 25.077 C
504 65 38.155 9.540 24.256 C
505 65 37.126 8.982 23.898 O
506 65 39.228 9.328 26.461 C
507 65 37.862 9.101 27.059 C
508 65 37.853 8.972 28.577 C
509 65 36.592 8.276 29.046 C
510 65 36.401 8.412 30.489 N
511 66 38.436 10.795 23.876 N
512 66 37.538 11.577 23.044 C
513 66 37.308 10.843 21.717 C
514 66 36.187 10.769 21.189 O
515 66 38.093 13.019 22.738 C
516 66 38.202 13.985 23.939 C
517 66 38.791 15.362 23.509 C
518 66 36.833 14.216 24.548 C
519 67 38.400 10.269 21.202 N
520 67 38.350 9.580 19.926 C
521 67 37.424 8.359 19.975 C
522 67 36.600 8.154 19.070 O
523 67 39.797 9.165 19.564 C
524 67 39.968 8.575 18.175 C
525 67 39.232 9.043 17.089 C
526 67 40.912 7.565 17.945 C
527 67 39.414 8.527 15.804 C
528 67 41.169 7.083 16.661 C
529 67 40.379 7.532 15.602 C
530 68 37.551 7.536 21.037 N
531 68 36.675 6.365 21.201 C
532 68 35.201 6.834 21.265 C
533 68 34.293 6.250 20.658 O
534 68 37.022 5.662 22.542 C
535 68 38.207 4.730 22.378 C
536 68 38.328 4.152 21.308 O
537 68 39.082 4.607 23.402 N
538 69 34.929 7.917 21.997 N
539 69 33.543 8.448 22.057 C
540 69 33.049 8.899 20.710 C
541 69 31.907 8.672 20.349 O
542 69 33.400 9.650 22.996 C
543 69 33.708 9.197 24.438 C
544 69 33.900 10.312 25.461 C
545 69 34.027 10.009 26.629 O
546 69 33.924 11.586 25.052 N
547 70 33.916 9.562 19.963 N
548 70 33.521 10.083 18.658 C
549 70 33.212 9.017 17.608 C
550 70 32.299 9.168 16.790 O
551 70 34.536 11.137 18.119 C
552 70 34.553 12.422 18.908 C
553 70 33.676 12.749 19.687 O
554 70 35.639 13.123 18.725 O
555 71 34.020 7.940 17.567 N
556 71 33.785 6.873 16.609 C
557 71 32.455 6.187 17.010 C
558 71 31.569 5.968 16.193 O
559 71 34.965 5.867 16.537 C
560 71 34.590 4.699 15.602 C
561 71 36.240 6.523 15.987 C
562 72 32.302 5.906 18.313 N
563 72 31.045 5.299 18.797 C
564 72 29.809 6.136 18.369 C
565 72 28.835 5.646 17.796 O
566 72 31.147 5.036 20.314 C
567 72 30.053 4.151 20.899 C
568 72 29.888 3.016 20.296 O
569 72 29.393 4.464 21.850 O
570 73 29.857 7.434 18.602 N
571 73 28.766 8.327 18.225 C
572 73 28.509 8.311 16.719 C
573 73 27.353 8.388 16.309 O
574 73 29.102 9.755 18.620 C
575 74 29.586 8.239 15.890 N
576 74 29.438 8.214 14.414 C
577 74 28.616 6.962 13.980 C
578 74 27.610 7.063 13.293 O
579 74 30.794 8.239 13.741 C
580 75 29.063 5.772 14.432 N
581 75 28.353 4.515 14.145 C
582 75 26.855 4.592 14.548 C
583 75 25.984 4.339 13.718 O
584 75 29.046 3.275 14.753 C
585 75 28.241 1.974 14.428 C
586 75 30.456 3.157 14.180 C
587 76 26.592 4.946 15.823 N
588 76 25.254 5.095 16.382 C
589 76 24.412 6.137 15.600 C
590 76 23.217 5.955 15.317 O
591 76 25.287 5.285 17.900 C
592 76 25.434 3.967 18.721 C
593 76 25.432 4.163 20.269 C
594 76 26.519 5.029 20.793 N
595 76 26.484 6.385 20.995 C
596 76 25.405 7.134 20.765 N
597 76 27.578 7.029 21.439 N
598 77 25.028 7.224 15.140 N
599 77 24.276 8.175 14.317 C
600 77 23.851 7.546 12.981 C
601 77 22.757 7.736 12.478 O
602 78 24.764 6.803 12.354 N
603 78 24.461 6.101 11.106 C
604 78 23.273 5.130 11.335 C
605 78 22.351 5.036 10.541 O
606 78 25.695 5.233 10.643 C
607 78 26.729 6.151 9.962 C
608 78 25.265 4.139 9.663 C
609 78 28.095 5.477 9.854 C
610 79 23.331 4.357 12.419 N
611 79 22.318 3.330 12.658 C
612 79 20.973 3.910 12.952 C
613 79 20.008 3.240 12.680 O
614 79 22.689 2.214 13.670 C
615 79 23.977 1.465 13.343 C
616 79 24.400 0.630 14.546 C
617 79 23.827 0.591 12.090 C
618 80 20.926 5.149 13.474 N
619 80 19.673 5.819 13.806 C
620 80 19.145 6.633 12.656 C
621 80 18.077 7.234 12.734 O
622 80 19.897 6.873 14.875 C
623 80 19.943 6.382 16.295 C
624 80 19.760 7.579 17.247 C
625 80 21.029 8.083 17.761 N
626 80 21.708 9.157 17.325 C
627 80 21.306 9.997 16.338 N
628 80 22.862 9.389 17.929 N
629 81 19.924 6.760 11.625 N
630 81 19.505 7.602 10.551 C
631 81 18.766 6.827 9.452 C
632 81 19.241 5.802 8.947 O
633 81 20.713 8.420 10.082 C
634 81 20.312 9.364 9.007 C
635 81 19.864 8.932 7.961 O
636 81 20.420 10.649 9.267 N
637 82 17.549 7.256 9.108 N
638 82 16.761 6.520 8.120 C
639 82 17.376 6.459 6.744 C
640 82 17.123 5.519 6.014 O
641 82 15.338 7.039 8.017 C
642 83 18.194 7.447 6.402 N
643 83 18.850 7.468 5.098 C
644 83 20.179 6.703 5.063 C
645 83 20.610 6.186 4.029 O
646 83 19.175 8.878 4.653 C
647 83 18.010 9.663 4.114 C
648 83 17.429 10.570 5.184 C
649 83 16.478 11.630 4.620 C
650 83 17.059 12.361 3.473 N
651 84 20.855 6.687 6.189 N
652 84 22.159 6.061 6.259 C
653 84 22.107 4.578 6.567 C
654 84 22.889 3.801 6.043 O
655 84 23.093 6.804 7.254 C
656 84 23.306 8.250 6.847 C
657 84 24.173 8.994 7.868 C
658 84 23.828 8.325 5.403 C
659 85 21.264 4.217 7.504 N
660 85 21.174 2.855 7.918 C
661 85 21.079 1.836 6.773 C
662 85 21.819 0.866 6.730 O
663 85 20.134 2.661 9.014 C
664 85 20.158 1.233 9.547 C
665 85 19.320 1.029 10.778 C
666 85 19.404 -0.413 11.224 C
667 85 18.896 -1.319 10.193 N
668 86 20.163 2.005 5.848 N
669 86 20.037 1.056 4.748 C
670 86 21.301 0.954 3.897 C
671 86 21.678 -0.123 3.417 O
672 86 18.868 1.505 3.886 C
673 86 18.276 2.708 4.602 C
674 86 19.125 3.027 5.828 C
675 87 22.007 2.070 3.777 N
676 87 23.272 2.041 3.039 C
677 87 24.331 1.211 3.765 C
678 87 24.968 0.321 3.234 O
679 87 23.795 3.457 2.761 C
680 87 25.041 3.379 1.831 C
681 87 22.643 4.258 2.126 C
682 88 24.508 1.515 5.028 N
683 88 25.449 0.831 5.865 C
684 88 25.191 -0.693 5.905 C
685 88 26.110 -1.504 5.748 O
686 88 25.382 1.476 7.257 C
687 88 26.462 0.986 8.219 C
688 88 26.259 -0.126 9.041 C
689 88 27.663 1.672 8.337 C
690 88 27.235 -0.558 9.939 C
691 88 28.629 1.276 9.267 C
692 88 28.435 0.152 10.064 C
693 88 29.427 -0.264 10.920 O
694 89 23.922 -1.095 6.081 N
695 89 23.539 -2.521 6.150 C
696 89 23.861 -3.236 4.869 C
697 89 24.195 -4.415 4.881 O
698 89 22.038 -2.707 6.452 C
699 89 21.637 -2.444 7.884 C
700 89 22.616 -2.381 8.734 O
701 89 20.504 -2.279 8.197 O
702 90 23.768 -2.525 3.752 N
703 90 24.085 -3.151 2.468 C
704 90 25.559 -3.397 2.139 C
705 90 25.886 -4.115 1.164 O
706 90 23.434 -2.405 1.296 C
707 90 24.177 -1.229 0.975 O
708 91 26.490 -2.696 2.847 N
709 91 27.923 -2.723 2.509 C
710 91 28.729 -3.796 3.218 C
711 91 28.349 -4.216 4.318 O
712 91 28.558 -1.325 2.906 C
713 91 28.019 -0.083 2.146 C
714 91 28.567 1.213 2.787 C
715 91 28.491 -0.132 0.694 C
716 92 29.888 -4.150 2.625 N
717 92 30.874 -5.052 3.216 C
718 92 31.669 -4.299 4.296 C
719 92 31.492 -3.095 4.453 O
720 92 31.850 -5.525 2.163 C
721 92 32.551 -4.371 1.500 C
722 92 31.873 -3.882 0.486 O
723 92 33.617 -3.927 1.898 O
724 93 32.492 -4.985 5.078 N
725 93 33.205 -4.364 6.188 C
726 93 34.126 -3.165 5.863 C
727 93 34.169 -2.176 6.571 O
728 93 33.823 -5.375 7.155 C
729 94 34.885 -3.263 4.797 N
730 94 35.774 -2.196 4.426 C
731 94 35.012 -0.929 4.044 C
732 94 35.331 0.163 4.525 O
733 94 36.731 -2.686 3.314 C
734 94 37.711 -1.555 2.844 C
735 94 37.508 -3.840 3.942 C
736 95 34.075 -1.077 3.103 N
737 95 33.266 0.059 2.650 C
738 95 32.485 0.647 3.802 C
739 95 32.258 1.843 3.847 O
740 95 32.383 -0.283 1.462 C
741 95 33.164 -0.705 0.234 C
742 95 32.230 -0.883 -0.942 C
743 95 32.906 -1.060 -2.213 N
744 95 33.336 -2.232 -2.729 C
745 95 33.197 -3.412 -2.061 N
746 95 33.929 -2.205 -3.942 N
747 96 32.072 -0.159 4.783 N
748 96 31.399 0.393 5.991 C
749 96 32.336 1.425 6.697 C
750 96 31.873 2.478 7.140 O
751 96 30.957 -0.663 7.035 C
752 96 29.670 -1.356 6.616 C
753 96 29.257 -2.482 7.589 C
754 96 28.052 -3.175 7.089 N
755 96 27.544 -4.300 7.562 C
756 96 28.111 -4.910 8.572 N
757 96 26.449 -4.836 6.972 N
758 97 33.656 1.103 6.769 N
759 97 34.616 1.987 7.395 C
760 97 34.690 3.338 6.636 C
761 97 34.842 4.424 7.238 O
762 97 35.981 1.280 7.409 C
763 98 34.563 3.257 5.294 N
764 98 34.578 4.465 4.470 C
765 98 33.394 5.387 4.806 C
766 98 33.507 6.628 4.861 O
767 98 34.546 4.127 2.954 C
768 99 32.238 4.788 5.003 N
769 99 31.074 5.577 5.315 C
770 99 31.196 6.169 6.692 C
771 99 30.793 7.334 6.918 O
772 99 29.725 4.778 5.144 C
773 99 28.442 5.582 5.310 C
774 99 28.245 6.436 4.064 C
775 99 27.253 4.611 5.399 C
776 100 31.784 5.415 7.599 N
777 100 31.956 5.934 8.970 C
778 100 32.910 7.168 8.945 C
779 100 32.692 8.220 9.602 O
780 100 32.503 4.879 9.961 C
781 100 31.500 3.731 10.227 C
782 100 32.914 5.536 11.278 C
783 100 32.127 2.519 10.987 C
784 101 33.951 7.072 8.117 N
785 101 34.929 8.151 7.983 C
786 101 34.244 9.431 7.496 C
787 101 34.492 10.495 8.028 O
788 101 36.046 7.702 7.005 C
789 101 37.251 8.612 6.954 C
790 101 37.134 9.837 6.722 O
791 101 38.410 8.010 6.996 N
792 102 33.389 9.342 6.488 N
793 102 32.693 10.552 6.009 C
794 102 31.809 11.175 7.110 C
795 102 31.724 12.401 7.275 O
796 102 31.766 10.267 4.785 C
797 102 32.533 9.960 3.513 C
798 102 31.419 9.667 2.118 S
799 102 30.823 11.348 1.829 C
800 103 31.114 10.319 7.873 N
801 103 30.218 10.816 8.926 C
802 103 30.999 11.533 10.026 C
803 103 30.614 12.581 10.498 O
804 103 29.274 9.710 9.455 C
805 103 28.544 10.150 10.733 C
806 103 28.218 9.319 8.407 C
807 104 32.139 10.980 10.413 N
808 104 32.983 11.563 11.449 C
809 104 33.467 12.979 11.058 C
810 104 33.564 13.870 11.855 O
811 104 34.187 10.599 11.641 C
812 104 35.205 11.049 12.688 C
813 104 36.233 11.956 12.374 C
814 104 35.176 10.474 13.966 C
815 104 37.158 12.316 13.363 C
816 104 36.115 10.799 14.945 C
817 104 37.092 11.760 14.644 C
818 105 33.790 13.182 9.798 N
819 105 34.325 14.411 9.249 C
820 105 33.260 15.451 9.051 C
821 105 33.469 16.617 9.348 O
822 105 34.992 14.167 7.835 C
823 105 35.745 15.417 7.270 C
824 105 36.344 15.305 5.869 C
825 105 36.290 14.255 5.242 O
826 105 36.921 16.400 5.349 N
827 106 32.166 15.023 8.430 N
828 106 31.103 15.900 8.016 C
829 106 29.764 15.903 8.727 C
830 106 28.936 16.754 8.482 O
831 106 31.095 16.104 6.482 C
832 106 30.456 15.116 5.566 C
833 106 31.093 15.480 3.908 S
834 106 32.236 14.131 3.672 C
835 107 29.567 14.981 9.629 N
836 107 28.343 14.850 10.325 C
837 107 27.296 14.084 9.489 C
838 107 27.321 14.035 8.273 O
839 108 26.369 13.494 10.198 N
840 108 25.303 12.683 9.660 C
841 108 24.409 13.436 8.685 C
842 108 24.034 12.946 7.611 O
843 108 24.591 12.048 10.866 C
844 108 23.297 11.313 10.573 C
845 108 22.441 11.310 11.809 C
846 108 23.160 11.489 12.884 O
847 108 21.221 11.157 11.806 O
848 109 24.109 14.681 9.036 N
849 109 23.293 15.496 8.184 C
850 109 23.908 15.767 6.836 C
851 109 23.234 15.688 5.801 O
852 109 22.888 16.826 8.835 C
853 109 22.256 16.555 10.073 O
854 109 21.900 17.500 7.883 C
855 110 25.196 16.098 6.861 N
856 110 25.914 16.386 5.636 C
857 110 25.961 15.197 4.706 C
858 110 25.657 15.313 3.522 O
859 111 26.364 14.030 5.263 N
860 111 26.451 12.818 4.470 C
861 111 25.078 12.392 3.902 C
862 111 24.981 12.028 2.727 O
863 111 27.199 11.708 5.192 C
864 111 27.293 10.466 4.260 C
865 111 28.595 12.212 5.537 C
866 112 24.014 12.477 4.744 N
867 112 22.682 12.117 4.289 C
868 112 22.277 12.988 3.096 C
869 112 21.368 12.632 2.347 O
870 112 21.667 12.114 5.430 C
871 113 22.992 14.117 2.898 N
872 113 22.718 14.987 1.779 C
873 113 23.288 14.494 0.435 C
874 113 22.949 15.009 -0.649 O
875 114 24.163 13.485 0.475 N
876 114 24.732 12.945 -0.760 C
877 114 23.762 11.890 -1.390 C
878 114 24.134 10.764 -1.729 O
879 114 26.107 12.300 -0.480 C
880 114 27.301 13.243 -0.261 C
881 114 27.326 14.162 0.780 C
882 114 28.402 13.217 -1.121 C
883 114 28.413 15.028 0.947 C
884 114 29.489 14.077 -0.983 C
885 114 29.493 14.992 0.076 C
886 115 22.512 12.279 -1.583 N
887 115 21.457 11.419 -2.077 C
888 115 21.776 10.489 -3.199 C
889 115 21.547 9.298 -3.090 O
890 115 20.185 12.216 -2.446 C
891 115 19.877 13.082 -1.391 O
892 115 19.049 11.219 -2.656 C
893 116 22.219 11.063 -4.300 N
894 116 22.593 10.296 -5.495 C
895 116 23.719 9.260 -5.290 C
896 116 23.638 8.130 -5.811 O
897 116 22.862 11.228 -6.728 C
898 116 21.665 12.185 -6.951 C
899 116 20.513 11.816 -6.708 O
900 116 21.898 13.426 -7.353 N
901 117 24.782 9.656 -4.547 N
902 117 25.917 8.778 -4.295 C
903 117 25.482 7.609 -3.414 C
904 117 25.977 6.537 -3.589 O
905 117 27.056 9.484 -3.555 C
906 117 27.426 10.686 -4.196 O
907 118 24.630 7.873 -2.415 N
908 118 24.128 6.858 -1.471 C
909 118 23.336 5.801 -2.210 C
910 118 23.460 4.618 -1.951 O
911 118 23.301 7.413 -0.270 C
912 118 24.063 8.331 0.727 C
913 118 23.075 9.092 1.616 C
914 118 25.065 7.579 1.594 C
915 119 22.550 6.249 -3.153 N
916 119 21.754 5.362 -4.001 C
917 119 22.640 4.470 -4.851 C
918 119 22.412 3.257 -4.981 O
919 119 20.867 6.168 -4.944 C
920 119 19.974 5.265 -5.781 C
921 119 19.018 6.073 -6.666 C
922 119 19.537 6.267 -8.023 N
923 119 20.126 7.392 -8.452 C
924 119 20.285 8.470 -7.670 N
925 119 20.568 7.432 -9.707 N
926 120 23.687 5.076 -5.427 N
927 120 24.649 4.312 -6.233 C
928 120 25.420 3.290 -5.389 C
929 120 25.698 2.160 -5.828 O
930 120 25.605 5.178 -7.073 C
931 120 24.938 5.851 -8.255 C
932 120 26.038 7.181 -8.776 S
933 120 24.947 8.581 -9.119 C
934 121 25.803 3.680 -4.160 N
935 121 26.534 2.756 -3.324 C
936 121 25.616 1.515 -3.036 C
937 121 26.018 0.371 -3.096 O
938 121 26.992 3.427 -2.001 C
939 121 28.115 4.488 -2.139 C
940 121 28.191 5.283 -0.816 C
941 121 29.467 3.840 -2.456 C
942 122 24.369 1.776 -2.641 N
943 122 23.427 0.729 -2.303 C
944 122 23.283 -0.274 -3.437 C
945 122 23.209 -1.494 -3.225 O
946 122 22.083 1.372 -1.907 C
947 122 21.098 0.359 -1.340 C
948 122 20.095 1.016 -0.427 C
949 122 20.091 2.251 -0.271 O
950 122 19.254 0.185 0.197 N
951 123 23.256 0.264 -4.664 N
952 123 23.154 -0.542 -5.863 C
953 123 24.464 -1.185 -6.236 C
954 123 24.458 -1.901 -7.211 O
955 123 22.680 0.256 -7.072 C
956 123 21.309 0.876 -6.834 C
957 123 20.828 1.605 -8.077 C
958 123 20.040 1.050 -8.848 O
959 123 21.320 2.829 -8.302 N
960 124 25.575 -0.890 -5.513 N
961 124 26.868 -1.467 -5.818 C
962 124 27.415 -1.084 -7.153 C
963 124 28.162 -1.876 -7.773 O
964 124 26.964 -2.993 -5.603 C
965 124 26.451 -3.400 -4.210 C
966 124 26.847 -4.792 -3.710 C
967 124 26.255 -5.045 -2.330 C
968 124 26.995 -4.438 -1.230 N
969 125 27.141 0.175 -7.549 N
970 125 27.688 0.753 -8.792 C
971 125 28.911 1.603 -8.381 C
972 125 28.849 2.835 -8.270 O
973 125 26.618 1.602 -9.508 C
974 125 25.449 0.794 -10.112 C
975 125 24.312 1.718 -10.545 C
976 125 23.476 1.297 -11.690 N
977 125 22.635 0.232 -11.727 C
978 125 22.496 -0.633 -10.718 N
979 125 21.920 0.001 -12.831 N
980 126 30.011 0.903 -8.101 N
981 126 31.265 1.449 -7.536 C
982 126 31.933 2.576 -8.287 C
983 126 32.248 3.617 -7.680 O
984 126 32.265 0.362 -7.099 C
985 126 31.637 -0.806 -6.347 C
986 126 31.777 -2.119 -6.681 C
987 126 30.847 -0.765 -5.133 C
988 126 31.144 -2.894 -5.766 N
989 126 30.583 -2.113 -4.785 C
990 126 30.353 0.249 -4.306 C
991 126 29.907 -2.457 -3.593 C
992 126 29.637 -0.095 -3.175 C
993 126 29.400 -1.444 -2.823 C
994 127 32.164 2.351 -9.574 N
995 127 32.777 3.382 -10.386 C
996 127 31.902 4.610 -10.488 C
997 127 32.355 5.759 -10.373 O
998 127 33.220 2.865 -11.776 C
999 127 34.386 1.872 -11.673 C
1000 127 34.764 1.370 -10.657 O
1001 127 34.922 1.552 -12.796 O
1002 128 30.603 4.379 -10.679 N
1003 128 29.662 5.490 -10.800 C
1004 128 29.574 6.311 -9.539 C
1005 128 29.467 7.544 -9.548 O
1006 128 28.282 5.004 -11.278 C
1007 128 28.512 4.190 -12.562 C
1008 128 27.343 3.417 -13.109 C
1009 128 26.187 4.034 -12.971 O
1010 128 27.491 2.352 -13.698 O
1011 129 29.575 5.601 -8.436 N
1012 129 29.509 6.282 -7.162 C
1013 129 30.770 7.161 -6.918 C
1014 129 30.676 8.243 -6.360 O
1015 129 29.441 5.222 -6.081 C
1016 130 31.952 6.649 -7.297 N
1017 130 33.222 7.342 -7.100 C
1018 130 33.228 8.657 -7.874 C
1019 130 33.665 9.685 -7.350 O
1020 130 34.395 6.450 -7.514 C
1021 131 32.735 8.617 -9.129 N
1022 131 32.630 9.826 -9.947 C
1023 131 31.669 10.837 -9.291 C
1024 131 32.014 11.988 -9.095 O
1025 131 32.233 9.580 -11.411 C
1026 131 31.919 10.907 -12.114 C
1027 131 33.353 8.873 -12.142 C
1028 132 30.453 10.421 -8.920 N
1029 132 29.483 11.349 -8.307 C
1030 132 29.996 11.945 -6.953 C
1031 132 29.818 13.112 -6.633 O
1032 132 28.059 10.670 -8.180 C
1033 132 26.977 11.571 -7.575 C
1034 132 26.813 11.685 -6.342 O
1035 132 26.314 12.316 -8.439 N
1036 133 30.683 11.131 -6.161 N
1037 133 31.238 11.597 -4.852 C
1038 133 32.248 12.743 -5.064 C
1039 133 32.434 13.593 -4.214 O
1040 133 31.991 10.443 -4.069 C
1041 133 31.078 9.447 -3.317 C
1042 133 31.888 8.191 -2.921 C
1043 133 30.467 10.142 -2.104 C
1044 134 32.964 12.690 -6.185 N
1045 134 34.010 13.692 -6.506 C
1046 134 33.484 15.072 -6.884 C
1047 134 34.218 16.056 -6.852 O
1048 134 35.070 13.150 -7.473 C
1049 134 34.538 13.076 -8.792 O
1050 135 32.203 15.143 -7.258 N
1051 135 31.563 16.424 -7.602 C
1052 135 30.940 17.030 -6.363 C
1053 135 29.720 17.054 -6.201 O
1054 135 30.414 16.141 -8.542 C
1055 135 30.981 15.524 -9.790 C
1056 135 29.838 15.211 -10.731 C
1057 135 30.325 14.876 -12.123 C
1058 135 29.365 14.008 -12.834 N
1059 136 31.777 17.474 -5.455 N
1060 136 31.316 17.992 -4.184 C
1061 136 32.325 19.008 -3.655 C
1062 136 33.520 18.972 -3.962 O
1063 136 31.230 16.799 -3.166 C
1064 136 32.531 16.156 -3.075 O
1065 137 31.834 19.854 -2.804 N
1066 137 32.689 20.774 -2.129 C
1067 137 33.792 19.990 -1.366 C
1068 137 34.981 20.352 -1.347 O
1069 137 31.849 21.645 -1.136 C
1070 137 32.805 22.587 -0.354 C
1071 137 32.143 23.459 0.692 C
1072 137 33.050 24.499 1.206 N
1073 137 33.855 24.378 2.274 C
1074 137 33.880 23.271 3.006 N
1075 137 34.630 25.410 2.658 N
1076 138 33.373 18.870 -0.711 N
1077 138 34.222 17.986 0.094 C
1078 138 35.503 17.597 -0.637 C
1079 138 36.607 17.762 -0.130 O
1080 138 33.403 16.700 0.427 C
1081 138 34.225 15.595 1.033 C
1082 138 34.918 15.635 2.224 C
1083 138 34.267 14.232 0.579 C
1084 138 35.461 14.385 2.503 N
1085 138 35.046 13.495 1.508 C
1086 138 33.703 13.600 -0.513 C
1087 138 35.303 12.115 1.351 C
1088 138 33.946 12.234 -0.661 C
1089 138 34.731 11.502 0.262 C
1090 139 35.338 17.131 -1.898 N
1091 139 36.434 16.700 -2.709 C
1092 139 37.321 17.877 -3.079 C
1093 139 38.545 17.771 -3.111 O
1094 139 35.872 16.080 -3.991 C
1095 139 36.922 15.542 -4.928 C
1096 139 37.448 14.268 -4.712 C
1097 139 37.359 16.297 -6.029 C
1098 139 38.403 13.716 -5.564 C
1099 139 38.320 15.760 -6.880 C
1100 139 38.826 14.472 -6.649 C
1101 139 39.761 13.944 -7.476 O
1102 140 36.692 19.005 -3.406 N
1103 140 37.479 20.203 -3.814 C
1104 140 38.275 20.857 -2.665 C
1105 140 39.396 21.352 -2.857 O
1106 140 36.559 21.210 -4.533 C
1107 140 36.240 20.743 -5.925 C
1108 140 35.119 20.278 -6.246 O
1109 140 37.262 20.783 -6.750 N
1110 141 37.745 20.803 -1.457 N
1111 141 38.396 21.400 -0.309 C
1112 141 39.470 20.484 0.294 C
1113 141 40.515 20.958 0.755 O
1114 141 37.382 21.766 0.812 C
1115 141 36.410 22.901 0.442 C
1116 141 37.044 24.157 -0.153 C
1117 141 36.756 24.609 -1.291 O
1118 141 37.938 24.726 0.614 N
1119 142 39.201 19.165 0.403 N
1120 142 40.181 18.216 0.993 C
1121 142 40.381 17.093 0.018 C
1122 142 40.034 15.960 0.296 O
1123 142 39.698 17.643 2.343 C
1124 142 38.334 17.220 2.256 O
1125 142 39.772 18.721 3.404 C
1126 143 40.999 17.403 -1.105 N
1127 143 41.192 16.403 -2.176 C
1128 143 42.017 15.116 -1.827 C
1129 143 41.657 14.026 -2.280 O
1130 143 41.811 17.139 -3.377 C
1131 143 42.378 18.429 -2.777 C
1132 143 41.737 18.667 -1.415 C
1133 144 43.109 15.221 -1.068 N
1134 144 43.876 14.016 -0.784 C
1135 144 43.108 13.010 0.116 C
1136 144 43.145 11.787 -0.069 O
1137 144 45.270 14.354 -0.175 C
1138 144 46.175 15.097 -1.183 C
1139 144 46.076 14.935 -2.417 O
1140 144 47.050 15.932 -0.658 N
1141 145 42.441 13.541 1.134 N
1142 145 41.673 12.706 2.008 C
1143 145 40.435 12.124 1.263 C
1144 145 40.068 10.923 1.389 O
1145 145 41.197 13.456 3.238 C
1146 145 40.202 12.577 4.045 C
1147 145 39.608 13.297 5.198 C
1148 145 38.949 12.433 6.146 N
1149 145 38.871 12.835 7.411 C
1150 145 39.418 13.980 7.804 N
1151 145 38.234 12.104 8.306 N
1152 146 39.722 12.996 0.521 N
1153 146 38.557 12.547 -0.238 C
1154 146 38.959 11.408 -1.220 C
1155 146 38.239 10.424 -1.358 O
1156 146 37.846 13.725 -0.925 C
1157 147 40.115 11.516 -1.910 N
1158 147 40.583 10.483 -2.834 C
1159 147 40.773 9.172 -2.123 C
1160 147 40.459 8.111 -2.646 O
1161 147 41.878 10.817 -3.555 C
1162 147 41.641 11.893 -4.590 C
1163 147 42.864 12.252 -5.412 C
1164 147 42.651 13.539 -6.193 C
1165 147 43.696 14.536 -5.934 N
1166 148 41.346 9.252 -0.931 N
1167 148 41.564 8.030 -0.139 C
1168 148 40.228 7.309 0.171 C
1169 148 40.095 6.095 -0.004 O
1170 148 42.380 8.287 1.149 C
1171 148 43.878 8.540 0.875 C
1172 148 44.705 8.429 2.138 C
1173 148 44.371 9.439 3.118 N
1174 148 44.930 10.684 3.170 C
1175 148 45.824 11.055 2.251 N
1176 148 44.567 11.575 4.091 N
1177 149 39.225 8.084 0.638 N
1178 149 37.918 7.530 0.988 C
1179 149 37.203 6.967 -0.230 C
1180 149 36.553 5.912 -0.214 O
1181 149 37.120 8.574 1.727 C
1182 149 35.657 8.122 1.917 C
1183 149 37.844 8.867 3.041 C
1184 150 37.285 7.728 -1.298 N
1185 150 36.667 7.350 -2.551 C
1186 150 37.282 6.074 -3.126 C
1187 150 36.608 5.204 -3.639 O
1188 150 36.694 8.515 -3.580 C
1189 150 35.668 9.621 -3.163 C
1190 150 36.338 7.967 -4.993 C
1191 150 35.822 10.952 -3.913 C
1192 151 38.589 5.944 -3.060 N
1193 151 39.228 4.746 -3.561 C
1194 151 38.786 3.543 -2.760 C
1195 151 38.681 2.461 -3.309 O
1196 151 40.761 4.904 -3.471 C
1197 151 41.097 5.878 -4.438 O
1198 151 41.496 3.565 -3.710 C
1199 152 38.615 3.740 -1.438 N
1200 152 38.162 2.707 -0.541 C
1201 152 36.754 2.220 -1.018 C
1202 152 36.452 1.007 -1.036 O
1203 152 38.176 3.154 0.954 C
1204 152 39.490 3.542 1.290 O
1205 152 37.861 1.986 1.870 C
1206 153 35.890 3.177 -1.445 N
1207 153 34.546 2.837 -1.885 C
1208 153 34.576 2.113 -3.226 C
1209 153 33.797 1.192 -3.500 O
1210 153 33.662 4.096 -1.983 C
1211 153 32.963 4.542 -0.700 C
1212 153 32.128 3.680 0.026 C
1213 153 33.040 5.871 -0.278 C
1214 153 31.420 4.106 1.154 C
1215 153 32.342 6.311 0.855 C
1216 153 31.512 5.438 1.559 C
1217 154 35.491 2.547 -4.081 N
1218 154 35.635 1.975 -5.414 C
1219 154 36.145 0.524 -5.408 C
1220 154 35.656 -0.340 -6.146 O
1221 154 36.550 2.828 -6.321 C
1222 154 36.139 2.832 -7.803 C
1223 154 37.169 3.440 -8.774 C
1224 154 38.458 3.666 -8.118 N
1225 154 39.567 2.889 -8.189 C
1226 154 39.639 1.758 -8.910 N
1227 154 40.658 3.276 -7.511 N
1228 155 37.123 0.251 -4.559 N
1229 155 37.795 -1.038 -4.556 C
1230 155 37.399 -2.016 -3.499 C
1231 155 37.596 -3.192 -3.699 O
1232 155 39.343 -0.872 -4.493 C
1233 155 39.748 -0.409 -3.208 O
1234 155 39.855 0.033 -5.588 C
1235 156 36.973 -1.534 -2.353 N
1236 156 36.672 -2.393 -1.279 C
1237 156 37.936 -2.992 -0.637 C
1238 156 37.876 -3.989 0.054 O
1239 157 39.075 -2.333 -0.725 N
1240 157 40.304 -2.784 -0.081 C
1241 157 40.908 -1.564 0.650 C
1242 157 40.430 -0.459 0.482 O
1243 157 41.328 -3.150 -1.193 C
1244 157 41.751 -1.939 -1.814 O
1245 157 40.695 -4.016 -2.286 C
1246 158 41.985 -1.762 1.413 N
1247 158 42.646 -0.707 2.143 C
1248 158 43.862 -0.164 1.389 C
1249 158 44.730 0.503 1.932 O
1250 158 43.157 -1.258 3.465 C
1251 158 42.105 -1.675 4.409 C
1252 158 41.875 -2.952 4.772 C
1253 158 41.187 -0.849 5.172 C
1254 158 40.850 -3.005 5.688 N
1255 158 40.408 -1.733 5.966 C
1256 158 40.963 0.543 5.285 C
1257 158 39.415 -1.279 6.835 C
1258 158 40.004 0.987 6.172 C
1259 158 39.213 0.093 6.918 C
1260 159 43.897 -0.399 0.105 N
1261 159 45.057 0.013 -0.632 C
1262 159 45.513 1.455 -0.476 C
1263 159 46.689 1.706 -0.450 O
1264 159 44.931 -0.370 -2.109 C
1265 159 44.873 -1.877 -2.347 C
1266 159 45.209 -2.626 -1.292 O
1267 159 44.545 -2.340 -3.430 O
1268 160 44.590 2.405 -0.411 N
1269 160 44.906 3.842 -0.360 C
1270 160 45.558 4.172 0.951 C
1271 160 46.185 5.183 1.107 O
1272 160 43.655 4.697 -0.641 C
1273 161 45.379 3.310 1.908 N
1274 161 45.930 3.576 3.183 C
1275 161 47.218 2.831 3.395 C
1276 161 47.829 2.950 4.458 O
1277 161 44.944 3.344 4.349 C
1278 161 43.892 4.405 4.388 C
1279 161 42.769 4.258 3.565 C
1280 161 44.030 5.539 5.205 C
1281 161 41.799 5.265 3.563 C
1282 161 43.056 6.544 5.229 C
1283 161 41.938 6.387 4.394 C
1284 161 40.930 7.334 4.376 O
1285 162 47.649 2.049 2.425 N
1286 162 48.933 1.396 2.659 C
1287 162 50.037 2.105 1.881 C
1288 162 51.144 2.291 2.405 O
1289 162 48.987 -0.081 2.443 C
1290 162 47.967 -0.908 3.201 C
1291 162 47.829 -2.242 2.450 C
1292 162 46.880 -3.287 3.050 C
1293 162 46.715 -4.450 2.148 N
