1293
1 1 44.356 -3.108 9.033 N
2 1 43.886 -1.744 9.151 C
3 1 42.454 -1.869 9.636 C
4 1 41.835 -2.908 9.389 O
5 1 44.002 -1.180 7.731 C
6 1 43.315 0.091 7.483 C
7 1 44.280 1.479 8.049 S
8 1 45.849 1.128 7.257 C
9 2 41.996 -0.884 10.421 N
10 2 40.637 -0.799 10.910 C
11 2 40.235 0.671 10.893 C
12 2 41.071 1.502 10.592 O
13 2 40.494 -1.441 12.301 C
14 2 41.435 -0.881 13.308 C
15 2 41.372 0.320 13.638 O
16 2 42.241 -1.779 13.874 N
17 3 38.978 0.962 11.239 N
18 3 38.444 2.318 11.284 C
19 3 39.295 3.288 12.126 C
20 3 39.516 4.439 11.745 O
21 3 36.929 2.405 11.574 C
22 3 36.364 3.843 11.440 C
23 3 36.634 1.886 12.985 C
24 3 36.542 4.569 10.076 C
25 4 39.808 2.823 13.261 N
26 4 40.610 3.641 14.152 C
27 4 41.938 4.094 13.550 C
28 4 42.322 5.267 13.686 O
29 4 40.782 2.993 15.543 C
30 4 39.507 2.964 16.404 C
31 4 39.188 4.018 17.273 C
32 4 38.666 1.844 16.413 C
33 4 38.066 3.970 18.106 C
34 4 37.504 1.797 17.201 C
35 4 37.204 2.870 18.048 C
36 5 42.671 3.159 12.973 N
37 5 43.942 3.416 12.336 C
38 5 43.709 4.246 11.081 C
39 5 44.519 5.055 10.715 O
40 5 44.574 2.076 11.946 C
41 5 44.953 1.172 13.146 C
42 5 45.566 -0.174 12.700 C
43 5 45.802 -0.477 11.542 O
44 5 45.825 -1.008 13.685 O
45 6 42.588 4.033 10.390 N
46 6 42.258 4.784 9.165 C
47 6 42.031 6.253 9.541 C
48 6 42.612 7.162 8.924 O
49 6 40.951 4.257 8.516 C
50 6 40.568 4.819 7.131 C
51 6 38.782 4.597 6.864 S
52 6 38.623 4.647 5.041 C
53 7 41.170 6.505 10.566 N
54 7 40.926 7.895 11.008 C
55 7 42.164 8.597 11.646 C
56 7 42.271 9.837 11.584 O
57 7 39.715 8.017 11.935 C
58 7 38.407 8.039 11.192 C
59 7 37.212 7.560 12.077 C
60 7 38.149 9.424 10.560 C
61 8 43.060 7.816 12.297 N
62 8 44.280 8.334 12.882 C
63 8 45.242 8.856 11.785 C
64 8 45.912 9.897 11.920 O
65 8 44.923 7.389 13.890 C
66 8 46.412 7.682 14.184 C
67 8 46.602 8.592 15.424 C
68 8 47.945 9.182 15.632 N
69 8 48.621 10.088 14.849 C
70 8 48.193 10.594 13.686 N
71 8 49.835 10.492 15.254 N
72 9 45.243 8.230 10.643 N
73 9 46.058 8.679 9.512 C
74 9 45.469 9.948 8.832 C
75 9 46.152 10.879 8.407 O
76 9 46.151 7.539 8.488 C
77 9 47.094 6.414 8.948 C
78 9 46.543 8.042 7.087 C
79 9 46.879 5.157 8.088 C
80 10 44.159 10.004 8.758 N
81 10 43.406 11.113 8.186 C
82 10 43.347 12.411 9.023 C
83 10 43.391 13.522 8.524 O
84 10 41.971 10.679 7.741 C
85 10 41.982 9.953 6.404 C
86 10 42.885 9.955 5.621 O
87 10 40.954 9.209 6.214 O
88 11 43.276 12.287 10.320 N
89 11 43.116 13.447 11.169 C
90 11 44.362 13.910 11.865 C
91 11 44.404 15.065 12.310 O
92 11 42.081 13.108 12.268 C
93 11 40.701 12.752 11.697 C
94 11 39.951 13.903 11.062 C
95 11 40.504 15.067 11.301 O
96 11 38.896 13.756 10.442 O
97 12 45.313 12.995 12.059 N
98 12 46.572 13.212 12.799 C
99 12 46.292 13.262 14.291 C
100 12 45.180 12.963 14.759 O
101 13 47.298 13.624 15.058 N
102 13 47.124 13.766 16.494 C
103 13 47.784 15.033 16.980 C
104 13 48.929 15.204 16.711 O
105 13 47.742 12.599 17.247 C
106 13 47.818 12.862 18.757 C
107 13 46.481 12.584 19.443 C
108 13 48.883 11.976 19.390 C
109 14 47.076 15.911 17.695 N
110 14 47.609 17.156 18.263 C
111 14 47.107 17.318 19.671 C
112 14 45.915 17.145 19.949 O
113 14 47.345 18.372 17.388 C
114 14 47.873 18.113 15.969 C
115 14 47.933 19.290 14.974 C
116 14 48.790 20.420 15.392 N
117 14 48.801 21.638 14.773 C
118 14 48.007 21.937 13.722 N
119 14 49.637 22.594 15.210 N
120 15 48.020 17.648 20.574 N
121 15 47.682 17.769 21.974 C
122 15 47.396 19.174 22.470 C
123 15 47.103 19.374 23.638 O
124 15 48.685 17.054 22.887 C
125 15 49.004 15.614 22.489 C
126 15 50.046 15.080 23.447 C
127 15 47.756 14.739 22.620 C
128 16 47.450 20.130 21.576 N
129 16 47.196 21.510 21.932 C
130 16 46.138 22.001 20.946 C
131 16 46.133 21.501 19.809 O
132 16 48.537 22.322 21.906 C
133 16 48.389 23.835 21.931 C
134 16 48.123 24.368 23.342 C
135 16 46.690 24.896 23.510 C
136 16 46.569 26.374 23.670 N
137 17 45.234 22.918 21.386 N
138 17 44.147 23.404 20.514 C
139 17 44.723 23.883 19.191 C
140 17 45.726 24.603 19.204 O
141 17 43.383 24.541 21.201 C
142 17 42.706 24.017 22.475 C
143 17 42.394 25.234 20.230 C
144 17 41.907 25.072 23.272 C
145 18 44.089 23.549 18.077 N
146 18 44.597 23.983 16.762 C
147 18 43.423 24.307 15.904 C
148 18 42.296 24.062 16.312 O
149 18 45.551 22.954 16.076 C
150 18 44.841 21.654 15.686 C
151 18 44.585 20.660 16.629 C
152 18 44.399 21.438 14.378 C
153 18 43.917 19.475 16.301 C
154 18 43.715 20.274 14.020 C
155 18 43.466 19.297 14.989 C
156 18 42.794 18.141 14.639 O
157 19 43.644 24.913 14.764 N
158 19 42.591 25.208 13.852 C
159 19 42.579 24.159 12.739 C
160 19 43.629 23.815 12.179 O
161 19 42.629 26.608 13.289 C
162 19 42.229 27.652 14.297 C
163 19 41.869 28.969 13.661 C
164 19 42.309 30.184 14.484 C
165 19 42.201 31.450 13.738 N
166 20 41.382 23.620 12.446 N
167 20 41.196 22.594 11.429 C
168 20 41.276 23.172 10.012 C
169 20 41.584 24.320 9.805 O
170 20 39.981 21.680 11.717 C
171 20 38.619 22.288 11.391 C
172 20 38.661 23.475 10.942 O
173 20 37.569 21.726 11.465 O
174 21 41.052 22.392 8.991 N
175 21 41.211 22.936 7.636 C
176 21 40.222 24.033 7.321 C
177 21 40.476 24.794 6.398 O
178 21 41.063 21.803 6.596 C
179 21 39.732 21.375 6.710 O
180 21 41.961 20.565 6.921 C
181 22 39.096 24.117 8.082 N
182 22 38.048 25.153 7.906 C
183 22 38.265 26.360 8.802 C
184 22 37.548 27.327 8.780 O
185 22 36.670 24.598 8.187 C
186 22 36.338 23.443 7.210 C
187 22 35.946 23.937 5.851 C
188 22 35.475 25.162 5.891 O
189 22 36.098 23.290 4.825 O
190 23 39.261 26.265 9.644 N
191 23 39.562 27.327 10.571 C
192 23 38.910 27.136 11.936 C
193 23 38.893 28.077 12.718 O
194 24 38.350 25.957 12.257 N
195 24 37.729 25.830 13.587 C
196 24 38.610 25.195 14.636 C
197 24 39.454 24.366 14.331 O
198 24 36.419 25.075 13.605 C
199 24 35.467 25.501 12.556 C
200 24 34.918 26.770 12.614 C
201 24 35.046 24.606 11.568 C
202 24 33.967 27.177 11.675 C
203 24 34.114 25.007 10.617 C
204 24 33.579 26.300 10.671 C
205 24 32.666 26.720 9.732 O
206 25 38.360 25.592 15.879 N
207 25 39.084 25.118 17.041 C
208 25 38.821 23.632 17.284 C
209 25 37.631 23.219 17.459 O
210 25 38.744 26.003 18.272 C
211 25 39.405 27.354 18.176 C
212 25 40.772 27.454 17.896 C
213 25 38.663 28.530 18.360 C
214 25 41.409 28.696 17.852 C
215 25 39.279 29.777 18.335 C
216 25 40.652 29.850 18.077 C
217 25 41.238 31.083 18.021 O
218 26 39.936 22.864 17.261 N
219 26 39.939 21.374 17.377 C
220 26 41.060 20.881 18.321 C
221 26 42.045 21.564 18.602 O
222 26 40.144 20.852 15.908 C
223 26 39.113 21.379 15.126 O
224 26 40.254 19.352 15.645 C
225 27 40.956 19.663 18.793 N
226 27 42.021 19.123 19.627 C
227 27 42.106 17.598 19.420 C
228 27 41.175 17.024 18.919 O
229 27 41.884 19.499 21.108 C
230 27 43.230 19.256 21.834 C
231 27 40.722 18.714 21.748 C
232 27 43.440 20.100 23.053 C
233 28 43.244 16.970 19.749 N
234 28 43.392 15.500 19.667 C
235 28 43.295 14.947 18.268 C
236 28 43.996 15.418 17.356 O
237 29 42.461 13.918 18.115 N
238 29 42.265 13.276 16.805 C
239 29 40.997 13.782 16.054 C
240 29 39.959 13.087 16.006 O
241 29 42.271 11.733 16.936 C
242 29 43.590 11.353 17.608 C
243 29 42.222 11.141 15.516 C
244 29 43.618 10.050 18.385 C
245 30 41.057 15.018 15.523 N
246 30 39.880 15.565 14.795 C
247 30 38.650 15.811 15.699 C
248 30 37.540 15.770 15.247 O
249 31 38.814 16.116 16.988 N
250 31 37.634 16.413 17.832 C
251 31 37.254 17.896 17.759 C
252 31 37.898 18.702 18.419 O
253 31 37.875 16.086 19.319 C
254 31 36.626 16.332 20.115 C
255 31 35.616 15.392 20.209 N
256 31 36.290 17.372 20.942 C
257 31 34.676 15.873 21.037 C
258 31 35.027 17.081 21.471 N
259 32 36.276 18.275 16.920 N
260 32 35.873 19.687 16.827 C
261 32 35.450 20.265 18.193 C
262 32 34.688 19.667 18.978 O
263 32 34.744 19.823 15.838 C
264 32 34.226 21.268 15.801 C
265 32 35.164 22.115 14.961 C
266 32 32.859 21.308 15.176 C
267 33 35.896 21.448 18.528 N
268 33 35.498 21.983 19.804 C
269 33 34.314 22.923 19.722 C
270 33 33.366 22.807 20.519 O
271 33 36.659 22.642 20.524 C
272 33 37.613 21.584 21.045 C
273 33 38.941 22.277 21.302 C
274 33 37.056 20.940 22.331 C
275 34 34.421 23.860 18.792 N
276 34 33.430 24.900 18.549 C
277 34 33.658 25.562 17.206 C
278 34 34.795 25.652 16.727 O
279 34 33.378 26.042 19.652 C
280 34 32.379 27.031 19.319 O
281 34 34.730 26.757 19.863 C
282 35 32.571 26.063 16.635 N
283 35 32.671 26.838 15.417 C
284 35 32.875 28.297 15.749 C
285 35 33.161 29.113 14.888 O
286 35 31.535 26.660 14.463 C
287 35 31.522 25.200 14.111 C
288 35 30.422 24.829 13.142 C
289 35 30.572 23.360 12.836 C
290 35 29.490 22.838 11.994 N
291 36 32.754 28.624 17.017 N
292 36 33.006 30.005 17.417 C
293 36 34.467 30.469 17.216 C
294 36 35.423 29.696 17.232 O
295 36 32.557 30.316 18.826 C
296 36 33.346 31.390 19.318 O
297 37 34.636 31.783 17.046 N
298 37 35.947 32.355 16.789 C
299 37 36.719 32.671 18.034 C
300 37 37.892 33.062 17.986 O
301 37 35.679 33.663 16.035 C
302 37 34.246 33.612 15.567 C
303 37 33.548 32.605 16.452 C
304 38 36.077 32.490 19.172 N
305 38 36.739 32.823 20.427 C
306 38 37.583 31.710 21.005 C
307 38 37.105 30.627 21.228 O
308 38 35.710 33.319 21.435 C
309 38 36.300 33.274 22.721 O
310 39 38.845 31.975 21.288 N
311 39 39.655 30.916 21.838 C
312 39 39.171 30.551 23.227 C
313 39 39.375 29.452 23.756 O
314 39 41.188 31.211 21.794 C
315 39 42.073 30.062 22.329 C
316 39 42.023 28.856 21.398 C
317 39 43.541 30.476 22.487 C
318 40 38.571 31.509 23.872 N
319 40 38.141 31.286 25.238 C
320 40 36.943 30.402 25.227 C
321 40 36.751 29.584 26.102 O
322 40 37.775 32.579 25.987 C
323 40 38.998 33.275 26.448 C
324 40 39.926 32.662 27.042 O
325 40 39.051 34.546 26.076 N
326 41 36.113 30.620 24.239 N
327 41 34.978 29.766 24.186 C
328 41 35.448 28.293 23.936 C
329 41 34.915 27.360 24.528 O
330 41 33.914 30.322 23.259 C
331 41 33.081 29.256 22.849 O
332 42 36.516 28.087 23.115 N
333 42 37.091 26.759 22.822 C
334 42 37.736 26.134 24.049 C
335 42 37.670 24.916 24.270 O
336 42 38.091 26.796 21.649 C
337 43 38.356 26.946 24.871 N
338 43 39.000 26.392 26.071 C
339 43 37.915 25.948 27.048 C
340 43 38.068 25.008 27.811 O
341 43 39.920 27.365 26.803 C
342 43 41.311 27.436 26.212 C
343 43 42.006 28.736 26.580 C
344 43 43.536 28.640 26.525 C
345 43 44.197 29.424 27.589 N
346 44 36.826 26.681 27.025 N
347 44 35.706 26.350 27.874 C
348 44 35.078 24.999 27.479 C
349 44 34.801 24.149 28.322 O
350 44 34.670 27.494 27.923 C
351 44 33.434 27.006 28.425 O
352 45 34.907 24.758 26.194 N
353 45 34.352 23.497 25.725 C
354 45 35.297 22.375 26.019 C
355 45 34.901 21.291 26.413 O
356 45 34.146 23.522 24.219 C
357 45 33.054 24.543 23.904 C
358 45 31.730 23.929 24.278 C
359 45 31.445 22.771 24.103 O
360 45 30.875 24.756 24.780 O
361 46 36.579 22.636 25.824 N
362 46 37.567 21.609 26.119 C
363 46 37.530 21.116 27.573 C
364 46 37.501 19.910 27.854 O
365 46 38.964 22.078 25.718 C
366 46 40.047 21.068 26.051 C
367 46 39.846 19.800 25.187 C
368 46 41.385 21.739 25.705 C
369 47 37.509 22.048 28.533 N
370 47 37.460 21.650 29.916 C
371 47 36.199 20.939 30.258 C
372 47 36.197 20.089 31.128 O
373 47 37.577 22.863 30.846 C
374 47 38.909 23.570 30.803 C
375 47 39.945 23.172 30.245 O
376 47 38.797 24.698 31.409 O
377 48 35.093 21.353 29.616 N
378 48 33.789 20.690 29.815 C
379 48 33.887 19.210 29.302 C
380 48 33.437 18.231 29.912 O
381 48 32.753 21.399 28.887 C
382 48 31.330 20.915 29.068 C
383 48 30.233 21.884 28.628 C
384 48 30.366 22.370 27.198 C
385 48 29.608 21.591 26.245 N
386 49 34.491 19.054 28.128 N
387 49 34.661 17.729 27.501 C
388 49 35.546 16.797 28.321 C
389 49 35.343 15.625 28.377 O
390 49 35.316 17.896 26.132 C
391 50 36.570 17.343 28.917 N
392 50 37.504 16.556 29.696 C
393 50 37.204 16.452 31.215 C
394 50 37.642 15.484 31.904 O
395 50 38.959 17.092 29.434 C
396 50 39.365 16.867 27.987 C
397 50 39.997 16.409 30.318 C
398 50 39.202 15.390 27.555 C
399 51 36.569 17.436 31.800 N
400 51 36.290 17.332 33.239 C
401 51 37.415 17.813 34.162 C
402 51 37.458 17.470 35.350 O
403 52 38.323 18.636 33.605 N
404 52 39.428 19.250 34.349 C
405 52 39.786 20.563 33.718 C
406 52 39.341 20.858 32.601 O
407 52 40.639 18.350 34.552 C
408 52 41.434 18.061 33.273 C
409 52 42.611 17.154 33.577 C
410 52 43.447 16.926 32.416 N
411 52 44.308 17.826 32.013 C
412 52 44.438 18.969 32.676 N
413 52 45.040 17.589 30.941 N
414 53 40.501 21.383 34.465 N
415 53 40.968 22.667 33.982 C
416 53 42.107 22.420 33.070 C
417 53 43.163 22.081 33.550 O
418 53 41.619 23.364 35.156 C
419 53 40.707 24.473 35.444 C
420 53 39.779 24.255 36.228 O
421 53 40.823 25.543 34.624 N
422 54 41.954 22.514 31.778 N
423 54 43.083 22.080 31.015 C
424 54 43.999 23.120 30.514 C
425 54 45.012 22.747 29.957 O
426 54 42.629 21.373 29.754 C
427 54 41.989 22.330 28.889 O
428 54 41.745 20.164 30.088 C
429 55 43.574 24.374 30.526 N
430 55 44.363 25.404 29.911 C
431 55 44.788 25.070 28.461 C
432 55 45.877 25.427 28.049 O
433 55 45.539 25.934 30.780 C
434 55 45.921 27.399 30.457 C
435 55 45.104 28.251 30.041 O
436 55 47.197 27.694 30.616 N
437 56 43.938 24.411 27.670 N
438 56 44.253 24.111 26.256 C
439 56 45.206 22.957 25.943 C
440 56 45.568 22.721 24.779 O
441 57 45.650 22.234 26.955 N
442 57 46.530 21.114 26.694 C
443 57 46.026 19.796 27.299 C
444 57 45.659 19.731 28.463 O
445 57 47.946 21.386 27.161 C
446 57 48.757 20.137 26.942 C
447 57 48.556 22.541 26.369 C
448 58 46.052 18.725 26.506 N
449 58 45.596 17.411 26.981 C
450 58 46.718 16.384 26.762 C
451 58 47.627 16.592 25.980 O
452 58 44.257 16.921 26.299 C
453 58 44.435 16.664 24.781 C
454 58 43.067 17.899 26.541 C
455 58 43.221 16.012 24.111 C
456 59 46.596 15.237 27.423 N
457 59 47.533 14.134 27.315 C
458 59 47.056 13.150 26.224 C
459 59 45.891 13.232 25.752 O
460 59 47.657 13.398 28.681 C
461 59 46.502 12.568 28.936 O
462 59 47.807 14.450 29.769 C
463 60 47.928 12.186 25.863 N
464 60 47.610 11.195 24.815 C
465 60 46.359 10.364 25.092 C
466 60 45.506 10.096 24.208 O
467 60 48.782 10.310 24.405 C
468 60 48.484 9.477 23.133 C
469 60 49.639 9.399 22.117 C
470 60 50.036 7.964 21.733 C
471 60 50.099 7.749 20.272 N
472 61 46.255 9.957 26.336 N
473 61 45.123 9.159 26.793 C
474 61 43.788 9.904 26.702 C
475 61 42.730 9.300 26.499 O
476 61 45.314 8.957 28.306 C
477 61 46.188 7.791 28.572 C
478 61 46.752 7.334 27.464 O
479 61 46.354 7.342 29.694 O
480 62 43.822 11.218 27.032 N
481 62 42.622 12.024 27.025 C
482 62 42.161 12.135 25.588 C
483 62 40.996 12.057 25.348 O
484 62 42.829 13.395 27.690 C
485 62 42.903 13.278 29.239 C
486 62 43.435 14.544 29.882 C
487 62 44.069 15.388 29.317 O
488 62 43.128 14.665 31.115 O
489 63 43.122 12.320 24.648 N
490 63 42.863 12.394 23.229 C
491 63 42.220 11.123 22.669 C
492 63 41.297 11.209 21.824 O
493 63 44.161 12.695 22.480 C
494 64 42.760 9.964 23.094 N
495 64 42.280 8.648 22.683 C
496 64 40.899 8.369 23.273 C
497 64 40.036 7.768 22.649 O
498 64 43.282 7.539 23.026 C
499 64 44.357 7.412 21.937 C
500 64 45.567 6.785 22.540 C
501 64 45.507 6.190 23.623 O
502 64 46.675 6.998 21.831 O
503 65 40.675 8.892 24.452 N
504 65 39.386 8.774 25.077 C
505 65 38.308 9.551 24.312 C
506 65 37.263 9.027 23.988 O
507 65 39.395 9.128 26.525 C
508 65 37.961 9.078 26.973 C
509 65 37.896 8.785 28.461 C
510 65 36.571 8.189 28.924 C
511 65 36.543 8.149 30.395 N
512 66 38.557 10.811 23.948 N
513 66 37.588 11.550 23.139 C
514 66 37.399 10.837 21.781 C
515 66 36.324 10.856 21.187 O
516 66 38.124 12.980 22.819 C
517 66 38.255 13.917 24.010 C
518 66 38.873 15.250 23.509 C
519 66 36.880 14.162 24.593 C
520 67 38.478 10.240 21.256 N
521 67 38.443 9.574 19.971 C
522 67 37.513 8.374 20.005 C
523 67 36.681 8.205 19.127 O
524 67 39.885 9.170 19.536 C
525 67 40.061 8.584 18.144 C
526 67 39.357 9.077 17.042 C
527 67 40.948 7.519 17.944 C
528 67 39.536 8.535 15.769 C
529 67 41.209 7.015 16.675 C
530 67 40.493 7.527 15.597 C
531 68 37.642 7.498 21.004 N
532 68 36.758 6.343 21.123 C
533 68 35.312 6.811 21.238 C
534 68 34.408 6.207 20.698 O
535 68 37.101 5.594 22.441 C
536 68 38.299 4.699 22.256 C
537 68 38.512 4.188 21.151 O
538 68 39.131 4.573 23.306 N
539 69 35.070 7.914 21.954 N
540 69 33.683 8.409 22.093 C
541 69 33.131 8.853 20.745 C
542 69 31.961 8.666 20.444 O
543 69 33.584 9.640 23.022 C
544 69 33.891 9.230 24.452 C
545 69 34.024 10.337 25.495 C
546 69 34.212 10.024 26.676 O
547 69 33.937 11.603 25.109 N
548 70 33.998 9.529 19.964 N
549 70 33.604 10.066 18.679 C
550 70 33.319 8.987 17.603 C
551 70 32.442 9.115 16.746 O
552 70 34.604 11.119 18.160 C
553 70 34.648 12.431 18.938 C
554 70 33.819 12.793 19.740 O
555 70 35.717 13.111 18.716 O
556 71 34.076 7.893 17.607 N
557 71 33.834 6.843 16.620 C
558 71 32.512 6.135 16.970 C
559 71 31.647 5.892 16.098 O
560 71 34.991 5.837 16.574 C
561 71 34.570 4.672 15.705 C
562 71 36.250 6.471 15.993 C
563 72 32.356 5.872 18.309 N
564 72 31.115 5.287 18.828 C
565 72 29.921 6.178 18.381 C
566 72 28.990 5.683 17.745 O
567 72 31.168 4.978 20.378 C
568 72 29.940 4.197 20.966 C
569 72 29.768 2.984 20.468 O
570 72 29.204 4.640 21.856 O
571 73 29.957 7.507 18.648 N
572 73 28.876 8.406 18.194 C
573 73 28.649 8.355 16.677 C
574 73 27.532 8.384 16.208 O
575 73 29.129 9.851 18.605 C
576 74 29.695 8.295 15.869 N
577 74 29.481 8.228 14.429 C
578 74 28.680 6.960 14.014 C
579 74 27.674 7.031 13.273 O
580 74 30.811 8.283 13.703 C
581 75 29.151 5.794 14.487 N
582 75 28.477 4.526 14.183 C
583 75 26.967 4.593 14.520 C
584 75 26.096 4.298 13.676 O
585 75 29.154 3.319 14.855 C
586 75 28.338 2.016 14.626 C
587 75 30.516 3.164 14.200 C
588 76 26.685 5.031 15.749 N
589 76 25.317 5.162 16.235 C
590 76 24.525 6.204 15.485 C
591 76 23.336 6.036 15.167 O
592 76 25.215 5.163 17.748 C
593 76 25.841 3.852 18.246 C
594 76 25.262 3.266 19.532 C
595 76 25.770 3.989 20.696 N
596 76 25.011 4.223 21.767 C
597 76 23.742 3.790 21.840 N
598 76 25.524 4.914 22.793 N
599 77 25.184 7.268 15.078 N
600 77 24.430 8.227 14.266 C
601 77 23.952 7.543 12.961 C
602 77 22.844 7.736 12.510 O
603 78 24.832 6.762 12.317 N
604 78 24.493 6.029 11.099 C
605 78 23.304 5.066 11.353 C
606 78 22.323 4.995 10.593 O
607 78 25.692 5.201 10.608 C
608 78 26.821 6.113 9.983 C
609 78 25.219 4.140 9.591 C
610 78 28.136 5.348 9.693 C
611 79 23.389 4.290 12.430 N
612 79 22.331 3.297 12.707 C
613 79 20.994 3.894 13.055 C
614 79 20.002 3.204 12.927 O
615 79 22.736 2.140 13.646 C
616 79 24.102 1.505 13.294 C
617 79 24.623 0.763 14.508 C
618 79 23.981 0.522 12.142 C
619 80 20.977 5.173 13.466 N
620 80 19.776 5.910 13.831 C
621 80 19.233 6.723 12.666 C
622 80 18.135 7.245 12.733 O
623 80 20.123 6.978 14.872 C
624 80 19.943 6.514 16.315 C
625 80 20.164 7.648 17.366 C
626 80 21.048 7.152 18.433 N
627 80 21.007 7.485 19.736 C
628 80 20.123 8.380 20.220 N
629 80 21.893 6.912 20.580 N
630 81 20.031 6.926 11.630 N
631 81 19.592 7.742 10.547 C
632 81 18.809 6.935 9.495 C
633 81 19.227 5.883 9.040 O
634 81 20.790 8.460 9.984 C
635 81 20.394 9.408 8.905 C
636 81 20.008 9.013 7.809 O
637 81 20.508 10.687 9.201 N
638 82 17.628 7.384 9.094 N
639 82 16.852 6.586 8.174 C
640 82 17.391 6.538 6.779 C
641 82 17.082 5.602 6.048 O
642 82 15.372 6.923 8.228 C
643 83 18.276 7.462 6.442 N
644 83 18.919 7.456 5.118 C
645 83 20.245 6.678 5.073 C
646 83 20.647 6.162 4.045 O
647 83 19.248 8.862 4.653 C
648 83 18.116 9.515 3.940 C
649 83 17.302 10.324 4.924 C
650 83 16.835 11.594 4.253 C
651 83 17.825 12.026 3.240 N
652 84 20.942 6.661 6.182 N
653 84 22.248 6.046 6.217 C
654 84 22.201 4.576 6.570 C
655 84 22.991 3.804 6.114 O
656 84 23.189 6.810 7.180 C
657 84 23.367 8.293 6.845 C
658 84 24.370 8.952 7.772 C
659 84 23.887 8.405 5.443 C
660 85 21.325 4.204 7.473 N
661 85 21.263 2.863 7.902 C
662 85 21.160 1.808 6.782 C
663 85 21.840 0.777 6.770 O
664 85 20.230 2.720 9.006 C
665 85 20.123 1.276 9.475 C
666 85 19.268 1.106 10.703 C
667 85 19.387 -0.313 11.202 C
668 85 18.663 -1.229 10.320 N
669 86 20.238 1.984 5.883 N
670 86 20.099 1.019 4.818 C
671 86 21.369 0.916 3.962 C
672 86 21.710 -0.133 3.477 O
673 86 18.902 1.455 3.947 C
674 86 18.422 2.762 4.572 C
675 86 19.219 3.034 5.846 C
676 87 22.064 2.026 3.716 N
677 87 23.323 1.948 2.948 C
678 87 24.380 1.139 3.725 C
679 87 25.010 0.206 3.237 O
680 87 23.847 3.371 2.677 C
681 87 25.065 3.362 1.711 C
682 87 22.679 4.179 2.099 C
683 88 24.536 1.515 4.992 N
684 88 25.444 0.853 5.856 C
685 88 25.213 -0.648 5.857 C
686 88 26.193 -1.423 5.708 O
687 88 25.347 1.453 7.259 C
688 88 26.454 0.976 8.195 C
689 88 27.662 1.669 8.272 C
690 88 26.256 -0.109 9.055 C
691 88 28.660 1.266 9.158 C
692 88 27.256 -0.521 9.932 C
693 88 28.463 0.177 9.999 C
694 88 29.477 -0.224 10.849 O
695 89 23.931 -1.064 6.083 N
696 89 23.521 -2.462 6.126 C
697 89 23.875 -3.250 4.898 C
698 89 24.293 -4.403 4.989 O
699 89 22.021 -2.645 6.440 C
700 89 21.740 -2.453 7.924 C
701 89 22.825 -2.504 8.646 O
702 89 20.654 -2.199 8.372 O
703 90 23.753 -2.582 3.748 N
704 90 24.085 -3.157 2.468 C
705 90 25.594 -3.358 2.149 C
706 90 25.960 -4.135 1.227 O
707 90 23.428 -2.318 1.400 C
708 90 24.229 -1.241 1.019 O
709 91 26.507 -2.643 2.849 N
710 91 27.940 -2.691 2.523 C
711 91 28.761 -3.784 3.209 C
712 91 28.421 -4.250 4.307 O
713 91 28.648 -1.328 2.870 C
714 91 28.066 -0.079 2.183 C
715 91 28.506 1.220 2.881 C
716 91 28.460 -0.099 0.698 C
717 92 29.912 -4.107 2.594 N
718 92 30.922 -5.001 3.167 C
719 92 31.706 -4.281 4.259 C
720 92 31.533 -3.087 4.399 O
721 92 31.878 -5.492 2.145 C
722 92 32.560 -4.341 1.447 C
723 92 31.906 -3.904 0.395 O
724 92 33.666 -3.925 1.770 O
725 93 32.587 -4.989 5.029 N
726 93 33.261 -4.335 6.152 C
727 93 34.200 -3.161 5.816 C
728 93 34.231 -2.161 6.517 O
729 93 33.759 -5.265 7.268 C
730 94 34.936 -3.300 4.737 N
731 94 35.847 -2.231 4.333 C
732 94 35.106 -0.945 4.005 C
733 94 35.398 0.107 4.570 O
734 94 36.776 -2.669 3.203 C
735 94 37.758 -1.532 2.832 C
736 94 37.569 -3.847 3.734 C
737 95 34.122 -1.077 3.109 N
738 95 33.280 0.033 2.674 C
739 95 32.532 0.676 3.791 C
740 95 32.340 1.871 3.764 O
741 95 32.380 -0.394 1.530 C
742 95 33.187 -0.591 0.228 C
743 95 32.291 -0.978 -0.948 C
744 95 32.990 -1.021 -2.206 N
745 95 33.389 -2.190 -2.758 C
746 95 33.165 -3.365 -2.144 N
747 95 34.017 -2.174 -3.951 N
748 96 32.112 -0.118 4.775 N
749 96 31.441 0.388 5.993 C
750 96 32.373 1.442 6.706 C
751 96 31.955 2.525 7.135 O
752 96 31.059 -0.750 6.949 C
753 96 29.732 -1.373 6.592 C
754 96 29.358 -2.542 7.499 C
755 96 28.188 -3.279 6.945 N
756 96 27.634 -4.378 7.419 C
757 96 28.112 -4.977 8.514 N
758 96 26.558 -4.866 6.770 N
759 97 33.663 1.111 6.829 N
760 97 34.671 2.007 7.399 C
761 97 34.730 3.376 6.619 C
762 97 34.884 4.443 7.192 O
763 97 36.027 1.270 7.416 C
764 98 34.622 3.331 5.296 N
765 98 34.659 4.525 4.497 C
766 98 33.449 5.437 4.772 C
767 98 33.571 6.679 4.803 O
768 98 34.626 4.140 3.021 C
769 99 32.284 4.827 5.012 N
770 99 31.098 5.616 5.330 C
771 99 31.253 6.247 6.708 C
772 99 30.858 7.437 6.941 O
773 99 29.777 4.746 5.216 C
774 99 28.450 5.501 5.320 C
775 99 28.321 6.452 4.175 C
776 99 27.273 4.489 5.298 C
777 100 31.851 5.450 7.637 N
778 100 32.037 5.984 8.979 C
779 100 33.002 7.194 8.934 C
780 100 32.871 8.206 9.659 O
781 100 32.588 4.943 9.944 C
782 100 31.561 3.828 10.164 C
783 100 32.910 5.628 11.267 C
784 100 32.161 2.630 10.919 C
785 101 33.975 7.089 8.043 N
786 101 34.981 8.143 7.928 C
787 101 34.278 9.430 7.480 C
788 101 34.405 10.467 8.118 O
789 101 36.088 7.650 6.991 C
790 101 37.303 8.551 6.857 C
791 101 37.162 9.769 6.602 O
792 101 38.492 7.940 6.937 N
793 102 33.454 9.337 6.452 N
794 102 32.736 10.503 5.981 C
795 102 31.928 11.140 7.062 C
796 102 31.919 12.367 7.188 O
797 102 31.796 10.197 4.803 C
798 102 32.540 9.969 3.525 C
799 102 31.445 9.646 2.124 S
800 102 30.694 11.277 1.939 C
801 103 31.201 10.303 7.838 N
802 103 30.332 10.812 8.930 C
803 103 31.087 11.508 10.060 C
804 103 30.673 12.537 10.535 O
805 103 29.410 9.707 9.475 C
806 103 28.649 10.231 10.698 C
807 103 28.441 9.281 8.370 C
808 104 32.238 10.958 10.448 N
809 104 33.086 11.517 11.457 C
810 104 33.535 12.947 11.075 C
811 104 33.598 13.892 11.864 O
812 104 34.368 10.589 11.527 C
813 104 35.353 11.007 12.629 C
814 104 36.297 12.017 12.399 C
815 104 35.346 10.377 13.883 C
816 104 37.194 12.397 13.412 C
817 104 36.219 10.746 14.906 C
818 104 37.123 11.795 14.668 C
819 105 33.894 13.116 9.818 N
820 105 34.393 14.386 9.285 C
821 105 33.290 15.405 9.093 C
822 105 33.479 16.580 9.365 O
823 105 35.116 14.201 7.887 C
824 105 35.566 15.518 7.219 C
825 105 36.340 15.370 5.917 C
826 105 36.484 14.275 5.366 O
827 105 36.885 16.480 5.430 N
828 106 32.196 14.992 8.493 N
829 106 31.130 15.908 8.109 C
830 106 29.775 15.860 8.758 C
831 106 28.915 16.658 8.422 O
832 106 31.071 16.118 6.601 C
833 106 30.557 15.095 5.686 C
834 106 31.209 15.634 4.061 S
835 106 31.979 14.173 3.412 C
836 107 29.602 14.953 9.699 N
837 107 28.357 14.846 10.377 C
838 107 27.329 14.063 9.566 C
839 107 27.360 14.010 8.349 O
840 108 26.388 13.467 10.279 N
841 108 25.353 12.680 9.653 C
842 108 24.472 13.465 8.646 C
843 108 24.089 12.998 7.575 O
844 108 24.538 11.901 10.740 C
845 108 23.037 12.170 10.606 C
846 108 22.237 11.584 11.763 C
847 108 23.017 11.169 12.742 O
848 108 21.000 11.493 11.778 O
849 109 24.116 14.682 8.989 N
850 109 23.291 15.501 8.132 C
851 109 23.912 15.710 6.800 C
852 109 23.279 15.529 5.743 O
853 109 23.018 16.886 8.773 C
854 109 22.410 16.670 10.044 O
855 109 22.071 17.651 7.852 C
856 110 25.171 16.121 6.900 N
857 110 25.978 16.374 5.743 C
858 110 26.022 15.173 4.798 C
859 110 25.752 15.284 3.589 O
860 111 26.408 14.015 5.330 N
861 111 26.520 12.816 4.499 C
862 111 25.178 12.444 3.870 C
863 111 25.082 12.100 2.664 O
864 111 27.177 11.659 5.263 C
865 111 27.303 10.363 4.431 C
866 111 28.561 12.107 5.686 C
867 112 24.151 12.513 4.736 N
868 112 22.782 12.204 4.345 C
869 112 22.382 13.034 3.146 C
870 112 21.544 12.609 2.376 O
871 112 21.819 12.314 5.524 C
872 113 23.044 14.198 2.943 N
873 113 22.764 15.045 1.800 C
874 113 23.304 14.546 0.451 C
875 113 22.959 15.056 -0.620 O
876 114 24.165 13.540 0.474 N
877 114 24.696 13.017 -0.782 C
878 114 23.733 11.972 -1.377 C
879 114 24.099 10.823 -1.620 O
880 114 26.102 12.378 -0.579 C
881 114 27.300 13.320 -0.391 C
882 114 27.395 14.178 0.716 C
883 114 28.346 13.333 -1.314 C
884 114 28.495 15.009 0.897 C
885 114 29.443 14.182 -1.180 C
886 114 29.515 15.023 -0.057 C
887 115 22.520 12.396 -1.668 N
888 115 21.446 11.522 -2.133 C
889 115 21.759 10.598 -3.255 C
890 115 21.412 9.424 -3.216 O
891 115 20.192 12.366 -2.519 C
892 115 19.815 13.149 -1.407 O
893 115 19.070 11.389 -2.837 C
894 116 22.282 11.164 -4.322 N
895 116 22.612 10.364 -5.502 C
896 116 23.751 9.308 -5.283 C
897 116 23.707 8.177 -5.819 O
898 116 22.914 11.327 -6.674 C
899 116 21.628 12.070 -7.030 C
900 116 20.528 11.490 -6.980 O
901 116 21.727 13.355 -7.331 N
902 117 24.788 9.715 -4.522 N
903 117 25.947 8.845 -4.221 C
904 117 25.530 7.668 -3.361 C
905 117 25.985 6.554 -3.571 O
906 117 26.988 9.623 -3.477 C
907 117 27.725 10.377 -4.415 O
908 118 24.720 7.938 -2.354 N
909 118 24.207 6.885 -1.466 C
910 118 23.399 5.829 -2.244 C
911 118 23.481 4.591 -2.029 O
912 118 23.345 7.458 -0.313 C
913 118 24.142 8.333 0.677 C
914 118 23.195 9.055 1.610 C
915 118 25.158 7.564 1.526 C
916 119 22.609 6.309 -3.188 N
917 119 21.803 5.378 -3.997 C
918 119 22.684 4.509 -4.850 C
919 119 22.460 3.308 -4.983 O
920 119 20.784 6.045 -4.921 C
921 119 20.060 4.966 -5.666 C
922 119 18.977 5.379 -6.655 C
923 119 18.081 4.216 -6.854 N
924 119 17.536 3.793 -8.023 C
925 119 17.719 4.426 -9.216 N
926 119 16.765 2.693 -7.978 N
927 120 23.744 5.122 -5.402 N
928 120 24.668 4.330 -6.186 C
929 120 25.446 3.317 -5.308 C
930 120 25.713 2.189 -5.723 O
931 120 25.653 5.156 -7.059 C
932 120 24.990 5.891 -8.216 C
933 120 26.082 7.263 -8.669 S
934 120 24.964 8.525 -9.345 C
935 121 25.870 3.711 -4.101 N
936 121 26.587 2.763 -3.224 C
937 121 25.662 1.566 -2.917 C
938 121 26.051 0.423 -2.928 O
939 121 27.024 3.414 -1.888 C
940 121 28.109 4.493 -2.040 C
941 121 28.237 5.288 -0.717 C
942 121 29.464 3.903 -2.460 C
943 122 24.390 1.850 -2.643 N
944 122 23.442 0.826 -2.304 C
945 122 23.300 -0.228 -3.393 C
946 122 23.177 -1.435 -3.103 O
947 122 22.082 1.442 -1.924 C
948 122 21.534 0.630 -0.738 C
949 122 20.143 0.977 -0.275 C
950 122 19.828 2.141 0.028 O
951 122 19.343 -0.081 -0.116 N
952 123 23.368 0.270 -4.650 N
953 123 23.211 -0.509 -5.866 C
954 123 24.452 -1.211 -6.246 C
955 123 24.393 -2.002 -7.166 O
956 123 22.664 0.315 -7.035 C
957 123 21.269 0.883 -6.757 C
958 123 20.769 1.793 -7.861 C
959 123 20.503 1.382 -8.984 O
960 123 20.683 3.053 -7.562 N
961 124 25.591 -0.881 -5.558 N
962 124 26.894 -1.458 -5.830 C
963 124 27.451 -1.055 -7.150 C
964 124 28.168 -1.837 -7.800 O
965 124 26.927 -2.970 -5.638 C
966 124 26.490 -3.310 -4.207 C
967 124 26.993 -4.688 -3.726 C
968 124 26.332 -5.142 -2.476 C
969 124 27.035 -4.680 -1.294 N
970 125 27.158 0.205 -7.534 N
971 125 27.701 0.757 -8.789 C
972 125 28.910 1.609 -8.389 C
973 125 28.825 2.849 -8.229 O
974 125 26.647 1.534 -9.575 C
975 125 25.472 0.683 -10.082 C
976 125 24.279 1.570 -10.507 C
977 125 23.572 1.208 -11.763 N
978 125 22.463 0.419 -11.839 C
979 125 21.903 -0.156 -10.764 N
980 125 21.917 0.153 -13.033 N
981 126 30.011 0.895 -8.105 N
982 126 31.263 1.488 -7.590 C
983 126 31.947 2.583 -8.419 C
984 126 32.329 3.634 -7.886 O
985 126 32.292 0.444 -7.067 C
986 126 31.642 -0.695 -6.320 C
987 126 31.790 -1.997 -6.665 C
988 126 30.849 -0.666 -5.097 C
989 126 31.187 -2.791 -5.738 N
990 126 30.600 -2.017 -4.761 C
991 126 30.379 0.322 -4.243 C
992 126 29.884 -2.388 -3.621 C
993 126 29.635 -0.041 -3.143 C
994 126 29.375 -1.393 -2.836 C
995 127 32.110 2.359 -9.702 N
996 127 32.743 3.370 -10.464 C
997 127 31.843 4.549 -10.597 C
998 127 32.326 5.673 -10.582 O
999 127 33.236 2.879 -11.837 C
1000 127 34.415 1.917 -11.695 C
1001 127 34.741 1.387 -10.652 O
1002 127 35.005 1.648 -12.817 O
1003 128 30.521 4.329 -10.724 N
1004 128 29.645 5.509 -10.847 C
1005 128 29.541 6.320 -9.543 C
1006 128 29.423 7.546 -9.559 O
1007 128 28.283 5.169 -11.485 C
1008 128 28.491 4.005 -12.492 C
1009 128 27.228 3.360 -13.046 C
1010 128 26.209 4.207 -13.190 O
1011 128 27.190 2.175 -13.392 O
1012 129 29.606 5.633 -8.395 N
1013 129 29.548 6.312 -7.092 C
1014 129 30.815 7.212 -6.864 C
1015 129 30.730 8.341 -6.380 O
1016 129 29.372 5.259 -5.988 C
1017 130 31.991 6.685 -7.229 N
1018 130 33.278 7.399 -7.124 C
1019 130 33.229 8.678 -7.914 C
1020 130 33.688 9.699 -7.459 O
1021 130 34.400 6.553 -7.700 C
1022 131 32.696 8.613 -9.122 N
1023 131 32.590 9.794 -9.973 C
1024 131 31.674 10.861 -9.384 C
1025 131 31.971 12.044 -9.376 O
1026 131 32.184 9.486 -11.442 C
1027 131 31.760 10.754 -12.159 C
1028 131 33.361 8.859 -12.212 C
1029 132 30.521 10.472 -8.882 N
1030 132 29.566 11.427 -8.315 C
1031 132 30.066 11.975 -6.955 C
1032 132 29.885 13.141 -6.554 O
1033 132 28.182 10.704 -8.190 C
1034 132 27.068 11.575 -7.619 C
1035 132 26.862 11.693 -6.380 O
1036 132 26.376 12.259 -8.517 N
1037 133 30.775 11.131 -6.230 N
1038 133 31.308 11.573 -4.951 C
1039 133 32.316 12.758 -5.134 C
1040 133 32.458 13.622 -4.273 O
1041 133 31.997 10.400 -4.191 C
1042 133 31.003 9.521 -3.380 C
1043 133 31.700 8.224 -2.936 C
1044 133 30.439 10.286 -2.179 C
1045 134 33.047 12.756 -6.241 N
1046 134 34.092 13.779 -6.504 C
1047 134 33.532 15.166 -6.854 C
1048 134 34.229 16.166 -6.793 O
1049 134 35.172 13.233 -7.450 C
1050 135 32.265 15.207 -7.242 N
1051 135 31.618 16.484 -7.596 C
1052 135 31.024 17.085 -6.332 C
1053 135 29.806 17.035 -6.136 O
1054 135 30.437 16.203 -8.501 C
1055 135 30.919 15.569 -9.779 C
1056 135 29.809 15.611 -10.805 C
1057 135 30.140 14.860 -12.081 C
1058 135 29.117 13.836 -12.439 N
1059 136 31.878 17.496 -5.418 N
1060 136 31.391 18.010 -4.172 C
1061 136 32.334 19.078 -3.639 C
1062 136 33.494 19.094 -4.011 O
1063 136 31.274 16.830 -3.187 C
1064 136 32.577 16.273 -2.996 O
1065 137 31.883 19.901 -2.721 N
1066 137 32.780 20.845 -2.088 C
1067 137 33.830 20.065 -1.284 C
1068 137 34.984 20.456 -1.190 O
1069 137 31.989 21.687 -1.088 C
1070 137 32.895 22.744 -0.409 C
1071 137 32.184 23.472 0.723 C
1072 137 32.920 24.645 1.208 N
1073 137 33.824 24.540 2.199 C
1074 137 34.110 23.361 2.789 N
1075 137 34.470 25.632 2.617 N
1076 138 33.409 18.928 -0.675 N
1077 138 34.267 18.031 0.129 C
1078 138 35.592 17.695 -0.575 C
1079 138 36.680 17.876 -0.044 O
1080 138 33.445 16.739 0.527 C
1081 138 34.252 15.592 1.091 C
1082 138 34.919 15.542 2.300 C
1083 138 34.223 14.227 0.603 C
1084 138 35.470 14.288 2.502 N
1085 138 35.040 13.454 1.479 C
1086 138 33.647 13.675 -0.519 C
1087 138 35.242 12.065 1.280 C
1088 138 33.885 12.329 -0.750 C
1089 138 34.644 11.543 0.158 C
1090 139 35.459 17.154 -1.801 N
1091 139 36.538 16.764 -2.636 C
1092 139 37.402 17.968 -3.048 C
1093 139 38.635 17.872 -3.104 O
1094 139 35.961 16.073 -3.892 C
1095 139 36.991 15.564 -4.842 C
1096 139 37.552 14.295 -4.613 C
1097 139 37.418 16.338 -5.932 C
1098 139 38.499 13.787 -5.501 C
1099 139 38.409 15.853 -6.795 C
1100 139 38.931 14.572 -6.574 C
1101 139 39.870 14.044 -7.421 O
1102 140 36.776 19.086 -3.405 N
1103 140 37.579 20.276 -3.816 C
1104 140 38.369 20.925 -2.652 C
1105 140 39.522 21.372 -2.811 O
1106 140 36.701 21.301 -4.544 C
1107 140 36.335 20.831 -5.920 C
1108 140 35.213 20.425 -6.161 O
1109 140 37.308 20.774 -6.793 N
1110 141 37.806 20.893 -1.446 N
1111 141 38.457 21.451 -0.254 C
1112 141 39.473 20.519 0.407 C
1113 141 40.460 20.985 1.004 O
1114 141 37.472 21.882 0.875 C
1115 141 36.473 22.934 0.412 C
1116 141 37.125 24.177 -0.152 C
1117 141 36.912 24.586 -1.341 O
1118 141 37.897 24.793 0.718 N
1119 142 39.230 19.199 0.422 N
1120 142 40.210 18.240 1.048 C
1121 142 40.445 17.141 0.073 C
1122 142 40.150 16.009 0.374 O
1123 142 39.713 17.611 2.391 C
1124 142 38.364 17.130 2.255 O
1125 142 39.770 18.668 3.508 C
1126 143 41.008 17.468 -1.064 N
1127 143 41.189 16.467 -2.128 C
1128 143 42.031 15.201 -1.798 C
1129 143 41.711 14.140 -2.260 O
1130 143 41.749 17.224 -3.345 C
1131 143 42.414 18.464 -2.755 C
1132 143 41.827 18.716 -1.355 C
1133 144 43.117 15.258 -1.045 N
1134 144 43.870 14.018 -0.834 C
1135 144 43.114 13.029 0.068 C
1136 144 43.117 11.827 -0.192 O
1137 144 45.302 14.265 -0.316 C
1138 144 46.158 15.023 -1.334 C
1139 144 46.068 14.903 -2.570 O
1140 144 46.993 15.846 -0.796 N
1141 145 42.488 13.563 1.122 N
1142 145 41.708 12.757 2.001 C
1143 145 40.477 12.176 1.254 C
1144 145 40.223 10.973 1.400 O
1145 145 41.247 13.497 3.246 C
1146 145 40.138 12.689 3.969 C
1147 145 39.724 13.310 5.263 C
1148 145 38.958 12.422 6.108 N
1149 145 38.862 12.806 7.384 C
1150 145 39.465 13.931 7.770 N
1151 145 38.201 12.083 8.294 N
1152 146 39.691 13.039 0.490 N
1153 146 38.554 12.600 -0.273 C
1154 146 38.982 11.436 -1.197 C
1155 146 38.356 10.409 -1.271 O
1156 146 37.928 13.749 -1.052 C
1157 147 40.029 11.588 -1.968 N
1158 147 40.561 10.533 -2.865 C
1159 147 40.843 9.219 -2.119 C
1160 147 40.566 8.136 -2.629 O
1161 147 41.877 11.001 -3.450 C
1162 147 41.655 11.606 -4.791 C
1163 147 42.876 12.298 -5.314 C
1164 147 42.465 13.532 -6.097 C
1165 147 43.385 14.661 -5.904 N
1166 148 41.395 9.309 -0.879 N
1167 148 41.624 8.073 -0.153 C
1168 148 40.290 7.321 0.111 C
1169 148 40.190 6.081 -0.070 O
1170 148 42.463 8.232 1.141 C
1171 148 43.965 8.523 0.872 C
1172 148 44.758 8.460 2.152 C
1173 148 44.405 9.489 3.125 N
1174 148 44.949 10.742 3.184 C
1175 148 45.803 11.157 2.240 N
1176 148 44.584 11.612 4.119 N
1177 149 39.260 8.093 0.588 N
1178 149 37.929 7.560 0.933 C
1179 149 37.233 7.023 -0.287 C
1180 149 36.721 5.911 -0.280 O
1181 149 37.116 8.586 1.673 C
1182 149 35.652 8.154 1.872 C
1183 149 37.841 8.911 2.994 C
1184 150 37.263 7.829 -1.329 N
1185 150 36.679 7.468 -2.585 C
1186 150 37.312 6.167 -3.146 C
1187 150 36.643 5.355 -3.769 O
1188 150 36.734 8.601 -3.646 C
1189 150 35.754 9.753 -3.352 C
1190 150 36.398 7.978 -5.007 C
1191 150 35.896 10.969 -4.261 C
1192 151 38.637 5.974 -3.025 N
1193 151 39.275 4.764 -3.567 C
1194 151 38.833 3.529 -2.793 C
1195 151 38.722 2.444 -3.353 O
1196 151 40.815 4.860 -3.532 C
1197 151 41.188 5.897 -4.376 O
1198 151 41.506 3.550 -3.966 C
1199 152 38.641 3.731 -1.490 N
1200 152 38.174 2.699 -0.579 C
1201 152 36.775 2.236 -1.008 C
1202 152 36.511 1.038 -1.027 O
1203 152 38.214 3.132 0.902 C
1204 152 39.489 3.604 1.217 O
1205 152 37.914 1.978 1.839 C
1206 153 35.867 3.186 -1.363 N
1207 153 34.541 2.810 -1.824 C
1208 153 34.622 2.111 -3.189 C
1209 153 33.872 1.198 -3.508 O
1210 153 33.641 4.052 -1.977 C
1211 153 32.960 4.508 -0.735 C
1212 153 32.101 3.648 -0.042 C
1213 153 33.045 5.835 -0.290 C
1214 153 31.406 4.072 1.099 C
1215 153 32.348 6.276 0.845 C
1216 153 31.527 5.389 1.550 C
1217 154 35.517 2.573 -4.062 N
1218 154 35.638 1.997 -5.405 C
1219 154 36.148 0.549 -5.476 C
1220 154 35.579 -0.270 -6.202 O
1221 154 36.457 2.887 -6.358 C
1222 154 36.149 2.585 -7.820 C
1223 154 37.087 3.345 -8.752 C
1224 154 38.330 3.564 -8.035 N
1225 154 39.449 2.883 -8.269 C
1226 154 39.497 1.941 -9.234 N
1227 154 40.542 3.164 -7.536 N
1228 155 37.178 0.245 -4.673 N
1229 155 37.858 -1.020 -4.689 C
1230 155 37.474 -1.970 -3.601 C
1231 155 37.695 -3.154 -3.683 O
1232 155 39.405 -0.791 -4.669 C
1233 155 39.871 -0.421 -3.372 O
1234 155 39.830 0.226 -5.726 C
1235 156 37.064 -1.459 -2.493 N
1236 156 36.767 -2.327 -1.392 C
1237 156 37.982 -2.910 -0.674 C
1238 156 37.845 -3.875 0.058 O
1239 157 39.157 -2.288 -0.808 N
1240 157 40.376 -2.709 -0.113 C
1241 157 40.957 -1.483 0.658 C
1242 157 40.445 -0.364 0.503 O
1243 157 41.414 -3.069 -1.190 C
1244 157 41.891 -1.886 -1.811 O
1245 157 40.755 -3.907 -2.274 C
1246 158 42.046 -1.702 1.407 N
1247 158 42.751 -0.674 2.154 C
1248 158 43.974 -0.113 1.420 C
1249 158 44.811 0.577 2.005 O
1250 158 43.216 -1.249 3.479 C
1251 158 42.127 -1.667 4.395 C
1252 158 41.827 -2.944 4.733 C
1253 158 41.258 -0.824 5.181 C
1254 158 40.807 -2.975 5.651 N
1255 158 40.428 -1.688 5.947 C
1256 158 41.102 0.577 5.306 C
1257 158 39.479 -1.201 6.850 C
1258 158 40.152 1.046 6.173 C
1259 158 39.342 0.176 6.942 C
1260 159 44.055 -0.366 0.127 N
1261 159 45.196 0.067 -0.682 C
1262 159 45.621 1.529 -0.519 C
1263 159 46.801 1.824 -0.437 O
1264 159 45.011 -0.223 -2.185 C
1265 159 44.873 -1.695 -2.528 C
1266 159 45.316 -2.519 -1.589 O
1267 159 44.396 -2.061 -3.599 O
1268 160 44.652 2.445 -0.531 N
1269 160 44.907 3.877 -0.433 C
1270 160 45.612 4.204 0.860 C
1271 160 46.247 5.237 1.010 O
1272 160 43.606 4.695 -0.665 C
1273 161 45.482 3.328 1.824 N
1274 161 46.071 3.623 3.104 C
1275 161 47.340 2.817 3.333 C
1276 161 47.911 2.898 4.403 O
1277 161 45.086 3.367 4.255 C
1278 161 43.986 4.403 4.315 C
1279 161 42.836 4.238 3.538 C
1280 161 44.123 5.534 5.117 C
1281 161 41.826 5.213 3.565 C
1282 161 43.156 6.551 5.138 C
1283 161 42.001 6.360 4.355 C
1284 161 41.010 7.295 4.376 O
1285 162 47.746 1.969 2.399 N
1286 162 48.952 1.182 2.660 C
1287 162 50.129 1.753 1.870 C
1288 162 51.029 2.406 2.417 O
1289 162 48.754 -0.279 2.393 C
1290 162 47.983 -0.928 3.530 C
1291 162 47.043 -2.038 3.059 C
1292 162 47.366 -2.596 1.660 C
1293 162 46.449 -3.700 1.260 N
