1290 3024
0 2
0 3
0 4
1 3
1 5
1 8
2 4
2 5
2 9
3 8
3 9
4 6
5 7
8 10
8 11
8 12
8 13
9 11
9 13
9 14
9 16
10 12
10 13
10 14
10 17
10 18
11 16
11 17
11 18
11 44
12 14
12 15
12 16
14 15
14 24
14 35
16 18
16 20
16 22
16 24
17 19
17 21
17 22
17 23
17 24
18 20
18 21
18 22
18 25
18 26
19 21
19 24
19 25
19 26
19 52
20 23
21 22
23 758
24 26
24 28
24 29
24 35
25 27
25 29
25 35
26 28
26 36
26 37
26 44
27 35
27 36
27 37
27 60
28 30
28 31
28 35
29 32
29 33
29 34
30 31
30 33
30 34
31 32
31 34
32 33
35 37
35 39
35 40
35 44
36 38
36 40
36 44
37 39
37 45
37 46
38 39
38 44
38 45
38 46
38 47
39 41
39 42
39 44
40 42
40 43
42 43
44 46
44 48
44 52
45 47
45 49
45 52
46 48
46 49
46 53
46 54
47 52
47 53
47 54
47 71
47 79
48 50
48 52
49 51
52 54
52 56
52 57
52 60
53 55
53 57
53 59
53 60
54 56
54 61
54 62
54 71
55 60
55 61
55 62
55 79
55 87
56 58
56 59
58 59
60 62
60 64
60 71
61 63
61 65
61 71
62 64
62 65
62 72
62 73
63 65
63 69
63 71
63 72
63 96
64 66
65 67
65 68
65 69
66 68
66 69
67 69
67 70
69 70
71 73
71 75
71 76
71 79
72 74
72 76
72 77
72 79
73 75
73 77
73 80
73 81
74 77
74 79
74 80
74 81
75 78
75 79
76 77
79 81
79 83
79 84
79 87
80 82
80 84
80 85
80 87
81 83
81 88
82 87
82 88
83 85
83 86
85 86
85 1169
85 1172
86 788
86 1280
87 89
87 91
87 92
87 96
88 90
88 92
88 93
88 94
88 96
89 91
89 97
89 98
89 99
90 91
90 96
90 97
90 98
91 93
91 94
92 94
92 95
93 1146
94 95
95 1145
95 1146
95 1147
96 98
96 99
97 99
97 100
98 101
99 100
99 101
100 102
100 103
100 104
101 103
101 105
101 106
101 108
102 104
102 105
102 109
103 104
103 108
103 109
103 113
104 106
104 107
106 107
108 110
108 111
108 112
108 113
108 235
109 111
109 113
109 119
110 112
110 120
111 112
111 119
111 120
111 232
111 233
112 114
112 115
113 115
114 116
114 117
115 117
115 118
117 118
119 121
119 123
119 124
119 127
120 122
120 124
120 126
120 127
121 123
121 128
122 123
122 127
122 128
123 125
123 126
125 126
127 129
127 130
127 131
127 132
128 130
128 132
128 136
129 131
129 137
129 138
129 139
130 136
130 137
130 138
130 139
131 133
131 136
132 134
133 135
136 138
136 139
136 140
136 141
137 139
137 141
137 142
137 144
138 140
138 142
138 145
139 140
139 144
139 145
140 143
141 142
142 143
142 144
144 146
144 147
144 148
144 149
144 220
145 147
145 149
145 156
146 148
146 149
146 157
147 156
147 157
147 217
148 150
148 151
148 156
149 152
149 153
149 154
150 151
150 153
150 154
151 152
151 154
151 159
152 153
152 155
153 155
154 223
155 223
156 158
156 159
156 160
156 161
157 159
157 161
157 165
158 160
158 166
158 167
158 168
159 160
159 165
159 166
159 168
160 162
161 163
162 164
162 192
165 167
165 168
165 169
165 171
165 196
166 168
166 170
166 171
166 173
167 169
167 170
167 171
167 174
167 175
167 180
168 173
168 174
168 175
168 189
169 171
169 172
169 173
171 172
171 173
171 180
171 189
171 193
173 175
173 177
173 178
173 179
173 180
174 176
174 178
174 179
174 180
175 177
175 178
175 181
176 177
176 180
176 181
178 179
178 180
180 182
180 184
180 185
180 189
181 183
181 185
181 186
181 187
181 189
182 184
182 190
183 184
183 189
183 190
184 186
184 187
185 187
185 188
187 188
188 1070
189 191
189 193
190 192
190 193
191 194
192 193
192 194
193 195
193 196
193 197
193 198
194 196
194 198
194 199
194 205
195 197
195 206
195 207
196 197
196 205
196 206
196 207
196 222
197 199
197 200
197 205
198 201
198 202
198 203
199 200
199 202
199 203
200 201
200 203
201 202
201 204
202 204
205 207
205 208
205 209
205 210
206 208
206 210
206 211
206 217
207 209
207 218
208 209
208 217
208 218
208 266
209 211
209 212
210 213
210 214
210 215
211 212
211 214
211 215
212 213
212 215
213 214
213 216
214 216
217 219
217 220
217 221
217 222
218 220
218 222
218 223
218 224
219 221
219 223
219 225
219 228
220 224
220 225
221 224
222 223
223 224
224 226
224 227
224 228
224 230
224 251
225 227
225 229
225 230
225 232
226 228
226 230
226 233
226 234
227 232
227 233
227 234
227 248
228 231
228 232
229 230
230 231
232 234
232 235
233 235
233 236
234 237
235 236
235 237
236 238
236 240
236 241
236 244
237 239
237 241
237 242
237 244
238 240
238 242
238 245
238 246
239 240
239 242
239 244
239 245
239 246
240 243
241 242
244 246
244 248
245 247
245 248
246 249
246 250
247 248
247 249
247 250
247 258
248 250
248 251
248 252
249 251
249 253
249 258
250 252
250 253
250 259
250 260
251 252
251 258
251 259
251 260
252 254
252 255
253 256
253 257
254 255
254 257
254 550
254 551
255 256
258 260
258 261
258 262
259 261
259 263
259 264
259 266
260 262
260 263
260 267
261 262
261 266
261 267
262 264
262 265
264 265
266 268
266 270
266 271
266 274
267 269
267 271
267 274
268 270
268 275
269 274
269 275
270 272
270 273
270 274
272 273
274 276
274 277
274 278
274 280
275 277
275 279
275 280
275 281
276 278
276 279
276 280
276 282
276 283
276 290
277 278
277 280
277 281
277 282
278 281
279 280
279 281
279 290
281 283
281 285
281 286
281 290
282 284
282 286
282 290
283 285
283 291
283 292
284 285
284 290
284 291
284 292
285 287
286 288
287 289
290 292
290 293
290 294
291 293
291 295
291 296
291 302
292 294
292 295
292 297
292 298
292 302
292 303
293 296
293 297
293 298
293 303
295 296
295 303
296 298
296 300
296 301
296 303
297 299
297 301
297 302
297 303
298 300
298 304
298 305
299 300
299 303
299 304
300 302
303 305
303 306
303 307
304 306
304 308
304 309
305 307
305 308
305 310
305 311
305 317
306 307
306 309
306 310
306 311
306 317
306 325
306 330
308 317
308 325
309 311
309 313
309 317
310 312
310 314
310 315
310 317
311 313
311 314
311 318
311 319
312 313
312 314
312 317
312 318
312 335
313 315
313 316
315 316
317 319
317 321
317 325
318 320
318 322
318 323
318 325
319 321
319 326
319 327
319 330
320 321
320 325
320 326
320 327
320 328
320 330
320 344
321 323
321 324
323 324
325 327
325 329
325 330
326 328
326 330
327 329
327 331
328 330
328 331
330 332
330 334
330 335
331 333
331 335
332 334
332 336
332 337
333 335
333 336
333 337
333 357
335 337
335 339
335 344
336 338
336 340
336 344
337 339
337 345
337 346
338 344
338 345
338 346
338 365
339 341
339 344
340 342
341 343
343 431
344 346
344 348
345 347
345 348
346 349
346 350
346 357
347 348
347 349
347 350
347 365
347 373
348 350
348 352
348 353
348 357
349 351
349 353
349 354
349 357
350 352
350 358
350 359
351 357
351 358
351 359
351 382
352 354
352 355
352 357
353 355
353 356
355 356
357 359
357 361
357 365
358 360
358 362
358 363
358 365
359 361
359 362
359 366
359 367
360 365
360 366
360 367
360 387
361 363
361 364
363 364
364 423
365 367
365 369
365 370
365 373
366 368
366 370
366 371
366 373
367 369
367 374
367 375
368 373
368 374
368 375
368 395
369 371
369 372
369 373
371 372
371 402
371 418
371 423
373 375
373 377
373 382
374 376
374 378
374 382
375 377
375 378
375 383
375 384
376 382
376 383
376 384
377 379
377 380
377 382
378 380
379 381
382 384
382 386
382 387
383 385
383 387
384 386
384 388
385 387
385 388
387 389
387 391
387 392
387 395
388 390
388 392
388 393
388 394
388 395
389 391
389 393
389 396
389 397
390 391
390 393
390 395
390 396
390 397
391 394
392 393
393 394
395 397
395 399
396 398
396 399
397 400
397 403
398 399
398 400
398 403
399 401
399 402
399 403
400 402
400 404
400 410
401 403
401 404
401 411
401 412
402 410
402 411
403 405
403 410
404 406
404 407
404 408
405 407
405 408
406 408
406 409
406 484
408 409
408 413
409 483
410 412
410 413
410 414
411 413
411 415
411 416
411 417
411 418
412 414
412 419
413 414
413 418
413 419
414 416
414 417
416 417
418 420
418 422
418 423
418 424
418 425
419 421
419 423
419 424
419 425
420 422
420 423
420 426
420 427
420 429
420 433
421 422
421 425
421 426
421 427
421 429
422 425
423 424
423 425
423 433
425 427
425 429
425 433
426 428
426 430
426 431
426 433
427 429
427 434
428 429
428 430
428 433
428 434
429 431
429 432
431 432
433 435
433 437
434 436
434 437
435 438
436 437
436 438
437 439
437 440
437 441
437 443
438 440
438 442
438 443
438 444
439 441
439 442
439 445
440 444
440 445
442 443
442 444
444 446
444 447
444 448
444 449
444 450
445 447
445 449
445 450
445 452
446 448
446 449
446 453
447 452
447 453
448 451
448 452
449 450
450 451
452 454
452 455
452 456
452 457
452 458
453 455
453 457
453 458
453 459
454 456
454 457
454 460
454 461
455 457
455 459
455 460
455 461
455 476
455 485
456 459
457 458
459 461
459 463
459 468
460 462
460 464
460 468
461 463
461 464
461 469
461 470
462 468
462 469
462 470
462 485
462 490
463 465
463 468
464 466
465 467
468 470
468 472
468 473
468 474
468 476
469 471
469 473
469 474
469 476
470 472
470 477
470 478
471 476
471 477
471 478
471 499
472 474
472 475
472 476
474 475
476 478
476 480
476 481
476 485
477 479
477 481
477 485
478 480
478 486
478 487
479 485
479 486
479 487
479 508
480 482
480 483
481 483
481 484
483 484
485 487
485 489
485 490
486 488
486 490
487 489
487 491
487 492
488 490
488 491
488 492
488 516
489 490
490 492
490 494
490 495
490 499
491 493
491 495
491 499
492 494
492 500
492 501
493 499
493 500
493 501
493 527
494 496
494 497
495 497
495 498
497 498
499 501
499 503
499 508
500 502
500 504
500 508
501 503
501 504
501 509
501 510
501 516
502 508
502 509
502 510
502 527
502 535
503 505
503 508
504 506
505 507
508 510
508 512
508 513
508 516
509 511
509 513
509 515
509 516
510 512
510 517
510 518
511 516
511 517
511 518
511 544
512 514
512 515
512 516
514 515
516 518
516 520
516 527
517 519
517 521
517 522
517 527
518 520
518 521
518 528
518 529
519 527
519 528
519 529
519 552
520 522
520 523
520 527
521 524
521 525
521 526
522 523
522 525
522 526
523 524
523 526
524 525
527 529
527 531
527 532
527 535
528 530
528 532
528 533
528 535
529 531
529 536
529 537
530 535
530 536
530 537
530 559
531 533
531 534
531 535
533 534
535 537
535 539
535 540
535 544
536 538
536 540
536 544
537 539
537 545
537 546
538 539
538 544
538 545
538 546
538 567
539 541
539 543
539 544
540 542
540 543
542 543
544 546
544 548
544 549
544 552
545 547
545 549
545 550
545 552
546 548
546 553
546 554
547 552
547 553
547 554
547 572
548 550
548 551
550 551
552 554
552 556
552 558
552 559
553 555
553 557
553 558
553 559
554 556
554 557
554 560
554 561
555 559
555 560
555 561
555 572
555 577
556 559
557 558
559 561
559 563
559 567
560 562
560 564
560 565
560 567
561 563
561 568
561 569
561 572
562 567
562 568
562 569
562 584
563 565
563 566
565 566
566 591
566 594
567 569
567 571
567 572
568 570
568 572
569 571
569 573
569 574
570 572
570 573
570 574
570 575
570 595
571 572
572 574
572 576
572 577
573 575
573 577
574 576
574 578
574 579
575 577
575 578
575 579
575 599
576 577
577 579
577 581
577 583
577 584
578 580
578 582
578 583
578 584
579 581
579 582
579 585
579 586
580 584
580 585
580 586
580 607
581 584
582 583
584 586
584 588
584 595
585 587
585 589
585 595
586 588
586 596
586 597
587 595
587 596
587 597
587 615
588 590
588 591
588 593
589 591
590 592
590 593
591 593
591 594
593 594
595 597
595 599
596 598
596 599
597 600
597 601
598 599
598 600
598 601
598 626
598 630
599 601
599 603
599 604
599 607
600 602
600 604
600 605
600 607
601 603
601 605
601 608
601 609
602 605
602 607
602 608
602 609
602 626
603 606
603 607
604 605
605 606
607 609
607 611
607 612
607 615
608 610
608 612
608 614
608 615
609 611
609 616
610 611
610 615
610 616
610 662
611 613
611 614
613 614
615 617
615 619
615 626
616 618
616 620
616 626
617 619
617 627
618 619
618 626
618 627
619 621
620 622
621 623
621 624
622 624
622 625
624 625
626 628
626 629
626 630
627 629
627 631
627 632
627 634
628 630
628 631
628 632
628 635
628 636
628 639
629 634
629 635
629 636
629 639
629 656
630 632
630 633
632 633
632 639
632 648
633 841
633 842
633 844
634 636
634 638
634 639
635 637
635 639
636 638
636 640
636 641
637 638
637 639
637 640
639 641
639 643
639 644
639 648
640 642
640 644
640 648
641 643
641 649
641 650
642 643
642 648
642 649
643 645
643 648
644 646
644 647
645 647
648 650
648 652
648 653
648 656
649 651
649 653
649 655
649 656
650 652
650 657
650 658
651 656
651 657
651 658
651 672
651 679
652 654
652 655
654 655
656 658
656 660
656 665
656 671
657 659
657 661
657 665
657 671
658 660
658 661
658 666
658 667
658 671
658 672
659 661
659 665
659 666
659 667
659 691
660 662
660 665
661 663
661 664
662 664
664 698
665 667
665 669
665 670
665 672
666 668
666 670
666 671
666 672
667 669
667 673
667 674
668 672
668 673
668 674
668 699
669 671
669 672
672 674
672 676
672 678
672 679
673 675
673 677
673 678
673 679
674 676
674 677
674 680
674 681
675 679
675 680
675 681
675 699
675 704
676 679
677 678
679 681
679 683
679 691
680 682
680 684
680 691
681 683
681 684
681 692
681 693
681 699
682 691
682 692
682 693
682 699
682 705
682 751
683 685
683 686
683 691
684 687
684 688
684 689
685 686
685 688
685 689
686 687
686 689
687 688
687 690
688 690
691 693
691 695
691 696
691 697
691 699
692 694
692 696
692 697
692 699
693 695
693 700
693 701
694 695
694 699
694 700
694 701
694 754
695 697
695 698
695 699
697 698
699 701
699 703
699 704
699 705
700 702
700 704
700 705
701 703
701 704
701 706
702 703
702 705
702 706
702 965
705 707
705 708
705 709
705 710
706 708
706 710
706 713
707 709
707 714
707 715
707 716
708 709
708 713
708 714
708 751
709 711
709 712
709 713
711 712
713 715
713 716
713 717
713 718
713 719
714 716
714 718
714 719
714 720
714 721
715 717
715 718
715 720
715 722
715 723
716 721
716 722
716 723
716 744
717 719
717 720
717 721
719 720
719 742
720 726
721 723
721 725
721 726
722 724
722 726
723 725
723 727
723 728
724 726
724 727
724 728
726 728
726 730
726 732
726 733
727 729
727 731
727 732
727 733
728 730
728 731
728 734
728 735
729 733
729 734
729 735
729 755
729 759
730 733
731 732
733 735
733 737
733 738
733 744
734 736
734 738
734 744
735 737
735 745
735 746
735 755
736 737
736 744
736 745
736 746
736 760
736 765
737 739
738 740
739 741
739 742
740 742
740 743
740 1205
742 743
744 746
744 748
744 749
744 755
745 747
745 749
745 755
746 748
746 756
746 757
747 755
747 756
747 757
747 773
748 750
749 751
750 752
750 753
751 753
751 754
753 754
755 757
755 759
755 760
756 758
756 760
757 759
757 761
757 762
758 760
758 761
758 762
758 781
760 762
760 764
760 765
761 763
761 765
762 764
762 766
762 767
763 765
763 766
763 767
763 789
765 767
765 769
765 773
766 768
766 770
766 771
766 773
767 769
767 770
767 774
767 775
767 781
768 773
768 774
768 775
768 797
769 771
769 772
771 772
773 775
773 777
773 778
773 781
774 776
774 778
774 779
774 781
775 777
775 779
775 782
775 783
776 779
776 781
776 782
776 783
776 797
776 804
777 780
777 781
778 779
779 780
781 783
781 785
781 789
782 784
782 786
782 787
782 789
783 785
783 787
783 790
783 791
783 797
784 787
784 789
784 790
784 791
784 815
785 787
785 788
785 789
787 788
787 1147
789 791
789 793
789 794
789 797
790 792
790 794
790 797
791 793
791 798
791 799
792 797
792 798
792 799
792 824
793 795
793 797
794 796
797 799
797 801
797 803
797 804
798 800
798 802
798 803
798 804
799 801
799 802
799 805
799 806
799 815
800 802
800 804
800 805
800 806
800 815
800 832
802 803
804 806
804 808
804 815
805 807
805 809
805 815
806 808
806 809
806 816
807 815
807 816
808 810
808 811
808 815
809 812
809 813
809 814
810 811
810 813
810 814
811 812
811 814
812 813
815 817
815 819
815 824
816 818
816 820
816 824
817 819
817 820
817 825
818 819
818 820
818 824
818 825
819 821
819 822
819 824
820 822
820 823
822 823
822 1080
824 826
824 828
824 832
825 827
825 829
825 832
826 828
826 833
826 834
826 835
827 828
827 832
827 833
827 835
828 830
829 831
832 834
832 835
833 835
833 836
834 837
834 838
835 836
835 837
835 838
836 838
836 840
836 845
837 839
837 841
837 845
838 840
838 846
838 847
839 845
839 846
839 847
839 863
840 842
840 843
840 845
841 843
841 844
843 844
845 847
845 849
845 850
845 852
846 848
846 850
846 851
846 852
847 849
847 851
847 853
847 854
848 852
848 853
848 854
850 851
852 854
852 856
853 855
853 856
854 857
854 858
855 856
855 857
855 858
855 868
856 858
856 860
856 862
856 863
857 859
857 861
857 862
857 863
858 860
858 861
858 864
858 865
858 868
859 863
859 864
859 865
859 868
859 872
861 862
863 865
863 867
863 868
864 866
864 868
865 867
865 869
866 868
866 869
868 870
868 872
869 871
869 872
870 873
870 883
871 872
871 873
871 883
872 874
872 876
872 877
872 878
872 883
873 875
873 877
873 878
873 883
874 876
874 884
874 885
875 876
875 883
875 884
875 885
875 890
875 898
875 904
876 878
876 879
877 880
877 881
877 882
878 879
878 881
878 882
879 880
879 882
880 881
883 885
883 887
883 888
883 890
884 886
884 888
884 889
884 890
885 887
885 889
885 891
885 892
886 889
886 890
886 891
886 892
887 890
888 889
890 892
890 894
890 895
890 896
890 898
891 893
891 895
891 896
891 898
892 894
892 899
892 900
893 898
893 899
893 900
893 923
894 896
894 897
896 897
898 900
898 902
898 903
898 904
899 901
899 903
899 904
900 902
900 905
900 906
900 912
901 902
901 904
901 905
901 906
901 923
901 931
902 904
903 1031
904 906
904 908
904 909
904 912
905 907
905 909
905 912
906 908
906 913
906 914
907 912
907 913
907 914
907 939
908 910
908 911
910 911
912 914
912 916
912 923
913 915
913 917
913 923
914 916
914 917
914 924
914 925
915 923
915 924
915 925
915 948
916 918
916 923
917 919
918 920
918 921
919 921
919 922
921 922
923 925
923 927
923 928
923 931
924 926
924 928
924 931
925 927
925 932
925 933
926 931
926 932
926 933
926 957
926 966
927 929
928 930
931 933
931 935
931 936
931 939
932 934
932 936
932 939
933 935
933 940
933 941
933 948
934 939
934 940
934 941
934 957
935 937
935 938
935 939
937 938
939 941
939 943
939 948
940 942
940 944
940 948
941 943
941 944
941 949
941 950
941 957
942 948
942 949
943 945
943 946
944 946
944 947
946 947
948 950
948 952
948 953
948 957
949 951
949 953
949 957
950 952
950 958
950 959
950 961
951 952
951 957
951 958
951 959
952 954
952 955
952 956
953 955
953 956
955 956
955 975
957 959
957 961
957 962
957 966
958 960
958 962
958 966
959 961
959 967
960 961
960 966
960 967
961 963
962 964
963 965
966 968
966 969
966 970
966 971
966 977
967 969
967 971
967 977
968 970
968 978
968 979
969 970
969 977
969 978
969 979
969 1008
970 972
971 973
972 974
972 975
973 975
973 976
975 976
977 979
977 981
977 982
977 991
978 980
978 982
978 991
979 981
979 992
979 993
980 991
980 992
980 993
980 1013
981 983
981 984
981 991
982 985
982 986
982 987
983 984
983 986
984 985
984 988
984 989
984 990
985 988
986 987
986 989
986 990
987 988
987 990
988 989
991 993
991 995
991 996
991 997
991 999
992 994
992 996
992 997
992 999
993 995
993 1000
993 1001
994 999
994 1000
994 1001
994 1018
995 997
995 998
997 998
999 1001
999 1003
999 1004
999 1008
1000 1002
1000 1004
1000 1008
1001 1003
1001 1009
1001 1010
1002 1008
1002 1009
1002 1010
1002 1025
1003 1005
1003 1006
1004 1006
1004 1007
1006 1007
1008 1010
1008 1012
1008 1013
1009 1011
1009 1013
1010 1012
1010 1014
1010 1015
1011 1013
1011 1014
1011 1015
1011 1033
1012 1013
1013 1015
1013 1017
1013 1018
1014 1016
1014 1018
1015 1017
1015 1019
1015 1020
1016 1018
1016 1019
1016 1020
1018 1020
1018 1022
1018 1024
1018 1025
1019 1021
1019 1023
1019 1024
1019 1025
1020 1022
1020 1023
1020 1026
1020 1027
1021 1023
1021 1025
1021 1026
1021 1027
1022 1025
1023 1024
1025 1027
1025 1029
1025 1033
1026 1028
1026 1030
1026 1033
1027 1029
1027 1030
1027 1034
1027 1035
1027 1041
1028 1033
1028 1034
1028 1035
1028 1041
1028 1046
1029 1031
1029 1032
1031 1032
1033 1035
1033 1037
1033 1041
1034 1036
1034 1038
1034 1041
1035 1037
1035 1042
1035 1043
1036 1041
1036 1042
1036 1060
1037 1039
1037 1040
1039 1040
1041 1043
1041 1045
1041 1046
1042 1044
1042 1046
1043 1045
1043 1047
1044 1045
1044 1046
1044 1047
1044 1055
1046 1048
1046 1050
1046 1051
1046 1055
1047 1049
1047 1051
1047 1055
1048 1050
1048 1056
1048 1059
1049 1050
1049 1055
1049 1056
1050 1052
1051 1053
1052 1054
1055 1057
1055 1058
1055 1059
1055 1060
1056 1058
1056 1060
1056 1061
1057 1059
1057 1060
1057 1062
1057 1063
1057 1072
1058 1060
1058 1061
1058 1062
1058 1063
1058 1098
1058 1104
1059 1061
1060 1086
1061 1063
1061 1065
1061 1072
1062 1064
1062 1066
1062 1072
1063 1065
1063 1066
1063 1073
1063 1074
1064 1066
1064 1072
1064 1073
1064 1074
1064 1098
1064 1106
1065 1067
1065 1072
1066 1068
1067 1069
1067 1070
1068 1070
1068 1071
1070 1071
1072 1074
1072 1076
1072 1086
1073 1075
1073 1077
1073 1086
1074 1076
1074 1077
1074 1087
1074 1088
1075 1086
1075 1087
1075 1088
1075 1115
1075 1120
1076 1078
1076 1079
1076 1086
1077 1080
1077 1081
1077 1082
1078 1079
1078 1081
1079 1080
1079 1083
1079 1084
1079 1085
1080 1083
1081 1082
1081 1084
1081 1085
1082 1083
1082 1085
1083 1084
1086 1088
1086 1090
1086 1098
1087 1089
1087 1091
1087 1098
1088 1090
1088 1091
1088 1099
1088 1100
1089 1098
1089 1099
1089 1100
1089 1122
1089 1123
1090 1092
1090 1093
1090 1098
1091 1094
1091 1095
1091 1096
1092 1093
1092 1095
1092 1096
1093 1094
1093 1096
1094 1095
1094 1097
1095 1097
1097 1160
1098 1100
1098 1102
1098 1103
1098 1106
1099 1101
1099 1103
1099 1105
1099 1106
1100 1102
1100 1107
1100 1108
1101 1106
1101 1107
1102 1104
1102 1105
1104 1105
1106 1108
1106 1110
1106 1111
1106 1115
1107 1109
1107 1111
1107 1112
1107 1115
1108 1110
1108 1116
1109 1110
1109 1115
1109 1116
1110 1112
1110 1114
1111 1113
1111 1114
1113 1114
1115 1117
1115 1119
1115 1120
1115 1121
1115 1122
1116 1118
1116 1120
1116 1121
1116 1122
1116 1128
1117 1119
1117 1120
1117 1123
1117 1124
1117 1128
1118 1119
1118 1120
1118 1122
1118 1123
1118 1124
1118 1148
1120 1121
1122 1124
1122 1126
1122 1127
1122 1129
1123 1125
1123 1127
1123 1128
1123 1129
1124 1126
1124 1130
1124 1131
1125 1129
1125 1130
1125 1131
1125 1153
1126 1128
1129 1131
1129 1133
1129 1134
1129 1137
1130 1132
1130 1134
1130 1135
1130 1137
1131 1133
1131 1138
1131 1139
1132 1137
1132 1138
1132 1139
1133 1135
1133 1136
1133 1137
1135 1136
1137 1139
1137 1141
1137 1148
1138 1140
1138 1142
1138 1148
1139 1141
1139 1142
1139 1149
1139 1150
1140 1148
1140 1149
1140 1150
1140 1162
1140 1173
1141 1143
1141 1148
1142 1144
1143 1145
1143 1146
1144 1146
1144 1147
1146 1147
1148 1150
1148 1152
1148 1153
1149 1151
1149 1153
1150 1152
1150 1154
1150 1155
1151 1153
1151 1154
1151 1155
1151 1173
1151 1180
1153 1155
1153 1157
1153 1158
1153 1162
1154 1156
1154 1158
1154 1162
1155 1157
1155 1163
1155 1164
1156 1162
1156 1163
1156 1164
1156 1188
1156 1193
1157 1159
1157 1162
1158 1160
1159 1161
1162 1164
1162 1166
1162 1167
1162 1173
1163 1165
1163 1167
1163 1173
1164 1166
1164 1174
1164 1175
1165 1173
1165 1174
1165 1175
1165 1195
1165 1200
1166 1168
1166 1169
1166 1173
1167 1169
1168 1170
1168 1171
1169 1171
1169 1172
1171 1172
1173 1175
1173 1177
1173 1179
1173 1180
1174 1176
1174 1178
1174 1179
1174 1180
1175 1177
1175 1178
1175 1181
1175 1182
1176 1180
1176 1181
1176 1182
1176 1195
1176 1202
1177 1180
1178 1179
1180 1182
1180 1184
1180 1185
1180 1188
1181 1183
1181 1185
1181 1186
1181 1188
1182 1184
1182 1186
1182 1189
1182 1190
1182 1195
1183 1186
1183 1188
1183 1189
1183 1190
1183 1202
1183 1213
1184 1187
1185 1186
1186 1187
1188 1190
1188 1192
1188 1193
1188 1195
1189 1191
1189 1193
1189 1194
1189 1195
1190 1192
1190 1194
1190 1196
1190 1197
1191 1192
1191 1194
1191 1195
1191 1196
1191 1197
1191 1224
1191 1229
1193 1194
1195 1197
1195 1199
1195 1200
1195 1202
1196 1198
1196 1200
1196 1201
1196 1202
1197 1199
1197 1201
1197 1203
1197 1204
1198 1202
1198 1203
1198 1204
1198 1231
1200 1201
1202 1204
1202 1206
1202 1213
1203 1205
1203 1207
1203 1213
1204 1206
1204 1214
1204 1215
1205 1213
1205 1214
1205 1215
1206 1208
1206 1209
1206 1213
1207 1210
1207 1211
1207 1212
1208 1209
1208 1211
1208 1212
1209 1210
1209 1212
1210 1211
1213 1215
1213 1217
1213 1224
1214 1216
1214 1218
1214 1224
1215 1217
1215 1225
1216 1224
1216 1225
1217 1219
1217 1220
1217 1224
1218 1220
1219 1221
1219 1222
1220 1222
1220 1223
1222 1223
1224 1226
1224 1228
1224 1229
1224 1230
1224 1231
1225 1227
1225 1229
1225 1230
1225 1231
1226 1228
1226 1229
1226 1232
1226 1233
1226 1235
1227 1228
1227 1231
1227 1232
1227 1233
1227 1235
1229 1230
1229 1240
1231 1233
1231 1235
1232 1234
1232 1235
1233 1236
1234 1235
1234 1236
1235 1237
1235 1238
1235 1239
1235 1240
1235 1241
1236 1238
1236 1240
1236 1241
1236 1242
1237 1239
1237 1240
1237 1243
1238 1240
1238 1242
1238 1243
1239 1242
1240 1241
1240 1263
1242 1244
1242 1246
1242 1247
1242 1256
1243 1245
1243 1247
1243 1256
1244 1246
1244 1257
1244 1258
1245 1246
1245 1256
1245 1257
1245 1258
1245 1264
1245 1269
1246 1248
1246 1249
1247 1250
1247 1251
1247 1252
1248 1249
1248 1251
1249 1250
1249 1253
1249 1254
1249 1255
1250 1253
1251 1252
1251 1254
1251 1255
1252 1253
1252 1255
1253 1254
1256 1258
1256 1260
1256 1261
1256 1262
1256 1264
1257 1259
1257 1261
1257 1262
1257 1264
1258 1260
1258 1265
1258 1266
1258 1269
1259 1260
1259 1264
1259 1265
1259 1266
1259 1269
1259 1281
1260 1262
1260 1263
1262 1263
1262 1289
1264 1266
1264 1268
1264 1269
1265 1267
1265 1269
1266 1268
1266 1270
1267 1268
1267 1269
1267 1270
1269 1271
1269 1273
1269 1274
1269 1281
1270 1272
1270 1274
1270 1281
1271 1273
1271 1282
1272 1273
1272 1281
1272 1282
1273 1275
1273 1276
1274 1277
1274 1278
1274 1279
1275 1276
1275 1278
1275 1279
1276 1277
1276 1279
1277 1278
1277 1280
1278 1280
1281 1283
1281 1285
1281 1286
1282 1284
1282 1286
1283 1285
1285 1287
1285 1288
1286 1288
1287 1289
1 1 44.067001 -3.145000 9.162000 N
2 1 43.523998 -1.798000 9.183000 C
3 1 42.106998 -1.932000 9.680000 C
4 1 41.471001 -2.957000 9.434000 O
5 1 43.611000 -1.279000 7.722000 C
6 1 43.056999 0.107000 7.515000 C
7 1 44.174999 1.366000 8.076000 S
8 1 45.415001 1.242000 6.788000 C
9 2 41.639000 -0.934000 10.417000 N
10 2 40.285999 -0.870000 10.956000 C
11 2 39.902000 0.620000 10.936000 C
12 2 40.761002 1.452000 10.618000 O
13 2 40.208000 -1.525000 12.361000 C
14 2 41.182999 -0.950000 13.344000 C
15 2 41.158001 0.253000 13.611000 O
16 2 42.035000 -1.791000 13.884000 N
17 3 38.657001 0.942000 11.301000 N
18 3 38.154999 2.310000 11.290000 C
19 3 39.016998 3.279000 12.132000 C
20 3 39.227001 4.448000 11.752000 O
21 3 36.636002 2.374000 11.619000 C
22 3 36.105000 3.838000 11.527000 C
23 3 36.424999 1.813000 13.036000 C
24 3 36.202000 4.460000 10.101000 C
25 4 39.460999 2.815000 13.308000 N
26 4 40.293999 3.601000 14.189000 C
27 4 41.624001 3.980000 13.576000 C
28 4 42.036999 5.131000 13.633000 O
29 4 40.535000 2.961000 15.567000 C
30 4 39.268002 2.860000 16.386000 C
31 4 38.438000 1.742000 16.278000 C
32 4 38.904999 3.859000 17.296000 C
33 4 37.261002 1.659000 17.028999 C
34 4 37.743000 3.776000 18.070999 C
35 4 36.929001 2.650000 17.954000 C
36 5 42.345001 3.025000 13.020000 N
37 5 43.604000 3.328000 12.384000 C
38 5 43.361000 4.165000 11.150000 C
39 5 44.146999 4.998000 10.795000 O
40 5 44.292999 2.058000 11.909000 C
41 5 44.591999 1.079000 13.053000 C
42 5 45.243000 -0.205000 12.551000 C
43 5 45.464001 -0.447000 11.377000 O
44 5 45.492001 -1.076000 13.499000 O
45 6 42.264000 3.929000 10.453000 N
46 6 41.993999 4.692000 9.245000 C
47 6 41.806000 6.155000 9.584000 C
48 6 42.451000 7.009000 8.979000 O
49 6 40.706001 4.196000 8.632000 C
50 6 40.279999 4.966000 7.398000 C
51 6 38.490002 4.588000 6.968000 S
52 6 38.377998 4.652000 5.157000 C
53 7 40.879002 6.452000 10.537000 N
54 7 40.632999 7.841000 10.929000 C
55 7 41.888000 8.521000 11.577000 C
56 7 42.109001 9.714000 11.457000 O
57 7 39.437000 7.949000 11.861000 C
58 7 38.127998 7.890000 11.101000 C
59 7 36.987999 7.485000 12.030000 C
60 7 37.915001 9.282000 10.485000 C
61 8 42.676998 7.757000 12.295000 N
62 8 43.902000 8.261000 12.895000 C
63 8 44.898998 8.748000 11.824000 C
64 8 45.598000 9.722000 12.046000 O
65 8 44.507000 7.304000 13.893000 C
66 8 45.942001 7.714000 14.190000 C
67 8 46.098000 8.566000 15.453000 C
68 8 47.437000 9.171000 15.645000 N
69 8 48.159000 9.908000 14.753000 C
70 8 47.792999 10.201000 13.491000 N
71 8 49.340000 10.374000 15.149000 N
72 9 44.874001 8.148000 10.632000 N
73 9 45.659000 8.562000 9.523000 C
74 9 45.008999 9.797000 8.880000 C
75 9 45.638000 10.733000 8.497000 O
76 9 45.841999 7.474000 8.481000 C
77 9 46.909000 6.457000 8.902000 C
78 9 46.150002 8.083000 7.099000 C
79 9 46.590000 5.070000 8.368000 C
80 10 43.713001 9.832000 8.745000 N
81 10 43.058998 10.977000 8.129000 C
82 10 43.042999 12.284000 8.935000 C
83 10 43.113998 13.376000 8.408000 O
84 10 41.651001 10.595000 7.657000 C
85 10 41.723000 9.788000 6.413000 C
86 10 42.629002 9.921000 5.610000 O
87 10 40.696999 8.951000 6.278000 O
88 11 42.928001 12.172000 10.235000 N
89 11 42.820999 13.325000 11.107000 C
90 11 44.117001 13.740000 11.832000 C
91 11 44.257000 14.881000 12.211000 O
92 11 41.736000 13.026000 12.171000 C
93 11 40.391998 12.650000 11.528000 C
94 11 39.678001 13.849000 10.957000 C
95 11 40.285999 14.996000 11.165000 O
96 11 38.639999 13.766000 10.354000 O
97 12 45.054001 12.817000 12.057000 N
98 12 46.283001 13.128000 12.780000 C
99 12 45.970001 13.203000 14.262000 C
100 12 44.889999 12.844000 14.692000 O
101 13 46.925999 13.601000 15.058000 N
102 13 46.701000 13.711000 16.500000 C
103 13 47.380001 14.992000 17.010000 C
104 13 48.546001 15.197000 16.791000 O
105 13 47.249001 12.509000 17.282000 C
106 13 47.368999 12.723000 18.794001 C
107 13 45.995998 12.670000 19.429001 C
108 13 48.192001 11.592000 19.393999 C
109 14 46.657001 15.844000 17.705999 N
110 14 47.188999 17.080999 18.224001 C
111 14 46.695000 17.298000 19.615999 C
112 14 45.507000 17.193001 19.896999 O
113 14 46.867001 18.238001 17.273001 C
114 14 47.703999 18.027000 15.989000 C
115 14 47.618999 19.131001 14.957000 C
116 14 48.423000 20.257999 15.390000 N
117 14 48.407001 21.469000 14.824000 C
118 14 47.613998 21.774000 13.777000 N
119 14 49.231998 22.400000 15.323000 N
120 15 47.645000 17.538000 20.483999 N
121 15 47.356998 17.691999 21.868999 C
122 15 47.047001 19.108999 22.283001 C
123 15 46.749001 19.337999 23.452000 O
124 15 48.431000 17.046000 22.743999 C
125 15 48.648998 15.560000 22.462999 C
126 15 49.636002 14.991000 23.466999 C
127 15 47.318001 14.816000 22.584999 C
128 16 47.092999 20.048000 21.351000 N
129 16 46.758999 21.427000 21.695000 C
130 16 45.678001 21.889999 20.774000 C
131 16 45.587002 21.403999 19.636999 O
132 16 47.932999 22.437000 21.691999 C
133 16 48.959999 22.142000 22.775999 C
134 16 49.910999 23.295000 23.048000 C
135 16 50.848000 23.020000 24.240999 C
136 16 51.603001 24.223000 24.666000 N
137 17 44.806999 22.778000 21.277000 N
138 17 43.723999 23.263000 20.444000 C
139 17 44.299999 23.684999 19.104000 C
140 17 45.382000 24.294001 19.042000 O
141 17 42.985001 24.433001 21.089001 C
142 17 42.333000 23.985001 22.403000 C
143 17 41.971001 25.033001 20.111000 C
144 17 41.268002 24.930000 22.930000 C
145 18 43.612000 23.382999 18.037001 N
146 18 44.147999 23.795000 16.742001 C
147 18 43.000000 24.152000 15.873000 C
148 18 41.894001 23.951000 16.294001 O
149 18 45.120998 22.775000 16.061001 C
150 18 44.419998 21.516001 15.625000 C
151 18 44.229000 20.469999 16.549999 C
152 18 43.952000 21.340000 14.315000 C
153 18 43.530998 19.320999 16.167000 C
154 18 43.264000 20.181000 13.909000 C
155 18 43.056999 19.174000 14.851000 C
156 18 42.418999 18.011999 14.526000 O
157 19 43.255001 24.711000 14.699000 N
158 19 42.195999 25.020000 13.799000 C
159 19 42.168999 23.969999 12.693000 C
160 19 43.236000 23.541000 12.165000 O
161 19 42.325001 26.409000 13.214000 C
162 19 42.032001 27.495001 14.201000 C
163 19 41.592999 28.742001 13.488000 C
164 19 41.890999 29.999001 14.276000 C
165 19 41.657001 31.225000 13.499000 N
166 20 40.943001 23.495001 12.391000 N
167 20 40.801998 22.481001 11.362000 C
168 20 40.924999 23.068001 9.952000 C
169 20 41.283001 24.237000 9.785000 O
170 20 39.617001 21.561001 11.589000 C
171 20 38.264999 22.143000 11.242000 C
172 20 38.264000 23.290001 10.677000 O
173 20 37.252998 21.559999 11.404000 O
174 21 40.609001 22.306999 8.911000 N
175 21 40.789001 22.834999 7.554000 C
176 21 39.804001 23.915001 7.223000 C
177 21 40.053001 24.698999 6.318000 O
178 21 40.740002 21.778000 6.484000 C
179 21 39.393002 21.403000 6.433000 O
180 21 41.549999 20.552000 6.919000 C
181 22 38.676998 23.943001 7.949000 N
182 22 37.620998 24.952999 7.744000 C
183 22 37.838001 26.160000 8.634000 C
184 22 37.115002 27.094999 8.505000 O
185 22 36.285000 24.374001 8.108000 C
186 22 35.865002 23.273001 7.114000 C
187 22 35.674000 23.806000 5.722000 C
188 22 35.362999 25.066000 5.704000 O
189 22 35.798000 23.145000 4.710000 O
190 23 38.844002 26.072001 9.554000 N
191 23 39.212002 27.104000 10.503000 C
192 23 38.562000 26.958000 11.864000 C
193 23 38.630001 27.910000 12.653000 O
194 24 37.930000 25.795000 12.167000 N
195 24 37.299000 25.636999 13.497000 C
196 24 38.181999 24.981001 14.484000 C
197 24 39.036999 24.163000 14.120000 O
198 24 35.994999 24.889999 13.544000 C
199 24 35.056999 25.305000 12.476000 C
200 24 34.582001 26.614000 12.422000 C
201 24 34.585999 24.377001 11.571000 C
202 24 33.645000 26.989000 11.469000 C
203 24 33.653000 24.735001 10.599000 C
204 24 33.187000 26.044001 10.553000 C
205 24 32.265999 26.410999 9.608000 O
206 25 37.931999 25.403999 15.724000 N
207 25 38.660999 24.982000 16.898001 C
208 25 38.423000 23.506001 17.160999 C
209 25 37.252998 23.117001 17.208000 O
210 25 38.247002 25.870001 18.080999 C
211 25 38.928001 27.219999 18.000999 C
212 25 40.317001 27.318001 17.893999 C
213 25 38.172001 28.393999 18.023001 C
214 25 40.957001 28.556999 17.841000 C
215 25 38.785000 29.643000 17.983000 C
216 25 40.179001 29.722000 17.900000 C
217 25 40.778999 30.954000 17.864000 O
218 26 39.537998 22.743000 17.156000 N
219 26 39.594002 21.283001 17.247000 C
220 26 40.675999 20.851999 18.221001 C
221 26 41.613998 21.573000 18.546000 O
222 26 39.879002 20.723000 15.792000 C
223 26 38.890999 21.164000 14.922000 O
224 26 40.035000 19.191999 15.614000 C
225 27 40.588001 19.622999 18.662001 N
226 27 41.627998 19.091000 19.511000 C
227 27 41.716999 17.555000 19.306999 C
228 27 40.820000 16.951000 18.768000 O
229 27 41.437000 19.472000 20.976999 C
230 27 42.784000 19.426001 21.738001 C
231 27 40.383999 18.554001 21.587999 C
232 27 42.772999 19.959999 23.169001 C
233 28 42.784000 16.910999 19.725000 N
234 28 42.889999 15.457000 19.629999 C
235 28 42.896999 14.895000 18.221001 C
236 28 43.633999 15.357000 17.341999 O
237 29 42.032001 13.884000 18.038000 N
238 29 41.867001 13.180000 16.764999 C
239 29 40.641998 13.695000 15.987000 C
240 29 39.616001 13.008000 15.790000 O
241 29 41.924000 11.620000 16.889000 C
242 29 43.279999 11.178000 17.459000 C
243 29 41.783001 11.026000 15.502000 C
244 29 43.230000 10.054000 18.500000 C
245 30 40.744999 14.951000 15.536000 N
246 30 39.625999 15.489000 14.789000 C
247 30 38.373001 15.771000 15.636000 C
248 30 37.251999 15.859000 15.139000 O
249 31 38.527000 15.968000 16.923000 N
250 31 37.365002 16.294001 17.740000 C
251 31 36.987999 17.790001 17.629999 C
252 31 37.626999 18.641001 18.273001 O
253 31 37.676998 15.936000 19.233000 C
254 31 36.431000 16.170000 20.056000 C
255 31 35.345001 15.297000 20.045000 N
256 31 36.070999 17.209000 20.874001 C
257 31 34.377998 15.781000 20.802000 C
258 31 34.787998 16.927999 21.344000 N
259 32 35.980000 18.136000 16.813000 N
260 32 35.516998 19.523001 16.687000 C
261 32 35.102001 20.094000 18.063999 C
262 32 34.395000 19.474001 18.865000 O
263 32 34.366001 19.645000 15.695000 C
264 32 33.846001 21.090000 15.578000 C
265 32 34.929001 21.992001 14.997000 C
266 32 32.632000 21.158001 14.665000 C
267 33 35.589001 21.250999 18.422001 N
268 33 35.165001 21.778999 19.695999 C
269 33 33.993000 22.752001 19.527000 C
270 33 32.944000 22.643000 20.164000 O
271 33 36.278000 22.459999 20.458000 C
272 33 37.373001 21.511999 20.931999 C
273 33 38.605000 22.368000 21.259001 C
274 33 36.924999 20.834999 22.215000 C
275 34 34.189999 23.733000 18.660999 N
276 34 33.174999 24.759001 18.424999 C
277 34 33.389000 25.410999 17.094999 C
278 34 34.529999 25.523001 16.649000 O
279 34 33.216999 25.945999 19.466000 C
280 34 32.203999 26.892000 19.153000 O
281 34 34.550999 26.677999 19.504000 C
282 35 32.297001 25.885000 16.504000 N
283 35 32.403000 26.617001 15.273000 C
284 35 32.560001 28.077999 15.593000 C
285 35 32.714001 28.896000 14.709000 O
286 35 31.235001 26.455000 14.367000 C
287 35 31.098000 24.987000 14.036000 C
288 35 30.124001 24.701000 12.932000 C
289 35 30.316000 23.278000 12.467000 C
290 35 29.169001 22.781000 11.686000 N
291 36 32.534000 28.400000 16.868000 N
292 36 32.710999 29.777000 17.275999 C
293 36 34.160999 30.254000 17.139000 C
294 36 35.122002 29.523001 17.381001 O
295 36 32.130001 30.099001 18.657000 C
296 36 33.039001 30.909000 19.417000 O
297 37 34.303001 31.539000 16.778999 N
298 37 35.604000 32.158001 16.608999 C
299 37 36.337002 32.345001 17.896000 C
300 37 37.542999 32.626999 17.899000 O
301 37 35.317001 33.520000 16.023001 C
302 37 33.965000 33.402000 15.346000 C
303 37 33.243000 32.282001 16.041000 C
304 38 35.632000 32.185001 18.995001 N
305 38 36.287998 32.428001 20.267000 C
306 38 37.153999 31.311001 20.804001 C
307 38 36.657001 30.228001 21.073000 O
308 38 35.307999 32.956001 21.341999 C
309 38 36.029999 33.117001 22.575001 O
310 39 38.424999 31.621000 21.044001 N
311 39 39.347000 30.657000 21.604000 C
312 39 38.917999 30.364000 23.028000 C
313 39 39.304001 29.389999 23.650000 O
314 39 40.851002 31.059000 21.462999 C
315 39 41.808998 30.143999 22.226999 C
316 39 41.810001 28.742001 21.618999 C
317 39 43.230000 30.695000 22.195999 C
318 40 38.084999 31.225000 23.569000 N
319 40 37.641998 30.979000 24.922001 C
320 40 36.388000 30.188999 24.862000 C
321 40 36.139999 29.323999 25.683001 O
322 40 37.455002 32.219002 25.820999 C
323 40 38.769001 32.799000 26.302999 C
324 40 39.653999 32.118999 26.889000 O
325 40 38.916000 34.081001 26.014000 N
326 41 35.599998 30.469000 23.858999 N
327 41 34.424000 29.665001 23.761000 C
328 41 34.903999 28.198000 23.593000 C
329 41 34.270000 27.275000 24.094000 O
330 41 33.560001 30.111000 22.611000 C
331 42 36.087002 28.007000 22.937000 N
332 42 36.696999 26.691000 22.655001 C
333 42 37.348000 26.035999 23.858000 C
334 42 37.258999 24.798000 24.025999 O
335 42 37.662998 26.721001 21.469999 C
336 43 37.987999 26.846001 24.709999 N
337 43 38.627998 26.313000 25.926001 C
338 43 37.562000 25.819000 26.903000 C
339 43 37.708000 24.836000 27.600000 O
340 43 39.501999 27.330999 26.643000 C
341 43 40.967999 27.285000 26.250999 C
342 43 41.688999 28.591999 26.580999 C
343 43 43.210999 28.493000 26.551001 C
344 43 43.876999 29.061001 27.747000 N
345 44 36.456001 26.504999 26.916000 N
346 44 35.381001 26.129999 27.764000 C
347 44 34.730999 24.827000 27.339001 C
348 44 34.431999 24.020000 28.205000 O
349 45 34.473999 24.649000 26.028000 N
350 45 33.897999 23.414000 25.507000 C
351 45 34.867001 22.298000 25.813999 C
352 45 34.470001 21.211000 26.193001 O
353 45 33.733002 23.431000 23.997000 C
354 45 32.563000 24.320999 23.563000 C
355 45 31.235001 23.676001 23.868000 C
356 45 31.003000 22.524000 23.579000 O
357 45 30.348000 24.457001 24.468000 O
358 46 36.153000 22.603001 25.693001 N
359 46 37.188999 21.629000 25.981001 C
360 46 37.151001 21.158001 27.455999 C
361 46 37.277000 19.981001 27.809000 O
362 46 38.603001 22.167000 25.566000 C
363 46 39.721001 21.150999 25.813999 C
364 46 39.449001 19.900999 24.975000 C
365 46 41.105000 21.723000 25.503000 C
366 47 36.966000 22.083000 28.358999 N
367 47 36.957001 21.709999 29.763000 C
368 47 35.742001 20.851000 30.129999 C
369 47 35.823002 19.929001 30.954000 O
370 47 37.021999 22.992001 30.608000 C
371 47 38.375000 23.677000 30.657000 C
372 47 39.505001 23.138000 30.461000 O
373 47 38.188000 24.934000 30.954000 O
374 48 34.619999 21.239000 29.538000 N
375 48 33.352001 20.561001 29.655001 C
376 48 33.465000 19.098000 29.138000 C
377 48 32.988998 18.155001 29.757000 O
378 48 32.356998 21.339001 28.808001 C
379 48 30.976000 20.753000 28.780001 C
380 48 29.920000 21.801001 28.481001 C
381 48 29.983000 22.370001 27.091999 C
382 48 29.292999 21.544001 26.152000 N
383 49 34.134998 18.938000 27.989000 N
384 49 34.341000 17.643999 27.386000 C
385 49 35.234001 16.722000 28.216999 C
386 49 34.964001 15.539000 28.337000 O
387 49 34.803001 17.768999 25.948000 C
388 50 36.305000 17.246000 28.804001 N
389 50 37.296001 16.496000 29.614000 C
390 50 36.944000 16.403999 31.099001 C
391 50 37.376999 15.485000 31.804001 O
392 50 38.719002 17.108999 29.433001 C
393 50 39.085999 17.083000 27.971001 C
394 50 39.831001 16.457001 30.274000 C
395 50 38.900002 15.694000 27.356001 C
396 51 36.139000 17.341999 31.601999 N
397 51 35.787998 17.296000 33.021000 C
398 51 36.926998 17.778999 33.936001 C
399 51 37.084000 17.334000 35.076000 O
400 52 37.723000 18.704000 33.403999 N
401 52 38.814999 19.332001 34.130001 C
402 52 39.223000 20.655001 33.467999 C
403 52 38.804001 20.986000 32.359001 O
404 52 39.987000 18.408001 34.327000 C
405 52 40.912998 18.304001 33.119999 C
406 52 41.945999 17.237000 33.377998 C
407 52 42.935001 17.041000 32.335999 N
408 52 43.733002 17.978001 31.886999 C
409 52 43.680000 19.231001 32.346001 N
410 52 44.606998 17.648001 30.943001 N
411 53 40.009998 21.431999 34.188999 N
412 53 40.512001 22.691999 33.695000 C
413 53 41.694000 22.382000 32.844002 C
414 53 42.721001 21.943001 33.353001 O
415 53 40.987000 23.476999 34.905998 C
416 53 40.192001 24.735001 34.898998 C
417 53 39.021999 24.671000 35.289001 O
418 53 40.747002 25.804001 34.287998 N
419 54 41.570000 22.489000 31.542999 N
420 54 42.710999 22.014000 30.753000 C
421 54 43.683998 23.077000 30.315001 C
422 54 44.813999 22.771000 29.997000 O
423 54 42.234001 21.316999 29.473000 C
424 54 41.686001 22.285999 28.566999 O
425 54 41.230000 20.191999 29.808001 C
426 55 43.181999 24.282000 30.188999 N
427 55 43.977001 25.357000 29.712000 C
428 55 44.433998 25.034000 28.306999 C
429 55 45.596001 25.240000 27.952999 O
430 55 45.167999 25.707001 30.677000 C
431 55 45.743000 27.114000 30.427000 C
432 55 45.087002 28.004000 29.825001 O
433 55 46.992001 27.302999 30.839001 N
434 56 43.525002 24.483999 27.520000 N
435 56 43.777000 24.149000 26.099001 C
436 56 44.721001 22.961000 25.789000 C
437 56 45.067001 22.721001 24.642000 O
438 57 45.134998 22.204000 26.782000 N
439 57 46.013000 21.086000 26.493999 C
440 57 45.494999 19.785999 27.143999 C
441 57 45.035000 19.785999 28.271999 O
442 57 47.448002 21.393999 26.913000 C
443 57 48.345001 20.156000 26.781000 C
444 57 47.970001 22.511000 26.016001 C
445 58 45.563000 18.667999 26.417999 N
446 58 45.115002 17.388000 26.930000 C
447 58 46.236000 16.351000 26.723000 C
448 58 47.187000 16.586000 25.979000 O
449 58 43.827000 16.898001 26.231001 C
450 58 44.035000 16.636999 24.724001 C
451 58 42.653000 17.848000 26.441000 C
452 58 42.848999 15.904000 24.094000 C
453 59 46.132999 15.183000 27.375000 N
454 59 47.096001 14.117000 27.212000 C
455 59 46.604000 13.166000 26.129000 C
456 59 45.419998 13.200000 25.754999 O
457 59 47.123001 13.280000 28.507000 C
458 59 45.898998 12.569000 28.613001 O
459 59 47.285999 14.174000 29.725000 C
460 60 47.492001 12.256000 25.705000 N
461 60 47.185001 11.249000 24.690001 C
462 60 45.939999 10.422000 25.018000 C
463 60 45.105999 10.172000 24.149000 O
464 60 48.390999 10.333000 24.408001 C
465 60 48.154999 9.294000 23.290001 C
466 60 49.403000 9.079000 22.455000 C
467 60 49.271000 7.999000 21.385000 C
468 60 50.004002 8.340000 20.134001 N
469 61 45.856998 9.977000 26.285999 N
470 61 44.748001 9.196000 26.819000 C
471 61 43.408001 9.902000 26.648001 C
472 61 42.396999 9.244000 26.323999 O
473 61 44.902000 9.040000 28.336000 C
474 61 45.862999 7.960000 28.642000 C
475 61 46.313000 7.392000 27.540001 O
476 61 46.216999 7.682000 29.782000 O
477 62 43.416000 11.223000 26.997000 N
478 62 42.237000 12.069000 26.896999 C
479 62 41.823002 12.179000 25.437000 C
480 62 40.679001 12.077000 25.077000 O
481 62 42.445000 13.425000 27.542000 C
482 62 42.382999 13.326000 29.087000 C
483 62 42.908001 14.589000 29.738001 C
484 62 43.480000 15.464000 29.146000 O
485 62 42.615002 14.685000 30.976999 O
486 63 42.806000 12.311000 24.559999 N
487 63 42.528000 12.376000 23.139999 C
488 63 41.919998 11.077000 22.662001 C
489 63 41.037998 11.060000 21.801001 O
490 63 43.828999 12.599000 22.393000 C
491 64 42.455002 9.963000 23.166000 N
492 64 41.930000 8.691000 22.740000 C
493 64 40.525002 8.425000 23.243000 C
494 64 39.712002 7.776000 22.576000 O
495 64 42.909000 7.581000 23.066999 C
496 64 43.966999 7.613000 21.976000 C
497 64 45.095001 6.757000 22.386999 C
498 64 45.160000 6.273000 23.511999 O
499 64 45.971001 6.608000 21.426001 O
500 65 40.250000 8.947000 24.414000 N
501 65 38.945000 8.777000 24.979000 C
502 65 37.889999 9.522000 24.172001 C
503 65 36.846001 8.972000 23.764000 O
504 65 38.926998 9.189000 26.391001 C
505 65 37.542000 8.920000 26.955999 C
506 65 37.535000 8.778000 28.478001 C
507 65 36.209000 8.276000 29.042000 C
508 65 36.076000 8.514000 30.490999 N
509 66 38.213001 10.759000 23.792999 N
510 66 37.321999 11.534000 22.954000 C
511 66 37.105000 10.819000 21.645000 C
512 66 35.985001 10.741000 21.124001 O
513 66 37.855000 12.970000 22.611000 C
514 66 37.938999 13.915000 23.791000 C
515 66 38.588001 15.249000 23.368000 C
516 66 36.554001 14.143000 24.334999 C
517 67 38.216999 10.298000 21.112000 N
518 67 38.167000 9.605000 19.851999 C
519 67 37.234001 8.381000 19.945999 C
520 67 36.425999 8.182000 19.045000 O
521 67 39.605999 9.168000 19.488001 C
522 67 39.783001 8.557000 18.112000 C
523 67 38.994999 8.939000 17.024000 C
524 67 40.750000 7.562000 17.900000 C
525 67 39.182999 8.395000 15.748000 C
526 67 40.993000 7.043000 16.628000 C
527 67 40.207001 7.458000 15.553000 C
528 68 37.327000 7.554000 21.042000 N
529 68 36.433998 6.388000 21.174000 C
530 68 34.959999 6.831000 21.231001 C
531 68 34.078999 6.235000 20.608000 O
532 68 36.737999 5.542000 22.438999 C
533 68 38.039001 4.764000 22.294001 C
534 68 38.352001 4.314000 21.195000 O
535 68 38.817001 4.645000 23.389000 N
536 69 34.667000 7.899000 21.968000 N
537 69 33.292000 8.424000 21.997000 C
538 69 32.805000 8.845000 20.635000 C
539 69 31.652000 8.638000 20.320999 O
540 69 33.169998 9.642000 22.896000 C
541 69 33.611000 9.192000 24.278999 C
542 69 33.728001 10.300000 25.327999 C
543 69 33.870998 9.986000 26.514000 O
544 69 33.664001 11.569000 24.922001 N
545 70 33.653000 9.542000 19.884001 N
546 70 33.271000 10.030000 18.580000 C
547 70 32.969002 8.973000 17.520000 C
548 70 32.028000 9.108000 16.716999 O
549 70 34.242001 11.107000 18.049999 C
550 70 34.297001 12.420000 18.789000 C
551 70 33.528999 12.768000 19.650000 O
552 70 35.403000 13.050000 18.565001 O
553 71 33.745998 7.862000 17.492001 N
554 71 33.529999 6.815000 16.506001 C
555 71 32.228001 6.137000 16.861000 C
556 71 31.371000 5.867000 16.016001 O
557 71 34.692001 5.790000 16.472000 C
558 71 34.338001 4.569000 15.618000 C
559 71 36.005001 6.421000 16.018000 C
560 72 32.067001 5.919000 18.158001 N
561 72 30.834999 5.277000 18.653999 C
562 72 29.601999 6.107000 18.277000 C
563 72 28.607000 5.613000 17.716999 O
564 72 30.930000 4.978000 20.167999 C
565 72 29.815001 4.095000 20.797001 C
566 72 29.582001 2.954000 20.215000 O
567 72 29.236000 4.388000 21.816999 O
568 73 29.667000 7.412000 18.497000 N
569 73 28.532000 8.263000 18.153999 C
570 73 28.294001 8.226000 16.648001 C
571 73 27.146000 8.230000 16.167999 O
572 73 28.826000 9.713000 18.533001 C
573 74 29.400999 8.195000 15.896000 N
574 74 29.284000 8.167000 14.426000 C
575 74 28.468000 6.929000 14.005000 C
576 74 27.506001 7.035000 13.279000 O
577 74 30.632999 8.250000 13.721000 C
578 75 28.879999 5.763000 14.493000 N
579 75 28.207001 4.526000 14.147000 C
580 75 26.724001 4.562000 14.536000 C
581 75 25.855000 4.181000 13.725000 O
582 75 28.943001 3.286000 14.715000 C
583 75 28.122000 1.985000 14.429000 C
584 75 30.348000 3.166000 14.137000 C
585 76 26.479000 4.944000 15.809000 N
586 76 25.122999 5.053000 16.363001 C
587 76 24.257999 6.081000 15.578000 C
588 76 23.070999 5.878000 15.291000 O
589 76 25.080000 5.184000 17.902000 C
590 76 25.193001 3.827000 18.660000 C
591 76 25.291000 3.891000 20.224001 C
592 76 26.386000 4.729000 20.754000 N
593 76 26.253000 6.060000 20.927000 C
594 76 25.108000 6.677000 20.653999 N
595 76 27.271999 6.822000 21.358999 N
596 77 24.841000 7.184000 15.121000 N
597 77 24.080999 8.097000 14.301000 C
598 77 23.681000 7.503000 12.942000 C
599 77 22.618000 7.716000 12.435000 O
600 78 24.576000 6.789000 12.303000 N
601 78 24.287001 6.110000 11.055000 C
602 78 23.114000 5.122000 11.284000 C
603 78 22.187000 5.045000 10.509000 O
604 78 25.532000 5.238000 10.652000 C
605 78 26.570999 6.133000 9.950000 C
606 78 25.121000 4.112000 9.671000 C
607 78 27.916000 5.425000 9.817000 C
608 79 23.191000 4.337000 12.374000 N
609 79 22.191999 3.331000 12.655000 C
610 79 20.830999 3.909000 12.963000 C
611 79 19.850000 3.226000 12.727000 O
612 79 22.615000 2.272000 13.689000 C
613 79 23.912001 1.512000 13.341000 C
614 79 24.292000 0.653000 14.523000 C
615 79 23.740999 0.651000 12.109000 C
616 80 20.775999 5.141000 13.477000 N
617 80 19.521000 5.849000 13.820000 C
618 80 19.049000 6.680000 12.650000 C
619 80 18.035999 7.360000 12.706000 O
620 80 19.788000 6.873000 14.922000 C
621 80 19.761999 6.320000 16.337999 C
622 80 19.631001 7.460000 17.365999 C
623 80 20.951000 7.945000 17.733999 N
624 80 21.523001 9.082000 17.315001 C
625 80 20.924999 10.005000 16.513000 N
626 80 22.768000 9.294000 17.739000 N
627 81 19.806999 6.695000 11.587000 N
628 81 19.412001 7.539000 10.502000 C
629 81 18.667999 6.793000 9.374000 C
630 81 19.129000 5.798000 8.816000 O
631 81 20.607000 8.390000 10.082000 C
632 81 20.292999 9.387000 8.997000 C
633 81 19.992001 9.053000 7.840000 O
634 81 20.417000 10.643000 9.345000 N
635 82 17.459000 7.232000 9.040000 N
636 82 16.684000 6.496000 8.044000 C
637 82 17.311001 6.459000 6.689000 C
638 82 17.131001 5.513000 5.974000 O
639 82 15.233000 6.964000 7.951000 C
640 83 18.073000 7.469000 6.325000 N
641 83 18.686001 7.422000 5.019000 C
642 83 20.006001 6.663000 5.040000 C
643 83 20.445000 6.138000 4.042000 O
644 83 19.061001 8.801000 4.518000 C
645 83 17.905001 9.583000 4.009000 C
646 83 17.350000 10.480000 5.093000 C
647 83 16.514999 11.594000 4.472000 C
648 83 17.010000 11.944000 3.123000 N
649 84 20.677000 6.678000 6.157000 N
650 84 21.983000 6.092000 6.185000 C
651 84 21.957001 4.600000 6.491000 C
652 84 22.780001 3.845000 6.015000 O
653 84 22.916000 6.862000 7.183000 C
654 84 23.197001 8.308000 6.800000 C
655 84 24.191999 8.904000 7.755000 C
656 84 23.761000 8.405000 5.403000 C
657 85 21.106001 4.218000 7.410000 N
658 85 21.068001 2.864000 7.867000 C
659 85 21.017000 1.787000 6.783000 C
660 85 21.715000 0.787000 6.830000 O
661 85 20.002001 2.697000 8.902000 C
662 85 20.000999 1.269000 9.409000 C
663 85 19.108999 1.119000 10.606000 C
664 85 19.330999 -0.206000 11.280000 C
665 85 19.009001 -1.309000 10.373000 N
666 86 20.173000 1.963000 5.821000 N
667 86 20.018000 0.986000 4.778000 C
668 86 21.243999 0.910000 3.898000 C
669 86 21.606001 -0.154000 3.411000 O
670 86 18.825001 1.431000 3.950000 C
671 86 18.209000 2.610000 4.698000 C
672 86 19.148001 2.988000 5.822000 C
673 87 21.948000 2.030000 3.757000 N
674 87 23.155001 1.999000 2.984000 C
675 87 24.225000 1.151000 3.675000 C
676 87 24.827999 0.263000 3.128000 O
677 87 23.667999 3.392000 2.601000 C
678 87 24.943001 3.271000 1.717000 C
679 87 22.549999 4.138000 1.869000 C
680 88 24.429001 1.480000 4.922000 N
681 88 25.368999 0.806000 5.762000 C
682 88 25.128000 -0.689000 5.813000 C
683 88 26.059000 -1.490000 5.648000 O
684 88 25.201000 1.369000 7.172000 C
685 88 26.298000 0.956000 8.130000 C
686 88 27.473000 1.679000 8.240000 C
687 88 26.111000 -0.142000 8.976000 C
688 88 28.443001 1.328000 9.191000 C
689 88 27.094999 -0.530000 9.875000 C
690 88 28.273001 0.214000 9.999000 C
691 88 29.245001 -0.177000 10.893000 O
692 89 23.864000 -1.074000 6.036000 N
693 89 23.480000 -2.474000 6.146000 C
694 89 23.788000 -3.207000 4.882000 C
695 89 24.098000 -4.382000 4.896000 O
696 89 21.971001 -2.612000 6.414000 C
697 89 21.573000 -2.371000 7.833000 C
698 89 22.593000 -2.311000 8.644000 O
699 89 20.426001 -2.240000 8.159000 O
700 90 23.686001 -2.497000 3.772000 N
701 90 23.957001 -3.112000 2.485000 C
702 90 25.409000 -3.400000 2.189000 C
703 90 25.747999 -4.132000 1.222000 O
704 90 23.358999 -2.283000 1.348000 C
705 90 24.181000 -1.126000 1.035000 O
706 91 26.299000 -2.703000 2.905000 N
707 91 27.723000 -2.734000 2.577000 C
708 91 28.569000 -3.775000 3.244000 C
709 91 28.256001 -4.165000 4.375000 O
710 91 28.406000 -1.349000 2.924000 C
711 91 27.896000 -0.082000 2.160000 C
712 91 28.488001 1.171000 2.806000 C
713 91 28.388000 -0.131000 0.702000 C
714 92 29.695000 -4.108000 2.597000 N
715 92 30.662001 -5.019000 3.200000 C
716 92 31.468000 -4.266000 4.274000 C
717 92 31.326000 -3.067000 4.454000 O
718 92 31.607000 -5.548000 2.149000 C
719 92 32.367001 -4.416000 1.558000 C
720 92 31.789000 -3.908000 0.500000 O
721 92 33.448002 -4.060000 1.993000 O
722 93 32.272999 -4.965000 5.073000 N
723 93 32.997002 -4.361000 6.189000 C
724 93 33.959000 -3.198000 5.863000 C
725 93 34.007000 -2.251000 6.606000 O
726 93 33.556000 -5.369000 7.178000 C
727 94 34.709000 -3.294000 4.775000 N
728 94 35.622002 -2.239000 4.397000 C
729 94 34.865002 -0.958000 4.044000 C
730 94 35.176998 0.145000 4.493000 O
731 94 36.594002 -2.729000 3.291000 C
732 94 37.528999 -1.577000 2.847000 C
733 94 37.459000 -3.847000 3.893000 C
734 95 33.877998 -1.108000 3.196000 N
735 95 33.057999 0.001000 2.744000 C
736 95 32.299000 0.610000 3.876000 C
737 95 32.111000 1.798000 3.867000 O
738 95 32.161999 -0.313000 1.548000 C
739 95 32.971001 -0.679000 0.308000 C
740 95 32.039001 -1.019000 -0.861000 C
741 95 32.742001 -1.116000 -2.124000 N
742 95 33.224998 -2.262000 -2.631000 C
743 95 33.077999 -3.421000 -1.949000 N
744 95 33.875000 -2.237000 -3.833000 N
745 96 31.836000 -0.175000 4.862000 N
746 96 31.172001 0.442000 6.028000 C
747 96 32.182999 1.403000 6.729000 C
748 96 31.797001 2.451000 7.192000 O
749 96 30.737000 -0.569000 7.057000 C
750 96 29.580000 -1.369000 6.555000 C
751 96 29.249001 -2.532000 7.500000 C
752 96 28.079000 -3.237000 7.008000 N
753 96 27.465000 -4.249000 7.575000 C
754 96 27.862000 -4.731000 8.744000 N
755 96 26.400000 -4.781000 6.935000 N
756 97 33.505001 1.056000 6.748000 N
757 97 34.493000 1.917000 7.367000 C
758 97 34.542000 3.304000 6.659000 C
759 97 34.694000 4.351000 7.321000 O
760 97 35.886002 1.238000 7.350000 C
761 98 34.403999 3.272000 5.304000 N
762 98 34.410999 4.438000 4.472000 C
763 98 33.222000 5.351000 4.770000 C
764 98 33.331001 6.571000 4.820000 O
765 98 34.493000 4.077000 2.973000 C
766 99 32.061001 4.760000 4.976000 N
767 99 30.886999 5.537000 5.286000 C
768 99 31.023001 6.158000 6.634000 C
769 99 30.610001 7.309000 6.830000 O
770 99 29.556999 4.685000 5.143000 C
771 99 28.281000 5.486000 5.397000 C
772 99 28.077999 6.422000 4.219000 C
773 99 27.111000 4.491000 5.474000 C
774 100 31.603001 5.417000 7.571000 N
775 100 31.750000 5.930000 8.938000 C
776 100 32.713001 7.130000 8.915000 C
777 100 32.562000 8.158000 9.614000 O
778 100 32.311001 4.866000 9.893000 C
779 100 31.295000 3.748000 10.228000 C
780 100 32.714001 5.535000 11.210000 C
781 100 31.938999 2.554000 10.953000 C
782 101 33.715000 7.028000 8.057000 N
783 101 34.738998 8.098000 7.944000 C
784 101 34.062000 9.383000 7.485000 C
785 101 34.268002 10.449000 8.063000 O
786 101 35.847000 7.619000 6.937000 C
787 101 37.084999 8.499000 6.868000 C
788 101 36.999001 9.702000 6.670000 O
789 101 38.242001 7.907000 6.843000 N
790 102 33.234001 9.298000 6.451000 N
791 102 32.535000 10.480000 5.953000 C
792 102 31.664000 11.092000 7.052000 C
793 102 31.554001 12.321000 7.193000 O
794 102 31.615999 10.169000 4.741000 C
795 102 32.376999 9.817000 3.463000 C
796 102 31.254000 9.574000 2.066000 S
797 102 30.620001 11.251000 1.887000 C
798 103 30.997000 10.213000 7.826000 N
799 103 30.090000 10.728000 8.871000 C
800 103 30.874001 11.448000 9.961000 C
801 103 30.497999 12.523000 10.386000 O
802 103 29.150999 9.658000 9.448000 C
803 103 28.429001 10.151000 10.684000 C
804 103 28.153999 9.161000 8.385000 C
805 104 31.973000 10.839000 10.418000 N
806 104 32.859001 11.417000 11.427000 C
807 104 33.323002 12.843000 10.993000 C
808 104 33.470001 13.750000 11.779000 O
809 104 34.118000 10.534000 11.480000 C
810 104 35.058998 10.959000 12.622000 C
811 104 36.040001 11.929000 12.419000 C
812 104 35.051998 10.304000 13.849000 C
813 104 36.911999 12.293000 13.447000 C
814 104 35.942001 10.634000 14.861000 C
815 104 36.851002 11.666000 14.684000 C
816 105 33.570999 13.042000 9.699000 N
817 105 34.111000 14.309000 9.176000 C
818 105 33.061001 15.322000 8.907000 C
819 105 33.289001 16.493999 9.061000 O
820 105 34.910000 14.135000 7.831000 C
821 105 35.556000 15.432000 7.236000 C
822 105 36.182999 15.305000 5.827000 C
823 105 36.139999 14.255000 5.235000 O
824 105 36.801998 16.368999 5.274000 N
825 106 31.940001 14.881000 8.403000 N
826 106 30.986000 15.830000 7.990000 C
827 106 29.635000 15.787000 8.662000 C
828 106 28.826000 16.621000 8.404000 O
829 106 31.045000 15.994000 6.456000 C
830 106 30.268000 15.040000 5.603000 C
831 106 30.778999 15.238000 3.872000 S
832 106 32.237999 14.222000 3.771000 C
833 107 29.437000 14.874000 9.596000 N
834 107 28.212999 14.788000 10.313000 C
835 107 27.191000 14.038000 9.470000 C
836 107 27.257999 13.978000 8.244000 O
837 108 26.222000 13.502000 10.150000 N
838 108 25.162001 12.705000 9.569000 C
839 108 24.337000 13.487000 8.567000 C
840 108 23.989000 13.008000 7.477000 O
841 108 24.351000 12.158000 10.753000 C
842 108 23.334000 11.057000 10.516000 C
843 108 22.396000 11.074000 11.705000 C
844 108 23.062000 11.083000 12.833000 O
845 108 21.164000 11.157000 11.636000 O
846 109 24.045000 14.725000 8.939000 N
847 109 23.295000 15.583000 8.078000 C
848 109 23.959000 15.780000 6.715000 C
849 109 23.326000 15.594000 5.647000 O
850 109 22.809999 16.862000 8.819000 C
851 109 22.374001 16.455999 10.106000 O
852 109 21.632999 17.452000 8.078000 C
853 110 25.270000 16.108000 6.762000 N
854 110 26.059000 16.313000 5.578000 C
855 110 26.032000 15.116000 4.623000 C
856 110 25.732000 15.255000 3.423000 O
857 111 26.399000 13.945000 5.155000 N
858 111 26.459999 12.715000 4.361000 C
859 111 25.080000 12.365000 3.779000 C
860 111 24.934000 12.038000 2.584000 O
861 111 27.063000 11.580000 5.171000 C
862 111 27.129000 10.296000 4.343000 C
863 111 28.461000 11.979000 5.604000 C
864 112 24.045000 12.494000 4.626000 N
865 112 22.691999 12.226000 4.172000 C
866 112 22.356001 13.070000 2.937000 C
867 112 21.504000 12.689000 2.118000 O
868 112 21.684999 12.389000 5.301000 C
869 113 23.077000 14.197000 2.762000 N
870 113 22.877001 15.047000 1.594000 C
871 113 23.462999 14.512000 0.272000 C
872 113 23.267000 15.120000 -0.785000 O
873 114 24.222000 13.396000 0.323000 N
874 114 24.801001 12.807000 -0.881000 C
875 114 23.827000 11.772000 -1.410000 C
876 114 24.214001 10.691000 -1.771000 O
877 114 26.129000 12.092000 -0.630000 C
878 114 27.288000 13.032000 -0.396000 C
879 114 27.306999 13.897000 0.698000 C
880 114 28.350000 13.062000 -1.288000 C
881 114 28.368000 14.781000 0.913000 C
882 114 29.414000 13.942000 -1.096000 C
883 114 29.431000 14.787000 0.020000 C
884 115 22.575001 12.132000 -1.449000 N
885 115 21.483999 11.259000 -1.892000 C
886 115 21.785999 10.381000 -3.075000 C
887 115 21.527000 9.199000 -3.080000 O
888 115 20.287001 12.101000 -2.301000 C
889 115 19.899000 12.876000 -1.196000 O
890 115 19.177999 11.160000 -2.746000 C
891 116 22.222000 10.993000 -4.143000 N
892 116 22.539000 10.245000 -5.376000 C
893 116 23.665001 9.211000 -5.259000 C
894 116 23.591999 8.100000 -5.815000 O
895 116 22.726999 11.203000 -6.591000 C
896 116 21.525999 12.155000 -6.752000 C
897 116 20.368000 11.741000 -6.631000 O
898 116 21.764000 13.437000 -7.002000 N
899 117 24.740000 9.594000 -4.567000 N
900 117 25.860001 8.691000 -4.421000 C
901 117 25.461000 7.519000 -3.510000 C
902 117 25.912001 6.436000 -3.722000 O
903 117 27.089001 9.335000 -3.804000 C
904 117 27.315001 10.639000 -4.292000 O
905 118 24.653999 7.790000 -2.449000 N
906 118 24.208000 6.767000 -1.508000 C
907 118 23.386999 5.711000 -2.237000 C
908 118 23.476999 4.523000 -1.947000 O
909 118 23.386999 7.305000 -0.305000 C
910 118 24.142000 8.300000 0.618000 C
911 118 23.138000 8.933000 1.597000 C
912 118 25.163000 7.592000 1.473000 C
913 119 22.618999 6.156000 -3.205000 N
914 119 21.770000 5.274000 -4.002000 C
915 119 22.617001 4.387000 -4.863000 C
916 119 22.339001 3.189000 -5.017000 O
917 119 20.788000 6.056000 -4.866000 C
918 119 19.877001 5.171000 -5.701000 C
919 119 19.039000 6.011000 -6.685000 C
920 119 19.691000 6.268000 -7.977000 N
921 119 20.346001 7.411000 -8.295000 C
922 119 20.447001 8.456000 -7.448000 N
923 119 20.903999 7.513000 -9.514000 N
924 120 23.698999 4.964000 -5.379000 N
925 120 24.625000 4.187000 -6.194000 C
926 120 25.403999 3.164000 -5.372000 C
927 120 25.639000 2.031000 -5.806000 O
928 120 25.568001 4.998000 -7.105000 C
929 120 24.864000 5.821000 -8.186000 C
930 120 26.025000 7.046000 -8.799000 S
931 120 25.009001 8.335000 -9.580000 C
932 121 25.815001 3.563000 -4.166000 N
933 121 26.528000 2.651000 -3.302000 C
934 121 25.591000 1.440000 -2.968000 C
935 121 25.974001 0.273000 -2.944000 O
936 121 27.003000 3.332000 -2.000000 C
937 121 28.122000 4.394000 -2.173000 C
938 121 28.268000 5.164000 -0.854000 C
939 121 29.445000 3.704000 -2.502000 C
940 122 24.344999 1.760000 -2.671000 N
941 122 23.388000 0.770000 -2.315000 C
942 122 23.198999 -0.253000 -3.444000 C
943 122 23.018999 -1.451000 -3.225000 O
944 122 22.063999 1.442000 -1.858000 C
945 122 21.108000 0.395000 -1.268000 C
946 122 20.077000 1.001000 -0.348000 C
947 122 20.013000 2.229000 -0.208000 O
948 122 19.292999 0.126000 0.300000 N
949 123 23.247999 0.228000 -4.670000 N
950 123 23.084000 -0.630000 -5.822000 C
951 123 24.360001 -1.278000 -6.183000 C
952 123 24.364000 -1.952000 -7.204000 O
953 123 22.646000 0.185000 -7.058000 C
954 123 21.209000 0.714000 -6.898000 C
955 123 20.799000 1.479000 -8.120000 C
956 123 20.278000 0.896000 -9.074000 O
957 123 21.136999 2.761000 -8.129000 N
958 124 25.454000 -0.979000 -5.429000 N
959 124 26.747999 -1.555000 -5.731000 C
960 124 27.329000 -1.209000 -7.102000 C
961 124 28.103001 -2.007000 -7.666000 O
962 124 26.861000 -3.065000 -5.450000 C
963 124 26.283001 -3.422000 -4.071000 C
964 124 26.614000 -4.824000 -3.547000 C
965 124 26.117001 -5.027000 -2.113000 C
966 124 26.955000 -4.405000 -1.085000 N
967 125 27.013000 0.024000 -7.539000 N
968 125 27.552999 0.580000 -8.771000 C
969 125 28.764999 1.413000 -8.348000 C
970 125 28.686001 2.630000 -8.213000 O
971 125 26.500999 1.441000 -9.445000 C
972 125 25.356001 0.631000 -10.085000 C
973 125 24.153999 1.526000 -10.446000 C
974 125 23.482000 1.234000 -11.729000 N
975 125 22.521000 0.268000 -11.910000 C
976 125 22.084000 -0.566000 -10.938000 N
977 125 21.971001 0.121000 -13.119000 N
978 126 29.862000 0.731000 -8.052000 N
979 126 31.103001 1.322000 -7.500000 C
980 126 31.780001 2.420000 -8.301000 C
981 126 32.098999 3.458000 -7.730000 O
982 126 32.120998 0.319000 -6.952000 C
983 126 31.525000 -0.852000 -6.217000 C
984 126 31.674000 -2.156000 -6.584000 C
985 126 30.695999 -0.827000 -5.040000 C
986 126 31.059000 -2.956000 -5.677000 N
987 126 30.443001 -2.172000 -4.692000 C
988 126 30.191000 0.178000 -4.200000 C
989 126 29.733000 -2.514000 -3.528000 C
990 126 29.487000 -0.159000 -3.058000 C
991 126 29.256001 -1.507000 -2.707000 C
992 127 32.061001 2.161000 -9.562000 N
993 127 32.657001 3.171000 -10.400000 C
994 127 31.747000 4.395000 -10.513000 C
995 127 32.179001 5.530000 -10.405000 O
996 127 33.067001 2.629000 -11.782000 C
997 127 34.311001 1.743000 -11.702000 C
998 127 34.700001 1.168000 -10.710000 O
999 127 34.931999 1.636000 -12.831000 O
1000 128 30.459000 4.203000 -10.705000 N
1001 128 29.603001 5.378000 -10.817000 C
1002 128 29.500000 6.181000 -9.535000 C
1003 128 29.365999 7.401000 -9.572000 O
1004 128 28.231001 4.979000 -11.379000 C
1005 128 28.503000 4.026000 -12.535000 C
1006 128 27.319000 3.243000 -12.966000 C
1007 128 26.207001 3.947000 -12.946000 O
1008 128 27.413000 2.084000 -13.332000 O
1009 129 29.506001 5.477000 -8.397000 N
1010 129 29.417999 6.146000 -7.119000 C
1011 129 30.690001 7.009000 -6.888000 C
1012 129 30.590000 8.126000 -6.406000 O
1013 129 29.260000 5.108000 -6.006000 C
1014 130 31.846001 6.462000 -7.273000 N
1015 130 33.127998 7.138000 -7.104000 C
1016 130 33.153999 8.421000 -7.925000 C
1017 130 33.678001 9.425000 -7.452000 O
1018 130 34.338001 6.247000 -7.405000 C
1019 131 32.589001 8.393000 -9.149000 N
1020 131 32.541000 9.600000 -9.978000 C
1021 131 31.611000 10.661000 -9.356000 C
1022 131 31.943001 11.812000 -9.240000 O
1023 131 32.117001 9.310000 -11.424000 C
1024 131 31.768000 10.599000 -12.130000 C
1025 131 33.242001 8.621000 -12.172000 C
1026 132 30.431000 10.264000 -8.913000 N
1027 132 29.452000 11.166000 -8.336000 C
1028 132 29.964001 11.744000 -6.992000 C
1029 132 29.750999 12.894000 -6.614000 O
1030 132 28.041000 10.473000 -8.259000 C
1031 132 26.952000 11.364000 -7.697000 C
1032 132 26.704000 11.482000 -6.461000 O
1033 132 26.360001 12.129000 -8.581000 N
1034 133 30.653000 10.942000 -6.222000 N
1035 133 31.177999 11.443000 -4.914000 C
1036 133 32.160999 12.628000 -5.126000 C
1037 133 32.334000 13.499000 -4.265000 O
1038 133 31.916000 10.287000 -4.118000 C
1039 133 30.999001 9.299000 -3.368000 C
1040 133 31.788000 8.062000 -2.911000 C
1041 133 30.350000 9.981000 -2.176000 C
1042 134 32.851002 12.601000 -6.259000 N
1043 134 33.875000 13.603000 -6.571000 C
1044 134 33.334000 14.972000 -6.940000 C
1045 134 34.070000 15.966000 -6.897000 O
1046 134 34.990002 13.052000 -7.489000 C
1047 135 32.042999 15.030000 -7.257000 N
1048 135 31.327999 16.292000 -7.598000 C
1049 135 30.767000 16.889999 -6.366000 C
1050 135 29.563000 16.903000 -6.169000 O
1051 135 30.152000 16.046000 -8.508000 C
1052 135 30.743000 15.380000 -9.724000 C
1053 135 29.664000 15.076000 -10.726000 C
1054 135 30.287001 14.650000 -12.038000 C
1055 135 29.417000 13.719000 -12.770000 N
1056 136 31.646999 17.341999 -5.512000 N
1057 136 31.172001 17.837000 -4.261000 C
1058 136 32.174999 18.853001 -3.718000 C
1059 136 33.369999 18.760000 -4.014000 O
1060 136 31.094999 16.625999 -3.281000 C
1061 136 32.407001 15.995000 -3.168000 O
1062 137 31.683001 19.739000 -2.877000 N
1063 137 32.566002 20.653000 -2.210000 C
1064 137 33.664001 19.903000 -1.454000 C
1065 137 34.838001 20.308001 -1.409000 O
1066 137 31.768999 21.466999 -1.202000 C
1067 137 32.709000 22.389999 -0.389000 C
1068 137 31.971001 23.284000 0.610000 C
1069 137 32.820999 24.358999 1.107000 N
1070 137 33.638000 24.209999 2.135000 C
1071 137 33.716999 23.063000 2.783000 N
1072 137 34.382999 25.233000 2.541000 N
1073 138 33.245998 18.812000 -0.785000 N
1074 138 34.061001 17.893999 0.036000 C
1075 138 35.334000 17.476000 -0.688000 C
1076 138 36.429001 17.641001 -0.191000 O
1077 138 33.237999 16.605000 0.381000 C
1078 138 34.049000 15.513000 1.005000 C
1079 138 34.709000 15.553000 2.225000 C
1080 138 34.127998 14.139000 0.540000 C
1081 138 35.278000 14.289000 2.520000 N
1082 138 34.898998 13.411000 1.488000 C
1083 138 33.575001 13.491000 -0.564000 C
1084 138 35.160000 12.036000 1.343000 C
1085 138 33.844002 12.142000 -0.702000 C
1086 138 34.634998 11.435000 0.236000 C
1087 139 35.162998 16.972000 -1.905000 N
1088 139 36.280998 16.556000 -2.688000 C
1089 139 37.122002 17.754000 -3.076000 C
1090 139 38.341000 17.667000 -3.107000 O
1091 139 35.771000 15.913000 -3.958000 C
1092 139 36.840000 15.428000 -4.869000 C
1093 139 37.396999 14.164000 -4.634000 C
1094 139 37.255001 16.188999 -5.974000 C
1095 139 38.391998 13.636000 -5.464000 C
1096 139 38.250000 15.664000 -6.813000 C
1097 139 38.813000 14.405000 -6.546000 C
1098 139 39.782001 13.895000 -7.361000 O
1099 140 36.486000 18.885000 -3.406000 N
1100 140 37.303001 20.055000 -3.834000 C
1101 140 38.118999 20.672001 -2.691000 C
1102 140 39.248001 21.132000 -2.871000 O
1103 140 36.389000 21.069000 -4.543000 C
1104 140 36.096001 20.554001 -5.912000 C
1105 140 34.956001 20.115999 -6.199000 O
1106 140 37.157001 20.441999 -6.703000 N
1107 141 37.561001 20.621000 -1.483000 N
1108 141 38.187000 21.190001 -0.326000 C
1109 141 39.263000 20.319000 0.255000 C
1110 141 40.289001 20.837000 0.719000 O
1111 141 37.193001 21.635000 0.790000 C
1112 141 36.230999 22.754999 0.320000 C
1113 141 36.895000 23.976000 -0.322000 C
1114 141 36.720001 24.367001 -1.535000 O
1115 141 37.698002 24.586000 0.526000 N
1116 142 39.012001 19.000999 0.349000 N
1117 142 40.018002 18.089001 0.932000 C
1118 142 40.238998 16.966999 -0.025000 C
1119 142 39.882000 15.832000 0.295000 O
1120 142 39.554001 17.492001 2.287000 C
1121 142 38.212002 16.951000 2.206000 O
1122 142 39.596001 18.568001 3.351000 C
1123 143 40.799000 17.277000 -1.180000 N
1124 143 40.981998 16.260000 -2.233000 C
1125 143 41.768002 14.987000 -1.855000 C
1126 143 41.389999 13.918000 -2.294000 O
1127 143 41.602001 16.966999 -3.434000 C
1128 143 42.312000 18.183001 -2.827000 C
1129 143 41.624001 18.486000 -1.497000 C
1130 144 42.830002 15.080000 -1.051000 N
1131 144 43.632999 13.906000 -0.733000 C
1132 144 42.901001 12.925000 0.196000 C
1133 144 42.966999 11.704000 0.006000 O
1134 144 44.995998 14.328000 -0.122000 C
1135 144 45.918999 15.070000 -1.120000 C
1136 144 45.923000 14.843000 -2.349000 O
1137 144 46.689999 15.990000 -0.592000 N
1138 145 42.227001 13.486000 1.231000 N
1139 145 41.473999 12.649000 2.109000 C
1140 145 40.263000 12.071000 1.314000 C
1141 145 39.948002 10.873000 1.361000 O
1142 145 40.948002 13.430000 3.316000 C
1143 145 39.910999 12.594000 4.067000 C
1144 145 39.409000 13.283000 5.291000 C
1145 145 38.722000 12.384000 6.182000 N
1146 145 38.669998 12.727000 7.452000 C
1147 145 39.243999 13.874000 7.832000 N
1148 145 38.020000 11.961000 8.336000 N
1149 146 39.563000 12.913000 0.548000 N
1150 146 38.432999 12.446000 -0.281000 C
1151 146 38.833000 11.275000 -1.223000 C
1152 146 38.147999 10.253000 -1.316000 O
1153 146 37.705002 13.594000 -1.010000 C
1154 147 39.932999 11.402000 -1.962000 N
1155 147 40.425999 10.354000 -2.840000 C
1156 147 40.648998 9.035000 -2.095000 C
1157 147 40.316002 7.956000 -2.590000 O
1158 147 41.689999 10.737000 -3.561000 C
1159 147 41.405998 11.627000 -4.755000 C
1160 147 42.671001 12.279000 -5.303000 C
1161 147 42.376999 13.469000 -6.206000 C
1162 147 43.470001 14.440000 -6.166000 N
1163 148 41.200001 9.105000 -0.887000 N
1164 148 41.403000 7.863000 -0.101000 C
1165 148 40.054001 7.163000 0.193000 C
1166 148 39.917999 5.944000 0.040000 O
1167 148 42.162998 8.136000 1.229000 C
1168 148 43.646000 8.369000 0.998000 C
1169 148 44.466000 8.401000 2.253000 C
1170 148 44.150002 9.480000 3.185000 N
1171 148 44.727001 10.695000 3.133000 C
1172 148 45.583000 11.018000 2.144000 N
1173 148 44.360001 11.635000 3.981000 N
1174 149 39.061001 7.951000 0.708000 N
1175 149 37.762001 7.439000 1.042000 C
1176 149 37.035000 6.883000 -0.183000 C
1177 149 36.443001 5.799000 -0.157000 O
1178 149 36.986000 8.497000 1.790000 C
1179 149 35.521999 8.074000 1.971000 C
1180 149 37.639000 8.767000 3.157000 C
1181 150 37.098999 7.655000 -1.247000 N
1182 150 36.521999 7.299000 -2.528000 C
1183 150 37.160999 6.012000 -3.103000 C
1184 150 36.512001 5.139000 -3.657000 O
1185 150 36.519001 8.448000 -3.570000 C
1186 150 35.514999 9.570000 -3.170000 C
1187 150 36.186001 7.875000 -4.985000 C
1188 150 35.681999 10.860000 -4.002000 C
1189 151 38.459999 5.875000 -3.005000 N
1190 151 39.088001 4.653000 -3.495000 C
1191 151 38.647999 3.467000 -2.683000 C
1192 151 38.541000 2.373000 -3.239000 O
1193 151 40.625999 4.749000 -3.484000 C
1194 151 40.970001 5.659000 -4.506000 O
1195 151 41.290001 3.376000 -3.727000 C
1196 152 38.417999 3.686000 -1.353000 N
1197 152 37.977001 2.637000 -0.486000 C
1198 152 36.563000 2.173000 -0.929000 C
1199 152 36.228001 0.980000 -0.883000 O
1200 152 37.991001 3.090000 0.995000 C
1201 152 39.300999 3.509000 1.301000 O
1202 152 37.708000 1.892000 1.873000 C
1203 153 35.717999 3.133000 -1.350000 N
1204 153 34.396999 2.792000 -1.798000 C
1205 153 34.452999 2.054000 -3.156000 C
1206 153 33.713001 1.123000 -3.454000 O
1207 153 33.474998 4.042000 -1.915000 C
1208 153 32.807999 4.530000 -0.661000 C
1209 153 31.954000 3.704000 0.087000 C
1210 153 32.914001 5.869000 -0.287000 C
1211 153 31.292999 4.170000 1.232000 C
1212 153 32.244999 6.355000 0.843000 C
1213 153 31.464001 5.492000 1.625000 C
1214 154 35.279999 2.521000 -4.054000 N
1215 154 35.414001 1.894000 -5.382000 C
1216 154 35.970001 0.460000 -5.302000 C
1217 154 35.478001 -0.429000 -5.977000 O
1218 154 36.338001 2.697000 -6.316000 C
1219 154 35.952999 2.640000 -7.785000 C
1220 154 36.979000 3.298000 -8.721000 C
1221 154 38.254002 3.525000 -8.035000 N
1222 154 39.374001 2.766000 -8.137000 C
1223 154 39.456001 1.663000 -8.900000 N
1224 154 40.452999 3.131000 -7.448000 N
1225 155 36.993000 0.234000 -4.466000 N
1226 155 37.659000 -1.045000 -4.391000 C
1227 155 37.244999 -2.005000 -3.320000 C
1228 155 37.487000 -3.183000 -3.454000 O
1229 155 39.205002 -0.921000 -4.365000 C
1230 155 39.683998 -0.449000 -3.113000 O
1231 155 39.681999 -0.067000 -5.520000 C
1232 156 36.771000 -1.537000 -2.210000 N
1233 156 36.465000 -2.438000 -1.148000 C
1234 156 37.717999 -3.038000 -0.499000 C
1235 156 37.637001 -3.996000 0.283000 O
1236 157 38.873001 -2.384000 -0.689000 N
1237 157 40.143002 -2.787000 -0.063000 C
1238 157 40.737999 -1.592000 0.688000 C
1239 157 40.290001 -0.467000 0.508000 O
1240 157 41.174999 -3.091000 -1.169000 C
1241 157 41.508999 -1.883000 -1.881000 O
1242 157 40.563000 -4.102000 -2.110000 C
1243 158 41.784000 -1.815000 1.453000 N
1244 158 42.431000 -0.736000 2.172000 C
1245 158 43.626999 -0.221000 1.430000 C
1246 158 44.480999 0.428000 1.995000 O
1247 158 42.945000 -1.254000 3.517000 C
1248 158 41.875999 -1.678000 4.453000 C
1249 158 41.678001 -2.955000 4.858000 C
1250 158 40.926998 -0.855000 5.181000 C
1251 158 40.619999 -3.002000 5.754000 N
1252 158 40.151001 -1.740000 5.990000 C
1253 158 40.702000 0.544000 5.297000 C
1254 158 39.138000 -1.283000 6.843000 C
1255 158 39.740002 0.968000 6.167000 C
1256 158 38.929001 0.084000 6.917000 C
1257 159 43.695999 -0.483000 0.163000 N
1258 159 44.881001 -0.050000 -0.538000 C
1259 159 45.317001 1.404000 -0.385000 C
1260 159 46.495998 1.668000 -0.363000 O
1261 159 44.757000 -0.377000 -2.018000 C
1262 159 44.695000 -1.855000 -2.378000 C
1263 159 45.164001 -2.670000 -1.436000 O
1264 159 44.251999 -2.241000 -3.461000 O
1265 160 44.396000 2.366000 -0.324000 N
1266 160 44.709999 3.805000 -0.309000 C
1267 160 45.379002 4.169000 0.994000 C
1268 160 45.987999 5.194000 1.123000 O
1269 160 43.414001 4.619000 -0.519000 C
1270 161 45.221001 3.304000 1.962000 N
1271 161 45.776001 3.578000 3.227000 C
1272 161 47.006001 2.756000 3.448000 C
1273 161 47.549999 2.787000 4.560000 O
1274 161 44.790001 3.303000 4.392000 C
1275 161 43.728001 4.362000 4.482000 C
1276 161 42.637001 4.213000 3.628000 C
1277 161 43.832001 5.489000 5.308000 C
1278 161 41.611000 5.153000 3.643000 C
1279 161 42.851002 6.488000 5.265000 C
1280 161 41.720001 6.282000 4.458000 C
1281 161 40.674000 7.192000 4.386000 O
1282 162 47.405998 1.997000 2.431000 N
1283 162 48.604000 1.188000 2.595000 C
1284 162 49.827999 1.832000 1.960000 C
1285 162 50.785999 2.199000 2.679000 O
1286 162 48.429001 -0.284000 2.309000 C
1287 162 47.443001 -0.915000 3.284000 C
1288 162 47.125999 -2.392000 2.967000 C
1289 162 47.022999 -2.733000 1.470000 C
1290 162 45.875000 -3.637000 1.136000 N
