1291
1 1 43.923 -3.166 9.018 N
2 1 43.395 -1.845 9.031 C
3 1 41.992 -1.958 9.586 C
4 1 41.316 -2.957 9.401 O
5 1 43.445 -1.361 7.561 C
6 1 42.859 0.006 7.247 C
7 1 43.848 1.351 7.907 S
8 1 45.368 0.760 7.162 C
9 2 41.570 -0.899 10.225 N
10 2 40.224 -0.806 10.731 C
11 2 39.826 0.665 10.772 C
12 2 40.648 1.538 10.505 O
13 2 40.108 -1.525 12.108 C
14 2 41.003 -0.965 13.181 C
15 2 40.938 0.239 13.461 O
16 2 41.843 -1.830 13.765 N
17 3 38.590 0.947 11.204 N
18 3 38.086 2.304 11.232 C
19 3 38.903 3.281 12.080 C
20 3 39.046 4.467 11.763 O
21 3 36.609 2.286 11.592 C
22 3 35.879 3.617 11.370 C
23 3 36.385 1.642 12.989 C
24 3 36.233 4.377 10.062 C
25 4 39.401 2.747 13.184 N
26 4 40.158 3.574 14.077 C
27 4 41.469 3.961 13.441 C
28 4 41.870 5.125 13.472 O
29 4 40.388 2.886 15.438 C
30 4 39.121 2.866 16.305 C
31 4 38.772 3.967 17.098 C
32 4 38.268 1.757 16.318 C
33 4 37.636 3.947 17.907 C
34 4 37.082 1.755 17.064 C
35 4 36.801 2.824 17.909 C
36 5 42.154 3.009 12.895 N
37 5 43.422 3.279 12.266 C
38 5 43.242 4.154 11.052 C
39 5 44.104 4.942 10.732 O
40 5 43.957 1.991 11.719 C
41 5 44.445 1.068 12.826 C
42 5 45.095 -0.189 12.301 C
43 5 45.585 -0.345 11.195 O
44 5 45.207 -1.061 13.240 O
45 6 42.132 3.917 10.353 N
46 6 41.833 4.693 9.172 C
47 6 41.635 6.160 9.519 C
48 6 42.252 7.084 8.929 O
49 6 40.572 4.098 8.508 C
50 6 40.150 4.857 7.269 C
51 6 38.394 4.495 6.926 S
52 6 38.259 4.662 5.091 C
53 7 40.743 6.426 10.479 N
54 7 40.518 7.816 10.866 C
55 7 41.755 8.458 11.493 C
56 7 41.988 9.658 11.353 O
57 7 39.305 7.966 11.814 C
58 7 38.051 7.932 11.023 C
59 7 36.922 7.502 11.945 C
60 7 37.836 9.289 10.340 C
61 8 42.549 7.657 12.184 N
62 8 43.737 8.179 12.783 C
63 8 44.717 8.694 11.721 C
64 8 45.387 9.672 11.907 O
65 8 44.375 7.171 13.688 C
66 8 45.693 7.709 14.169 C
67 8 45.487 8.701 15.298 C
68 8 46.778 9.126 15.818 N
69 8 47.704 9.785 15.094 C
70 8 47.521 10.132 13.822 N
71 8 48.869 10.111 15.656 N
72 9 44.762 8.066 10.577 N
73 9 45.594 8.511 9.483 C
74 9 44.972 9.752 8.838 C
75 9 45.666 10.729 8.520 O
76 9 45.687 7.403 8.437 C
77 9 46.702 6.352 8.864 C
78 9 46.005 7.965 7.048 C
79 9 46.451 5.001 8.240 C
80 10 43.666 9.774 8.678 N
81 10 43.010 10.899 8.053 C
82 10 42.983 12.174 8.896 C
83 10 42.987 13.269 8.363 O
84 10 41.574 10.552 7.640 C
85 10 41.605 9.814 6.322 C
86 10 42.581 9.863 5.603 O
87 10 40.594 9.026 6.156 O
88 11 42.876 12.022 10.215 N
89 11 42.737 13.162 11.098 C
90 11 43.986 13.658 11.787 C
91 11 44.062 14.847 12.168 O
92 11 41.659 12.900 12.169 C
93 11 40.306 12.627 11.506 C
94 11 39.559 13.821 10.999 C
95 11 40.162 14.954 11.255 O
96 11 38.456 13.731 10.465 O
97 12 44.910 12.733 12.025 N
98 12 46.102 12.982 12.802 C
99 12 45.753 13.048 14.299 C
100 12 44.661 12.665 14.731 O
101 13 46.733 13.531 15.074 N
102 13 46.553 13.717 16.479 C
103 13 47.286 14.981 16.941 C
104 13 48.479 15.116 16.732 O
105 13 47.069 12.484 17.195 C
106 13 47.385 12.705 18.662 C
107 13 46.120 12.434 19.460 C
108 13 48.438 11.689 19.058 C
109 14 46.567 15.891 17.602 N
110 14 47.131 17.119 18.149 C
111 14 46.678 17.253 19.553 C
112 14 45.490 17.060 19.801 O
113 14 46.764 18.351 17.329 C
114 14 47.623 18.272 16.090 C
115 14 47.301 19.301 15.044 C
116 14 48.016 20.529 15.334 N
117 14 47.985 21.623 14.579 C
118 14 47.273 21.682 13.447 N
119 14 48.692 22.688 14.988 N
120 15 47.611 17.575 20.459 N
121 15 47.257 17.699 21.856 C
122 15 46.905 19.082 22.317 C
123 15 46.545 19.255 23.466 O
124 15 48.254 17.052 22.802 C
125 15 48.472 15.611 22.396 C
126 15 49.623 15.012 23.188 C
127 15 47.185 14.798 22.572 C
128 16 47.021 20.060 21.455 N
129 16 46.622 21.369 21.872 C
130 16 45.580 21.808 20.902 C
131 16 45.521 21.259 19.789 O
132 16 47.732 22.401 21.889 C
133 16 48.912 21.993 21.058 C
134 16 50.171 22.330 21.818 C
135 16 50.175 21.788 23.243 C
136 16 51.257 22.383 24.051 N
137 17 44.726 22.732 21.371 N
138 17 43.674 23.249 20.527 C
139 17 44.259 23.685 19.173 C
140 17 45.281 24.370 19.145 O
141 17 42.920 24.407 21.167 C
142 17 42.140 23.838 22.339 C
143 17 42.001 25.194 20.199 C
144 17 41.323 24.931 23.006 C
145 18 43.593 23.324 18.075 N
146 18 44.077 23.722 16.736 C
147 18 42.921 24.128 15.836 C
148 18 41.757 23.836 16.140 O
149 18 44.947 22.624 16.057 C
150 18 44.177 21.344 15.743 C
151 18 43.947 20.347 16.703 C
152 18 43.591 21.158 14.489 C
153 18 43.197 19.201 16.410 C
154 18 42.813 20.032 14.188 C
155 18 42.610 19.042 15.152 C
156 18 41.884 17.909 14.827 O
157 19 43.217 24.846 14.753 N
158 19 42.152 25.159 13.828 C
159 19 42.086 24.066 12.769 C
160 19 43.110 23.627 12.237 O
161 19 42.272 26.509 13.211 C
162 19 41.717 27.517 14.165 C
163 19 41.325 28.785 13.452 C
164 19 42.014 29.970 14.104 C
165 19 41.417 31.284 13.827 N
166 20 40.884 23.563 12.507 N
167 20 40.829 22.495 11.525 C
168 20 40.914 23.013 10.082 C
169 20 41.174 24.192 9.877 O
170 20 39.644 21.551 11.759 C
171 20 38.324 22.207 11.523 C
172 20 38.396 23.452 11.191 O
173 20 37.306 21.595 11.480 O
174 21 40.628 22.134 9.100 N
175 21 40.678 22.477 7.677 C
176 21 39.727 23.620 7.304 C
177 21 40.000 24.383 6.378 O
178 21 40.586 21.249 6.702 C
179 21 39.295 20.659 6.680 O
180 21 41.612 20.155 7.016 C
181 22 38.634 23.756 8.071 N
182 22 37.599 24.782 7.898 C
183 22 37.826 26.021 8.760 C
184 22 37.041 26.966 8.697 O
185 22 36.198 24.260 8.219 C
186 22 35.759 23.056 7.385 C
187 22 35.493 23.391 5.956 C
188 22 35.054 24.643 5.736 O
189 22 35.714 22.553 5.097 O
190 23 38.921 25.962 9.536 N
191 23 39.335 26.978 10.472 C
192 23 38.565 26.889 11.798 C
193 23 38.452 27.865 12.523 O
194 24 38.012 25.743 12.142 N
195 24 37.346 25.741 13.429 C
196 24 38.214 25.060 14.411 C
197 24 38.974 24.143 14.061 O
198 24 36.078 24.941 13.483 C
199 24 35.098 25.354 12.453 C
200 24 34.656 26.661 12.363 C
201 24 34.605 24.382 11.592 C
202 24 33.695 27.009 11.397 C
203 24 33.672 24.722 10.602 C
204 24 33.216 26.027 10.530 C
205 24 32.242 26.329 9.610 O
206 25 37.951 25.464 15.645 N
207 25 38.625 24.963 16.825 C
208 25 38.344 23.507 17.085 C
209 25 37.204 23.071 17.160 O
210 25 38.280 25.829 18.038 C
211 25 38.988 27.133 17.949 C
212 25 40.378 27.209 17.894 C
213 25 38.217 28.291 17.866 C
214 25 40.987 28.475 17.809 C
215 25 38.806 29.563 17.832 C
216 25 40.193 29.629 17.783 C
217 25 40.764 30.868 17.780 O
218 26 39.423 22.771 17.210 N
219 26 39.320 21.339 17.388 C
220 26 40.391 20.865 18.306 C
221 26 41.321 21.591 18.649 O
222 26 39.587 20.643 16.048 C
223 26 38.566 20.905 15.102 O
224 27 40.351 19.601 18.628 N
225 27 41.431 19.063 19.394 C
226 27 41.531 17.552 19.150 C
227 27 40.561 16.938 18.673 O
228 27 41.299 19.403 20.896 C
229 27 42.676 19.196 21.561 C
230 27 40.222 18.480 21.472 C
231 27 42.995 19.884 22.868 C
232 28 42.645 16.935 19.520 N
233 28 42.837 15.485 19.457 C
234 28 42.789 14.885 18.055 C
235 28 43.461 15.359 17.164 O
236 29 41.933 13.880 17.875 N
237 29 41.815 13.211 16.573 C
238 29 40.561 13.676 15.862 C
239 29 39.514 13.014 15.810 O
240 29 41.904 11.682 16.755 C
241 29 43.241 11.323 17.412 C
242 29 41.712 10.887 15.457 C
243 29 43.168 10.020 18.209 C
244 30 40.644 14.900 15.356 N
245 30 39.519 15.435 14.648 C
246 30 38.304 15.714 15.511 C
247 30 37.200 15.668 15.011 O
248 31 38.478 16.072 16.787 N
249 31 37.296 16.344 17.587 C
250 31 36.897 17.827 17.499 C
251 31 37.601 18.686 18.032 O
252 31 37.559 15.975 19.077 C
253 31 36.320 16.175 19.918 C
254 31 35.264 15.273 19.914 N
255 31 35.922 17.242 20.691 C
256 31 34.277 15.781 20.687 C
257 31 34.664 16.949 21.200 N
258 32 35.788 18.154 16.838 N
259 32 35.415 19.561 16.757 C
260 32 34.972 20.109 18.089 C
261 32 34.156 19.532 18.816 O
262 32 34.264 19.774 15.767 C
263 32 33.733 21.222 15.740 C
264 32 34.734 22.214 15.172 C
265 32 32.611 21.256 14.737 C
266 33 35.478 21.225 18.411 N
267 33 35.048 21.756 19.667 C
268 33 33.938 22.715 19.461 C
269 33 32.900 22.582 20.082 O
270 33 36.174 22.425 20.448 C
271 33 37.202 21.413 20.936 C
272 33 38.409 22.228 21.339 C
273 33 36.659 20.704 22.175 C
274 34 34.201 23.690 18.602 N
275 34 33.281 24.771 18.379 C
276 34 33.474 25.441 17.049 C
277 34 34.594 25.550 16.554 O
278 34 33.378 25.856 19.497 C
279 34 32.268 26.715 19.333 O
280 34 34.729 26.615 19.656 C
281 35 32.366 25.932 16.522 N
282 35 32.392 26.665 15.264 C
283 35 32.520 28.171 15.471 C
284 35 32.738 28.937 14.535 O
285 35 31.216 26.390 14.374 C
286 35 30.983 24.923 14.072 C
287 35 30.182 24.759 12.786 C
288 35 29.480 23.421 12.613 C
289 35 28.415 23.470 11.591 N
290 36 32.357 28.587 16.710 N
291 36 32.525 29.969 17.099 C
292 36 33.995 30.324 17.089 C
293 36 34.907 29.571 17.442 O
294 36 31.908 30.319 18.436 C
295 36 32.913 30.843 19.282 O
296 37 34.206 31.546 16.693 N
297 37 35.508 32.112 16.423 C
298 37 36.271 32.603 17.613 C
299 37 37.283 33.315 17.538 O
300 37 35.222 33.247 15.463 C
301 37 33.731 33.554 15.580 C
302 37 33.070 32.407 16.311 C
303 38 35.821 32.096 18.716 N
304 38 36.325 32.491 19.987 C
305 38 37.023 31.352 20.742 C
306 38 36.411 30.346 21.078 O
307 38 35.076 33.056 20.659 C
308 38 35.247 33.104 22.044 O
309 39 38.322 31.540 21.003 N
310 39 39.222 30.582 21.655 C
311 39 38.794 30.253 23.078 C
312 39 38.978 29.155 23.640 O
313 39 40.682 31.059 21.494 C
314 39 41.699 30.375 22.395 C
315 39 42.134 29.052 21.808 C
316 39 42.947 31.222 22.506 C
317 40 38.140 31.227 23.649 N
318 40 37.620 30.993 24.962 C
319 40 36.409 30.136 24.853 C
320 40 36.217 29.276 25.714 O
321 40 37.314 32.256 25.762 C
322 40 38.585 33.042 25.964 C
323 40 39.480 32.662 26.751 O
324 40 38.717 34.083 25.142 N
325 41 35.597 30.357 23.829 N
326 41 34.453 29.477 23.662 C
327 41 35.005 28.076 23.463 C
328 41 34.449 27.130 23.988 O
329 41 33.383 29.864 22.638 C
330 42 36.180 27.977 22.846 N
331 42 36.839 26.688 22.635 C
332 42 37.312 26.022 23.909 C
333 42 37.158 24.802 24.148 O
334 42 38.048 26.823 21.705 C
335 43 37.987 26.804 24.708 N
336 43 38.519 26.315 25.945 C
337 43 37.434 25.820 26.853 C
338 43 37.596 24.775 27.465 O
339 43 39.234 27.425 26.613 C
340 43 40.473 27.587 25.791 C
341 43 41.200 28.890 25.998 C
342 43 42.457 28.708 26.837 C
343 43 43.540 29.643 26.474 N
344 44 36.318 26.541 26.821 N
345 44 35.156 26.172 27.620 C
346 44 34.601 24.817 27.250 C
347 44 34.325 23.993 28.115 O
348 44 34.044 27.241 27.684 C
349 44 32.848 26.744 28.283 O
350 45 34.454 24.629 25.951 N
351 45 33.926 23.405 25.423 C
352 45 34.884 22.320 25.728 C
353 45 34.454 21.242 26.134 O
354 45 33.787 23.536 23.938 C
355 45 32.584 24.418 23.615 C
356 45 31.256 23.884 24.121 C
357 45 30.872 22.753 23.973 O
358 45 30.481 24.795 24.640 O
359 46 36.180 22.653 25.604 N
360 46 37.190 21.682 25.910 C
361 46 37.102 21.209 27.368 C
362 46 37.071 20.030 27.655 O
363 46 38.608 22.117 25.559 C
364 46 39.647 21.094 25.969 C
365 46 39.512 19.840 25.110 C
366 46 41.021 21.725 25.755 C
367 47 37.059 22.118 28.317 N
368 47 37.028 21.664 29.686 C
369 47 35.790 20.882 30.024 C
370 47 35.820 19.953 30.846 O
371 47 37.245 22.823 30.663 C
372 47 38.592 23.470 30.539 C
373 47 39.597 22.952 30.037 O
374 47 38.528 24.696 30.973 O
375 48 34.699 21.294 29.436 N
376 48 33.416 20.622 29.617 C
377 48 33.422 19.151 29.120 C
378 48 32.960 18.206 29.724 O
379 48 32.452 21.427 28.790 C
380 48 31.108 20.754 28.705 C
381 48 29.988 21.746 28.460 C
382 48 29.985 22.346 27.061 C
383 48 29.537 21.417 26.020 N
384 49 34.062 18.947 27.991 N
385 49 34.155 17.634 27.400 C
386 49 35.111 16.680 28.135 C
387 49 34.896 15.484 28.165 O
388 49 34.551 17.828 25.931 C
389 50 36.189 17.217 28.723 N
390 50 37.220 16.432 29.432 C
391 50 36.882 16.281 30.902 C
392 50 37.324 15.368 31.588 O
393 50 38.612 17.100 29.318 C
394 50 38.949 17.218 27.848 C
395 50 39.704 16.353 30.073 C
396 50 38.955 15.858 27.151 C
397 51 36.127 17.229 31.375 N
398 51 35.730 17.277 32.765 C
399 51 36.847 17.757 33.726 C
400 51 36.928 17.247 34.830 O
401 52 37.689 18.728 33.314 N
402 52 38.806 19.334 34.084 C
403 52 39.243 20.644 33.418 C
404 52 38.896 20.894 32.271 O
405 52 39.999 18.397 34.268 C
406 52 41.078 18.370 33.177 C
407 52 41.825 17.052 33.298 C
408 52 42.854 16.823 32.307 N
409 52 43.751 17.712 31.940 C
410 52 43.766 18.938 32.469 N
411 52 44.637 17.336 31.009 N
412 53 39.977 21.487 34.139 N
413 53 40.502 22.724 33.565 C
414 53 41.715 22.366 32.784 C
415 53 42.742 22.046 33.378 O
416 53 40.865 23.713 34.665 C
417 53 39.749 24.682 34.561 C
418 53 38.611 24.325 34.928 O
419 53 40.011 25.702 33.745 N
420 54 41.559 22.299 31.478 N
421 54 42.618 21.789 30.656 C
422 54 43.552 22.835 30.267 C
423 54 44.686 22.520 29.907 O
424 54 42.085 21.204 29.325 C
425 54 41.401 22.220 28.581 O
426 54 41.139 20.051 29.650 C
427 55 43.004 24.040 30.202 N
428 55 43.801 25.136 29.699 C
429 55 44.274 24.849 28.265 C
430 55 45.402 25.204 27.906 O
431 55 44.979 25.603 30.622 C
432 55 45.577 27.023 30.388 C
433 55 44.892 28.004 30.017 O
434 55 46.886 27.158 30.613 N
435 56 43.428 24.212 27.435 N
436 56 43.750 24.007 26.009 C
437 56 44.650 22.857 25.644 C
438 56 44.918 22.656 24.453 O
439 57 45.063 22.077 26.652 N
440 57 45.963 20.954 26.416 C
441 57 45.453 19.683 27.075 C
442 57 45.059 19.750 28.239 O
443 57 47.396 21.285 26.865 C
444 57 48.365 20.264 26.297 C
445 57 47.826 22.638 26.327 C
446 58 45.472 18.537 26.330 N
447 58 44.972 17.266 26.846 C
448 58 46.000 16.206 26.720 C
449 58 46.983 16.397 26.035 O
450 58 43.656 16.823 26.179 C
451 58 43.823 16.591 24.671 C
452 58 42.600 17.892 26.437 C
453 58 42.635 15.841 24.063 C
454 59 45.806 15.068 27.348 N
455 59 46.801 14.059 27.184 C
456 59 46.365 13.163 26.012 C
457 59 45.248 13.281 25.501 O
458 59 46.945 13.179 28.451 C
459 59 45.754 12.443 28.569 O
460 59 47.081 14.035 29.705 C
461 60 47.265 12.251 25.662 N
462 60 47.075 11.229 24.636 C
463 60 45.852 10.378 24.952 C
464 60 44.951 10.141 24.123 O
465 60 48.336 10.397 24.414 C
466 60 48.196 9.484 23.197 C
467 60 49.499 9.101 22.499 C
468 60 49.292 8.562 21.076 C
469 60 50.366 8.884 20.096 N
470 61 45.764 9.995 26.218 N
471 61 44.631 9.277 26.740 C
472 61 43.276 9.949 26.555 C
473 61 42.275 9.314 26.186 O
474 61 44.879 9.093 28.224 C
475 61 45.606 7.827 28.254 C
476 61 44.757 6.835 28.165 O
477 61 46.799 7.764 28.032 O
478 62 43.236 11.225 26.952 N
479 62 42.076 12.038 26.818 C
480 62 41.660 12.109 25.339 C
481 62 40.510 11.978 24.979 O
482 62 42.452 13.420 27.331 C
483 62 42.368 13.325 28.839 C
484 62 42.961 14.482 29.574 C
485 62 43.604 15.357 29.057 O
486 62 42.485 14.545 30.774 O
487 63 42.642 12.324 24.492 N
488 63 42.330 12.365 23.095 C
489 63 41.768 11.048 22.645 C
490 63 40.861 11.055 21.849 O
491 63 43.533 12.720 22.217 C
492 64 42.338 9.922 23.076 N
493 64 41.795 8.689 22.602 C
494 64 40.425 8.449 23.143 C
495 64 39.576 7.850 22.498 O
496 64 42.689 7.475 22.849 C
497 64 43.906 7.530 21.924 C
498 64 45.072 6.770 22.462 C
499 64 45.209 6.477 23.645 O
500 64 45.934 6.500 21.522 O
501 65 40.182 8.957 24.309 N
502 65 38.881 8.772 24.833 C
503 65 37.843 9.527 24.033 C
504 65 36.800 8.950 23.732 O
505 65 38.826 9.148 26.283 C
506 65 37.510 8.713 26.872 C
507 65 37.570 8.662 28.385 C
508 65 36.250 8.269 29.008 C
509 65 36.022 8.997 30.257 N
510 66 38.137 10.777 23.640 N
511 66 37.179 11.524 22.816 C
512 66 36.968 10.795 21.496 C
513 66 35.852 10.723 20.949 O
514 66 37.664 12.920 22.463 C
515 66 37.792 13.792 23.707 C
516 66 38.447 15.134 23.365 C
517 66 36.395 14.046 24.224 C
518 67 38.071 10.283 20.997 N
519 67 38.014 9.534 19.733 C
520 67 37.064 8.352 19.810 C
521 67 36.180 8.169 18.943 O
522 67 39.459 9.218 19.249 C
523 67 39.619 8.536 17.907 C
524 67 38.948 8.986 16.762 C
525 67 40.574 7.516 17.791 C
526 67 39.152 8.337 15.541 C
527 67 40.843 6.911 16.565 C
528 67 40.100 7.312 15.457 C
529 68 37.215 7.503 20.846 N
530 68 36.331 6.361 21.036 C
531 68 34.865 6.804 21.094 C
532 68 33.978 6.209 20.500 O
533 68 36.704 5.595 22.329 C
534 68 37.938 4.729 22.152 C
535 68 37.939 3.959 21.214 O
536 68 38.909 4.730 23.098 N
537 69 34.600 7.890 21.833 N
538 69 33.242 8.407 21.904 C
539 69 32.754 8.825 20.548 C
540 69 31.627 8.593 20.190 O
541 69 33.114 9.648 22.838 C
542 69 33.542 9.194 24.220 C
543 69 33.579 10.299 25.266 C
544 69 33.623 10.005 26.460 O
545 69 33.635 11.536 24.817 N
546 70 33.615 9.487 19.811 N
547 70 33.231 9.982 18.509 C
548 70 32.971 8.910 17.479 C
549 70 32.053 9.063 16.695 O
550 70 34.195 11.050 17.946 C
551 70 34.262 12.346 18.729 C
552 70 33.371 12.742 19.445 O
553 70 35.358 13.036 18.510 O
554 71 33.742 7.837 17.492 N
555 71 33.479 6.766 16.557 C
556 71 32.174 6.097 16.891 C
557 71 31.321 5.833 16.012 O
558 71 34.685 5.806 16.471 C
559 71 34.383 4.629 15.536 C
560 71 35.880 6.554 15.885 C
561 72 31.962 5.878 18.188 N
562 72 30.737 5.234 18.670 C
563 72 29.514 6.005 18.235 C
564 72 28.533 5.468 17.681 O
565 72 30.837 5.008 20.200 C
566 72 29.694 4.192 20.805 C
567 72 29.631 2.963 20.391 O
568 72 28.906 4.635 21.605 O
569 73 29.588 7.313 18.457 N
570 73 28.516 8.222 18.061 C
571 73 28.276 8.175 16.540 C
572 73 27.148 8.238 16.055 O
573 73 28.825 9.674 18.435 C
574 74 29.331 8.120 15.754 N
575 74 29.086 8.100 14.300 C
576 74 28.319 6.869 13.906 C
577 74 27.361 6.964 13.165 O
578 74 30.331 8.209 13.426 C
579 75 28.790 5.709 14.385 N
580 75 28.139 4.452 14.048 C
581 75 26.660 4.481 14.466 C
582 75 25.772 4.041 13.744 O
583 75 28.826 3.210 14.656 C
584 75 28.008 1.915 14.477 C
585 75 30.256 3.004 14.152 C
586 76 26.406 4.979 15.655 N
587 76 25.055 4.962 16.168 C
588 76 24.156 5.947 15.427 C
589 76 22.959 5.741 15.211 O
590 76 25.115 5.095 17.705 C
591 76 25.410 3.753 18.419 C
592 76 26.335 3.841 19.641 C
593 76 25.823 4.818 20.585 N
594 76 24.740 4.568 21.330 C
595 76 24.097 3.390 21.283 N
596 76 24.271 5.521 22.140 N
597 77 24.747 7.050 14.973 N
598 77 23.989 7.995 14.222 C
599 77 23.618 7.385 12.875 C
600 77 22.544 7.603 12.341 O
601 78 24.539 6.635 12.293 N
602 78 24.232 6.019 11.012 C
603 78 23.049 5.085 11.189 C
604 78 22.102 5.058 10.402 O
605 78 25.436 5.218 10.453 C
606 78 26.575 6.122 9.935 C
607 78 24.968 4.157 9.450 C
608 78 27.955 5.451 9.832 C
609 79 23.117 4.332 12.289 N
610 79 22.131 3.313 12.585 C
611 79 20.795 3.854 12.884 C
612 79 19.806 3.182 12.644 O
613 79 22.534 2.304 13.664 C
614 79 23.718 1.480 13.202 C
615 79 24.146 0.449 14.242 C
616 79 23.407 0.826 11.857 C
617 80 20.810 5.080 13.366 N
618 80 19.625 5.798 13.714 C
619 80 18.954 6.550 12.578 C
620 80 17.799 6.988 12.701 O
621 80 20.062 6.820 14.732 C
622 80 19.374 6.538 16.051 C
623 80 18.878 5.085 16.283 C
624 80 19.138 4.666 17.694 N
625 80 18.412 4.052 18.699 C
626 80 17.158 3.576 18.614 N
627 80 19.008 3.899 19.894 N
628 81 19.728 6.793 11.528 N
629 81 19.303 7.601 10.403 C
630 81 18.595 6.802 9.318 C
631 81 19.150 5.866 8.741 O
632 81 20.485 8.417 9.863 C
633 81 20.058 9.354 8.768 C
634 81 19.696 8.930 7.665 O
635 81 20.266 10.636 8.998 N
636 82 17.346 7.165 9.034 N
637 82 16.562 6.434 8.033 C
638 82 17.194 6.329 6.675 C
639 82 16.909 5.410 5.905 O
640 82 15.176 7.021 7.834 C
641 83 17.994 7.305 6.329 N
642 83 18.613 7.282 5.031 C
643 83 19.923 6.551 5.012 C
644 83 20.362 6.049 3.996 O
645 83 18.983 8.670 4.669 C
646 83 18.009 9.252 3.702 C
647 83 17.259 10.341 4.427 C
648 83 16.292 11.086 3.534 C
649 83 16.076 10.435 2.228 N
650 84 20.592 6.567 6.136 N
651 84 21.911 5.983 6.161 C
652 84 21.924 4.516 6.482 C
653 84 22.720 3.745 5.962 O
654 84 22.857 6.765 7.136 C
655 84 22.977 8.254 6.795 C
656 84 23.816 9.018 7.817 C
657 84 23.522 8.502 5.397 C
658 85 21.104 4.151 7.420 N
659 85 21.093 2.786 7.853 C
660 85 21.030 1.775 6.726 C
661 85 21.742 0.795 6.698 O
662 85 19.957 2.561 8.852 C
663 85 19.847 1.122 9.340 C
664 85 19.042 0.956 10.614 C
665 85 19.330 -0.380 11.268 C
666 85 18.903 -1.510 10.436 N
667 86 20.075 1.961 5.825 N
668 86 19.872 0.991 4.772 C
669 86 21.076 0.886 3.885 C
670 86 21.398 -0.184 3.365 O
671 86 18.626 1.452 4.005 C
672 86 18.386 2.884 4.451 C
673 86 19.124 3.069 5.770 C
674 87 21.784 1.990 3.753 N
675 87 23.012 1.938 2.965 C
676 87 24.078 1.115 3.713 C
677 87 24.785 0.256 3.178 O
678 87 23.522 3.344 2.577 C
679 87 24.757 3.270 1.678 C
680 87 22.402 4.098 1.869 C
681 88 24.205 1.397 4.959 N
682 88 25.194 0.725 5.790 C
683 88 24.958 -0.786 5.824 C
684 88 25.857 -1.662 5.704 O
685 88 25.064 1.355 7.218 C
686 88 26.154 0.921 8.162 C
687 88 27.371 1.582 8.228 C
688 88 25.932 -0.169 8.996 C
689 88 28.355 1.190 9.139 C
690 88 26.924 -0.611 9.862 C
691 88 28.137 0.069 9.937 C
692 88 29.105 -0.358 10.833 O
693 89 23.702 -1.104 6.001 N
694 89 23.357 -2.484 6.100 C
695 89 23.675 -3.244 4.848 C
696 89 23.968 -4.434 4.904 O
697 89 21.858 -2.665 6.401 C
698 89 21.413 -2.474 7.841 C
699 89 22.360 -2.391 8.726 O
700 89 20.261 -2.381 8.119 O
701 90 23.600 -2.545 3.712 N
702 90 23.873 -3.199 2.439 C
703 90 25.333 -3.433 2.139 C
704 90 25.658 -4.268 1.295 O
705 90 23.240 -2.405 1.308 C
706 90 23.993 -1.237 1.059 O
707 91 26.261 -2.677 2.786 N
708 91 27.659 -2.758 2.439 C
709 91 28.415 -3.827 3.145 C
710 91 27.991 -4.296 4.201 O
711 91 28.348 -1.429 2.835 C
712 91 27.765 -0.233 2.072 C
713 91 28.293 1.044 2.712 C
714 91 28.206 -0.277 0.604 C
715 92 29.578 -4.087 2.580 N
716 92 30.599 -4.936 3.166 C
717 92 31.361 -4.187 4.245 C
718 92 31.248 -2.987 4.403 O
719 92 31.581 -5.456 2.108 C
720 92 32.309 -4.345 1.418 C
721 92 31.565 -3.842 0.491 O
722 92 33.417 -3.937 1.731 O
723 93 32.134 -4.922 5.056 N
724 93 32.838 -4.314 6.160 C
725 93 33.811 -3.199 5.823 C
726 93 33.856 -2.192 6.543 O
727 93 33.436 -5.354 7.116 C
728 94 34.599 -3.381 4.728 N
729 94 35.504 -2.335 4.339 C
730 94 34.744 -1.082 3.954 C
731 94 35.078 0.042 4.356 O
732 94 36.419 -2.783 3.219 C
733 94 37.377 -1.666 2.824 C
734 94 37.233 -3.914 3.756 C
735 95 33.695 -1.253 3.146 N
736 95 32.956 -0.089 2.685 C
737 95 32.163 0.529 3.782 C
738 95 31.914 1.722 3.800 O
739 95 32.099 -0.400 1.442 C
740 95 32.931 -0.694 0.210 C
741 95 31.996 -0.885 -0.996 C
742 95 32.685 -1.136 -2.253 N
743 95 33.078 -2.338 -2.697 C
744 95 32.987 -3.444 -1.959 N
745 95 33.669 -2.418 -3.886 N
746 96 31.792 -0.280 4.779 N
747 96 31.093 0.353 5.916 C
748 96 32.021 1.374 6.631 C
749 96 31.559 2.437 7.060 O
750 96 30.624 -0.665 6.959 C
751 96 29.297 -1.300 6.622 C
752 96 29.042 -2.542 7.499 C
753 96 27.847 -3.201 7.020 N
754 96 27.344 -4.320 7.509 C
755 96 27.961 -4.935 8.508 N
756 96 26.207 -4.822 6.969 N
757 97 33.294 1.035 6.784 N
758 97 34.285 1.934 7.384 C
759 97 34.416 3.226 6.585 C
760 97 34.530 4.316 7.137 O
761 97 35.643 1.256 7.493 C
762 98 34.307 3.168 5.256 N
763 98 34.344 4.397 4.437 C
764 98 33.116 5.297 4.706 C
765 98 33.159 6.518 4.700 O
766 98 34.436 4.068 2.950 C
767 99 31.988 4.709 4.987 N
768 99 30.818 5.499 5.247 C
769 99 30.947 6.120 6.616 C
770 99 30.547 7.247 6.875 O
771 99 29.556 4.599 5.189 C
772 99 28.248 5.327 5.370 C
773 99 28.102 6.325 4.238 C
774 99 27.054 4.376 5.315 C
775 100 31.453 5.343 7.535 N
776 100 31.678 5.895 8.871 C
777 100 32.659 7.113 8.820 C
778 100 32.461 8.155 9.469 O
779 100 32.144 4.784 9.853 C
780 100 31.146 3.646 10.068 C
781 100 32.591 5.396 11.194 C
782 100 31.786 2.447 10.772 C
783 101 33.740 7.016 8.051 N
784 101 34.721 8.075 7.903 C
785 101 34.029 9.333 7.426 C
786 101 34.184 10.406 8.008 O
787 101 35.721 7.582 6.852 C
788 101 36.958 8.445 6.747 C
789 101 36.847 9.662 6.652 O
790 101 38.128 7.830 6.865 N
791 102 33.149 9.191 6.426 N
792 102 32.439 10.383 5.973 C
793 102 31.571 11.010 7.060 C
794 102 31.438 12.229 7.170 O
795 102 31.487 10.057 4.787 C
796 102 32.255 9.811 3.488 C
797 102 31.148 9.453 2.074 S
798 102 30.523 11.106 1.715 C
799 103 30.864 10.153 7.792 N
800 103 29.948 10.678 8.804 C
801 103 30.760 11.352 9.911 C
802 103 30.385 12.412 10.405 O
803 103 29.029 9.619 9.367 C
804 103 28.304 10.174 10.589 C
805 103 27.995 9.237 8.312 C
806 104 31.909 10.770 10.227 N
807 104 32.777 11.359 11.249 C
808 104 33.240 12.754 10.836 C
809 104 33.258 13.711 11.597 O
810 104 33.995 10.470 11.368 C
811 104 34.944 10.927 12.445 C
812 104 35.944 11.857 12.209 C
813 104 34.855 10.333 13.711 C
814 104 36.813 12.183 13.253 C
815 104 35.767 10.578 14.725 C
816 104 36.729 11.570 14.496 C
817 105 33.599 12.885 9.573 N
818 105 34.081 14.149 9.068 C
819 105 33.013 15.212 8.905 C
820 105 33.204 16.352 9.299 O
821 105 34.894 13.964 7.746 C
822 105 35.336 15.322 7.129 C
823 105 36.063 15.178 5.805 C
824 105 36.109 14.111 5.214 O
825 105 36.605 16.262 5.281 N
826 106 31.897 14.843 8.263 N
827 106 30.864 15.780 7.899 C
828 106 29.556 15.716 8.629 C
829 106 28.626 16.479 8.416 O
830 106 30.760 15.907 6.358 C
831 106 29.867 15.109 5.443 C
832 106 30.670 15.425 3.848 S
833 106 31.597 13.893 3.651 C
834 107 29.428 14.752 9.448 N
835 107 28.139 14.737 10.084 C
836 107 27.148 13.910 9.310 C
837 107 27.164 13.773 8.097 O
838 108 26.207 13.424 10.074 N
839 108 25.169 12.554 9.597 C
840 108 24.277 13.232 8.563 C
841 108 23.865 12.681 7.531 O
842 108 24.423 12.075 10.869 C
843 108 23.313 11.054 10.642 C
844 108 22.248 11.193 11.683 C
845 108 22.747 11.246 12.888 O
846 108 21.059 11.203 11.435 O
847 109 24.000 14.482 8.856 N
848 109 23.151 15.259 8.003 C
849 109 23.814 15.583 6.687 C
850 109 23.154 15.561 5.644 O
851 109 22.719 16.576 8.685 C
852 109 22.029 16.306 9.884 O
853 109 21.814 17.387 7.765 C
854 110 25.095 15.960 6.792 N
855 110 25.897 16.302 5.655 C
856 110 25.946 15.115 4.725 C
857 110 25.770 15.258 3.530 O
858 111 26.133 13.925 5.280 N
859 111 26.212 12.732 4.447 C
860 111 24.869 12.290 3.845 C
861 111 24.810 11.917 2.684 O
862 111 26.963 11.595 5.117 C
863 111 26.920 10.353 4.216 C
864 111 28.406 12.013 5.503 C
865 112 23.794 12.323 4.646 N
866 112 22.460 11.907 4.217 C
867 112 22.018 12.701 2.965 C
868 112 21.197 12.335 2.106 O
869 112 21.560 12.031 5.448 C
870 113 22.719 13.794 2.790 N
871 113 22.513 14.664 1.655 C
872 113 22.976 14.142 0.290 C
873 113 22.393 14.562 -0.700 O
874 114 24.027 13.283 0.245 N
875 114 24.642 12.682 -0.939 C
876 114 23.693 11.640 -1.530 C
877 114 24.066 10.510 -1.838 O
878 114 26.010 12.036 -0.524 C
879 114 27.201 12.992 -0.314 C
880 114 27.224 13.951 0.695 C
881 114 28.325 12.955 -1.152 C
882 114 28.263 14.875 0.840 C
883 114 29.380 13.870 -1.038 C
884 114 29.373 14.812 -0.011 C
885 115 22.442 12.035 -1.690 N
886 115 21.365 11.160 -2.112 C
887 115 21.673 10.276 -3.249 C
888 115 21.394 9.081 -3.244 O
889 115 20.154 11.899 -2.634 C
890 115 19.459 12.438 -1.558 O
891 115 19.262 10.865 -3.311 C
892 116 22.102 10.941 -4.289 N
893 116 22.403 10.197 -5.470 C
894 116 23.535 9.181 -5.264 C
895 116 23.450 8.054 -5.763 O
896 116 22.581 11.111 -6.726 C
897 116 21.369 12.034 -6.990 C
898 116 20.225 11.592 -6.896 O
899 116 21.577 13.332 -7.255 N
900 117 24.623 9.584 -4.591 N
901 117 25.742 8.683 -4.382 C
902 117 25.290 7.544 -3.508 C
903 117 25.740 6.426 -3.668 O
904 117 26.836 9.353 -3.568 C
905 117 27.346 10.413 -4.327 O
906 118 24.440 7.876 -2.553 N
907 118 23.973 6.848 -1.599 C
908 118 23.220 5.752 -2.343 C
909 118 23.324 4.557 -2.100 O
910 118 23.094 7.398 -0.433 C
911 118 23.817 8.352 0.536 C
912 118 22.861 9.003 1.516 C
913 118 24.806 7.572 1.373 C
914 119 22.391 6.201 -3.226 N
915 119 21.653 5.229 -3.995 C
916 119 22.537 4.316 -4.845 C
917 119 22.350 3.094 -4.908 O
918 119 20.728 6.013 -4.855 C
919 119 19.961 5.034 -5.682 C
920 119 18.742 5.724 -6.254 C
921 119 18.977 6.436 -7.517 N
922 119 19.341 7.723 -7.656 C
923 119 19.588 8.547 -6.608 N
924 119 19.460 8.179 -8.915 N
925 120 23.559 4.915 -5.486 N
926 120 24.503 4.196 -6.294 C
927 120 25.231 3.229 -5.422 C
928 120 25.475 2.116 -5.813 O
929 120 25.527 5.098 -7.012 C
930 120 24.914 5.742 -8.233 C
931 120 25.961 7.099 -8.723 S
932 120 24.810 8.104 -9.681 C
933 121 25.576 3.634 -4.211 N
934 121 26.264 2.682 -3.345 C
935 121 25.371 1.450 -2.985 C
936 121 25.813 0.302 -2.975 O
937 121 26.756 3.387 -2.041 C
938 121 27.884 4.383 -2.225 C
939 121 28.008 5.218 -0.941 C
940 121 29.205 3.645 -2.447 C
941 122 24.123 1.711 -2.617 N
942 122 23.220 0.645 -2.241 C
943 122 23.068 -0.333 -3.409 C
944 122 22.842 -1.520 -3.214 O
945 122 21.859 1.306 -1.973 C
946 122 21.004 0.724 -0.862 C
947 122 20.095 1.847 -0.406 C
948 122 20.517 3.022 -0.440 O
949 122 18.849 1.525 -0.051 N
950 123 23.161 0.204 -4.637 N
951 123 23.020 -0.615 -5.820 C
952 123 24.304 -1.301 -6.206 C
953 123 24.293 -2.077 -7.161 O
954 123 22.462 0.173 -7.036 C
955 123 21.138 0.915 -6.773 C
956 123 20.642 1.536 -8.064 C
957 123 20.124 0.815 -8.917 O
958 123 20.957 2.808 -8.307 N
959 124 25.414 -1.024 -5.483 N
960 124 26.673 -1.624 -5.780 C
961 124 27.246 -1.244 -7.148 C
962 124 27.935 -2.034 -7.831 O
963 124 26.680 -3.136 -5.590 C
964 124 26.098 -3.577 -4.235 C
965 124 26.727 -4.898 -3.752 C
966 124 26.358 -5.393 -2.340 C
967 124 26.629 -4.410 -1.306 N
968 125 26.978 -0.007 -7.514 N
969 125 27.498 0.547 -8.756 C
970 125 28.701 1.368 -8.395 C
971 125 28.602 2.610 -8.251 O
972 125 26.457 1.446 -9.352 C
973 125 25.244 0.674 -9.863 C
974 125 24.139 1.659 -10.166 C
975 125 23.281 1.360 -11.303 N
976 125 22.823 0.158 -11.632 C
977 125 23.214 -0.938 -10.970 N
978 125 21.971 0.062 -12.665 N
979 126 29.791 0.664 -8.171 N
980 126 30.971 1.275 -7.615 C
981 126 31.605 2.456 -8.318 C
982 126 31.933 3.479 -7.720 O
983 126 32.007 0.298 -7.069 C
984 126 31.390 -0.845 -6.310 C
985 126 31.513 -2.142 -6.665 C
986 126 30.628 -0.856 -5.096 C
987 126 30.959 -2.956 -5.731 N
988 126 30.360 -2.187 -4.779 C
989 126 30.158 0.134 -4.224 C
990 126 29.663 -2.593 -3.627 C
991 126 29.458 -0.262 -3.089 C
992 126 29.205 -1.607 -2.782 C
993 127 31.899 2.227 -9.553 N
994 127 32.550 3.221 -10.380 C
995 127 31.633 4.449 -10.586 C
996 127 32.045 5.614 -10.534 O
997 127 33.111 2.503 -11.642 C
998 127 34.342 1.571 -11.435 C
999 127 34.556 0.814 -10.480 O
1000 127 35.177 1.630 -12.441 O
1001 128 30.316 4.216 -10.648 N
1002 128 29.411 5.334 -10.737 C
1003 128 29.375 6.163 -9.490 C
1004 128 29.299 7.391 -9.560 O
1005 128 27.990 4.923 -11.134 C
1006 128 28.198 4.189 -12.466 C
1007 128 27.184 3.166 -12.869 C
1008 128 25.989 3.672 -13.165 O
1009 128 27.503 1.996 -13.011 O
1010 129 29.332 5.485 -8.354 N
1011 129 29.225 6.213 -7.112 C
1012 129 30.434 7.079 -6.907 C
1013 129 30.355 8.187 -6.406 O
1014 129 29.153 5.188 -5.991 C
1015 130 31.576 6.535 -7.330 N
1016 130 32.857 7.196 -7.160 C
1017 130 32.895 8.464 -7.955 C
1018 130 33.409 9.476 -7.501 O
1019 130 34.046 6.315 -7.509 C
1020 131 32.349 8.405 -9.141 N
1021 131 32.324 9.616 -9.964 C
1022 131 31.428 10.674 -9.357 C
1023 131 31.716 11.858 -9.345 O
1024 131 31.807 9.312 -11.388 C
1025 131 31.494 10.565 -12.186 C
1026 131 32.885 8.615 -12.165 C
1027 132 30.308 10.229 -8.892 N
1028 132 29.337 11.107 -8.320 C
1029 132 29.854 11.716 -7.021 C
1030 132 29.651 12.873 -6.736 O
1031 132 28.010 10.355 -8.100 C
1032 132 26.926 11.306 -7.667 C
1033 132 26.614 11.505 -6.462 O
1034 132 26.412 12.026 -8.639 N
1035 133 30.521 10.902 -6.186 N
1036 133 31.027 11.441 -4.928 C
1037 133 32.026 12.573 -5.130 C
1038 133 32.137 13.440 -4.261 O
1039 133 31.715 10.334 -4.061 C
1040 133 30.744 9.416 -3.298 C
1041 133 31.444 8.073 -3.007 C
1042 133 30.187 10.105 -2.047 C
1043 134 32.774 12.497 -6.239 N
1044 134 33.810 13.480 -6.560 C
1045 134 33.241 14.823 -6.921 C
1046 134 33.956 15.815 -6.883 O
1047 134 34.782 12.981 -7.622 C
1048 135 31.966 14.882 -7.331 N
1049 135 31.353 16.175 -7.640 C
1050 135 30.751 16.800 -6.416 C
1051 135 29.533 16.822 -6.253 O
1052 135 30.213 16.014 -8.563 C
1053 135 30.733 15.270 -9.722 C
1054 135 29.516 15.121 -10.541 C
1055 135 29.839 14.677 -11.914 C
1056 135 28.577 14.619 -12.643 N
1057 136 31.647 17.261 -5.517 N
1058 136 31.135 17.735 -4.257 C
1059 136 32.120 18.716 -3.721 C
1060 136 33.295 18.703 -4.099 O
1061 136 31.007 16.575 -3.248 C
1062 136 32.278 15.970 -3.069 O
1063 137 31.607 19.558 -2.875 N
1064 137 32.491 20.501 -2.233 C
1065 137 33.529 19.735 -1.427 C
1066 137 34.675 20.177 -1.334 O
1067 137 31.676 21.392 -1.282 C
1068 137 32.582 22.161 -0.324 C
1069 137 31.827 23.129 0.592 C
1070 137 32.696 24.183 1.122 N
1071 137 33.481 24.026 2.200 C
1072 137 33.495 22.880 2.886 N
1073 137 34.246 25.039 2.627 N
1074 138 33.089 18.607 -0.789 N
1075 138 33.936 17.735 0.055 C
1076 138 35.231 17.341 -0.670 C
1077 138 36.326 17.554 -0.209 O
1078 138 33.108 16.491 0.423 C
1079 138 33.905 15.336 0.967 C
1080 138 34.547 15.336 2.153 C
1081 138 33.968 14.004 0.486 C
1082 138 35.118 14.127 2.401 N
1083 138 34.717 13.229 1.453 C
1084 138 33.475 13.368 -0.636 C
1085 138 35.042 11.875 1.311 C
1086 138 33.820 12.030 -0.775 C
1087 138 34.539 11.273 0.190 C
1088 139 35.080 16.877 -1.918 N
1089 139 36.195 16.497 -2.719 C
1090 139 37.028 17.685 -3.113 C
1091 139 38.254 17.610 -3.148 O
1092 139 35.624 15.887 -3.981 C
1093 139 36.689 15.464 -4.916 C
1094 139 37.186 14.175 -4.767 C
1095 139 37.143 16.286 -5.959 C
1096 139 38.124 13.679 -5.665 C
1097 139 38.106 15.808 -6.848 C
1098 139 38.586 14.504 -6.688 C
1099 139 39.510 13.979 -7.538 O
1100 140 36.400 18.808 -3.413 N
1101 140 37.203 19.966 -3.806 C
1102 140 38.033 20.575 -2.657 C
1103 140 39.096 21.159 -2.835 O
1104 140 36.250 21.002 -4.462 C
1105 140 35.963 20.580 -5.885 C
1106 140 34.954 19.940 -6.212 O
1107 140 36.936 20.789 -6.733 N
1108 141 37.527 20.493 -1.452 N
1109 141 38.199 21.071 -0.306 C
1110 141 39.206 20.165 0.298 C
1111 141 40.235 20.630 0.727 O
1112 141 37.185 21.389 0.801 C
1113 141 36.267 22.529 0.396 C
1114 141 36.928 23.781 -0.214 C
1115 141 36.565 24.236 -1.321 O
1116 141 37.818 24.431 0.544 N
1117 142 38.881 18.868 0.393 N
1118 142 39.813 17.913 0.941 C
1119 142 39.986 16.765 -0.027 C
1120 142 39.644 15.619 0.193 O
1121 142 39.384 17.411 2.337 C
1122 142 38.042 16.976 2.274 O
1123 142 39.433 18.581 3.313 C
1124 143 40.663 17.094 -1.096 N
1125 143 40.839 16.130 -2.159 C
1126 143 41.664 14.899 -1.814 C
1127 143 41.360 13.805 -2.272 O
1128 143 41.491 16.858 -3.327 C
1129 143 42.022 18.172 -2.742 C
1130 143 41.354 18.388 -1.382 C
1131 144 42.772 15.056 -1.095 N
1132 144 43.484 13.844 -0.880 C
1133 144 42.704 12.861 0.007 C
1134 144 42.725 11.663 -0.225 O
1135 144 44.833 14.132 -0.246 C
1136 144 45.721 14.783 -1.285 C
1137 144 45.685 14.448 -2.464 O
1138 144 46.632 15.579 -0.822 N
1139 145 42.142 13.388 1.083 N
1140 145 41.352 12.601 1.962 C
1141 145 40.156 12.043 1.195 C
1142 145 39.823 10.857 1.320 O
1143 145 40.840 13.410 3.148 C
1144 145 40.175 12.443 4.141 C
1145 145 39.254 13.087 5.101 C
1146 145 38.694 12.139 6.045 N
1147 145 38.537 12.606 7.260 C
1148 145 38.955 13.826 7.533 N
1149 145 37.966 11.869 8.181 N
1150 146 39.454 12.892 0.440 N
1151 146 38.303 12.390 -0.277 C
1152 146 38.724 11.250 -1.225 C
1153 146 38.014 10.253 -1.356 O
1154 146 37.567 13.499 -1.006 C
1155 147 39.866 11.383 -1.926 N
1156 147 40.274 10.298 -2.824 C
1157 147 40.477 9.024 -2.076 C
1158 147 40.174 7.947 -2.593 O
1159 147 41.590 10.532 -3.464 C
1160 147 41.304 11.586 -4.425 C
1161 147 42.394 11.756 -5.407 C
1162 147 42.166 13.107 -6.010 C
1163 147 43.400 13.878 -5.974 N
1164 148 41.031 9.115 -0.894 N
1165 148 41.236 7.867 -0.159 C
1166 148 39.953 7.132 0.150 C
1167 148 39.855 5.872 0.023 O
1168 148 42.035 8.028 1.116 C
1169 148 43.458 8.429 0.850 C
1170 148 44.297 8.294 2.099 C
1171 148 43.988 9.359 3.089 N
1172 148 44.593 10.572 3.176 C
1173 148 45.576 10.914 2.304 N
1174 148 44.224 11.482 4.087 N
1175 149 38.978 7.919 0.612 N
1176 149 37.659 7.375 0.937 C
1177 149 36.936 6.855 -0.298 C
1178 149 36.312 5.781 -0.271 O
1179 149 36.809 8.387 1.701 C
1180 149 35.404 7.834 2.010 C
1181 149 37.599 8.670 2.986 C
1182 150 37.020 7.615 -1.404 N
1183 150 36.364 7.170 -2.653 C
1184 150 36.966 5.890 -3.198 C
1185 150 36.272 5.006 -3.676 O
1186 150 36.374 8.240 -3.741 C
1187 150 35.375 9.347 -3.406 C
1188 150 36.042 7.546 -5.088 C
1189 150 35.639 10.666 -4.125 C
1190 151 38.284 5.748 -3.108 N
1191 151 38.958 4.559 -3.604 C
1192 151 38.531 3.372 -2.823 C
1193 151 38.409 2.248 -3.317 O
1194 151 40.477 4.739 -3.496 C
1195 151 40.781 5.652 -4.502 O
1196 151 41.263 3.441 -3.805 C
1197 152 38.319 3.664 -1.559 N
1198 152 37.868 2.618 -0.654 C
1199 152 36.477 2.131 -1.084 C
1200 152 36.211 0.945 -1.116 O
1201 152 37.918 3.053 0.839 C
1202 152 39.208 3.524 1.188 O
1203 152 37.560 1.901 1.776 C
1204 153 35.582 3.061 -1.447 N
1205 153 34.268 2.625 -1.862 C
1206 153 34.350 1.958 -3.197 C
1207 153 33.589 1.048 -3.516 O
1208 153 33.350 3.859 -2.021 C
1209 153 32.726 4.394 -0.741 C
1210 153 31.941 3.608 0.113 C
1211 153 32.840 5.751 -0.422 C
1212 153 31.255 4.131 1.218 C
1213 153 32.187 6.296 0.678 C
1214 153 31.372 5.503 1.494 C
1215 154 35.257 2.459 -4.010 N
1216 154 35.404 1.913 -5.330 C
1217 154 35.811 0.474 -5.319 C
1218 154 35.198 -0.309 -6.028 O
1219 154 36.318 2.708 -6.258 C
1220 154 35.956 2.453 -7.716 C
1221 154 36.851 3.211 -8.715 C
1222 154 38.068 3.769 -8.100 N
1223 154 39.356 3.298 -7.982 C
1224 154 39.830 2.127 -8.469 N
1225 154 40.232 4.088 -7.331 N
1226 155 36.815 0.154 -4.504 N
1227 155 37.428 -1.168 -4.450 C
1228 155 36.987 -2.109 -3.386 C
1229 155 37.278 -3.278 -3.534 O
1230 155 38.973 -1.110 -4.311 C
1231 155 39.407 -0.441 -3.130 O
1232 155 39.549 -0.429 -5.520 C
1233 156 36.524 -1.641 -2.232 N
1234 156 36.278 -2.614 -1.194 C
1235 156 37.560 -3.157 -0.548 C
1236 156 37.525 -4.126 0.224 O
1237 157 38.713 -2.496 -0.775 N
1238 157 39.968 -2.849 -0.128 C
1239 157 40.505 -1.637 0.621 C
1240 157 40.047 -0.515 0.438 O
1241 157 41.058 -3.188 -1.159 C
1242 157 41.426 -2.001 -1.868 O
1243 157 40.544 -4.247 -2.134 C
1244 158 41.583 -1.847 1.364 N
1245 158 42.226 -0.769 2.088 C
1246 158 43.452 -0.274 1.322 C
1247 158 44.332 0.346 1.875 O
1248 158 42.749 -1.307 3.439 C
1249 158 41.699 -1.726 4.420 C
1250 158 41.471 -3.013 4.779 C
1251 158 40.794 -0.905 5.217 C
1252 158 40.426 -3.058 5.661 N
1253 158 39.990 -1.799 5.971 C
1254 158 40.534 0.466 5.335 C
1255 158 38.983 -1.384 6.852 C
1256 158 39.531 0.869 6.205 C
1257 158 38.790 -0.041 6.969 C
1258 159 43.570 -0.574 0.059 N
1259 159 44.799 -0.135 -0.595 C
1260 159 45.192 1.345 -0.477 C
1261 159 46.380 1.645 -0.510 O
1262 159 44.860 -0.597 -2.048 C
1263 159 44.696 -2.085 -2.273 C
1264 159 45.005 -2.863 -1.252 O
1265 159 44.334 -2.517 -3.342 O
1266 160 44.201 2.262 -0.395 N
1267 160 44.470 3.692 -0.342 C
1268 160 45.154 3.987 0.939 C
1269 160 45.796 4.991 1.035 O
1270 160 43.263 4.633 -0.491 C
1271 161 45.023 3.123 1.921 N
1272 161 45.635 3.436 3.179 C
1273 161 46.927 2.694 3.393 C
1274 161 47.552 2.823 4.438 O
1275 161 44.657 3.227 4.328 C
1276 161 43.550 4.258 4.280 C
1277 161 42.408 4.095 3.497 C
1278 161 43.666 5.412 5.051 C
1279 161 41.396 5.055 3.491 C
1280 161 42.666 6.388 5.066 C
1281 161 41.534 6.212 4.272 C
1282 161 40.579 7.190 4.275 O
1283 162 47.324 1.961 2.364 N
1284 162 48.541 1.194 2.421 C
1285 162 49.801 1.862 1.909 C
1286 162 50.726 2.033 2.710 O
1287 162 48.376 -0.297 2.283 C
1288 162 47.377 -0.712 3.359 C
1289 162 46.772 -2.110 3.207 C
1290 162 46.431 -2.816 4.538 C
1291 162 45.278 -3.749 4.480 N
