1772
1 1 3.366 -10.534 -12.453 O
2 1 2.317 -9.701 -12.969 C
3 1 2.349 -8.310 -12.341 C
4 1 1.281 -7.455 -12.833 O
5 1 2.149 -8.370 -10.793 C
6 1 3.219 -7.751 -10.077 O
7 1 0.913 -7.528 -10.594 C
8 1 1.007 -6.550 -11.756 C
9 1 -0.212 -5.720 -11.851 N
10 1 -0.030 -4.355 -12.021 C
11 1 1.089 -3.860 -12.095 O
12 1 -1.114 -3.552 -12.097 N
13 1 -2.340 -4.060 -12.010 C
14 1 -3.361 -3.219 -12.089 N
15 1 -2.556 -5.464 -11.834 C
16 1 -1.470 -6.255 -11.761 C
17 1 1.348 -10.155 -12.764 H
18 1 2.438 -9.607 -14.048 H
19 1 3.319 -7.889 -12.605 H
20 1 1.972 -9.386 -10.439 H
21 1 0.010 -8.138 -10.565 H
22 1 0.809 -7.027 -9.632 H
23 1 1.865 -5.881 -11.692 H
24 1 -3.176 -2.226 -12.190 H
25 1 -4.307 -3.558 -12.050 H
26 1 -3.555 -5.893 -11.753 H
27 1 -1.626 -7.326 -11.624 H
28 1 3.991 -9.971 -11.991 H
29 2 4.598 -8.510 -9.759 P
30 2 5.064 -9.125 -11.025 O
31 2 4.397 -9.347 -8.555 O
32 2 5.507 -7.240 -9.363 O
33 2 6.293 -6.478 -10.289 C
34 2 6.357 -4.988 -9.917 C
35 2 5.176 -4.218 -10.233 O
36 2 6.760 -4.690 -8.513 C
37 2 7.804 -3.722 -8.412 O
38 2 5.513 -4.113 -7.964 C
39 2 4.875 -3.356 -9.125 C
40 2 3.401 -3.334 -8.956 N
41 2 2.735 -2.112 -8.975 C
42 2 3.319 -1.037 -9.072 O
43 2 1.383 -2.105 -8.866 N
44 2 0.700 -3.244 -8.742 C
45 2 -0.626 -3.172 -8.652 N
46 2 1.366 -4.511 -8.715 C
47 2 2.706 -4.512 -8.821 C
48 2 5.893 -6.562 -11.300 H
49 2 7.301 -6.894 -10.271 H
50 2 7.301 -4.560 -10.254 H
51 2 7.087 -5.665 -8.150 H
52 2 4.957 -4.965 -7.570 H
53 2 5.715 -3.385 -7.178 H
54 2 5.291 -2.366 -9.313 H
55 2 -1.078 -2.264 -8.698 H
56 2 -1.175 -4.013 -8.548 H
57 2 0.837 -5.460 -8.622 H
58 2 3.214 -5.475 -8.771 H
59 3 9.348 -4.109 -8.170 P
60 3 10.073 -3.908 -9.444 O
61 3 9.408 -5.421 -7.487 O
62 3 9.822 -2.977 -7.131 O
63 3 9.845 -1.595 -7.507 C
64 3 8.908 -0.747 -6.660 C
65 3 7.529 -1.188 -6.745 O
66 3 9.263 -0.758 -5.170 C
67 3 9.334 0.589 -4.702 O
68 3 8.121 -1.534 -4.544 C
69 3 6.972 -1.107 -5.424 C
70 3 5.711 -1.877 -5.267 N
71 3 4.550 -1.162 -5.478 C
72 3 4.505 0.030 -5.762 O
73 3 3.389 -1.855 -5.348 N
74 3 3.234 -3.174 -5.032 C
75 3 2.090 -3.622 -4.964 O
76 3 4.482 -3.872 -4.821 C
77 3 4.483 -5.358 -4.459 C
78 3 5.659 -3.222 -4.942 C
79 3 9.543 -1.466 -8.546 H
80 3 10.861 -1.218 -7.385 H
81 3 9.048 0.275 -7.014 H
82 3 10.231 -1.246 -5.055 H
83 3 8.345 -2.599 -4.598 H
84 3 7.922 -1.302 -3.498 H
85 3 6.791 -0.052 -5.223 H
86 3 2.562 -1.334 -5.502 H
87 3 5.010 -5.920 -5.230 H
88 3 3.459 -5.724 -4.382 H
89 3 4.989 -5.497 -3.503 H
90 3 6.553 -3.826 -4.790 H
91 4 9.545 0.984 -3.156 P
92 4 10.969 0.759 -2.814 O
93 4 8.478 0.354 -2.342 O
94 4 9.295 2.572 -3.200 O
95 4 8.366 3.251 -4.066 C
96 4 6.902 3.235 -3.585 C
97 4 6.117 2.048 -3.820 O
98 4 6.696 3.662 -2.190 C
99 4 6.624 5.087 -2.068 O
100 4 5.457 2.866 -1.784 C
101 4 4.932 2.156 -3.006 C
102 4 4.461 0.785 -2.651 N
103 4 3.112 0.522 -2.803 C
104 4 2.287 1.333 -3.200 O
105 4 2.692 -0.738 -2.488 N
106 4 3.462 -1.772 -2.040 C
107 4 2.921 -2.852 -1.823 O
108 4 4.863 -1.440 -1.897 C
109 4 5.854 -2.493 -1.409 C
110 4 5.317 -0.204 -2.196 C
111 4 8.408 2.825 -5.068 H
112 4 8.705 4.286 -4.116 H
113 4 6.460 4.201 -3.828 H
114 4 7.661 3.332 -1.804 H
115 4 5.756 2.101 -1.068 H
116 4 4.642 3.462 -1.374 H
117 4 4.114 2.762 -3.395 H
118 4 1.706 -0.920 -2.585 H
119 4 5.340 -3.429 -1.190 H
120 4 6.350 -2.130 -0.509 H
121 4 6.596 -2.660 -2.189 H
122 4 6.385 -0.041 -2.048 H
123 5 6.336 5.856 -0.677 P
124 5 6.754 7.271 -0.811 O
125 5 6.849 5.031 0.442 O
126 5 4.733 5.778 -0.653 O
127 5 3.978 6.215 -1.793 C
128 5 2.514 5.850 -1.665 C
129 5 2.285 4.425 -1.579 O
130 5 1.866 6.496 -0.473 C
131 5 0.565 6.933 -0.883 O
132 5 1.870 5.361 0.513 C
133 5 1.644 4.137 -0.323 C
134 5 2.168 2.863 0.217 N
135 5 1.341 1.765 0.165 C
136 5 0.192 1.792 -0.261 O
137 5 1.865 0.595 0.635 N
138 5 3.119 0.397 1.148 C
139 5 3.424 -0.738 1.505 O
140 5 3.933 1.598 1.178 C
141 5 5.366 1.565 1.734 C
142 5 3.432 2.768 0.718 C
143 5 4.354 5.731 -2.695 H
144 5 4.071 7.295 -1.907 H
145 5 1.976 6.286 -2.507 H
146 5 2.477 7.345 -0.165 H
147 5 2.834 5.303 1.018 H
148 5 1.077 5.446 1.256 H
149 5 0.557 4.069 -0.381 H
150 5 1.249 -0.202 0.607 H
151 5 5.638 0.566 2.074 H
152 5 5.438 2.256 2.574 H
153 5 6.077 1.883 0.972 H
154 5 4.017 3.687 0.741 H
155 6 -0.136 8.248 -0.274 P
156 6 -1.089 8.762 -1.285 O
157 6 0.923 9.136 0.258 O
158 6 -0.953 7.628 0.973 O
159 6 -2.184 6.933 0.740 C
160 6 -2.465 5.810 1.727 C
161 6 -1.485 4.756 1.729 O
162 6 -2.553 6.260 3.176 C
163 6 -3.893 6.713 3.435 O
164 6 -2.156 4.990 3.958 C
165 6 -1.804 3.967 2.886 C
166 6 -0.669 3.087 3.242 N
167 6 -0.912 1.731 3.365 C
168 6 -2.008 1.213 3.198 O
169 6 0.159 0.947 3.694 N
170 6 1.443 1.375 3.913 C
171 6 2.301 0.546 4.195 O
172 6 1.622 2.808 3.768 C
173 6 2.996 3.446 3.991 C
174 6 0.581 3.599 3.443 C
175 6 -2.190 6.500 -0.261 H
176 6 -3.004 7.649 0.803 H
177 6 -3.458 5.478 1.425 H
178 6 -1.789 7.034 3.257 H
179 6 -1.286 5.187 4.585 H
180 6 -2.927 4.595 4.619 H
181 6 -2.693 3.352 2.740 H
182 6 -0.039 -0.039 3.778 H
183 6 2.954 4.123 4.845 H
184 6 3.288 4.012 3.107 H
185 6 3.733 2.667 4.187 H
186 6 0.732 4.673 3.330 H
187 7 -4.520 6.998 4.894 P
188 7 -5.802 7.718 4.719 O
189 7 -3.464 7.570 5.759 O
190 7 -4.847 5.515 5.439 O
191 7 -5.908 4.689 4.923 C
192 7 -5.810 3.274 5.499 C
193 7 -4.537 2.709 5.138 O
194 7 -5.811 3.315 7.028 C
195 7 -7.081 3.183 7.664 O
196 7 -4.996 2.080 7.383 C
197 7 -4.164 1.715 6.110 C
198 7 -2.702 1.874 6.411 N
199 7 -1.945 0.705 6.392 C
200 7 -2.443 -0.400 6.187 O
201 7 -0.615 0.783 6.626 N
202 7 -0.025 1.951 6.874 C
203 7 1.285 1.976 7.089 N
204 7 -0.756 3.174 6.909 C
205 7 -2.094 3.108 6.676 C
206 7 -5.828 4.629 3.838 H
207 7 -6.867 5.133 5.190 H
208 7 -6.652 2.671 5.157 H
209 7 -5.369 4.261 7.342 H
210 7 -7.732 3.606 7.099 H
211 7 -4.328 2.302 8.215 H
212 7 -5.723 1.344 7.728 H
213 7 -4.391 0.752 5.654 H
214 7 1.806 1.107 7.105 H
215 7 1.749 2.859 7.235 H
216 7 -0.179 4.077 7.113 H
217 7 -2.643 4.048 6.730 H
219 8 4.549 -10.128 9.354 O
220 8 4.042 -8.786 9.269 C
221 8 2.645 -8.647 8.667 C
222 8 2.245 -7.264 8.777 O
223 8 2.587 -9.002 7.161 C
224 8 1.325 -9.622 6.876 O
225 8 2.733 -7.610 6.541 C
226 8 1.935 -6.735 7.478 C
227 8 2.329 -5.316 7.400 N
228 8 3.583 -4.775 7.469 C
229 8 3.606 -3.472 7.389 N
230 8 2.263 -3.127 7.256 C
231 8 1.647 -1.850 7.125 C
232 8 2.147 -0.727 7.100 O
233 8 0.281 -1.963 7.019 N
234 8 -0.424 -3.140 7.031 C
235 8 -1.734 -3.056 6.895 N
236 8 0.133 -4.339 7.154 N
237 8 1.479 -4.253 7.261 C
238 8 4.719 -8.159 8.688 H
239 8 3.967 -8.393 10.283 H
240 8 1.949 -9.249 9.251 H
241 8 3.399 -9.678 6.892 H
242 8 3.789 -7.342 6.568 H
243 8 2.445 -7.439 5.503 H
244 8 0.872 -6.875 7.277 H
245 8 4.469 -5.401 7.574 H
246 8 -0.188 -1.077 6.931 H
247 8 -2.165 -2.149 6.760 H
248 8 -2.272 -3.909 6.919 H
249 8 4.141 -10.665 8.671 H
250 9 0.868 -10.158 5.425 P
251 9 0.447 -11.568 5.574 O
252 9 1.903 -9.798 4.429 O
253 9 -0.432 -9.259 5.140 O
254 9 -1.686 -9.425 5.826 C
255 9 -2.778 -8.602 5.145 C
256 9 -2.473 -7.196 5.164 O
257 9 -2.948 -8.986 3.690 C
258 9 -4.355 -8.980 3.422 O
259 9 -2.047 -7.988 3.000 C
260 9 -2.262 -6.734 3.820 C
261 9 -1.083 -5.846 3.859 N
262 9 0.231 -6.205 4.010 C
263 9 1.060 -5.203 4.051 N
264 9 0.232 -4.093 3.915 C
265 9 0.497 -2.720 3.881 C
266 9 1.731 -2.235 3.993 N
267 9 -0.548 -1.889 3.732 N
268 9 -1.781 -2.389 3.623 C
269 9 -2.146 -3.663 3.647 N
270 9 -1.075 -4.474 3.796 C
271 9 -1.592 -9.095 6.860 H
272 9 -1.979 -10.475 5.815 H
273 9 -3.759 -8.759 5.593 H
274 9 -2.583 -9.998 3.517 H
275 9 -1.018 -8.343 3.044 H
276 9 -2.238 -7.866 1.933 H
277 9 -3.188 -6.282 3.463 H
278 9 0.553 -7.244 4.075 H
279 9 1.919 -1.240 3.972 H
280 9 2.497 -2.884 4.102 H
281 9 -2.598 -1.686 3.463 H
282 10 -5.034 -8.766 1.990 P
283 10 -6.428 -9.259 2.062 O
284 10 -4.123 -9.263 0.935 O
285 10 -5.045 -7.171 1.911 O
286 10 -6.071 -6.324 2.439 C
287 10 -6.025 -4.999 1.693 C
288 10 -4.750 -4.343 1.919 O
289 10 -6.152 -5.162 0.172 C
290 10 -6.826 -4.068 -0.444 O
291 10 -4.728 -5.179 -0.236 C
292 10 -4.159 -4.065 0.639 C
293 10 -2.699 -4.220 0.623 N
294 10 -1.928 -5.353 0.515 C
295 10 -0.642 -5.113 0.541 N
296 10 -0.573 -3.727 0.676 C
297 10 0.491 -2.818 0.768 C
298 10 1.774 -3.156 0.754 N
299 10 0.174 -1.524 0.892 N
300 10 -1.097 -1.144 0.927 C
301 10 -2.170 -1.896 0.848 N
302 10 -1.827 -3.191 0.723 C
303 10 -5.902 -6.130 3.499 H
304 10 -7.054 -6.778 2.320 H
305 10 -6.895 -4.413 1.988 H
306 10 -6.658 -6.094 -0.079 H
307 10 -4.303 -6.172 -0.091 H
308 10 -4.534 -5.049 -1.301 H
309 10 -4.455 -3.045 0.395 H
310 10 -2.372 -6.344 0.415 H
311 10 2.471 -2.441 0.910 H
312 10 2.047 -4.114 0.596 H
313 10 -1.307 -0.082 1.049 H
314 11 -8.428 -3.974 -0.437 P
315 11 -8.907 -4.092 0.960 O
316 11 -8.942 -4.901 -1.470 O
317 11 -8.679 -2.468 -0.937 O
318 11 -8.343 -1.312 -0.150 C
319 11 -7.222 -0.476 -0.765 C
320 11 -5.925 -1.102 -0.760 O
321 11 -7.509 -0.162 -2.220 C
322 11 -8.132 1.121 -2.311 O
323 11 -6.142 -0.325 -2.902 C
324 11 -5.133 -0.490 -1.800 C
325 11 -4.014 -1.403 -2.087 N
326 11 -4.172 -2.724 -2.268 C
327 11 -3.071 -3.396 -2.443 N
328 11 -2.088 -2.415 -2.374 C
329 11 -0.690 -2.469 -2.481 C
330 11 0.012 -3.584 -2.663 N
331 11 -0.017 -1.324 -2.371 N
332 11 -0.668 -0.189 -2.166 C
333 11 -1.981 -0.002 -2.042 N
334 11 -2.648 -1.180 -2.160 C
335 11 -8.050 -1.591 0.863 H
336 11 -9.230 -0.681 -0.095 H
337 11 -7.254 0.473 -0.229 H
338 11 -8.160 -0.939 -2.622 H
339 11 -6.134 -1.256 -3.468 H
340 11 -5.855 0.516 -3.533 H
341 11 -4.729 0.495 -1.564 H
342 11 -5.204 -3.073 -2.256 H
343 11 1.023 -3.530 -2.662 H
344 11 -0.450 -4.473 -2.793 H
345 11 0.008 0.664 -2.107 H
346 12 -8.739 1.677 -3.691 P
347 12 -9.604 2.843 -3.394 O
348 12 -9.262 0.541 -4.483 O
349 12 -7.379 2.187 -4.369 O
350 12 -6.699 3.349 -3.874 C
351 12 -5.426 3.626 -4.659 C
352 12 -4.345 2.691 -4.386 O
353 12 -5.665 3.616 -6.146 C
354 12 -4.945 4.643 -6.824 O
355 12 -5.147 2.266 -6.469 C
356 12 -3.873 2.205 -5.650 C
357 12 -3.291 0.845 -5.598 N
358 12 -3.994 -0.331 -5.665 C
359 12 -3.262 -1.396 -5.616 N
360 12 -1.972 -0.909 -5.507 C
361 12 -0.755 -1.578 -5.414 C
362 12 -0.642 -2.907 -5.429 N
363 12 0.336 -0.832 -5.315 N
364 12 0.262 0.481 -5.310 C
365 12 -0.819 1.244 -5.393 N
366 12 -1.950 0.468 -5.492 C
367 12 -6.422 3.215 -2.828 H
368 12 -7.369 4.204 -3.962 H
369 12 -5.186 4.683 -4.545 H
370 12 -6.733 3.754 -6.314 H
371 12 -5.881 1.512 -6.184 H
372 12 -5.067 2.068 -7.538 H
373 12 -3.182 2.933 -6.075 H
374 12 -5.080 -0.383 -5.747 H
375 12 0.263 -3.347 -5.302 H
376 12 -1.466 -3.472 -5.564 H
377 12 1.240 0.954 -5.220 H
378 13 -5.672 6.011 -7.246 P
379 13 -6.144 6.699 -6.023 O
380 13 -6.624 5.708 -8.338 O
381 13 -4.443 6.825 -7.865 O
382 13 -3.445 7.475 -7.068 C
383 13 -2.064 7.363 -7.705 C
384 13 -1.530 6.019 -7.588 O
385 13 -2.126 7.699 -9.227 C
386 13 -1.208 8.667 -9.762 O
387 13 -2.060 6.306 -9.843 C
388 13 -1.264 5.443 -8.885 C
389 13 -1.706 4.021 -8.895 N
390 13 -2.981 3.489 -8.924 C
391 13 -3.006 2.183 -8.915 N
392 13 -1.664 1.818 -8.879 C
393 13 -1.062 0.529 -8.854 C
394 13 -1.571 -0.587 -8.842 O
395 13 0.309 0.605 -8.823 N
396 13 1.035 1.766 -8.812 C
397 13 2.347 1.625 -8.766 N
398 13 0.492 2.979 -8.833 N
399 13 -0.863 2.934 -8.867 C
400 13 -3.385 7.050 -6.066 H
401 13 -3.721 8.526 -6.992 H
402 13 -1.453 8.048 -7.118 H
403 13 -3.101 8.110 -9.489 H
404 13 -3.080 5.923 -9.824 H
405 13 -1.711 6.244 -10.874 H
406 13 -0.214 5.495 -9.171 H
407 13 -3.906 4.065 -8.957 H
408 13 0.778 -0.289 -8.815 H
409 13 2.767 0.709 -8.852 H
410 13 2.907 2.456 -8.647 H
411 14 0.355 8.852 -9.419 P
412 14 0.513 8.862 -7.951 O
413 14 0.853 10.000 -10.210 O
414 14 1.029 7.511 -9.998 O
415 14 1.176 7.265 -11.402 C
416 14 2.106 6.082 -11.664 C
417 14 1.493 4.858 -11.185 O
418 14 2.365 5.854 -13.157 C
419 14 3.643 5.229 -13.330 O
420 14 1.277 4.878 -13.491 C
421 14 1.370 3.955 -12.297 C
422 14 0.160 3.118 -12.265 N
423 14 -1.159 3.498 -12.332 C
424 14 -1.994 2.492 -12.307 N
425 14 -1.167 1.373 -12.218 C
426 14 -1.487 -0.015 -12.155 C
427 14 -2.576 -0.581 -12.169 O
428 14 -0.358 -0.796 -12.074 N
429 14 0.933 -0.317 -12.053 C
430 14 1.915 -1.195 -11.972 N
431 14 1.247 0.972 -12.110 N
432 14 0.148 1.755 -12.191 C
433 14 1.596 8.150 -11.881 H
434 14 0.197 7.053 -11.833 H
435 14 3.059 6.256 -11.166 H
436 14 2.276 6.801 -13.690 H
437 14 3.650 4.446 -12.774 H
438 14 0.333 5.422 -13.476 H
439 14 1.381 4.331 -14.428 H
440 14 2.298 3.386 -12.363 H
441 14 -1.460 4.543 -12.406 H
442 14 -0.562 -1.788 -12.035 H
443 14 1.707 -2.180 -11.962 H
444 14 2.863 -0.857 -11.928 H
1 1 2.977 -10.069 -14.821 O
2 1 1.919 -9.111 -14.948 C
3 1 2.178 -7.880 -14.082 C
4 1 1.121 -6.900 -14.200 O
5 1 2.267 -8.231 -12.571 C
6 1 3.539 -7.788 -12.088 O
7 1 1.123 -7.413 -11.976 C
8 1 1.048 -6.226 -12.938 C
9 1 -0.187 -5.416 -12.792 N
10 1 -0.041 -4.039 -12.863 C
11 1 1.054 -3.515 -13.028 O
12 1 -1.134 -3.253 -12.738 N
13 1 -2.338 -3.786 -12.547 C
14 1 -3.369 -2.957 -12.435 N
15 1 -2.518 -5.204 -12.468 C
16 1 -1.423 -5.981 -12.596 C
17 1 0.973 -9.571 -14.662 H
18 1 1.856 -8.788 -15.988 H
19 1 3.117 -7.447 -14.428 H
20 1 2.106 -9.292 -12.380 H
21 1 0.216 -8.014 -11.911 H
22 1 1.191 -7.126 -10.927 H
23 1 1.921 -5.577 -12.875 H
24 1 -3.213 -1.957 -12.519 H
25 1 -4.295 -3.312 -12.270 H
26 1 -3.499 -5.650 -12.305 H
27 1 -1.566 -7.060 -12.536 H
28 1 3.614 -9.683 -14.215 H
29 2 4.295 -8.423 -10.816 P
30 2 5.350 -9.334 -11.315 O
31 2 3.280 -8.909 -9.854 O
32 2 4.975 -7.100 -10.203 O
33 2 6.138 -6.476 -10.772 C
34 2 6.387 -5.107 -10.136 C
35 2 5.408 -4.122 -10.528 O
36 2 6.507 -5.135 -8.651 C
37 2 7.629 -4.421 -8.133 O
38 2 5.236 -4.500 -8.253 C
39 2 4.908 -3.479 -9.353 C
40 2 3.424 -3.389 -9.447 N
41 2 2.794 -2.152 -9.302 C
42 2 3.406 -1.106 -9.104 O
43 2 1.440 -2.103 -9.389 N
44 2 0.725 -3.210 -9.608 C
45 2 -0.597 -3.114 -9.674 N
46 2 1.347 -4.485 -9.761 C
47 2 2.689 -4.532 -9.673 C
48 2 6.000 -6.329 -11.843 H
49 2 7.002 -7.120 -10.611 H
50 2 7.427 -4.790 -10.198 H
51 2 6.644 -6.195 -8.436 H
52 2 4.536 -5.316 -8.076 H
53 2 5.342 -3.965 -7.310 H
54 2 5.417 -2.520 -9.253 H
55 2 -1.036 -2.205 -9.587 H
56 2 -1.160 -3.939 -9.811 H
57 2 0.762 -5.386 -9.952 H
58 2 3.169 -5.505 -9.775 H
59 3 8.725 -5.194 -7.234 P
60 3 9.477 -6.107 -8.124 O
61 3 8.018 -5.737 -6.050 O
62 3 9.732 -4.051 -6.722 O
63 3 10.047 -2.882 -7.491 C
64 3 9.290 -1.670 -6.965 C
65 3 7.863 -1.870 -7.052 O
66 3 9.603 -1.407 -5.481 C
67 3 10.216 -0.151 -5.143 O
68 3 8.284 -1.692 -4.777 C
69 3 7.252 -1.381 -5.853 C
70 3 5.909 -2.019 -5.699 N
71 3 4.807 -1.243 -6.015 C
72 3 4.862 -0.085 -6.407 O
73 3 3.584 -1.839 -5.878 N
74 3 3.326 -3.115 -5.462 C
75 3 2.154 -3.486 -5.408 O
76 3 4.512 -3.879 -5.145 C
77 3 4.383 -5.330 -4.664 C
78 3 5.741 -3.324 -5.273 C
79 3 9.788 -3.018 -8.541 H
80 3 11.114 -2.677 -7.404 H
81 3 9.625 -0.817 -7.554 H
82 3 10.363 -2.147 -5.230 H
83 3 8.243 -2.727 -4.438 H
84 3 8.141 -1.111 -3.866 H
85 3 7.197 -0.294 -5.919 H
86 3 2.789 -1.285 -6.106 H
87 3 4.881 -6.000 -5.365 H
88 3 3.328 -5.601 -4.602 H
89 3 4.838 -5.440 -3.680 H
90 3 6.582 -3.985 -5.063 H
91 4 9.882 1.297 -5.768 P
92 4 9.654 1.146 -7.225 O
93 4 10.916 2.238 -5.284 O
94 4 8.491 1.699 -5.077 O
95 4 7.760 2.817 -5.592 C
96 4 6.513 3.116 -4.772 C
97 4 5.588 2.024 -4.796 O
98 4 6.708 3.549 -3.367 C
99 4 6.690 4.979 -3.226 O
100 4 5.575 2.854 -2.640 C
101 4 4.729 2.150 -3.673 C
102 4 4.353 0.764 -3.275 N
103 4 3.023 0.436 -3.393 C
104 4 2.148 1.199 -3.788 O
105 4 2.683 -0.835 -3.043 N
106 4 3.507 -1.824 -2.589 C
107 4 3.026 -2.924 -2.337 O
108 4 4.888 -1.426 -2.481 C
109 4 5.942 -2.417 -1.975 C
110 4 5.268 -0.178 -2.818 C
111 4 7.445 2.571 -6.606 H
112 4 8.395 3.703 -5.616 H
113 4 6.152 4.128 -4.957 H
114 4 7.727 3.186 -3.237 H
115 4 5.987 2.194 -1.877 H
116 4 4.926 3.557 -2.118 H
117 4 3.882 2.803 -3.887 H
118 4 1.707 -1.054 -3.126 H
119 4 6.724 -2.538 -2.724 H
120 4 5.492 -3.387 -1.763 H
121 4 6.388 -2.020 -1.062 H
122 4 6.336 0.008 -2.703 H
123 5 6.469 5.763 -1.822 P
124 5 6.849 7.182 -2.003 O
125 5 7.069 4.964 -0.728 O
126 5 4.868 5.666 -1.672 O
127 5 4.034 6.129 -2.742 C
128 5 2.557 5.888 -2.491 C
129 5 2.218 4.491 -2.382 O
130 5 2.035 6.597 -1.274 C
131 5 0.789 7.199 -1.639 O
132 5 1.926 5.470 -0.278 C
133 5 1.606 4.251 -1.102 C
134 5 2.103 2.950 -0.592 N
135 5 1.249 1.868 -0.657 C
136 5 0.096 1.929 -1.069 O
137 5 1.754 0.674 -0.218 N
138 5 3.011 0.443 0.274 C
139 5 3.300 -0.703 0.608 O
140 5 3.856 1.623 0.321 C
141 5 5.302 1.526 0.853 C
142 5 3.374 2.814 -0.106 C
143 5 4.300 5.584 -3.648 H
144 5 4.199 7.195 -2.898 H
145 5 1.988 6.365 -3.289 H
146 5 2.756 7.364 -0.991 H
147 5 2.875 5.359 0.247 H
148 5 1.137 5.630 0.457 H
149 5 0.516 4.232 -1.126 H
150 5 1.138 -0.124 -0.245 H
151 5 6.005 1.888 0.103 H
152 5 5.558 0.493 1.087 H
153 5 5.430 2.131 1.751 H
154 5 3.987 3.714 -0.060 H
155 6 0.131 8.398 -0.795 P
156 6 -0.827 9.106 -1.675 O
157 6 1.218 9.158 -0.134 O
158 6 -0.685 7.603 0.350 O
159 6 -1.929 6.958 0.043 C
160 6 -2.289 5.824 0.993 C
161 6 -1.307 4.779 0.985 O
162 6 -2.430 6.241 2.453 C
163 6 -3.796 6.620 2.706 O
164 6 -1.984 4.975 3.215 C
165 6 -1.622 3.974 2.126 C
166 6 -0.451 3.138 2.451 N
167 6 -0.648 1.776 2.557 C
168 6 -1.730 1.225 2.395 O
169 6 0.451 1.029 2.861 N
170 6 1.725 1.497 3.071 C
171 6 2.619 0.702 3.333 O
172 6 1.856 2.934 2.942 C
173 6 3.215 3.606 3.163 C
174 6 0.785 3.693 2.641 C
175 6 -1.882 6.535 -0.961 H
176 6 -2.731 7.696 0.076 H
177 6 -3.266 5.479 0.653 H
178 6 -1.715 7.054 2.578 H
179 6 -1.105 5.179 3.825 H
180 6 -2.740 4.555 3.879 H
181 6 -2.496 3.341 1.974 H
182 6 0.266 0.039 2.933 H
183 6 3.158 4.260 4.033 H
184 6 3.492 4.197 2.291 H
185 6 3.973 2.843 3.343 H
186 6 0.899 4.772 2.535 H
187 7 -4.450 6.821 4.171 P
188 7 -5.766 7.478 4.005 O
189 7 -3.433 7.429 5.059 O
190 7 -4.703 5.303 4.675 O
191 7 -5.765 4.456 4.187 C
192 7 -5.667 3.038 4.778 C
193 7 -4.394 2.468 4.428 O
194 7 -5.671 3.074 6.309 C
195 7 -6.938 2.909 6.958 O
196 7 -4.830 1.854 6.678 C
197 7 -4.051 1.451 5.387 C
198 7 -2.578 1.567 5.650 N
199 7 -1.863 0.374 5.656 C
200 7 -2.406 -0.718 5.508 O
201 7 -0.526 0.413 5.854 N
202 7 0.110 1.568 6.045 C
203 7 1.425 1.541 6.229 N
204 7 -0.578 2.820 6.053 C
205 7 -1.924 2.790 5.856 C
206 7 -5.703 4.390 3.101 H
207 7 -6.722 4.901 4.459 H
208 7 -6.502 2.426 4.435 H
209 7 -5.226 4.025 6.602 H
210 7 -7.562 3.533 6.581 H
211 7 -4.128 2.112 7.470 H
212 7 -5.508 1.111 7.098 H
213 7 -4.325 0.494 4.943 H
214 7 1.905 0.649 6.258 H
215 7 1.936 2.402 6.341 H
216 7 0.030 3.711 6.210 H
217 7 -2.447 3.745 5.891 H
219 8 4.065 -10.405 9.649 O
220 8 3.762 -9.025 9.402 C
221 8 2.363 -8.860 8.823 C
222 8 2.000 -7.469 8.751 O
223 8 2.228 -9.434 7.395 C
224 8 0.942 -10.058 7.259 O
225 8 2.378 -8.161 6.565 C
226 8 1.658 -7.126 7.399 C
227 8 2.137 -5.751 7.170 N
228 8 3.423 -5.281 7.167 C
229 8 3.520 -3.995 6.969 N
230 8 2.197 -3.585 6.827 C
231 8 1.653 -2.292 6.593 C
232 8 2.212 -1.206 6.455 O
233 8 0.283 -2.335 6.518 N
234 8 -0.485 -3.460 6.651 C
235 8 -1.787 -3.300 6.519 N
236 8 0.000 -4.674 6.872 N
237 8 1.349 -4.658 6.949 C
238 8 4.482 -8.562 8.726 H
239 8 3.792 -8.495 10.354 H
240 8 1.681 -9.357 9.512 H
241 8 3.005 -10.174 7.202 H
242 8 3.438 -7.917 6.490 H
243 8 2.021 -8.176 5.535 H
244 8 0.584 -7.235 7.253 H
245 8 4.283 -5.935 7.312 H
246 8 -0.145 -1.440 6.362 H
247 8 -2.162 -2.383 6.312 H
248 8 -2.373 -4.115 6.621 H
249 8 4.723 -10.703 9.017 H
250 9 0.338 -10.623 5.873 P
251 9 -0.526 -11.781 6.196 O
252 9 1.445 -10.779 4.902 O
253 9 -0.595 -9.400 5.382 O
254 9 -1.907 -9.185 5.930 C
255 9 -2.748 -8.226 5.086 C
256 9 -2.248 -6.871 5.040 O
257 9 -2.880 -8.675 3.645 C
258 9 -4.271 -8.582 3.323 O
259 9 -1.906 -7.771 2.925 C
260 9 -2.082 -6.465 3.666 C
261 9 -0.893 -5.597 3.604 N
262 9 0.413 -5.956 3.772 C
263 9 1.258 -4.969 3.697 N
264 9 0.443 -3.870 3.456 C
265 9 0.722 -2.514 3.273 C
266 9 1.964 -2.037 3.313 N
267 9 -0.315 -1.691 3.052 N
268 9 -1.556 -2.182 3.015 C
269 9 -1.936 -3.441 3.177 N
270 9 -0.871 -4.243 3.396 C
271 9 -1.833 -8.785 6.941 H
272 9 -2.431 -10.140 5.972 H
273 9 -3.770 -8.245 5.464 H
274 9 -2.566 -9.714 3.540 H
275 9 -0.896 -8.168 3.028 H
276 9 -2.064 -7.697 1.849 H
277 9 -2.987 -5.997 3.278 H
278 9 0.707 -6.992 3.941 H
279 9 2.161 -1.055 3.195 H
280 9 2.725 -2.681 3.469 H
281 9 -2.368 -1.488 2.800 H
282 10 -4.906 -8.707 1.858 P
283 10 -6.264 -9.283 1.990 O
284 10 -3.918 -9.330 0.948 O
285 10 -5.037 -7.161 1.477 O
286 10 -6.031 -6.306 2.062 C
287 10 -6.008 -4.943 1.383 C
288 10 -4.733 -4.271 1.545 O
289 10 -6.220 -5.086 -0.116 C
290 10 -6.905 -3.921 -0.565 O
291 10 -4.810 -5.153 -0.586 C
292 10 -4.187 -4.033 0.234 C
293 10 -2.733 -4.220 0.199 N
294 10 -1.989 -5.375 0.169 C
295 10 -0.696 -5.160 0.149 N
296 10 -0.597 -3.767 0.168 C
297 10 0.486 -2.870 0.163 C
298 10 1.765 -3.222 0.150 N
299 10 0.195 -1.562 0.187 N
300 10 -1.069 -1.161 0.218 C
301 10 -2.156 -1.897 0.223 N
302 10 -1.840 -3.205 0.198 C
303 10 -5.858 -6.187 3.132 H
304 10 -7.017 -6.746 1.913 H
305 10 -6.847 -4.342 1.733 H
306 10 -6.768 -5.995 -0.363 H
307 10 -4.392 -6.144 -0.407 H
308 10 -4.653 -5.089 -1.663 H
309 10 -4.484 -3.028 -0.066 H
310 10 -2.464 -6.356 0.163 H
311 10 2.466 -2.496 0.226 H
312 10 2.029 -4.193 0.072 H
313 10 -1.247 -0.086 0.261 H
314 11 -7.766 -3.830 -1.910 P
315 11 -8.623 -5.037 -1.994 O
316 11 -6.874 -3.482 -3.040 O
317 11 -8.713 -2.569 -1.564 O
318 11 -8.335 -1.378 -0.836 C
319 11 -7.204 -0.544 -1.456 C
320 11 -5.891 -1.130 -1.396 O
321 11 -7.465 -0.286 -2.924 C
322 11 -8.111 0.981 -3.064 O
323 11 -6.083 -0.442 -3.573 C
324 11 -5.097 -0.536 -2.446 C
325 11 -3.965 -1.438 -2.701 N
326 11 -4.096 -2.767 -2.810 C
327 11 -2.990 -3.426 -2.977 N
328 11 -2.032 -2.420 -2.982 C
329 11 -0.645 -2.451 -3.121 C
330 11 0.069 -3.560 -3.270 N
331 11 0.002 -1.289 -3.087 N
332 11 -0.660 -0.155 -2.923 C
333 11 -1.972 0.011 -2.776 N
334 11 -2.611 -1.187 -2.817 C
335 11 -8.061 -1.616 0.191 H
336 11 -9.226 -0.751 -0.818 H
337 11 -7.256 0.425 -0.959 H
338 11 -8.089 -1.092 -3.312 H
339 11 -6.031 -1.395 -4.101 H
340 11 -5.805 0.374 -4.240 H
341 11 -4.708 0.463 -2.248 H
342 11 -5.123 -3.129 -2.753 H
343 11 1.079 -3.504 -3.294 H
344 11 -0.391 -4.456 -3.350 H
345 11 0.003 0.710 -2.923 H
346 12 -8.604 1.528 -4.488 P
347 12 -9.507 2.681 -4.266 O
348 12 -9.039 0.383 -5.320 O
349 12 -7.198 2.056 -5.048 O
350 12 -6.599 3.265 -4.560 C
351 12 -5.335 3.604 -5.342 C
352 12 -4.213 2.712 -5.091 O
353 12 -5.594 3.572 -6.825 C
354 12 -4.883 4.597 -7.519 O
355 12 -5.074 2.226 -7.148 C
356 12 -3.779 2.211 -6.364 C
357 12 -3.164 0.868 -6.305 N
358 12 -3.833 -0.331 -6.353 C
359 12 -3.064 -1.370 -6.310 N
360 12 -1.789 -0.839 -6.225 C
361 12 -0.549 -1.468 -6.149 C
362 12 -0.422 -2.794 -6.159 N
363 12 0.526 -0.691 -6.073 N
364 12 0.395 0.619 -6.072 C
365 12 -0.711 1.350 -6.141 N
366 12 -1.813 0.536 -6.218 C
367 12 -6.345 3.175 -3.503 H
368 12 -7.318 4.074 -4.685 H
369 12 -5.130 4.668 -5.225 H
370 12 -6.667 3.695 -6.972 H
371 12 -5.779 1.458 -6.829 H
372 12 -5.028 2.032 -8.220 H
373 12 -3.127 2.943 -6.841 H
374 12 -4.918 -0.422 -6.411 H
375 12 0.483 -3.225 -6.015 H
376 12 -1.236 -3.369 -6.306 H
377 12 1.353 1.135 -5.997 H
378 13 -5.703 5.868 -8.048 P
379 13 -6.423 6.468 -6.901 O
380 13 -6.456 5.430 -9.244 O
381 13 -4.571 6.880 -8.538 O
382 13 -3.622 7.531 -7.687 C
383 13 -2.215 7.375 -8.262 C
384 13 -1.728 6.007 -8.164 O
385 13 -2.255 7.726 -9.782 C
386 13 -1.418 8.764 -10.309 O
387 13 -2.102 6.353 -10.429 C
388 13 -1.333 5.483 -9.455 C
389 13 -1.720 4.044 -9.544 N
390 13 -2.972 3.471 -9.686 C
391 13 -2.956 2.169 -9.713 N
392 13 -1.612 1.845 -9.581 C
393 13 -0.983 0.574 -9.543 C
394 13 -1.482 -0.544 -9.603 O
395 13 0.380 0.671 -9.401 N
396 13 1.075 1.848 -9.302 C
397 13 2.380 1.735 -9.136 N
398 13 0.500 3.050 -9.337 N
399 13 -0.847 2.978 -9.478 C
400 13 -3.646 7.154 -6.665 H
401 13 -3.878 8.591 -7.677 H
402 13 -1.611 8.038 -7.642 H
403 13 -3.251 8.087 -10.040 H
404 13 -3.105 5.929 -10.479 H
405 13 -1.691 6.349 -11.439 H
406 13 -0.270 5.575 -9.676 H
407 13 -3.921 4.002 -9.771 H
408 13 0.863 -0.216 -9.379 H
409 13 2.836 0.835 -9.206 H
410 13 2.891 2.583 -8.932 H
411 14 0.132 9.032 -9.993 P
412 14 0.295 9.064 -8.527 O
413 14 0.549 10.205 -10.795 O
414 14 0.864 7.726 -10.593 O
415 14 1.005 7.551 -12.011 C
416 14 1.937 6.393 -12.357 C
417 14 1.369 5.132 -11.931 O
418 14 2.143 6.256 -13.870 C
419 14 3.424 5.666 -14.123 O
420 14 1.051 5.284 -14.219 C
421 14 1.212 4.293 -13.089 C
422 14 0.020 3.432 -13.008 N
423 14 -1.305 3.790 -12.999 C
424 14 -2.122 2.773 -12.925 N
425 14 -1.275 1.666 -12.885 C
426 14 -1.571 0.274 -12.802 C
427 14 -2.651 -0.308 -12.742 O
428 14 -0.428 -0.489 -12.787 N
429 14 0.853 0.009 -12.843 C
430 14 1.852 -0.851 -12.823 N
431 14 1.147 1.301 -12.917 N
432 14 0.034 2.069 -12.934 C
433 14 1.428 8.462 -12.437 H
434 14 0.028 7.373 -12.460 H
435 14 2.902 6.560 -11.877 H
436 14 2.022 7.231 -14.344 H
437 14 3.483 4.879 -13.575 H
438 14 0.100 5.809 -14.127 H
439 14 1.119 4.798 -15.193 H
440 14 2.145 3.746 -13.229 H
441 14 -1.629 4.829 -13.058 H
442 14 -0.614 -1.483 -12.734 H
443 14 1.668 -1.841 -12.811 H
444 14 2.793 -0.489 -12.827 H
1 1 3.580 -9.666 -15.646 O
2 1 2.384 -8.904 -15.871 C
3 1 2.374 -7.610 -15.060 C
4 1 1.193 -6.795 -15.301 O
5 1 2.393 -7.876 -13.518 C
6 1 3.507 -7.260 -12.864 O
7 1 1.127 -7.177 -13.061 C
8 1 1.000 -6.061 -14.086 C
9 1 -0.256 -5.293 -13.923 N
10 1 -0.152 -3.920 -14.066 C
11 1 0.921 -3.386 -14.316 O
12 1 -1.255 -3.155 -13.915 N
13 1 -2.430 -3.707 -13.631 C
14 1 -3.472 -2.899 -13.493 N
15 1 -2.568 -5.124 -13.476 C
16 1 -1.461 -5.879 -13.630 C
17 1 1.522 -9.517 -15.607 H
18 1 2.319 -8.637 -16.926 H
19 1 3.266 -7.074 -15.386 H
20 1 2.337 -8.939 -13.281 H
21 1 0.287 -7.871 -13.018 H
22 1 1.111 -6.785 -12.044 H
23 1 1.818 -5.342 -14.037 H
24 1 -3.349 -1.902 -13.638 H
25 1 -4.373 -3.271 -13.249 H
26 1 -3.525 -5.587 -13.235 H
27 1 -1.565 -6.958 -13.513 H
28 1 4.230 -9.091 -15.234 H
29 2 5.002 -7.855 -12.900 P
30 2 5.289 -8.263 -14.296 O
31 2 5.143 -8.831 -11.798 O
32 2 5.818 -6.524 -12.505 O
33 2 6.423 -5.600 -13.421 C
34 2 6.437 -4.165 -12.873 C
35 2 5.158 -3.495 -12.901 O
36 2 7.044 -3.970 -11.519 C
37 2 7.830 -2.773 -11.454 O
38 2 5.817 -3.775 -10.715 C
39 2 4.934 -2.906 -11.613 C
40 2 3.490 -3.024 -11.305 N
41 2 2.749 -1.853 -11.195 C
42 2 3.255 -0.740 -11.297 O
43 2 1.419 -1.941 -10.957 N
44 2 0.824 -3.125 -10.828 C
45 2 -0.487 -3.127 -10.608 N
46 2 1.569 -4.348 -10.933 C
47 2 2.892 -4.252 -11.168 C
48 2 5.896 -5.588 -14.376 H
49 2 7.447 -5.932 -13.589 H
50 2 7.254 -3.598 -13.319 H
51 2 7.627 -4.877 -11.362 H
52 2 5.476 -4.795 -10.538 H
53 2 6.001 -3.237 -9.785 H
54 2 5.250 -1.864 -11.637 H
55 2 -0.972 -2.237 -10.555 H
56 2 -0.988 -3.995 -10.502 H
57 2 1.113 -5.334 -10.840 H
58 2 3.463 -5.178 -11.227 H
59 3 9.436 -2.734 -11.557 P
60 3 9.874 -1.329 -11.400 O
61 3 9.836 -3.493 -12.764 O
62 3 9.921 -3.585 -10.267 O
63 3 10.023 -3.163 -8.893 C
64 3 9.209 -1.913 -8.493 C
65 3 7.799 -2.088 -8.745 O
66 3 9.329 -1.659 -6.985 C
67 3 9.403 -0.253 -6.699 O
68 3 8.046 -2.263 -6.477 C
69 3 7.091 -1.801 -7.535 C
70 3 5.798 -2.508 -7.498 N
71 3 4.664 -1.734 -7.439 C
72 3 4.659 -0.509 -7.413 O
73 3 3.485 -2.409 -7.411 N
74 3 3.305 -3.763 -7.434 C
75 3 2.151 -4.188 -7.400 O
76 3 4.536 -4.520 -7.496 C
77 3 4.507 -6.046 -7.532 C
78 3 5.724 -3.879 -7.526 C
79 3 11.075 -3.011 -8.652 H
80 3 9.662 -4.001 -8.296 H
81 3 9.570 -1.024 -9.010 H
82 3 10.210 -2.184 -6.613 H
83 3 8.097 -3.349 -6.403 H
84 3 7.750 -1.939 -5.479 H
85 3 6.997 -0.721 -7.419 H
86 3 2.672 -1.844 -7.366 H
87 3 5.044 -6.424 -6.661 H
88 3 5.002 -6.389 -8.440 H
89 3 3.483 -6.418 -7.519 H
90 3 6.648 -4.455 -7.581 H
91 4 9.401 0.343 -5.200 P
92 4 10.701 0.001 -4.580 O
93 4 8.146 -0.054 -4.523 O
94 4 9.377 1.936 -5.438 O
95 4 8.431 2.703 -6.207 C
96 4 7.006 2.800 -5.626 C
97 4 6.138 1.666 -5.816 O
98 4 6.890 3.255 -4.218 C
99 4 6.749 4.676 -4.096 O
100 4 5.715 2.432 -3.703 C
101 4 5.044 1.798 -4.893 C
102 4 4.545 0.431 -4.560 N
103 4 3.184 0.214 -4.649 C
104 4 2.362 1.064 -4.971 O
105 4 2.748 -1.047 -4.357 N
106 4 3.508 -2.119 -3.987 C
107 4 2.938 -3.188 -3.784 O
108 4 4.922 -1.833 -3.909 C
109 4 5.908 -2.926 -3.504 C
110 4 5.393 -0.599 -4.190 C
111 4 8.363 2.328 -7.228 H
112 4 8.849 3.710 -6.226 H
113 4 6.611 3.779 -5.899 H
114 4 7.900 2.992 -3.905 H
115 4 6.085 1.650 -3.040 H
116 4 4.956 2.995 -3.160 H
117 4 4.236 2.468 -5.189 H
118 4 1.755 -1.201 -4.403 H
119 4 6.596 -3.109 -4.329 H
120 4 5.391 -3.853 -3.255 H
121 4 6.468 -2.572 -2.638 H
122 4 6.471 -0.463 -4.100 H
123 5 6.470 5.439 -2.696 P
124 5 6.861 6.859 -2.841 O
125 5 7.019 4.623 -1.588 O
126 5 4.871 5.342 -2.628 O
127 5 4.106 5.773 -3.760 C
128 5 2.626 5.529 -3.581 C
129 5 2.318 4.128 -3.430 O
130 5 2.068 6.285 -2.407 C
131 5 0.797 6.832 -2.778 O
132 5 2.022 5.190 -1.383 C
133 5 1.703 3.938 -2.148 C
134 5 2.219 2.687 -1.548 N
135 5 1.362 1.609 -1.468 C
136 5 0.195 1.626 -1.845 O
137 5 1.885 0.468 -0.927 N
138 5 3.155 0.281 -0.461 C
139 5 3.454 -0.824 -0.017 O
140 5 3.998 1.450 -0.572 C
141 5 5.447 1.392 -0.084 C
142 5 3.509 2.593 -1.103 C
143 5 4.432 5.210 -4.634 H
144 5 4.264 6.839 -3.929 H
145 5 2.081 5.955 -4.423 H
146 5 2.761 7.089 -2.157 H
147 5 2.996 5.106 -0.899 H
148 5 1.268 5.355 -0.614 H
149 5 0.614 3.924 -2.174 H
150 5 1.266 -0.323 -0.851 H
151 5 6.115 1.630 -0.912 H
152 5 5.680 0.393 0.286 H
153 5 5.596 2.112 0.721 H
154 5 4.135 3.481 -1.186 H
155 6 0.139 8.117 -2.057 P
156 6 -0.701 8.812 -3.059 O
157 6 1.205 8.864 -1.350 O
158 6 -0.817 7.442 -0.946 O
159 6 -2.037 6.793 -1.333 C
160 6 -2.478 5.712 -0.355 C
161 6 -1.505 4.666 -0.223 O
162 6 -2.721 6.228 1.055 C
163 6 -4.104 6.599 1.174 O
164 6 -2.313 5.027 1.933 C
165 6 -1.896 3.945 0.952 C
166 6 -0.744 3.135 1.392 N
167 6 -0.943 1.783 1.585 C
168 6 -2.017 1.215 1.428 O
169 6 0.148 1.064 1.976 N
170 6 1.411 1.554 2.193 C
171 6 2.302 0.791 2.540 O
172 6 1.544 2.974 1.972 C
173 6 2.903 3.646 2.171 C
174 6 0.484 3.705 1.587 C
175 6 -1.903 6.319 -2.306 H
176 6 -2.832 7.534 -1.416 H
177 6 -3.430 5.334 -0.727 H
178 6 -2.033 7.065 1.173 H
179 6 -1.454 5.282 2.555 H
180 6 -3.099 4.651 2.588 H
181 6 -2.757 3.296 0.794 H
182 6 -0.025 0.078 2.111 H
183 6 2.826 4.414 2.940 H
184 6 3.221 4.101 1.233 H
185 6 3.638 2.902 2.479 H
186 6 0.598 4.778 1.431 H
187 7 -4.852 6.994 2.545 P
188 7 -6.134 7.646 2.198 O
189 7 -3.885 7.687 3.427 O
190 7 -5.177 5.553 3.195 O
191 7 -6.161 4.645 2.660 C
192 7 -6.045 3.269 3.309 C
193 7 -4.724 2.741 3.089 O
194 7 -6.178 3.399 4.820 C
195 7 -7.506 3.401 5.353 O
196 7 -5.354 2.213 5.321 C
197 7 -4.414 1.804 4.135 C
198 7 -2.976 2.016 4.510 N
199 7 -2.200 0.864 4.588 C
200 7 -2.674 -0.256 4.414 O
201 7 -0.885 0.976 4.887 N
202 7 -0.328 2.166 5.107 C
203 7 0.968 2.219 5.391 N
204 7 -1.080 3.378 5.044 C
205 7 -2.404 3.274 4.745 C
206 7 -6.015 4.533 1.586 H
207 7 -7.157 5.041 2.860 H
208 7 -6.822 2.600 2.936 H
209 7 -5.763 4.372 5.084 H
210 7 -8.066 2.912 4.745 H
211 7 -4.740 2.520 6.167 H
212 7 -6.054 1.460 5.685 H
213 7 -4.581 0.808 3.723 H
214 7 1.491 1.358 5.495 H
215 7 1.418 3.114 5.504 H
216 7 -0.531 4.301 5.230 H
217 7 -2.973 4.204 4.725 H
219 8 4.178 -7.638 8.911 O
220 8 3.047 -8.281 9.500 C
221 8 1.793 -8.088 8.666 C
222 8 1.489 -6.680 8.522 O
223 8 1.948 -8.653 7.240 C
224 8 0.723 -9.296 6.870 O
225 8 2.222 -7.377 6.445 C
226 8 1.337 -6.363 7.127 C
227 8 1.773 -4.983 6.871 N
228 8 3.028 -4.447 6.975 C
229 8 3.087 -3.178 6.697 N
230 8 1.771 -2.849 6.383 C
231 8 1.209 -1.605 5.997 C
232 8 1.748 -0.511 5.845 O
233 8 -0.144 -1.716 5.776 N
234 8 -0.880 -2.868 5.903 C
235 8 -2.168 -2.784 5.626 N
236 8 -0.370 -4.039 6.264 N
237 8 0.962 -3.952 6.487 C
238 8 2.868 -7.838 10.480 H
239 8 3.231 -9.351 9.602 H
240 8 0.978 -8.585 9.192 H
241 8 2.761 -9.378 7.197 H
242 8 3.275 -7.124 6.567 H
243 8 2.070 -7.368 5.366 H
244 8 0.307 -6.513 6.803 H
245 8 3.902 -5.032 7.259 H
246 8 -0.577 -0.850 5.507 H
247 8 -2.558 -1.903 5.315 H
248 8 -2.727 -3.618 5.727 H
249 8 3.877 -6.759 8.669 H
250 9 0.484 -9.996 5.442 P
251 9 -0.133 -11.318 5.688 O
252 9 1.734 -9.902 4.653 O
253 9 -0.609 -9.027 4.769 O
254 9 -1.996 -9.057 5.144 C
255 9 -2.867 -8.276 4.155 C
256 9 -2.529 -6.875 4.123 O
257 9 -2.739 -8.781 2.726 C
258 9 -4.036 -8.801 2.122 O
259 9 -1.738 -7.828 2.135 C
260 9 -2.123 -6.520 2.790 C
261 9 -0.982 -5.594 2.893 N
262 9 0.300 -5.877 3.281 C
263 9 1.094 -4.847 3.301 N
264 9 0.273 -3.804 2.893 C
265 9 0.510 -2.445 2.706 C
266 9 1.706 -1.914 2.934 N
267 9 -0.516 -1.682 2.292 N
268 9 -1.710 -2.243 2.078 C
269 9 -2.048 -3.514 2.226 N
270 9 -0.993 -4.249 2.640 C
271 9 -2.112 -8.628 6.139 H
272 9 -2.336 -10.093 5.167 H
273 9 -3.922 -8.404 4.400 H
274 9 -2.343 -9.797 2.718 H
275 9 -0.729 -8.149 2.394 H
276 9 -1.736 -7.794 1.046 H
277 9 -2.984 -6.126 2.249 H
278 9 0.627 -6.884 3.540 H
279 9 1.896 -0.942 2.753 H
280 9 2.439 -2.503 3.298 H
281 9 -2.523 -1.613 1.717 H
282 10 -4.333 -9.144 0.578 P
283 10 -5.555 -9.977 0.518 O
284 10 -3.086 -9.616 -0.065 O
285 10 -4.669 -7.695 -0.018 O
286 10 -5.803 -6.935 0.421 C
287 10 -5.845 -5.565 -0.252 C
288 10 -4.717 -4.758 0.157 O
289 10 -5.797 -5.652 -1.783 C
290 10 -6.494 -4.588 -2.436 O
291 10 -4.340 -5.499 -2.007 C
292 10 -4.002 -4.370 -1.024 C
293 10 -2.553 -4.459 -0.825 N
294 10 -1.766 -5.578 -0.697 C
295 10 -0.497 -5.308 -0.541 N
296 10 -0.453 -3.914 -0.569 C
297 10 0.589 -2.979 -0.459 C
298 10 1.872 -3.274 -0.288 N
299 10 0.254 -1.687 -0.531 N
300 10 -1.009 -1.326 -0.701 C
301 10 -2.065 -2.103 -0.820 N
302 10 -1.707 -3.400 -0.742 C
303 10 -5.731 -6.791 1.499 H
304 10 -6.724 -7.473 0.195 H
305 10 -6.799 -5.095 -0.012 H
306 10 -6.175 -6.619 -2.114 H
307 10 -3.833 -6.450 -1.846 H
308 10 -4.024 -5.309 -3.032 H
309 10 -4.342 -3.371 -1.295 H
310 10 -2.186 -6.583 -0.730 H
311 10 2.532 -2.513 -0.192 H
312 10 2.188 -4.232 -0.251 H
313 10 -1.205 -0.254 -0.733 H
314 11 -8.092 -4.591 -2.576 P
315 11 -8.677 -4.852 -1.242 O
316 11 -8.445 -5.462 -3.718 O
317 11 -8.434 -3.079 -2.987 O
318 11 -8.274 -1.960 -2.103 C
319 11 -7.152 -1.022 -2.562 C
320 11 -5.823 -1.571 -2.537 O
321 11 -7.392 -0.635 -4.000 C
322 11 -7.963 0.666 -4.003 O
323 11 -6.030 -0.774 -4.671 C
324 11 -5.045 -0.900 -3.554 C
325 11 -3.902 -1.764 -3.849 N
326 11 -4.017 -3.086 -4.020 C
327 11 -2.902 -3.722 -4.206 N
328 11 -1.958 -2.704 -4.153 C
329 11 -0.571 -2.715 -4.278 C
330 11 0.135 -3.823 -4.457 N
331 11 0.070 -1.550 -4.184 N
332 11 -0.608 -0.430 -3.977 C
333 11 -1.925 -0.287 -3.837 N
334 11 -2.552 -1.489 -3.938 C
335 11 -8.086 -2.283 -1.079 H
336 11 -9.217 -1.413 -2.124 H
337 11 -7.227 -0.097 -1.991 H
338 11 -8.055 -1.369 -4.459 H
339 11 -6.006 -1.704 -5.238 H
340 11 -5.757 0.070 -5.306 H
341 11 -4.688 0.098 -3.303 H
342 11 -5.036 -3.470 -3.991 H
343 11 1.146 -3.772 -4.431 H
344 11 -0.337 -4.704 -4.604 H
345 11 0.045 0.442 -3.933 H
346 12 -8.645 1.262 -5.318 P
347 12 -9.490 2.411 -4.927 O
348 12 -9.212 0.154 -6.115 O
349 12 -7.339 1.798 -6.066 O
350 12 -6.721 2.998 -5.603 C
351 12 -5.421 3.287 -6.332 C
352 12 -4.343 2.335 -6.075 O
353 12 -5.623 3.322 -7.815 C
354 12 -4.937 4.415 -8.421 O
355 12 -5.034 2.015 -8.195 C
356 12 -3.785 1.949 -7.343 C
357 12 -3.158 0.602 -7.354 N
358 12 -3.832 -0.591 -7.449 C
359 12 -3.072 -1.638 -7.446 N
360 12 -1.792 -1.123 -7.341 C
361 12 -0.557 -1.769 -7.290 C
362 12 -0.439 -3.099 -7.348 N
363 12 0.524 -1.003 -7.183 N
364 12 0.412 0.307 -7.134 C
365 12 -0.689 1.050 -7.175 N
366 12 -1.804 0.254 -7.283 C
367 12 -6.510 2.936 -4.535 H
368 12 -7.429 3.808 -5.778 H
369 12 -5.186 4.339 -6.172 H
370 12 -6.695 3.408 -7.991 H
371 12 -5.729 1.204 -7.981 H
372 12 -4.926 1.896 -9.274 H
373 12 -3.117 2.732 -7.704 H
374 12 -4.917 -0.674 -7.513 H
375 12 0.470 -3.553 -7.333 H
376 12 -1.276 -3.662 -7.409 H
377 12 1.376 0.805 -7.039 H
378 13 -5.650 5.825 -8.712 P
379 13 -6.043 6.446 -7.429 O
380 13 -6.660 5.622 -9.775 O
381 13 -4.420 6.632 -9.339 O
382 13 -3.474 7.401 -8.588 C
383 13 -2.120 7.428 -9.290 C
384 13 -1.483 6.126 -9.262 O
385 13 -2.294 7.807 -10.793 C
386 13 -1.435 8.802 -11.376 O
387 13 -2.231 6.438 -11.448 C
388 13 -1.315 5.588 -10.590 C
389 13 -1.704 4.149 -10.588 N
390 13 -2.958 3.572 -10.519 C
391 13 -2.940 2.267 -10.521 N
392 13 -1.589 1.947 -10.596 C
393 13 -0.947 0.678 -10.632 C
394 13 -1.423 -0.454 -10.588 O
395 13 0.418 0.800 -10.711 N
396 13 1.103 1.988 -10.749 C
397 13 2.415 1.913 -10.816 N
398 13 0.519 3.181 -10.714 N
399 13 -0.828 3.089 -10.638 C
400 13 -3.331 7.027 -7.574 H
401 13 -3.866 8.416 -8.535 H
402 13 -1.526 8.129 -8.704 H
403 13 -3.294 8.203 -10.969 H
404 13 -3.230 6.015 -11.345 H
405 13 -1.973 6.431 -12.508 H
406 13 -0.291 5.697 -10.947 H
407 13 -3.905 4.111 -10.474 H
408 13 0.902 -0.085 -10.750 H
409 13 2.874 1.022 -10.951 H
410 13 2.925 2.779 -10.729 H
411 14 0.109 9.119 -11.043 P
412 14 0.258 9.198 -9.578 O
413 14 0.510 10.279 -11.872 O
414 14 0.883 7.812 -11.583 O
415 14 1.041 7.616 -12.997 C
416 14 1.930 6.423 -13.343 C
417 14 1.314 5.181 -12.928 O
418 14 2.145 6.275 -14.857 C
419 14 3.415 5.651 -15.088 O
420 14 1.029 5.333 -15.219 C
421 14 1.157 4.344 -14.089 C
422 14 -0.046 3.502 -14.050 N
423 14 -1.369 3.865 -14.064 C
424 14 -2.190 2.850 -14.027 N
425 14 -1.346 1.742 -13.988 C
426 14 -1.645 0.352 -13.939 C
427 14 -2.726 -0.231 -13.914 O
428 14 -0.501 -0.410 -13.914 N
429 14 0.783 0.086 -13.931 C
430 14 1.778 -0.780 -13.906 N
431 14 1.077 1.378 -13.974 N
432 14 -0.037 2.143 -14.001 C
433 14 1.507 8.512 -13.405 H
434 14 0.063 7.476 -13.457 H
435 14 2.899 6.552 -12.860 H
436 14 2.061 7.245 -15.348 H
437 14 3.435 4.846 -14.566 H
438 14 0.081 5.864 -15.129 H
439 14 1.090 4.843 -16.191 H
440 14 2.074 3.771 -14.228 H
441 14 -1.686 4.907 -14.119 H
442 14 -0.697 -1.403 -13.883 H
443 14 1.580 -1.764 -13.975 H
444 14 2.725 -0.444 -13.825 H
1 1 2.275 -10.539 -14.797 O
2 1 1.237 -9.548 -14.810 C
3 1 1.657 -8.256 -14.108 C
4 1 0.593 -7.276 -14.133 O
5 1 1.960 -8.504 -12.602 C
6 1 3.301 -8.067 -12.351 O
7 1 0.924 -7.622 -11.903 C
8 1 0.720 -6.513 -12.928 C
9 1 -0.469 -5.679 -12.651 N
10 1 -0.309 -4.311 -12.808 C
11 1 0.765 -3.814 -13.132 O
12 1 -1.368 -3.505 -12.576 N
13 1 -2.543 -4.004 -12.202 C
14 1 -3.549 -3.164 -11.999 N
15 1 -2.732 -5.408 -12.030 C
16 1 -1.676 -6.212 -12.264 C
17 1 0.345 -9.930 -14.313 H
18 1 0.998 -9.320 -15.849 H
19 1 2.532 -7.867 -14.628 H
20 1 1.791 -9.541 -12.315 H
21 1 0.025 -8.188 -11.662 H
22 1 1.139 -7.264 -10.896 H
23 1 1.594 -5.873 -13.047 H
24 1 -3.415 -2.173 -12.177 H
25 1 -4.436 -3.512 -11.676 H
26 1 -3.691 -5.816 -11.710 H
27 1 -1.830 -7.283 -12.133 H
28 1 2.901 -10.279 -14.118 H
29 2 4.198 -8.565 -11.108 P
30 2 5.169 -9.565 -11.610 O
31 2 3.294 -8.894 -9.981 O
32 2 4.971 -7.199 -10.741 O
33 2 6.072 -6.675 -11.501 C
34 2 6.417 -5.255 -11.046 C
35 2 5.375 -4.307 -11.363 O
36 2 6.803 -5.117 -9.609 C
37 2 7.974 -4.319 -9.416 O
38 2 5.586 -4.467 -9.066 C
39 2 5.056 -3.562 -10.184 C
40 2 3.573 -3.486 -10.051 N
41 2 2.965 -2.238 -9.924 C
42 2 3.595 -1.185 -9.902 O
43 2 1.613 -2.183 -9.818 N
44 2 0.875 -3.294 -9.837 C
45 2 -0.445 -3.175 -9.739 N
46 2 1.474 -4.587 -9.965 C
47 2 2.818 -4.639 -10.067 C
48 2 5.836 -6.609 -12.564 H
49 2 6.924 -7.344 -11.380 H
50 2 7.417 -4.956 -11.360 H
51 2 7.015 -6.146 -9.320 H
52 2 4.943 -5.286 -8.742 H
53 2 5.790 -3.831 -8.205 H
54 2 5.551 -2.595 -10.271 H
55 2 -0.856 -2.254 -9.634 H
56 2 -1.031 -3.994 -9.773 H
57 2 0.873 -5.496 -9.989 H
58 2 3.289 -5.619 -10.147 H
59 3 8.986 -4.534 -8.168 P
60 3 9.749 -5.780 -8.409 O
61 3 8.250 -4.367 -6.894 O
62 3 10.020 -3.312 -8.318 O
63 3 9.748 -2.091 -9.022 C
64 3 8.771 -1.135 -8.324 C
65 3 7.429 -1.649 -8.155 O
66 3 9.210 -0.689 -6.918 C
67 3 9.223 0.738 -6.710 O
68 3 8.204 -1.367 -6.007 C
69 3 6.960 -1.254 -6.853 C
70 3 5.788 -2.063 -6.473 N
71 3 4.563 -1.444 -6.618 C
72 3 4.385 -0.292 -6.999 O
73 3 3.487 -2.198 -6.300 N
74 3 3.473 -3.484 -5.855 C
75 3 2.380 -3.997 -5.629 O
76 3 4.779 -4.082 -5.717 C
77 3 4.896 -5.531 -5.222 C
78 3 5.882 -3.367 -6.025 C
79 3 9.339 -2.288 -10.013 H
80 3 10.716 -1.604 -9.146 H
81 3 8.767 -0.264 -8.979 H
82 3 10.223 -1.068 -6.780 H
83 3 8.493 -2.399 -5.810 H
84 3 8.095 -0.900 -5.028 H
85 3 6.681 -0.201 -6.856 H
86 3 2.615 -1.748 -6.405 H
87 3 3.889 -5.913 -5.054 H
88 3 5.447 -5.574 -4.282 H
89 3 5.392 -6.159 -5.961 H
90 3 6.852 -3.853 -5.926 H
91 4 8.321 1.861 -7.470 P
92 4 6.892 1.481 -7.421 O
93 4 8.968 2.134 -8.773 O
94 4 8.569 3.148 -6.543 O
95 4 8.443 3.164 -5.118 C
96 4 6.998 3.296 -4.642 C
97 4 6.130 2.189 -4.946 O
98 4 6.854 3.622 -3.211 C
99 4 6.803 5.045 -3.046 O
100 4 5.609 2.862 -2.805 C
101 4 5.015 2.249 -4.048 C
102 4 4.620 0.847 -3.725 N
103 4 3.279 0.531 -3.750 C
104 4 2.383 1.318 -4.020 O
105 4 2.956 -0.761 -3.450 N
106 4 3.812 -1.774 -3.130 C
107 4 3.351 -2.887 -2.897 O
108 4 5.199 -1.387 -3.119 C
109 4 6.264 -2.430 -2.784 C
110 4 5.560 -0.119 -3.408 C
111 4 8.955 4.066 -4.783 H
112 4 8.919 2.291 -4.670 H
113 4 6.650 4.305 -4.862 H
114 4 7.821 3.277 -2.844 H
115 4 5.878 2.062 -2.115 H
116 4 4.850 3.484 -2.330 H
117 4 4.202 2.900 -4.369 H
118 4 1.973 -0.981 -3.458 H
119 4 6.930 -2.530 -3.641 H
120 4 5.787 -3.388 -2.581 H
121 4 6.831 -2.118 -1.906 H
122 4 6.625 0.113 -3.370 H
123 5 6.513 5.810 -1.651 P
124 5 7.032 7.193 -1.756 O
125 5 6.941 4.938 -0.532 O
126 5 4.905 5.852 -1.644 O
127 5 4.224 6.336 -2.809 C
128 5 2.724 6.118 -2.759 C
129 5 2.357 4.727 -2.676 O
130 5 2.078 6.847 -1.608 C
131 5 0.813 7.375 -2.021 O
132 5 1.990 5.744 -0.588 C
133 5 1.761 4.487 -1.389 C
134 5 2.336 3.255 -0.798 N
135 5 1.546 2.126 -0.774 C
136 5 0.395 2.083 -1.196 O
137 5 2.118 1.007 -0.234 N
138 5 3.380 0.887 0.280 C
139 5 3.736 -0.205 0.716 O
140 5 4.151 2.109 0.224 C
141 5 5.584 2.138 0.774 C
142 5 3.610 3.227 -0.304 C
143 5 4.608 5.778 -3.663 H
144 5 4.412 7.400 -2.948 H
145 5 2.292 6.567 -3.653 H
146 5 2.739 7.662 -1.315 H
147 5 2.932 5.686 -0.044 H
148 5 1.184 5.877 0.134 H
149 5 0.676 4.389 -1.421 H
150 5 1.542 0.182 -0.205 H
151 5 6.301 2.464 0.021 H
152 5 5.854 1.134 1.102 H
153 5 5.625 2.819 1.624 H
154 5 4.194 4.147 -0.348 H
155 6 0.094 8.577 -1.225 P
156 6 -0.842 9.235 -2.164 O
157 6 1.140 9.378 -0.547 O
158 6 -0.751 7.802 -0.087 O
159 6 -1.950 7.100 -0.436 C
160 6 -2.319 5.991 0.545 C
161 6 -1.298 4.991 0.650 O
162 6 -2.575 6.441 1.978 C
163 6 -3.966 6.783 2.094 O
164 6 -2.187 5.194 2.809 C
165 6 -1.668 4.195 1.784 C
166 6 -0.480 3.444 2.235 N
167 6 -0.626 2.091 2.454 C
168 6 -1.676 1.479 2.301 O
169 6 0.488 1.422 2.864 N
170 6 1.732 1.959 3.080 C
171 6 2.642 1.228 3.455 O
172 6 1.811 3.384 2.830 C
173 6 3.132 4.134 3.020 C
174 6 0.722 4.066 2.424 C
175 6 -1.811 6.643 -1.415 H
176 6 -2.780 7.803 -0.505 H
177 6 -3.253 5.588 0.154 H
178 6 -1.884 7.265 2.153 H
179 6 -1.386 5.410 3.515 H
180 6 -3.004 4.773 3.395 H
181 6 -2.479 3.500 1.568 H
182 6 0.335 0.436 3.014 H
183 6 3.007 4.892 3.793 H
184 6 3.415 4.623 2.088 H
185 6 3.918 3.437 3.310 H
186 6 0.795 5.138 2.240 H
187 7 -4.738 7.022 3.490 P
188 7 -6.056 7.621 3.185 O
189 7 -3.817 7.710 4.424 O
190 7 -4.986 5.530 4.063 O
191 7 -6.061 4.673 3.632 C
192 7 -6.004 3.318 4.349 C
193 7 -4.771 2.620 4.100 O
194 7 -5.994 3.554 5.855 C
195 7 -7.286 3.661 6.435 O
196 7 -5.310 2.301 6.389 C
197 7 -4.554 1.675 5.170 C
198 7 -3.086 1.680 5.474 N
199 7 -2.491 0.443 5.709 C
200 7 -3.126 -0.610 5.714 O
201 7 -1.163 0.394 5.958 N
202 7 -0.424 1.502 5.982 C
203 7 0.874 1.383 6.231 N
204 7 -0.986 2.796 5.748 C
205 7 -2.323 2.853 5.501 C
206 7 -6.002 4.521 2.554 H
207 7 -7.011 5.152 3.869 H
208 7 -6.879 2.728 4.075 H
209 7 -5.461 4.487 6.035 H
210 7 -7.756 4.295 5.889 H
211 7 -4.600 2.600 7.160 H
212 7 -6.074 1.689 6.869 H
213 7 -4.912 0.702 4.832 H
214 7 1.250 0.474 6.473 H
215 7 1.470 2.194 6.184 H
216 7 -0.309 3.650 5.769 H
217 7 -2.761 3.841 5.356 H
219 8 2.525 -10.828 9.512 O
220 8 2.176 -9.447 9.419 C
221 8 1.011 -9.255 8.469 C
222 8 0.712 -7.849 8.441 O
223 8 1.387 -9.689 7.027 C
224 8 0.467 -10.584 6.379 O
225 8 1.559 -8.344 6.329 C
226 8 0.660 -7.369 7.093 C
227 8 1.161 -5.968 7.138 N
228 8 2.433 -5.511 7.390 C
229 8 2.555 -4.213 7.370 N
230 8 1.271 -3.765 7.084 C
231 8 0.777 -2.438 6.935 C
232 8 1.360 -1.358 7.006 O
233 8 -0.564 -2.437 6.654 N
234 8 -1.346 -3.557 6.528 C
235 8 -2.615 -3.357 6.244 N
236 8 -0.907 -4.802 6.663 N
237 8 0.414 -4.831 6.941 C
238 8 3.021 -8.860 9.060 H
239 8 1.851 -9.069 10.388 H
240 8 0.162 -9.814 8.863 H
241 8 2.327 -10.240 7.057 H
242 8 2.602 -8.052 6.450 H
243 8 1.370 -8.369 5.256 H
244 8 -0.351 -7.446 6.692 H
245 8 3.282 -6.161 7.601 H
246 8 -0.952 -1.515 6.547 H
247 8 -2.945 -2.412 6.098 H
248 8 -3.218 -4.164 6.175 H
249 8 2.198 -11.219 8.699 H
250 9 -1.137 -10.423 6.229 P
251 9 -1.672 -9.898 7.507 O
252 9 -1.648 -11.706 5.696 O
253 9 -1.367 -9.296 5.094 O
254 9 -2.721 -8.969 4.732 C
255 9 -2.863 -7.930 3.619 C
256 9 -2.315 -6.627 3.958 O
257 9 -2.211 -8.342 2.295 C
258 9 -2.990 -8.168 1.095 O
259 9 -0.997 -7.462 2.257 C
260 9 -1.501 -6.175 2.857 C
261 9 -0.442 -5.230 3.230 N
262 9 0.822 -5.478 3.671 C
263 9 1.525 -4.412 3.921 N
264 9 0.649 -3.378 3.616 C
265 9 0.778 -1.991 3.664 C
266 9 1.891 -1.396 4.073 N
267 9 -0.278 -1.257 3.292 N
268 9 -1.393 -1.867 2.899 C
269 9 -1.635 -3.164 2.814 N
270 9 -0.551 -3.870 3.194 C
271 9 -3.237 -8.581 5.611 H
272 9 -3.237 -9.871 4.401 H
273 9 -3.938 -7.928 3.441 H
274 9 -1.914 -9.387 2.381 H
275 9 -0.192 -7.897 2.850 H
276 9 -0.611 -7.323 1.247 H
277 9 -2.075 -5.647 2.096 H
278 9 1.210 -6.490 3.784 H
279 9 2.013 -0.395 4.010 H
280 9 2.626 -1.974 4.451 H
281 9 -2.221 -1.228 2.590 H
282 10 -4.512 -8.679 0.818 P
283 10 -4.742 -9.915 1.602 O
284 10 -4.709 -8.684 -0.649 O
285 10 -5.443 -7.502 1.446 O
286 10 -4.871 -6.203 1.655 C
287 10 -5.296 -5.091 0.707 C
288 10 -4.184 -4.175 0.840 O
289 10 -5.371 -5.429 -0.786 C
290 10 -6.182 -4.522 -1.539 O
291 10 -3.969 -5.278 -1.216 C
292 10 -3.531 -4.037 -0.435 C
293 10 -2.050 -4.094 -0.377 N
294 10 -1.179 -5.168 -0.487 C
295 10 0.078 -4.839 -0.374 N
296 10 0.038 -3.462 -0.180 C
297 10 1.033 -2.497 0.010 C
298 10 2.336 -2.753 0.049 N
299 10 0.627 -1.236 0.168 N
300 10 -0.663 -0.939 0.142 C
301 10 -1.684 -1.749 -0.027 N
302 10 -1.253 -3.014 -0.184 C
303 10 -3.797 -6.302 1.499 H
304 10 -5.038 -5.873 2.680 H
305 10 -6.245 -4.645 1.005 H
306 10 -5.752 -6.445 -0.895 H
307 10 -3.431 -6.207 -1.026 H
308 10 -3.808 -5.181 -2.290 H
309 10 -3.914 -3.072 -0.769 H
310 10 -1.477 -6.202 -0.660 H
311 10 2.980 -2.001 0.262 H
312 10 2.669 -3.690 -0.128 H
313 10 -0.914 0.112 0.285 H
314 11 -7.791 -4.587 -1.560 P
315 11 -8.277 -4.823 -0.180 O
316 11 -8.197 -5.501 -2.652 O
317 11 -8.186 -3.084 -1.995 O
318 11 -8.003 -1.925 -1.159 C
319 11 -6.934 -0.965 -1.705 C
320 11 -5.605 -1.515 -1.746 O
321 11 -7.235 -0.615 -3.156 C
322 11 -7.973 0.606 -3.253 O
323 11 -5.864 -0.612 -3.846 C
324 11 -4.854 -0.801 -2.755 C
325 11 -3.692 -1.634 -3.090 N
326 11 -3.772 -2.951 -3.336 C
327 11 -2.635 -3.551 -3.526 N
328 11 -1.714 -2.519 -3.395 C
329 11 -0.321 -2.491 -3.484 C
330 11 0.418 -3.574 -3.697 N
331 11 0.286 -1.317 -3.313 N
332 11 -0.424 -0.224 -3.065 C
333 11 -1.747 -0.122 -2.952 N
334 11 -2.343 -1.330 -3.133 C
335 11 -7.747 -2.201 -0.136 H
336 11 -8.954 -1.394 -1.143 H
337 11 -7.000 -0.064 -1.096 H
338 11 -7.802 -1.453 -3.561 H
339 11 -5.782 -1.480 -4.500 H
340 11 -5.636 0.308 -4.385 H
341 11 -4.491 0.179 -2.447 H
342 11 -4.781 -3.364 -3.359 H
343 11 1.429 -3.508 -3.698 H
344 11 -0.031 -4.466 -3.847 H
345 11 0.196 0.667 -2.966 H
346 12 -8.520 1.192 -4.651 P
347 12 -9.487 2.271 -4.345 O
348 12 -8.916 0.062 -5.522 O
349 12 -7.183 1.852 -5.262 O
350 12 -6.566 2.967 -4.601 C
351 12 -5.267 3.411 -5.261 C
352 12 -4.149 2.491 -5.147 O
353 12 -5.471 3.675 -6.730 C
354 12 -4.704 4.796 -7.196 O
355 12 -4.989 2.360 -7.243 C
356 12 -3.697 2.182 -6.475 C
357 12 -3.125 0.815 -6.525 N
358 12 -3.847 -0.345 -6.650 C
359 12 -3.131 -1.423 -6.637 N
360 12 -1.834 -0.962 -6.492 C
361 12 -0.629 -1.656 -6.411 C
362 12 -0.559 -2.989 -6.462 N
363 12 0.477 -0.935 -6.269 N
364 12 0.428 0.379 -6.212 C
365 12 -0.644 1.160 -6.277 N
366 12 -1.789 0.412 -6.420 C
367 12 -6.369 2.698 -3.563 H
368 12 -7.238 3.824 -4.631 H
369 12 -5.055 4.416 -4.896 H
370 12 -6.535 3.862 -6.882 H
371 12 -5.711 1.579 -7.005 H
372 12 -4.966 2.282 -8.330 H
373 12 -3.032 2.975 -6.819 H
374 12 -4.932 -0.374 -6.744 H
375 12 0.322 -3.471 -6.332 H
376 12 -1.404 -3.519 -6.627 H
377 12 1.414 0.826 -6.092 H
378 13 -5.055 6.319 -6.765 P
379 13 -5.229 6.376 -5.299 O
380 13 -6.155 6.788 -7.642 O
381 13 -3.709 7.105 -7.170 O
382 13 -3.461 7.403 -8.544 C
383 13 -1.979 7.407 -8.902 C
384 13 -1.367 6.108 -8.668 O
385 13 -1.908 7.644 -10.441 C
386 13 -1.030 8.649 -10.960 O
387 13 -1.711 6.235 -10.977 C
388 13 -0.975 5.457 -9.902 C
389 13 -1.380 4.019 -9.853 N
390 13 -2.649 3.471 -9.821 C
391 13 -2.664 2.170 -9.752 N
392 13 -1.322 1.817 -9.739 C
393 13 -0.723 0.533 -9.674 C
394 13 -1.253 -0.571 -9.595 O
395 13 0.649 0.602 -9.686 N
396 13 1.379 1.764 -9.750 C
397 13 2.692 1.631 -9.740 N
398 13 0.831 2.978 -9.810 N
399 13 -0.525 2.934 -9.801 C
400 13 -3.892 8.382 -8.756 H
401 13 -3.954 6.667 -9.180 H
402 13 -1.507 8.142 -8.249 H
403 13 -2.868 7.986 -10.828 H
404 13 -2.707 5.801 -11.065 H
405 13 -1.240 6.177 -11.958 H
406 13 0.095 5.539 -10.099 H
407 13 -3.584 4.029 -9.858 H
408 13 1.111 -0.295 -9.654 H
409 13 3.115 0.714 -9.788 H
410 13 3.248 2.471 -9.684 H
411 14 0.492 8.925 -10.547 P
412 14 0.558 9.016 -9.079 O
413 14 0.968 10.058 -11.371 O
414 14 1.238 7.588 -11.040 O
415 14 1.339 7.315 -12.447 C
416 14 2.040 5.993 -12.739 C
417 14 1.274 4.878 -12.230 O
418 14 2.188 5.754 -14.251 C
419 14 3.430 5.107 -14.553 O
420 14 1.071 4.789 -14.510 C
421 14 1.180 3.912 -13.286 C
422 14 -0.033 3.083 -13.182 N
423 14 -1.351 3.467 -13.224 C
424 14 -2.191 2.474 -13.107 N
425 14 -1.368 1.357 -12.977 C
426 14 -1.694 -0.019 -12.816 C
427 14 -2.785 -0.579 -12.740 O
428 14 -0.565 -0.797 -12.730 N
429 14 0.728 -0.331 -12.787 C
430 14 1.709 -1.209 -12.695 N
431 14 1.048 0.947 -12.935 N
432 14 -0.049 1.730 -13.023 C
433 14 1.911 8.116 -12.914 H
434 14 0.344 7.292 -12.891 H
435 14 3.033 6.000 -12.290 H
436 14 2.054 6.698 -14.781 H
437 14 4.139 5.676 -14.245 H
438 14 0.130 5.338 -14.482 H
439 14 1.159 4.215 -15.433 H
440 14 2.118 3.356 -13.302 H
441 14 -1.657 4.505 -13.356 H
442 14 -0.779 -1.778 -12.620 H
443 14 1.499 -2.196 -12.689 H
444 14 2.654 -0.858 -12.643 H
