1225 2895
0 2
0 3
0 4
0 5
1 3
1 5
1 8
2 4
2 9
3 8
3 9
3 14
4 6
4 7
4 8
5 7
7 1055
8 10
8 11
8 12
8 14
9 11
9 13
9 14
9 15
10 12
10 13
10 16
10 17
11 12
11 15
11 16
13 14
15 17
15 18
15 19
16 18
16 20
16 23
17 19
17 24
17 25
17 26
18 23
18 24
19 21
19 22
21 22
23 25
23 26
23 27
23 28
23 49
24 26
24 28
24 29
25 27
25 28
25 30
25 31
25 38
26 29
26 30
26 31
26 51
27 29
29 31
29 33
29 38
30 32
30 34
30 38
31 33
31 34
31 39
31 40
32 38
32 39
32 40
32 51
32 65
33 35
33 36
34 36
34 37
36 37
36 638
38 40
38 42
39 41
39 42
40 43
40 44
41 42
41 43
41 44
42 44
42 46
42 47
42 51
43 45
43 47
43 51
44 46
44 52
44 53
44 65
45 51
45 52
45 53
45 74
45 82
46 48
46 49
47 49
47 50
49 50
49 1060
51 53
51 55
51 56
51 65
52 54
52 56
52 65
53 55
53 66
53 67
54 65
54 66
54 67
54 82
54 89
55 57
55 58
55 65
56 59
56 60
56 61
57 58
57 60
58 59
58 62
58 63
58 64
59 62
60 61
60 63
60 64
61 62
61 64
62 63
65 67
65 69
65 70
65 74
66 68
66 70
66 71
66 74
67 69
67 75
67 76
68 74
68 75
68 76
68 97
69 71
69 72
70 72
70 73
72 73
74 76
74 78
74 79
74 82
75 77
75 79
75 81
75 82
76 78
76 83
76 84
77 82
77 83
77 84
78 80
78 81
78 82
80 81
82 84
82 86
82 88
82 89
83 85
83 87
83 88
83 89
84 86
84 87
84 90
84 91
85 89
85 90
85 91
85 114
86 89
87 88
89 91
89 93
89 94
89 97
90 92
90 94
90 96
90 97
91 93
91 98
91 99
92 93
92 97
92 98
92 99
92 128
93 95
93 96
95 96
97 99
97 101
97 107
98 100
98 102
98 107
99 101
99 102
99 108
99 109
100 107
100 108
100 109
101 103
101 104
101 107
102 105
102 106
103 104
103 106
104 105
106 984
107 109
107 111
107 112
107 114
108 110
108 112
108 113
108 114
109 111
109 112
109 113
109 115
109 116
110 114
110 115
110 116
110 133
110 142
112 113
114 116
114 118
114 128
115 117
115 119
115 128
116 118
116 119
116 129
116 130
116 133
117 128
117 129
117 130
117 142
117 149
118 120
118 121
119 122
119 123
119 124
120 121
120 123
121 122
121 125
121 126
121 127
122 125
123 124
123 126
123 127
124 125
124 127
125 126
128 130
128 132
128 133
129 131
129 133
130 132
130 134
130 135
131 133
131 134
131 135
133 135
133 137
133 138
133 142
134 136
134 138
134 139
134 142
135 137
135 143
135 144
135 149
136 142
136 143
136 144
136 158
137 139
137 142
138 140
139 141
142 144
142 146
142 148
142 149
143 145
143 147
143 148
143 149
144 146
144 147
144 150
144 151
144 158
145 147
145 149
145 150
145 151
145 158
145 163
146 149
147 148
149 151
149 153
149 154
149 158
150 152
150 154
150 158
151 153
151 159
151 160
151 163
152 153
152 158
152 159
152 160
153 155
153 156
154 156
154 157
156 157
157 620
158 160
158 162
158 163
159 161
159 163
160 162
160 164
161 162
161 163
161 164
163 165
163 167
163 171
164 166
164 168
164 169
164 171
165 167
165 168
165 169
165 172
165 173
166 167
166 168
166 169
166 171
166 172
166 173
166 187
166 193
167 169
167 170
169 170
169 183
171 173
171 175
171 177
171 178
172 174
172 176
172 177
172 178
173 175
173 176
173 179
173 180
174 176
174 178
174 179
174 180
174 197
176 177
178 180
178 182
178 183
179 181
179 183
180 182
180 184
180 185
181 183
181 184
181 185
181 201
182 183
183 185
183 187
184 186
184 187
185 188
185 189
186 187
186 188
186 189
186 210
187 189
187 191
187 192
187 197
188 190
188 192
188 197
189 191
189 198
189 199
190 197
190 198
190 199
190 218
191 193
191 194
191 197
192 195
192 196
193 194
193 196
194 195
196 965
197 199
197 201
198 200
198 201
199 202
199 203
200 201
200 202
200 203
200 226
201 203
201 205
201 210
202 204
202 206
202 210
203 205
203 211
203 212
204 210
204 211
204 212
204 234
205 207
205 208
205 210
206 208
206 209
208 209
209 464
210 212
210 214
210 215
210 216
210 218
211 213
211 215
211 216
211 218
212 214
212 219
212 220
213 218
213 219
213 220
213 242
213 246
214 216
214 217
214 218
216 217
217 954
218 220
218 222
218 223
218 226
219 221
219 223
219 224
219 226
220 222
220 224
220 227
220 228
221 226
221 227
221 228
221 253
222 225
223 224
224 225
226 228
226 230
226 231
226 234
227 229
227 231
227 233
227 234
228 230
228 235
228 236
229 234
229 235
229 236
229 261
230 232
230 233
230 234
232 233
234 236
234 238
234 239
234 242
235 237
235 239
235 240
235 242
236 238
236 240
236 243
236 244
237 240
237 242
237 243
237 244
237 272
238 241
239 240
240 241
242 244
242 246
242 253
243 245
243 247
243 248
243 253
244 246
244 247
244 248
244 254
244 255
245 248
245 253
245 254
245 255
245 281
245 286
246 248
246 249
246 253
247 249
248 250
248 251
248 286
249 251
249 252
251 252
253 255
253 257
253 261
254 256
254 258
254 259
254 261
255 257
255 258
255 262
255 263
256 261
256 262
256 263
256 287
257 259
257 260
257 261
259 260
261 263
261 265
261 266
261 267
261 272
262 264
262 266
262 267
262 272
263 265
263 273
263 274
264 265
264 272
264 273
265 267
265 268
266 269
266 270
266 271
267 268
267 270
267 271
268 269
268 271
269 270
272 274
272 276
272 277
272 281
273 275
273 277
273 281
274 276
274 282
274 283
275 281
275 282
275 283
276 278
276 279
276 281
277 279
278 280
280 437
281 283
281 285
281 286
281 287
282 284
282 286
282 287
283 285
283 288
284 285
284 287
284 288
285 287
287 289
287 291
287 292
287 297
287 303
288 290
288 292
288 297
288 303
289 291
289 298
289 299
289 303
289 304
290 291
290 297
290 298
290 299
290 304
290 313
290 318
291 293
291 294
292 295
292 296
293 294
293 296
294 295
297 299
297 301
297 302
297 304
298 300
298 302
298 303
298 304
299 301
299 305
299 306
300 304
300 305
300 306
301 303
304 306
304 308
304 309
304 311
304 313
305 307
305 309
305 313
305 336
306 308
306 309
306 314
306 315
306 320
307 313
307 314
307 315
307 328
307 332
308 310
308 311
309 311
309 312
311 312
313 315
313 317
313 318
313 319
313 320
314 316
314 318
314 319
314 320
315 317
315 318
315 321
315 322
315 328
316 317
316 320
316 321
316 322
318 319
318 320
320 322
320 324
320 328
321 323
321 325
321 326
321 328
322 324
322 325
322 329
322 330
322 337
323 325
323 328
323 329
323 330
323 337
323 346
324 326
324 327
326 327
328 330
328 332
328 333
328 337
329 331
329 333
329 337
330 332
330 338
330 339
330 346
331 332
331 337
331 338
332 334
332 335
333 335
333 336
335 336
337 339
337 341
337 342
337 346
338 340
338 342
338 343
338 346
339 341
339 347
340 341
340 346
340 347
341 343
342 344
343 345
345 782
346 348
346 349
346 350
346 351
346 352
347 349
347 351
347 357
348 350
348 358
348 359
348 365
349 350
349 357
349 358
349 359
349 365
349 376
349 387
349 392
350 352
350 353
351 354
351 355
351 356
352 353
352 355
352 356
353 354
353 356
354 355
357 359
357 361
357 362
357 363
357 365
358 360
358 362
358 363
358 365
359 361
359 366
359 367
360 365
360 366
361 363
361 364
363 364
365 367
365 369
365 376
366 368
366 370
366 376
367 369
367 377
368 369
368 376
368 377
368 404
369 371
370 372
371 373
371 374
372 374
372 375
374 375
376 378
376 380
376 381
376 387
377 379
377 381
377 382
377 387
378 380
378 388
378 389
378 396
379 380
379 387
379 388
379 389
379 396
379 406
380 382
380 383
381 384
381 385
381 386
382 383
382 385
382 386
383 384
383 386
384 385
387 389
387 391
387 396
388 390
388 392
388 396
389 391
389 397
390 391
390 396
390 397
391 393
391 394
391 396
392 394
393 395
396 398
396 400
396 401
396 402
396 406
397 399
397 401
397 402
397 406
398 400
398 401
398 407
398 408
399 400
399 406
399 407
399 408
399 414
400 402
400 403
401 404
401 405
402 403
402 405
403 404
406 408
406 409
406 410
406 411
407 409
407 411
407 413
407 414
408 410
408 415
409 410
409 414
409 415
410 412
410 413
412 413
414 416
414 418
414 419
414 423
414 451
415 417
415 419
415 423
416 418
416 424
417 418
417 423
417 424
418 420
419 421
419 422
420 422
423 425
423 426
423 427
423 428
423 429
424 426
424 428
424 429
424 430
425 427
425 428
425 431
425 432
425 439
426 430
426 431
426 432
426 444
426 453
427 430
428 429
430 432
430 434
430 439
431 433
431 435
431 439
432 434
432 435
432 440
432 441
433 435
433 439
433 440
433 441
433 453
433 461
434 436
434 437
434 439
435 437
435 438
437 438
438 468
439 441
439 443
439 444
440 442
440 444
441 443
441 445
441 446
442 444
442 445
442 446
442 470
443 444
444 446
444 448
444 449
444 453
445 447
445 449
445 453
446 448
446 454
446 455
447 453
447 454
447 455
447 475
448 450
448 451
448 453
449 451
449 452
451 452
453 455
453 457
453 458
453 461
454 456
454 458
454 461
455 457
455 462
455 463
456 461
456 462
456 463
457 459
457 461
458 460
461 463
461 465
461 466
461 470
462 464
462 466
462 470
463 465
463 471
464 465
464 470
464 471
465 467
466 468
467 469
470 472
470 474
470 475
471 473
471 475
472 474
472 476
472 477
473 474
473 475
473 476
473 477
475 477
475 478
475 479
476 478
476 480
476 481
477 479
477 480
477 482
477 483
478 479
478 480
478 481
478 482
478 483
480 498
481 483
481 485
481 490
482 484
482 486
482 488
482 490
483 485
483 491
483 492
484 490
484 491
484 492
484 515
485 487
485 488
486 488
486 489
488 489
489 513
489 514
490 492
490 494
490 498
491 493
491 495
491 496
491 498
492 494
492 499
492 500
493 498
493 499
493 500
493 524
494 496
494 497
494 498
496 497
496 523
498 500
498 502
498 506
499 501
499 503
499 506
500 502
500 503
500 505
500 507
500 508
501 506
501 507
501 508
501 534
502 504
502 505
502 506
504 505
506 508
506 510
506 515
507 509
507 511
507 515
508 510
508 511
508 516
508 517
509 515
509 516
509 517
509 538
510 512
510 513
510 515
511 513
512 514
515 517
515 519
515 520
515 524
516 518
516 520
516 524
517 519
517 525
517 526
518 524
518 525
518 526
518 538
518 545
519 521
519 522
519 524
520 522
520 523
521 523
524 526
524 528
524 534
525 527
525 529
525 530
525 534
526 528
526 529
526 535
526 536
526 538
527 528
527 529
527 534
527 535
527 536
527 545
527 552
528 530
528 531
529 532
529 533
530 531
530 533
531 532
534 536
534 538
535 537
535 538
536 539
536 540
537 538
537 539
537 540
537 559
538 540
538 542
538 544
538 545
539 541
539 543
539 544
539 545
540 542
540 543
540 546
540 547
541 543
541 545
541 546
541 547
541 567
541 572
542 545
543 544
545 547
545 549
545 550
545 552
546 548
546 550
546 551
546 552
547 549
547 551
547 553
547 554
548 552
548 553
548 554
548 574
549 552
550 551
552 554
552 556
552 558
552 559
553 555
553 557
553 558
553 559
554 556
554 557
554 560
554 561
555 559
555 560
555 561
555 579
556 559
557 558
559 561
559 563
559 567
560 562
560 564
560 566
560 567
561 563
561 568
561 569
562 563
562 567
562 568
562 569
562 587
563 565
563 566
565 566
567 569
567 571
567 572
567 574
568 570
568 572
568 573
568 574
569 571
569 573
569 575
569 576
570 574
570 575
570 576
570 591
571 574
572 573
574 576
574 578
574 579
575 577
575 579
576 578
576 580
576 581
577 579
577 580
577 581
578 579
579 581
579 583
579 587
580 582
580 584
580 585
580 587
581 583
581 584
581 588
581 589
582 587
582 588
582 589
582 596
582 604
583 585
583 586
583 587
585 586
587 589
587 591
588 590
588 591
589 592
589 593
589 596
590 591
590 592
590 593
590 612
591 593
591 595
591 596
592 594
592 596
593 595
593 597
593 598
594 596
594 597
594 598
596 598
596 600
596 601
596 604
597 599
597 601
597 602
597 604
598 600
598 602
598 605
598 606
599 604
599 605
599 606
599 621
600 603
600 604
601 602
602 603
604 606
604 608
604 609
604 612
605 607
605 609
605 611
605 612
606 608
606 613
606 614
606 621
607 612
607 613
607 614
607 621
607 630
608 610
608 611
608 612
610 611
612 614
612 616
612 617
612 621
613 615
613 617
613 621
614 616
614 622
614 623
614 630
615 616
615 621
615 622
616 618
617 619
618 620
621 623
621 625
621 626
621 630
622 624
622 626
622 627
622 630
623 625
623 631
623 632
623 634
624 625
624 630
624 631
624 632
624 643
625 627
625 628
626 628
626 629
627 629
629 646
630 632
630 634
630 635
630 639
631 633
631 635
631 639
632 634
632 640
633 634
633 639
633 640
634 636
634 637
635 637
636 638
639 641
639 643
640 642
640 643
641 644
642 643
642 644
642 653
643 645
643 647
643 648
643 649
643 653
644 646
644 648
644 653
645 647
645 654
646 647
646 653
646 654
646 671
647 649
647 650
648 651
648 652
649 650
649 652
650 651
653 655
653 657
653 658
653 663
654 656
654 658
654 660
654 663
655 657
655 658
655 660
655 664
655 665
656 657
656 663
656 664
656 665
656 677
656 686
657 659
657 660
658 661
658 662
659 660
659 662
660 661
662 1129
663 665
663 667
663 668
663 669
663 670
663 672
664 666
664 668
664 672
665 667
665 673
665 674
666 672
666 673
666 674
667 669
667 670
667 672
668 670
668 671
670 671
672 674
672 676
672 677
673 675
673 677
674 676
674 678
674 679
675 677
675 678
675 679
676 677
677 679
677 681
677 682
677 683
677 684
677 686
678 680
678 682
678 686
679 681
679 687
679 688
680 681
680 686
680 687
680 688
681 683
681 684
681 686
682 684
682 685
684 685
686 688
686 690
686 694
687 689
687 691
687 692
687 694
688 690
688 695
688 696
689 690
689 694
689 695
689 696
689 697
689 718
690 692
690 693
692 693
694 696
694 698
694 703
695 697
695 699
695 703
695 709
696 698
696 704
696 705
696 709
697 703
697 704
697 705
697 723
698 700
698 703
699 701
700 702
703 705
703 707
703 708
703 710
704 706
704 708
704 709
704 710
705 707
705 711
705 712
706 710
706 711
706 712
706 732
707 709
710 712
710 714
710 718
711 713
711 715
711 718
712 714
712 715
712 719
712 720
713 718
713 719
713 720
713 738
713 744
714 716
714 717
714 718
716 717
718 720
718 722
718 723
719 721
719 723
720 722
720 724
720 725
721 723
721 724
721 725
721 748
721 752
722 723
723 725
723 727
723 732
724 726
724 728
724 732
725 727
725 728
725 733
725 734
726 732
726 733
726 734
726 753
726 758
727 729
727 730
727 732
728 730
728 731
730 731
732 734
732 736
732 737
732 738
733 735
733 737
733 738
734 736
734 737
734 739
734 740
735 738
735 739
735 740
735 760
735 769
737 738
737 744
738 740
738 742
738 743
738 744
738 748
739 741
739 743
739 744
739 748
740 742
740 749
740 750
741 742
741 748
741 749
741 779
741 788
742 744
742 745
743 746
743 747
744 745
744 747
745 746
748 750
748 752
748 753
749 751
749 753
750 752
750 754
751 753
751 754
752 753
753 755
753 757
753 758
753 760
754 756
754 758
754 759
754 760
755 757
755 759
755 761
756 760
756 761
756 786
756 787
757 760
758 759
760 762
760 764
760 769
761 763
761 765
761 769
762 764
762 765
762 770
763 769
763 770
763 786
764 766
764 769
765 767
766 768
769 771
769 773
769 774
769 775
769 779
770 772
770 774
770 775
770 779
771 773
771 780
771 781
771 783
772 773
772 779
772 780
772 781
772 783
773 775
773 776
774 777
774 778
775 776
775 778
776 777
779 781
779 783
779 788
780 782
780 784
780 788
781 783
781 789
782 783
782 788
782 789
783 785
783 786
784 786
785 787
788 790
788 791
788 792
788 793
789 791
789 793
789 794
789 795
789 796
789 802
790 792
790 794
790 797
790 798
790 802
791 792
791 796
791 797
791 798
791 1166
791 1168
792 795
793 794
796 798
796 799
796 800
796 801
797 799
797 801
797 802
797 803
798 800
798 804
798 805
798 811
799 803
799 804
799 805
799 811
799 820
800 802
803 805
803 807
803 808
803 811
804 806
804 808
804 809
804 810
804 811
805 807
805 809
805 812
805 813
805 820
806 809
806 811
806 812
806 813
806 832
806 840
807 810
808 809
809 810
811 813
811 815
811 820
812 814
812 816
812 820
813 815
813 816
813 821
813 822
814 820
814 821
814 822
814 840
814 849
815 817
815 820
816 818
817 819
820 822
820 824
820 825
820 826
820 832
821 823
821 825
821 826
821 832
822 824
822 833
822 834
822 840
823 824
823 832
823 833
823 834
823 860
824 826
824 827
825 828
825 829
825 830
826 827
826 829
826 830
827 828
827 830
828 829
828 831
829 831
832 834
832 836
832 837
832 840
833 835
833 837
833 839
833 840
834 836
834 841
834 842
835 840
835 841
835 842
835 868
835 873
836 838
836 839
838 839
840 842
840 844
840 845
840 849
841 843
841 845
841 849
842 844
842 850
842 851
843 849
843 850
843 851
843 868
843 874
844 846
844 847
844 849
845 847
845 848
847 848
849 851
849 853
849 854
849 855
849 860
850 852
850 854
850 855
850 860
851 853
851 861
851 862
852 860
852 861
852 862
852 883
853 855
853 856
853 860
854 857
854 858
854 859
855 856
855 858
855 859
856 857
856 859
857 858
860 862
860 864
860 866
860 868
861 863
861 865
861 866
861 868
862 864
862 865
862 866
862 869
862 870
862 874
863 865
863 868
863 869
863 870
863 883
863 888
864 867
865 866
866 867
868 870
868 872
868 873
868 874
869 871
869 873
869 874
870 872
870 875
870 876
871 874
871 875
871 876
871 896
872 874
873 1111
874 876
874 878
874 883
875 877
875 879
875 883
876 878
876 879
876 884
876 885
877 883
877 884
877 885
877 904
878 880
878 881
878 883
879 881
879 882
881 882
883 885
883 887
883 888
884 886
884 888
885 887
885 889
885 890
886 888
886 889
886 890
886 914
887 888
888 890
888 892
888 893
888 896
889 891
889 893
889 894
889 896
890 892
890 894
890 897
890 898
891 896
891 897
891 898
891 921
892 895
892 896
893 894
894 895
896 898
896 900
896 901
896 904
897 899
897 901
897 902
897 904
898 900
898 902
898 905
898 906
899 904
899 905
899 906
899 929
900 903
901 902
902 903
904 906
904 908
904 914
905 907
905 909
905 914
906 908
906 909
906 911
906 915
906 916
907 914
907 915
907 916
907 939
907 944
908 910
908 911
908 914
909 912
909 913
910 911
910 913
911 912
914 916
914 918
914 920
914 921
915 917
915 919
915 920
915 921
916 918
916 919
916 922
916 923
917 919
917 921
917 922
917 923
917 945
919 920
921 923
921 925
921 926
921 929
922 924
922 926
922 928
922 929
923 925
923 930
923 931
924 929
924 930
924 931
924 956
925 927
925 928
925 929
927 928
929 931
929 933
929 939
930 932
930 934
930 939
931 933
931 934
931 940
931 941
932 939
932 940
932 941
933 935
933 936
933 939
934 937
934 938
935 936
935 938
936 937
939 941
939 943
939 944
939 945
940 942
940 944
940 945
941 943
941 946
942 945
942 946
943 945
945 947
945 949
945 950
945 956
946 948
946 950
946 956
947 949
947 957
948 949
948 956
948 957
949 951
949 952
950 952
951 953
951 954
952 954
952 955
954 955
956 958
956 960
956 961
956 966
956 972
957 959
957 961
957 966
957 972
958 960
958 967
958 968
958 972
958 973
959 960
959 966
959 967
959 968
959 973
959 977
959 985
959 989
960 962
960 963
961 964
961 965
962 963
962 965
963 964
966 968
966 970
966 971
966 973
967 969
967 971
967 972
967 973
968 970
968 974
968 975
969 973
969 974
969 975
970 972
973 975
973 977
974 976
974 977
975 978
976 977
976 978
977 979
977 981
977 982
977 985
978 980
978 982
978 984
978 985
979 981
979 986
980 981
980 985
980 986
981 983
981 984
983 984
985 987
985 989
985 996
986 988
986 990
986 991
986 996
987 989
987 997
987 998
987 999
988 989
988 996
988 997
988 999
989 991
989 992
990 993
990 994
990 995
991 992
991 994
991 995
992 993
992 995
993 994
996 998
996 999
997 999
997 1000
998 1001
998 1002
999 1000
999 1001
999 1002
999 1018
1000 1002
1000 1004
1000 1005
1001 1003
1001 1005
1002 1004
1002 1006
1002 1007
1003 1005
1003 1006
1003 1007
1003 1027
1004 1005
1005 1007
1005 1009
1005 1010
1005 1011
1005 1013
1006 1008
1006 1010
1006 1011
1006 1013
1007 1009
1007 1014
1007 1015
1008 1013
1008 1014
1008 1015
1008 1031
1009 1011
1009 1012
1009 1013
1011 1012
1013 1015
1013 1017
1013 1018
1014 1016
1014 1018
1015 1017
1015 1019
1015 1020
1016 1018
1016 1019
1016 1020
1016 1036
1018 1020
1018 1022
1018 1027
1019 1021
1019 1023
1019 1027
1020 1022
1020 1023
1020 1028
1020 1029
1021 1023
1021 1027
1021 1028
1021 1029
1021 1044
1022 1024
1022 1025
1022 1027
1023 1025
1023 1026
1025 1026
1027 1029
1027 1031
1028 1030
1028 1031
1029 1032
1029 1033
1030 1031
1030 1032
1030 1033
1030 1052
1031 1033
1031 1035
1031 1036
1032 1034
1032 1036
1033 1035
1033 1037
1033 1038
1034 1036
1034 1037
1034 1038
1034 1061
1036 1038
1036 1040
1036 1044
1037 1039
1037 1041
1037 1044
1038 1040
1038 1041
1038 1045
1038 1046
1039 1044
1039 1045
1039 1046
1039 1066
1040 1042
1040 1044
1041 1043
1044 1046
1044 1048
1044 1052
1045 1047
1045 1049
1045 1050
1045 1052
1046 1048
1046 1049
1046 1053
1046 1054
1047 1049
1047 1052
1047 1053
1047 1054
1047 1074
1047 1079
1048 1050
1048 1051
1048 1052
1050 1051
1051 1082
1052 1054
1052 1056
1052 1061
1053 1055
1053 1057
1053 1061
1054 1056
1054 1062
1054 1063
1055 1061
1055 1062
1055 1063
1055 1083
1056 1058
1056 1061
1057 1059
1058 1060
1061 1063
1061 1065
1061 1066
1062 1064
1062 1066
1063 1065
1063 1067
1063 1068
1064 1066
1064 1067
1064 1068
1064 1091
1065 1066
1066 1068
1066 1070
1066 1071
1066 1074
1067 1069
1067 1071
1067 1073
1067 1074
1068 1070
1068 1075
1068 1076
1069 1074
1069 1075
1069 1076
1069 1102
1069 1107
1070 1072
1070 1073
1072 1073
1074 1076
1074 1078
1074 1079
1074 1083
1075 1077
1075 1079
1075 1083
1076 1078
1076 1084
1076 1085
1077 1083
1077 1084
1077 1085
1077 1113
1078 1080
1078 1081
1078 1083
1079 1081
1079 1082
1081 1082
1083 1085
1083 1087
1083 1091
1084 1086
1084 1088
1084 1089
1084 1091
1085 1087
1085 1088
1085 1092
1085 1093
1086 1091
1086 1092
1086 1093
1086 1122
1087 1089
1087 1090
1087 1091
1089 1090
1089 1121
1091 1093
1091 1095
1091 1102
1092 1094
1092 1096
1092 1097
1092 1102
1093 1095
1093 1096
1093 1103
1093 1104
1094 1102
1094 1103
1094 1104
1094 1130
1095 1097
1095 1098
1095 1102
1096 1099
1096 1100
1096 1101
1097 1098
1097 1100
1097 1101
1098 1099
1098 1101
1099 1100
1102 1104
1102 1106
1102 1107
1102 1113
1103 1105
1103 1107
1103 1113
1104 1106
1104 1114
1104 1115
1105 1113
1105 1114
1105 1115
1105 1138
1106 1108
1106 1109
1107 1109
1108 1110
1108 1111
1109 1111
1109 1112
1111 1112
1113 1115
1113 1117
1113 1122
1114 1116
1114 1118
1114 1122
1115 1117
1115 1118
1115 1123
1115 1124
1116 1122
1116 1123
1116 1124
1116 1143
1117 1119
1117 1122
1118 1120
1118 1121
1119 1121
1121 1128
1122 1124
1122 1126
1122 1127
1122 1128
1122 1130
1123 1125
1123 1127
1123 1128
1123 1130
1124 1126
1124 1131
1124 1132
1125 1130
1125 1131
1125 1132
1125 1148
1125 1154
1125 1155
1125 1156
1126 1128
1126 1129
1128 1129
1130 1132
1130 1134
1130 1135
1130 1138
1131 1133
1131 1135
1131 1136
1131 1137
1131 1138
1132 1134
1132 1136
1132 1139
1132 1140
1133 1136
1133 1138
1133 1139
1133 1140
1133 1148
1133 1157
1134 1137
1134 1138
1135 1136
1136 1137
1138 1140
1138 1142
1138 1143
1139 1141
1139 1143
1140 1142
1140 1144
1140 1145
1141 1143
1141 1144
1141 1145
1141 1169
1141 1218
1142 1143
1143 1145
1143 1147
1143 1148
1144 1146
1144 1148
1145 1147
1145 1149
1145 1150
1146 1148
1146 1149
1146 1150
1146 1178
1147 1148
1148 1150
1148 1152
1148 1153
1148 1154
1148 1157
1149 1151
1149 1153
1149 1154
1149 1157
1150 1152
1150 1158
1150 1159
1150 1169
1151 1157
1151 1158
1151 1159
1151 1178
1151 1187
1152 1154
1153 1155
1154 1156
1157 1159
1157 1161
1157 1169
1158 1160
1158 1162
1158 1163
1158 1169
1159 1161
1159 1170
1159 1171
1160 1169
1160 1170
1160 1171
1160 1187
1160 1195
1160 1199
1161 1163
1161 1164
1161 1169
1162 1165
1162 1166
1162 1167
1163 1164
1163 1166
1163 1167
1164 1165
1164 1167
1165 1166
1165 1168
1166 1168
1169 1171
1169 1173
1169 1178
1170 1172
1170 1174
1170 1178
1171 1173
1171 1174
1171 1179
1171 1180
1171 1187
1172 1178
1172 1179
1172 1180
1172 1195
1173 1175
1173 1178
1174 1176
1174 1177
1175 1177
1178 1180
1178 1182
1178 1183
1178 1187
1179 1181
1179 1183
1179 1187
1180 1182
1180 1188
1181 1182
1181 1187
1181 1188
1182 1184
1182 1185
1183 1185
1183 1186
1185 1186
1187 1189
1187 1191
1187 1192
1187 1195
1188 1190
1188 1192
1188 1194
1188 1195
1189 1191
1189 1196
1190 1191
1190 1195
1190 1196
1191 1193
1191 1194
1193 1194
1195 1197
1195 1199
1196 1198
1196 1199
1197 1200
1198 1199
1198 1200
1199 1201
1199 1203
1199 1211
1200 1202
1200 1204
1200 1211
1201 1203
1201 1204
1201 1212
1201 1213
1201 1220
1202 1211
1202 1212
1202 1213
1202 1220
1203 1205
1203 1206
1203 1211
1204 1207
1204 1208
1204 1209
1205 1206
1205 1208
1205 1209
1206 1207
1206 1209
1206 1220
1207 1208
1207 1210
1208 1210
1211 1213
1211 1215
1211 1220
1212 1214
1212 1216
1212 1217
1212 1220
1213 1215
1213 1221
1213 1222
1213 1224
1214 1215
1214 1217
1214 1219
1214 1220
1214 1221
1214 1222
1214 1224
1215 1217
1216 1218
1216 1219
1218 1219
1220 1222
1220 1224
1221 1223
1221 1224
1223 1224
1 0 24.563000 8.212000 -9.568000 N
2 0 24.641001 9.696000 -9.771000 C
3 0 26.006001 10.118000 -10.294000 C
4 0 26.982000 9.370000 -10.181000 O
5 0 24.333000 10.445000 -8.480000 C
6 0 24.688999 9.672000 -7.221000 C
7 0 24.115999 10.556000 -5.765000 S
8 0 24.920000 12.156000 -6.021000 C
9 1 26.059999 11.310000 -10.886000 N
10 1 27.292999 11.822000 -11.452000 C
11 1 27.429001 13.315000 -11.222000 C
12 1 26.542000 14.092000 -11.581000 O
13 1 27.385000 11.541000 -12.978000 C
14 1 28.625999 12.214000 -13.577000 C
15 1 27.426001 10.049000 -13.245000 C
16 2 28.528999 13.711000 -10.593000 N
17 2 28.777000 15.122000 -10.337000 C
18 2 29.427000 15.755000 -11.554000 C
19 2 30.150000 15.091000 -12.307000 O
20 2 29.697001 15.317000 -9.111000 C
21 2 29.049999 15.291000 -7.722000 C
22 2 28.590000 13.895000 -7.341000 C
23 2 30.044001 15.811000 -6.706000 C
24 3 29.139000 17.028999 -11.776000 N
25 3 29.750000 17.728001 -12.891000 C
26 3 31.155001 18.146000 -12.438000 C
27 3 31.457001 18.091000 -11.252000 O
28 3 28.923000 18.966999 -13.239000 C
29 3 28.968000 19.903999 -12.179000 O
30 4 32.008999 18.561001 -13.362000 N
31 4 33.354000 19.011999 -12.992000 C
32 4 33.234001 20.252001 -12.077000 C
33 4 33.977001 20.384001 -11.109000 O
34 4 34.173000 19.347000 -14.254000 C
35 4 35.521000 20.040001 -14.013000 C
36 4 36.542999 19.160000 -13.319000 C
37 4 36.366001 17.924999 -13.308000 O
38 4 37.539001 19.697001 -12.792000 O
39 5 32.256001 21.118999 -12.354000 N
40 5 32.066002 22.305000 -11.541000 C
41 5 31.732000 21.990000 -10.091000 C
42 5 32.173000 22.695000 -9.179000 O
43 6 30.947001 20.938000 -9.879000 N
44 6 30.587000 20.503000 -8.528000 C
45 6 31.836000 19.916000 -7.825000 C
46 6 32.105999 20.238001 -6.665000 O
47 6 29.422001 19.502001 -8.573000 C
48 6 28.083000 20.170000 -8.944000 C
49 6 26.945000 19.184999 -9.247000 C
50 6 27.205999 18.058001 -9.707000 O
51 6 25.778999 19.559000 -9.039000 O
52 7 32.613998 19.093000 -8.529000 N
53 7 33.844002 18.545000 -7.946000 C
54 7 34.799999 19.679001 -7.568000 C
55 7 35.483002 19.603001 -6.537000 O
56 7 34.568001 17.594000 -8.920000 C
57 7 33.936001 16.256001 -8.998000 C
58 7 33.377998 15.667000 -10.101000 C
59 7 33.750000 15.341000 -7.914000 C
60 7 32.855000 14.436000 -9.769000 N
61 7 33.062000 14.213000 -8.431000 C
62 7 34.089001 15.366000 -6.553000 C
63 7 32.702999 13.117000 -7.629000 C
64 7 33.731998 14.284000 -5.757000 C
65 7 33.044998 13.172000 -6.298000 C
66 8 34.869999 20.715000 -8.404000 N
67 8 35.755001 21.829000 -8.103000 C
68 8 35.351002 22.527000 -6.791000 C
69 8 36.216000 22.885000 -5.979000 O
70 8 35.819000 22.806000 -9.281000 C
71 8 36.659000 22.285000 -10.442000 C
72 8 38.109001 22.007000 -10.033000 C
73 8 38.903999 22.936001 -9.868000 O
74 8 38.457001 20.726000 -9.867000 N
75 9 34.049000 22.665001 -6.557000 N
76 9 33.571999 23.278999 -5.315000 C
77 9 33.948002 22.417000 -4.104000 C
78 9 34.332001 22.934999 -3.051000 O
79 9 32.049000 23.497000 -5.350000 C
80 9 31.591999 24.648001 -6.263000 C
81 9 30.084999 24.716000 -6.339000 C
82 9 32.159000 25.947001 -5.736000 C
83 10 33.831001 21.101000 -4.263000 N
84 10 34.160000 20.142000 -3.213000 C
85 10 35.654999 20.167000 -2.876000 C
86 10 36.042999 20.320000 -1.715000 O
87 10 33.741001 18.687000 -3.631000 C
88 10 34.327000 17.629000 -2.655000 C
89 10 32.187000 18.579000 -3.680000 C
90 11 36.488998 20.087999 -3.904000 N
91 11 37.930000 20.061001 -3.691000 C
92 11 38.528000 21.391001 -3.248000 C
93 11 39.567001 21.393999 -2.593000 O
94 11 38.639999 19.495001 -4.924000 C
95 11 38.222000 18.045000 -5.247000 C
96 11 38.879002 17.582001 -6.552000 C
97 11 38.575001 17.098000 -4.084000 C
98 12 37.845001 22.511999 -3.534000 N
99 12 38.334999 23.834999 -3.106000 C
100 12 38.185001 23.933001 -1.593000 C
101 12 39.118000 24.339001 -0.906000 O
102 12 37.574001 24.969000 -3.795000 C
103 12 38.011002 26.343000 -3.370000 C
104 12 39.271000 26.864000 -3.591000 N
105 12 37.317001 27.323999 -2.741000 C
106 12 39.298000 28.113001 -3.105000 C
107 12 38.133999 28.434999 -2.581000 N
108 13 37.028000 23.537001 -1.058000 N
109 13 36.859001 23.577000 0.397000 C
110 13 37.695999 22.464001 1.078000 C
111 13 38.265999 22.673000 2.154000 O
112 13 35.361000 23.545000 0.851000 C
113 13 34.741001 22.187000 0.594000 C
114 13 35.255001 23.923000 2.334000 C
115 14 37.849998 21.318001 0.421000 N
116 14 38.674999 20.268999 1.019000 C
117 14 40.155998 20.715000 1.158000 C
118 14 40.841999 20.341999 2.117000 O
119 14 38.587002 18.974001 0.222000 C
120 14 39.011002 17.809999 1.045000 C
121 14 40.186001 17.139000 0.964000 C
122 14 38.285000 17.225000 2.138000 C
123 14 40.249001 16.181999 1.946000 N
124 14 39.096001 16.209999 2.677000 C
125 14 37.026001 17.465000 2.709000 C
126 14 38.694000 15.427000 3.769000 C
127 14 36.626999 16.687000 3.795000 C
128 14 37.459000 15.681000 4.309000 C
129 15 40.639999 21.518000 0.214000 N
130 15 42.012001 22.017000 0.280000 C
131 15 42.207001 22.834999 1.574000 C
132 15 43.299000 22.823999 2.174000 O
133 15 42.327000 22.865999 -0.951000 C
134 16 41.151001 23.533001 2.004000 N
135 16 41.195999 24.327999 3.241000 C
136 16 41.220001 23.372999 4.426000 C
137 16 41.983002 23.558001 5.357000 O
138 16 39.984001 25.275999 3.376000 C
139 16 39.761002 26.212999 2.191000 C
140 16 41.007999 26.993000 1.843000 C
141 16 40.757999 27.837999 0.606000 C
142 16 41.985001 28.497999 0.080000 N
143 17 40.354000 22.368000 4.404000 N
144 17 40.332001 21.368999 5.462000 C
145 17 41.737000 20.750000 5.657000 C
146 17 42.202999 20.552999 6.784000 O
147 17 39.318001 20.240999 5.110000 C
148 17 39.520000 19.009001 6.018000 C
149 17 37.889000 20.785999 5.231000 C
150 18 42.412998 20.457001 4.548000 N
151 18 43.748001 19.840000 4.621000 C
152 18 44.832001 20.701000 5.271000 C
153 18 45.912998 20.202999 5.547000 O
154 18 44.207001 19.365999 3.247000 C
155 18 43.375000 18.219999 2.731000 C
156 18 43.896999 17.652000 1.428000 C
157 18 44.486000 18.410999 0.628000 O
158 18 43.678001 16.445000 1.214000 O
159 19 44.571999 21.996000 5.455000 N
160 19 45.560001 22.851000 6.126000 C
161 19 45.641998 22.448000 7.599000 C
162 19 46.623001 22.754000 8.272000 O
163 19 45.196999 24.330000 6.011000 C
164 20 44.605999 21.764000 8.100000 N
165 20 44.592999 21.319000 9.492000 C
166 20 43.764999 20.017000 9.604000 C
167 20 42.650002 20.028000 10.143000 O
168 20 43.985001 22.422001 10.377000 C
169 20 43.931999 22.025999 11.851000 C
170 20 44.679001 21.107000 12.253000 O
171 20 43.102001 22.596001 12.596000 O
172 21 44.304001 18.903000 9.131000 N
173 21 43.539001 17.653999 9.151000 C
174 21 43.181000 17.181000 10.557000 C
175 21 42.042000 16.843000 10.814000 O
176 21 44.230000 16.490999 8.340000 C
177 21 43.344002 15.240000 8.379000 C
178 21 44.398998 16.892000 6.884000 C
179 22 44.123001 17.266001 11.486000 N
180 22 43.884998 16.829000 12.858000 C
181 22 42.792000 17.638000 13.556000 C
182 22 41.987000 17.075001 14.285000 O
183 22 45.186001 16.886999 13.658000 C
184 23 42.799999 18.961000 13.352000 N
185 23 41.800999 19.830000 13.958000 C
186 23 40.411999 19.563999 13.400000 C
187 23 39.444000 19.507999 14.153000 O
188 24 40.305000 19.444000 12.078000 N
189 24 39.016998 19.160999 11.464000 C
190 24 38.530998 17.787001 11.911000 C
191 24 37.354000 17.629999 12.198000 O
192 24 39.091999 19.224001 9.938000 C
193 24 39.164001 20.620001 9.404000 C
194 24 40.323002 21.358000 9.335000 N
195 24 38.178001 21.437000 8.941000 C
196 24 40.015999 22.573000 8.844000 C
197 24 38.727001 22.669001 8.588000 N
198 25 39.438999 16.813000 11.979000 N
199 25 39.078999 15.471000 12.419000 C
200 25 38.493999 15.463000 13.822000 C
201 25 37.504002 14.780000 14.060000 O
202 26 39.110001 16.195999 14.759000 N
203 26 38.580002 16.274000 16.129999 C
204 26 37.188000 16.893000 16.120001 C
205 26 36.264000 16.339001 16.712000 O
206 26 39.457001 17.135000 17.045000 C
207 26 40.629002 16.450001 17.670000 C
208 26 41.458000 17.424000 18.493999 C
209 26 41.962002 18.416000 17.965000 O
210 26 41.564999 17.171000 19.796000 N
211 27 37.035000 18.024000 15.439000 N
212 27 35.737999 18.695999 15.375000 C
213 27 34.613998 17.819000 14.820000 C
214 27 33.495998 17.820999 15.337000 O
215 27 35.834000 19.959000 14.501000 C
216 27 36.526001 21.101000 15.187000 C
217 27 36.916000 20.959000 16.365000 O
218 27 36.674000 22.157000 14.539000 O
219 28 34.909000 17.096001 13.746000 N
220 28 33.924000 16.233000 13.103000 C
221 28 33.504002 15.038000 13.970000 C
222 28 32.289001 14.781000 14.138000 O
223 28 34.414001 15.807000 11.676000 C
224 28 34.382999 17.028999 10.743000 C
225 28 33.535999 14.694000 11.101000 C
226 28 35.189999 16.882000 9.455000 C
227 29 34.479000 14.338000 14.557000 N
228 29 34.162998 13.188000 15.410000 C
229 29 33.438999 13.607000 16.691000 C
230 29 32.499001 12.959000 17.121000 O
231 29 35.419998 12.384000 15.753000 C
232 29 36.064999 11.623000 14.586000 C
233 29 37.039001 10.547000 15.114000 C
234 29 34.993999 10.954000 13.787000 C
235 30 33.852001 14.712000 17.288000 N
236 30 33.207001 15.171000 18.506001 C
237 30 31.761000 15.581000 18.209999 C
238 30 30.844000 15.254000 18.978001 O
239 30 34.028000 16.320999 19.167000 C
240 30 35.282001 15.712000 19.841000 C
241 30 33.146999 17.124001 20.129000 C
242 30 36.263000 16.731001 20.410000 C
243 31 31.566999 16.271000 17.083000 N
244 31 30.231001 16.702000 16.653000 C
245 31 29.350000 15.443000 16.495001 C
246 31 28.257000 15.370000 17.052999 O
247 31 30.358999 17.525000 15.347000 C
248 31 29.094000 17.757000 14.498000 C
249 31 27.827000 17.940001 15.289000 C
250 31 27.736000 19.188000 16.014999 N
251 31 26.650999 19.965000 16.009001 C
252 31 25.599001 19.660999 15.259000 N
253 31 26.635000 21.084000 16.709000 N
254 32 29.893999 14.420000 15.838000 N
255 32 29.173000 13.157000 15.645000 C
256 32 28.816999 12.467000 16.981001 C
257 32 27.658001 12.076000 17.204000 O
258 32 30.006001 12.202000 14.772000 C
259 32 29.433001 10.773000 14.640000 C
260 32 28.153000 10.799000 13.799000 C
261 32 30.469000 9.796000 14.051000 C
262 33 29.806000 12.324000 17.860001 N
263 33 29.591999 11.675000 19.160000 C
264 33 28.634001 12.443000 20.084000 C
265 33 27.930000 11.833000 20.900000 O
266 33 30.920000 11.432000 19.868000 C
267 33 31.830999 10.492000 19.135000 C
268 33 31.309999 9.538000 18.257000 C
269 33 33.220001 10.559000 19.320999 C
270 33 32.148998 8.667000 17.573000 C
271 33 34.070999 9.689000 18.638000 C
272 33 33.527000 8.742000 17.764999 C
273 34 28.605000 13.768000 19.955999 N
274 34 27.709000 14.581000 20.754000 C
275 34 26.285000 14.582000 20.183001 C
276 34 25.316000 14.490000 20.933001 O
277 34 28.226000 16.009001 20.850000 C
278 34 29.351999 16.209999 21.843000 C
279 34 29.296000 17.590000 22.507999 C
280 34 28.945999 18.705999 21.514999 C
281 34 29.343000 20.066000 21.990999 N
282 35 26.152000 14.729000 18.868000 N
283 35 24.837000 14.758000 18.235001 C
284 35 24.125999 13.405000 18.247000 C
285 35 22.889999 13.341000 18.341999 O
286 35 24.959999 15.221000 16.790001 C
287 35 25.426001 16.551001 16.725000 O
288 36 24.910000 12.331000 18.143000 N
289 36 24.374001 10.984000 18.094999 C
290 36 25.243999 10.059000 18.933001 C
291 36 26.044001 9.274000 18.396000 O
292 36 24.336000 10.503000 16.646000 C
293 36 23.663000 11.456000 15.704000 C
294 36 22.304001 11.525000 15.512000 N
295 36 24.194000 12.376000 14.860000 C
296 36 22.059000 12.450000 14.583000 C
297 36 23.174999 12.998000 14.155000 N
298 37 25.075001 10.117000 20.268999 N
299 37 25.795000 9.337000 21.287001 C
300 37 25.829000 7.826000 21.055000 C
301 37 26.732000 7.125000 21.549000 O
302 37 25.038000 9.682000 22.570000 C
303 37 24.587000 11.087000 22.320000 C
304 37 24.069000 10.994000 20.908001 C
305 38 24.868000 7.328000 20.284000 N
306 38 24.811001 5.894000 20.006001 C
307 38 25.995001 5.436000 19.153000 C
308 38 26.485001 4.316000 19.302000 O
309 38 23.465000 5.506000 19.360001 C
310 38 23.176001 6.136000 18.016001 C
311 38 22.351999 7.414000 18.099001 C
312 38 22.518999 8.200000 19.054001 O
313 38 21.521999 7.631000 17.191999 O
314 39 26.478001 6.329000 18.294001 N
315 39 27.611000 6.041000 17.419001 C
316 39 28.885000 5.808000 18.209000 C
317 39 29.754000 5.056000 17.770000 O
318 39 27.879999 7.191000 16.417999 C
319 39 28.239000 8.378000 17.135000 O
320 39 26.677000 7.446000 15.553000 C
321 40 28.999001 6.439000 19.374001 N
322 40 30.186001 6.255000 20.211000 C
323 40 30.294001 4.811000 20.737000 C
324 40 31.403000 4.305000 20.976000 O
325 40 30.202999 7.260000 21.375999 C
326 40 31.419001 7.204000 22.313000 C
327 40 32.691002 7.406000 21.506001 C
328 40 31.316999 8.254000 23.407000 C
329 41 29.139999 4.151000 20.865999 N
330 41 29.048000 2.767000 21.344999 C
331 41 29.796000 1.780000 20.450001 C
332 41 30.174999 0.694000 20.893000 O
333 41 27.573999 2.321000 21.424000 C
334 41 26.698000 3.079000 22.426001 C
335 41 25.216000 2.687000 22.343000 C
336 41 24.874001 1.502000 22.552000 O
337 41 24.379000 3.573000 22.079000 O
338 42 29.969999 2.137000 19.181000 N
339 42 30.650000 1.269000 18.224001 C
340 42 32.159000 1.247000 18.384001 C
341 42 32.842999 0.428000 17.781000 O
342 42 30.302000 1.703000 16.798000 C
343 42 28.865999 1.414000 16.389000 C
344 42 28.660000 -0.083000 16.148001 C
345 42 27.247000 -0.368000 15.712000 C
346 42 27.087999 -1.793000 15.377000 N
347 43 32.680000 2.143000 19.209000 N
348 43 34.117001 2.245000 19.399000 C
349 43 34.566002 1.738000 20.754999 C
350 43 34.535999 2.481000 21.737000 O
351 43 34.561001 3.710000 19.237000 C
352 43 34.352001 4.255000 17.865000 C
353 43 33.125000 4.790000 17.500999 C
354 43 35.375999 4.211000 16.924000 C
355 43 32.915001 5.270000 16.222000 C
356 43 35.175999 4.691000 15.635000 C
357 43 33.945999 5.219000 15.283000 C
358 44 35.042999 0.495000 20.801001 N
359 44 35.521999 -0.081000 22.055000 C
360 44 36.654999 0.756000 22.639999 C
361 44 36.811001 0.823000 23.853001 O
362 44 35.966000 -1.527000 21.844000 C
363 44 34.820000 -2.429000 21.416000 C
364 44 33.646999 -2.108000 21.732000 O
365 44 35.092999 -3.450000 20.745001 O
366 45 37.410999 1.427000 21.775999 N
367 45 38.511002 2.286000 22.211000 C
368 45 38.068001 3.609000 22.841000 C
369 45 38.749001 4.124000 23.724001 O
370 45 39.449001 2.622000 21.040001 C
371 45 40.561001 1.609000 20.809000 C
372 45 41.785000 2.235000 20.118999 C
373 45 41.646999 2.345000 18.666000 N
374 45 41.889000 3.451000 17.966999 C
375 45 42.264000 4.564000 18.580999 N
376 45 41.738998 3.450000 16.649000 N
377 46 36.932999 4.151000 22.403000 N
378 46 36.477001 5.460000 22.903000 C
379 46 35.202999 5.494000 23.733999 C
380 46 34.896999 6.525000 24.325001 O
381 46 36.305000 6.436000 21.733000 C
382 46 37.477001 6.473000 20.799999 C
383 46 38.771000 6.620000 21.292000 C
384 46 37.290001 6.312000 19.427000 C
385 46 39.869999 6.603000 20.431999 C
386 46 38.377998 6.292000 18.554001 C
387 46 39.674999 6.437000 19.058001 C
388 47 34.474998 4.377000 23.770000 N
389 47 33.214001 4.231000 24.504000 C
390 47 33.180000 4.856000 25.889999 C
391 47 32.123001 5.272000 26.358000 O
392 47 32.896000 2.738000 24.681000 C
393 47 32.099998 2.105000 23.569000 C
394 47 32.314999 0.594000 23.538000 C
395 47 32.229000 -0.032000 24.922001 C
396 47 32.398998 -1.511000 24.847000 N
397 48 34.320000 4.834000 26.572001 N
398 48 34.423000 5.345000 27.933001 C
399 48 34.416000 6.868000 28.075001 C
400 48 34.089001 7.378000 29.141001 O
401 48 35.679001 4.785000 28.584000 C
402 48 36.925999 5.222000 27.898001 C
403 48 37.262001 4.860000 26.613001 N
404 48 37.888000 6.092000 28.302000 C
405 48 38.384998 5.508000 26.283001 C
406 48 38.803001 6.268000 27.277000 N
407 49 34.784000 7.589000 27.023001 N
408 49 34.812000 9.053000 27.069000 C
409 49 33.439999 9.607000 27.469000 C
410 49 32.437000 9.326000 26.827000 O
411 49 35.292000 9.623000 25.725000 C
412 49 36.667999 9.091000 25.315001 C
413 49 37.008999 9.546000 23.910000 C
414 49 37.737999 9.543000 26.299999 C
415 50 33.414001 10.349000 28.575001 N
416 50 32.176998 10.906000 29.132999 C
417 50 31.809000 12.325000 28.718000 C
418 50 30.629000 12.655000 28.621000 O
419 50 32.242001 10.867000 30.660000 C
420 50 32.500000 9.488000 31.254000 C
421 50 32.688000 9.572000 32.762001 C
422 50 32.973999 8.217000 33.375999 C
423 50 31.790001 7.328000 33.270000 N
424 51 32.807999 13.167000 28.486000 N
425 51 32.556000 14.565000 28.138000 C
426 51 33.355999 15.011000 26.934000 C
427 51 34.301998 14.333000 26.514000 O
428 51 32.938000 15.503000 29.316999 C
429 51 34.339001 15.411000 29.552999 O
430 51 32.241001 15.095000 30.594000 C
431 52 32.993999 16.179001 26.400000 N
432 52 33.693001 16.754000 25.261000 C
433 52 35.117001 17.101000 25.641001 C
434 52 36.027000 16.966000 24.820999 O
435 52 32.987000 18.004000 24.750999 C
436 52 33.785999 18.730000 23.677000 C
437 52 32.980999 19.799000 22.948000 C
438 52 31.760000 19.933001 23.191999 O
439 52 33.581001 20.503000 22.115000 O
440 53 35.316002 17.533001 26.886999 N
441 53 36.654999 17.868999 27.358999 C
442 53 37.532001 16.627001 27.247000 C
443 53 38.669998 16.707001 26.775000 O
444 53 36.611000 18.351999 28.802999 C
445 54 36.993999 15.475000 27.662001 N
446 54 37.745998 14.220000 27.584999 C
447 54 38.012001 13.837000 26.148001 C
448 54 39.078999 13.340000 25.826000 O
449 54 37.009998 13.087000 28.297001 C
450 54 37.103001 13.202000 29.790001 C
451 54 36.389000 12.097000 30.533001 C
452 54 35.695999 11.258000 29.924999 O
453 54 36.532001 12.069000 31.759001 O
454 55 37.028999 14.052000 25.281000 N
455 55 37.206001 13.741000 23.864000 C
456 55 38.321999 14.592000 23.254000 C
457 55 39.158001 14.084000 22.503000 O
458 55 35.897999 13.965000 23.101999 C
459 55 34.861000 12.881000 23.381001 C
460 55 33.291000 13.289000 22.670000 S
461 55 32.227001 12.155000 23.676001 C
462 56 38.335999 15.886000 23.590000 N
463 56 39.365002 16.791000 23.073000 C
464 56 40.765999 16.438000 23.542999 C
465 56 41.737000 16.677000 22.833000 O
466 56 39.077000 18.233999 23.471001 C
467 56 38.087002 18.905001 22.593000 C
468 56 37.780998 20.283001 23.136000 C
469 56 36.611000 20.912001 22.431999 C
470 56 36.384998 22.282000 22.952999 N
471 57 40.873001 15.905000 24.754000 N
472 57 42.174000 15.558000 25.313000 C
473 57 42.695000 14.188000 24.882999 C
474 57 43.870998 13.887000 25.073000 O
475 57 42.115002 15.649000 26.829000 C
476 58 41.840000 13.364000 24.282000 N
477 58 42.257999 12.042000 23.843000 C
478 58 43.146999 12.084000 22.598000 C
479 58 42.703999 12.448000 21.507000 O
480 58 41.034000 11.164000 23.573000 C
481 58 41.410000 10.055000 22.778999 O
482 59 44.396000 11.667000 22.742001 N
483 59 45.291000 11.680000 21.590000 C
484 59 44.882999 10.591000 20.594999 C
485 59 45.021999 10.759000 19.385000 O
486 59 46.745998 11.495000 22.033001 C
487 59 47.779999 12.101000 21.073000 C
488 59 47.813000 13.633000 21.091999 C
489 59 47.154999 14.253000 21.955999 O
490 59 48.514999 14.222000 20.239000 O
491 60 44.347000 9.492000 21.117001 N
492 60 43.900002 8.380000 20.287001 C
493 60 42.769001 8.790000 19.365000 C
494 60 42.754002 8.411000 18.198999 O
495 60 43.441002 7.209000 21.155001 C
496 60 44.562000 6.236000 21.471001 C
497 60 45.756001 6.607000 21.384001 O
498 60 44.237999 5.084000 21.812000 O
499 61 41.808998 9.543000 19.899000 N
500 61 40.672001 10.021000 19.107000 C
501 61 41.158001 10.952000 17.983000 C
502 61 40.702999 10.840000 16.833000 O
503 61 39.666000 10.734000 20.010000 C
504 61 38.325001 11.147000 19.406000 C
505 61 37.328999 11.299000 20.530001 C
506 61 38.438000 12.480000 18.659000 C
507 62 42.099998 11.843000 18.319000 N
508 62 42.651001 12.756000 17.330999 C
509 62 43.382000 12.010000 16.209000 C
510 62 43.235001 12.358000 15.030000 O
511 62 43.598000 13.767000 17.985001 C
512 62 44.201000 14.751000 17.004999 C
513 62 44.922001 15.861000 17.733000 C
514 62 46.108002 15.329000 18.503000 C
515 62 46.750999 16.396000 19.326000 N
516 63 44.134998 10.970000 16.562000 N
517 63 44.854000 10.212000 15.549000 C
518 63 43.851002 9.533000 14.620000 C
519 63 44.018002 9.571000 13.395000 O
520 63 45.785999 9.157000 16.184999 C
521 63 46.980000 9.785000 16.895000 C
522 63 48.172001 8.845000 17.018000 C
523 63 47.807999 7.558000 17.747000 C
524 63 47.330002 7.795000 19.136999 N
525 64 42.780998 8.979000 15.197000 N
526 64 41.779999 8.297000 14.386000 C
527 64 41.068001 9.251000 13.451000 C
528 64 40.730000 8.864000 12.337000 O
529 64 40.755001 7.548000 15.219000 C
530 64 39.951000 6.565000 14.420000 C
531 64 40.554001 5.496000 13.799000 N
532 64 38.638000 6.612000 14.062000 C
533 64 39.605000 4.920000 13.078000 C
534 64 38.428001 5.558000 13.205000 N
535 65 40.830002 10.487000 13.911000 N
536 65 40.196999 11.497000 13.074000 C
537 65 41.055000 11.771000 11.839000 C
538 65 40.521999 11.929000 10.744000 O
539 66 42.383999 11.778000 12.009000 N
540 66 43.303001 11.992000 10.881000 C
541 66 43.208000 10.797000 9.918000 C
542 66 43.175999 10.982000 8.712000 O
543 66 44.757000 12.191000 11.356000 C
544 66 45.723000 12.184000 10.167000 C
545 66 44.883999 13.520000 12.108000 C
546 67 43.161999 9.580000 10.459000 N
547 67 43.015999 8.374000 9.636000 C
548 67 41.716000 8.413000 8.794000 C
549 67 41.720001 8.107000 7.591000 O
550 67 42.977001 7.121000 10.524000 C
551 67 44.210999 7.024000 11.242000 O
552 67 42.798000 5.855000 9.665000 C
553 68 40.617001 8.817000 9.425000 N
554 68 39.316002 8.903000 8.759000 C
555 68 39.285000 9.969000 7.666000 C
556 68 38.855000 9.692000 6.540000 O
557 68 38.199001 9.163000 9.794000 C
558 68 36.834000 9.429000 9.103000 C
559 68 38.099998 7.939000 10.729000 C
560 69 39.770000 11.176000 7.979000 N
561 69 39.756001 12.245000 6.971000 C
562 69 40.702000 12.018000 5.797000 C
563 69 40.400002 12.426000 4.678000 O
564 69 39.973999 13.630000 7.580000 C
565 69 38.808998 14.219000 8.408000 C
566 69 39.044998 15.736000 8.563000 C
567 69 37.451000 13.978000 7.780000 C
568 70 41.828999 11.359000 6.053000 N
569 70 42.785999 11.038000 5.003000 C
570 70 42.130001 10.030000 4.045000 C
571 70 42.244999 10.155000 2.832000 O
572 70 44.077000 10.426000 5.594000 C
573 70 44.667999 11.368000 6.504000 O
574 70 45.088001 10.116000 4.479000 C
575 71 41.417999 9.049000 4.601000 N
576 71 40.729000 8.042000 3.779000 C
577 71 39.620998 8.699000 2.940000 C
578 71 39.519001 8.464000 1.739000 O
579 71 40.130001 6.909000 4.667000 C
580 72 38.825001 9.556000 3.572000 N
581 72 37.742001 10.244000 2.873000 C
582 72 38.313000 11.171000 1.807000 C
583 72 37.763000 11.263000 0.710000 O
584 72 36.886002 11.047000 3.850000 C
585 72 35.757000 11.855000 3.175000 C
586 72 34.821999 10.876000 2.449000 C
587 72 34.976002 12.719000 4.200000 C
588 73 39.390999 11.879000 2.153000 N
589 73 40.043999 12.781000 1.217000 C
590 73 40.539001 12.072000 -0.034000 C
591 73 40.389999 12.574000 -1.146000 O
592 74 41.070999 10.874000 0.136000 N
593 74 41.574001 10.104000 -1.004000 C
594 74 40.407001 9.695000 -1.921000 C
595 74 40.533001 9.663000 -3.155000 O
596 74 42.362000 8.872000 -0.516000 C
597 75 39.256001 9.475000 -1.313000 N
598 75 38.073002 9.102000 -2.057000 C
599 75 37.544998 10.277000 -2.868000 C
600 75 37.310001 10.156000 -4.067000 O
601 75 37.006001 8.526000 -1.102000 C
602 75 37.441002 7.100000 -0.674000 C
603 75 35.636002 8.493000 -1.777000 C
604 75 36.645000 6.507000 0.510000 C
605 76 37.418999 11.430000 -2.223000 N
606 76 36.917000 12.633000 -2.892000 C
607 76 37.803001 13.023000 -4.071000 C
608 76 37.303001 13.392000 -5.135000 O
609 76 36.817001 13.790000 -1.898000 C
610 76 35.830002 13.618000 -0.740000 C
611 76 35.967999 14.852000 0.196000 C
612 76 34.379002 13.458000 -1.265000 C
613 77 39.118000 12.907000 -3.892000 N
614 77 40.062000 13.264000 -4.961000 C
615 77 39.984001 12.405000 -6.238000 C
616 77 40.493999 12.801000 -7.293000 O
617 77 41.480000 13.319000 -4.429000 C
618 77 41.743999 14.553000 -3.585000 C
619 77 43.054001 14.429000 -2.857000 C
620 77 43.238998 15.572000 -1.899000 C
621 77 44.490002 15.414000 -1.106000 N
622 78 39.361000 11.232000 -6.132000 N
623 78 39.160999 10.349000 -7.285000 C
624 78 37.999001 10.848000 -8.152000 C
625 78 37.769001 10.307000 -9.239000 O
626 78 38.862000 8.911000 -6.842000 C
627 78 39.990002 8.237000 -6.059000 C
628 78 41.324001 8.373000 -6.762000 C
629 78 41.368000 7.623000 -8.076000 C
630 78 41.240002 6.146000 -7.880000 N
631 79 37.238998 11.832000 -7.642000 N
632 79 36.104000 12.418000 -8.370000 C
633 79 35.122002 11.403000 -8.977000 C
634 79 34.764999 11.491000 -10.156000 O
635 79 36.631001 13.360000 -9.448000 C
636 79 37.300999 14.605000 -8.851000 C
637 79 38.271999 15.263000 -9.792000 C
638 79 37.627998 15.813000 -11.035000 C
639 79 38.601002 16.747999 -11.755000 N
640 80 34.707001 10.429000 -8.173000 N
641 80 33.766998 9.430000 -8.644000 C
642 80 34.374001 8.076000 -9.021000 C
643 80 33.671001 7.069000 -8.999000 O
644 81 35.661999 8.030000 -9.353000 N
645 81 36.314999 6.756000 -9.743000 C
646 81 37.013000 6.182000 -8.514000 C
647 81 38.229000 5.984000 -8.511000 O
648 81 37.354000 7.028000 -10.834000 C
649 81 36.804001 7.747000 -12.025000 C
650 81 36.765999 9.120000 -12.151000 N
651 81 36.270000 7.257000 -13.173000 C
652 81 36.223999 9.412000 -13.336000 C
653 81 35.904999 8.320000 -14.001000 N
654 82 36.215000 5.867000 -7.495000 N
655 82 36.729000 5.426000 -6.205000 C
656 82 36.486000 3.962000 -5.840000 C
657 82 36.613998 3.580000 -4.670000 O
658 82 36.119999 6.341000 -5.125000 C
659 82 34.623001 6.399000 -5.164000 C
660 82 33.890999 7.548000 -4.981000 N
661 82 33.709000 5.414000 -5.390000 C
662 82 32.587002 7.236000 -5.101000 C
663 82 32.430000 5.951000 -5.350000 N
664 83 36.106998 3.159000 -6.827000 N
665 83 35.833000 1.737000 -6.606000 C
666 83 36.924999 1.001000 -5.803000 C
667 83 36.625999 0.325000 -4.825000 O
668 83 35.589001 1.033000 -7.957000 C
669 83 36.673000 1.293000 -9.037000 C
670 83 36.632999 2.710000 -9.627000 C
671 83 35.520000 3.259000 -9.788000 O
672 83 37.714001 3.269000 -9.933000 O
673 84 38.185001 1.165000 -6.184000 N
674 84 39.287998 0.494000 -5.486000 C
675 84 39.367001 0.869000 -4.008000 C
676 84 39.562000 -0.001000 -3.161000 O
677 84 40.613998 0.811000 -6.157000 C
678 85 39.221001 2.163000 -3.715000 N
679 85 39.282001 2.682000 -2.347000 C
680 85 38.099998 2.241000 -1.502000 C
681 85 38.240002 2.015000 -0.299000 O
682 85 39.330002 4.217000 -2.346000 C
683 85 40.646000 4.843000 -2.837000 C
684 85 40.841000 4.789000 -4.348000 C
685 85 39.876999 4.516000 -5.103000 O
686 85 41.969002 5.052000 -4.799000 O
687 86 36.928001 2.136000 -2.121000 N
688 86 35.734001 1.758000 -1.378000 C
689 86 35.712002 0.308000 -0.912000 C
690 86 35.201000 0.019000 0.162000 O
691 86 34.453999 2.053000 -2.183000 C
692 86 33.452000 3.012000 -1.532000 C
693 86 34.062000 4.400000 -1.296000 C
694 86 32.223000 3.130000 -2.409000 C
695 87 36.275002 -0.591000 -1.714000 N
696 87 36.278999 -2.013000 -1.381000 C
697 87 36.737999 -2.381000 0.027000 C
698 87 35.993000 -3.007000 0.759000 O
699 87 37.055000 -2.816000 -2.424000 C
700 87 36.231998 -3.236000 -3.634000 C
701 87 37.164001 -3.894000 -4.662000 C
702 87 36.405998 -4.511000 -5.817000 C
703 87 37.334000 -5.199000 -6.774000 N
704 88 37.965000 -2.004000 0.424000 N
705 88 38.374001 -2.378000 1.784000 C
706 88 37.612000 -1.675000 2.905000 C
707 88 37.389999 -2.259000 3.980000 O
708 88 39.873001 -2.043000 1.798000 C
709 88 39.973000 -0.917000 0.812000 C
710 88 39.074001 -1.368000 -0.305000 C
711 89 37.188000 -0.438000 2.648000 N
712 89 36.451000 0.346000 3.641000 C
713 89 35.084000 -0.273000 3.890000 C
714 89 34.653000 -0.416000 5.041000 O
715 89 36.266998 1.776000 3.153000 C
716 89 35.783001 2.717000 4.258000 C
717 89 37.040001 3.303000 4.913000 C
718 89 34.886002 3.837000 3.695000 C
719 90 34.409000 -0.631000 2.803000 N
720 90 33.097000 -1.268000 2.866000 C
721 90 33.217999 -2.615000 3.582000 C
722 90 32.382999 -2.943000 4.432000 O
723 90 32.533001 -1.475000 1.462000 C
724 91 34.261002 -3.384000 3.267000 N
725 91 34.417999 -4.685000 3.924000 C
726 91 34.589001 -4.587000 5.436000 C
727 91 33.863998 -5.265000 6.168000 O
728 91 35.556000 -5.526000 3.342000 C
729 91 35.643002 -6.902000 4.035000 C
730 91 36.643002 -7.857000 3.376000 C
731 91 37.792999 -7.501000 3.132000 O
732 91 36.203999 -9.073000 3.098000 N
733 92 35.507000 -3.738000 5.909000 N
734 92 35.708000 -3.597000 7.345000 C
735 92 34.497002 -2.980000 8.046000 C
736 92 34.118000 -3.421000 9.122000 O
737 92 36.979000 -2.783000 7.660000 C
738 92 36.816002 -1.434000 7.293000 O
739 93 33.868999 -1.972000 7.452000 N
740 93 32.717999 -1.369000 8.122000 C
741 93 31.457001 -2.224000 8.103000 C
742 93 30.610001 -2.106000 8.988000 O
743 93 32.466999 0.039000 7.601000 C
744 93 33.550999 0.986000 7.987000 C
745 93 34.872002 0.759000 7.670000 N
746 93 33.533001 2.093000 8.758000 C
747 93 35.622002 1.688000 8.229000 C
748 93 34.834000 2.509000 8.895000 N
749 94 31.332001 -3.089000 7.108000 N
750 94 30.149000 -3.946000 7.066000 C
751 94 30.344999 -5.197000 7.917000 C
752 94 29.490999 -5.540000 8.727000 O
753 94 29.827000 -4.363000 5.629000 C
754 95 31.504000 -5.825000 7.771000 N
755 95 31.801001 -7.105000 8.432000 C
756 95 32.459000 -7.053000 9.806000 C
757 95 32.139999 -7.863000 10.682000 O
758 95 32.679001 -7.958000 7.501000 C
759 95 32.157001 -7.872000 6.166000 O
760 95 32.729000 -9.439000 7.952000 C
761 96 33.395000 -6.133000 9.995000 N
762 96 34.063000 -6.063000 11.277000 C
763 96 33.374001 -5.109000 12.257000 C
764 96 32.948002 -5.521000 13.334000 O
765 96 35.525002 -5.669000 11.082000 C
766 96 36.410000 -5.906000 12.300000 C
767 96 37.630001 -5.026000 12.206000 C
768 96 38.792000 -5.515000 13.047000 C
769 96 39.789001 -6.215000 12.181000 N
770 97 33.207001 -3.853000 11.848000 N
771 97 32.625000 -2.825000 12.702000 C
772 97 31.112000 -2.841000 12.764000 C
773 97 30.559000 -2.429000 13.774000 O
774 97 33.091999 -1.443000 12.241000 C
775 97 34.560001 -1.366000 11.955000 C
776 97 35.529999 -1.983000 12.715000 N
777 97 35.221001 -0.759000 10.937000 C
778 97 36.727001 -1.749000 12.153000 C
779 97 36.598000 -1.009000 11.069000 N
780 98 30.451000 -3.266000 11.677000 N
781 98 28.986000 -3.334000 11.594000 C
782 98 28.360001 -1.947000 11.737000 C
783 98 27.643999 -1.664000 12.698000 O
784 98 28.436001 -4.287000 12.660000 C
785 98 28.108000 -5.664000 12.116000 C
786 98 28.691000 -6.787000 12.951000 C
787 98 30.187000 -6.846000 12.792000 C
788 98 30.740000 -8.154000 13.225000 N
789 99 28.593000 -1.105000 10.735000 N
790 99 28.121000 0.256000 10.746000 C
791 99 26.983000 0.449000 9.759000 C
792 99 27.202000 0.421000 8.539000 O
793 99 29.275999 1.237000 10.349000 C
794 99 30.528999 0.976000 11.202000 C
795 99 28.790001 2.716000 10.425000 C
796 99 30.298000 1.006000 12.710000 C
797 100 25.757999 0.685000 10.268000 N
798 100 24.575001 0.898000 9.413000 C
799 100 24.676001 2.173000 8.588000 C
800 100 25.334000 3.135000 9.000000 O
801 100 23.409000 0.947000 10.418000 C
802 100 24.052000 1.329000 11.713000 C
803 100 25.386000 0.607000 11.692000 C
804 101 24.045000 2.177000 7.414000 N
805 101 24.066999 3.348000 6.526000 C
806 101 23.577000 4.621000 7.243000 C
807 101 24.014000 5.734000 6.932000 O
808 101 23.198999 3.086000 5.243000 C
809 101 23.862000 2.010000 4.369000 C
810 101 22.915001 4.381000 4.491000 C
811 101 25.219000 2.417000 3.805000 C
812 102 22.667999 4.437000 8.202000 N
813 102 22.106001 5.526000 8.997000 C
814 102 23.246000 6.296000 9.687000 C
815 102 23.219000 7.526000 9.754000 O
816 102 21.143000 4.923000 10.033000 C
817 102 20.504999 5.877000 11.022000 C
818 102 19.483999 6.815000 10.382000 C
819 102 18.416000 7.235000 11.402000 C
820 102 17.593000 8.416000 10.981000 N
821 103 24.254000 5.571000 10.177000 N
822 103 25.400999 6.219000 10.853000 C
823 103 26.292999 6.997000 9.890000 C
824 103 26.923000 7.976000 10.286000 O
825 103 26.254999 5.214000 11.648000 C
826 103 25.620001 4.683000 12.914000 C
827 103 24.273001 4.928000 13.204000 C
828 103 26.353001 3.900000 13.798000 C
829 103 23.667000 4.388000 14.346000 C
830 103 25.773001 3.360000 14.947000 C
831 103 24.427999 3.600000 15.211000 C
832 103 23.816000 3.023000 16.306999 O
833 104 26.358999 6.540000 8.640000 N
834 104 27.150999 7.231000 7.629000 C
835 104 26.396999 8.522000 7.308000 C
836 104 27.013000 9.550000 7.010000 O
837 104 27.372000 6.344000 6.394000 C
838 104 28.233000 5.102000 6.711000 C
839 104 28.224001 4.078000 5.577000 C
840 104 29.636999 5.523000 7.004000 C
841 105 25.069000 8.495000 7.431000 N
842 105 24.292999 9.724000 7.218000 C
843 105 24.608999 10.730000 8.336000 C
844 105 24.804001 11.921000 8.063000 O
845 105 22.792999 9.428000 7.160000 C
846 105 22.400000 8.776000 5.855000 C
847 105 20.989000 8.253000 5.864000 C
848 105 20.304001 8.400000 6.893000 O
849 105 20.580999 7.666000 4.844000 O
850 106 24.694000 10.239000 9.576000 N
851 106 25.021000 11.098000 10.723000 C
852 106 26.413000 11.737000 10.564000 C
853 106 26.565001 12.932000 10.825000 O
854 106 25.004999 10.331000 12.051000 C
855 106 23.660000 9.732000 12.421000 C
856 106 22.474001 10.222000 11.879000 C
857 106 23.598000 8.674000 13.330000 C
858 106 21.218000 9.661000 12.237000 C
859 106 22.371000 8.118000 13.693000 C
860 106 21.179001 8.617000 13.141000 C
861 107 27.430000 10.977000 10.144000 N
862 107 28.739000 11.608000 9.986000 C
863 107 28.745001 12.599000 8.808000 C
864 107 29.434000 13.601000 8.858000 O
865 107 29.907000 10.590000 9.869000 C
866 107 31.253000 11.314000 10.091000 C
867 107 29.898001 9.895000 8.510000 C
868 107 32.466999 10.371000 10.081000 C
869 108 27.948999 12.346000 7.773000 N
870 108 27.885000 13.263000 6.626000 C
871 108 27.374001 14.630000 7.098000 C
872 108 27.843000 15.680000 6.622000 O
873 108 26.943001 12.716000 5.544000 C
874 108 27.462999 11.519000 4.980000 O
875 109 26.378000 14.581000 7.999000 N
876 109 25.754999 15.751000 8.618000 C
877 109 26.799999 16.497999 9.459000 C
878 109 26.865000 17.730000 9.429000 O
879 109 24.599001 15.276000 9.502000 C
880 109 23.927999 16.333000 10.367000 C
881 109 22.742001 15.772000 11.173000 C
882 109 22.573000 14.529000 11.248000 O
883 109 21.974001 16.580999 11.733000 O
884 110 27.620001 15.744000 10.194000 N
885 110 28.686001 16.308001 11.014000 C
886 110 29.747999 17.018000 10.144000 C
887 110 30.270000 18.094000 10.511000 O
888 110 29.344000 15.219000 11.840000 C
889 111 30.080000 16.417999 9.005000 N
890 111 31.073000 17.011000 8.114000 C
891 111 30.556000 18.346001 7.586000 C
892 111 31.238001 19.371000 7.644000 O
893 111 31.391001 16.049999 6.947000 C
894 111 32.161999 14.833000 7.473000 C
895 111 32.212002 16.743999 5.885000 C
896 111 32.216999 13.695000 6.500000 C
897 112 29.301001 18.349001 7.163000 N
898 112 28.688000 19.555000 6.634000 C
899 112 28.601000 20.674000 7.680000 C
900 112 28.912001 21.829000 7.364000 O
901 112 27.308001 19.223000 5.990000 C
902 112 27.542999 18.476999 4.672000 C
903 112 26.464001 20.520000 5.756000 C
904 112 26.282000 17.882999 4.092000 C
905 113 28.267000 20.318001 8.923000 N
906 113 28.149000 21.285999 10.016000 C
907 113 29.493999 21.952000 10.325000 C
908 113 29.568001 23.171000 10.551000 O
909 113 27.660000 20.591000 11.288000 C
910 113 27.615999 21.495001 12.483000 C
911 113 26.492001 22.177000 12.894000 N
912 113 28.601000 21.858000 13.344000 C
913 113 26.819000 22.920000 13.959000 C
914 113 28.091999 22.759001 14.270000 N
915 114 30.548000 21.136999 10.367000 N
916 114 31.882999 21.643999 10.675000 C
917 114 32.424000 22.521000 9.549000 C
918 114 33.002998 23.575001 9.826000 O
919 114 32.858002 20.476000 11.052000 C
920 114 34.312000 20.972000 11.140000 C
921 114 32.416000 19.858999 12.406000 C
922 115 32.198002 22.127001 8.292000 N
923 115 32.671001 22.943001 7.157000 C
924 115 31.905001 24.261000 7.137000 C
925 115 32.473999 25.309000 6.838000 O
926 115 32.490002 22.225000 5.813000 C
927 115 33.258999 20.893999 5.660000 C
928 115 33.252998 20.424999 4.190000 C
929 115 34.667999 21.025000 6.122000 C
930 116 30.614000 24.195999 7.466000 N
931 116 29.777000 25.385000 7.491000 C
932 116 30.287001 26.368000 8.537000 C
933 116 30.346001 27.576000 8.277000 O
934 116 28.309999 25.006001 7.768000 C
935 116 27.375000 26.181999 7.824000 C
936 116 26.961000 26.899000 6.721000 N
937 116 26.778000 26.775000 8.890000 C
938 116 26.142000 27.882999 7.144000 C
939 116 25.996000 27.854000 8.454000 N
940 117 30.681000 25.860001 9.703000 N
941 117 31.177999 26.729000 10.784000 C
942 117 32.568001 27.337000 10.530000 C
943 117 32.778999 28.535000 10.726000 O
944 117 31.247999 25.969000 12.114000 C
945 117 30.070999 25.212999 12.323000 O
946 118 33.493000 26.514000 10.049000 N
947 118 34.862999 26.958000 9.820000 C
948 118 35.188000 27.625000 8.486000 C
949 118 36.158001 28.374001 8.408000 O
950 118 35.826000 25.781000 10.016000 C
951 118 35.874001 25.252001 11.440000 C
952 118 36.827000 24.046000 11.566000 C
953 118 38.231998 24.412001 11.368000 N
954 118 39.252998 23.891001 12.048000 C
955 118 39.036999 22.971001 12.997000 N
956 118 40.493999 24.290001 11.772000 N
957 119 34.381001 27.377001 7.453000 N
958 119 34.666000 27.902000 6.117000 C
959 119 33.452999 28.552000 5.445000 C
960 119 33.153999 28.277000 4.271000 O
961 119 35.183998 26.753000 5.242000 C
962 119 36.368000 26.047001 5.820000 C
963 119 37.643002 26.565001 5.824000 N
964 119 36.463001 24.834999 6.422000 C
965 119 38.463001 25.676001 6.406000 C
966 119 37.806000 24.603001 6.794000 N
967 120 32.808998 29.504999 6.136000 N
968 120 31.629999 30.142000 5.539000 C
969 120 31.846001 30.770000 4.167000 C
970 120 30.990999 30.658001 3.299000 O
971 120 31.191999 31.165001 6.606000 C
972 120 32.464001 31.504000 7.319000 C
973 120 33.173000 30.136999 7.420000 C
974 121 33.032001 31.316000 3.938000 N
975 121 33.313999 31.948999 2.659000 C
976 121 33.498001 30.982000 1.501000 C
977 121 33.296001 31.354000 0.345000 O
978 122 33.868000 29.743000 1.803000 N
979 122 34.083000 28.742001 0.772000 C
980 122 33.021000 27.653999 0.857000 C
981 122 33.151001 26.577999 0.255000 O
982 122 35.494999 28.148001 0.950000 C
983 122 36.605000 29.164000 0.587000 C
984 122 37.523998 29.444000 1.370000 O
985 122 36.478001 29.750000 -0.593000 N
986 123 31.969999 27.919001 1.629000 N
987 123 30.934999 26.914000 1.783000 C
988 123 29.542999 27.559999 1.749000 C
989 123 28.764000 27.417000 2.693000 O
990 123 31.166000 26.139999 3.081000 C
991 123 30.613001 24.738001 3.068000 C
992 123 31.149000 23.775999 2.230000 C
993 123 29.580000 24.375000 3.926000 C
994 123 30.677000 22.480000 2.247000 C
995 123 29.094999 23.065001 3.954000 C
996 123 29.648001 22.118999 3.111000 C
997 124 29.284000 28.306999 0.668000 N
998 124 27.997999 28.934000 0.460000 C
999 124 27.028000 27.841000 0.034000 C
1000 124 27.367001 26.638000 0.051000 O
1001 125 25.827000 28.233999 -0.376000 N
1002 125 24.806999 27.243999 -0.758000 C
1003 125 25.233999 26.289000 -1.871000 C
1004 125 25.018000 25.089001 -1.768000 O
1005 125 23.459999 27.948000 -1.118000 C
1006 126 25.806000 26.820000 -2.947000 N
1007 126 26.240000 25.976999 -4.056000 C
1008 126 27.308001 24.990999 -3.629000 C
1009 126 27.254999 23.820999 -3.994000 O
1010 126 26.739000 26.823000 -5.229000 C
1011 126 25.615000 27.660000 -5.877000 C
1012 126 24.437000 27.268999 -5.776000 O
1013 126 25.913000 28.716000 -6.470000 O
1014 127 28.260000 25.444000 -2.818000 N
1015 127 29.330999 24.548000 -2.369000 C
1016 127 28.791000 23.448000 -1.465000 C
1017 127 29.254000 22.299999 -1.537000 O
1018 127 30.445999 25.348000 -1.645000 C
1019 128 27.813999 23.787001 -0.623000 N
1020 128 27.233000 22.801001 0.288000 C
1021 128 26.458000 21.780001 -0.515000 C
1022 128 26.458000 20.594999 -0.185000 O
1023 128 26.320000 23.454000 1.341000 C
1024 128 25.681999 22.424999 2.295000 C
1025 128 24.966999 23.052999 3.491000 C
1026 128 25.309999 24.146999 3.939000 O
1027 128 23.978001 22.343000 4.022000 N
1028 129 25.768000 22.250999 -1.552000 N
1029 129 25.013000 21.347000 -2.406000 C
1030 129 25.974001 20.368999 -3.073000 C
1031 129 25.677000 19.172001 -3.179000 O
1032 130 27.117001 20.865999 -3.539000 N
1033 130 28.097000 19.983000 -4.182000 C
1034 130 28.684000 18.955999 -3.187000 C
1035 130 28.796000 17.768000 -3.516000 O
1036 130 29.212999 20.787001 -4.846000 C
1037 131 28.985001 19.398001 -1.965000 N
1038 131 29.521000 18.500000 -0.934000 C
1039 131 28.476000 17.452000 -0.549000 C
1040 131 28.795000 16.271999 -0.326000 O
1041 131 29.957001 19.290001 0.310000 C
1042 131 30.638000 18.441000 1.372000 C
1043 131 32.141998 17.573000 0.744000 S
1044 131 33.273998 18.792999 0.894000 C
1045 132 27.225000 17.891001 -0.449000 N
1046 132 26.157000 16.965000 -0.110000 C
1047 132 26.023001 15.877000 -1.167000 C
1048 132 25.871000 14.703000 -0.835000 O
1049 132 24.813999 17.662001 0.023000 C
1050 132 23.722000 16.677999 0.318000 C
1051 132 23.805000 15.932000 1.291000 O
1052 132 22.746000 16.591999 -0.567000 N
1053 133 26.105000 16.285000 -2.431000 N
1054 133 26.004000 15.383000 -3.570000 C
1055 133 27.177000 14.387000 -3.574000 C
1056 133 26.988001 13.188000 -3.878000 O
1057 133 25.993000 16.212000 -4.851000 C
1058 133 25.458000 15.508000 -6.063000 C
1059 133 25.222000 16.474001 -7.205000 C
1060 133 24.944000 15.701000 -8.483000 C
1061 133 24.889999 16.549000 -9.709000 N
1062 134 28.370001 14.870000 -3.210000 N
1063 134 29.561001 13.998000 -3.177000 C
1064 134 29.409000 12.938000 -2.088000 C
1065 134 29.712000 11.760000 -2.318000 O
1066 134 30.826000 14.800000 -2.948000 C
1067 135 28.919001 13.353000 -0.919000 N
1068 135 28.726000 12.436000 0.195000 C
1069 135 27.541000 11.475000 -0.057000 C
1070 135 27.547001 10.332000 0.437000 O
1071 135 28.547001 13.212000 1.501000 C
1072 135 29.812000 13.963000 1.959000 C
1073 135 29.506001 14.875000 3.164000 C
1074 135 30.886999 12.941000 2.300000 C
1075 136 26.518999 11.932000 -0.792000 N
1076 136 25.395000 11.051000 -1.130000 C
1077 136 25.903000 9.953000 -2.065000 C
1078 136 25.492001 8.798000 -1.947000 O
1079 136 24.257999 11.810000 -1.805000 C
1080 136 23.476999 12.651000 -0.821000 C
1081 136 22.230000 13.260000 -1.419000 C
1082 136 22.049000 13.183000 -2.652000 O
1083 136 21.431999 13.820000 -0.644000 O
1084 137 26.760000 10.334000 -3.011000 N
1085 137 27.350000 9.397000 -3.970000 C
1086 137 28.141001 8.345000 -3.182000 C
1087 137 28.030001 7.143000 -3.430000 O
1088 137 28.294001 10.138000 -4.930000 C
1089 137 29.051001 9.223000 -5.902000 C
1090 137 28.040001 8.429000 -6.721000 C
1091 137 30.021000 10.026000 -6.795000 C
1092 138 28.962999 8.825000 -2.252000 N
1093 138 29.761000 7.961000 -1.381000 C
1094 138 28.847000 6.933000 -0.670000 C
1095 138 29.100000 5.728000 -0.722000 O
1096 138 30.492001 8.853000 -0.371000 C
1097 138 31.155001 8.111000 0.739000 C
1098 138 32.263000 7.302000 0.491000 C
1099 138 30.680000 8.240000 2.046000 C
1100 138 32.893002 6.627000 1.524000 C
1101 138 31.309000 7.560000 3.100000 C
1102 138 32.428001 6.748000 2.827000 C
1103 139 27.773001 7.422000 -0.045000 N
1104 139 26.804001 6.569000 0.665000 C
1105 139 26.076000 5.577000 -0.240000 C
1106 139 25.841000 4.437000 0.158000 O
1107 139 25.783001 7.422000 1.440000 C
1108 139 26.424000 8.271000 2.531000 C
1109 139 25.445000 8.635000 3.638000 C
1110 139 24.288000 9.370000 3.136000 N
1111 139 24.250999 10.682000 2.899000 C
1112 139 25.313000 11.447000 3.066000 N
1113 139 23.136999 11.222000 2.449000 N
1114 140 25.749001 6.002000 -1.459000 N
1115 140 25.059000 5.141000 -2.421000 C
1116 140 25.968000 3.989000 -2.841000 C
1117 140 25.549000 2.837000 -2.878000 O
1118 140 24.664000 5.925000 -3.668000 C
1119 140 23.881001 5.086000 -4.684000 C
1120 140 23.514000 5.860000 -5.945000 C
1121 140 24.570999 5.710000 -7.033000 C
1122 140 25.879000 6.301000 -6.667000 N
1123 141 27.222000 4.305000 -3.138000 N
1124 141 28.174000 3.283000 -3.553000 C
1125 141 28.555000 2.360000 -2.417000 C
1126 141 28.732000 1.158000 -2.629000 O
1127 141 29.398001 3.911000 -4.232000 C
1128 141 29.072001 4.439000 -5.625000 C
1129 141 27.920000 4.245000 -6.076000 O
1130 141 29.941000 5.060000 -6.264000 O
1131 142 28.642000 2.894000 -1.205000 N
1132 142 28.968000 2.055000 -0.045000 C
1133 142 27.790001 1.128000 0.233000 C
1134 142 27.981001 -0.053000 0.546000 O
1135 142 29.273001 2.901000 1.225000 C
1136 142 30.708000 3.378000 1.178000 C
1137 142 29.061001 2.064000 2.506000 C
1138 142 31.688000 2.256000 1.494000 C
1139 143 26.576000 1.655000 0.094000 N
1140 143 25.371000 0.850000 0.329000 C
1141 143 25.316000 -0.345000 -0.630000 C
1142 143 24.973000 -1.456000 -0.225000 O
1143 143 24.075001 1.717000 0.181000 C
1144 144 25.666000 -0.104000 -1.890000 N
1145 144 25.650000 -1.136000 -2.913000 C
1146 144 26.674999 -2.209000 -2.590000 C
1147 144 26.395000 -3.397000 -2.751000 O
1148 144 25.929001 -0.538000 -4.280000 C
1149 145 27.843000 -1.800000 -2.101000 N
1150 145 28.875000 -2.772000 -1.753000 C
1151 145 28.438000 -3.571000 -0.523000 C
1152 145 28.688000 -4.766000 -0.440000 O
1153 145 30.232000 -2.077000 -1.521000 C
1154 145 30.917000 -1.630000 -2.817000 C
1155 145 29.874001 -1.207000 -3.870000 C
1156 145 30.264000 0.030000 -4.647000 C
1157 145 29.186001 0.483000 -5.535000 N
1158 146 27.796000 -2.904000 0.432000 N
1159 146 27.297001 -3.570000 1.638000 C
1160 146 26.419001 -4.765000 1.212000 C
1161 146 26.554001 -5.896000 1.714000 O
1162 146 26.431999 -2.590000 2.446000 C
1163 146 27.150999 -1.764000 3.511000 C
1164 146 28.551001 -1.680000 3.572000 C
1165 146 26.410999 -1.131000 4.518000 C
1166 146 29.184000 -1.005000 4.618000 C
1167 146 27.038000 -0.449000 5.561000 C
1168 146 28.424999 -0.398000 5.613000 C
1169 146 29.011999 0.223000 6.703000 O
1170 147 25.539000 -4.494000 0.258000 N
1171 147 24.611000 -5.475000 -0.275000 C
1172 147 25.362000 -6.665000 -0.842000 C
1173 147 25.062000 -7.820000 -0.500000 O
1174 147 23.743999 -4.818000 -1.355000 C
1175 147 22.566999 -5.649000 -1.800000 C
1176 147 21.398001 -4.763000 -2.213000 C
1177 147 20.212999 -5.613000 -2.627000 C
1178 147 19.945000 -6.686000 -1.621000 N
1179 148 26.363001 -6.387000 -1.672000 N
1180 148 27.164000 -7.451000 -2.276000 C
1181 148 27.898001 -8.287000 -1.234000 C
1182 148 28.111000 -9.474000 -1.432000 O
1183 148 28.188999 -6.870000 -3.269000 C
1184 148 27.558001 -6.334000 -4.535000 C
1185 148 28.509001 -5.486000 -5.345000 C
1186 148 29.691999 -5.841000 -5.448000 O
1187 148 28.073000 -4.448000 -5.874000 O
1188 149 28.274000 -7.655000 -0.128000 N
1189 149 29.006001 -8.303000 0.936000 C
1190 149 28.122000 -9.078000 1.903000 C
1191 149 28.627001 -9.798000 2.767000 O
1192 149 29.862000 -7.281000 1.686000 C
1193 149 31.007999 -6.618000 0.899000 C
1194 149 31.598000 -5.488000 1.721000 C
1195 149 32.104000 -7.610000 0.536000 C
1196 150 26.809000 -8.904000 1.762000 N
1197 150 25.851000 -9.616000 2.589000 C
1198 150 25.384001 -8.918000 3.842000 C
1199 150 24.837000 -9.560000 4.732000 O
1200 151 25.593000 -7.608000 3.922000 N
1201 151 25.181999 -6.853000 5.091000 C
1202 151 24.062000 -5.843000 4.802000 C
1203 151 23.018999 -5.856000 5.464000 O
1204 151 26.400000 -6.159000 5.707000 C
1205 151 26.097000 -5.204000 6.852000 C
1206 151 25.879000 -5.670000 8.148000 C
1207 151 26.091000 -3.830000 6.647000 C
1208 151 25.670000 -4.784000 9.208000 C
1209 151 25.882000 -2.942000 7.696000 C
1210 151 25.674999 -3.425000 8.971000 C
1211 151 25.502001 -2.536000 9.999000 O
1212 152 24.271000 -4.969000 3.823000 N
1213 152 23.278000 -3.928000 3.481000 C
1214 152 22.556000 -3.285000 4.698000 C
1215 152 21.482000 -2.673000 4.565000 O
1216 152 22.240999 -4.445000 2.474000 C
1217 152 22.114000 -3.546000 1.234000 C
1218 152 22.032000 -2.055000 1.570000 C
1219 152 23.034000 -1.349000 1.568000 O
1220 152 20.829000 -1.578000 1.863000 N
1221 153 23.179001 -3.412000 5.871000 N
1222 153 22.620001 -2.872000 7.089000 C
1223 153 22.690001 -1.369000 7.044000 C
1224 153 22.038000 -0.715000 7.879000 O
1225 153 23.384001 -0.854000 6.150000 O
