242
1 1 25.401 20.128 -8.115 O
2 1 25.181 20.245 -9.550 C
3 1 26.456 20.245 -10.351 C
4 1 26.807 21.579 -10.710 O
5 1 27.742 19.585 -9.954 C
6 1 27.764 18.189 -10.234 O
7 1 28.821 20.362 -10.730 C
8 1 28.242 21.770 -10.730 C
9 1 28.598 22.527 -9.504 N
10 1 27.803 23.015 -8.490 C
11 1 28.481 23.627 -7.572 N
12 1 29.800 23.604 -8.014 C
13 1 30.999 24.095 -7.447 C
14 1 31.129 24.719 -6.379 O
15 1 32.107 23.892 -8.252 N
16 1 32.094 23.214 -9.433 C
17 1 33.254 22.976 -10.071 N
18 1 30.981 22.745 -9.971 N
19 1 29.882 22.964 -9.233 C
20 2 28.467 17.174 -9.249 P
21 2 28.436 15.910 -9.929 O
22 2 28.143 17.478 -7.898 O
23 2 30.048 17.502 -9.445 O
24 2 30.702 17.237 -10.693 C
25 2 32.130 17.744 -10.593 C
26 2 32.159 19.160 -10.347 O
27 2 32.979 17.123 -9.483 C
28 2 33.504 15.871 -9.892 O
29 2 34.083 18.177 -9.345 C
30 2 33.303 19.456 -9.508 C
31 2 32.756 20.014 -8.261 N
32 2 31.474 20.112 -7.814 C
33 2 31.398 20.760 -6.663 N
34 2 32.706 21.138 -6.371 C
35 2 33.220 21.879 -5.269 C
36 2 32.650 22.422 -4.322 O
37 2 34.587 22.063 -5.394 N
38 2 35.369 21.552 -6.417 C
39 2 36.684 21.770 -6.366 N
40 2 34.893 20.791 -7.414 N
41 2 33.535 20.724 -7.364 C
62 4 38.335 13.183 -5.574 P
63 4 39.243 12.118 -5.953 O
64 4 36.966 12.988 -5.182 O
65 4 39.079 13.955 -4.310 O
66 4 40.493 14.166 -4.347 C
67 4 40.863 14.970 -3.112 C
68 4 40.013 16.136 -3.096 O
69 4 40.538 14.322 -1.748 C
70 4 41.610 13.433 -1.377 O
71 4 40.522 15.551 -0.847 C
72 4 39.860 16.581 -1.719 C
73 4 38.392 16.690 -1.564 N
74 4 37.414 16.121 -2.336 C
75 4 36.195 16.429 -1.986 N
76 4 36.364 17.244 -0.893 C
77 4 35.463 17.822 0.013 C
78 4 34.141 17.779 -0.104 N
79 4 35.984 18.614 0.976 N
80 4 37.331 18.715 1.122 C
81 4 38.243 18.103 0.396 N
82 4 37.711 17.455 -0.655 C
103 6 40.957 11.560 5.453 P
104 6 42.050 10.807 6.066 O
105 6 40.022 10.706 4.631 O
106 6 40.130 12.157 6.688 O
107 6 40.718 12.964 7.710 C
108 6 39.624 13.495 8.578 C
109 6 38.869 14.459 7.835 O
110 6 38.597 12.465 9.037 C
111 6 39.027 11.876 10.292 O
112 6 37.405 13.382 9.312 C
113 6 37.472 14.381 8.181 C
114 6 36.677 13.909 7.005 N
115 6 37.040 13.085 5.958 C
116 6 36.074 12.918 5.073 N
117 6 34.999 13.577 5.657 C
118 6 33.657 13.764 5.232 C
119 6 33.157 13.257 4.084 N
120 6 32.817 14.416 6.074 N
121 6 33.310 14.927 7.209 C
122 6 34.535 14.818 7.714 N
123 6 35.324 14.139 6.867 C
124 7 38.536 10.354 10.543 P
125 7 39.299 9.992 11.740 O
126 7 38.491 9.418 9.416 O
127 7 37.024 10.436 11.072 O
128 7 36.659 11.310 12.174 C
129 7 35.179 11.533 12.090 C
130 7 34.878 12.266 10.885 O
131 7 34.276 10.296 11.953 C
132 7 34.017 9.754 13.254 O
133 7 33.008 10.955 11.448 C
134 7 33.562 11.985 10.455 C
135 7 33.578 11.451 9.066 N
136 7 32.377 11.533 8.361 C
137 7 31.359 12.016 8.903 O
138 7 32.350 11.096 7.072 N
139 7 33.447 10.507 6.571 C
140 7 33.312 10.093 5.303 N
141 7 34.682 10.405 7.276 C
142 7 34.684 10.885 8.523 C
143 8 33.742 8.177 13.463 P
144 8 33.684 8.209 14.927 O
145 8 34.659 7.432 12.695 O
146 8 32.226 8.150 13.021 O
147 8 31.116 8.622 13.797 C
148 8 29.843 8.361 13.054 C
149 8 29.960 9.001 11.773 O
150 8 29.607 6.905 12.599 C
151 8 29.240 6.051 13.697 O
152 8 28.575 7.093 11.506 C
153 8 29.008 8.419 10.876 C
154 8 29.758 8.181 9.625 N
155 8 29.003 8.021 8.461 C
156 8 27.764 8.014 8.561 O
157 8 29.632 7.815 7.276 N
158 8 30.961 7.697 7.255 C
159 8 31.548 7.483 6.066 N
160 8 31.744 7.900 8.444 C
161 8 31.111 8.037 9.587 C
163 9 25.187 6.882 -2.370 O
164 9 23.798 7.159 -2.061 C
165 9 23.469 7.089 -0.605 C
166 9 24.057 6.024 0.142 O
167 9 23.942 8.337 0.154 C
168 9 23.043 9.434 -0.192 O
169 9 23.662 7.830 1.581 C
170 9 24.302 6.457 1.485 C
171 9 25.775 6.519 1.698 N
172 9 26.805 6.313 0.843 C
173 9 27.987 6.472 1.364 N
174 9 27.710 6.749 2.691 C
175 9 28.555 7.073 3.763 C
176 9 29.769 7.116 3.713 O
177 9 27.899 7.358 4.956 N
178 9 26.543 7.428 5.069 C
179 9 25.992 7.635 6.275 N
180 9 25.712 7.128 4.072 N
181 9 26.352 6.792 2.920 C
182 10 23.597 10.940 -0.271 P
183 10 22.491 11.646 -0.889 O
184 10 24.919 10.819 -0.826 O
185 10 23.726 11.396 1.293 O
186 10 22.561 11.540 2.073 C
187 10 22.966 11.579 3.496 C
188 10 23.800 10.456 3.771 O
189 10 23.755 12.789 3.976 C
190 10 22.833 13.901 4.210 O
191 10 24.302 12.231 5.294 C
192 10 24.690 10.850 4.840 C
193 10 26.061 10.737 4.280 N
194 10 26.424 10.390 2.987 C
195 10 27.724 10.354 2.854 N
196 10 28.228 10.596 4.118 C
197 10 29.550 10.686 4.581 C
198 10 30.620 10.471 3.972 O
199 10 29.641 11.037 5.912 N
200 10 28.550 11.287 6.729 C
201 10 28.845 11.603 8.010 N
202 10 27.307 11.201 6.316 N
203 10 27.215 10.893 5.011 C
224 12 25.613 19.691 6.704 P
225 12 24.843 20.869 7.142 O
226 12 25.642 19.445 5.202 O
227 12 27.199 19.971 6.971 O
228 12 27.672 20.330 8.265 C
229 12 29.154 20.237 8.340 C
230 12 29.600 18.910 8.035 O
231 12 30.062 21.115 7.497 C
232 12 30.059 22.445 8.069 O
233 12 31.411 20.416 7.689 C
234 12 30.969 18.996 7.576 C
235 12 30.931 18.454 6.195 N
236 12 29.866 18.114 5.419 C
237 12 30.213 17.529 4.306 N
238 12 31.587 17.365 4.401 C
239 12 32.582 16.842 3.534 C
240 12 32.359 16.261 2.336 N
241 12 33.839 16.920 3.951 N
242 12 34.157 17.471 5.132 C
243 12 33.323 18.025 6.012 N
244 12 32.046 17.919 5.595 C
265 14 35.013 26.795 5.177 P
266 14 35.493 27.946 6.058 O
267 14 33.769 26.787 4.518 O
268 14 36.288 26.389 4.343 O
269 14 37.637 26.401 4.789 C
270 14 38.511 25.831 3.659 C
271 14 38.038 24.481 3.450 O
272 14 38.371 26.424 2.265 C
273 14 39.295 27.525 2.048 O
274 14 38.925 25.246 1.460 C
275 14 38.270 24.064 2.119 C
276 14 36.988 23.615 1.523 N
277 14 35.704 23.904 1.857 C
278 14 34.817 23.233 1.131 N
279 14 35.592 22.453 0.267 C
280 14 35.276 21.485 -0.713 C
281 14 34.019 21.181 -1.005 N
282 14 36.290 20.947 -1.393 N
283 14 37.547 21.236 -1.093 C
284 14 37.973 22.152 -0.204 N
285 14 36.930 22.687 0.488 C
286 15 38.860 28.597 0.905 P
287 15 39.736 29.717 1.281 O
288 15 37.443 28.812 0.734 O
289 15 39.419 27.989 -0.521 O
290 15 40.736 27.564 -0.818 C
291 15 40.633 26.565 -1.936 C
292 15 39.862 25.433 -1.552 O
293 15 39.930 27.064 -3.217 C
294 15 40.919 27.825 -3.943 O
295 15 39.741 25.699 -3.918 C
296 15 39.299 24.848 -2.745 C
297 15 37.833 24.805 -2.612 N
298 15 37.168 23.896 -3.475 C
299 15 37.862 23.225 -4.239 O
300 15 35.848 23.764 -3.350 N
301 15 35.155 24.521 -2.495 C
302 15 33.819 24.322 -2.445 N
303 15 35.794 25.504 -1.698 C
304 15 37.123 25.621 -1.790 C
305 16 40.446 28.816 -5.152 P
306 16 41.797 29.214 -5.461 O
307 16 39.254 29.444 -4.877 O
308 16 39.995 27.770 -6.333 O
309 16 40.885 27.056 -7.155 C
310 16 40.112 26.179 -8.110 C
311 16 39.097 25.410 -7.430 O
312 16 39.369 26.857 -9.241 C
313 16 40.243 26.787 -10.376 O
314 16 38.155 26.011 -9.537 C
315 16 37.979 25.215 -8.286 C
316 16 36.779 25.523 -7.497 N
317 16 35.616 24.860 -7.881 C
318 16 35.601 24.154 -8.882 O
319 16 34.519 25.106 -7.142 N
320 16 34.553 25.898 -6.049 C
321 16 33.427 25.937 -5.336 N
322 16 35.745 26.565 -5.649 C
323 16 36.817 26.370 -6.429 C
