126
18 2 -3.071 21.683 36.677 P
19 2 -2.543 23.025 36.411 O
20 2 -4.396 21.223 36.557 O
21 2 -2.313 20.525 35.734 O
22 2 -0.881 20.852 35.752 C
23 2 -0.287 20.525 34.383 C
24 2 -0.322 19.126 34.081 O
25 2 -1.104 21.182 33.222 C
26 2 -0.191 21.567 32.283 O
27 2 -2.082 20.028 32.899 C
28 2 -1.042 18.852 32.907 C
29 2 -1.649 17.596 32.930 N
30 2 -2.939 17.331 33.095 C
31 2 -3.238 16.019 33.045 N
32 2 -2.017 15.448 32.823 C
33 2 -1.659 14.079 32.699 C
34 2 -2.489 13.131 32.774 O
35 2 -0.371 13.823 32.507 N
36 2 0.511 14.823 32.453 C
37 2 1.712 14.620 32.293 N
38 2 0.299 16.146 32.567 N
39 2 -1.024 16.362 32.749 C
40 3 -0.201 22.652 31.111 P
41 3 0.829 23.589 31.468 O
42 3 -1.608 22.986 30.835 O
43 3 0.566 22.000 29.778 O
44 3 1.877 21.524 30.439 C
45 3 1.965 20.193 29.809 C
46 3 0.615 19.602 29.871 O
47 3 2.054 20.228 28.205 C
48 3 3.338 20.638 27.987 O
49 3 1.600 18.822 27.897 C
50 3 1.019 18.345 29.298 C
51 3 -0.199 17.502 29.280 N
52 3 0.034 16.161 29.231 C
53 3 1.161 15.673 29.236 O
54 3 -1.061 15.355 29.195 N
55 3 -2.369 15.806 29.205 C
56 3 -3.384 14.889 29.166 N
57 3 -2.562 17.192 29.272 C
58 3 -1.475 17.988 29.326 C
59 4 4.018 21.054 26.613 P
60 4 4.818 22.263 26.950 O
61 4 3.047 21.007 25.596 O
62 4 4.989 19.800 26.161 O
63 4 4.322 18.504 26.092 C
64 4 5.310 17.638 25.310 C
65 4 4.765 16.532 24.561 O
66 4 5.951 18.453 24.078 C
67 4 7.031 17.681 23.715 O
68 4 4.685 18.479 23.235 C
69 4 4.297 16.939 23.291 C
70 4 2.938 16.711 23.094 N
71 4 1.947 17.617 23.091 C
72 4 0.744 17.085 22.824 N
73 4 1.010 15.757 22.656 C
74 4 0.151 14.658 22.362 C
75 4 -1.108 14.745 22.190 O
76 4 0.716 13.456 22.239 N
77 4 2.042 13.359 22.431 C
78 4 2.609 12.251 22.349 N
79 4 2.960 14.303 22.717 N
80 4 2.344 15.485 22.810 C
99 6 -0.101 4.334 24.993 P
100 6 0.857 3.341 25.313 O
101 6 -1.537 4.113 24.907 O
102 6 0.312 5.535 26.039 O
103 6 1.722 5.807 25.966 C
104 6 2.124 6.465 27.277 C
105 6 1.467 7.764 27.378 O
106 6 1.709 5.663 28.546 C
107 6 2.676 5.793 29.530 O
108 6 0.363 6.338 28.840 C
109 6 0.795 7.869 28.628 C
110 6 -0.319 8.722 28.573 N
111 6 -1.596 8.351 28.372 C
112 6 -2.459 9.368 28.363 N
113 6 -1.661 10.442 28.634 C
114 6 -1.981 11.822 28.743 C
115 6 -3.159 12.268 28.630 O
116 6 -0.974 12.669 28.952 N
117 6 0.267 12.175 29.046 C
118 6 1.218 12.917 29.259 N
119 6 0.699 10.916 28.957 N
120 6 -0.351 10.103 28.745 C
121 7 3.620 4.678 30.169 P
122 7 4.650 4.519 29.208 O
123 7 2.736 3.618 30.634 O
124 7 4.515 5.361 31.359 O
125 7 5.126 6.554 30.813 C
126 7 4.721 7.695 31.699 C
127 7 3.361 8.109 31.421 O
128 7 4.534 7.487 33.269 C
129 7 5.792 7.348 33.813 O
130 7 3.812 8.774 33.639 C
131 7 3.237 9.310 32.291 C
132 7 1.777 9.607 32.311 N
133 7 1.406 10.900 32.270 C
134 7 2.186 11.840 32.220 O
135 7 0.060 11.129 32.297 N
136 7 -0.913 10.171 32.342 C
137 7 -2.226 10.548 32.348 N
138 7 -0.477 8.842 32.371 C
139 7 0.838 8.605 32.349 C
140 8 6.387 7.825 35.209 P
141 8 7.768 7.966 34.912 O
142 8 5.806 6.872 36.181 O
143 8 6.010 9.366 35.580 O
144 8 6.770 10.414 35.210 C
145 8 7.113 11.409 36.298 C
146 8 6.070 12.022 37.074 O
147 8 8.008 10.764 37.453 C
148 8 8.917 11.801 37.675 O
149 8 6.888 10.274 38.368 C
150 8 5.851 11.421 38.306 C
151 8 4.493 11.111 38.451 N
152 8 3.837 9.975 38.439 C
153 8 2.512 10.081 38.671 N
154 8 2.348 11.418 38.859 C
155 8 1.194 12.192 39.133 C
156 8 0.023 11.726 39.273 O
157 8 1.338 13.506 39.263 N
158 8 2.554 14.043 39.115 C
159 8 2.716 15.270 39.236 N
160 8 3.720 13.441 38.843 N
161 8 3.525 12.104 38.735 C
