2016
32 2 6.820 -1.311 4.410 P
33 2 8.165 -0.908 4.875 O
34 2 5.716 -1.462 5.384 O
35 2 6.350 -0.273 3.275 O
36 2 7.002 -0.254 2.003 C
37 2 6.528 0.907 1.138 C
38 2 5.169 0.713 0.700 O
39 2 6.579 2.221 1.900 C
40 2 7.755 2.969 1.575 O
41 2 5.333 2.962 1.499 C
42 2 4.464 1.969 0.735 C
43 2 3.120 1.813 1.341 N
44 2 2.076 1.541 0.462 C
45 2 2.257 1.401 -0.747 O
46 2 0.824 1.426 1.025 N
47 2 0.592 1.565 2.360 C
48 2 -0.658 1.398 2.798 N
49 2 1.668 1.840 3.248 C
50 2 2.912 1.953 2.704 C
51 2 6.794 -1.190 1.484 H
52 2 8.078 -0.166 2.156 H
53 2 7.171 0.981 0.263 H
54 2 6.546 2.020 2.975 H
55 2 4.818 3.322 2.381 H
56 2 5.593 3.800 0.854 H
57 2 4.343 2.327 -0.284 H
58 2 -1.409 1.239 2.138 H
59 2 -0.858 1.458 3.785 H
60 2 1.495 1.983 4.314 H
61 2 3.765 2.150 3.355 H
62 3 8.084 4.347 2.341 P
63 3 9.493 4.705 2.068 O
64 3 7.610 4.225 3.739 O
65 3 7.138 5.403 1.574 O
66 3 6.350 6.351 2.302 C
67 3 5.603 7.288 1.356 C
68 3 4.175 7.117 1.485 O
69 3 5.936 8.747 1.643 C
70 3 6.736 9.304 0.595 O
71 3 4.612 9.460 1.746 C
72 3 3.526 8.395 1.654 C
73 3 2.663 8.392 2.861 N
74 3 1.313 8.134 2.678 C
75 3 0.834 7.894 1.571 O
76 3 0.531 8.157 3.818 N
77 3 0.970 8.411 5.105 C
78 3 0.181 8.408 6.048 O
79 3 2.390 8.668 5.202 C
80 3 3.008 8.980 6.563 C
81 3 3.177 8.649 4.107 C
82 3 7.003 6.935 2.949 H
83 3 5.626 5.815 2.916 H
84 3 5.892 7.056 0.331 H
85 3 6.464 8.823 2.596 H
86 3 6.524 8.826 -0.209 H
87 3 4.546 9.987 2.697 H
88 3 4.508 10.168 0.925 H
89 3 2.909 8.596 0.778 H
90 3 -0.454 7.965 3.702 H
91 3 4.026 8.592 6.599 H
92 3 2.413 8.514 7.348 H
93 3 3.026 10.060 6.714 H
94 3 4.245 8.833 4.218 H
127 5 -7.291 2.414 3.908 P
128 5 -8.768 2.470 3.993 O
129 5 -6.486 2.264 5.141 O
130 5 -6.890 1.233 2.889 O
131 5 -6.225 0.056 3.355 C
132 5 -6.235 -1.039 2.293 C
133 5 -5.042 -0.971 1.482 O
134 5 -6.304 -2.422 2.929 C
135 5 -7.568 -3.041 2.663 O
136 5 -5.174 -3.212 2.322 C
137 5 -4.335 -2.224 1.519 C
138 5 -2.975 -2.029 2.058 N
139 5 -2.054 -1.481 1.174 C
140 5 -2.359 -1.160 0.024 O
141 5 -0.777 -1.323 1.656 N
142 5 -0.409 -1.677 2.916 C
143 5 0.861 -1.477 3.265 N
144 5 -1.367 -2.233 3.811 C
145 5 -2.634 -2.391 3.342 C
146 5 -6.728 -0.308 4.251 H
147 5 -5.192 0.304 3.601 H
148 5 -7.105 -0.902 1.652 H
149 5 -6.146 -2.338 4.007 H
150 5 -4.586 -3.682 3.099 H
151 5 -5.578 -3.975 1.656 H
152 5 -4.234 -2.601 0.513 H
153 5 1.519 -1.117 2.584 H
154 5 1.173 -1.713 4.195 H
155 5 -1.092 -2.529 4.824 H
156 5 -3.396 -2.811 3.989 H
157 6 -8.005 -4.387 3.431 P
158 6 -9.453 -4.594 3.212 O
159 6 -7.468 -4.330 4.810 O
160 6 -7.205 -5.526 2.619 O
161 6 -6.279 -6.389 3.286 C
162 6 -5.521 -7.269 2.291 C
163 6 -4.095 -7.067 2.397 O
164 6 -5.803 -8.747 2.529 C
165 6 -6.672 -9.271 1.520 O
166 6 -4.461 -9.433 2.496 C
167 6 -3.408 -8.338 2.389 C
168 6 -2.431 -8.420 3.500 N
169 6 -1.086 -8.362 3.173 C
170 6 -0.696 -8.256 2.011 O
171 6 -0.200 -8.434 4.231 N
172 6 -0.533 -8.556 5.568 C
173 6 0.343 -8.608 6.429 O
174 6 -1.957 -8.610 5.817 C
175 6 -2.463 -8.745 7.251 C
176 6 -2.844 -8.543 4.802 C
177 6 -6.826 -7.022 3.984 H
178 6 -5.564 -5.781 3.840 H
179 6 -5.837 -7.009 1.281 H
180 6 -6.251 -8.881 3.516 H
181 6 -6.989 -10.122 1.830 H
182 6 -4.313 -10.008 3.410 H
183 6 -4.402 -10.091 1.629 H
184 6 -2.879 -8.448 1.442 H
185 6 0.784 -8.392 4.008 H
186 6 -3.177 -7.949 7.462 H
187 6 -1.623 -8.671 7.942 H
188 6 -2.950 -9.713 7.375 H
189 6 -3.911 -8.596 5.022 H
222 8 -7.631 -1.789 -4.004 P
223 8 -9.046 -1.478 -4.307 O
224 8 -6.624 -1.781 -5.091 O
225 8 -7.135 -0.789 -2.842 O
226 8 -6.146 0.210 -3.104 C
227 8 -6.023 1.184 -1.935 C
228 8 -4.763 1.005 -1.252 O
229 8 -6.108 2.627 -2.411 C
230 8 -7.327 3.241 -1.974 O
231 8 -4.910 3.327 -1.825 C
232 8 -4.057 2.259 -1.154 C
233 8 -2.707 2.144 -1.763 N
234 8 -1.675 1.762 -0.919 C
235 8 -1.896 1.556 0.275 O
236 8 -0.427 1.624 -1.442 N
237 8 -0.192 1.849 -2.739 C
238 8 1.037 1.663 -3.224 N
239 8 -1.246 2.247 -3.617 C
240 8 -2.484 2.382 -3.093 C
241 8 -6.423 0.759 -4.004 H
242 8 -5.183 -0.275 -3.265 H
243 8 -6.834 0.995 -1.232 H
244 8 -6.047 2.658 -3.501 H
245 8 -4.351 3.822 -2.611 H
246 8 -5.236 4.059 -1.085 H
247 8 -3.940 2.517 -0.103 H
248 8 1.790 1.400 -2.604 H
249 8 1.216 1.798 -4.207 H
250 8 -1.048 2.460 -4.669 H
251 8 -3.312 2.679 -3.734 H
252 9 -7.847 4.605 -2.656 P
253 9 -9.259 4.811 -2.263 O
254 9 -7.479 4.577 -4.091 O
255 9 -6.950 5.724 -1.920 O
256 9 -5.995 6.498 -2.651 C
257 9 -5.176 7.391 -1.719 C
258 9 -3.761 7.136 -1.858 O
259 9 -5.416 8.866 -2.010 C
260 9 -6.256 9.455 -1.012 O
261 9 -4.053 9.510 -2.018 C
262 9 -3.034 8.385 -1.903 C
263 9 -2.081 8.405 -3.038 N
264 9 -0.730 8.343 -2.738 C
265 9 -0.315 8.276 -1.582 O
266 9 0.133 8.356 -3.818 N
267 9 -0.229 8.426 -5.152 C
268 9 0.628 8.431 -6.033 O
269 9 -1.657 8.488 -5.372 C
270 9 -2.193 8.554 -6.800 C
271 9 -2.522 8.478 -4.335 C
272 9 -6.524 7.119 -3.375 H
273 9 -5.322 5.825 -3.183 H
274 9 -5.468 7.184 -0.690 H
275 9 -5.872 8.976 -2.996 H
276 9 -6.697 10.205 -1.417 H
277 9 -3.904 10.058 -2.948 H
278 9 -3.957 10.186 -1.168 H
279 9 -2.479 8.504 -0.972 H
280 9 1.121 8.307 -3.616 H
281 9 -1.901 7.653 -7.340 H
282 9 -3.281 8.627 -6.780 H
283 9 -1.780 9.429 -7.304 H
284 9 -3.592 8.537 -4.533 H
317 11 7.400 1.864 -3.790 P
318 11 8.819 1.469 -3.649 O
319 11 6.720 1.716 -5.098 O
320 11 6.545 1.068 -2.680 O
321 11 5.673 -0.002 -3.056 C
322 11 5.548 -1.036 -1.940 C
323 11 4.300 -0.874 -1.228 O
324 11 5.593 -2.452 -2.496 C
325 11 6.840 -3.094 -2.203 O
326 11 4.449 -3.182 -1.848 C
327 11 3.651 -2.151 -1.060 C
328 11 2.240 -2.093 -1.506 N
329 11 1.275 -1.852 -0.540 C
330 11 1.604 -1.684 0.638 O
331 11 -0.030 -1.797 -0.931 N
332 11 -0.376 -1.966 -2.215 C
333 11 -1.661 -1.857 -2.578 N
334 11 0.619 -2.215 -3.211 C
335 11 1.907 -2.270 -2.812 C
336 11 6.067 -0.486 -3.950 H
337 11 4.686 0.404 -3.277 H
338 11 6.372 -0.903 -1.241 H
339 11 5.436 -2.424 -3.577 H
340 11 3.828 -3.642 -2.610 H
341 11 4.834 -3.947 -1.175 H
342 11 3.669 -2.421 -0.010 H
343 11 -2.383 -1.708 -1.880 H
344 11 -1.913 -1.945 -3.551 H
345 11 0.342 -2.369 -4.255 H
346 11 2.691 -2.470 -3.536 H
347 12 7.208 -4.513 -2.879 P
348 12 7.667 -5.429 -1.812 O
349 12 8.072 -4.255 -4.053 O
350 12 5.776 -5.033 -3.410 O
351 12 5.635 -6.309 -4.042 C
352 12 5.226 -7.390 -3.040 C
353 12 3.822 -7.303 -2.713 O
354 12 5.486 -8.784 -3.592 C
355 12 6.670 -9.350 -3.021 O
356 12 4.269 -9.600 -3.233 C
357 12 3.244 -8.628 -2.661 C
358 12 1.961 -8.683 -3.407 N
359 12 0.793 -8.557 -2.671 C
360 12 0.799 -8.402 -1.451 O
361 12 -0.387 -8.613 -3.390 N
362 12 -0.503 -8.782 -4.758 C
363 12 -1.610 -8.815 -5.292 O
364 12 0.764 -8.905 -5.445 C
365 12 0.782 -9.094 -6.960 C
366 12 1.930 -8.854 -4.770 C
367 12 6.585 -6.588 -4.499 H
368 12 4.876 -6.234 -4.819 H
369 12 5.806 -7.259 -2.126 H
370 12 5.580 -8.736 -4.679 H
371 12 7.284 -9.512 -3.740 H
372 12 3.873 -10.090 -4.121 H
373 12 4.532 -10.346 -2.483 H
374 12 3.057 -8.889 -1.619 H
375 12 -1.246 -8.522 -2.866 H
376 12 1.659 -9.676 -7.244 H
377 12 -0.120 -9.622 -7.272 H
378 12 0.818 -8.119 -7.448 H
379 12 2.866 -8.958 -5.318 H
32 2 7.769 -2.403 2.934 P
33 2 9.195 -2.122 2.658 O
34 2 7.296 -2.523 4.332 O
35 2 6.881 -1.284 2.192 O
36 2 6.459 -0.107 2.884 C
37 2 6.287 1.066 1.923 C
38 2 5.043 0.958 1.198 O
39 2 6.287 2.392 2.669 C
40 2 7.509 3.106 2.451 O
41 2 5.106 3.162 2.137 C
42 2 4.318 2.205 1.253 C
43 2 2.934 1.983 1.744 N
44 2 1.990 1.630 0.783 C
45 2 2.278 1.506 -0.407 O
46 2 0.708 1.423 1.241 N
47 2 0.357 1.550 2.551 C
48 2 -0.906 1.288 2.883 N
49 2 1.330 1.911 3.522 C
50 2 2.601 2.116 3.084 C
51 2 7.205 0.154 3.636 H
52 2 5.509 -0.308 3.378 H
53 2 7.110 1.062 1.210 H
54 2 6.147 2.210 3.738 H
55 2 4.495 3.517 2.959 H
56 2 5.455 4.008 1.545 H
57 2 4.264 2.625 0.250 H
58 2 -1.578 1.062 2.163 H
59 2 -1.194 1.336 3.849 H
60 2 1.060 2.040 4.571 H
61 2 3.371 2.387 3.803 H
62 3 7.765 4.533 3.155 P
63 3 9.212 4.833 3.083 O
64 3 7.076 4.534 4.466 O
65 3 6.990 5.548 2.170 O
66 3 6.027 6.477 2.677 C
67 3 5.092 6.963 1.568 C
68 3 3.708 6.725 1.907 O
69 3 5.261 8.454 1.308 C
70 3 5.970 8.677 0.085 O
71 3 3.866 9.020 1.235 C
72 3 2.912 7.890 1.594 C
73 3 2.046 8.257 2.739 N
74 3 0.686 8.037 2.606 C
75 3 0.191 7.588 1.575 O
76 3 -0.092 8.358 3.702 N
77 3 0.363 8.873 4.902 C
78 3 -0.422 9.117 5.816 O
79 3 1.795 9.073 4.951 C
80 3 2.433 9.628 6.222 C
81 3 2.576 8.769 3.895 C
82 3 6.554 7.329 3.108 H
83 3 5.437 5.991 3.455 H
84 3 5.325 6.419 0.653 H
85 3 5.794 8.915 2.142 H
86 3 5.766 7.942 -0.498 H
87 3 3.759 9.842 1.942 H
88 3 3.661 9.371 0.223 H
89 3 2.284 7.669 0.731 H
90 3 -1.086 8.199 3.620 H
91 3 3.318 9.041 6.471 H
92 3 1.718 9.572 7.043 H
93 3 2.720 10.667 6.060 H
94 3 3.650 8.947 3.957 H
127 5 -7.221 2.122 1.081 P
128 5 -6.732 3.178 0.170 O
129 5 -8.598 1.600 0.933 O
130 5 -6.197 0.873 1.005 O
131 5 -5.942 0.058 2.158 C
132 5 -5.942 -1.429 1.812 C
133 5 -4.775 -1.784 1.031 O
134 5 -5.942 -2.277 3.078 C
135 5 -7.228 -2.884 3.288 O
136 5 -4.868 -3.304 2.873 C
137 5 -4.036 -2.841 1.684 C
138 5 -2.661 -2.366 2.037 N
139 5 -1.813 -2.037 0.966 C
140 5 -2.211 -1.961 -0.204 O
141 5 -0.506 -1.741 1.300 N
142 5 -0.041 -1.751 2.581 C
143 5 1.252 -1.479 2.785 N
144 5 -0.918 -2.063 3.653 C
145 5 -2.210 -2.357 3.342 C
146 5 -6.713 0.248 2.905 H
147 5 -4.971 0.324 2.575 H
148 5 -6.837 -1.657 1.233 H
149 5 -5.673 -1.655 3.936 H
150 5 -4.273 -3.396 3.766 H
151 5 -5.323 -4.263 2.640 H
152 5 -3.939 -3.693 1.008 H
153 5 1.866 -1.302 1.999 H
154 5 1.625 -1.486 3.723 H
155 5 -0.561 -2.089 4.682 H
156 5 -2.912 -2.544 4.141 H
157 6 -7.404 -4.208 4.198 P
158 6 -8.800 -4.247 4.688 O
159 6 -6.283 -4.267 5.164 O
160 6 -7.217 -5.396 3.121 O
161 6 -6.228 -6.416 3.303 C
162 6 -5.564 -6.787 1.974 C
163 6 -4.134 -6.592 2.031 O
164 6 -5.823 -8.243 1.608 C
165 6 -6.782 -8.341 0.549 O
166 6 -4.491 -8.805 1.182 C
167 6 -3.453 -7.724 1.445 C
168 6 -2.379 -8.219 2.338 N
169 6 -1.071 -7.994 1.946 C
170 6 -0.792 -7.423 0.896 O
171 6 -0.090 -8.453 2.805 N
172 6 -0.299 -9.108 4.005 C
173 6 0.653 -9.474 4.692 O
174 6 -1.695 -9.301 4.334 C
175 6 -2.070 -10.004 5.636 C
176 6 -2.671 -8.863 3.512 C
177 6 -6.705 -7.298 3.729 H
178 6 -5.466 -6.054 3.994 H
179 6 -5.972 -6.151 1.189 H
180 6 -6.178 -8.785 2.487 H
181 6 -6.409 -7.901 -0.216 H
182 6 -4.259 -9.698 1.762 H
183 6 -4.513 -9.048 0.119 H
184 6 -3.012 -7.419 0.496 H
185 6 0.869 -8.293 2.531 H
186 6 -2.893 -9.471 6.113 H
187 6 -1.210 -10.017 6.305 H
188 6 -2.378 -11.027 5.420 H
189 6 -3.712 -9.036 3.782 H
222 8 -7.863 -1.960 -3.848 P
223 8 -9.329 -2.152 -3.795 O
224 8 -7.115 -2.338 -5.069 O
225 8 -7.548 -0.414 -3.522 O
226 8 -6.200 0.070 -3.455 C
227 8 -6.011 1.003 -2.261 C
228 8 -4.739 0.781 -1.609 O
229 8 -6.072 2.459 -2.691 C
230 8 -7.327 3.044 -2.322 O
231 8 -4.918 3.139 -1.999 C
232 8 -4.090 2.043 -1.337 C
233 8 -2.687 2.024 -1.823 N
234 8 -1.707 1.681 -0.899 C
235 8 -2.014 1.423 0.268 O
236 8 -0.413 1.636 -1.316 N
237 8 -0.084 1.914 -2.582 C
238 8 1.189 1.817 -2.965 N
239 8 -1.082 2.272 -3.539 C
240 8 -2.367 2.313 -3.122 C
241 8 -5.972 0.610 -4.374 H
242 8 -5.519 -0.773 -3.362 H
243 8 -6.809 0.816 -1.542 H
244 8 -5.933 2.526 -3.773 H
245 8 -4.322 3.679 -2.724 H
246 8 -5.294 3.826 -1.242 H
247 8 -4.081 2.217 -0.259 H
248 8 1.903 1.583 -2.291 H
249 8 1.440 1.991 -3.927 H
250 8 -0.808 2.530 -4.563 H
251 8 -3.155 2.577 -3.828 H
252 9 -7.682 4.563 -2.723 P
253 9 -9.115 4.794 -2.435 O
254 9 -7.151 4.821 -4.081 O
255 9 -6.812 5.411 -1.665 O
256 9 -5.916 6.431 -2.109 C
257 9 -4.997 6.897 -0.978 C
258 9 -3.607 6.743 -1.337 O
259 9 -5.234 8.362 -0.637 C
260 9 -5.927 8.488 0.609 O
261 9 -3.868 8.996 -0.563 C
262 9 -2.865 7.934 -0.987 C
263 9 -2.040 8.395 -2.129 N
264 9 -0.669 8.227 -2.034 C
265 9 -0.134 7.754 -1.035 O
266 9 0.071 8.633 -3.128 N
267 9 -0.431 9.185 -4.293 C
268 9 0.324 9.507 -5.208 O
269 9 -1.870 9.327 -4.303 C
270 9 -2.560 9.914 -5.532 C
271 9 -2.615 8.940 -3.248 C
272 9 -6.499 7.276 -2.474 H
273 9 -5.307 6.038 -2.924 H
274 9 -5.198 6.294 -0.093 H
275 9 -5.808 8.837 -1.436 H
276 9 -5.725 7.705 1.126 H
277 9 -3.817 9.852 -1.236 H
278 9 -3.662 9.314 0.459 H
279 9 -2.211 7.708 -0.146 H
280 9 1.072 8.514 -3.072 H
281 9 -1.816 10.376 -6.181 H
282 9 -3.072 9.119 -6.075 H
283 9 -3.285 10.665 -5.218 H
284 9 -3.695 9.080 -3.279 H
317 11 7.661 2.399 -3.274 P
318 11 9.009 1.972 -2.836 O
319 11 7.373 2.567 -4.716 O
320 11 6.583 1.371 -2.658 O
321 11 6.183 0.204 -3.385 C
322 11 5.994 -0.994 -2.457 C
323 11 4.766 -0.877 -1.704 O
324 11 5.940 -2.298 -3.242 C
325 11 7.167 -3.030 -3.116 O
326 11 4.784 -3.073 -2.663 C
327 11 4.058 -2.134 -1.710 C
328 11 2.638 -1.940 -2.086 N
329 11 1.741 -1.712 -1.053 C
330 11 2.136 -1.671 0.113 O
331 11 0.431 -1.531 -1.363 N
332 11 0.011 -1.567 -2.631 C
333 11 -1.275 -1.349 -2.898 N
334 11 0.927 -1.802 -3.703 C
335 11 2.226 -1.983 -3.387 C
336 11 6.949 -0.036 -4.124 H
337 11 5.246 0.411 -3.899 H
338 11 6.830 -1.036 -1.760 H
339 11 5.738 -2.083 -4.294 H
340 11 4.121 -3.400 -3.458 H
341 11 5.157 -3.938 -2.115 H
342 11 4.093 -2.560 -0.712 H
343 11 -1.933 -1.216 -2.141 H
344 11 -1.597 -1.342 -3.855 H
345 11 0.583 -1.848 -4.737 H
346 11 2.952 -2.173 -4.174 H
347 12 7.318 -4.505 -3.753 P
348 12 8.758 -4.838 -3.813 O
349 12 6.493 -4.568 -4.981 O
350 12 6.632 -5.438 -2.631 O
351 12 5.712 -6.473 -2.994 C
352 12 4.882 -6.922 -1.791 C
353 12 3.470 -6.752 -2.038 O
354 12 5.130 -8.387 -1.458 C
355 12 5.909 -8.509 -0.265 O
356 12 3.766 -9.006 -1.279 C
357 12 2.745 -7.934 -1.632 C
358 12 1.836 -8.391 -2.710 N
359 12 0.480 -8.165 -2.541 C
360 12 0.025 -7.632 -1.534 O
361 12 -0.340 -8.584 -3.572 N
362 12 0.071 -9.204 -4.739 C
363 12 -0.749 -9.537 -5.592 O
364 12 1.502 -9.402 -4.827 C
365 12 2.093 -10.081 -6.060 C
366 12 2.322 -9.000 -3.836 C
367 12 6.272 -7.322 -3.386 H
368 12 5.042 -6.099 -3.770 H
369 12 5.160 -6.315 -0.930 H
370 12 5.640 -8.873 -2.291 H
371 12 5.729 -7.732 0.269 H
372 12 3.656 -9.864 -1.942 H
373 12 3.634 -9.318 -0.243 H
374 12 2.155 -7.700 -0.746 H
375 12 -1.331 -8.418 -3.465 H
376 12 2.615 -9.342 -6.666 H
377 12 2.794 -10.855 -5.746 H
378 12 1.293 -10.533 -6.646 H
379 12 3.395 -9.169 -3.931 H
32 2 7.767 -2.312 3.534 P
33 2 9.226 -2.101 3.396 O
34 2 7.131 -2.221 4.868 O
35 2 7.015 -1.294 2.538 O
36 2 6.321 -0.149 3.039 C
37 2 6.156 0.907 1.951 C
38 2 4.888 0.762 1.277 O
39 2 6.228 2.311 2.529 C
40 2 7.468 2.938 2.183 O
41 2 5.058 3.058 1.944 C
42 2 4.227 2.040 1.174 C
43 2 2.833 1.947 1.671 N
44 2 1.862 1.649 0.720 C
45 2 2.138 1.478 -0.466 O
46 2 0.569 1.552 1.183 N
47 2 0.231 1.733 2.490 C
48 2 -1.050 1.568 2.829 N
49 2 1.232 2.040 3.452 C
50 2 2.517 2.136 3.008 C
51 2 6.885 0.277 3.870 H
52 2 5.337 -0.455 3.393 H
53 2 6.955 0.786 1.221 H
54 2 6.118 2.267 3.616 H
55 2 4.472 3.506 2.737 H
56 2 5.418 3.832 1.265 H
57 2 4.199 2.337 0.127 H
58 2 -1.743 1.379 2.114 H
59 2 -1.330 1.655 3.794 H
60 2 0.973 2.218 4.496 H
61 2 3.314 2.361 3.718 H
62 3 8.030 4.187 3.030 P
63 3 9.506 4.189 2.927 O
64 3 7.384 4.176 4.363 O
65 3 7.466 5.449 2.201 O
66 3 6.584 6.390 2.816 C
67 3 5.837 7.221 1.772 C
68 3 4.409 7.046 1.899 O
69 3 6.148 8.705 1.920 C
70 3 6.959 9.167 0.834 O
71 3 4.815 9.409 1.935 C
72 3 3.743 8.328 1.915 C
73 3 2.838 8.437 3.085 N
74 3 1.481 8.274 2.857 C
75 3 1.025 8.060 1.735 O
76 3 0.663 8.366 3.968 N
77 3 1.073 8.602 5.268 C
78 3 0.253 8.663 6.181 O
79 3 2.503 8.758 5.413 C
80 3 3.094 9.014 6.799 C
81 3 3.325 8.676 4.347 C
82 3 7.167 7.051 3.456 H
83 3 5.859 5.850 3.425 H
84 3 6.143 6.894 0.778 H
85 3 6.659 8.881 2.869 H
86 3 7.211 10.071 1.031 H
87 3 4.723 10.014 2.837 H
88 3 4.720 10.042 1.053 H
89 3 3.155 8.431 1.003 H
90 3 -0.329 8.250 3.815 H
91 3 4.054 9.520 6.698 H
92 3 3.237 8.063 7.313 H
93 3 2.412 9.639 7.375 H
94 3 4.396 8.813 4.489 H
127 5 -7.496 2.447 3.661 P
128 5 -8.968 2.326 3.757 O
129 5 -6.674 2.463 4.893 O
130 5 -6.957 1.271 2.703 O
131 5 -6.145 0.212 3.218 C
132 5 -5.971 -0.892 2.182 C
133 5 -4.703 -0.766 1.505 O
134 5 -6.033 -2.271 2.824 C
135 5 -7.278 -2.914 2.528 O
136 5 -4.874 -3.040 2.250 C
137 5 -4.027 -2.037 1.474 C
138 5 -2.653 -1.905 1.994 N
139 5 -1.709 -1.445 1.086 C
140 5 -2.012 -1.126 -0.065 O
141 5 -0.417 -1.367 1.547 N
142 5 -0.055 -1.716 2.811 C
143 5 1.233 -1.597 3.139 N
144 5 -1.037 -2.180 3.733 C
145 5 -2.322 -2.256 3.283 C
146 5 -6.619 -0.201 4.109 H
147 5 -5.166 0.609 3.485 H
148 5 -6.770 -0.811 1.445 H
149 5 -5.903 -2.179 3.905 H
150 5 -4.302 -3.497 3.046 H
151 5 -5.244 -3.811 1.574 H
152 5 -3.955 -2.370 0.448 H
153 5 1.909 -1.316 2.439 H
154 5 1.539 -1.830 4.072 H
155 5 -0.763 -2.484 4.744 H
156 5 -3.109 -2.591 3.953 H
157 6 -7.803 -4.152 3.416 P
158 6 -9.272 -4.241 3.260 O
159 6 -7.210 -4.040 4.768 O
160 6 -7.141 -5.418 2.671 O
161 6 -6.196 -6.258 3.341 C
162 6 -5.474 -7.174 2.353 C
163 6 -4.042 -7.006 2.442 O
164 6 -5.793 -8.640 2.614 C
165 6 -6.680 -9.156 1.617 O
166 6 -4.470 -9.361 2.587 C
167 6 -3.389 -8.295 2.462 C
168 6 -2.419 -8.379 3.578 N
169 6 -1.073 -8.289 3.261 C
170 6 -0.679 -8.139 2.106 O
171 6 -0.193 -8.375 4.324 N
172 6 -0.533 -8.542 5.654 C
173 6 0.339 -8.607 6.519 O
174 6 -1.957 -8.625 5.892 C
175 6 -2.470 -8.810 7.319 C
176 6 -2.838 -8.544 4.874 C
177 6 -6.722 -6.864 4.078 H
178 6 -5.462 -5.633 3.850 H
179 6 -5.792 -6.920 1.343 H
180 6 -6.243 -8.747 3.604 H
181 6 -7.480 -8.628 1.647 H
182 6 -4.335 -9.929 3.507 H
183 6 -4.431 -10.031 1.728 H
184 6 -2.859 -8.437 1.520 H
185 6 0.792 -8.308 4.109 H
186 6 -2.289 -7.900 7.891 H
187 6 -1.947 -9.643 7.789 H
188 6 -3.540 -9.019 7.299 H
189 6 -3.905 -8.612 5.086 H
222 8 -7.600 -1.886 -4.166 P
223 8 -9.007 -1.800 -4.617 O
224 8 -6.507 -1.948 -5.164 O
225 8 -7.313 -0.649 -3.175 O
226 8 -6.224 0.246 -3.419 C
227 8 -6.091 1.274 -2.299 C
228 8 -4.861 1.082 -1.567 O
229 8 -6.101 2.691 -2.853 C
230 8 -7.326 3.355 -2.524 O
231 8 -4.917 3.385 -2.231 C
232 8 -4.146 2.330 -1.447 C
233 8 -2.749 2.181 -1.925 N
234 8 -1.792 1.853 -0.975 C
235 8 -2.115 1.704 0.206 O
236 8 -0.502 1.698 -1.382 N
237 8 -0.159 1.857 -2.665 C
238 8 1.106 1.657 -3.037 N
239 8 -1.135 2.199 -3.649 C
240 8 -2.415 2.349 -3.241 C
241 8 -6.394 0.762 -4.364 H
242 8 -5.300 -0.327 -3.488 H
243 8 -6.930 1.158 -1.613 H
244 8 -5.971 2.661 -3.937 H
245 8 -4.293 3.814 -3.007 H
246 8 -5.261 4.170 -1.558 H
247 8 -4.123 2.622 -0.400 H
248 8 1.809 1.435 -2.345 H
249 8 1.365 1.742 -4.008 H
250 8 -0.847 2.361 -4.689 H
251 8 -3.188 2.602 -3.965 H
252 9 -7.719 4.752 -3.222 P
253 9 -9.166 4.981 -3.017 O
254 9 -7.158 4.762 -4.593 O
255 9 -6.908 5.820 -2.330 O
256 9 -5.919 6.664 -2.922 C
257 9 -5.226 7.528 -1.868 C
258 9 -3.802 7.283 -1.852 O
259 9 -5.450 9.010 -2.134 C
260 9 -6.320 9.579 -1.150 O
261 9 -4.088 9.653 -2.086 C
262 9 -3.075 8.532 -1.891 C
263 9 -2.068 8.518 -2.978 N
264 9 -0.746 8.299 -2.625 C
265 9 -0.397 8.129 -1.458 O
266 9 0.164 8.277 -3.666 N
267 9 -0.126 8.451 -5.008 C
268 9 0.767 8.410 -5.852 O
269 9 -1.528 8.674 -5.282 C
270 9 -1.994 8.870 -6.723 C
271 9 -2.435 8.702 -4.286 C
272 9 -6.402 7.307 -3.658 H
273 9 -5.174 6.045 -3.422 H
274 9 -5.633 7.281 -0.888 H
275 9 -5.877 9.144 -3.131 H
276 9 -7.159 9.757 -1.580 H
277 9 -3.892 10.179 -3.020 H
278 9 -4.036 10.350 -1.251 H
279 9 -2.567 8.676 -0.938 H
280 9 1.132 8.117 -3.424 H
281 9 -2.327 7.916 -7.130 H
282 9 -2.821 9.581 -6.744 H
283 9 -1.170 9.254 -7.323 H
284 9 -3.481 8.885 -4.527 H
317 11 7.606 1.888 -3.349 P
318 11 9.006 1.494 -3.076 O
319 11 7.111 1.938 -4.744 O
320 11 6.638 0.920 -2.501 O
321 11 6.051 -0.238 -3.101 C
322 11 5.819 -1.340 -2.071 C
323 11 4.570 -1.139 -1.372 O
324 11 5.768 -2.710 -2.734 C
325 11 6.973 -3.452 -2.507 O
326 11 4.584 -3.413 -2.127 C
327 11 3.849 -2.385 -1.277 C
328 11 2.440 -2.225 -1.705 N
329 11 1.505 -1.961 -0.717 C
330 11 1.865 -1.833 0.459 O
331 11 0.197 -1.834 -1.082 N
332 11 -0.181 -1.957 -2.362 C
333 11 -1.470 -1.793 -2.696 N
334 11 0.782 -2.226 -3.383 C
335 11 2.074 -2.353 -3.011 C
336 11 6.716 -0.612 -3.881 H
337 11 5.097 0.039 -3.549 H
338 11 6.634 -1.326 -1.348 H
339 11 5.602 -2.588 -3.807 H
340 11 3.938 -3.791 -2.912 H
341 11 4.925 -4.237 -1.501 H
342 11 3.859 -2.716 -0.243 H
343 11 -2.175 -1.637 -1.981 H
344 11 -1.744 -1.855 -3.665 H
345 11 0.479 -2.338 -4.424 H
346 11 2.832 -2.575 -3.756 H
347 12 7.228 -4.848 -3.278 P
348 12 7.263 -5.933 -2.272 O
349 12 8.367 -4.664 -4.204 O
350 12 5.882 -5.012 -4.158 O
351 12 5.405 -6.299 -4.571 C
352 12 5.034 -7.179 -3.374 C
353 12 3.617 -7.133 -3.102 O
354 12 5.414 -8.633 -3.618 C
355 12 6.598 -8.978 -2.892 O
356 12 4.234 -9.448 -3.153 C
357 12 3.128 -8.460 -2.806 C
358 12 1.885 -8.745 -3.562 N
359 12 0.685 -8.641 -2.876 C
360 12 0.634 -8.353 -1.681 O
361 12 -0.458 -8.889 -3.612 N
362 12 -0.509 -9.229 -4.951 C
363 12 -1.588 -9.424 -5.507 O
364 12 0.789 -9.317 -5.586 C
365 12 0.879 -9.683 -7.065 C
366 12 1.920 -9.080 -4.892 C
367 12 6.181 -6.795 -5.154 H
368 12 4.525 -6.161 -5.198 H
369 12 5.570 -6.821 -2.496 H
370 12 5.567 -8.798 -4.687 H
371 12 6.969 -8.160 -2.553 H
372 12 3.907 -10.118 -3.947 H
373 12 4.507 -10.026 -2.270 H
374 12 2.917 -8.528 -1.738 H
375 12 -1.340 -8.813 -3.126 H
376 12 1.513 -10.561 -7.184 H
377 12 -0.119 -9.901 -7.448 H
378 12 1.306 -8.849 -7.620 H
379 12 2.883 -9.168 -5.396 H
32 2 7.750 -2.578 1.674 P
33 2 6.988 -3.493 0.793 O
34 2 9.199 -2.795 1.879 O
35 2 7.542 -1.075 1.128 O
36 2 7.049 -0.033 1.978 C
37 2 6.552 1.151 1.157 C
38 2 5.202 0.935 0.696 O
39 2 6.558 2.438 1.967 C
40 2 7.727 3.222 1.699 O
41 2 5.308 3.169 1.553 C
42 2 4.460 2.169 0.773 C
43 2 3.122 1.957 1.383 N
44 2 2.095 1.587 0.515 C
45 2 2.285 1.400 -0.685 O
46 2 0.848 1.430 1.085 N
47 2 0.608 1.619 2.414 C
48 2 -0.631 1.407 2.864 N
49 2 1.667 1.992 3.285 C
50 2 2.902 2.148 2.735 C
51 2 7.852 0.299 2.637 H
52 2 6.229 -0.420 2.582 H
53 2 7.200 1.276 0.291 H
54 2 6.500 2.200 3.032 H
55 2 4.779 3.524 2.430 H
56 2 5.569 4.012 0.913 H
57 2 4.321 2.549 -0.232 H
58 2 -1.371 1.173 2.219 H
59 2 -0.832 1.506 3.848 H
60 2 1.486 2.172 4.345 H
61 2 3.739 2.419 3.375 H
62 3 8.175 4.403 2.704 P
63 3 8.455 5.613 1.898 O
64 3 9.213 3.867 3.613 O
65 3 6.838 4.669 3.567 O
66 3 6.705 5.843 4.376 C
67 3 6.260 7.047 3.546 C
68 3 4.864 6.954 3.188 O
69 3 6.452 8.350 4.308 C
70 3 7.638 9.026 3.880 O
71 3 5.222 9.173 4.018 C
72 3 4.244 8.255 3.293 C
73 3 2.943 8.170 4.002 N
74 3 1.799 8.116 3.222 C
75 3 1.841 8.131 1.992 O
76 3 0.599 8.043 3.905 N
77 3 0.442 8.018 5.278 C
78 3 -0.679 7.953 5.779 O
79 3 1.685 8.077 6.013 C
80 3 1.657 8.059 7.538 C
81 3 2.871 8.149 5.373 C
82 3 7.666 6.066 4.840 H
83 3 5.970 5.652 5.156 H
84 3 6.853 7.083 2.633 H
85 3 6.504 8.142 5.379 H
86 3 8.051 9.400 4.662 H
87 3 4.786 9.535 4.948 H
88 3 5.483 10.015 3.377 H
89 3 4.075 8.645 2.289 H
90 3 -0.242 8.000 3.348 H
91 3 1.965 9.033 7.919 H
92 3 2.340 7.294 7.906 H
93 3 0.646 7.839 7.881 H
94 3 3.789 8.195 5.958 H
127 5 -7.162 1.626 3.971 P
128 5 -8.527 1.662 4.541 O
129 5 -6.012 1.273 4.836 O
130 5 -7.173 0.626 2.707 O
131 5 -5.955 0.084 2.185 C
132 5 -6.131 -1.368 1.752 C
133 5 -5.025 -1.795 0.920 O
134 5 -6.198 -2.287 2.965 C
135 5 -7.503 -2.862 3.108 O
136 5 -5.161 -3.347 2.726 C
137 5 -4.292 -2.852 1.573 C
138 5 -2.948 -2.352 1.989 N
139 5 -2.073 -1.966 0.964 C
140 5 -2.410 -1.938 -0.223 O
141 5 -0.808 -1.583 1.362 N
142 5 -0.410 -1.570 2.666 C
143 5 0.847 -1.210 2.933 N
144 5 -1.317 -1.951 3.691 C
145 5 -2.564 -2.329 3.311 C
146 5 -5.181 0.136 2.952 H
147 5 -5.643 0.674 1.324 H
148 5 -7.057 -1.459 1.185 H
149 5 -5.936 -1.725 3.865 H
150 5 -4.581 -3.511 3.620 H
151 5 -5.651 -4.276 2.437 H
152 5 -4.149 -3.684 0.882 H
153 5 1.476 -0.971 2.179 H
154 5 1.176 -1.198 3.888 H
155 5 -1.022 -1.941 4.740 H
156 5 -3.281 -2.597 4.064 H
157 6 -7.862 -3.783 4.383 P
158 6 -9.335 -3.876 4.487 O
159 6 -7.070 -3.307 5.540 O
160 6 -7.299 -5.226 3.940 O
161 6 -6.214 -5.842 4.641 C
162 6 -5.699 -7.069 3.890 C
163 6 -4.293 -6.948 3.588 O
164 6 -5.893 -8.340 4.704 C
165 6 -7.001 -9.100 4.212 O
166 6 -4.605 -9.110 4.570 C
167 6 -3.624 -8.203 3.839 C
168 6 -2.393 -8.001 4.635 N
169 6 -1.180 -8.233 4.008 C
170 6 -1.104 -8.582 2.831 O
171 6 -0.050 -8.046 4.783 N
172 6 -0.027 -7.654 6.110 C
173 6 1.041 -7.520 6.703 O
174 6 -1.336 -7.433 6.681 C
175 6 -1.458 -6.993 8.138 C
176 6 -2.454 -7.609 5.947 C
177 6 -6.557 -6.142 5.631 H
178 6 -5.404 -5.121 4.747 H
179 6 -6.250 -7.163 2.955 H
180 6 -6.051 -8.083 5.754 H
181 6 -7.429 -9.502 4.971 H
182 6 -4.218 -9.365 5.557 H
183 6 -4.774 -10.018 3.991 H
184 6 -3.360 -8.662 2.886 H
185 6 0.842 -8.212 4.340 H
186 6 -1.960 -7.772 8.712 H
187 6 -2.038 -6.072 8.193 H
188 6 -0.464 -6.821 8.551 H
189 6 -3.427 -7.440 6.409 H
222 8 -6.538 -1.221 -4.590 P
223 8 -7.794 -0.780 -5.238 O
224 8 -5.345 -1.514 -5.417 O
225 8 -6.129 -0.121 -3.487 O
226 8 -6.912 0.035 -2.301 C
227 8 -6.369 1.137 -1.396 C
228 8 -5.013 0.860 -0.981 O
229 8 -6.365 2.485 -2.101 C
230 8 -7.502 3.276 -1.733 O
231 8 -5.083 3.149 -1.679 C
232 8 -4.255 2.088 -0.965 C
233 8 -2.917 1.906 -1.584 N
234 8 -1.874 1.564 -0.736 C
235 8 -2.082 1.401 0.465 O
236 8 -0.630 1.413 -1.265 N
237 8 -0.411 1.587 -2.573 C
238 8 0.815 1.396 -3.063 N
239 8 -1.477 1.940 -3.456 C
240 8 -2.712 2.087 -2.923 C
241 8 -6.912 -0.906 -1.751 H
242 8 -7.936 0.281 -2.583 H
243 8 -6.999 1.205 -0.509 H
244 8 -6.348 2.330 -3.182 H
245 8 -4.560 3.521 -2.549 H
246 8 -5.300 3.971 -0.997 H
247 8 -4.116 2.395 0.066 H
248 8 1.579 1.171 -2.442 H
249 8 0.984 1.495 -4.052 H
250 8 -1.291 2.112 -4.517 H
251 8 -3.553 2.349 -3.565 H
252 9 -7.839 4.648 -2.514 P
253 9 -8.011 5.722 -1.510 O
254 9 -8.917 4.372 -3.490 O
255 9 -6.481 4.939 -3.333 O
256 9 -6.372 6.071 -4.201 C
257 9 -5.829 7.295 -3.461 C
258 9 -4.412 7.173 -3.210 O
259 9 -6.048 8.571 -4.261 C
260 9 -7.152 9.320 -3.740 O
261 9 -4.763 9.351 -4.146 C
262 9 -3.755 8.436 -3.461 C
263 9 -2.533 8.247 -4.284 N
264 9 -1.324 8.166 -3.613 C
265 9 -1.246 8.242 -2.387 O
266 9 -0.201 7.990 -4.400 N
267 9 -0.179 7.886 -5.779 C
268 9 0.884 7.727 -6.377 O
269 9 -1.484 7.980 -6.396 C
270 9 -1.607 7.876 -7.914 C
271 9 -2.596 8.154 -5.653 C
272 9 -7.357 6.307 -4.604 H
273 9 -5.703 5.821 -5.022 H
274 9 -6.346 7.386 -2.506 H
275 9 -6.226 8.320 -5.309 H
276 9 -7.198 10.141 -4.234 H
277 9 -4.407 9.634 -5.136 H
278 9 -4.924 10.244 -3.542 H
279 9 -3.472 8.880 -2.506 H
280 9 0.687 7.931 -3.923 H
281 9 -1.877 8.850 -8.324 H
282 9 -0.654 7.557 -8.337 H
283 9 -2.378 7.149 -8.167 H
284 9 -3.561 8.231 -6.152 H
317 11 7.489 1.829 -4.005 P
318 11 8.966 1.770 -4.070 O
319 11 6.687 1.578 -5.225 O
320 11 6.996 0.816 -2.855 O
321 11 5.932 -0.106 -3.100 C
322 11 5.912 -1.221 -2.059 C
323 11 4.747 -1.105 -1.211 O
324 11 5.879 -2.588 -2.726 C
325 11 7.133 -3.267 -2.601 O
326 11 4.782 -3.352 -2.038 C
327 11 4.021 -2.350 -1.183 C
328 11 2.637 -2.161 -1.658 N
329 11 1.662 -1.903 -0.705 C
330 11 1.961 -1.827 0.487 O
331 11 0.382 -1.724 -1.126 N
332 11 0.071 -1.789 -2.425 C
333 11 -1.185 -1.563 -2.805 N
334 11 1.074 -2.054 -3.409 C
335 11 2.337 -2.235 -2.978 C
336 11 6.061 -0.542 -4.091 H
337 11 4.983 0.428 -3.067 H
338 11 6.806 -1.148 -1.442 H
339 11 5.624 -2.471 -3.783 H
340 11 4.126 -3.800 -2.776 H
341 11 5.213 -4.128 -1.405 H
342 11 3.983 -2.715 -0.172 H
343 11 -1.904 -1.418 -2.108 H
344 11 -1.423 -1.570 -3.785 H
345 11 0.823 -2.112 -4.469 H
346 11 3.126 -2.464 -3.686 H
347 12 7.452 -4.569 -3.501 P
348 12 7.808 -5.682 -2.592 O
349 12 8.384 -4.170 -4.579 O
350 12 6.021 -4.902 -4.169 O
351 12 5.838 -6.065 -4.984 C
352 12 5.554 -7.305 -4.136 C
353 12 4.207 -7.289 -3.618 O
354 12 5.724 -8.583 -4.944 C
355 12 6.970 -9.218 -4.644 O
356 12 4.561 -9.463 -4.563 C
357 12 3.629 -8.611 -3.710 C
358 12 2.259 -8.555 -4.279 N
359 12 1.203 -8.540 -3.383 C
360 12 1.374 -8.568 -2.165 O
361 12 -0.063 -8.491 -3.936 N
362 12 -0.365 -8.456 -5.285 C
363 12 -1.533 -8.412 -5.664 O
364 12 0.796 -8.476 -6.148 C
365 12 0.607 -8.450 -7.663 C
366 12 2.044 -8.523 -5.636 C
367 12 6.741 -6.234 -5.571 H
368 12 5.002 -5.894 -5.660 H
369 12 6.250 -7.324 -3.298 H
370 12 5.667 -8.352 -6.011 H
371 12 7.244 -9.697 -5.430 H
372 12 4.046 -9.812 -5.456 H
373 12 4.916 -10.316 -3.984 H
374 12 3.577 -9.041 -2.709 H
375 12 -0.842 -8.477 -3.293 H
376 12 1.205 -7.644 -8.090 H
377 12 0.926 -9.403 -8.085 H
378 12 -0.445 -8.284 -7.896 H
379 12 2.897 -8.538 -6.315 H
32 2 7.547 -2.717 3.528 P
33 2 9.013 -2.532 3.455 O
34 2 6.863 -2.678 4.841 O
35 2 6.854 -1.631 2.561 O
36 2 6.253 -0.450 3.097 C
37 2 6.125 0.637 2.033 C
38 2 4.862 0.534 1.338 O
39 2 6.214 2.025 2.650 C
40 2 7.466 2.648 2.336 O
41 2 5.065 2.805 2.072 C
42 2 4.227 1.827 1.261 C
43 2 2.824 1.753 1.738 N
44 2 1.858 1.494 0.771 C
45 2 2.145 1.325 -0.413 O
46 2 0.557 1.426 1.217 N
47 2 0.206 1.596 2.522 C
48 2 -1.084 1.464 2.841 N
49 2 1.204 1.860 3.501 C
50 2 2.496 1.930 3.073 C
51 2 6.868 -0.077 3.917 H
52 2 5.263 -0.697 3.478 H
53 2 6.933 0.520 1.311 H
54 2 6.090 1.953 3.733 H
55 2 4.477 3.238 2.871 H
56 2 5.444 3.595 1.423 H
57 2 4.220 2.155 0.222 H
58 2 -1.772 1.313 2.115 H
59 2 -1.375 1.543 3.803 H
60 2 0.940 2.021 4.547 H
61 2 3.287 2.128 3.796 H
62 3 7.946 3.980 3.110 P
63 3 8.759 4.789 2.174 O
64 3 8.510 3.577 4.418 O
65 3 6.561 4.760 3.377 O
66 3 6.559 6.101 3.875 C
67 3 6.215 7.106 2.774 C
68 3 4.889 6.880 2.248 O
69 3 6.271 8.536 3.290 C
70 3 7.480 9.183 2.882 O
71 3 5.064 9.226 2.706 C
72 3 4.217 8.144 2.045 C
73 3 2.838 8.109 2.597 N
74 3 1.810 7.814 1.716 C
75 3 2.009 7.599 0.521 O
76 3 0.536 7.781 2.256 N
77 3 0.203 8.014 3.577 C
78 3 -0.968 7.960 3.945 O
79 3 1.335 8.315 4.424 C
80 3 1.108 8.592 5.907 C
81 3 2.587 8.353 3.925 C
82 3 7.547 6.336 4.273 H
83 3 5.827 6.179 4.676 H
84 3 6.936 6.997 1.963 H
85 3 6.195 8.535 4.380 H
86 3 7.589 9.960 3.435 H
87 3 4.500 9.723 3.493 H
88 3 5.380 9.956 1.960 H
89 3 4.164 8.345 0.975 H
90 3 -0.223 7.565 1.626 H
91 3 1.913 9.223 6.287 H
92 3 1.096 7.650 6.455 H
93 3 0.154 9.102 6.040 H
94 3 3.416 8.592 4.591 H
127 5 -7.512 2.464 3.535 P
128 5 -8.974 2.527 3.754 O
129 5 -6.597 2.360 4.695 O
130 5 -7.205 1.239 2.533 O
131 5 -6.149 0.312 2.809 C
132 5 -5.999 -0.713 1.688 C
133 5 -4.712 -0.581 1.041 O
134 5 -6.111 -2.135 2.223 C
135 5 -7.373 -2.725 1.889 O
136 5 -4.978 -2.898 1.594 C
137 5 -4.068 -1.869 0.939 C
138 5 -2.716 -1.829 1.536 N
139 5 -1.709 -1.344 0.712 C
140 5 -1.936 -0.946 -0.434 O
141 5 -0.441 -1.349 1.244 N
142 5 -0.159 -1.802 2.497 C
143 5 1.111 -1.760 2.902 N
144 5 -1.203 -2.290 3.330 C
145 5 -2.463 -2.286 2.815 C
146 5 -6.367 -0.205 3.744 H
147 5 -5.213 0.861 2.917 H
148 5 -6.783 -0.549 0.949 H
149 5 -5.981 -2.127 3.307 H
150 5 -4.445 -3.459 2.350 H
151 5 -5.368 -3.579 0.838 H
152 5 -3.956 -2.124 -0.107 H
153 5 1.837 -1.462 2.263 H
154 5 1.355 -2.071 3.829 H
155 5 -0.994 -2.677 4.329 H
156 5 -3.288 -2.646 3.420 H
157 6 -7.891 -4.033 2.679 P
158 6 -8.317 -5.039 1.681 O
159 6 -8.832 -3.594 3.733 O
160 6 -6.546 -4.565 3.395 O
161 6 -6.449 -5.905 3.888 C
162 6 -6.209 -6.905 2.757 C
163 6 -4.883 -6.769 2.203 O
164 6 -6.361 -8.340 3.241 C
165 6 -7.630 -8.880 2.858 O
166 6 -5.231 -9.106 2.601 C
167 6 -4.325 -8.075 1.937 C
168 6 -2.930 -8.173 2.433 N
169 6 -1.915 -7.972 1.512 C
170 6 -2.142 -7.716 0.330 O
171 6 -0.625 -8.071 1.999 N
172 6 -0.262 -8.350 3.303 C
173 6 0.924 -8.409 3.622 O
174 6 -1.383 -8.545 4.195 C
175 6 -1.127 -8.862 5.666 C
176 6 -2.652 -8.454 3.748 C
177 6 -7.375 -6.163 4.402 H
178 6 -5.624 -5.959 4.597 H
179 6 -6.937 -6.723 1.967 H
180 6 -6.250 -8.374 4.327 H
181 6 -8.237 -8.143 2.766 H
182 6 -4.681 -9.664 3.357 H
183 6 -5.626 -9.791 1.850 H
184 6 -4.329 -8.246 0.860 H
185 6 0.124 -7.928 1.337 H
186 6 -0.147 -9.328 5.773 H
187 6 -1.895 -9.545 6.030 H
188 6 -1.156 -7.940 6.247 H
189 6 -3.473 -8.615 4.446 H
222 8 -7.461 -1.529 -4.552 P
223 8 -8.854 -1.355 -5.019 O
224 8 -6.347 -1.498 -5.528 O
225 8 -7.171 -0.426 -3.411 O
226 8 -6.090 0.502 -3.545 C
227 8 -6.028 1.467 -2.360 C
228 8 -4.833 1.239 -1.578 O
229 8 -6.020 2.916 -2.830 C
230 8 -7.235 3.582 -2.465 O
231 8 -4.832 3.562 -2.168 C
232 8 -4.093 2.468 -1.411 C
233 8 -2.695 2.303 -1.883 N
234 8 -1.750 1.945 -0.933 C
235 8 -2.079 1.804 0.246 O
236 8 -0.464 1.752 -1.336 N
237 8 -0.112 1.904 -2.618 C
238 8 1.146 1.648 -2.988 N
239 8 -1.075 2.280 -3.603 C
240 8 -2.351 2.468 -3.197 C
241 8 -6.223 1.070 -4.465 H
242 8 -5.153 -0.052 -3.601 H
243 8 -6.899 1.305 -1.726 H
244 8 -5.889 2.949 -3.914 H
245 8 -4.189 4.004 -2.920 H
246 8 -5.169 4.331 -1.472 H
247 8 -4.072 2.727 -0.354 H
248 8 1.839 1.403 -2.294 H
249 8 1.408 1.716 -3.960 H
250 8 -0.780 2.437 -4.642 H
251 8 -3.113 2.756 -3.921 H
252 9 -7.592 5.032 -3.074 P
253 9 -9.020 5.309 -2.802 O
254 9 -7.081 5.091 -4.463 O
255 9 -6.705 6.021 -2.162 O
256 9 -5.743 6.904 -2.749 C
257 9 -5.304 7.978 -1.757 C
258 9 -3.969 7.715 -1.274 O
259 9 -5.316 9.361 -2.394 C
260 9 -6.404 10.144 -1.896 O
261 9 -3.992 9.988 -2.040 C
262 9 -3.163 8.909 -1.353 C
263 9 -1.896 8.640 -2.079 N
264 9 -0.789 8.314 -1.315 C
265 9 -0.842 8.225 -0.090 O
266 9 0.384 8.082 -2.009 N
267 9 0.547 8.146 -3.380 C
268 9 1.643 7.924 -3.891 O
269 9 -0.659 8.489 -4.101 C
270 9 -0.617 8.598 -5.624 C
271 9 -1.818 8.720 -3.448 C
272 9 -6.183 7.380 -3.625 H
273 9 -4.871 6.326 -3.057 H
274 9 -5.990 7.975 -0.910 H
275 9 -5.392 9.264 -3.480 H
276 9 -6.773 10.626 -2.640 H
277 9 -3.491 10.338 -2.940 H
278 9 -4.151 10.823 -1.357 H
279 9 -2.925 9.241 -0.342 H
280 9 1.197 7.835 -1.463 H
281 9 -0.240 7.665 -6.044 H
282 9 -1.621 8.788 -6.004 H
283 9 0.042 9.418 -5.911 H
284 9 -2.712 8.965 -4.022 H
317 11 7.680 1.897 -3.510 P
318 11 9.136 1.650 -3.602 O
319 11 6.865 1.973 -4.744 O
320 11 7.040 0.779 -2.546 O
321 11 6.123 -0.193 -3.054 C
322 11 5.892 -1.312 -2.044 C
323 11 4.620 -1.154 -1.383 O
324 11 5.912 -2.676 -2.717 C
325 11 7.120 -3.380 -2.409 O
326 11 4.706 -3.409 -2.191 C
327 11 3.912 -2.409 -1.360 C
328 11 2.529 -2.241 -1.864 N
329 11 1.545 -1.993 -0.923 C
330 11 1.839 -1.917 0.274 O
331 11 0.264 -1.825 -1.357 N
332 11 -0.043 -1.893 -2.658 C
333 11 -1.304 -1.674 -3.057 N
334 11 0.971 -2.153 -3.633 C
335 11 2.237 -2.319 -3.194 C
336 11 6.526 -0.616 -3.975 H
337 11 5.172 0.293 -3.271 H
338 11 6.682 -1.277 -1.295 H
339 11 5.815 -2.553 -3.798 H
340 11 4.107 -3.779 -3.018 H
341 11 5.026 -4.241 -1.564 H
342 11 3.864 -2.764 -0.334 H
343 11 -2.042 -1.510 -2.376 H
344 11 -1.524 -1.687 -4.042 H
345 11 0.723 -2.229 -4.693 H
346 11 3.036 -2.522 -3.906 H
347 12 7.504 -4.737 -3.188 P
348 12 8.969 -4.923 -3.095 O
349 12 6.846 -4.717 -4.515 O
350 12 6.798 -5.867 -2.284 O
351 12 5.702 -6.636 -2.789 C
352 12 5.207 -7.637 -1.748 C
353 12 3.830 -7.379 -1.400 O
354 12 5.307 -9.068 -2.262 C
355 12 6.356 -9.778 -1.597 O
356 12 3.968 -9.700 -1.985 C
357 12 3.066 -8.603 -1.438 C
358 12 1.850 -8.440 -2.268 N
359 12 0.650 -8.264 -1.603 C
360 12 0.584 -8.216 -0.379 O
361 12 -0.473 -8.132 -2.399 N
362 12 -0.501 -8.160 -3.781 C
363 12 -1.563 -8.040 -4.388 O
364 12 0.798 -8.344 -4.392 C
365 12 0.915 -8.385 -5.914 C
366 12 1.909 -8.475 -3.638 C
367 12 6.024 -7.172 -3.682 H
368 12 4.885 -5.964 -3.052 H
369 12 5.818 -7.542 -0.851 H
370 12 5.487 -9.059 -3.340 H
371 12 6.381 -10.663 -1.968 H
372 12 3.551 -10.108 -2.905 H
373 12 4.079 -10.493 -1.245 H
374 12 2.769 -8.864 -0.423 H
375 12 -1.355 -7.994 -1.926 H
376 12 0.026 -7.939 -6.360 H
377 12 1.797 -7.825 -6.226 H
378 12 1.007 -9.420 -6.244 H
379 12 2.874 -8.609 -4.128 H
32 2 7.827 -2.437 3.454 P
33 2 9.303 -2.342 3.420 O
34 2 7.104 -2.244 4.732 O
35 2 7.230 -1.409 2.368 O
36 2 6.353 -0.350 2.759 C
37 2 6.254 0.712 1.669 C
38 2 4.963 0.668 1.022 O
39 2 6.452 2.107 2.241 C
40 2 7.715 2.647 1.840 O
41 2 5.313 2.937 1.711 C
42 2 4.371 1.983 0.987 C
43 2 3.013 1.957 1.587 N
44 2 1.965 1.654 0.722 C
45 2 2.146 1.431 -0.473 O
46 2 0.707 1.617 1.284 N
47 2 0.473 1.858 2.604 C
48 2 -0.783 1.746 3.045 N
49 2 1.552 2.169 3.475 C
50 2 2.801 2.206 2.934 C
51 2 6.731 0.107 3.674 H
52 2 5.360 -0.760 2.949 H
53 2 7.026 0.524 0.923 H
54 2 6.392 2.068 3.331 H
55 2 4.802 3.430 2.530 H
56 2 5.694 3.681 1.012 H
57 2 4.284 2.302 -0.050 H
58 2 -1.533 1.555 2.393 H
59 2 -0.985 1.876 4.024 H
60 2 1.378 2.396 4.527 H
61 2 3.652 2.431 3.574 H
62 3 8.372 3.883 2.637 P
63 3 9.840 3.817 2.461 O
64 3 7.793 3.918 4.000 O
65 3 7.823 5.155 1.814 O
66 3 6.865 6.048 2.392 C
67 3 6.166 6.882 1.318 C
68 3 4.734 6.701 1.367 O
69 3 6.459 8.367 1.491 C
70 3 7.365 8.829 0.485 O
71 3 5.128 9.066 1.381 C
72 3 4.067 7.980 1.281 C
73 3 3.051 8.121 2.350 N
74 3 1.720 8.034 1.980 C
75 3 1.374 7.845 0.816 O
76 3 0.795 8.168 2.999 N
77 3 1.079 8.377 4.336 C
78 3 0.172 8.478 5.160 O
79 3 2.493 8.454 4.631 C
80 3 2.948 8.685 6.070 C
81 3 3.416 8.328 3.655 C
82 3 7.377 6.710 3.089 H
83 3 6.117 5.468 2.934 H
84 3 6.526 6.565 0.339 H
85 3 6.879 8.546 2.483 H
86 3 7.164 8.347 -0.321 H
87 3 4.956 9.680 2.264 H
88 3 5.109 9.688 0.486 H
89 3 3.574 8.056 0.311 H
90 3 -0.180 8.104 2.743 H
91 3 3.744 7.982 6.317 H
92 3 2.107 8.533 6.747 H
93 3 3.318 9.705 6.175 H
94 3 4.474 8.396 3.909 H
127 5 -7.194 2.684 4.017 P
128 5 -8.626 2.789 4.374 O
129 5 -6.174 2.599 5.088 O
130 5 -7.012 1.416 3.038 O
131 5 -5.915 0.509 3.201 C
132 5 -5.853 -0.500 2.055 C
133 5 -4.590 -0.410 1.364 O
134 5 -6.023 -1.930 2.559 C
135 5 -7.276 -2.471 2.117 O
136 5 -4.865 -2.709 1.991 C
137 5 -3.971 -1.707 1.277 C
138 5 -2.602 -1.659 1.820 N
139 5 -1.622 -1.248 0.928 C
140 5 -1.888 -0.936 -0.234 O
141 5 -0.338 -1.217 1.414 N
142 5 -0.015 -1.568 2.687 C
143 5 1.269 -1.478 3.042 N
144 5 -1.032 -1.987 3.594 C
145 5 -2.312 -2.016 3.120 C
146 5 -6.030 -0.022 4.146 H
147 5 -4.985 1.077 3.223 H
148 5 -6.654 -0.279 1.350 H
149 5 -5.965 -1.948 3.649 H
150 5 -4.326 -3.207 2.788 H
151 5 -5.234 -3.448 1.280 H
152 5 -3.898 -1.992 0.236 H
153 5 1.968 -1.230 2.350 H
154 5 1.548 -1.698 3.984 H
155 5 -0.788 -2.298 4.611 H
156 5 -3.127 -2.318 3.778 H
157 6 -7.833 -3.872 2.688 P
158 6 -8.948 -4.311 1.819 O
159 6 -8.048 -3.725 4.146 O
160 6 -6.591 -4.872 2.457 O
161 6 -6.786 -6.289 2.431 C
162 6 -5.999 -6.941 1.294 C
163 6 -4.578 -6.727 1.448 O
164 6 -6.239 -8.444 1.243 C
165 6 -7.146 -8.789 0.189 O
166 6 -4.884 -9.066 1.018 C
167 6 -3.858 -7.947 1.160 C
168 6 -2.861 -8.241 2.223 N
169 6 -1.570 -7.775 2.024 C
170 6 -1.246 -7.152 1.016 O
171 6 -0.661 -8.052 3.030 N
172 6 -0.922 -8.743 4.199 C
173 6 -0.033 -8.928 5.027 O
174 6 -2.290 -9.193 4.323 C
175 6 -2.714 -9.974 5.564 C
176 6 -3.198 -8.937 3.359 C
177 6 -7.847 -6.501 2.295 H
178 6 -6.460 -6.707 3.382 H
179 6 -6.318 -6.501 0.349 H
180 6 -6.636 -8.782 2.203 H
181 6 -7.106 -8.090 -0.466 H
182 6 -4.703 -9.845 1.756 H
183 6 -4.834 -9.489 0.014 H
184 6 -3.335 -7.829 0.210 H
185 6 0.283 -7.717 2.898 H
186 6 -3.388 -9.364 6.166 H
187 6 -1.833 -10.230 6.153 H
188 6 -3.226 -10.888 5.262 H
189 6 -4.219 -9.295 3.484 H
222 8 -7.844 -2.094 -1.927 P
223 8 -7.889 -3.049 -0.797 O
224 8 -9.042 -1.287 -2.254 O
225 8 -6.609 -1.086 -1.685 O
226 8 -6.512 0.144 -2.413 C
227 8 -6.181 1.315 -1.491 C
228 8 -4.859 1.174 -0.928 O
229 8 -6.231 2.638 -2.243 C
230 8 -7.424 3.365 -1.923 O
231 8 -4.999 3.395 -1.818 C
232 8 -4.149 2.428 -1.004 C
233 8 -2.797 2.232 -1.587 N
234 8 -1.772 1.934 -0.700 C
235 8 -2.002 1.854 0.508 O
236 8 -0.522 1.730 -1.199 N
237 8 -0.279 1.813 -2.511 C
238 8 0.947 1.553 -2.970 N
239 8 -1.324 2.126 -3.433 C
240 8 -2.565 2.325 -2.934 C
241 8 -7.463 0.342 -2.909 H
242 8 -5.732 0.050 -3.166 H
243 8 -6.907 1.343 -0.679 H
244 8 -6.183 2.449 -3.318 H
245 8 -4.456 3.740 -2.692 H
246 8 -5.283 4.247 -1.201 H
247 8 -4.037 2.825 0.003 H
248 8 1.699 1.354 -2.325 H
249 8 1.128 1.571 -3.963 H
250 8 -1.117 2.229 -4.499 H
251 8 -3.387 2.561 -3.608 H
252 9 -7.773 4.749 -2.672 P
253 9 -9.228 4.988 -2.547 O
254 9 -7.143 4.726 -4.013 O
255 9 -7.005 5.838 -1.765 O
256 9 -6.029 6.712 -2.340 C
257 9 -5.143 7.341 -1.263 C
258 9 -3.752 7.016 -1.481 O
259 9 -5.275 8.859 -1.248 C
260 9 -6.006 9.293 -0.097 O
261 9 -3.867 9.398 -1.228 C
262 9 -2.935 8.202 -1.362 C
263 9 -2.038 8.343 -2.533 N
264 9 -0.698 8.055 -2.344 C
265 9 -0.249 7.721 -1.250 O
266 9 0.112 8.163 -3.458 N
267 9 -0.294 8.531 -4.728 C
268 9 0.517 8.592 -5.651 O
269 9 -1.708 8.816 -4.835 C
270 9 -2.292 9.225 -6.185 C
271 9 -2.520 8.719 -3.762 C
272 9 -6.544 7.499 -2.891 H
273 9 -5.405 6.143 -3.028 H
274 9 -5.444 6.953 -0.291 H
275 9 -5.776 9.194 -2.158 H
276 9 -5.816 8.672 0.610 H
277 9 -3.719 10.086 -2.059 H
278 9 -3.680 9.910 -0.283 H
279 9 -2.329 8.124 -0.459 H
280 9 1.091 7.951 -3.335 H
281 9 -2.564 8.332 -6.749 H
282 9 -3.180 9.839 -6.027 H
283 9 -1.551 9.796 -6.744 H
284 9 -3.578 8.958 -3.871 H
317 11 7.521 1.916 -3.889 P
318 11 8.972 1.637 -3.814 O
319 11 6.818 1.824 -5.190 O
320 11 6.768 0.957 -2.837 O
321 11 5.990 -0.156 -3.286 C
322 11 5.853 -1.211 -2.193 C
323 11 4.617 -1.043 -1.466 O
324 11 5.873 -2.617 -2.778 C
325 11 7.108 -3.276 -2.471 O
326 11 4.703 -3.337 -2.158 C
327 11 3.930 -2.305 -1.346 C
328 11 2.525 -2.179 -1.796 N
329 11 1.583 -1.871 -0.831 C
330 11 1.929 -1.715 0.346 O
331 11 0.283 -1.736 -1.216 N
332 11 -0.081 -1.893 -2.495 C
333 11 -1.359 -1.705 -2.849 N
334 11 0.889 -2.214 -3.496 C
335 11 2.174 -2.348 -3.104 C
336 11 6.475 -0.601 -4.156 H
337 11 4.999 0.195 -3.571 H
338 11 6.685 -1.108 -1.497 H
339 11 5.733 -2.566 -3.860 H
340 11 4.073 -3.761 -2.936 H
341 11 5.062 -4.130 -1.503 H
342 11 3.931 -2.609 -0.302 H
343 11 -2.063 -1.501 -2.147 H
344 11 -1.625 -1.784 -3.819 H
345 11 0.596 -2.358 -4.537 H
346 11 2.940 -2.601 -3.835 H
347 12 7.472 -4.704 -3.125 P
348 12 8.923 -4.933 -2.951 O
349 12 6.872 -4.764 -4.477 O
350 12 6.683 -5.734 -2.170 O
351 12 5.730 -6.653 -2.710 C
352 12 5.000 -7.411 -1.600 C
353 12 3.574 -7.198 -1.674 O
354 12 5.255 -8.909 -1.690 C
355 12 6.161 -9.337 -0.668 O
356 12 3.909 -9.567 -1.527 C
357 12 2.874 -8.451 -1.506 C
358 12 1.860 -8.637 -2.571 N
359 12 0.528 -8.522 -2.208 C
360 12 0.180 -8.297 -1.051 O
361 12 -0.394 -8.679 -3.225 N
362 12 -0.107 -8.937 -4.554 C
363 12 -1.012 -9.051 -5.378 O
364 12 1.306 -9.043 -4.841 C
365 12 1.763 -9.327 -6.270 C
366 12 2.227 -8.895 -3.867 C
367 12 6.249 -7.364 -3.353 H
368 12 5.002 -6.099 -3.303 H
369 12 5.358 -7.050 -0.636 H
370 12 5.659 -9.155 -2.674 H
371 12 6.866 -9.826 -1.098 H
372 12 3.719 -10.241 -2.361 H
373 12 3.877 -10.119 -0.588 H
374 12 2.374 -8.450 -0.537 H
375 12 -1.369 -8.598 -2.975 H
376 12 2.616 -8.692 -6.512 H
377 12 2.053 -10.374 -6.358 H
378 12 0.947 -9.117 -6.962 H
379 12 3.284 -8.995 -4.113 H
32 2 7.507 -1.614 4.274 P
33 2 8.919 -1.312 4.597 O
34 2 6.473 -1.523 5.330 O
35 2 7.061 -0.677 3.041 O
36 2 6.016 0.287 3.197 C
37 2 5.941 1.229 1.996 C
38 2 4.744 0.978 1.225 O
39 2 5.922 2.684 2.443 C
40 2 7.135 3.357 2.086 O
41 2 4.741 3.314 1.756 C
42 2 3.998 2.199 1.035 C
43 2 2.604 2.044 1.524 N
44 2 1.664 1.624 0.586 C
45 2 1.966 1.383 -0.583 O
46 2 0.370 1.490 1.043 N
47 2 0.003 1.747 2.330 C
48 2 -1.273 1.550 2.668 N
49 2 0.973 2.176 3.276 C
50 2 2.257 2.309 2.839 C
51 2 6.202 0.870 4.100 H
52 2 5.064 -0.234 3.300 H
53 2 6.811 1.063 1.362 H
54 2 5.776 2.732 3.524 H
55 2 4.100 3.786 2.488 H
56 2 5.087 4.054 1.035 H
57 2 3.966 2.434 -0.029 H
58 2 -1.946 1.278 1.965 H
59 2 -1.570 1.698 3.620 H
60 2 0.691 2.416 4.303 H
61 2 3.027 2.624 3.542 H
62 3 7.533 4.752 2.792 P
63 3 7.624 5.794 1.744 O
64 3 8.686 4.503 3.687 O
65 3 6.242 5.066 3.709 O
66 3 5.921 6.404 4.106 C
67 3 5.371 7.224 2.937 C
68 3 3.939 7.076 2.821 O
69 3 5.673 8.707 3.107 C
70 3 6.738 9.113 2.240 O
71 3 4.393 9.429 2.768 C
72 3 3.322 8.361 2.585 C
73 3 2.173 8.571 3.502 N
74 3 0.911 8.270 3.016 C
75 3 0.728 7.871 1.866 O
76 3 -0.139 8.454 3.895 N
77 3 -0.043 8.908 5.198 C
78 3 -1.050 9.036 5.892 O
79 3 1.309 9.200 5.621 C
80 3 1.560 9.712 7.037 C
81 3 2.352 9.028 4.785 C
82 3 6.821 6.887 4.489 H
83 3 5.175 6.365 4.898 H
84 3 5.834 6.876 2.014 H
85 3 5.938 8.910 4.147 H
86 3 7.139 8.315 1.891 H
87 3 4.121 10.106 3.577 H
88 3 4.519 9.991 1.842 H
89 3 2.963 8.396 1.556 H
90 3 -1.064 8.231 3.557 H
91 3 1.924 8.895 7.660 H
92 3 0.630 10.100 7.454 H
93 3 2.305 10.508 7.010 H
94 3 3.358 9.265 5.134 H
127 5 -7.779 2.095 3.261 P
128 5 -9.229 1.828 3.144 O
129 5 -7.127 2.065 4.591 O
130 5 -6.999 1.074 2.288 O
131 5 -6.203 0.012 2.825 C
132 5 -5.924 -1.056 1.772 C
133 5 -4.614 -0.878 1.190 O
134 5 -5.986 -2.451 2.376 C
135 5 -7.194 -3.119 1.999 O
136 5 -4.777 -3.178 1.854 C
137 5 -3.905 -2.133 1.165 C
138 5 -2.569 -1.990 1.779 N
139 5 -1.571 -1.498 0.947 C
140 5 -1.788 -1.191 -0.227 O
141 5 -0.320 -1.384 1.507 N
142 5 -0.047 -1.730 2.794 C
143 5 1.203 -1.561 3.227 N
144 5 -1.083 -2.231 3.634 C
145 5 -2.326 -2.343 3.087 C
146 5 -6.734 -0.442 3.663 H
147 5 -5.257 0.418 3.180 H
148 5 -6.672 -0.979 0.984 H
149 5 -5.920 -2.382 3.465 H
150 5 -4.245 -3.649 2.671 H
151 5 -5.086 -3.934 1.132 H
152 5 -3.760 -2.434 0.137 H
153 5 1.922 -1.245 2.586 H
154 5 1.441 -1.781 4.182 H
155 5 -0.881 -2.530 4.663 H
156 5 -3.148 -2.718 3.689 H
157 6 -7.808 -4.291 2.919 P
158 6 -9.265 -4.360 2.667 O
159 6 -7.307 -4.108 4.301 O
160 6 -7.126 -5.612 2.298 O
161 6 -6.251 -6.427 3.084 C
162 6 -5.471 -7.408 2.208 C
163 6 -4.047 -7.227 2.369 O
164 6 -5.805 -8.853 2.556 C
165 6 -6.606 -9.454 1.533 O
166 6 -4.481 -9.562 2.692 C
167 6 -3.396 -8.503 2.553 C
168 6 -2.511 -8.478 3.742 N
169 6 -1.147 -8.388 3.521 C
170 6 -0.666 -8.328 2.390 O
171 6 -0.349 -8.369 4.651 N
172 6 -0.788 -8.432 5.962 C
173 6 0.014 -8.410 6.892 O
174 6 -2.226 -8.524 6.096 C
175 6 -2.849 -8.606 7.488 C
176 6 -3.026 -8.543 5.011 C
177 6 -6.844 -6.982 3.810 H
178 6 -5.546 -5.786 3.614 H
179 6 -5.730 -7.229 1.165 H
180 6 -6.333 -8.888 3.512 H
181 6 -6.013 -9.940 0.954 H
182 6 -4.415 -10.043 3.667 H
183 6 -4.377 -10.307 1.903 H
184 6 -2.797 -8.725 1.670 H
185 6 0.648 -8.302 4.505 H
186 6 -3.639 -7.859 7.577 H
187 6 -2.085 -8.417 8.242 H
188 6 -3.270 -9.600 7.639 H
189 6 -4.105 -8.615 5.147 H
222 8 -7.459 -2.436 -2.669 P
223 8 -6.503 -2.407 -1.539 O
224 8 -8.801 -3.032 -2.481 O
225 8 -7.651 -0.928 -3.202 O
226 8 -6.517 -0.100 -3.489 C
227 8 -6.301 0.947 -2.398 C
228 8 -5.028 0.759 -1.740 O
229 8 -6.329 2.355 -2.973 C
230 8 -7.551 3.023 -2.640 O
231 8 -5.143 3.066 -2.378 C
232 8 -4.345 2.023 -1.605 C
233 8 -2.945 1.921 -2.083 N
234 8 -1.976 1.650 -1.127 C
235 8 -2.294 1.514 0.055 O
236 8 -0.681 1.541 -1.529 N
237 8 -0.342 1.691 -2.814 C
238 8 0.933 1.537 -3.176 N
239 8 -1.330 1.976 -3.807 C
240 8 -2.617 2.080 -3.401 C
241 8 -6.679 0.404 -4.442 H
242 8 -5.627 -0.723 -3.565 H
243 8 -7.095 0.853 -1.657 H
244 8 -6.211 2.310 -4.058 H
245 8 -4.539 3.497 -3.168 H
246 8 -5.482 3.850 -1.702 H
247 8 -4.331 2.305 -0.555 H
248 8 1.639 1.355 -2.477 H
249 8 1.194 1.616 -4.148 H
250 8 -1.047 2.132 -4.849 H
251 8 -3.401 2.290 -4.130 H
252 9 -7.945 4.419 -3.343 P
253 9 -9.364 4.706 -3.037 O
254 9 -7.488 4.375 -4.750 O
255 9 -7.034 5.479 -2.543 O
256 9 -6.225 6.430 -3.244 C
257 9 -5.541 7.392 -2.276 C
258 9 -4.108 7.220 -2.311 O
259 9 -5.856 8.842 -2.623 C
260 9 -6.710 9.430 -1.637 O
261 9 -4.528 9.552 -2.678 C
262 9 -3.451 8.493 -2.482 C
263 9 -2.513 8.450 -3.630 N
264 9 -1.176 8.219 -3.350 C
265 9 -0.766 8.040 -2.204 O
266 9 -0.323 8.196 -4.438 N
267 9 -0.681 8.381 -5.761 C
268 9 0.167 8.341 -6.650 O
269 9 -2.095 8.615 -5.961 C
270 9 -2.625 8.850 -7.374 C
271 9 -2.950 8.640 -4.918 C
272 9 -6.855 6.995 -3.931 H
273 9 -5.463 5.898 -3.814 H
274 9 -5.895 7.187 -1.266 H
275 9 -6.332 8.890 -3.605 H
276 9 -6.158 9.671 -0.889 H
277 9 -4.406 10.042 -3.643 H
278 9 -4.470 10.291 -1.879 H
279 9 -2.890 8.724 -1.577 H
280 9 0.655 8.025 -4.249 H
281 9 -3.449 9.563 -7.339 H
282 9 -1.827 9.250 -8.000 H
283 9 -2.977 7.908 -7.792 H
284 9 -4.011 8.807 -5.104 H
317 11 7.528 2.174 -3.500 P
318 11 9.000 2.050 -3.414 O
319 11 6.842 1.943 -4.793 O
320 11 6.876 1.199 -2.396 O
321 11 6.067 0.086 -2.784 C
322 11 6.084 -1.008 -1.720 C
323 11 4.874 -0.974 -0.931 O
324 11 6.202 -2.388 -2.350 C
325 11 7.504 -2.941 -2.131 O
326 11 5.137 -3.230 -1.698 C
327 11 4.253 -2.276 -0.904 C
328 11 2.880 -2.204 -1.453 N
329 11 1.857 -1.919 -0.564 C
330 11 2.106 -1.745 0.633 O
331 11 0.586 -1.825 -1.048 N
332 11 0.327 -1.999 -2.351 C
333 11 -0.924 -1.853 -2.803 N
334 11 1.382 -2.296 -3.271 C
335 11 2.635 -2.391 -2.780 C
336 11 6.447 -0.321 -3.723 H
337 11 5.042 0.425 -2.932 H
338 11 6.936 -0.846 -1.061 H
339 11 6.002 -2.318 -3.422 H
340 11 4.556 -3.750 -2.455 H
341 11 5.598 -3.953 -1.026 H
342 11 4.196 -2.621 0.123 H
343 11 -1.686 -1.673 -2.156 H
344 11 -1.113 -1.946 -3.789 H
345 11 1.178 -2.446 -4.331 H
346 11 3.459 -2.635 -3.444 H
347 12 8.093 -4.065 -3.124 P
348 12 9.567 -4.071 -2.993 O
349 12 7.471 -3.882 -4.456 O
350 12 7.524 -5.427 -2.478 O
351 12 6.525 -6.200 -3.150 C
352 12 5.917 -7.247 -2.217 C
353 12 4.475 -7.175 -2.217 O
354 12 6.314 -8.657 -2.631 C
355 12 7.306 -9.188 -1.747 O
356 12 5.048 -9.472 -2.579 C
357 12 3.913 -8.505 -2.274 C
358 12 2.848 -8.587 -3.300 N
359 12 1.540 -8.689 -2.856 C
360 12 1.251 -8.706 -1.660 O
361 12 0.569 -8.766 -3.837 N
362 12 0.787 -8.751 -5.203 C
363 12 -0.156 -8.824 -5.988 O
364 12 2.181 -8.642 -5.576 C
365 12 2.563 -8.611 -7.053 C
366 12 3.148 -8.566 -4.638 C
367 12 6.980 -6.697 -4.005 H
368 12 5.735 -5.535 -3.502 H
369 12 6.276 -7.064 -1.205 H
370 12 6.691 -8.646 -3.656 H
371 12 7.562 -10.048 -2.088 H
372 12 4.879 -9.960 -3.539 H
373 12 5.120 -10.221 -1.790 H
374 12 3.489 -8.752 -1.301 H
375 12 -0.389 -8.841 -3.528 H
376 12 3.152 -9.496 -7.295 H
377 12 1.660 -8.599 -7.663 H
378 12 3.151 -7.716 -7.258 H
379 12 4.191 -8.493 -4.950 H
32 2 7.955 -1.711 3.464 P
33 2 9.372 -1.351 3.238 O
34 2 7.385 -1.648 4.829 O
35 2 7.044 -0.808 2.491 O
36 2 6.323 0.319 2.995 C
37 2 6.118 1.369 1.910 C
38 2 4.868 1.160 1.220 O
39 2 6.110 2.771 2.497 C
40 2 7.311 3.471 2.154 O
41 2 4.897 3.452 1.919 C
42 2 4.119 2.390 1.153 C
43 2 2.747 2.191 1.682 N
44 2 1.793 1.770 0.762 C
45 2 2.068 1.567 -0.419 O
46 2 0.520 1.582 1.252 N
47 2 0.184 1.790 2.554 C
48 2 -1.073 1.536 2.920 N
49 2 1.170 2.221 3.486 C
50 2 2.435 2.407 3.015 C
51 2 6.881 0.761 3.822 H
52 2 5.351 -0.014 3.359 H
53 2 6.933 1.294 1.190 H
54 2 6.007 2.713 3.584 H
55 2 4.291 3.868 2.716 H
56 2 5.208 4.245 1.239 H
57 2 4.044 2.700 0.110 H
58 2 -1.758 1.265 2.226 H
59 2 -1.347 1.640 3.886 H
60 2 0.913 2.416 4.528 H
61 2 3.217 2.725 3.704 H
62 3 7.647 4.906 2.804 P
63 3 9.102 5.142 2.674 O
64 3 7.004 4.976 4.136 O
65 3 6.882 5.920 1.813 O
66 3 5.861 6.791 2.305 C
67 3 5.031 7.374 1.162 C
68 3 3.634 7.042 1.310 O
69 3 5.151 8.891 1.106 C
70 3 5.949 9.297 -0.010 O
71 3 3.743 9.413 0.979 C
72 3 2.816 8.211 1.085 C
73 3 1.833 8.387 2.179 N
74 3 0.508 8.105 1.895 C
75 3 0.142 7.735 0.782 O
76 3 -0.385 8.261 2.938 N
77 3 -0.075 8.670 4.223 C
78 3 -0.954 8.773 5.076 O
79 3 1.331 8.944 4.429 C
80 3 1.815 9.399 5.804 C
81 3 2.222 8.800 3.427 C
82 3 6.329 7.602 2.863 H
83 3 5.206 6.230 2.972 H
84 3 5.391 6.959 0.221 H
85 3 5.589 9.260 2.035 H
86 3 5.667 8.776 -0.765 H
87 3 3.534 10.121 1.780 H
88 3 3.613 9.898 0.011 H
89 3 2.281 8.093 0.143 H
90 3 -1.355 8.058 2.745 H
91 3 1.874 10.487 5.826 H
92 3 2.801 8.978 6.001 H
93 3 1.115 9.058 6.567 H
94 3 3.272 9.030 3.610 H
127 5 -7.568 1.888 3.799 P
128 5 -9.019 1.832 4.087 O
129 5 -6.598 1.972 4.915 O
130 5 -7.187 0.616 2.886 O
131 5 -6.004 -0.149 3.145 C
132 5 -5.770 -1.192 2.053 C
133 5 -4.507 -0.969 1.388 O
134 5 -5.761 -2.603 2.627 C
135 5 -6.957 -3.305 2.268 O
136 5 -4.543 -3.275 2.051 C
137 5 -3.751 -2.195 1.323 C
138 5 -2.397 -1.996 1.873 N
139 5 -1.462 -1.474 0.989 C
140 5 -1.755 -1.173 -0.170 O
141 5 -0.188 -1.321 1.481 N
142 5 0.166 -1.657 2.751 C
143 5 1.434 -1.460 3.112 N
144 5 -0.805 -2.187 3.647 C
145 5 -2.073 -2.338 3.170 C
146 5 -6.109 -0.651 4.107 H
147 5 -5.146 0.523 3.185 H
148 5 -6.570 -1.117 1.318 H
149 5 -5.663 -2.557 3.714 H
150 5 -3.952 -3.718 2.844 H
151 5 -4.848 -4.047 1.345 H
152 5 -3.642 -2.489 0.285 H
153 5 2.108 -1.134 2.431 H
154 5 1.731 -1.677 4.050 H
155 5 -0.535 -2.483 4.661 H
156 5 -2.850 -2.729 3.824 H
157 6 -7.392 -4.651 3.041 P
158 6 -8.870 -4.722 3.048 O
159 6 -6.644 -4.719 4.317 O
160 6 -6.840 -5.807 2.063 O
161 6 -5.876 -6.759 2.524 C
162 6 -5.073 -7.342 1.362 C
163 6 -3.669 -7.039 1.504 O
164 6 -5.226 -8.856 1.285 C
165 6 -6.020 -9.234 0.155 O
166 6 -3.828 -9.408 1.170 C
167 6 -2.875 -8.229 1.310 C
168 6 -1.932 -8.422 2.438 N
169 6 -0.609 -8.075 2.225 C
170 6 -0.216 -7.623 1.153 O
171 6 0.248 -8.255 3.295 N
172 6 -0.096 -8.744 4.542 C
173 6 0.752 -8.859 5.424 O
174 6 -1.497 -9.080 4.677 C
175 6 -2.014 -9.625 6.006 C
176 6 -2.354 -8.916 3.648 C
177 6 -6.395 -7.564 3.045 H
178 6 -5.194 -6.267 3.217 H
179 6 -5.433 -6.904 0.432 H
180 6 -5.686 -9.227 2.203 H
181 6 -6.014 -8.498 -0.459 H
182 6 -3.648 -10.135 1.961 H
183 6 -3.694 -9.879 0.196 H
184 6 -2.304 -8.125 0.387 H
185 6 1.216 -8.006 3.153 H
186 6 -2.871 -9.035 6.332 H
187 6 -1.226 -9.565 6.756 H
188 6 -2.316 -10.665 5.880 H
189 6 -3.402 -9.186 3.780 H
222 8 -7.228 -2.577 -4.075 P
223 8 -8.639 -2.492 -4.515 O
224 8 -6.140 -2.554 -5.079 O
225 8 -6.963 -1.399 -3.008 O
226 8 -6.088 -0.310 -3.320 C
227 8 -6.054 0.717 -2.190 C
228 8 -4.809 0.637 -1.461 O
229 8 -6.200 2.135 -2.727 C
230 8 -7.472 2.690 -2.376 O
231 8 -5.079 2.928 -2.111 C
232 8 -4.210 1.944 -1.340 C
233 8 -2.811 1.927 -1.832 N
234 8 -1.818 1.703 -0.890 C
235 8 -2.112 1.550 0.298 O
236 8 -0.524 1.658 -1.311 N
237 8 -0.210 1.826 -2.600 C
238 8 1.064 1.730 -2.984 N
239 8 -1.223 2.064 -3.577 C
240 8 -2.506 2.105 -3.155 C
241 8 -6.432 0.173 -4.235 H
242 8 -5.081 -0.697 -3.478 H
243 8 -6.876 0.514 -1.504 H
244 8 -6.082 2.129 -3.814 H
245 8 -4.503 3.415 -2.889 H
246 8 -5.487 3.675 -1.430 H
247 8 -4.204 2.232 -0.289 H
248 8 1.789 1.576 -2.299 H
249 8 1.304 1.822 -3.960 H
250 8 -0.961 2.237 -4.622 H
251 8 -3.306 2.278 -3.875 H
252 9 -8.021 4.017 -3.108 P
253 9 -9.368 4.314 -2.571 O
254 9 -7.829 3.855 -4.566 O
255 9 -7.003 5.157 -2.589 O
256 9 -7.483 6.277 -1.838 C
257 9 -6.396 6.870 -0.936 C
258 9 -5.068 6.573 -1.423 O
259 9 -6.515 8.383 -0.835 C
260 9 -7.162 8.768 0.381 O
261 9 -5.101 8.905 -0.885 C
262 9 -4.209 7.716 -1.209 C
263 9 -3.370 7.991 -2.398 N
264 9 -2.006 7.796 -2.275 C
265 9 -1.492 7.402 -1.231 O
266 9 -1.249 8.068 -3.399 N
267 9 -1.730 8.509 -4.619 C
268 9 -0.962 8.716 -5.556 O
269 9 -3.166 8.685 -4.655 C
270 9 -3.831 9.166 -5.943 C
271 9 -3.926 8.428 -3.571 C
272 9 -8.315 5.951 -1.213 H
273 9 -7.841 7.041 -2.526 H
274 9 -6.502 6.446 0.060 H
275 9 -7.069 8.765 -1.696 H
276 9 -6.711 8.320 1.098 H
277 9 -5.011 9.666 -1.660 H
278 9 -4.825 9.325 0.083 H
279 9 -3.560 7.516 -0.356 H
280 9 -0.250 7.937 -3.322 H
281 9 -4.189 8.306 -6.509 H
282 9 -4.672 9.815 -5.697 H
283 9 -3.107 9.719 -6.541 H
284 9 -5.003 8.585 -3.625 H
317 11 7.430 2.647 -3.563 P
318 11 8.877 2.392 -3.383 O
319 11 6.832 2.579 -4.916 O
320 11 6.617 1.646 -2.596 O
321 11 6.020 0.449 -3.107 C
322 11 5.982 -0.644 -2.041 C
323 11 4.725 -0.631 -1.331 O
324 11 6.165 -2.023 -2.657 C
325 11 7.470 -2.537 -2.368 O
326 11 5.091 -2.890 -2.049 C
327 11 4.194 -1.969 -1.231 C
328 11 2.785 -2.006 -1.690 N
329 11 1.808 -1.828 -0.725 C
330 11 2.129 -1.656 0.456 O
331 11 0.503 -1.837 -1.117 N
332 11 0.165 -2.009 -2.400 C
333 11 -1.125 -1.954 -2.763 N
334 11 1.170 -2.197 -3.400 C
335 11 2.462 -2.189 -3.003 C
336 11 6.599 0.096 -3.962 H
337 11 5.003 0.668 -3.430 H
338 11 6.788 -0.468 -1.330 H
339 11 6.014 -1.966 -3.737 H
340 11 4.520 -3.382 -2.833 H
341 11 5.545 -3.638 -1.399 H
342 11 4.226 -2.282 -0.190 H
343 11 -1.856 -1.843 -2.064 H
344 11 -1.372 -2.039 -3.737 H
345 11 0.899 -2.358 -4.444 H
346 11 3.253 -2.336 -3.735 H
347 12 8.017 -3.868 -3.093 P
348 12 9.495 -3.851 -3.032 O
349 12 7.334 -4.001 -4.400 O
350 12 7.487 -5.035 -2.117 O
351 12 6.636 -6.074 -2.609 C
352 12 6.017 -6.873 -1.463 C
353 12 4.575 -6.801 -1.500 O
354 12 6.418 -8.341 -1.529 C
355 12 7.356 -8.662 -0.498 O
356 12 5.142 -9.126 -1.361 C
357 12 4.003 -8.117 -1.335 C
358 12 3.008 -8.398 -2.398 N
359 12 1.671 -8.346 -2.046 C
360 12 1.305 -8.093 -0.901 O
361 12 0.764 -8.596 -3.058 N
362 12 1.071 -8.890 -4.374 C
363 12 0.179 -9.094 -5.194 O
364 12 2.490 -8.925 -4.653 C
365 12 2.971 -9.235 -6.068 C
366 12 3.396 -8.685 -3.682 C
367 12 7.222 -6.741 -3.241 H
368 12 5.839 -5.627 -3.204 H
369 12 6.363 -6.456 -0.517 H
370 12 6.849 -8.560 -2.508 H
371 12 7.988 -9.282 -0.869 H
372 12 5.016 -9.816 -2.195 H
373 12 5.169 -9.680 -0.422 H
374 12 3.508 -8.168 -0.365 H
375 12 -0.215 -8.561 -2.813 H
376 12 2.137 -9.609 -6.662 H
377 12 3.364 -8.327 -6.525 H
378 12 3.756 -9.990 -6.028 H
379 12 4.458 -8.730 -3.922 H
