442
1 1 16.915 33.634 25.933 O
2 1 17.488 33.754 24.551 C
3 1 18.912 33.258 24.618 C
4 1 18.979 32.040 25.396 O
5 1 19.565 32.837 23.317 C
6 1 20.974 32.663 23.371 O
7 1 18.825 31.478 23.109 C
8 1 18.930 30.903 24.491 C
9 1 17.791 30.044 24.846 N
10 1 18.110 28.841 25.504 C
11 1 19.280 28.536 25.718 O
12 1 17.100 28.003 25.879 N
13 1 15.799 28.350 25.685 C
14 1 14.840 27.511 26.074 N
15 1 15.483 29.581 25.028 C
16 1 16.498 30.366 24.645 C
17 2 21.902 32.779 22.063 P
18 2 22.553 34.101 21.908 O
19 2 20.887 32.527 20.962 O
20 2 22.931 31.568 22.190 O
21 2 22.288 30.271 22.492 C
22 2 23.409 29.267 22.438 C
23 2 22.954 28.023 22.935 O
24 2 23.838 28.936 21.016 C
25 2 25.121 28.317 20.895 O
26 2 22.707 28.011 20.573 C
27 2 22.211 27.408 21.848 C
28 2 20.756 27.639 21.922 N
29 2 20.028 28.701 21.526 C
30 2 18.735 28.565 21.714 N
31 2 18.609 27.296 22.257 C
32 2 17.475 26.565 22.680 C
33 2 16.292 26.920 22.640 O
34 2 17.758 25.317 23.176 N
35 2 19.023 24.833 23.270 C
36 2 19.164 23.619 23.807 N
37 2 20.126 25.482 22.888 N
38 2 19.840 26.709 22.385 C
39 3 25.617 27.986 19.332 P
40 3 26.998 28.503 19.151 O
41 3 24.594 28.631 18.541 O
42 3 25.576 26.391 19.406 O
43 3 24.877 25.639 18.346 C
44 3 24.782 24.218 18.896 C
45 3 23.759 24.230 19.896 O
46 3 24.445 23.090 17.937 C
47 3 25.062 21.871 18.273 O
48 3 22.931 22.957 18.045 C
49 3 22.589 23.598 19.366 C
50 3 21.496 24.569 19.104 N
51 3 20.257 24.242 19.614 C
52 3 20.105 23.201 20.238 O
53 3 19.221 25.102 19.359 N
54 3 19.401 26.255 18.648 C
55 3 18.354 27.036 18.434 N
56 3 20.681 26.589 18.118 C
57 3 21.681 25.709 18.366 C
82 5 21.627 15.929 15.992 P
83 5 22.633 16.069 17.146 O
84 5 22.298 15.342 14.811 O
85 5 20.290 15.305 16.461 O
86 5 19.375 14.648 15.596 C
87 5 17.971 15.074 16.072 C
88 5 17.946 16.483 16.233 O
89 5 16.899 14.698 15.100 C
90 5 15.683 14.169 15.663 O
91 5 16.547 15.995 14.402 C
92 5 16.879 17.036 15.408 C
93 5 17.321 18.263 14.744 N
94 5 18.614 18.615 14.429 C
95 5 18.719 19.805 13.865 N
96 5 17.398 20.251 13.818 C
97 5 16.858 21.486 13.342 C
98 5 17.611 22.424 12.846 N
99 5 15.501 21.602 13.429 N
100 5 14.752 20.581 13.973 C
101 5 15.192 19.400 14.449 N
102 5 16.534 19.309 14.335 C
103 6 15.135 12.838 14.905 P
104 6 15.215 11.706 15.918 O
105 6 16.161 12.636 13.845 O
106 6 13.673 13.144 14.516 O
107 6 12.726 13.855 15.308 C
108 6 12.194 15.003 14.489 C
109 6 13.225 15.945 14.241 O
110 6 11.582 14.586 13.107 C
111 6 10.179 14.702 13.121 O
112 6 12.269 15.466 12.121 C
113 6 12.932 16.520 12.926 C
114 6 14.153 16.945 12.229 N
115 6 15.264 16.235 11.907 C
116 6 16.190 16.954 11.269 N
117 6 15.596 18.210 11.142 C
118 6 16.048 19.387 10.532 C
119 6 17.200 19.615 9.975 N
120 6 15.169 20.462 10.625 N
121 6 13.961 20.329 11.216 C
122 6 13.485 19.218 11.786 N
123 6 14.351 18.214 11.732 C
124 7 9.109 15.119 12.081 P
125 7 7.659 14.768 12.604 O
126 7 9.302 14.131 10.941 O
127 7 9.184 16.660 11.860 O
128 7 10.181 17.375 11.169 C
129 7 9.569 18.272 10.102 C
130 7 10.551 19.061 9.478 O
131 7 8.880 17.516 8.942 C
132 7 7.885 18.243 8.358 O
133 7 10.130 17.218 8.063 C
134 7 10.932 18.491 8.211 C
135 7 12.377 18.259 8.110 N
136 7 13.102 19.288 7.520 C
137 7 12.544 20.317 7.124 O
138 7 14.428 19.135 7.419 N
139 7 15.107 18.057 7.822 C
140 7 16.380 18.061 7.681 O
141 7 14.372 16.995 8.392 C
142 7 15.089 15.776 8.875 C
143 7 13.043 17.148 8.512 C
144 8 6.998 18.487 7.171 P
145 8 5.507 18.569 7.580 O
146 8 7.145 17.375 6.191 O
147 8 7.438 19.887 6.500 O
148 8 8.824 20.172 6.178 C
149 8 8.795 21.507 5.447 C
150 8 10.127 21.949 5.185 O
151 8 8.168 21.449 4.065 C
152 8 7.883 22.681 3.394 O
153 8 9.284 20.714 3.294 C
154 8 10.521 21.305 3.938 C
155 8 11.487 20.226 4.166 N
156 8 12.814 20.561 3.877 C
157 8 13.158 21.664 3.461 O
158 8 13.724 19.590 4.092 N
159 8 13.472 18.358 4.548 C
160 8 14.500 17.627 4.649 O
161 8 12.115 18.040 4.836 C
162 8 11.739 16.689 5.333 C
163 8 11.179 18.978 4.635 C
164 9 6.669 22.664 2.328 P
165 9 5.376 22.924 3.086 O
166 9 6.708 21.367 1.684 O
167 9 6.978 23.899 1.389 O
168 9 7.775 24.978 1.999 C
169 9 9.073 24.784 1.335 C
170 9 9.482 23.387 1.328 O
171 9 9.117 25.061 -0.181 C
172 9 9.024 26.465 -0.423 O
173 9 10.441 24.416 -0.563 C
174 9 10.796 23.606 0.631 C
175 9 11.405 22.329 0.356 N
176 9 12.755 22.350 -0.027 C
177 9 13.331 23.420 -0.154 O
178 9 13.338 21.148 -0.282 N
179 9 12.670 19.966 -0.134 C
180 9 13.333 18.834 -0.369 N
181 9 11.315 19.941 0.275 C
182 9 10.739 21.135 0.490 C
183 10 9.212 27.056 -1.892 P
184 10 9.574 28.560 -1.744 O
185 10 7.924 26.829 -2.576 O
186 10 10.438 26.267 -2.549 O
187 10 11.662 27.036 -2.811 C
188 10 12.279 26.375 -4.052 C
189 10 12.685 25.052 -3.676 O
190 10 11.356 26.275 -5.246 C
191 10 11.878 26.432 -6.560 O
192 10 10.829 24.817 -5.051 C
193 10 12.161 24.139 -4.635 C
194 10 11.881 22.796 -4.152 N
195 10 10.621 22.243 -3.931 C
196 10 10.639 21.007 -3.549 N
197 10 12.001 20.697 -3.515 C
198 10 12.652 19.491 -3.166 C
199 10 12.091 18.449 -2.777 O
200 10 14.017 19.524 -3.267 N
201 10 14.657 20.672 -3.656 C
202 10 16.012 20.520 -3.716 N
203 10 14.110 21.850 -3.985 N
204 10 12.762 21.784 -3.891 C
205 11 13.207 27.081 -7.057 P
206 11 13.616 28.362 -6.373 O
207 11 12.978 27.391 -8.553 O
208 11 14.356 25.928 -6.909 O
209 11 15.598 26.317 -6.279 C
210 11 16.776 25.598 -6.856 C
211 11 16.604 24.197 -6.715 O
212 11 17.010 25.780 -8.365 C
213 11 18.311 25.527 -8.787 O
214 11 15.958 24.784 -8.915 C
215 11 16.120 23.660 -7.902 C
216 11 14.835 22.949 -7.748 N
217 11 15.007 21.581 -7.426 C
218 11 16.164 21.201 -7.278 O
219 11 13.901 20.813 -7.318 N
220 11 12.636 21.321 -7.466 C
221 11 11.554 20.532 -7.359 N
222 11 12.469 22.718 -7.781 C
223 11 13.595 23.457 -7.889 C
224 12 19.072 25.854 -10.129 P
225 12 20.470 26.387 -9.935 O
226 12 18.241 26.796 -10.934 O
227 12 19.208 24.375 -10.820 O
228 12 20.555 23.755 -10.605 C
229 12 20.378 22.428 -11.350 C
230 12 19.439 21.668 -10.625 O
231 12 19.807 22.586 -12.738 C
232 12 20.866 22.449 -13.751 O
233 12 18.771 21.536 -12.893 C
234 12 18.586 20.957 -11.504 C
235 12 17.156 21.102 -11.222 N
236 12 16.390 22.234 -11.196 C
237 12 15.123 22.019 -10.934 N
238 12 15.045 20.643 -10.827 C
239 12 13.950 19.780 -10.565 C
240 12 12.788 20.177 -10.424 O
241 12 14.256 18.462 -10.464 N
242 12 15.519 17.991 -10.632 C
243 12 15.678 16.668 -10.511 N
244 12 16.591 18.739 -10.887 N
245 12 16.277 20.053 -10.994 C
247 13 8.564 11.346 -10.652 O
248 13 9.011 11.768 -9.324 C
249 13 10.467 11.338 -9.244 C
250 13 11.243 12.293 -9.968 O
251 13 11.112 11.305 -7.875 C
252 13 12.256 10.433 -7.828 O
253 13 11.438 12.776 -7.687 C
254 13 11.834 13.214 -9.130 C
255 13 11.423 14.636 -9.230 N
256 13 12.482 15.536 -9.250 C
257 13 13.639 15.111 -9.304 O
258 13 12.207 16.879 -9.244 N
259 13 10.922 17.330 -9.210 C
260 13 10.724 18.644 -9.203 N
261 13 9.844 16.400 -9.190 C
262 13 10.155 15.094 -9.197 C
263 14 12.948 9.888 -6.534 P
264 14 13.192 8.400 -6.493 O
265 14 11.942 10.260 -5.413 O
266 14 14.313 10.706 -6.265 O
267 14 15.591 10.156 -6.607 C
268 14 16.663 11.177 -6.312 C
269 14 16.388 12.458 -6.768 O
270 14 16.938 11.322 -4.776 C
271 14 18.308 11.528 -4.535 O
272 14 16.022 12.479 -4.454 C
273 14 16.264 13.379 -5.648 C
274 14 15.120 14.239 -5.863 N
275 14 13.814 13.809 -5.950 C
276 14 12.960 14.784 -6.185 N
277 14 13.742 15.929 -6.218 C
278 14 13.377 17.288 -6.420 C
279 14 12.223 17.747 -6.628 O
280 14 14.446 18.135 -6.406 N
281 14 15.724 17.693 -6.205 C
282 14 16.645 18.668 -6.218 N
283 14 16.120 16.433 -5.984 N
284 14 15.069 15.611 -6.024 C
285 15 19.239 10.603 -3.575 P
286 15 20.434 9.958 -4.266 O
287 15 18.339 9.566 -3.079 O
288 15 19.846 11.822 -2.683 O
289 15 20.920 12.565 -3.394 C
290 15 20.463 13.979 -3.595 C
291 15 19.033 14.082 -3.696 O
292 15 20.787 14.962 -2.469 C
293 15 22.093 15.540 -2.596 O
294 15 19.750 16.057 -2.569 C
295 15 18.771 15.536 -3.515 C
296 15 17.393 15.681 -3.025 N
297 15 16.809 16.925 -3.153 C
298 15 17.426 17.908 -3.602 O
299 15 15.501 17.061 -2.750 N
300 15 14.804 16.003 -2.287 C
301 15 13.536 16.197 -1.939 N
302 15 15.405 14.726 -2.187 C
303 15 16.688 14.607 -2.562 C
328 17 23.954 22.350 0.738 P
329 17 25.222 23.028 0.329 O
330 17 24.188 21.325 1.771 O
331 17 22.704 23.309 0.852 O
332 17 21.676 23.247 -0.161 C
333 17 20.864 24.499 -0.087 C
334 17 19.496 24.218 0.275 O
335 17 21.272 25.457 1.006 C
336 17 20.691 26.742 0.912 O
337 17 20.763 24.647 2.234 C
338 17 19.411 24.147 1.684 C
339 17 19.187 22.788 2.234 N
340 17 20.110 21.842 2.583 C
341 17 19.581 20.714 3.045 N
342 17 18.205 20.966 2.985 C
343 17 17.097 20.156 3.334 C
344 17 17.179 18.912 3.844 N
345 17 15.891 20.751 3.119 N
346 17 15.760 21.995 2.623 C
347 17 16.750 22.817 2.247 N
348 17 17.953 22.218 2.475 C
349 18 20.748 27.751 2.167 P
350 18 21.041 29.164 1.690 O
351 18 21.905 27.234 2.978 O
352 18 19.339 27.602 2.891 O
353 18 18.100 28.102 2.401 C
354 18 17.023 27.821 3.448 C
355 18 16.758 26.416 3.535 O
356 18 17.365 28.275 4.863 C
357 18 16.994 29.651 5.165 O
358 18 16.640 27.288 5.749 C
359 18 16.287 26.122 4.904 C
360 18 16.927 24.871 5.333 N
361 18 18.270 24.556 5.266 C
362 18 18.537 23.329 5.655 N
363 18 17.316 22.792 5.963 C
364 18 16.945 21.503 6.406 C
365 18 17.763 20.503 6.648 N
366 18 15.603 21.350 6.607 N
367 18 14.688 22.317 6.379 C
368 18 14.992 23.565 5.950 N
369 18 16.313 23.722 5.762 C
370 19 15.439 30.073 4.957 P
371 19 15.012 29.577 3.555 O
372 19 15.362 31.498 5.065 O
373 19 14.701 29.102 5.997 O
374 19 13.881 28.081 5.387 C
375 19 13.061 27.366 6.420 C
376 19 13.657 26.094 6.695 O
377 19 12.868 28.098 7.741 C
378 19 11.482 28.412 7.875 O
379 19 13.464 27.139 8.767 C
380 19 13.590 25.800 8.043 C
381 19 14.752 25.019 8.539 N
382 19 14.382 23.866 9.237 C
383 19 13.197 23.594 9.358 O
384 19 15.364 23.061 9.740 N
385 19 16.676 23.383 9.613 C
386 19 17.506 22.573 10.109 O
387 19 17.028 24.577 8.902 C
388 19 18.488 24.904 8.714 C
389 19 16.048 25.321 8.392 C
390 20 10.662 29.056 8.989 P
391 20 9.158 28.784 8.948 O
392 20 10.850 30.564 8.902 O
393 20 11.246 28.507 10.397 O
394 20 10.310 28.494 11.511 C
395 20 9.580 27.155 11.397 C
396 20 10.456 26.131 10.988 O
397 20 9.042 26.726 12.765 C
398 20 7.942 25.780 12.718 O
399 20 10.302 26.147 13.396 C
400 20 10.904 25.449 12.229 C
401 20 12.359 25.404 12.289 N
402 20 12.899 24.201 12.752 C
403 20 12.156 23.309 13.134 O
404 20 14.269 24.065 12.785 N
405 20 15.089 25.052 12.336 C
406 20 16.339 24.850 12.390 O
407 20 14.521 26.267 11.846 C
408 20 15.426 27.379 11.363 C
409 20 13.184 26.383 11.833 C
410 21 7.232 25.598 14.221 P
411 21 5.882 25.019 14.120 O
412 21 7.209 27.065 14.617 O
413 21 8.291 24.685 14.932 O
414 21 8.839 23.495 14.456 C
415 21 9.073 22.528 15.603 C
416 21 10.464 22.292 15.724 O
417 21 8.618 22.974 16.991 C
418 21 8.271 21.920 17.863 O
419 21 9.857 23.722 17.488 C
420 21 10.973 22.871 16.911 C
421 21 12.115 23.751 16.622 N
422 21 13.372 23.346 17.018 C
423 21 13.554 22.284 17.615 O
424 21 14.426 24.168 16.730 N
425 21 14.254 25.358 16.086 C
426 21 15.303 26.135 15.817 N
427 21 12.953 25.759 15.677 C
428 21 11.940 24.928 15.965 C
429 22 7.718 22.007 19.339 P
430 22 6.363 21.313 19.406 O
431 22 7.608 23.482 19.641 O
432 22 8.793 21.313 20.272 O
433 22 10.024 20.796 19.701 C
434 22 10.857 20.329 20.855 C
435 22 12.194 20.846 20.802 O
436 22 10.405 20.875 22.224 C
437 22 11.161 20.276 23.250 O
438 22 10.785 22.342 21.996 C
439 22 12.261 22.052 21.593 C
440 22 12.816 23.222 20.929 N
441 22 12.176 24.387 20.607 C
442 22 12.955 25.280 20.064 N
443 22 14.210 24.685 20.044 C
444 22 15.459 25.143 19.547 C
445 22 15.709 26.226 19.010 O
446 22 16.503 24.280 19.728 N
447 22 16.313 23.052 20.312 C
448 22 17.421 22.288 20.399 N
449 22 15.151 22.569 20.755 N
450 22 14.140 23.424 20.594 C
451 23 10.384 19.251 24.229 P
452 23 9.634 18.259 23.391 O
453 23 9.466 20.127 25.007 O
454 23 11.593 18.623 25.048 O
455 23 12.508 17.751 24.370 C
456 23 13.930 18.098 24.726 C
457 23 14.338 19.172 23.854 O
458 23 14.269 18.565 26.134 C
459 23 14.534 17.495 27.047 O
460 23 15.531 19.391 25.906 C
461 23 15.431 19.863 24.511 C
462 23 15.141 21.317 24.504 N
463 23 16.208 22.148 24.169 C
464 23 17.303 21.685 23.921 O
465 23 15.953 23.466 24.142 N
466 23 14.714 23.966 24.417 C
467 23 14.567 25.308 24.377 N
468 23 13.629 23.119 24.739 C
469 23 13.889 21.796 24.766 C
470 24 15.331 17.743 28.415 P
471 24 15.357 16.652 29.388 O
472 24 14.508 18.912 29.026 O
473 24 16.768 18.247 27.912 O
474 24 17.416 19.222 28.784 C
475 24 18.894 18.933 28.797 C
476 24 19.493 19.615 27.677 O
477 24 19.655 19.482 30.018 C
478 24 20.861 18.759 30.347 O
479 24 19.925 20.924 29.623 C
480 24 19.637 20.991 28.160 C
481 24 18.385 21.718 27.905 N
482 24 17.113 21.218 27.899 C
483 24 16.208 22.131 27.630 N
484 24 16.938 23.296 27.449 C
485 24 16.534 24.614 27.107 C
486 24 15.387 24.994 26.913 O
487 24 17.563 25.511 27.000 N
488 24 18.858 25.139 27.167 C
489 24 19.766 26.106 27.027 N
490 24 19.298 23.924 27.483 N
491 24 18.277 23.052 27.610 C
