971
4 1 -4.041 33.639 23.067 N
5 1 -1.921 33.271 23.696 C
6 1 -2.194 31.769 23.800 C
7 1 -1.265 30.950 23.775 O
8 1 -1.779 33.640 25.187 C
9 1 -1.100 32.540 25.962 C
10 1 0.100 32.468 26.162 O
11 1 -1.947 31.596 26.528 N
12 2 -3.465 31.432 23.916 N
13 2 -3.865 30.023 24.030 C
14 2 -3.085 29.338 22.908 C
15 2 -3.472 28.264 22.427 O
16 2 -5.400 29.842 23.860 C
17 2 -6.147 30.947 23.087 C
18 2 -6.457 32.247 23.921 C
19 2 -7.335 32.995 23.615 O
20 2 -5.667 32.290 24.864 O
21 3 -1.997 29.970 22.507 N
22 3 -1.158 29.423 21.432 C
23 3 -1.957 28.280 20.803 C
24 3 -2.092 27.198 21.393 O
25 4 -2.475 28.537 19.617 N
26 4 -3.270 27.527 18.905 C
27 4 -2.083 26.961 18.125 C
28 4 -1.002 26.735 18.687 O
29 4 -4.400 28.216 18.112 C
30 4 -5.671 27.408 18.150 C
31 4 -6.793 27.869 18.043 O
32 4 -5.525 26.219 18.238 O
33 5 -2.302 26.741 16.842 N
34 5 -1.246 26.193 15.979 C
35 5 -2.200 26.078 14.789 C
36 5 -1.836 26.402 13.649 O
37 5 -0.779 24.762 16.293 C
38 6 -3.405 25.619 15.071 N
39 6 -4.416 25.455 14.017 C
40 6 -4.315 26.832 13.360 C
41 6 -4.175 26.944 12.134 O
42 6 -5.854 25.336 14.547 C
43 7 -4.390 27.860 14.185 N
44 7 -4.313 29.239 13.683 C
45 7 -2.846 29.498 13.335 C
46 7 -2.538 30.218 12.374 O
47 7 -4.812 30.238 14.721 C
48 7 -6.025 29.778 15.508 C
49 7 -7.232 30.664 15.217 C
50 7 -8.472 30.175 15.947 C
51 7 -9.684 30.379 15.123 N
52 8 -1.965 28.908 14.120 N
53 8 -0.523 29.079 13.900 C
54 8 0.018 28.650 12.535 C
55 8 0.862 29.336 11.940 O
56 9 -0.476 27.523 12.059 N
57 9 -0.038 26.995 10.760 C
58 9 -0.724 27.818 9.668 C
59 9 -0.105 28.173 8.655 O
60 9 -0.406 25.493 10.592 C
61 9 -1.852 25.177 10.159 C
62 9 -2.045 23.781 9.454 C
63 9 -2.953 23.574 8.706 O
64 9 -1.129 23.042 9.814 O
65 10 -1.993 28.106 9.890 N
66 10 -2.771 28.886 8.917 C
67 10 -1.891 30.082 8.548 C
68 10 -1.658 30.358 7.363 O
69 10 -4.105 29.334 9.504 C
70 10 -5.319 28.954 8.677 C
71 10 -6.519 28.659 9.571 C
72 10 -7.810 28.598 8.771 C
73 10 -8.899 27.995 9.572 N
74 11 -1.418 30.773 9.568 N
75 11 -0.563 31.949 9.352 C
76 11 0.820 31.713 8.744 C
77 11 1.373 32.588 8.063 O
78 11 -0.275 32.707 10.679 C
79 11 -0.553 34.223 10.685 C
80 11 -1.836 34.741 11.456 C
81 11 -3.348 34.692 11.494 O
82 11 -1.418 35.169 13.075 O
83 12 1.357 30.535 9.000 N
84 12 2.685 30.182 8.480 C
85 12 2.606 30.686 7.039 C
86 12 3.634 30.959 6.403 O
87 12 2.901 28.687 8.629 C
88 12 4.316 28.231 8.419 C
89 12 4.543 26.976 7.962 C
90 12 5.384 29.073 8.600 C
91 12 5.861 26.489 7.727 C
92 12 6.706 28.586 8.319 C
93 12 6.918 27.316 7.927 C
94 13 1.387 30.801 6.545 N
95 13 1.170 31.271 5.170 C
96 13 1.851 32.630 5.008 C
97 13 1.986 33.145 3.889 O
98 13 -0.344 31.355 4.880 C
99 13 -0.963 29.985 4.794 C
100 13 -0.431 29.009 4.294 O
101 13 -2.207 29.852 5.397 N
102 14 2.269 33.192 6.127 N
103 14 2.935 34.502 6.112 C
104 14 4.454 34.329 6.115 C
105 14 5.206 35.310 6.023 O
106 14 2.530 35.345 7.316 C
107 14 1.469 36.390 7.028 C
108 14 0.796 36.854 8.315 C
109 14 -0.719 36.765 8.217 C
110 14 -1.296 36.207 9.460 N
111 15 5.098 33.082 6.381 N
112 15 6.747 32.786 6.558 C
113 15 6.836 32.005 5.119 C
114 15 7.622 32.457 4.273 O
115 15 7.310 31.981 7.937 C
116 15 6.307 32.252 9.481 S
117 16 5.994 30.854 4.833 N
118 16 6.199 30.009 3.649 C
119 16 6.993 30.391 2.399 C
120 16 7.819 29.609 1.907 O
121 16 4.872 29.609 3.014 C
122 16 4.529 28.137 3.139 C
123 16 3.419 27.749 2.167 C
124 16 3.940 27.623 0.745 C
125 16 2.878 27.142 -0.166 N
126 17 6.729 31.585 1.903 N
127 17 7.417 32.073 0.700 C
128 17 8.940 32.122 0.831 C
129 17 9.670 31.833 -0.128 O
130 17 6.961 33.520 0.457 C
131 18 9.608 32.490 2.171 N
132 18 11.264 32.580 2.588 C
133 18 11.491 31.274 3.099 C
134 18 12.639 30.855 2.948 O
135 18 11.781 33.764 3.623 C
136 18 11.631 35.382 2.929 S
137 19 10.479 30.888 3.765 N
138 19 10.944 29.828 4.560 C
139 19 10.286 28.193 4.251 C
140 19 9.087 27.946 4.068 O
141 19 10.735 30.189 6.126 C
142 19 11.841 30.534 7.016 C
143 19 13.143 30.165 7.316 N
144 19 11.649 31.750 7.603 C
145 19 13.694 31.110 8.048 C
146 19 12.819 32.079 8.209 N
147 20 11.101 27.062 4.179 N
148 20 10.773 25.644 3.980 C
149 20 10.441 25.114 5.376 C
150 20 10.681 25.789 6.386 O
151 20 11.969 24.902 3.332 C
152 20 11.861 23.409 3.545 C
153 20 11.922 22.515 1.998 S
154 20 12.071 23.884 0.887 C
155 21 9.891 23.915 5.410 N
156 21 9.518 23.291 6.687 C
157 21 10.313 21.995 6.531 C
158 21 11.252 21.729 7.296 O
159 21 7.987 23.084 6.797 C
160 21 7.484 23.082 8.266 C
161 21 7.789 21.786 6.012 C
162 21 7.563 21.699 8.950 C
163 22 9.927 21.207 5.545 N
164 22 10.604 19.929 5.290 C
165 22 11.076 19.218 6.558 C
166 22 10.989 19.767 7.666 O
167 22 11.772 20.187 4.381 C
168 22 11.832 19.271 3.236 C
169 22 13.202 19.175 2.549 C
170 22 14.240 19.258 3.268 O
171 22 13.232 19.078 1.275 N
172 23 11.570 18.007 6.379 N
173 23 12.054 17.212 7.515 C
174 23 13.354 16.642 6.947 C
175 23 13.737 16.945 5.808 O
176 23 11.160 16.003 7.834 C
177 24 14.013 15.826 7.748 N
178 24 15.280 15.214 7.326 C
179 24 14.901 14.471 6.045 C
180 24 15.752 13.850 5.394 O
181 24 15.681 14.364 8.491 C
182 24 14.394 14.026 9.218 C
183 24 13.500 15.240 8.979 C
184 25 13.628 14.544 5.703 N
185 25 13.130 13.871 4.496 C
186 25 12.101 14.371 3.482 C
187 25 12.397 14.500 2.286 O
188 25 12.508 12.510 4.877 C
189 25 11.049 12.450 4.507 C
190 25 10.210 11.786 5.089 O
191 25 10.716 13.167 3.604 O
192 26 10.906 14.644 3.973 N
193 26 9.824 15.127 3.106 C
194 26 9.428 16.513 3.612 C
195 26 9.896 16.962 4.668 O
196 27 8.574 17.172 2.851 N
197 27 8.116 18.518 3.220 C
198 27 6.709 18.811 3.743 C
199 27 5.717 18.666 3.016 O
200 27 8.292 19.418 1.983 C
201 27 8.900 18.565 1.018 O
202 27 9.167 20.612 2.256 C
203 28 6.644 19.220 4.997 N
204 28 5.352 19.530 5.624 C
205 28 5.411 20.929 5.009 C
206 28 6.498 21.485 4.798 O
207 28 5.457 19.346 7.153 C
208 28 6.651 18.506 7.525 C
209 28 6.927 17.428 7.028 O
210 28 7.394 18.994 8.332 O
211 29 4.243 21.475 4.731 N
212 29 4.158 22.815 4.132 C
213 29 5.151 22.750 2.971 C
214 29 5.714 21.687 2.674 O
215 29 4.543 23.921 5.144 C
216 29 3.767 23.808 6.484 C
217 29 4.302 25.191 4.326 C
218 29 2.362 23.182 6.338 C
219 30 5.350 23.888 2.332 N
220 30 6.276 23.963 1.193 C
221 30 6.538 25.469 1.205 C
222 30 5.599 26.277 1.223 O
223 30 5.632 23.432 -0.083 C
224 30 4.975 22.073 0.058 C
225 30 3.456 22.202 0.105 C
226 30 2.965 22.504 1.511 C
227 30 1.501 22.718 1.523 N
228 31 7.809 25.824 1.195 N
229 31 8.199 27.240 1.210 C
230 31 9.507 27.690 0.559 C
231 31 10.478 26.925 0.486 O
232 32 9.514 28.926 0.096 N
233 32 10.706 29.483 -0.558 C
234 32 11.971 28.944 0.110 C
235 32 11.933 28.472 1.255 O
236 33 13.071 29.021 -0.614 N
237 33 14.355 28.534 -0.092 C
238 33 15.159 29.714 0.452 C
239 33 16.317 29.561 0.862 O
240 33 15.161 27.821 -1.173 C
241 33 14.403 26.738 -1.916 C
242 33 12.928 26.737 -1.526 C
243 33 12.143 25.701 -2.313 C
244 33 10.841 25.424 -1.667 N
245 34 14.533 30.877 0.447 N
246 34 15.193 32.094 0.938 C
247 34 15.678 31.801 2.358 C
248 34 16.883 31.850 2.641 O
249 34 14.167 33.239 0.851 C
250 34 13.646 33.139 -0.469 O
251 34 14.791 34.591 1.069 C
252 35 14.732 31.504 3.230 N
253 35 15.062 31.208 4.630 C
254 35 15.183 29.722 4.968 C
255 35 14.712 28.858 4.214 O
256 36 15.813 29.446 6.095 N
257 36 16.003 28.057 6.534 C
258 36 14.795 27.142 6.732 C
259 36 13.641 27.571 6.592 O
260 36 16.729 28.180 7.835 C
261 36 16.369 29.548 8.381 C
262 36 16.162 30.405 7.134 C
263 37 15.077 25.893 7.055 N
264 37 14.008 24.909 7.269 C
265 37 13.521 25.446 8.615 C
266 37 14.310 25.616 9.554 O
267 37 14.601 23.483 7.255 C
268 37 13.680 22.512 6.564 C
269 37 12.548 22.769 6.192 O
270 37 14.223 21.264 6.290 N
271 38 12.229 25.706 8.688 N
272 38 11.633 26.233 9.923 C
273 38 11.234 25.052 10.808 C
274 38 10.836 25.232 11.967 O
275 38 10.411 27.110 9.593 C
276 38 10.606 28.611 9.550 C
277 38 9.303 29.297 9.885 C
278 38 11.676 29.035 10.526 C
279 39 11.345 23.861 10.248 N
280 39 10.988 22.644 10.988 C
281 39 12.171 22.468 11.939 C
282 39 13.310 22.830 11.612 O
283 39 10.778 21.493 9.987 C
284 39 11.231 20.132 10.536 C
285 39 10.281 19.095 10.594 C
286 39 12.492 19.942 11.031 C
287 39 10.697 17.803 11.124 C
288 39 12.909 18.681 11.554 C
289 39 11.949 17.661 11.607 C
290 39 12.335 16.446 12.131 O
291 40 11.885 21.915 13.103 N
292 40 12.930 21.694 14.112 C
293 40 13.064 22.898 15.044 C
294 40 12.624 22.859 16.201 O
295 41 13.670 23.951 14.526 N
296 41 13.869 25.173 15.317 C
297 41 13.661 24.745 16.769 C
298 41 14.566 24.181 17.402 O
299 41 12.890 26.246 14.862 C
300 41 13.413 27.169 13.734 C
301 41 11.530 25.679 14.554 C
302 42 12.475 25.019 17.278 N
303 42 12.147 24.667 18.666 C
304 42 12.879 23.436 19.202 C
305 42 12.448 22.295 18.985 O
306 42 10.649 24.423 18.796 C
307 42 10.009 23.653 17.615 C
308 42 10.286 23.831 20.131 C
309 43 13.975 23.686 19.894 N
310 43 14.776 22.592 20.461 C
311 43 16.170 22.872 19.901 C
312 43 17.177 22.751 20.613 O
313 44 16.209 23.240 18.634 N
314 44 17.443 23.559 17.808 C
315 44 18.878 24.114 18.241 C
316 44 19.796 23.395 18.661 O
317 44 17.218 24.493 16.602 C
318 44 18.250 24.332 15.472 C
319 44 17.987 23.050 14.708 C
320 44 16.940 23.245 13.692 N
321 44 16.816 24.375 12.965 C
322 44 17.400 25.478 13.396 N
323 44 16.109 24.386 11.826 N
324 45 19.012 25.404 17.995 N
325 45 20.297 26.084 18.206 C
326 45 20.437 27.198 17.167 C
327 45 20.783 26.944 16.005 O
328 45 21.467 25.113 18.086 C
329 45 22.822 25.714 18.399 C
330 45 23.883 24.627 18.540 C
331 45 25.220 25.074 17.973 C
332 45 25.576 26.423 18.464 N
333 46 20.165 28.414 17.601 N
334 46 20.254 29.575 16.704 C
335 46 21.272 29.391 15.578 C
336 46 22.480 29.266 15.826 O
337 46 20.675 30.856 17.464 C
338 46 19.611 31.322 18.495 C
339 46 20.970 31.820 16.313 C
340 46 18.870 30.158 19.192 C
341 47 20.771 29.376 14.357 N
342 47 21.640 29.200 13.185 C
343 47 22.342 27.898 12.801 C
344 47 23.078 27.842 11.806 O
345 47 22.753 30.228 13.445 C
346 48 22.106 26.871 13.596 N
347 48 22.725 25.562 13.343 C
348 48 22.450 25.238 11.874 C
349 48 23.228 25.608 10.984 O
350 48 22.143 24.513 14.266 C
351 48 21.546 23.440 13.545 O
352 49 21.348 24.549 11.643 N
353 49 20.970 24.166 10.275 C
354 49 22.010 24.494 9.203 C
355 49 22.287 25.670 8.924 O
356 49 19.659 24.868 9.820 C
357 49 18.573 23.969 9.194 C
358 49 18.670 23.799 7.631 C
359 49 18.612 24.736 6.892 O
360 49 18.814 22.602 7.386 O
361 50 22.570 23.451 8.619 N
362 50 23.590 23.628 7.575 C
363 50 23.412 23.960 6.094 C
364 50 22.357 23.686 5.502 O
365 50 24.456 22.349 7.392 C
366 50 25.063 22.118 5.993 C
367 50 25.327 20.608 5.625 C
368 50 26.431 20.156 5.579 O
369 50 24.239 20.068 5.428 O
370 51 24.443 24.547 5.516 N
371 51 24.401 24.924 4.097 C
372 51 23.507 26.073 3.629 C
373 51 22.985 26.055 2.505 O
374 52 23.343 27.054 4.497 N
375 52 22.503 28.216 4.175 C
376 52 23.427 29.412 4.412 C
377 52 24.480 29.285 5.052 O
378 52 21.267 28.200 5.055 C
379 52 20.463 29.468 5.034 C
380 52 19.430 29.578 4.165 C
381 52 20.692 30.487 5.923 C
382 52 18.619 30.748 4.106 C
383 52 19.841 31.644 5.886 C
384 52 18.860 31.764 4.971 C
385 53 23.019 30.554 3.892 N
386 53 23.816 31.781 4.041 C
387 53 23.298 32.643 5.193 C
388 53 22.601 33.644 4.975 O
389 53 23.796 32.615 2.765 C
390 53 25.162 32.872 2.157 C
391 53 26.182 33.221 3.236 C
392 53 26.682 31.979 3.955 C
393 53 26.028 31.834 5.274 N
394 54 23.645 32.241 6.401 N
395 54 23.209 32.977 7.596 C
396 54 23.746 34.408 7.658 C
397 54 24.894 34.674 7.274 O
398 54 23.649 32.201 8.850 C
399 54 22.604 31.174 9.314 C
400 54 22.863 29.813 9.071 C
401 54 21.418 31.561 9.877 C
402 54 21.874 28.831 9.497 C
403 54 20.442 30.608 10.297 C
404 54 20.715 29.257 10.043 C
405 54 19.768 28.331 10.423 O
406 55 22.909 35.308 8.139 N
407 55 23.297 36.721 8.248 C
408 55 24.420 36.652 9.284 C
409 55 24.353 35.870 10.243 O
410 56 25.434 37.470 9.076 N
411 56 26.582 37.502 9.994 C
412 56 26.301 37.655 11.489 C
413 56 27.083 37.194 12.334 O
414 56 27.550 38.674 9.671 C
415 56 28.952 38.293 9.155 C
416 56 29.812 39.497 8.618 C
417 56 30.727 39.332 7.868 O
418 56 29.356 40.534 9.099 O
419 57 25.191 38.300 11.794 N
420 57 24.807 38.523 13.195 C
421 57 24.383 37.304 14.016 C
422 57 24.966 37.013 15.071 O
423 58 23.374 36.612 13.523 N
424 58 22.864 35.422 14.216 C
425 58 24.115 34.562 14.397 C
426 58 24.270 33.869 15.413 O
427 58 21.785 34.690 13.380 C
428 58 21.327 33.352 14.023 C
429 58 22.465 34.585 12.013 C
430 58 19.851 33.354 14.483 C
431 59 24.989 34.618 13.409 N
432 59 26.233 33.836 13.455 C
433 59 27.182 34.114 14.621 C
434 59 27.699 33.184 15.256 O
435 59 27.049 34.059 12.167 C
436 59 26.433 33.627 10.853 C
437 59 27.505 33.559 9.792 C
438 59 25.765 32.280 10.996 C
439 60 27.397 35.389 14.885 N
440 60 28.293 35.794 15.978 C
441 60 27.636 35.562 17.338 C
442 60 28.309 35.211 18.318 O
443 60 28.764 37.192 15.774 C
444 60 30.004 37.602 16.590 C
445 60 31.354 36.935 16.126 C
446 60 32.326 37.585 15.886 O
447 60 31.183 35.718 16.086 O
448 61 26.333 35.764 17.380 N
449 61 25.579 35.581 18.629 C
450 61 25.545 34.093 18.981 C
451 61 25.752 33.709 20.142 O
452 61 24.172 36.141 18.467 C
453 61 24.102 37.549 17.828 C
454 61 23.245 35.160 17.800 C
455 62 25.283 33.279 17.976 N
456 62 25.215 31.825 18.180 C
457 62 26.568 31.676 18.876 C
458 62 26.695 30.949 19.872 O
459 62 25.299 30.989 16.894 C
460 63 27.560 32.364 18.341 N
461 63 28.914 32.305 18.910 C
462 63 29.173 32.765 20.345 C
463 63 29.836 32.068 21.127 O
464 63 29.922 33.161 18.092 C
465 63 30.213 32.700 16.649 C
466 63 31.676 32.989 16.142 C
467 63 32.423 32.107 15.841 O
468 63 31.839 34.208 16.125 O
469 64 28.648 33.932 20.670 N
470 64 28.828 34.493 22.016 C
471 64 28.060 33.520 22.912 C
472 64 28.468 33.245 24.049 O
473 64 28.290 35.917 22.101 C
474 64 29.119 36.951 21.362 C
475 64 30.553 36.468 21.174 C
476 64 31.215 37.134 19.977 C
477 64 32.660 36.824 19.934 N
478 65 26.960 33.014 22.386 N
479 65 26.126 32.070 23.143 C
480 65 26.086 30.711 22.444 C
481 65 25.110 30.378 21.756 O
482 65 24.700 32.642 23.297 C
483 65 24.667 33.771 24.294 C
484 65 24.661 34.954 24.005 O
485 65 24.568 33.390 25.626 N
486 66 27.147 29.948 22.628 N
487 66 27.239 28.619 22.008 C
488 66 25.978 27.965 22.575 C
489 66 25.571 26.880 22.134 O
490 66 28.559 28.089 22.471 C
491 66 28.855 28.801 23.777 C
492 66 28.199 30.170 23.612 C
493 67 25.380 28.633 23.543 N
494 67 24.163 28.113 24.180 C
495 67 22.830 28.023 23.434 C
496 67 22.368 26.928 23.087 O
497 67 23.835 28.944 25.439 C
498 67 25.088 29.357 26.164 C
499 67 25.429 28.943 27.258 O
500 67 25.809 30.106 25.564 O
501 68 22.234 29.178 23.200 N
502 68 20.946 29.234 22.497 C
503 68 20.182 28.294 21.564 C
504 68 20.323 28.364 20.335 O
505 68 20.901 30.456 21.561 C
506 68 20.656 31.815 22.181 C
507 68 20.529 32.851 21.089 C
508 68 19.402 31.797 23.021 C
509 69 19.384 27.428 22.160 N
510 69 18.597 26.464 21.381 C
511 69 17.147 26.922 21.216 C
512 69 16.235 26.392 21.866 O
513 69 18.686 25.106 22.103 C
514 69 18.221 25.384 23.419 O
515 69 20.089 24.566 22.144 C
516 70 16.956 27.899 20.349 N
517 70 15.612 28.437 20.100 C
518 70 14.359 27.935 20.818 C
519 70 13.531 27.225 20.232 O
520 70 15.287 28.285 18.614 C
521 70 15.949 29.328 17.640 C
522 70 16.733 29.113 16.576 C
523 70 15.775 30.714 17.691 C
524 70 17.124 30.383 15.993 N
525 70 16.518 31.306 16.630 C
526 70 15.057 31.525 18.541 C
527 70 16.585 32.676 16.358 C
528 70 15.144 32.906 18.266 C
529 70 15.842 33.448 17.198 C
530 71 14.239 28.312 22.077 N
531 71 13.084 27.897 22.884 C
532 71 11.953 28.086 21.873 C
533 71 11.894 27.393 20.848 O
534 71 13.053 28.789 24.139 C
535 71 14.414 28.851 24.552 O
536 71 12.196 28.216 25.235 C
537 72 11.071 29.021 22.177 N
538 72 9.932 29.301 21.294 C
539 72 9.348 30.508 22.029 C
540 72 8.254 30.985 21.698 O
541 72 8.962 28.089 21.198 C
542 72 8.785 27.240 22.473 C
543 72 7.473 26.369 22.515 C
544 72 7.508 25.187 22.678 O
545 72 6.511 27.122 22.364 O
546 73 10.085 30.981 23.016 N
547 73 9.638 32.135 23.808 C
548 73 10.655 33.062 23.143 C
549 73 10.562 34.292 23.254 O
550 73 9.989 32.117 25.304 C
551 74 11.612 32.459 22.463 N
552 74 12.658 33.233 21.781 C
553 74 12.004 33.377 20.407 C
554 74 12.106 34.430 19.762 O
555 74 13.991 32.456 21.818 C
556 74 14.910 32.992 22.884 C
557 74 14.907 34.140 23.291 O
558 74 15.761 32.060 23.464 N
559 75 11.342 32.318 19.979 N
560 75 10.672 32.323 18.672 C
561 75 9.688 33.492 18.689 C
562 75 9.642 34.297 17.748 O
563 75 9.959 30.978 18.434 C
564 75 10.794 29.806 17.964 C
565 75 12.234 30.022 18.362 C
566 75 10.285 28.516 18.561 C
567 76 8.916 33.569 19.756 N
568 76 7.923 34.642 19.895 C
569 76 8.588 36.008 19.729 C
570 76 8.113 36.857 18.963 O
571 76 7.238 34.614 21.284 C
572 76 6.649 33.222 21.637 C
573 76 6.235 35.762 21.163 C
574 76 5.747 33.229 22.891 C
575 77 9.677 36.200 20.450 N
576 77 10.411 37.471 20.388 C
577 77 10.958 37.679 18.976 C
578 77 10.488 38.554 18.235 O
579 77 11.599 37.503 21.389 C
580 77 11.445 38.423 22.617 C
581 77 12.769 38.668 23.434 C
582 77 13.270 39.748 23.510 O
583 77 13.116 37.595 23.927 O
584 78 11.943 36.875 18.625 N
585 78 12.562 36.973 17.296 C
586 78 11.565 37.478 16.254 C
587 78 11.495 38.682 15.973 O
588 78 13.118 35.594 16.899 C
589 78 13.985 35.640 15.633 C
590 78 15.299 36.129 15.750 C
591 78 13.483 35.295 14.407 C
592 78 16.126 36.188 14.552 C
593 78 14.285 35.352 13.227 C
594 78 15.590 35.844 13.363 C
595 78 16.364 35.924 12.225 O
596 79 10.810 36.550 15.696 N
597 79 9.815 36.900 14.674 C
598 79 9.031 38.193 14.897 C
599 79 8.715 38.917 13.943 O
600 79 8.798 35.775 14.539 C
601 79 9.397 34.348 14.563 C
602 79 7.651 35.930 15.501 C
603 80 8.727 38.464 16.153 N
604 80 7.971 39.673 16.505 C
605 80 8.682 40.709 15.634 C
606 80 8.108 41.228 14.667 O
607 80 8.077 39.853 18.031 C
608 80 7.494 38.668 18.560 O
609 80 7.336 41.068 18.521 C
610 81 9.921 40.994 15.989 N
611 81 10.715 41.977 15.240 C
612 81 12.143 41.555 15.589 C
613 81 12.699 41.980 16.610 O
614 81 10.333 43.405 15.684 C
615 81 11.107 44.444 14.917 C
616 81 11.089 45.640 15.150 O
617 81 11.827 44.019 14.055 O
618 82 12.713 40.724 14.736 N
619 82 14.081 40.236 14.957 C
620 82 15.417 40.959 15.133 C
621 82 16.349 40.428 15.751 O
622 82 14.348 39.353 13.779 C
623 82 13.441 39.854 12.672 C
624 82 12.216 40.390 13.409 C
625 83 15.489 42.159 14.588 N
626 83 16.718 42.959 14.680 C
627 83 16.867 43.255 16.172 C
628 83 17.924 43.005 16.768 O
629 83 16.615 44.233 13.848 C
630 83 16.497 45.509 14.658 C
631 83 17.805 46.292 14.635 C
632 83 18.112 46.824 13.244 C
633 83 19.556 47.106 13.097 N
634 84 15.806 43.783 16.754 N
635 84 15.818 44.120 18.184 C
636 84 16.124 43.028 19.210 C
637 84 16.158 43.285 20.422 O
638 84 14.449 44.665 18.442 C
639 84 13.553 44.049 17.385 C
640 84 14.470 43.866 16.178 C
641 85 16.342 41.827 18.710 N
642 85 16.640 40.608 19.586 C
643 85 18.053 40.438 19.053 C
644 85 19.041 40.530 19.797 O
645 85 15.607 39.236 19.375 C
646 85 16.077 37.552 19.517 C
647 85 17.507 37.198 19.059 C
648 85 15.957 36.853 20.953 C
649 86 18.127 40.126 17.773 N
650 86 19.424 39.857 17.136 C
651 86 19.689 41.334 17.432 C
652 86 18.757 42.152 17.478 O
653 86 19.203 39.338 15.721 C
654 86 19.180 40.430 14.623 C
655 86 20.132 38.202 15.382 C
656 87 20.954 41.655 17.628 N
657 87 21.345 43.041 17.927 C
658 87 21.120 42.781 19.417 C
659 87 21.281 41.650 19.898 O
660 87 20.445 44.039 17.208 C
661 87 19.062 44.193 17.813 C
662 87 18.706 45.666 17.992 C
663 87 19.250 46.217 19.301 C
664 87 20.725 46.318 19.257 N
665 88 20.752 43.832 20.126 N
666 88 20.509 43.722 21.572 C
667 88 21.504 42.655 22.032 C
668 88 22.506 42.963 22.694 O
669 88 19.063 43.332 21.863 C
670 88 18.895 41.989 22.549 C
671 88 17.642 41.972 23.419 C
672 88 17.512 40.666 24.187 C
673 88 16.094 40.370 24.488 N
674 89 21.214 41.419 21.675 N
675 89 22.085 40.299 22.058 C
676 89 23.588 40.202 21.793 C
677 89 24.319 39.511 22.518 O
678 89 21.579 38.983 21.413 C
679 89 20.163 38.674 21.849 C
680 89 20.101 37.262 22.944 S
681 89 19.757 38.099 24.465 C
682 90 24.027 40.895 20.760 N
683 90 25.450 40.886 20.392 C
684 90 25.785 42.192 21.115 C
685 90 26.821 42.300 21.787 O
686 90 25.526 40.836 18.854 C
687 90 25.240 42.171 18.449 O
688 90 24.526 39.880 18.257 C
689 91 24.904 43.163 20.966 N
690 91 25.108 44.472 21.603 C
691 91 25.638 45.281 20.418 C
692 91 25.623 46.521 20.436 O
693 91 26.076 44.326 22.795 C
694 91 25.337 44.005 24.068 C
695 91 24.994 42.887 24.412 O
696 91 25.136 44.936 24.799 O
697 92 26.100 44.570 19.408 N
698 92 26.645 45.224 18.210 C
699 92 25.443 45.834 17.486 C
700 92 24.610 45.115 16.917 O
701 92 27.403 44.189 17.350 C
702 92 27.160 44.413 15.881 C
703 92 26.974 43.528 15.063 O
704 92 27.097 45.561 15.536 O
705 93 25.372 47.152 17.519 N
706 93 24.265 47.866 16.868 C
707 93 24.554 47.816 15.368 C
708 93 25.701 48.000 14.933 O
709 93 24.161 49.304 17.365 C
710 93 24.265 49.461 18.869 C
711 93 23.307 50.536 19.373 C
712 93 22.183 49.938 20.204 C
713 93 22.710 49.335 21.448 N
714 94 23.511 47.569 14.598 N
715 94 23.651 47.489 13.138 C
716 94 23.520 45.977 12.957 C
717 94 24.371 45.334 12.325 O
718 95 22.456 45.430 13.516 N
719 95 22.213 43.985 13.423 C
720 95 22.418 43.709 11.932 C
721 95 23.554 43.525 11.469 O
722 95 20.754 43.608 13.731 C
723 96 21.318 43.683 11.204 N
724 96 21.376 43.423 9.759 C
725 96 20.242 42.450 9.428 C
726 96 19.314 42.784 8.677 O
727 96 22.724 42.837 9.352 C
728 96 23.458 43.623 8.283 C
729 96 24.950 43.309 8.301 C
730 96 25.688 44.036 7.188 C
731 96 27.034 43.456 6.982 N
732 97 20.335 41.261 9.993 N
733 97 19.315 40.230 9.755 C
734 97 19.221 39.957 8.253 C
735 97 19.793 40.691 7.434 O
736 97 17.999 40.693 10.144 C
737 97 17.223 41.230 11.500 O
738 97 17.673 39.686 10.142 C
739 98 18.503 38.903 7.914 N
740 98 18.337 38.525 6.503 C
741 98 16.816 38.359 6.478 C
742 98 16.219 38.119 5.418 O
743 98 19.124 37.262 6.170 C
744 98 20.631 37.436 6.176 C
745 98 21.249 36.889 4.893 C
746 98 22.362 35.896 5.188 C
747 98 22.744 35.153 3.966 N
748 99 16.213 38.489 7.645 N
749 99 14.885 38.398 7.840 C
750 99 14.269 39.766 8.069 C
751 99 14.721 40.399 9.035 O
752 99 14.659 37.428 9.032 C
753 99 13.365 37.667 9.591 C
754 99 12.699 36.147 9.951 S
755 99 11.478 36.582 11.204 C
756 100 13.224 40.160 7.242 N
757 100 12.712 41.522 7.451 C
758 100 11.236 41.494 7.850 C
759 100 10.637 42.538 8.151 O
760 100 12.944 42.304 6.143 C
761 100 13.095 43.654 6.569 O
762 100 11.790 42.180 5.184 C
763 101 10.670 40.302 7.847 N
764 101 9.255 40.136 8.205 C
765 101 9.217 40.679 9.635 C
766 101 10.185 40.536 10.397 O
767 101 8.870 38.675 8.064 C
768 101 7.438 38.435 7.681 C
769 101 7.044 38.693 6.412 C
770 101 6.534 37.888 8.557 C
771 101 5.704 38.472 5.982 C
772 101 5.197 37.627 8.101 C
773 101 4.805 37.950 6.853 C
774 102 8.101 41.296 9.977 N
775 102 7.936 41.871 11.320 C
776 102 6.586 41.175 11.503 C
777 102 5.648 41.391 10.721 O
778 102 7.961 43.394 11.280 C
779 102 9.205 43.990 10.647 C
780 102 8.997 45.464 10.317 C
781 102 9.243 46.348 11.530 C
782 102 10.570 46.071 12.124 N
783 103 6.351 40.516 12.592 N
784 103 5.068 39.844 12.838 C
785 103 4.609 40.236 14.244 C
786 103 5.063 39.663 15.246 O
787 103 5.233 38.309 12.705 C
788 103 4.408 37.772 11.555 C
789 103 2.934 36.939 12.131 S
790 103 3.647 35.973 13.432 C
791 104 3.715 41.207 14.298 N
792 104 3.195 41.683 15.587 C
793 104 1.792 41.493 16.167 C
794 104 1.393 42.190 17.112 O
795 105 1.065 40.553 15.594 N
796 105 -0.303 40.272 16.051 C
797 105 -0.583 38.936 16.743 C
798 105 -1.330 38.874 17.731 O
799 105 -1.296 40.318 14.895 C
800 105 -2.648 40.912 15.245 C
801 105 -3.736 40.380 14.317 C
802 105 -5.126 40.629 14.884 C
803 105 -6.143 40.619 13.809 N
804 106 0.018 37.888 16.213 N
805 106 -0.170 36.543 16.778 C
806 106 1.025 35.635 17.071 C
807 106 1.146 34.539 16.504 O
808 106 -1.079 35.711 15.847 C
809 106 -2.446 36.330 15.716 C
810 106 -3.497 35.749 15.926 O
811 106 -2.463 37.681 15.395 N
812 107 1.889 36.104 17.952 N
813 107 3.086 35.333 18.321 C
814 107 3.201 33.909 18.868 C
815 107 3.789 33.026 18.226 O
816 107 3.842 36.107 19.364 C
817 107 4.630 37.214 18.811 C
818 107 3.871 38.539 18.649 C
819 107 2.660 38.495 18.283 O
820 107 4.514 39.629 18.829 N
821 108 2.640 33.708 20.045 N
822 108 2.684 32.386 20.687 C
823 108 1.850 31.419 19.846 C
824 108 2.149 30.217 19.773 O
825 108 2.012 32.443 22.068 C
826 109 0.816 31.954 19.225 N
827 109 -0.071 31.133 18.389 C
828 109 0.926 30.363 17.522 C
829 109 0.851 29.130 17.406 O
830 109 -1.040 32.045 17.605 C
831 109 -2.427 32.008 18.192 C
832 109 -3.434 32.392 17.625 O
833 109 -2.515 31.502 19.278 O
834 110 1.845 31.099 16.926 N
835 110 2.861 30.484 16.059 C
836 110 3.994 29.617 16.610 C
837 110 4.219 28.490 16.142 O
838 110 3.580 31.564 15.263 C
839 110 5.108 31.356 15.117 C
840 110 2.908 31.838 13.943 C
841 111 4.691 30.154 17.594 N
842 111 5.812 29.428 18.209 C
843 111 5.117 28.100 18.515 C
844 111 5.700 27.020 18.337 O
845 111 6.327 30.203 19.414 C
846 111 7.007 29.337 20.503 C
847 111 7.169 31.385 19.010 C
848 112 3.882 28.200 18.972 N
849 112 3.104 27.000 19.311 C
850 112 3.369 26.007 18.179 C
851 112 4.101 25.021 18.355 O
852 112 1.594 27.286 19.285 C
853 113 2.771 26.279 17.035 N
854 113 2.938 25.401 15.868 C
855 113 4.355 24.901 15.583 C
856 113 4.568 23.709 15.314 O
857 113 2.448 26.121 14.625 C
858 113 2.529 25.317 13.359 C
859 113 3.110 25.867 12.267 C
860 113 2.106 24.013 13.298 C
861 113 3.232 25.151 11.040 C
862 113 2.274 23.286 12.070 C
863 113 2.794 23.870 10.974 C
864 114 5.303 25.817 15.646 N
865 114 6.707 25.470 15.388 C
866 114 7.351 24.718 16.553 C
867 114 8.406 24.085 16.398 O
868 114 7.528 26.744 15.109 C
869 114 7.990 26.993 13.688 C
870 114 9.459 26.666 13.572 C
871 114 7.197 26.151 12.717 C
872 115 6.707 24.796 17.703 N
873 115 7.221 24.124 18.904 C
874 115 6.965 22.727 18.338 C
875 115 7.904 21.950 18.109 O
876 115 6.352 24.240 20.167 C
877 116 5.698 22.427 18.121 N
878 116 5.314 21.114 17.584 C
879 116 6.089 20.335 16.521 C
880 116 6.387 19.144 16.695 O
881 116 3.931 21.228 17.005 C
882 116 3.528 20.051 16.225 C
883 116 2.095 20.092 15.676 C
884 116 1.136 19.962 16.491 O
885 116 1.936 20.193 14.412 N
886 117 6.403 21.017 15.436 N
887 117 7.142 20.386 14.334 C
888 117 8.513 19.828 14.720 C
889 117 8.964 18.812 14.171 O
890 117 7.338 21.401 13.188 C
891 117 6.384 21.139 12.052 C
892 117 6.173 20.045 11.558 O
893 117 5.761 22.091 11.670 O
894 118 9.155 20.500 15.657 N
895 118 10.484 20.073 16.116 C
896 118 10.017 19.326 17.366 C
897 118 10.026 19.874 18.478 O
898 118 11.383 21.310 16.330 C
899 118 10.564 22.566 16.475 C
900 118 11.014 23.698 16.449 O
901 118 9.378 22.402 16.565 O
902 119 9.614 18.085 17.166 N
903 119 9.134 17.257 18.281 C
904 119 10.042 17.006 19.486 C
905 119 9.582 16.565 20.550 O
906 119 8.799 15.945 17.645 C
907 119 9.660 15.858 16.398 C
908 119 9.811 17.308 15.948 C
909 120 11.318 17.289 19.303 N
910 120 12.299 17.087 20.379 C
911 120 12.450 18.282 21.322 C
912 120 12.815 19.387 20.896 O
913 120 13.681 16.764 19.770 C
914 120 13.741 15.344 19.268 C
915 120 13.886 15.024 18.101 O
916 120 13.696 14.493 20.114 O
917 121 12.166 18.043 22.589 N
918 121 12.264 19.106 23.599 C
919 121 12.635 17.965 24.547 C
920 121 12.924 18.189 25.731 O
921 121 10.969 19.722 24.153 C
922 122 12.620 16.758 24.013 N
923 122 12.950 15.573 24.817 C
924 122 12.225 15.298 26.135 C
925 122 12.755 14.617 27.025 O
926 123 11.023 15.833 26.242 N
927 123 10.220 15.652 27.459 C
928 123 10.677 16.835 28.313 C
929 123 9.868 17.473 29.003 O
930 124 11.967 17.109 28.256 N
931 124 12.538 18.219 29.033 C
932 124 13.866 18.659 28.415 C
933 124 13.894 19.469 27.476 O
934 125 14.946 18.121 28.950 N
935 125 16.286 18.464 28.453 C
936 125 17.702 18.589 27.889 C
937 125 17.938 18.338 26.697 O
938 126 18.623 18.977 28.751 N
939 126 20.023 19.143 28.338 C
940 126 20.829 20.363 28.792 C
941 126 21.941 20.608 28.303 O
942 127 20.255 21.107 29.718 N
943 127 20.919 22.310 30.239 C
944 127 20.359 23.336 31.225 C
945 127 20.596 23.249 32.439 O
946 128 19.624 24.294 30.690 N
947 128 19.030 25.347 31.526 C
948 128 19.288 26.851 31.418 C
949 128 18.370 27.636 31.144 O
950 129 20.534 27.228 31.635 N
951 129 20.795 28.677 31.592 C
952 129 19.893 29.366 30.689 C
953 129 19.933 29.267 29.454 O
954 130 18.991 30.078 31.338 N
955 130 17.947 30.815 30.614 C
956 130 18.073 31.189 29.136 C
957 130 19.168 31.509 28.650 O
958 131 16.951 31.143 28.443 N
959 131 16.934 31.474 27.011 C
960 131 17.305 30.156 26.328 C
961 131 16.729 29.790 25.294 O
962 132 18.264 29.466 26.916 N
963 132 18.722 28.185 26.360 C
964 132 18.051 27.124 27.235 C
965 132 17.120 27.423 27.998 O
966 133 18.532 25.902 27.112 N
967 133 17.974 24.788 27.892 C
968 133 17.497 23.805 26.821 C
969 133 16.337 23.367 26.831 O
970 134 18.397 23.475 25.915 N
971 134 18.067 22.543 24.827 C
972 134 19.370 21.810 24.503 C
973 134 19.393 20.576 24.382 O
974 134 20.433 22.579 24.367 O
