1225
1 0 24.350 8.089 -9.965 N
2 0 24.486 9.577 -9.952 C
3 0 25.896 10.021 -10.325 C
4 0 26.872 9.321 -10.045 O
5 0 24.106 10.130 -8.576 C
6 0 24.869 9.511 -7.423 C
7 0 24.239 10.050 -5.829 S
8 0 24.760 11.803 -5.852 C
9 1 25.992 11.182 -10.969 N
10 1 27.278 11.729 -11.392 C
11 1 27.377 13.228 -11.126 C
12 1 26.480 13.992 -11.483 O
13 1 27.518 11.496 -12.902 C
14 1 28.871 12.061 -13.325 C
15 1 27.428 10.016 -13.230 C
16 2 28.465 13.639 -10.480 N
17 2 28.701 15.050 -10.195 C
18 2 29.400 15.698 -11.383 C
19 2 30.114 15.029 -12.133 O
20 2 29.591 15.220 -8.961 C
21 2 29.013 15.019 -7.563 C
22 2 28.781 13.544 -7.291 C
23 2 29.977 15.604 -6.547 C
24 3 29.195 16.995 -11.563 N
25 3 29.850 17.706 -12.649 C
26 3 31.234 18.132 -12.161 C
27 3 31.504 18.117 -10.959 O
28 3 29.032 18.937 -13.059 C
29 3 28.957 19.891 -12.010 O
30 4 32.113 18.482 -13.093 N
31 4 33.463 18.929 -12.757 C
32 4 33.394 20.157 -11.851 C
33 4 34.167 20.273 -10.901 O
34 4 34.245 19.272 -14.032 C
35 4 35.649 19.844 -13.795 C
36 4 36.594 18.872 -13.095 C
37 4 36.475 17.649 -13.311 O
38 4 37.473 19.336 -12.338 O
39 5 32.460 21.061 -12.151 N
40 5 32.293 22.268 -11.358 C
41 5 31.954 21.951 -9.913 C
42 5 32.462 22.595 -8.997 O
43 6 31.107 20.943 -9.713 N
44 6 30.712 20.515 -8.376 C
45 6 31.908 19.866 -7.667 C
46 6 32.102 20.049 -6.465 O
47 6 29.527 19.547 -8.457 C
48 6 28.248 20.192 -9.006 C
49 6 27.084 19.214 -9.163 C
50 6 27.297 18.092 -9.653 O
51 6 25.943 19.575 -8.809 O
52 7 32.713 19.118 -8.419 N
53 7 33.904 18.488 -7.855 C
54 7 34.887 19.569 -7.413 C
55 7 35.522 19.442 -6.366 O
56 7 34.572 17.548 -8.865 C
57 7 33.964 16.186 -8.884 C
58 7 33.429 15.537 -9.960 C
59 7 33.788 15.318 -7.760 C
60 7 32.923 14.319 -9.572 N
61 7 33.128 14.160 -8.227 C
62 7 34.120 15.406 -6.398 C
63 7 32.788 13.099 -7.378 C
64 7 33.783 14.353 -5.558 C
65 7 33.124 13.215 -6.052 C
66 8 34.985 20.639 -8.202 N
67 8 35.869 21.753 -7.883 C
68 8 35.457 22.423 -6.574 C
69 8 36.307 22.741 -5.743 O
70 8 35.889 22.775 -9.023 C
71 8 36.669 22.306 -10.239 C
72 8 38.070 21.840 -9.878 C
73 8 38.932 22.642 -9.513 O
74 8 38.297 20.533 -9.956 N
75 9 34.156 22.629 -6.392 N
76 9 33.650 23.232 -5.167 C
77 9 33.999 22.354 -3.964 C
78 9 34.374 22.862 -2.913 O
79 9 32.134 23.445 -5.248 C
80 9 31.648 24.508 -6.240 C
81 9 30.132 24.596 -6.215 C
82 9 32.261 25.858 -5.893 C
83 10 33.903 21.038 -4.139 N
84 10 34.217 20.083 -3.079 C
85 10 35.710 20.116 -2.757 C
86 10 36.107 20.277 -1.600 O
87 10 33.814 18.640 -3.495 C
88 10 34.458 17.601 -2.581 C
89 10 32.299 18.492 -3.476 C
90 11 36.536 19.994 -3.790 N
91 11 37.977 19.998 -3.602 C
92 11 38.540 21.341 -3.157 C
93 11 39.580 21.387 -2.501 O
94 11 38.683 19.496 -4.858 C
95 11 38.366 18.029 -5.155 C
96 11 39.113 17.569 -6.389 C
97 11 38.732 17.169 -3.949 C
98 12 37.834 22.428 -3.468 N
99 12 38.297 23.754 -3.072 C
100 12 38.225 23.898 -1.556 C
101 12 39.191 24.322 -0.922 O
102 12 37.472 24.852 -3.751 C
103 12 37.891 26.238 -3.372 C
104 12 39.141 26.763 -3.621 N
105 12 37.206 27.215 -2.724 C
106 12 39.176 28.008 -3.128 C
107 12 38.025 28.330 -2.573 N
108 13 37.091 23.514 -0.974 N
109 13 36.931 23.601 0.470 C
110 13 37.737 22.508 1.180 C
111 13 38.193 22.707 2.307 O
112 13 35.428 23.576 0.908 C
113 13 34.751 22.285 0.473 C
114 13 35.314 23.759 2.422 C
115 14 37.949 21.375 0.509 N
116 14 38.728 20.291 1.106 C
117 14 40.200 20.687 1.227 C
118 14 40.916 20.187 2.100 O
119 14 38.610 18.994 0.304 C
120 14 39.143 17.822 1.060 C
121 14 40.382 17.258 0.936 C
122 14 38.480 17.111 2.114 C
123 14 40.535 16.247 1.855 N
124 14 39.385 16.133 2.591 C
125 14 37.213 17.206 2.709 C
126 14 39.063 15.257 3.632 C
127 14 36.890 16.336 3.747 C
128 14 37.814 15.373 4.197 C
129 15 40.649 21.574 0.339 N
130 15 42.022 22.056 0.365 C
131 15 42.219 22.811 1.673 C
132 15 43.268 22.702 2.305 O
133 15 42.283 22.965 -0.822 C
134 16 41.186 23.544 2.092 N
135 16 41.224 24.296 3.346 C
136 16 41.268 23.317 4.515 C
137 16 41.943 23.560 5.509 O
138 16 39.990 25.198 3.496 C
139 16 39.795 26.224 2.392 C
140 16 41.072 26.993 2.107 C
141 16 40.941 27.792 0.822 C
142 16 42.252 28.337 0.384 N
143 17 40.529 22.216 4.387 N
144 17 40.484 21.184 5.417 C
145 17 41.872 20.575 5.645 C
146 17 42.276 20.335 6.785 O
147 17 39.479 20.065 5.036 C
148 17 39.539 18.909 6.041 C
149 17 38.079 20.633 4.965 C
150 18 42.611 20.367 4.559 N
151 18 43.947 19.788 4.647 C
152 18 44.995 20.680 5.312 C
153 18 46.095 20.219 5.624 O
154 18 44.421 19.323 3.273 C
155 18 43.587 18.181 2.731 C
156 18 44.098 17.642 1.414 C
157 18 44.529 18.441 0.560 O
158 18 44.060 16.411 1.232 O
159 19 44.659 21.949 5.532 N
160 19 45.585 22.864 6.196 C
161 19 45.699 22.462 7.666 C
162 19 46.687 22.787 8.330 O
163 19 45.103 24.299 6.078 C
164 20 44.687 21.744 8.159 N
165 20 44.652 21.274 9.544 C
166 20 43.752 20.043 9.665 C
167 20 42.672 20.106 10.257 O
168 20 44.146 22.385 10.474 C
169 20 44.056 21.936 11.929 C
170 20 44.852 21.066 12.340 O
171 20 43.173 22.435 12.657 O
172 21 44.217 18.915 9.137 N
173 21 43.441 17.679 9.163 C
174 21 43.108 17.207 10.576 C
175 21 41.973 16.825 10.849 O
176 21 44.149 16.541 8.385 C
177 21 43.295 15.287 8.394 C
178 21 44.408 16.975 6.946 C
179 22 44.089 17.264 11.471 N
180 22 43.897 16.845 12.853 C
181 22 42.804 17.655 13.550 C
182 22 41.934 17.090 14.201 O
183 22 45.208 16.949 13.621 C
184 23 42.844 18.975 13.395 N
185 23 41.844 19.828 14.019 C
186 23 40.449 19.636 13.453 C
187 23 39.473 19.637 14.197 O
188 24 40.354 19.480 12.135 N
189 24 39.070 19.267 11.474 C
190 24 38.489 17.911 11.851 C
191 24 37.280 17.782 12.029 O
192 24 39.221 19.352 9.958 C
193 24 39.274 20.752 9.434 C
194 24 40.406 21.537 9.435 N
195 24 38.298 21.516 8.884 C
196 24 40.089 22.722 8.900 C
197 24 38.819 22.759 8.549 N
198 25 39.363 16.913 11.976 N
199 25 38.939 15.571 12.338 C
200 25 38.371 15.517 13.741 C
201 25 37.401 14.807 13.996 O
202 26 38.986 16.261 14.655 N
203 26 38.525 16.314 16.036 C
204 26 37.129 16.910 16.083 C
205 26 36.219 16.321 16.661 O
206 26 39.471 17.159 16.890 C
207 26 40.279 16.361 17.893 C
208 26 41.316 17.205 18.609 C
209 26 42.116 17.894 17.975 O
210 26 41.309 17.155 19.935 N
211 27 36.968 18.067 15.445 N
212 27 35.686 18.764 15.388 C
213 27 34.561 17.875 14.870 C
214 27 33.500 17.793 15.477 O
215 27 35.794 19.993 14.479 C
216 27 36.485 21.164 15.148 C
217 27 37.036 21.000 16.258 O
218 27 36.466 22.262 14.554 O
219 28 34.803 17.232 13.732 N
220 28 33.827 16.358 13.097 C
221 28 33.416 15.160 13.954 C
222 28 32.219 14.903 14.119 O
223 28 34.342 15.885 11.713 C
224 28 34.451 17.092 10.772 C
225 28 33.424 14.816 11.125 C
226 28 35.150 16.804 9.469 C
227 29 34.397 14.451 14.516 N
228 29 34.119 13.279 15.346 C
229 29 33.379 13.626 16.623 C
230 29 32.488 12.891 17.044 O
231 29 35.401 12.511 15.686 C
232 29 36.132 11.806 14.537 C
233 29 37.071 10.744 15.092 C
234 29 35.126 11.162 13.606 C
235 30 33.749 14.744 17.240 N
236 30 33.111 15.182 18.475 C
237 30 31.682 15.632 18.193 C
238 30 30.772 15.341 18.967 O
239 30 33.932 16.292 19.163 C
240 30 35.260 15.707 19.654 C
241 30 33.152 16.903 20.314 C
242 30 36.155 16.695 20.350 C
243 31 31.487 16.312 17.066 N
244 31 30.159 16.764 16.661 C
245 31 29.263 15.528 16.504 C
246 31 28.169 15.484 17.069 O
247 31 30.265 17.588 15.363 C
248 31 29.066 17.586 14.411 C
249 31 27.726 17.907 15.048 C
250 31 27.623 19.254 15.594 N
251 31 26.508 19.980 15.568 C
252 31 25.420 19.517 14.967 N
253 31 26.492 21.191 16.102 N
254 32 29.784 14.499 15.830 N
255 32 29.064 13.241 15.606 C
256 32 28.698 12.510 16.907 C
257 32 27.567 12.062 17.075 O
258 32 29.904 12.300 14.732 C
259 32 29.380 10.865 14.573 C
260 32 28.113 10.865 13.742 C
261 32 30.435 9.969 13.932 C
262 33 29.673 12.376 17.805 N
263 33 29.487 11.689 19.083 C
264 33 28.516 12.380 20.035 C
265 33 27.876 11.719 20.855 O
266 33 30.834 11.490 19.774 C
267 33 31.754 10.556 19.048 C
268 33 31.244 9.517 18.272 C
269 33 33.134 10.716 19.129 C
270 33 32.095 8.649 17.588 C
271 33 33.991 9.852 18.448 C
272 33 33.468 8.818 17.675 C
273 34 28.435 13.706 19.954 N
274 34 27.521 14.467 20.802 C
275 34 26.103 14.481 20.218 C
276 34 25.122 14.308 20.943 O
277 34 28.023 15.903 20.998 C
278 34 29.363 16.007 21.717 C
279 34 29.592 17.415 22.248 C
280 34 29.316 18.453 21.177 C
281 34 29.550 19.851 21.631 N
282 35 26.005 14.685 18.907 N
283 35 24.719 14.718 18.224 C
284 35 24.043 13.353 18.217 C
285 35 22.813 13.257 18.279 O
286 35 24.896 15.176 16.775 C
287 35 25.393 16.496 16.703 O
288 36 24.855 12.304 18.103 N
289 36 24.362 10.933 18.055 C
290 36 25.263 10.024 18.884 C
291 36 26.045 9.246 18.336 O
292 36 24.326 10.442 16.606 C
293 36 23.597 11.359 15.672 C
294 36 22.233 11.348 15.483 N
295 36 24.072 12.327 14.849 C
296 36 21.931 12.285 14.572 C
297 36 23.015 12.907 14.156 N
298 37 25.119 10.076 20.220 N
299 37 25.879 9.298 21.204 C
300 37 25.942 7.795 20.948 C
301 37 26.904 7.138 21.350 O
302 37 25.144 9.601 22.508 C
303 37 24.663 10.989 22.298 C
304 37 24.122 10.924 20.898 C
305 38 24.917 7.252 20.298 N
306 38 24.870 5.821 20.006 C
307 38 26.032 5.390 19.113 C
308 38 26.517 4.263 19.212 O
309 38 23.523 5.430 19.369 C
310 38 23.268 5.977 17.958 C
311 38 22.535 7.316 17.933 C
312 38 22.671 8.116 18.881 O
313 38 21.813 7.573 16.948 O
314 39 26.486 6.299 18.255 N
315 39 27.598 6.012 17.357 C
316 39 28.862 5.710 18.158 C
317 39 29.688 4.902 17.740 O
318 39 27.880 7.190 16.382 C
319 39 28.260 8.358 17.121 O
320 39 26.655 7.502 15.549 C
321 40 28.984 6.331 19.327 N
322 40 30.142 6.132 20.193 C
323 40 30.268 4.679 20.665 C
324 40 31.382 4.192 20.900 O
325 40 30.077 7.087 21.393 C
326 40 31.300 7.165 22.315 C
327 40 32.555 7.435 21.497 C
328 40 31.104 8.255 23.359 C
329 41 29.131 3.988 20.769 N
330 41 29.096 2.586 21.200 C
331 41 29.863 1.649 20.265 C
332 41 30.312 0.581 20.675 O
333 41 27.651 2.095 21.324 C
334 41 26.846 2.764 22.429 C
335 41 25.455 2.170 22.583 C
336 41 24.753 2.004 21.561 O
337 41 25.064 1.866 23.730 O
338 42 30.000 2.050 19.005 N
339 42 30.714 1.247 18.023 C
340 42 32.220 1.240 18.259 C
341 42 32.935 0.392 17.723 O
342 42 30.411 1.756 16.614 C
343 42 29.029 1.391 16.107 C
344 42 28.923 -0.107 15.886 C
345 42 27.517 -0.514 15.509 C
346 42 27.433 -1.977 15.264 N
347 43 32.696 2.174 19.078 N
348 43 34.122 2.290 19.367 C
349 43 34.483 1.831 20.768 C
350 43 34.292 2.571 21.737 O
351 43 34.578 3.738 19.182 C
352 43 34.364 4.269 17.798 C
353 43 33.116 4.736 17.406 C
354 43 35.411 4.299 16.883 C
355 43 32.914 5.225 16.122 C
356 43 35.219 4.786 15.596 C
357 43 33.971 5.249 15.215 C
358 44 35.022 0.618 20.873 N
359 44 35.430 0.072 22.166 C
360 44 36.540 0.928 22.759 C
361 44 36.684 1.020 23.976 O
362 44 35.905 -1.379 22.025 C
363 44 34.777 -2.338 21.665 C
364 44 33.588 -1.965 21.804 O
365 44 35.083 -3.474 21.244 O
366 45 37.309 1.568 21.885 N
367 45 38.400 2.430 22.308 C
368 45 37.912 3.759 22.870 C
369 45 38.516 4.296 23.793 O
370 45 39.359 2.701 21.142 C
371 45 40.542 1.747 21.063 C
372 45 41.746 2.402 20.383 C
373 45 41.686 2.352 18.925 N
374 45 42.335 3.190 18.119 C
375 45 43.067 4.176 18.623 N
376 45 42.229 3.059 16.803 N
377 46 36.808 4.271 22.332 N
378 46 36.274 5.564 22.764 C
379 46 35.034 5.547 23.661 C
380 46 34.615 6.598 24.147 O
381 46 35.995 6.445 21.541 C
382 46 37.164 6.580 20.609 C
383 46 38.449 6.770 21.104 C
384 46 36.981 6.498 19.234 C
385 46 39.532 6.874 20.244 C
386 46 38.060 6.602 18.361 C
387 46 39.338 6.789 18.866 C
388 47 34.447 4.373 23.877 N
389 47 33.248 4.240 24.709 C
390 47 33.350 4.912 26.082 C
391 47 32.375 5.480 26.575 O
392 47 32.913 2.761 24.904 C
393 47 32.043 2.153 23.820 C
394 47 32.276 0.650 23.710 C
395 47 32.279 -0.031 25.069 C
396 47 32.603 -1.476 24.946 N
397 48 34.538 4.846 26.679 N
398 48 34.804 5.411 28.002 C
399 48 34.821 6.936 28.056 C
400 48 34.856 7.515 29.142 O
401 48 36.142 4.889 28.527 C
402 48 37.331 5.458 27.815 C
403 48 37.463 5.503 26.443 N
404 48 38.451 6.044 28.311 C
405 48 38.629 6.101 26.157 C
406 48 39.266 6.448 27.258 N
407 49 34.866 7.584 26.896 N
408 49 34.888 9.042 26.845 C
409 49 33.520 9.600 27.220 C
410 49 32.559 9.485 26.465 O
411 49 35.328 9.521 25.462 C
412 49 36.742 9.085 25.067 C
413 49 37.017 9.459 23.632 C
414 49 37.770 9.714 25.993 C
415 50 33.448 10.172 28.418 N
416 50 32.214 10.730 28.966 C
417 50 31.853 12.139 28.512 C
418 50 30.680 12.439 28.302 O
419 50 32.277 10.714 30.495 C
420 50 32.497 9.344 31.118 C
421 50 32.669 9.476 32.625 C
422 50 32.809 8.126 33.306 C
423 50 31.563 7.320 33.211 N
424 51 32.853 13.006 28.378 N
425 51 32.606 14.393 27.986 C
426 51 33.432 14.900 26.801 C
427 51 34.396 14.262 26.368 O
428 51 32.864 15.346 29.169 C
429 51 34.240 15.258 29.557 O
430 51 31.981 14.990 30.353 C
431 52 33.042 16.070 26.302 N
432 52 33.712 16.721 25.186 C
433 52 35.152 17.043 25.542 C
434 52 36.042 16.919 24.700 O
435 52 32.982 18.007 24.807 C
436 52 33.574 18.723 23.601 C
437 52 32.742 19.913 23.149 C
438 52 31.566 20.022 23.555 O
439 52 33.265 20.739 22.375 O
440 53 35.376 17.458 26.788 N
441 53 36.719 17.785 27.255 C
442 53 37.598 16.542 27.173 C
443 53 38.753 16.612 26.751 O
444 53 36.671 18.307 28.676 C
445 54 37.034 15.398 27.555 N
446 54 37.765 14.137 27.506 C
447 54 38.049 13.743 26.066 C
448 54 39.131 13.253 25.751 O
449 54 36.986 13.035 28.222 C
450 54 36.909 13.264 29.716 C
451 54 36.321 12.100 30.478 C
452 54 35.625 11.264 29.866 O
453 54 36.558 12.027 31.702 O
454 55 37.078 13.985 25.191 N
455 55 37.235 13.686 23.773 C
456 55 38.324 14.567 23.166 C
457 55 39.168 14.086 22.413 O
458 55 35.916 13.907 23.034 C
459 55 34.846 12.880 23.357 C
460 55 33.269 13.270 22.584 S
461 55 32.134 12.433 23.711 C
462 56 38.324 15.844 23.545 N
463 56 39.296 16.819 23.050 C
464 56 40.721 16.523 23.492 C
465 56 41.672 16.855 22.787 O
466 56 38.918 18.229 23.506 C
467 56 37.788 18.862 22.723 C
468 56 37.493 20.258 23.237 C
469 56 36.475 20.955 22.360 C
470 56 36.101 22.290 22.900 N
471 57 40.861 15.922 24.671 N
472 57 42.172 15.585 25.214 C
473 57 42.663 14.207 24.774 C
474 57 43.802 13.836 25.051 O
475 57 42.138 15.666 26.725 C
476 58 41.806 13.443 24.103 N
477 58 42.173 12.111 23.647 C
478 58 43.063 12.163 22.414 C
479 58 42.693 12.729 21.385 O
480 58 40.925 11.281 23.355 C
481 58 41.273 10.058 22.730 O
482 59 44.239 11.559 22.526 N
483 59 45.188 11.531 21.423 C
484 59 44.755 10.478 20.406 C
485 59 44.955 10.653 19.207 O
486 59 46.595 11.231 21.950 C
487 59 47.722 11.826 21.110 C
488 59 47.748 13.353 21.122 C
489 59 47.094 13.976 21.989 O
490 59 48.438 13.934 20.258 O
491 60 44.151 9.394 20.893 N
492 60 43.676 8.326 20.023 C
493 60 42.515 8.788 19.161 C
494 60 42.421 8.414 17.997 O
495 60 43.266 7.097 20.832 C
496 60 44.431 6.173 21.129 C
497 60 45.515 6.350 20.528 O
498 60 44.255 5.253 21.957 O
499 61 41.638 9.612 19.728 N
500 61 40.500 10.131 18.972 C
501 61 41.015 11.035 17.850 C
502 61 40.599 10.907 16.699 O
503 61 39.540 10.894 19.892 C
504 61 38.226 11.410 19.293 C
505 61 37.159 11.476 20.378 C
506 61 38.422 12.778 18.648 C
507 62 41.945 11.924 18.194 N
508 62 42.536 12.842 17.227 C
509 62 43.247 12.090 16.105 C
510 62 43.098 12.429 14.930 O
511 62 43.523 13.785 17.921 C
512 62 44.321 14.655 16.956 C
513 62 45.002 15.811 17.667 C
514 62 46.023 15.321 18.671 C
515 62 46.574 16.436 19.491 N
516 63 44.003 11.058 16.473 N
517 63 44.734 10.265 15.493 C
518 63 43.796 9.554 14.528 C
519 63 44.071 9.489 13.331 O
520 63 45.659 9.264 16.184 C
521 63 46.815 9.918 16.930 C
522 63 47.951 8.936 17.188 C
523 63 47.561 7.847 18.172 C
524 63 47.313 8.393 19.536 N
525 64 42.683 9.042 15.048 N
526 64 41.708 8.351 14.213 C
527 64 40.955 9.336 13.319 C
528 64 40.469 8.961 12.252 O
529 64 40.716 7.560 15.065 C
530 64 39.905 6.580 14.273 C
531 64 40.497 5.533 13.607 N
532 64 38.573 6.573 14.023 C
533 64 39.522 4.918 12.968 C
534 64 38.339 5.508 13.190 N
535 65 40.835 10.585 13.766 N
536 65 40.157 11.593 12.971 C
537 65 40.979 11.860 11.725 C
538 65 40.439 12.023 10.633 O
539 66 42.298 11.886 11.894 N
540 66 43.218 12.107 10.783 C
541 66 43.111 10.926 9.818 C
542 66 43.092 11.112 8.603 O
543 66 44.682 12.237 11.287 C
544 66 45.642 12.381 10.121 C
545 66 44.809 13.427 12.209 C
546 67 43.012 9.718 10.369 N
547 67 42.895 8.502 9.567 C
548 67 41.602 8.489 8.742 C
549 67 41.608 8.119 7.567 O
550 67 42.941 7.258 10.462 C
551 67 44.187 7.236 11.166 O
552 67 42.810 5.991 9.642 C
553 68 40.502 8.909 9.362 N
554 68 39.204 8.966 8.696 C
555 68 39.216 10.006 7.582 C
556 68 38.857 9.706 6.450 O
557 68 38.082 9.334 9.703 C
558 68 36.739 9.508 8.990 C
559 68 37.987 8.265 10.782 C
560 69 39.668 11.218 7.899 N
561 69 39.698 12.300 6.921 C
562 69 40.665 12.065 5.778 C
563 69 40.406 12.488 4.654 O
564 69 39.962 13.651 7.589 C
565 69 38.849 14.190 8.499 C
566 69 39.058 15.680 8.724 C
567 69 37.481 13.963 7.865 C
568 70 41.767 11.379 6.061 N
569 70 42.756 11.061 5.038 C
570 70 42.164 10.025 4.077 C
571 70 42.371 10.103 2.868 O
572 70 44.045 10.509 5.676 C
573 70 44.555 11.473 6.606 O
574 70 45.101 10.226 4.613 C
575 71 41.420 9.063 4.622 N
576 71 40.778 8.029 3.808 C
577 71 39.671 8.645 2.947 C
578 71 39.590 8.382 1.754 O
579 71 40.202 6.926 4.700 C
580 72 38.831 9.478 3.559 N
581 72 37.740 10.142 2.850 C
582 72 38.303 11.123 1.834 C
583 72 37.767 11.260 0.731 O
584 72 36.820 10.885 3.822 C
585 72 35.715 11.690 3.125 C
586 72 34.766 10.735 2.405 C
587 72 34.965 12.561 4.121 C
588 73 39.385 11.799 2.209 N
589 73 40.018 12.748 1.311 C
590 73 40.521 12.057 0.054 C
591 73 40.379 12.580 -1.053 O
592 74 41.089 10.867 0.224 N
593 74 41.610 10.092 -0.902 C
594 74 40.483 9.646 -1.833 C
595 74 40.698 9.433 -3.028 O
596 74 42.387 8.883 -0.394 C
597 75 39.281 9.519 -1.278 N
598 75 38.110 9.108 -2.045 C
599 75 37.560 10.268 -2.870 C
600 75 37.313 10.123 -4.068 O
601 75 37.019 8.540 -1.112 C
602 75 37.478 7.189 -0.560 C
603 75 35.703 8.394 -1.845 C
604 75 36.608 6.652 0.556 C
605 76 37.392 11.421 -2.228 N
606 76 36.882 12.618 -2.889 C
607 76 37.792 13.033 -4.043 C
608 76 37.319 13.421 -5.109 O
609 76 36.771 13.763 -1.883 C
610 76 35.855 13.562 -0.674 C
611 76 35.997 14.732 0.285 C
612 76 34.410 13.417 -1.127 C
613 77 39.101 12.942 -3.833 N
614 77 40.065 13.303 -4.868 C
615 77 40.009 12.384 -6.089 C
616 77 40.572 12.710 -7.135 O
617 77 41.474 13.325 -4.292 C
618 77 41.707 14.457 -3.317 C
619 77 43.072 14.356 -2.680 C
620 77 43.311 15.534 -1.766 C
621 77 44.654 15.472 -1.140 N
622 78 39.348 11.233 -5.951 N
623 78 39.205 10.299 -7.068 C
624 78 38.077 10.763 -7.986 C
625 78 37.920 10.256 -9.092 O
626 78 38.941 8.870 -6.578 C
627 78 40.104 8.235 -5.819 C
628 78 41.428 8.300 -6.598 C
629 78 41.387 7.531 -7.913 C
630 78 41.211 6.067 -7.712 N
631 79 37.281 11.712 -7.494 N
632 79 36.175 12.299 -8.244 C
633 79 35.220 11.293 -8.885 C
634 79 34.903 11.385 -10.074 O
635 79 36.724 13.293 -9.278 C
636 79 37.439 14.483 -8.621 C
637 79 38.397 15.204 -9.557 C
638 79 37.671 15.927 -10.670 C
639 79 38.622 16.652 -11.553 N
640 80 34.752 10.342 -8.079 N
641 80 33.826 9.338 -8.572 C
642 80 34.440 7.983 -8.889 C
643 80 33.770 6.957 -8.767 O
644 81 35.705 7.970 -9.298 N
645 81 36.395 6.729 -9.638 C
646 81 37.068 6.171 -8.400 C
647 81 38.277 5.940 -8.392 O
648 81 37.427 7.011 -10.730 C
649 81 36.830 7.572 -11.981 C
650 81 36.903 8.898 -12.344 N
651 81 36.113 6.965 -12.956 C
652 81 36.244 9.047 -13.498 C
653 81 35.746 7.899 -13.911 N
654 82 36.257 5.894 -7.383 N
655 82 36.735 5.418 -6.091 C
656 82 36.432 3.969 -5.732 C
657 82 36.450 3.611 -4.555 O
658 82 36.164 6.323 -5.002 C
659 82 34.676 6.468 -5.067 C
660 82 33.996 7.613 -4.719 N
661 82 33.728 5.593 -5.484 C
662 82 32.693 7.399 -4.939 C
663 82 32.483 6.184 -5.404 N
664 83 36.136 3.146 -6.730 N
665 83 35.825 1.736 -6.505 C
666 83 36.893 0.993 -5.693 C
667 83 36.586 0.367 -4.677 O
668 83 35.569 1.020 -7.840 C
669 83 36.597 1.290 -8.950 C
670 83 36.402 2.633 -9.656 C
671 83 35.250 3.110 -9.756 O
672 83 37.408 3.211 -10.118 O
673 84 38.147 1.111 -6.114 N
674 84 39.256 0.450 -5.433 C
675 84 39.383 0.893 -3.984 C
676 84 39.689 0.086 -3.107 O
677 84 40.556 0.712 -6.171 C
678 85 39.149 2.179 -3.742 N
679 85 39.231 2.743 -2.397 C
680 85 38.040 2.331 -1.543 C
681 85 38.113 2.357 -0.317 O
682 85 39.306 4.277 -2.450 C
683 85 40.611 4.847 -3.009 C
684 85 40.792 4.596 -4.498 C
685 85 39.835 4.826 -5.269 O
686 85 41.895 4.170 -4.898 O
687 86 36.947 1.948 -2.196 N
688 86 35.738 1.548 -1.492 C
689 86 35.712 0.101 -1.004 C
690 86 35.167 -0.176 0.064 O
691 86 34.511 1.821 -2.364 C
692 86 33.577 2.928 -1.873 C
693 86 34.309 4.258 -1.797 C
694 86 32.392 3.028 -2.798 C
695 87 36.304 -0.809 -1.777 N
696 87 36.332 -2.234 -1.435 C
697 87 36.752 -2.582 -0.003 C
698 87 35.983 -3.201 0.733 O
699 87 37.203 -3.022 -2.425 C
700 87 36.528 -3.430 -3.720 C
701 87 37.513 -4.222 -4.578 C
702 87 36.883 -4.751 -5.853 C
703 87 36.446 -3.674 -6.783 N
704 88 37.973 -2.190 0.413 N
705 88 38.419 -2.508 1.773 C
706 88 37.675 -1.731 2.853 C
707 88 37.534 -2.202 3.986 O
708 88 39.903 -2.151 1.729 C
709 88 39.928 -0.988 0.795 C
710 88 39.006 -1.424 -0.310 C
711 89 37.177 -0.554 2.486 N
712 89 36.443 0.296 3.412 C
713 89 35.059 -0.281 3.732 C
714 89 34.604 -0.246 4.879 O
715 89 36.308 1.698 2.816 C
716 89 35.829 2.810 3.746 C
717 89 36.788 2.938 4.931 C
718 89 35.757 4.122 2.959 C
719 90 34.393 -0.810 2.712 N
720 90 33.067 -1.394 2.882 C
721 90 33.168 -2.730 3.604 C
722 90 32.359 -3.023 4.487 O
723 90 32.385 -1.573 1.532 C
724 91 34.187 -3.521 3.266 N
725 91 34.353 -4.823 3.904 C
726 91 34.560 -4.698 5.401 C
727 91 33.878 -5.362 6.176 O
728 91 35.498 -5.626 3.281 C
729 91 35.646 -7.010 3.909 C
730 91 36.637 -7.899 3.188 C
731 91 37.660 -7.437 2.683 O
732 91 36.338 -9.189 3.143 N
733 92 35.478 -3.830 5.812 N
734 92 35.742 -3.651 7.236 C
735 92 34.549 -3.057 7.984 C
736 92 34.201 -3.523 9.065 O
737 92 36.995 -2.796 7.458 C
738 92 36.826 -1.482 6.962 O
739 93 33.900 -2.053 7.401 N
740 93 32.757 -1.439 8.071 C
741 93 31.487 -2.285 8.093 C
742 93 30.656 -2.124 8.980 O
743 93 32.497 -0.030 7.536 C
744 93 33.528 0.959 7.971 C
745 93 34.850 0.866 7.589 N
746 93 33.457 2.012 8.817 C
747 93 35.547 1.814 8.187 C
748 93 34.726 2.524 8.938 N
749 94 31.359 -3.210 7.147 N
750 94 30.202 -4.093 7.105 C
751 94 30.456 -5.341 7.959 C
752 94 29.765 -5.588 8.951 O
753 94 29.899 -4.497 5.672 C
754 95 31.504 -6.079 7.604 N
755 95 31.868 -7.323 8.278 C
756 95 32.492 -7.183 9.662 C
757 95 32.103 -7.886 10.597 O
758 95 32.831 -8.148 7.405 C
759 95 32.343 -8.175 6.056 O
760 95 32.951 -9.574 7.934 C
761 96 33.475 -6.300 9.789 N
762 96 34.152 -6.119 11.063 C
763 96 33.398 -5.237 12.062 C
764 96 32.928 -5.721 13.088 O
765 96 35.565 -5.576 10.835 C
766 96 36.526 -5.795 11.997 C
767 96 37.775 -4.949 11.820 C
768 96 38.898 -5.370 12.752 C
769 96 39.635 -6.552 12.225 N
770 97 33.270 -3.952 11.749 N
771 97 32.610 -2.991 12.633 C
772 97 31.086 -3.007 12.607 C
773 97 30.458 -2.686 13.612 O
774 97 33.087 -1.574 12.320 C
775 97 34.548 -1.483 12.010 C
776 97 35.545 -1.969 12.826 N
777 97 35.180 -0.957 10.928 C
778 97 36.720 -1.730 12.228 C
779 97 36.547 -1.116 11.074 N
780 98 30.501 -3.346 11.457 N
781 98 29.044 -3.386 11.294 C
782 98 28.442 -2.010 11.528 C
783 98 27.742 -1.779 12.513 O
784 98 28.413 -4.424 12.227 C
785 98 28.212 -5.788 11.576 C
786 98 28.731 -6.916 12.447 C
787 98 30.230 -6.800 12.636 C
788 98 30.850 -8.000 13.271 N
789 99 28.715 -1.109 10.590 N
790 99 28.249 0.267 10.649 C
791 99 27.071 0.470 9.712 C
792 99 27.223 0.397 8.493 O
793 99 29.374 1.240 10.220 C
794 99 30.638 0.984 11.047 C
795 99 28.900 2.690 10.309 C
796 99 30.415 0.972 12.550 C
797 100 25.877 0.726 10.267 N
798 100 24.703 0.938 9.414 C
799 100 24.826 2.215 8.573 C
800 100 25.550 3.138 8.945 O
801 100 23.553 1.021 10.427 C
802 100 24.219 1.523 11.670 C
803 100 25.506 0.743 11.692 C
804 101 24.144 2.241 7.427 N
805 101 24.158 3.399 6.535 C
806 101 23.701 4.657 7.271 C
807 101 24.183 5.752 6.997 O
808 101 23.249 3.172 5.293 C
809 101 23.876 2.135 4.355 C
810 101 23.025 4.485 4.533 C
811 101 25.177 2.579 3.717 C
812 102 22.789 4.482 8.223 N
813 102 22.254 5.581 9.015 C
814 102 23.378 6.375 9.680 C
815 102 23.348 7.606 9.696 O
816 102 21.282 5.039 10.073 C
817 102 20.562 6.107 10.892 C
818 102 19.712 7.016 10.013 C
819 102 18.847 7.946 10.853 C
820 102 18.021 8.875 10.027 N
821 103 24.375 5.666 10.204 N
822 103 25.512 6.310 10.854 C
823 103 26.368 7.058 9.835 C
824 103 26.960 8.094 10.148 O
825 103 26.363 5.287 11.599 C
826 103 25.724 4.708 12.838 C
827 103 24.370 4.905 13.117 C
828 103 26.473 3.939 13.727 C
829 103 23.777 4.344 14.252 C
830 103 25.897 3.379 14.860 C
831 103 24.551 3.582 15.116 C
832 103 23.980 3.011 16.229 O
833 104 26.445 6.527 8.619 N
834 104 27.216 7.189 7.574 C
835 104 26.531 8.510 7.225 C
836 104 27.191 9.476 6.853 O
837 104 27.347 6.301 6.338 C
838 104 28.161 5.013 6.508 C
839 104 28.175 4.256 5.191 C
840 104 29.577 5.329 6.952 C
841 105 25.207 8.548 7.371 N
842 105 24.442 9.761 7.101 C
843 105 24.737 10.752 8.218 C
844 105 24.831 11.950 7.972 O
845 105 22.937 9.465 7.049 C
846 105 22.521 8.539 5.907 C
847 105 21.030 8.197 5.899 C
848 105 20.372 8.251 6.963 O
849 105 20.517 7.855 4.816 O
850 106 24.906 10.232 9.438 N
851 106 25.204 11.045 10.616 C
852 106 26.540 11.773 10.496 C
853 106 26.620 12.964 10.809 O
854 106 25.229 10.192 11.890 C
855 106 23.876 9.706 12.341 C
856 106 22.704 10.247 11.819 C
857 106 23.781 8.700 13.295 C
858 106 21.461 9.790 12.244 C
859 106 22.548 8.236 13.727 C
860 106 21.384 8.780 13.202 C
861 107 27.590 11.065 10.072 N
862 107 28.896 11.704 9.935 C
863 107 28.930 12.671 8.758 C
864 107 29.627 13.681 8.813 O
865 107 30.072 10.696 9.836 C
866 107 31.397 11.442 10.045 C
867 107 30.076 9.997 8.489 C
868 107 32.599 10.552 10.198 C
869 108 28.187 12.359 7.697 N
870 108 28.111 13.236 6.532 C
871 108 27.526 14.564 6.999 C
872 108 27.916 15.635 6.539 O
873 108 27.203 12.630 5.461 C
874 108 27.823 11.518 4.834 O
875 109 26.600 14.455 7.945 N
876 109 25.905 15.573 8.559 C
877 109 26.912 16.390 9.369 C
878 109 26.933 17.618 9.292 O
879 109 24.818 14.995 9.467 C
880 109 23.953 15.968 10.227 C
881 109 23.009 15.244 11.178 C
882 109 22.238 14.382 10.703 O
883 109 23.051 15.516 12.399 O
884 110 27.765 15.690 10.113 N
885 110 28.796 16.314 10.940 C
886 110 29.846 17.035 10.088 C
887 110 30.341 18.103 10.459 O
888 110 29.467 15.258 11.821 C
889 111 30.180 16.443 8.947 N
890 111 31.161 17.021 8.043 C
891 111 30.647 18.356 7.511 C
892 111 31.335 19.376 7.591 O
893 111 31.491 16.041 6.880 C
894 111 32.298 14.857 7.429 C
895 111 32.282 16.745 5.780 C
896 111 32.544 13.752 6.446 C
897 112 29.416 18.346 7.011 N
898 112 28.787 19.544 6.477 C
899 112 28.700 20.649 7.532 C
900 112 29.030 21.798 7.252 O
901 112 27.374 19.222 5.935 C
902 112 27.488 18.430 4.633 C
903 112 26.547 20.505 5.745 C
904 112 26.148 17.984 4.087 C
905 113 28.300 20.288 8.749 N
906 113 28.167 21.261 9.824 C
907 113 29.485 21.954 10.169 C
908 113 29.536 23.183 10.308 O
909 113 27.575 20.609 11.072 C
910 113 27.327 21.572 12.193 C
911 113 26.112 22.172 12.441 N
912 113 28.174 22.051 13.139 C
913 113 26.257 22.976 13.503 C
914 113 27.492 22.936 13.962 N
915 114 30.545 21.162 10.303 N
916 114 31.863 21.689 10.625 C
917 114 32.432 22.575 9.506 C
918 114 32.989 23.640 9.786 O
919 114 32.836 20.542 10.976 C
920 114 34.267 21.058 11.073 C
921 114 32.409 19.895 12.295 C
922 115 32.270 22.156 8.249 N
923 115 32.765 22.943 7.121 C
924 115 32.008 24.260 7.029 C
925 115 32.577 25.295 6.682 O
926 115 32.615 22.184 5.800 C
927 115 33.382 20.871 5.635 C
928 115 33.333 20.444 4.183 C
929 115 34.820 21.038 6.077 C
930 116 30.713 24.211 7.332 N
931 116 29.877 25.399 7.303 C
932 116 30.379 26.400 8.346 C
933 116 30.518 27.582 8.052 O
934 116 28.419 25.018 7.573 C
935 116 27.477 26.182 7.585 C
936 116 27.121 26.900 6.465 N
937 116 26.799 26.750 8.614 C
938 116 26.262 27.856 6.841 C
939 116 26.034 27.806 8.138 N
940 117 30.689 25.916 9.547 N
941 117 31.175 26.785 10.626 C
942 117 32.565 27.387 10.385 C
943 117 32.760 28.594 10.508 O
944 117 31.225 26.015 11.949 C
945 117 29.987 25.398 12.239 O
946 118 33.525 26.526 10.059 N
947 118 34.906 26.928 9.855 C
948 118 35.243 27.560 8.515 C
949 118 36.216 28.303 8.413 O
950 118 35.828 25.728 10.069 C
951 118 35.725 25.086 11.436 C
952 118 36.660 23.897 11.531 C
953 118 38.059 24.287 11.379 N
954 118 39.050 23.809 12.124 C
955 118 38.800 22.917 13.072 N
956 118 40.295 24.217 11.916 N
957 119 34.462 27.256 7.486 N
958 119 34.736 27.787 6.158 C
959 119 33.511 28.378 5.467 C
960 119 33.182 27.992 4.346 O
961 119 35.335 26.686 5.282 C
962 119 36.480 25.966 5.921 C
963 119 37.707 26.537 6.172 N
964 119 36.569 24.690 6.375 C
965 119 38.483 25.613 6.754 C
966 119 37.834 24.476 6.897 N
967 120 32.858 29.372 6.100 N
968 120 31.673 29.987 5.499 C
969 120 31.957 30.601 4.129 C
970 120 31.148 30.470 3.215 O
971 120 31.282 31.046 6.533 C
972 120 32.598 31.424 7.156 C
973 120 33.238 30.074 7.340 C
974 121 33.129 31.222 3.984 N
975 121 33.511 31.849 2.729 C
976 121 33.703 30.876 1.581 C
977 121 33.538 31.242 0.416 O
978 122 34.049 29.632 1.896 N
979 122 34.257 28.620 0.865 C
980 122 33.178 27.537 0.892 C
981 122 33.276 26.537 0.178 O
982 122 35.641 27.988 1.023 C
983 122 36.766 28.968 0.735 C
984 122 37.722 29.072 1.497 O
985 122 36.655 29.689 -0.372 N
986 123 32.135 27.766 1.690 N
987 123 31.047 26.807 1.830 C
988 123 29.678 27.480 1.737 C
989 123 28.875 27.431 2.671 O
990 123 31.184 26.061 3.163 C
991 123 30.627 24.666 3.149 C
992 123 31.155 23.703 2.304 C
993 123 29.603 24.304 4.012 C
994 123 30.671 22.397 2.321 C
995 123 29.112 23.000 4.038 C
996 123 29.648 22.046 3.190 C
997 124 29.431 28.143 0.612 N
998 124 28.145 28.781 0.406 C
999 124 27.140 27.703 0.043 C
1000 124 27.473 26.515 0.071 O
1001 125 25.923 28.108 -0.312 N
1002 125 24.861 27.166 -0.677 C
1003 125 25.268 26.223 -1.805 C
1004 125 24.996 25.024 -1.745 O
1005 125 23.590 27.918 -1.052 C
1006 126 25.936 26.758 -2.821 N
1007 126 26.369 25.942 -3.949 C
1008 126 27.421 24.915 -3.543 C
1009 126 27.324 23.751 -3.917 O
1010 126 26.895 26.819 -5.093 C
1011 126 25.790 27.603 -5.797 C
1012 126 24.650 27.096 -5.902 O
1013 126 26.068 28.730 -6.258 O
1014 127 28.412 25.345 -2.765 N
1015 127 29.477 24.456 -2.308 C
1016 127 28.929 23.352 -1.405 C
1017 127 29.374 22.207 -1.484 O
1018 127 30.550 25.246 -1.577 C
1019 128 27.967 23.702 -0.549 N
1020 128 27.360 22.726 0.347 C
1021 128 26.527 21.711 -0.432 C
1022 128 26.442 20.545 -0.049 O
1023 128 26.485 23.400 1.407 C
1024 128 25.840 22.382 2.343 C
1025 128 25.030 22.995 3.463 C
1026 128 25.291 24.113 3.906 O
1027 128 24.055 22.241 3.955 N
1028 129 25.906 22.162 -1.515 N
1029 129 25.103 21.271 -2.323 C
1030 129 25.999 20.245 -2.983 C
1031 129 25.662 19.059 -3.046 O
1032 130 27.152 20.713 -3.458 N
1033 130 28.139 19.858 -4.112 C
1034 130 28.742 18.869 -3.107 C
1035 130 28.918 17.693 -3.418 O
1036 130 29.232 20.709 -4.751 C
1037 131 29.021 19.338 -1.893 N
1038 131 29.580 18.467 -0.860 C
1039 131 28.563 17.383 -0.512 C
1040 131 28.925 16.220 -0.352 O
1041 131 29.968 19.269 0.391 C
1042 131 30.661 18.446 1.483 C
1043 131 32.098 17.504 0.884 S
1044 131 33.398 18.689 1.055 C
1045 132 27.288 17.768 -0.441 N
1046 132 26.210 16.828 -0.141 C
1047 132 26.080 15.750 -1.220 C
1048 132 25.844 14.584 -0.901 O
1049 132 24.877 17.556 0.015 C
1050 132 23.717 16.600 0.220 C
1051 132 23.710 15.806 1.154 O
1052 132 22.741 16.660 -0.671 N
1053 133 26.201 16.148 -2.488 N
1054 133 26.127 15.206 -3.601 C
1055 133 27.285 14.214 -3.530 C
1056 133 27.104 13.026 -3.781 O
1057 133 26.186 15.936 -4.948 C
1058 133 24.855 16.438 -5.457 C
1059 133 24.940 16.870 -6.914 C
1060 133 25.155 15.687 -7.827 C
1061 133 25.137 16.087 -9.260 N
1062 134 28.474 14.718 -3.200 N
1063 134 29.671 13.885 -3.100 C
1064 134 29.530 12.850 -1.993 C
1065 134 29.919 11.692 -2.166 O
1066 134 30.897 14.745 -2.857 C
1067 135 28.968 13.275 -0.861 N
1068 135 28.765 12.389 0.278 C
1069 135 27.619 11.407 0.022 C
1070 135 27.657 10.268 0.492 O
1071 135 28.534 13.198 1.553 C
1072 135 29.761 13.981 2.050 C
1073 135 29.388 14.879 3.219 C
1074 135 30.878 13.024 2.456 C
1075 136 26.618 11.838 -0.744 N
1076 136 25.488 10.975 -1.086 C
1077 136 25.949 9.873 -2.034 C
1078 136 25.529 8.729 -1.899 O
1079 136 24.375 11.764 -1.763 C
1080 136 23.482 12.548 -0.825 C
1081 136 22.262 13.120 -1.528 C
1082 136 21.875 12.596 -2.597 O
1083 136 21.680 14.091 -1.005 O
1084 137 26.785 10.239 -3.009 N
1085 137 27.339 9.294 -3.987 C
1086 137 28.171 8.263 -3.239 C
1087 137 28.200 7.088 -3.600 O
1088 137 28.244 10.024 -4.987 C
1089 137 29.086 9.158 -5.932 C
1090 137 28.215 8.593 -7.040 C
1091 137 30.225 9.970 -6.531 C
1092 138 28.865 8.736 -2.207 N
1093 138 29.703 7.892 -1.370 C
1094 138 28.844 6.881 -0.605 C
1095 138 29.136 5.686 -0.618 O
1096 138 30.519 8.764 -0.405 C
1097 138 31.224 7.986 0.665 C
1098 138 32.274 7.136 0.349 C
1099 138 30.811 8.077 1.992 C
1100 138 32.900 6.384 1.338 C
1101 138 31.435 7.325 2.988 C
1102 138 32.481 6.476 2.657 C
1103 139 27.769 7.359 0.022 N
1104 139 26.871 6.490 0.783 C
1105 139 26.139 5.471 -0.081 C
1106 139 25.883 4.354 0.356 O
1107 139 25.850 7.314 1.568 C
1108 139 26.470 8.234 2.604 C
1109 139 25.451 8.677 3.633 C
1110 139 24.315 9.384 3.047 N
1111 139 24.271 10.697 2.840 C
1112 139 25.302 11.463 3.157 N
1113 139 23.191 11.246 2.308 N
1114 140 25.802 5.871 -1.302 N
1115 140 25.098 5.009 -2.246 C
1116 140 25.992 3.850 -2.686 C
1117 140 25.558 2.700 -2.714 O
1118 140 24.651 5.818 -3.468 C
1119 140 23.858 5.012 -4.489 C
1120 140 23.591 5.799 -5.763 C
1121 140 24.825 5.886 -6.656 C
1122 140 25.957 6.625 -6.033 N
1123 141 27.236 4.162 -3.043 N
1124 141 28.191 3.144 -3.461 C
1125 141 28.579 2.238 -2.293 C
1126 141 28.768 1.038 -2.476 O
1127 141 29.424 3.794 -4.090 C
1128 141 29.113 4.478 -5.406 C
1129 141 27.973 4.342 -5.898 O
1130 141 30.004 5.156 -5.953 O
1131 142 28.671 2.806 -1.092 N
1132 142 28.997 2.014 0.093 C
1133 142 27.837 1.056 0.354 C
1134 142 28.049 -0.117 0.661 O
1135 142 29.212 2.903 1.346 C
1136 142 30.511 3.694 1.219 C
1137 142 29.250 2.053 2.612 C
1138 142 31.748 2.830 1.137 C
1139 143 26.613 1.559 0.195 N
1140 143 25.409 0.765 0.408 C
1141 143 25.345 -0.386 -0.587 C
1142 143 25.042 -1.519 -0.213 O
1143 143 24.169 1.635 0.285 C
1144 144 25.633 -0.092 -1.852 N
1145 144 25.622 -1.104 -2.895 C
1146 144 26.640 -2.203 -2.562 C
1147 144 26.348 -3.393 -2.702 O
1148 144 25.941 -0.475 -4.235 C
1149 145 27.817 -1.792 -2.086 N
1150 145 28.875 -2.727 -1.715 C
1151 145 28.470 -3.550 -0.500 C
1152 145 28.799 -4.733 -0.407 O
1153 145 30.185 -1.977 -1.442 C
1154 145 31.242 -2.172 -2.539 C
1155 145 30.713 -1.782 -3.915 C
1156 145 30.698 -0.272 -4.112 C
1157 145 29.727 0.162 -5.162 N
1158 146 27.743 -2.918 0.418 N
1159 146 27.263 -3.575 1.628 C
1160 146 26.419 -4.785 1.238 C
1161 146 26.632 -5.887 1.735 O
1162 146 26.403 -2.609 2.443 C
1163 146 27.137 -1.836 3.517 C
1164 146 28.533 -1.805 3.566 C
1165 146 26.426 -1.178 4.522 C
1166 146 29.194 -1.145 4.598 C
1167 146 27.079 -0.518 5.553 C
1168 146 28.461 -0.508 5.590 C
1169 146 29.105 0.112 6.636 O
1170 147 25.487 -4.562 0.313 N
1171 147 24.586 -5.595 -0.190 C
1172 147 25.357 -6.797 -0.721 C
1173 147 25.051 -7.938 -0.374 O
1174 147 23.710 -5.021 -1.308 C
1175 147 22.637 -5.959 -1.810 C
1176 147 21.769 -5.285 -2.859 C
1177 147 20.711 -6.232 -3.402 C
1178 147 19.792 -6.718 -2.336 N
1179 148 26.368 -6.531 -1.545 N
1180 148 27.189 -7.583 -2.138 C
1181 148 27.926 -8.420 -1.098 C
1182 148 28.123 -9.619 -1.286 O
1183 148 28.201 -6.975 -3.113 C
1184 148 27.566 -6.185 -4.251 C
1185 148 28.587 -5.488 -5.137 C
1186 148 29.805 -5.640 -4.907 O
1187 148 28.163 -4.777 -6.074 O
1188 149 28.334 -7.775 -0.008 N
1189 149 29.058 -8.450 1.058 C
1190 149 28.105 -9.207 1.984 C
1191 149 28.539 -9.937 2.881 O
1192 149 29.908 -7.435 1.835 C
1193 149 30.988 -6.718 1.005 C
1194 149 31.543 -5.524 1.758 C
1195 149 32.103 -7.678 0.642 C
1196 150 26.806 -9.031 1.757 N
1197 150 25.798 -9.699 2.557 C
1198 150 25.439 -8.973 3.836 C
1199 150 25.105 -9.604 4.842 O
1200 151 25.465 -7.646 3.795 N
1201 151 25.148 -6.846 4.967 C
1202 151 24.030 -5.822 4.749 C
1203 151 22.878 -6.074 5.096 O
1204 151 26.417 -6.152 5.478 C
1205 151 26.202 -5.263 6.685 C
1206 151 25.908 -5.808 7.935 C
1207 151 26.290 -3.876 6.579 C
1208 151 25.708 -4.997 9.047 C
1209 151 26.090 -3.054 7.687 C
1210 151 25.798 -3.621 8.915 C
1211 151 25.583 -2.808 10.005 O
1212 152 24.372 -4.684 4.148 N
1213 152 23.422 -3.590 3.916 C
1214 152 22.757 -3.147 5.219 C
1215 152 21.649 -3.580 5.547 O
1216 152 22.365 -3.959 2.870 C
1217 152 21.329 -2.863 2.622 C
1218 152 21.934 -1.558 2.092 C
1219 152 23.155 -1.360 2.114 O
1220 152 21.076 -0.679 1.584 N
1221 153 23.464 -2.308 5.969 N
1222 153 22.951 -1.822 7.235 C
1223 153 22.231 -0.504 7.108 C
1224 153 21.596 -0.088 8.090 O
1225 153 22.300 0.117 6.035 O
