1285 3083
0 2
0 3
0 4
1 3
1 5
1 8
2 4
2 5
2 9
2 12
3 8
3 9
4 6
4 7
5 7
5 1244
5 1247
8 10
8 11
8 12
8 13
9 11
9 13
9 14
9 16
10 12
10 13
10 14
10 17
10 18
11 14
11 16
11 17
11 18
11 35
11 44
12 14
12 15
12 16
14 15
14 24
14 35
16 18
16 20
16 22
16 24
17 19
17 21
17 22
17 23
17 24
18 20
18 21
18 22
18 25
18 26
19 24
19 25
19 26
19 52
20 23
21 22
24 26
24 28
24 29
24 35
25 27
25 29
25 35
26 28
26 36
26 37
27 35
27 36
27 37
27 60
28 30
28 31
28 35
29 32
29 33
29 34
30 31
30 33
30 34
31 32
31 34
32 33
35 37
35 39
35 40
35 44
36 38
36 40
36 44
37 39
37 45
37 46
38 39
38 44
38 45
38 46
39 41
39 42
39 44
40 42
40 43
42 43
44 46
44 48
44 52
45 47
45 49
45 52
46 48
46 49
46 53
46 54
46 60
47 52
47 53
47 54
47 71
47 79
48 50
48 52
49 51
52 54
52 56
52 60
53 55
53 57
53 59
53 60
54 56
54 61
54 62
54 71
55 56
55 60
55 61
55 62
55 87
56 58
56 59
58 59
60 62
60 64
60 71
61 63
61 65
61 71
62 64
62 65
62 72
62 73
63 64
63 65
63 69
63 71
63 72
63 73
63 96
64 66
64 71
65 67
65 68
65 69
66 68
66 69
67 69
67 70
69 70
71 73
71 75
71 76
71 79
72 74
72 76
72 77
72 79
73 75
73 77
73 80
74 77
74 79
74 80
74 81
75 78
76 77
77 78
79 81
79 83
79 84
79 87
80 82
80 84
80 85
80 87
81 83
81 88
82 87
82 88
83 85
83 86
85 86
85 1164
85 1165
85 1167
86 790
86 1275
87 89
87 91
87 92
87 96
88 90
88 92
88 93
88 94
88 96
89 91
89 97
89 98
89 99
90 91
90 96
90 97
91 93
91 94
91 96
92 94
92 95
94 95
95 1141
95 1142
96 98
96 99
97 99
97 100
98 101
99 100
99 101
100 102
100 103
100 104
101 103
101 105
101 106
101 108
102 104
102 105
102 109
102 113
103 104
103 108
103 109
104 106
104 107
106 107
108 110
108 111
108 112
108 113
108 235
109 111
109 113
109 119
110 112
110 120
111 112
111 119
111 120
111 232
111 233
112 114
112 115
113 115
114 116
114 117
115 117
115 118
117 118
119 121
119 123
119 124
119 127
120 122
120 124
120 126
120 127
121 123
121 128
122 123
122 127
122 128
122 446
123 125
123 126
125 126
127 129
127 130
127 131
128 130
128 132
128 133
128 136
129 131
129 132
129 137
129 138
130 136
130 137
130 138
130 139
131 133
132 134
133 135
133 438
134 136
134 438
136 138
136 139
136 140
136 141
136 438
137 139
137 141
137 142
137 144
138 140
138 142
138 145
139 140
139 144
139 145
140 143
141 142
142 143
144 146
144 147
144 148
144 149
144 220
145 147
145 149
145 156
146 148
146 149
146 157
147 156
147 157
147 217
147 220
148 150
148 151
148 156
149 152
149 153
149 154
150 151
150 153
150 154
151 152
151 154
152 153
152 155
153 155
155 223
156 158
156 159
156 160
156 161
157 159
157 161
157 165
158 160
158 166
158 167
158 168
159 160
159 165
159 166
159 167
159 168
160 162
160 165
161 163
162 164
165 167
165 168
165 169
165 170
165 171
165 196
166 168
166 170
166 171
166 173
167 169
167 170
167 171
167 174
167 175
167 180
168 171
168 173
168 174
168 175
168 180
168 189
169 171
169 172
169 173
171 172
171 180
171 189
171 193
173 175
173 177
173 178
173 179
173 180
174 176
174 178
174 179
174 180
175 177
175 178
175 181
176 177
176 180
176 181
178 179
180 182
180 184
180 185
180 189
181 183
181 185
181 189
182 184
182 190
183 184
183 189
183 190
184 186
184 187
185 187
185 188
187 188
187 1065
188 1065
189 191
189 193
190 192
190 193
191 194
192 193
192 194
193 195
193 196
193 197
193 198
194 196
194 198
194 199
194 205
195 197
195 206
195 207
196 197
196 205
196 206
196 207
196 222
197 199
197 200
197 205
198 201
198 202
198 203
199 200
199 202
199 203
200 201
200 203
201 202
201 204
202 204
205 207
205 208
205 209
205 210
206 208
206 210
206 211
206 217
207 209
207 218
207 222
208 209
208 217
208 218
208 266
209 211
209 212
210 213
210 214
210 215
211 212
211 214
211 215
212 213
212 215
213 214
213 216
214 216
217 219
217 220
217 221
217 222
218 220
218 222
218 223
218 224
219 221
219 225
220 224
220 225
221 224
222 223
223 224
224 226
224 227
224 228
224 230
224 251
225 227
225 229
225 230
225 232
226 228
226 230
226 233
226 234
227 230
227 232
227 233
227 234
227 248
228 231
228 232
229 230
232 234
232 235
233 235
233 236
234 237
235 236
235 237
236 238
236 240
236 241
236 244
237 239
237 241
237 242
237 244
238 240
238 242
238 245
238 246
239 240
239 242
239 244
239 245
239 246
240 243
241 242
244 246
244 248
245 247
245 248
246 249
246 250
247 248
247 249
248 250
248 251
248 252
249 251
249 253
249 258
250 252
250 253
250 259
250 260
251 252
251 258
251 259
251 260
252 254
252 255
253 256
253 257
254 255
254 257
254 553
255 256
258 260
258 261
258 262
259 261
259 263
259 264
259 266
260 262
260 263
260 267
260 268
261 262
261 266
261 267
262 264
262 265
263 266
264 265
266 268
266 270
266 271
266 274
267 269
267 271
267 273
267 274
268 270
268 275
268 278
269 274
269 275
270 272
270 273
270 274
272 273
274 276
274 277
274 278
274 280
275 277
275 279
275 280
275 281
276 278
276 279
276 280
276 282
276 290
277 278
277 280
277 281
277 282
278 281
279 280
279 281
279 290
281 283
281 285
281 286
281 290
282 284
282 286
282 290
283 285
283 291
283 292
284 285
284 290
284 291
284 292
285 287
286 288
287 289
290 292
290 293
290 294
291 293
291 295
291 296
291 302
292 294
292 295
292 297
292 298
292 302
292 303
293 296
293 297
293 298
293 303
294 296
295 296
295 303
296 298
296 300
296 301
296 303
297 299
297 301
297 302
297 303
298 300
298 304
299 300
299 303
299 304
300 302
303 305
303 306
303 307
304 306
304 308
304 309
305 307
305 308
305 310
305 311
305 317
306 307
306 309
306 310
306 311
306 325
306 330
309 311
309 313
309 317
310 312
310 314
310 315
310 317
311 313
311 314
311 318
311 319
312 313
312 314
312 317
312 318
312 319
312 330
312 335
313 315
313 316
315 316
317 319
317 321
317 322
317 325
318 320
318 322
318 323
318 325
319 321
319 326
319 327
319 330
320 321
320 325
320 326
320 327
320 335
320 344
321 323
321 324
321 325
323 324
325 327
325 329
325 330
326 328
326 330
327 329
327 331
327 332
328 330
328 331
328 332
328 350
329 330
330 332
330 334
330 335
331 333
331 335
332 334
332 336
332 337
332 344
333 335
333 336
333 337
333 350
333 359
334 335
335 337
335 339
335 340
335 344
336 338
336 340
336 344
337 339
337 345
337 346
338 339
338 344
338 345
338 346
338 367
339 341
339 344
340 342
341 343
343 433
344 346
344 348
344 350
345 347
345 349
345 350
346 348
346 349
346 351
346 352
346 359
347 350
347 351
347 352
347 375
350 352
350 354
350 355
350 359
351 353
351 355
351 356
351 359
352 354
352 360
352 361
353 354
353 359
353 360
353 361
353 384
354 356
354 357
354 359
355 357
355 358
357 358
357 383
359 361
359 363
359 367
360 362
360 364
360 365
360 367
361 363
361 364
361 368
361 369
361 375
362 367
362 368
362 369
362 375
362 384
362 389
363 365
363 366
363 367
365 366
366 425
367 369
367 371
367 372
367 375
368 370
368 372
368 373
368 375
369 371
369 376
369 377
370 375
370 376
370 377
370 397
371 373
371 374
371 375
373 374
373 420
373 424
373 425
375 377
375 379
375 384
376 378
376 380
376 384
377 379
377 380
377 385
377 386
378 384
378 385
378 386
379 381
380 382
380 383
381 383
384 386
384 388
384 389
385 387
385 389
386 388
386 390
387 389
387 390
389 391
389 393
389 394
389 397
390 392
390 394
390 395
390 396
390 397
391 393
391 395
391 398
391 399
392 395
392 397
392 398
393 396
393 397
394 395
395 396
397 399
397 401
398 400
398 401
399 402
400 401
400 402
401 403
401 404
401 405
401 406
402 404
402 406
402 412
403 405
403 406
403 413
403 414
404 412
404 413
404 420
405 407
405 412
406 408
406 409
406 410
407 409
407 410
408 410
408 411
408 486
410 411
411 485
412 414
412 415
412 416
413 415
413 417
413 418
413 420
414 416
414 421
415 416
415 420
415 421
416 418
416 419
418 419
420 422
420 424
420 425
420 426
420 427
421 423
421 425
421 426
421 427
422 424
422 425
422 428
422 429
422 431
423 424
423 427
423 428
423 429
423 431
424 427
425 426
425 427
425 435
427 429
427 431
427 435
428 430
428 432
428 433
428 435
429 431
429 436
430 431
430 432
430 435
430 436
431 433
431 434
433 434
435 437
435 439
436 438
436 439
437 440
438 439
438 440
439 441
439 442
439 443
439 445
440 442
440 444
440 445
440 446
441 443
441 444
441 447
442 443
442 446
442 447
444 445
444 446
446 448
446 449
446 450
446 451
446 452
447 449
447 451
447 452
447 454
448 450
448 451
448 455
449 454
449 455
450 453
450 454
451 452
452 453
454 456
454 457
454 458
454 459
454 460
454 485
455 457
455 459
455 460
455 461
456 458
456 459
456 462
456 463
457 459
457 461
457 462
457 463
457 478
457 487
458 461
459 460
459 478
461 463
461 465
461 470
462 464
462 466
462 470
463 465
463 466
463 471
463 472
463 478
464 470
464 471
464 472
464 487
464 492
465 467
466 468
467 469
470 472
470 474
470 475
470 476
470 478
471 473
471 475
471 476
471 478
472 474
472 479
472 480
472 487
473 478
473 479
473 480
473 501
474 476
474 477
474 478
476 477
478 480
478 482
478 483
478 487
479 481
479 483
479 487
480 482
480 488
480 489
481 487
481 488
481 489
481 501
481 510
482 484
482 485
482 487
483 485
483 486
485 486
487 489
487 491
487 492
488 490
488 492
489 491
489 493
489 494
489 501
490 492
490 493
490 494
490 518
491 492
492 494
492 496
492 497
492 501
493 495
493 497
493 501
494 496
494 502
494 503
495 496
495 501
495 502
495 503
495 529
496 498
496 499
497 499
497 500
499 500
501 503
501 505
501 510
502 504
502 506
502 510
503 505
503 506
503 511
503 512
503 518
504 510
504 511
504 512
504 537
505 507
505 510
506 508
507 509
510 512
510 514
510 515
510 518
511 513
511 515
511 517
511 518
512 514
512 519
512 520
513 518
513 519
513 520
513 546
513 551
514 516
514 517
514 518
516 517
518 520
518 522
518 529
519 521
519 523
519 524
519 529
520 522
520 523
520 530
520 531
520 537
521 529
521 530
521 531
521 546
521 554
522 524
522 525
522 529
523 526
523 527
523 528
524 525
524 527
524 528
525 526
525 528
526 527
529 531
529 533
529 534
529 537
530 532
530 534
530 535
530 537
531 533
531 538
531 539
532 537
532 538
532 539
532 561
533 535
533 536
533 537
535 536
537 539
537 541
537 542
537 546
538 540
538 542
538 546
539 541
539 547
539 548
540 546
540 547
540 548
540 569
541 543
541 545
541 546
542 544
542 545
544 545
546 548
546 550
546 551
546 554
547 549
547 551
547 552
547 554
548 550
548 555
548 556
549 550
549 554
549 555
549 556
549 574
550 552
550 553
552 553
554 556
554 558
554 560
554 561
555 557
555 559
555 560
555 561
556 558
556 559
556 562
556 563
557 561
557 562
557 563
557 574
557 579
559 560
561 563
561 565
561 569
562 564
562 566
562 567
562 569
563 565
563 566
563 570
563 571
564 569
564 570
564 571
564 586
565 567
565 568
565 569
567 568
568 593
569 571
569 573
569 574
570 572
570 574
571 573
571 575
571 576
572 574
572 575
572 576
572 597
573 574
574 576
574 578
574 579
575 577
575 579
576 578
576 580
576 581
577 579
577 580
577 581
577 597
577 601
578 579
579 581
579 583
579 585
579 586
580 582
580 584
580 585
580 586
581 583
581 584
581 587
581 588
581 597
582 584
582 586
582 587
582 588
582 601
582 609
583 586
584 585
586 588
586 590
586 597
587 589
587 591
587 597
588 590
588 598
588 599
589 597
589 598
589 599
589 617
590 592
590 593
591 593
592 594
592 595
593 595
593 596
595 596
597 599
597 601
598 600
598 601
599 602
599 603
600 601
600 602
600 603
600 628
601 603
601 605
601 606
601 609
602 604
602 606
602 607
602 609
603 605
603 607
603 610
603 611
603 617
604 609
604 610
604 611
604 617
604 628
605 608
605 609
606 607
607 608
609 611
609 613
609 614
609 617
610 612
610 614
610 616
610 617
611 613
611 618
612 613
612 617
612 618
612 664
613 615
613 616
615 616
617 619
617 621
617 628
618 620
618 622
618 628
619 621
619 629
620 621
620 628
620 629
621 623
622 624
623 625
623 626
624 626
624 627
626 627
628 630
628 631
628 632
629 631
629 633
629 634
629 636
630 632
630 633
630 634
630 637
630 638
630 641
631 636
631 637
631 638
631 641
631 658
631 662
632 634
632 635
634 635
634 636
634 641
634 650
636 638
636 640
636 641
637 639
637 641
638 640
638 642
639 640
639 641
639 642
640 641
641 643
641 645
641 646
641 650
642 644
642 646
642 650
643 645
643 651
644 645
644 650
644 651
645 647
645 650
646 648
646 649
647 649
650 652
650 654
650 655
650 658
651 653
651 655
651 657
651 658
652 654
652 659
652 660
653 654
653 658
653 659
653 660
653 674
653 681
654 656
654 657
654 658
656 657
658 660
658 662
658 667
658 673
659 661
659 663
659 667
659 673
660 662
660 663
660 668
660 669
660 673
660 674
661 663
661 667
661 668
661 669
661 693
662 664
662 667
663 665
663 666
664 666
666 700
667 669
667 671
667 672
667 674
668 670
668 672
668 673
668 674
669 671
669 675
669 676
670 674
670 675
670 676
670 701
671 673
671 674
674 676
674 678
674 680
674 681
675 677
675 679
675 680
675 681
676 678
676 679
676 682
676 683
677 681
677 682
677 683
677 701
677 706
678 681
679 680
681 683
681 685
681 693
682 684
682 686
682 693
683 685
683 686
683 694
683 695
683 701
684 693
684 694
684 695
684 701
684 707
684 753
685 687
685 688
685 693
686 689
686 690
686 691
687 688
687 690
687 691
688 689
688 691
689 690
689 692
690 692
693 695
693 697
693 701
694 696
694 698
694 699
694 701
695 697
695 702
696 697
696 701
696 702
696 756
697 699
697 700
697 701
699 700
701 703
701 705
701 706
701 707
702 704
702 706
702 707
703 705
703 706
703 708
704 705
704 707
704 708
704 960
706 707
707 709
707 710
707 711
707 712
708 710
708 712
708 715
709 711
709 716
709 717
709 718
710 711
710 715
710 716
710 753
711 713
711 714
711 715
713 714
715 717
715 718
715 719
715 720
715 721
716 718
716 720
716 721
716 723
717 719
717 720
717 722
717 724
717 725
718 723
718 724
718 725
718 746
718 751
719 721
719 722
719 723
721 722
721 744
722 728
722 735
723 725
723 727
723 728
724 726
724 728
725 727
725 729
725 730
726 728
726 729
726 730
728 730
728 732
728 734
728 735
729 731
729 733
729 734
729 735
730 732
730 733
730 736
730 737
731 735
731 736
731 737
731 757
732 735
733 734
735 737
735 739
735 740
735 746
736 738
736 740
736 746
737 739
737 747
737 748
737 757
738 739
738 746
738 747
738 748
738 762
739 741
740 742
741 743
741 744
742 744
742 745
742 1200
744 745
746 748
746 750
746 751
746 757
747 749
747 751
747 757
748 750
748 758
748 759
748 762
749 750
749 757
749 758
749 759
749 767
749 775
750 752
750 757
751 753
752 754
752 755
753 755
753 756
755 756
757 759
757 761
757 762
758 760
758 762
759 761
759 763
759 764
760 762
760 763
760 764
760 783
762 764
762 766
762 767
763 765
763 767
764 766
764 768
764 769
765 767
765 768
765 769
765 791
766 767
767 769
767 771
767 775
768 770
768 772
768 773
768 775
769 771
769 772
769 776
769 777
770 775
770 776
770 777
770 799
771 773
771 774
771 775
773 774
775 777
775 779
775 780
775 783
776 778
776 780
776 781
776 783
777 779
777 781
777 784
777 785
778 781
778 783
778 784
778 785
778 799
778 806
779 782
780 781
781 782
783 785
783 787
783 791
784 786
784 788
784 789
784 791
785 787
785 788
785 789
785 792
785 793
786 789
786 791
786 792
786 793
786 817
787 789
787 790
787 791
789 790
789 1139
789 1142
791 793
791 795
791 799
792 794
792 796
792 799
793 795
793 800
793 801
794 799
794 800
794 801
794 826
795 797
795 799
796 798
799 801
799 803
799 805
799 806
800 802
800 804
800 805
800 806
801 803
801 804
801 807
801 808
801 817
802 806
802 807
802 808
802 809
802 834
804 805
806 808
806 810
806 817
807 809
807 811
807 817
808 810
808 811
808 818
808 819
809 817
809 818
809 819
810 812
810 813
810 817
811 814
811 815
811 816
812 813
812 815
812 816
813 814
813 816
814 815
817 819
817 821
817 826
818 820
818 822
818 826
819 821
819 822
819 827
820 826
820 827
821 823
821 824
821 826
822 824
822 825
824 825
824 1075
826 828
826 830
826 831
826 834
827 829
827 831
827 834
828 830
828 835
828 836
828 837
829 830
829 834
829 835
829 836
829 837
830 832
831 833
833 1072
833 1073
833 1074
833 1075
834 836
834 837
835 837
835 838
836 839
836 840
836 847
837 838
837 839
837 840
837 854
837 858
838 840
838 842
838 847
839 841
839 843
839 847
840 842
840 843
840 848
840 849
840 854
841 847
841 848
841 849
841 865
842 844
842 845
843 845
843 846
843 847
845 846
847 849
847 851
847 852
847 854
848 850
848 852
848 853
848 854
849 851
849 853
849 855
849 856
850 853
850 854
850 855
850 856
851 854
852 853
854 856
854 858
855 857
855 858
856 859
856 860
857 858
857 859
857 860
857 870
858 860
858 862
858 864
858 865
859 861
859 863
859 864
859 865
860 862
860 863
860 866
860 867
860 870
861 863
861 865
861 866
861 867
861 870
861 874
862 865
863 864
865 867
865 869
865 870
866 868
866 870
867 869
867 871
868 870
868 871
870 872
870 874
871 873
871 874
872 875
872 876
872 885
873 874
873 875
873 876
873 885
874 876
874 878
874 879
874 885
875 877
875 879
875 885
876 878
876 886
876 887
876 892
877 878
877 885
877 886
877 887
877 892
877 905
877 910
878 880
878 881
879 882
879 883
879 884
880 881
880 883
880 884
881 882
881 884
882 883
885 887
885 889
885 890
885 892
886 888
886 890
886 891
886 892
887 889
887 891
887 893
887 894
888 889
888 891
888 892
888 893
888 894
888 913
889 892
890 891
892 894
892 896
892 897
892 900
893 895
893 897
893 898
893 900
894 896
894 901
894 902
894 905
895 900
895 901
895 902
895 918
896 898
896 899
898 899
900 902
900 904
900 905
901 903
901 905
902 904
902 906
902 907
903 905
903 906
903 907
903 926
904 905
905 907
905 909
905 913
906 908
906 910
906 913
907 909
907 914
907 915
908 913
908 914
908 915
908 934
909 911
909 912
909 913
911 912
913 915
913 917
913 918
914 916
914 918
915 917
915 919
915 920
916 918
916 919
916 920
916 943
917 918
918 920
918 922
918 926
919 921
919 923
919 926
920 922
920 927
920 928
920 934
921 922
921 926
921 927
921 928
921 943
921 952
921 961
922 924
922 926
923 925
926 928
926 930
926 931
926 934
927 929
927 931
927 933
927 934
928 930
928 935
928 936
928 943
929 934
929 935
929 936
929 943
929 952
930 932
930 933
930 934
932 933
934 936
934 938
934 943
935 937
935 939
935 943
936 938
936 939
936 944
936 952
937 943
937 944
938 940
938 941
938 943
939 941
939 942
941 942
943 945
943 947
943 948
943 952
944 946
944 948
944 952
945 947
945 953
945 954
945 956
946 947
946 952
946 953
946 954
947 949
947 950
948 950
948 951
950 951
950 970
952 954
952 956
952 957
952 961
953 955
953 957
953 961
954 956
954 962
955 956
955 961
955 962
956 958
957 959
957 960
958 960
961 963
961 965
961 966
961 972
962 964
962 966
962 972
963 965
963 973
963 974
964 965
964 972
964 973
964 974
964 1003
965 967
966 968
967 969
967 970
968 970
968 971
970 971
972 974
972 976
972 977
972 986
973 975
973 977
973 986
974 976
974 987
974 988
975 986
975 987
975 988
975 1008
976 978
976 979
976 986
977 980
977 981
977 982
978 979
978 981
979 980
979 983
979 984
979 985
980 983
981 982
981 984
981 985
982 983
982 985
983 984
986 988
986 990
986 991
986 992
986 994
987 989
987 991
987 992
987 994
988 990
988 995
988 996
989 994
989 995
989 996
989 1013
990 992
990 993
992 993
994 996
994 998
994 999
994 1003
995 997
995 999
995 1003
996 998
996 1004
996 1005
996 1008
997 1003
997 1004
997 1005
997 1020
998 1000
998 1001
998 1003
999 1001
999 1002
1001 1002
1003 1005
1003 1007
1003 1008
1004 1006
1004 1008
1005 1007
1005 1009
1005 1010
1006 1008
1006 1009
1006 1010
1006 1020
1006 1028
1007 1008
1008 1010
1008 1012
1008 1013
1009 1011
1009 1013
1010 1012
1010 1014
1010 1015
1010 1020
1011 1013
1011 1014
1011 1015
1011 1016
1012 1013
1013 1015
1013 1017
1013 1019
1013 1020
1014 1016
1014 1018
1014 1019
1014 1020
1015 1017
1015 1018
1015 1021
1015 1022
1016 1018
1016 1020
1016 1021
1016 1022
1017 1020
1018 1019
1020 1022
1020 1024
1020 1028
1021 1023
1021 1025
1021 1028
1022 1024
1022 1025
1022 1029
1022 1030
1022 1036
1023 1028
1023 1029
1023 1030
1023 1036
1023 1041
1024 1026
1024 1027
1024 1028
1026 1027
1028 1030
1028 1032
1028 1033
1028 1036
1029 1031
1029 1033
1029 1035
1029 1036
1030 1032
1030 1037
1030 1038
1031 1036
1031 1037
1031 1038
1031 1055
1032 1034
1032 1035
1032 1036
1034 1035
1036 1038
1036 1040
1036 1041
1037 1039
1037 1041
1038 1040
1038 1042
1039 1041
1039 1042
1039 1050
1041 1043
1041 1045
1041 1046
1041 1050
1042 1044
1042 1046
1042 1050
1043 1045
1043 1051
1043 1054
1044 1045
1044 1050
1044 1051
1045 1047
1046 1048
1047 1049
1050 1052
1050 1053
1050 1054
1050 1055
1051 1053
1051 1055
1051 1056
1052 1054
1052 1055
1052 1057
1052 1058
1052 1067
1053 1055
1053 1056
1053 1057
1053 1058
1053 1093
1053 1099
1054 1056
1055 1081
1056 1058
1056 1060
1056 1067
1057 1059
1057 1061
1057 1067
1058 1060
1058 1061
1058 1068
1058 1069
1059 1067
1059 1068
1059 1069
1059 1070
1059 1093
1059 1101
1060 1062
1060 1067
1061 1063
1062 1064
1062 1065
1063 1065
1063 1066
1065 1066
1067 1069
1067 1071
1067 1081
1068 1070
1068 1072
1068 1081
1069 1071
1069 1072
1069 1082
1069 1083
1070 1081
1070 1082
1070 1083
1070 1110
1070 1115
1071 1073
1071 1074
1071 1081
1072 1075
1072 1076
1072 1077
1073 1074
1073 1076
1074 1075
1074 1078
1074 1079
1074 1080
1075 1078
1076 1077
1076 1079
1076 1080
1077 1078
1077 1080
1078 1079
1081 1083
1081 1085
1081 1093
1082 1084
1082 1086
1082 1093
1083 1085
1083 1086
1083 1088
1083 1094
1083 1095
1084 1086
1084 1093
1084 1094
1084 1095
1084 1117
1084 1118
1085 1087
1085 1088
1085 1093
1086 1089
1086 1090
1086 1091
1087 1088
1087 1090
1087 1091
1088 1089
1088 1091
1089 1090
1089 1092
1090 1092
1092 1155
1093 1095
1093 1097
1093 1098
1093 1101
1094 1096
1094 1098
1094 1100
1094 1101
1095 1097
1095 1102
1096 1101
1096 1102
1097 1099
1097 1100
1099 1100
1101 1103
1101 1105
1101 1106
1101 1110
1102 1104
1102 1106
1102 1107
1102 1110
1103 1105
1103 1111
1104 1105
1104 1110
1104 1111
1105 1107
1105 1110
1106 1108
1106 1109
1108 1109
1110 1112
1110 1114
1110 1115
1110 1116
1110 1117
1110 1123
1111 1113
1111 1115
1111 1116
1111 1117
1111 1123
1112 1114
1112 1115
1112 1118
1112 1119
1112 1123
1113 1114
1113 1115
1113 1117
1113 1118
1113 1119
1113 1143
1115 1116
1117 1119
1117 1121
1117 1122
1117 1124
1118 1120
1118 1122
1118 1123
1118 1124
1119 1121
1119 1125
1119 1126
1120 1124
1120 1125
1120 1126
1120 1148
1120 1153
1121 1123
1121 1124
1124 1126
1124 1128
1124 1129
1124 1132
1125 1127
1125 1129
1125 1130
1125 1132
1126 1128
1126 1133
1126 1134
1127 1132
1127 1133
1127 1134
1127 1157
1128 1130
1128 1131
1128 1132
1130 1131
1132 1134
1132 1136
1132 1143
1133 1135
1133 1137
1133 1143
1134 1136
1134 1137
1134 1144
1134 1145
1135 1143
1135 1144
1135 1145
1135 1146
1135 1157
1135 1168
1136 1138
1136 1143
1137 1139
1138 1140
1138 1141
1139 1141
1139 1142
1141 1142
1143 1145
1143 1147
1143 1148
1144 1146
1144 1148
1145 1147
1145 1149
1145 1150
1145 1157
1146 1148
1146 1149
1146 1150
1146 1175
1147 1148
1148 1150
1148 1152
1148 1153
1148 1157
1149 1151
1149 1153
1149 1157
1150 1152
1150 1158
1150 1159
1151 1152
1151 1157
1151 1158
1151 1159
1151 1183
1151 1188
1152 1154
1152 1157
1153 1155
1154 1156
1157 1159
1157 1161
1157 1162
1157 1168
1158 1160
1158 1162
1158 1168
1159 1161
1159 1169
1159 1170
1160 1168
1160 1169
1160 1170
1160 1195
1161 1163
1161 1164
1161 1168
1162 1164
1163 1165
1163 1166
1164 1166
1164 1167
1166 1167
1168 1170
1168 1172
1168 1174
1168 1175
1169 1171
1169 1173
1169 1174
1169 1175
1170 1172
1170 1173
1170 1176
1170 1177
1171 1175
1171 1176
1171 1177
1171 1190
1171 1197
1172 1175
1173 1174
1175 1177
1175 1179
1175 1180
1175 1183
1176 1178
1176 1180
1176 1181
1176 1183
1177 1179
1177 1181
1177 1184
1177 1185
1178 1181
1178 1183
1178 1184
1178 1185
1178 1208
1179 1182
1180 1181
1181 1182
1183 1185
1183 1187
1183 1188
1183 1190
1184 1186
1184 1188
1184 1189
1184 1190
1185 1187
1185 1189
1185 1191
1185 1192
1186 1187
1186 1189
1186 1190
1186 1191
1186 1192
1186 1208
1186 1219
1186 1224
1187 1190
1188 1189
1190 1192
1190 1194
1190 1195
1190 1197
1191 1193
1191 1195
1191 1196
1191 1197
1192 1194
1192 1196
1192 1198
1192 1199
1193 1197
1193 1198
1193 1199
1193 1226
1195 1196
1197 1199
1197 1201
1197 1208
1198 1200
1198 1202
1198 1203
1198 1208
1199 1201
1199 1209
1199 1210
1200 1208
1200 1209
1200 1210
1201 1203
1201 1204
1201 1208
1202 1205
1202 1206
1202 1207
1203 1204
1203 1206
1203 1207
1204 1205
1204 1207
1205 1206
1208 1210
1208 1212
1208 1219
1209 1211
1209 1213
1209 1219
1210 1212
1210 1213
1210 1220
1211 1212
1211 1219
1211 1220
1212 1214
1212 1215
1212 1219
1213 1215
1214 1216
1214 1217
1215 1217
1215 1218
1217 1218
1219 1221
1219 1223
1219 1224
1219 1225
1219 1226
1220 1222
1220 1224
1220 1225
1220 1226
1221 1223
1221 1224
1221 1227
1221 1228
1221 1230
1222 1223
1222 1226
1222 1227
1222 1228
1224 1225
1224 1226
1224 1230
1224 1235
1226 1228
1226 1230
1227 1229
1227 1230
1228 1231
1229 1230
1229 1231
1230 1232
1230 1233
1230 1234
1230 1235
1230 1236
1231 1233
1231 1235
1231 1236
1231 1237
1232 1234
1232 1235
1232 1238
1232 1251
1233 1235
1233 1237
1233 1238
1234 1237
1235 1236
1235 1256
1235 1258
1237 1239
1237 1241
1237 1242
1237 1251
1238 1240
1238 1242
1238 1251
1239 1241
1239 1252
1239 1253
1239 1259
1240 1241
1240 1251
1240 1252
1240 1253
1240 1259
1240 1264
1241 1243
1241 1244
1242 1245
1242 1246
1242 1247
1243 1244
1243 1246
1244 1245
1244 1248
1244 1249
1244 1250
1245 1248
1246 1247
1246 1249
1246 1250
1247 1248
1247 1250
1248 1249
1251 1253
1251 1255
1251 1256
1251 1257
1251 1259
1252 1254
1252 1256
1252 1257
1252 1259
1253 1255
1253 1260
1253 1261
1253 1264
1254 1255
1254 1259
1254 1260
1254 1261
1254 1264
1254 1276
1255 1257
1255 1258
1257 1258
1257 1284
1259 1261
1259 1263
1259 1264
1260 1262
1260 1264
1261 1263
1261 1265
1262 1263
1262 1264
1262 1265
1264 1266
1264 1268
1264 1269
1264 1270
1264 1276
1265 1267
1265 1269
1265 1276
1266 1268
1266 1277
1267 1268
1267 1276
1267 1277
1268 1270
1268 1271
1269 1272
1269 1273
1269 1274
1270 1271
1270 1273
1270 1274
1271 1272
1271 1274
1272 1273
1272 1275
1273 1275
1276 1278
1276 1280
1276 1281
1277 1279
1277 1281
1278 1280
1280 1282
1281 1283
1282 1284
1 1 44.032001 -3.161000 8.833000 N
2 1 43.651001 -1.775000 8.994000 C
3 1 42.263000 -1.859000 9.557000 C
4 1 41.626999 -2.898000 9.410000 O
5 1 43.665001 -1.255000 7.534000 C
6 1 43.126999 0.132000 7.242000 C
7 1 44.153999 1.448000 7.910000 S
8 1 45.776001 0.850000 7.495000 C
9 2 41.818001 -0.804000 10.170000 N
10 2 40.474998 -0.742000 10.690000 C
11 2 40.116001 0.708000 10.757000 C
12 2 40.917999 1.596000 10.508000 O
13 2 40.348999 -1.463000 12.046000 C
14 2 41.263000 -0.893000 13.083000 C
15 2 41.276001 0.306000 13.386000 O
16 2 42.075001 -1.757000 13.662000 N
17 3 38.917000 0.948000 11.175000 N
18 3 38.419998 2.304000 11.221000 C
19 3 39.209999 3.313000 12.072000 C
20 3 39.375999 4.483000 11.735000 O
21 3 36.923000 2.285000 11.541000 C
22 3 36.271999 3.676000 11.481000 C
23 3 36.674000 1.645000 12.927000 C
24 3 36.459000 4.479000 10.143000 C
25 4 39.659000 2.852000 13.207000 N
26 4 40.415001 3.703000 14.076000 C
27 4 41.706001 4.054000 13.412000 C
28 4 42.125000 5.205000 13.395000 O
29 4 40.700001 2.955000 15.386000 C
30 4 39.446999 2.919000 16.252001 C
31 4 39.118000 3.994000 17.083000 C
32 4 38.564999 1.833000 16.209000 C
33 4 38.001999 3.932000 17.922001 C
34 4 37.422001 1.770000 17.011000 C
35 4 37.153000 2.823000 17.886999 C
36 5 42.333000 3.045000 12.863000 N
37 5 43.584999 3.294000 12.176000 C
38 5 43.380001 4.156000 10.988000 C
39 5 44.182999 5.001000 10.710000 O
40 5 44.181000 2.071000 11.624000 C
41 5 44.340000 0.953000 12.673000 C
42 5 45.196999 -0.212000 12.218000 C
43 5 45.765999 -0.289000 11.144000 O
44 5 45.321999 -1.132000 13.130000 O
45 6 42.321999 3.916000 10.270000 N
46 6 42.062000 4.740000 9.115000 C
47 6 41.842999 6.207000 9.490000 C
48 6 42.442001 7.156000 8.903000 O
49 6 40.770000 4.201000 8.518000 C
50 6 40.400002 4.861000 7.215000 C
51 6 38.639000 4.562000 6.872000 S
52 6 38.652000 4.692000 5.035000 C
53 7 40.964001 6.445000 10.462000 N
54 7 40.721001 7.831000 10.853000 C
55 7 41.936001 8.483000 11.513000 C
56 7 42.138000 9.710000 11.500000 O
57 7 39.523998 7.929000 11.787000 C
58 7 38.216000 7.973000 11.075000 C
59 7 37.126999 7.642000 12.070000 C
60 7 37.991001 9.315000 10.355000 C
61 8 42.762001 7.678000 12.145000 N
62 8 43.945999 8.259000 12.763000 C
63 8 44.876999 8.786000 11.715000 C
64 8 45.521000 9.800000 11.909000 O
65 8 44.650002 7.268000 13.637000 C
66 8 45.971001 7.835000 13.979000 C
67 8 45.924999 8.559000 15.304000 C
68 8 47.268002 8.952000 15.728000 N
69 8 48.167000 9.625000 14.978000 C
70 8 47.956001 10.037000 13.703000 N
71 8 49.351002 9.898000 15.539000 7
2 9 44.882999 8.121000 10.566000 N
73 9 45.673000 8.548000 9.450000 C
74 9 45.092999 9.848000 8.832000 C
75 9 45.813999 10.778000 8.551000 O
76 9 45.875000 7.459000 8.374000 C
77 9 46.882000 6.396000 8.825000 C
78 9 46.314999 8.085000 7.048000 C
79 9 46.785999 5.131000 7.999000 C
80 10 43.789001 9.965000 8.664000 N
81 10 43.216000 11.116000 8.025000 C
82 10 43.162998 12.410000 8.886000 C
83 10 43.146000 13.525000 8.390000 O
84 10 41.826000 10.682000 7.582000 C
85 10 41.847000 9.867000 6.308000 C
86 10 42.729000 9.966000 5.473000 O
87 10 40.808998 9.078000 6.191000 O
88 11 43.080002 12.214000 10.190000 N
89 11 42.897999 13.321000 11.123000 C
90 11 44.146000 13.737000 11.845000 C
91 11 44.236000 14.877000 12.282000 O
92 11 41.859001 12.909000 12.204000 C
93 11 40.527000 12.627000 11.529000 C
94 11 39.834999 13.881000 11.015000 C
95 11 40.506001 15.007000 11.237000 O
96 11 38.741001 13.862000 10.508000 O
97 12 45.049999 12.765000 12.032000 N
98 12 46.285000 12.966000 12.764000 C
99 12 45.987999 13.042000 14.259000 C
100 12 44.867001 12.762000 14.693000 O
101 13 47.002998 13.446000 15.041000 N
102 13 46.807999 13.614000 16.475000 C
103 13 47.554001 14.858000 16.952000 C
104 13 48.743999 14.984000 16.690001 O
105 13 47.349998 12.404000 17.205999 C
106 13 47.585999 12.624000 18.701000 C
107 13 46.261002 12.528000 19.414000 C
108 13 48.460999 11.491000 19.235001 C
109 14 46.860001 15.763000 17.615000 N
110 14 47.431999 16.980000 18.207001 C
111 14 46.847000 17.124001 19.580000 C
112 14 45.647999 16.945000 19.771999 O
113 14 47.158001 18.235001 17.399000 C
114 14 47.507999 17.881001 15.979000 C
115 14 47.705002 19.058001 15.052000 C
116 14 48.369999 20.148001 15.713000 N
117 14 48.436001 21.365000 15.163000 1
18 14 47.889999 21.615000 13.971000 N
119 14 49.061001 22.355000 15.819000 1
20 15 47.757000 17.395000 20.518999 N
121 15 47.465000 17.464001 21.923000 C
122 15 47.264000 18.875999 22.410000 C
123 15 47.044998 19.118000 23.563999 O
124 15 48.619999 16.833000 22.728001 C
125 15 48.797001 15.332000 22.443001 C
126 15 49.692001 14.740000 23.490999 C
127 15 47.473000 14.566000 22.511999 C
128 16 47.306999 19.777000 21.496000 N
129 16 47.090000 21.124001 21.830999 C
130 16 46.023998 21.684000 20.862000 C
131 16 45.963001 21.288000 19.716000 O
132 16 48.471001 21.770000 21.732000 C
133 16 48.471001 23.257999 21.833000 C
134 16 47.776001 23.754999 23.106001 1
35 16 46.418999 24.431000 22.863001 1
36 16 46.342999 25.856001 23.240000 1
37 17 45.104000 22.541000 21.351000 N
138 17 44.087002 23.129000 20.507999 C
139 17 44.667000 23.653000 19.172001 C
140 17 45.631001 24.416000 19.173000 O
141 17 43.375000 24.256001 21.259001 C
142 17 42.581001 23.622000 22.417999 C
143 17 42.415001 25.024000 20.346001 C
144 17 41.731998 24.660000 23.180000 C
145 18 44.047001 23.292000 18.039000 N
146 18 44.519001 23.764000 16.745001 C
147 18 43.328999 24.110001 15.873000 C
148 18 42.186001 23.908001 16.304001 O
149 18 45.426998 22.716000 16.090000 C
150 18 44.692001 21.465000 15.719000 C
151 18 44.516998 20.413000 16.614000 C
152 18 44.140999 21.341999 14.439000 C
153 18 43.834000 19.268999 16.188000 C
154 18 43.490002 20.187000 13.986000 C
155 18 43.326000 19.139000 14.890000 C
156 18 42.692001 17.971001 14.533000 O
157 19 43.526001 24.650000 14.689000 N
158 19 42.396999 24.924999 13.833000 C
159 19 42.388000 23.947001 12.719000 C
160 19 43.437000 23.662001 12.160000 O
161 19 42.487999 26.242001 13.200000 C
162 19 42.513000 27.292999 14.255000 C
163 19 42.084999 28.577000 13.612000 C
164 19 42.202000 29.847000 14.457000 C
165 19 41.792000 31.072001 13.715000 N
166 20 41.196999 23.459000 12.416000 N
167 20 41.047001 22.488001 11.368000 C
168 20 41.148998 23.181000 9.991000 C
169 20 41.412998 24.392000 9.924000 O
170 20 39.820000 21.572001 11.536000 C
171 20 38.493999 22.240000 11.269000 C
172 20 38.539001 23.464001 10.847000 O
173 20 37.450001 21.709999 11.457000 O
174 21 40.901001 22.388000 8.940000 N
175 21 41.007999 22.855000 7.541000 C
176 21 40.062000 24.002001 7.237000 C
177 21 40.341999 24.754000 6.311000 O
178 21 40.812000 21.726999 6.484000 C
179 21 39.483002 21.292000 6.580000 O
180 21 41.695999 20.502001 6.792000 C
181 22 38.953999 24.112000 8.049000 N
182 22 37.902000 25.174999 7.936000 C
183 22 38.108002 26.332001 8.882000 C
184 22 37.276001 27.236000 8.896000 O
185 22 36.480999 24.674999 8.194000 C
186 22 36.048000 23.438000 7.337000 C
187 22 35.826000 23.740999 5.870000 C
188 22 35.193001 24.864000 5.654000 O
189 22 36.264000 23.020000 4.969000 1
90 23 39.194000 26.240999 9.662000 N
191 23 39.549000 27.188999 10.645000 C
192 23 38.776001 26.966999 11.950000 C
193 23 38.648998 27.872000 12.728000 O
194 24 38.251999 25.775999 12.221000 N
195 24 37.605000 25.686001 13.513000 C
196 24 38.499001 25.025999 14.493000 C
197 24 39.307999 24.128000 14.184000 O
198 24 36.410000 24.799999 13.530000 C
199 24 35.443001 25.298000 12.588000 C
200 24 35.150002 26.652000 12.566000 C
201 24 34.867001 24.417999 11.674000 C
202 24 34.222000 27.113001 11.642000 C
203 24 33.969002 24.882000 10.715000 C
204 24 33.657001 26.240000 10.707000 C
205 24 32.747002 26.709000 9.773000 O
206 25 38.259998 25.417999 15.723000 N
207 25 38.986000 24.888000 16.856001 C
208 25 38.662998 23.427999 17.089001 C
209 25 37.506001 23.041000 17.259001 O
210 25 38.598000 25.715000 18.107000 C
211 25 39.243000 27.055000 18.056999 C
212 25 40.636002 27.150000 17.943001 C
213 25 38.464001 28.212000 18.122999 C
214 25 41.279999 28.388000 17.900000 C
215 25 39.089001 29.457001 18.075001 C
216 25 40.484001 29.535999 17.969999 C
217 25 41.087002 30.761999 17.944000 O
218 26 39.737000 22.667000 17.145000 N
219 26 39.733002 21.216999 17.266001 C
220 26 40.886002 20.809999 18.181000 C
221 26 41.816002 21.576000 18.458000 O
222 26 39.952000 20.660999 15.785000 C
223 26 38.969002 21.249001 14.950000 O
224 26 39.936001 19.139999 15.605000 C
225 27 40.848999 19.587999 18.632000 N
226 27 41.944000 18.987000 19.407000 C
227 27 41.916000 17.466000 19.181000 C
228 27 40.917000 16.903999 18.773001 O
229 27 41.866001 19.288000 20.937000 C
230 27 43.227001 19.152000 21.695000 C
231 27 40.820000 18.354000 21.507000 C
232 27 43.271000 20.025000 22.910999 C
233 28 43.000999 16.797001 19.516001 N
234 28 43.112000 15.342000 19.479000 C
235 28 43.136002 14.812000 18.069000 C
236 28 43.891998 15.259000 17.247000 O
237 29 42.264000 13.853000 17.864000 N
238 29 42.053001 13.164000 16.589001 C
239 29 40.749001 13.590000 15.946000 C
240 29 39.716999 12.879000 15.957000 O
241 29 42.143002 11.655000 16.754000 C
242 29 43.469002 11.292000 17.462000 C
243 29 42.123001 11.009000 15.344000 C
244 29 43.460999 9.930000 18.186001 C
245 30 40.837002 14.799000 15.436000 N
246 30 39.758999 15.421000 14.714000 C
247 30 38.563999 15.714000 15.596000 C
248 30 37.481998 15.759000 15.101000 O
249 31 38.749001 15.965000 16.884001 N
250 31 37.588001 16.263000 17.700001 C
251 31 37.233002 17.754999 17.665001 C
252 31 37.912998 18.538000 18.306000 O
253 31 37.862000 15.893000 19.170000 C
254 31 36.618999 16.098000 19.999001 C
255 31 35.591999 15.172000 20.044001 N
256 31 36.208000 17.150000 20.761999 C
257 31 34.618999 15.637000 20.794001 C
258 31 34.963001 16.844000 21.261000 N
259 32 36.186001 18.150999 16.950001 N
260 32 35.825001 19.547001 16.840000 C
261 32 35.318001 20.160999 18.153999 C
262 32 34.484001 19.625999 18.868000 O
263 32 34.713001 19.681999 15.790000 C
264 32 34.129002 21.091999 15.913000 C
265 32 35.016998 22.108000 15.194000 C
266 32 32.736000 21.128000 15.342000 C
267 33 35.854000 21.271999 18.539000 N
268 33 35.361000 21.754999 19.785000 C
269 33 34.220001 22.747000 19.639000 C
270 33 33.242001 22.726000 20.384001 O
271 33 36.519001 22.370001 20.594999 C
272 33 37.563000 21.341000 21.013000 C
273 33 38.810001 22.069000 21.490000 C
274 33 37.026001 20.594999 22.216999 C
275 34 34.376999 23.649000 18.686001 N
276 34 33.459999 24.742001 18.480000 C
277 34 33.750000 25.400000 17.164000 C
278 34 34.917000 25.499001 16.764000 O
279 34 33.645000 25.854000 19.600000 C
280 34 32.612999 26.839001 19.535000 O
281 34 35.067001 26.514000 19.638000 C
282 35 32.683998 25.917000 16.568001 N
283 35 32.794998 26.636000 15.315000 C
284 35 32.943001 28.122999 15.638000 C
285 35 33.169998 28.955000 14.773000 O
286 35 31.631001 26.364000 14.365000 C
287 35 31.375999 24.889000 13.941000 C
288 35 30.410000 24.770000 12.746000 C
289 35 29.827000 23.396999 12.406000 2
90 35 28.486000 23.466999 11.732000 2
91 36 32.848000 28.459999 16.915001 N
292 36 33.041000 29.839001 17.316999 C
293 36 34.520000 30.252001 17.263000 C
294 36 35.464001 29.490000 17.489000 O
295 36 32.320000 30.233999 18.615999 C
296 36 33.254002 30.806999 19.523001 O
297 37 34.710999 31.483999 16.898001 N
298 37 36.007000 32.077999 16.672001 C
299 37 36.778000 32.362000 17.909000 3
0 37 37.932999 32.785000 17.851999 O
301 37 35.724998 33.410999 16.000000 C
302 37 34.213001 33.566002 15.935000 C
303 37 33.575001 32.272999 16.374001 C
304 38 36.096001 32.130001 18.999001 N
305 38 36.625000 32.394001 20.292999 C
306 38 37.388000 31.243000 20.924000 C
307 38 36.841999 30.202999 21.209000 O
308 38 35.483002 32.820000 21.186001 C
309 38 36.054001 33.048000 22.490000 O
310 39 38.651001 31.493000 21.188000 N
311 39 39.498001 30.523001 21.785000 C
312 39 39.070000 30.202000 23.197001 C
313 39 39.331001 29.139999 23.745001 O
314 39 40.959000 30.990000 21.736000 C
315 39 41.862000 29.971001 22.403999 C
316 39 41.849998 28.649000 21.656000 C
317 39 43.264999 30.493000 22.462999 C
318 40 38.407001 31.125999 23.844999 N
319 40 38.013000 30.809000 25.205999 C
320 40 36.845001 29.923000 25.181000 C
321 40 36.691002 29.061001 26.038000 O
322 40 37.636002 31.988001 26.076000 C
323 40 38.826000 32.859001 26.204000 C
324 40 39.938999 32.394001 26.579000 3
25 40 38.652000 34.102001 25.737000 3
26 41 36.026001 30.198000 24.202999 N
327 41 34.894001 29.346001 24.024000 C
328 41 35.438000 27.945999 23.771999 C
329 41 34.901001 26.969000 24.261000 O
330 41 34.013000 29.783001 22.891001 C
331 42 36.511002 27.851999 23.014000 N
332 42 37.083000 26.562000 22.700001 C
333 42 37.588001 25.865000 23.941000 C
334 42 37.411999 24.653999 24.134001 O
335 42 38.268002 26.780001 21.764999 C
336 43 38.276001 26.643999 24.749001 N
337 43 38.860001 26.113001 25.969000 C
338 43 37.771000 25.716000 26.917999 C
339 43 37.875000 24.733999 27.620001 O
340 43 39.683998 27.124001 26.690001 C
341 43 41.021999 27.318001 26.018999 C
342 43 41.724998 28.551001 26.566999 C
343 43 43.241001 28.549999 26.392000 C
344 43 43.980999 29.170000 27.507999 N
345 44 36.715000 26.462000 26.889000 N
346 44 35.657001 26.090000 27.768999 C
347 44 35.028000 24.756001 27.329000 C
348 44 34.721001 23.882999 28.139999 O
349 44 34.633999 27.219000 27.909000 C
350 44 33.445000 26.818001 28.590000 O
351 45 34.868000 24.583000 26.042999 N
352 45 34.304001 23.340000 25.593000 C
353 45 35.284000 22.250000 25.841999 C
354 45 34.886002 21.162001 26.157000 O
355 45 34.113998 23.413000 24.101999 C
356 45 32.966999 24.372999 23.782000 C
357 45 31.667999 23.757999 24.186001 C
358 45 31.355000 22.650000 23.927000 O
359 45 30.891001 24.552000 24.826000 O
360 46 36.573002 22.506001 25.714001 N
361 46 37.509998 21.421000 25.988001 C
362 46 37.386002 20.923000 27.448999 C
363 46 37.307999 19.740000 27.780001 O
364 46 38.925999 21.868999 25.702000 C
365 46 39.984001 20.857000 25.992001 C
366 46 39.777000 19.628000 25.166000 C
367 46 41.352001 21.427000 25.549000 C
368 47 37.363998 21.860001 28.358000 N
369 47 37.293999 21.520000 29.771999 C
370 47 36.091999 20.719999 30.122999 C
371 47 36.112000 19.761000 30.899000 O
372 47 37.439999 22.813000 30.614000 C
373 47 38.855999 23.384001 30.645000 C
374 47 39.865002 22.931000 30.101999 O
375 47 38.869999 24.493000 31.250000 O
376 48 35.028999 21.129999 29.503000 N
377 48 33.787998 20.457001 29.688999 C
378 48 33.807999 19.024000 29.108999 C
379 48 33.290001 18.058001 29.676001 O
380 48 32.731998 21.358000 29.077999 C
381 48 31.516001 20.601000 28.620001 C
382 48 30.309999 21.482000 28.468000 C
383 48 30.302999 22.198000 27.150000 C
384 48 29.848000 21.337000 26.063999 N
385 49 34.467999 18.841999 27.983999 N
386 49 34.535999 17.506001 27.386999 C
387 49 35.421001 16.528000 28.139000 C
388 49 35.148998 15.362000 28.216000 O
389 49 34.953999 17.660999 25.908001 C
390 50 36.486000 17.058001 28.736000 N
391 50 37.516998 16.270000 29.440001 C
392 50 37.223999 16.093000 30.905001 C
393 50 37.596001 15.116000 31.593000 O
394 50 38.866001 17.025999 29.283001 C
395 50 39.304001 16.844999 27.841999 C
396 50 39.952999 16.424000 30.181999 C
397 50 38.981998 15.433000 27.327000 C
398 51 36.584000 17.090000 31.405001 N
399 51 36.263000 17.032000 32.787998 C
400 51 37.310001 17.636000 33.695999 C
401 51 37.299000 17.344999 34.865002 O
402 52 38.202999 18.492001 33.240002 N
403 52 39.147999 19.141001 34.174000 C
404 52 39.585999 20.448999 33.554001 C
405 52 39.262001 20.670000 32.386002 O
406 52 40.386002 18.320000 34.449001 C
407 52 41.286999 18.128000 33.227001 C
408 52 42.289001 17.024000 33.529999 C
409 52 43.146999 16.691999 32.404999 N
410 52 44.044998 17.532000 31.924000 C
411 52 44.193001 18.726999 32.438000 N
412 52 44.820999 17.198000 30.889999 N
413 53 40.311001 21.288000 34.317001 N
414 53 40.865002 22.547001 33.791000 C
415 53 42.047001 22.158001 32.998001 C
416 53 43.034000 21.663000 33.557999 O
417 53 41.319000 23.527000 34.869999 C
418 53 40.334999 24.632999 34.799000 C
419 53 39.139000 24.396999 35.085999 O
420 53 40.785000 25.789000 34.282001 N
421 54 41.897999 22.263000 31.702999 N
422 54 42.925999 21.747000 30.863001 C
423 54 43.880001 22.770000 30.420000 C
424 54 45.033001 22.447001 30.143999 O
425 54 42.381001 21.090000 29.559999 C
426 54 41.824001 22.020000 28.650000 O
427 54 41.528000 19.819000 29.813000 C
428 55 43.425999 23.988001 30.275000 N
429 55 44.313999 25.002001 29.705999 C
430 55 44.640999 24.723000 28.216000 C
431 55 45.673000 25.167000 27.716999 O
432 55 45.591999 25.431999 30.532000 C
433 55 46.000000 26.921000 30.291000 C
434 55 45.146000 27.806999 30.059999 O
435 55 47.305000 27.201000 30.302000 N
436 56 43.786999 24.000999 27.462000 N
437 56 44.080002 23.813000 26.021999 C
438 56 45.008999 22.680000 25.643999 C
439 56 45.234001 22.417999 24.447001 O
440 57 45.480000 21.954000 26.653000 N
441 57 46.334000 20.802000 26.384001 C
442 57 45.752998 19.535999 27.011000 C
443 57 45.297001 19.542000 28.139000 O
444 57 47.730999 21.025000 26.948999 C
445 57 48.611000 19.819000 26.680000 C
446 57 48.313000 22.268999 26.322001 C
447 58 45.785000 18.413000 26.294001 N
448 58 45.283001 17.191000 26.854000 C
449 58 46.334000 16.181000 26.660999 C
450 58 47.321999 16.424000 25.988001 O
451 58 44.000999 16.743999 26.186001 C
452 58 44.286999 16.493000 24.698999 C
453 58 42.924999 17.830000 26.396000 C
454 58 43.063000 15.927000 23.989000 C
455 59 46.138000 15.049000 27.257999 N
456 59 47.105000 14.023000 27.129000 C
457 59 46.681000 13.061000 26.000999 C
458 59 45.567001 13.090000 25.559000 O
459 59 47.118999 13.175000 28.437000 C
460 59 45.957001 12.353000 28.532000 O
461 59 47.280998 14.020000 29.698999 C
462 60 47.556000 12.107000 25.674000 N
463 60 47.289001 11.118000 24.660000 C
464 60 46.104000 10.229000 24.980000 C
465 60 45.208000 10.001000 24.174000 O
466 60 48.539001 10.384000 24.202999 C
467 60 48.272999 9.336000 23.139999 C
468 60 49.563999 8.700000 22.618999 C
469 60 49.313000 7.563000 21.627001 C
470 60 49.672001 7.895000 20.232000 4
71 61 46.080002 9.793000 26.198999 N
472 61 44.967999 9.019000 26.677000 C
473 61 43.672001 9.773000 26.551001 C
474 61 42.625000 9.218000 26.226999 O
475 61 45.168999 8.828000 28.165001 C
476 61 45.813999 7.538000 28.422001 C
477 61 46.471001 7.089000 27.364000 O
478 61 45.688999 6.940000 29.475000 4
79 62 43.703999 11.057000 26.919001 N
480 62 42.491001 11.872000 26.849001 C
481 62 42.027000 11.941000 25.374001 C
482 62 40.846001 11.805000 25.042999 O
483 62 42.735001 13.286000 27.414000 C
484 62 42.786999 13.206000 28.972000 C
485 62 43.269001 14.458000 29.688999 C
486 62 43.880001 15.370000 29.129999 O
487 62 42.924000 14.465000 30.955000 O
488 63 43.016998 12.105000 24.490999 N
489 63 42.763000 12.174000 23.070000 C
490 63 42.075001 10.958000 22.542999 C
491 63 41.129002 11.085000 21.756001 O
492 63 44.022999 12.515000 22.275000 C
493 64 42.580002 9.793000 22.972000 N
494 64 42.021999 8.524000 22.535000 C
495 64 40.680000 8.326000 23.117001 C
496 64 39.853001 7.712000 22.511999 O
497 64 42.950001 7.352000 22.882999 C
498 64 44.222000 7.460000 22.013000 C
499 64 45.325001 6.529000 22.386000 C
500 64 45.425999 5.971000 23.493000 O
501 64 46.189999 6.434000 21.412001 O
502 65 40.452999 8.888000 24.301001 N
503 65 39.143002 8.738000 24.865000 C
504 65 38.089001 9.501000 24.063999 C
505 65 37.039001 8.943000 23.733000 O
506 65 39.155998 9.147000 26.309000 C
507 65 37.792999 8.938000 26.987000 C
508 65 37.910999 8.932000 28.507000 C
509 65 36.946999 7.966000 29.160999 C
510 65 36.250000 8.550000 30.319000 N
511 66 38.367001 10.771000 23.698000 N
512 66 37.453999 11.523000 22.843000 C
513 66 37.257000 10.786000 21.520000 C
514 66 36.153999 10.731000 20.971001 O
515 66 38.063000 12.882000 22.493000 C
516 66 38.183998 13.788000 23.708000 C
517 66 38.665001 15.150000 23.261000 C
518 66 36.832001 13.953000 24.323000 C
519 67 38.328999 10.196000 21.014999 N
520 67 38.241001 9.451000 19.743000 C
521 67 37.316002 8.275000 19.851999 C
522 67 36.448002 8.081000 18.988001 O
523 67 39.601002 8.961000 19.333000 C
524 67 39.756001 8.425000 17.923000 C
525 67 39.043999 8.901000 16.823000 C
526 67 40.736000 7.460000 17.712000 C
527 67 39.252998 8.391000 15.539000 C
528 67 40.998001 6.967000 16.433001 C
529 67 40.235001 7.418000 15.354000 C
530 68 37.490002 7.450000 20.882000 N
531 68 36.591999 6.314000 21.009001 C
532 68 35.133999 6.756000 21.063000 C
533 68 34.237999 6.169000 20.483999 O
534 68 36.914001 5.574000 22.330000 C
535 68 38.043999 4.598000 22.195000 C
536 68 38.172001 3.981000 21.173000 O
537 68 38.895000 4.437000 23.232000 N
538 69 34.862999 7.826000 21.809000 N
539 69 33.472000 8.312000 21.903999 C
540 69 32.938000 8.758000 20.569000 C
541 69 31.754999 8.586000 20.211000 O
542 69 33.327000 9.535000 22.878000 C
543 69 33.563999 9.132000 24.340000 C
544 69 33.876999 10.284000 25.297001 C
545 69 34.097000 10.058000 26.483999 O
546 69 33.816002 11.529000 24.815001 N
547 70 33.807999 9.461000 19.851999 N
548 70 33.424000 10.000000 18.583000 C
549 70 33.182999 8.931000 17.533001 C
550 70 32.287998 9.080000 16.729000 O
551 70 34.442001 11.005000 18.037001 C
552 70 34.476002 12.289000 18.822001 C
553 70 33.581001 12.664000 19.556000 O
554 70 35.556000 12.946000 18.607000 O
555 71 34.004002 7.858000 17.527000 N
556 71 33.777000 6.801000 16.537001 C
557 71 32.469002 6.098000 16.924999 C
558 71 31.597000 5.809000 16.070000 O
559 71 34.966000 5.811000 16.458000 C
560 71 34.588001 4.611000 15.571000 C
561 71 36.249001 6.476000 15.944000 C
562 72 32.292999 5.878000 18.233000 N
563 72 31.041000 5.208000 18.629000 C
564 72 29.827999 6.049000 18.247000 C
565 72 28.782000 5.566000 17.754000 O
566 72 31.158001 4.966000 20.153000 C
567 72 30.025000 4.151000 20.750000 C
568 72 29.839001 3.016000 20.159000 O
569 72 29.393999 4.510000 21.711000 O
570 73 29.938999 7.362000 18.493999 N
571 73 28.791000 8.253000 18.160999 C
572 73 28.461000 8.215000 16.665001 C
573 73 27.306999 8.258000 16.247999 O
574 73 29.108000 9.681000 18.542000 C
575 74 29.509001 8.141000 15.823000 N
576 74 29.346001 8.090000 14.376000 C
577 74 28.594000 6.839000 13.958000 C
578 74 27.615999 6.970000 13.205000 O
579 74 30.664000 8.197000 13.622000 C
580 75 29.070999 5.679000 14.447000 N
581 75 28.392000 4.447000 14.129000 C
582 75 26.919001 4.519000 14.543000 C
583 75 26.018000 4.150000 13.792000 O
584 75 29.077000 3.246000 14.744000 C
585 75 28.219000 1.994000 14.489000 C
586 75 30.433001 3.069000 14.088000 C
587 76 26.680000 4.956000 15.762000 N
588 76 25.320999 4.962000 16.271999 C
589 76 24.462999 5.962000 15.496000 C
590 76 23.281000 5.750000 15.164000 O
591 76 25.329000 5.076000 17.825001 C
592 76 25.268999 3.731000 18.615000 C
593 76 25.377001 3.871000 20.160999 C
594 76 26.433001 4.815000 20.593000 N
595 76 26.243999 6.114000 20.900999 5
96 76 25.052000 6.696000 20.933001 5
97 76 27.282000 6.889000 21.204000 N
598 77 25.073000 7.052000 15.105000 N
599 77 24.365999 8.009000 14.286000 C
600 77 23.934999 7.380000 12.953000 C
601 77 22.830000 7.538000 12.482000 O
602 78 24.823000 6.654000 12.292000 N
603 78 24.462999 5.988000 11.038000 C
604 78 23.254999 5.047000 11.254000 C
605 78 22.267000 5.054000 10.513000 O
606 78 25.681999 5.194000 10.534000 C
607 78 26.709999 6.167000 9.937000 C
608 78 25.292999 4.133000 9.521000 C
609 78 28.059999 5.516000 9.665000 C
610 79 23.350000 4.236000 12.320000 N
611 79 22.337999 3.235000 12.609000 C
612 79 21.021000 3.787000 12.945000 C
613 79 20.046000 3.099000 12.812000 O
614 79 22.747000 2.127000 13.562000 C
615 79 24.080999 1.485000 13.180000 C
616 79 24.549999 0.616000 14.307000 C
617 79 23.958000 0.641000 11.935000 C
618 80 21.028000 5.027000 13.393000 N
619 80 19.809999 5.711000 13.741000 C
620 80 19.253000 6.513000 12.584000 C
621 80 18.134001 6.977000 12.655000 O
622 80 20.150000 6.733000 14.810000 C
623 80 20.069000 6.251000 16.247999 C
624 80 19.885000 7.453000 17.191000 6
25 80 21.165001 8.057000 17.614000 6
26 80 21.767000 9.191000 17.170000 6
27 80 21.268000 10.027000 16.223000 N
628 80 22.948999 9.491000 17.726000 N
629 81 20.056000 6.766000 11.552000 N
630 81 19.607000 7.569000 10.461000 C
631 81 18.853001 6.755000 9.410000 C
632 81 19.358999 5.741000 8.917000 O
633 81 20.759001 8.474000 9.930000 C
634 81 20.306999 9.338000 8.777000 C
635 81 19.867001 8.830000 7.768000 O
636 81 20.403999 10.656000 8.929000 N
637 82 17.617001 7.162000 9.129000 N
638 82 16.757999 6.447000 8.185000 C
639 82 17.371000 6.367000 6.822000 C
640 82 17.077000 5.453000 6.097000 O
641 82 15.421000 7.131000 7.987000 C
642 83 18.150000 7.364000 6.445000 N
643 83 18.777000 7.349000 5.127000 C
644 83 20.075001 6.550000 5.072000 C
645 83 20.410000 5.950000 4.054000 O
646 83 19.108999 8.745000 4.636000 C
647 83 17.892000 9.603000 4.382000 C
648 83 17.663000 10.636000 5.477000 6
49 83 17.525999 12.047000 4.920000 6
50 83 17.579000 12.085000 3.440000 6
51 84 20.834999 6.597000 6.161000 N
652 84 22.139999 5.957000 6.183000 C
653 84 22.121000 4.518000 6.522000 C
654 84 22.872999 3.738000 5.994000 O
655 84 23.150999 6.704000 7.093000 C
656 84 23.230000 8.214000 6.814000 C
657 84 24.104000 8.964000 7.842000 C
658 84 23.662001 8.583000 5.391000 C
659 85 21.271999 4.165000 7.441000 N
660 85 21.235001 2.817000 7.886000 C
661 85 21.160999 1.736000 6.817000 C
662 85 21.882000 0.776000 6.855000 O
663 85 20.105000 2.689000 8.885000 C
664 85 20.020000 1.265000 9.263000 C
665 85 19.243000 1.028000 10.536000 C
666 85 19.591000 -0.343000 11.159000 C
667 85 19.000000 -1.481000 10.412000 N
668 86 20.249001 1.860000 5.869000 N
669 86 20.106001 0.870000 4.843000 C
670 86 21.341000 0.823000 3.997000 C
671 86 21.718000 -0.244000 3.522000 O
672 86 18.943001 1.328000 3.929000 C
673 86 18.403999 2.587000 4.536000 C
674 86 19.365999 3.005000 5.654000 C
675 87 21.975000 1.972000 3.790000 N
676 87 23.183001 1.965000 2.990000 C
677 87 24.259001 1.156000 3.697000 C
678 87 24.878000 0.282000 3.157000 O
679 87 23.702999 3.373000 2.594000 C
680 87 24.992001 3.246000 1.739000 C
681 87 22.618000 4.121000 1.797000 C
682 88 24.516001 1.506000 4.917000 N
683 88 25.502001 0.840000 5.743000 C
684 88 25.240000 -0.688000 5.801000 C
685 88 26.122000 -1.536000 5.654000 O
686 88 25.320999 1.463000 7.156000 C
687 88 26.330000 0.953000 8.131000 C
688 88 26.167000 -0.227000 8.864000 C
689 88 27.520000 1.643000 8.229000 C
690 88 27.120001 -0.701000 9.770000 C
691 88 28.486000 1.182000 9.113000 C
692 88 28.295000 0.039000 9.892000 C
693 88 29.316000 -0.316000 10.765000 O
694 89 23.997000 -1.053000 6.011000 N
695 89 23.612000 -2.461000 6.107000 C
696 89 23.881001 -3.203000 4.850000 C
697 89 24.073000 -4.419000 4.852000 O
698 89 22.099001 -2.582000 6.331000 C
699 89 21.632999 -2.358000 7.773000 C
700 89 22.570000 -2.284000 8.680000 O
701 89 20.481001 -2.182000 8.021000 O
702 90 23.865000 -2.489000 3.746000 N
703 90 24.084000 -3.179000 2.461000 C
704 90 25.528000 -3.376000 2.110000 C
705 90 25.881001 -4.135000 1.224000 O
706 90 23.426001 -2.434000 1.330000 C
707 90 24.164000 -1.266000 1.064000 O
708 91 26.406000 -2.691000 2.818000 N
709 91 27.813000 -2.726000 2.446000 C
710 91 28.646999 -3.788000 3.131000 C
711 91 28.268999 -4.259000 4.217000 O
712 91 28.476000 -1.380000 2.854000 C
713 91 27.924999 -0.072000 2.180000 C
714 91 28.409000 1.186000 2.944000 C
715 91 28.382999 0.001000 0.722000 C
716 92 29.819000 -4.070000 2.483000 N
717 92 30.827000 -4.962000 3.047000 C
718 92 31.600000 -4.233000 4.150000 C
719 92 31.474001 -3.020000 4.359000 O
720 92 31.818001 -5.427000 2.006000 C
721 92 32.469002 -4.225000 1.342000 C
722 92 31.733000 -3.782000 0.352000 O
723 92 33.512001 -3.695000 1.749000 O
724 93 32.445000 -4.974000 4.889000 N
725 93 33.160000 -4.351000 5.994000 C
726 93 34.049000 -3.128000 5.680000 C
727 93 34.036999 -2.105000 6.404000 O
728 93 33.747002 -5.361000 6.994000 C
729 94 34.808998 -3.227000 4.613000 N
730 94 35.700001 -2.145000 4.258000 C
731 94 34.945999 -0.898000 3.914000 C
732 94 35.224998 0.205000 4.369000 O
733 94 36.606998 -2.623000 3.130000 C
734 94 37.618000 -1.531000 2.791000 C
735 94 37.398998 -3.738000 3.714000 C
736 95 33.981998 -1.068000 3.040000 N
737 95 33.195000 0.076000 2.626000 C
738 95 32.389000 0.689000 3.760000 C
739 95 32.193001 1.883000 3.747000 O
740 95 32.313000 -0.275000 1.440000 C
741 95 33.098000 -0.572000 0.183000 C
742 95 32.129002 -0.825000 -0.979000 C
743 95 32.817001 -0.912000 -2.213000 N
744 95 33.174999 -2.072000 -2.762000 C
745 95 32.929001 -3.246000 -2.163000 N
746 95 33.839001 -2.066000 -3.943000 N
747 96 31.937000 -0.091000 4.754000 N
748 96 31.198999 0.533000 5.914000 C
749 96 32.172001 1.478000 6.617000 C
750 96 31.740999 2.505000 7.108000 O
751 96 30.752001 -0.466000 6.991000 C
752 96 29.787001 -1.424000 6.424000 C
753 96 29.305000 -2.531000 7.426000 C
754 96 28.104000 -3.210000 6.887000 N
755 96 27.539000 -4.283000 7.391000 C
756 96 28.073000 -4.889000 8.436000 N
757 96 26.438000 -4.786000 6.811000 N
758 97 33.460999 1.077000 6.684000 N
759 97 34.456001 1.935000 7.297000 C
760 97 34.495998 3.267000 6.529000 C
761 97 34.619999 4.294000 7.132000 O
762 97 35.845001 1.301000 7.364000 C
763 98 34.358002 3.270000 5.204000 N
764 98 34.394001 4.483000 4.433000 C
765 98 33.237999 5.425000 4.775000 C
766 98 33.374001 6.662000 4.807000 O
767 98 34.409000 4.140000 2.927000 C
768 99 32.082001 4.836000 5.003000 N
769 99 30.914000 5.602000 5.313000 C
770 99 31.077000 6.194000 6.687000 C
771 99 30.702000 7.353000 6.936000 O
772 99 29.659000 4.715000 5.206000 C
773 99 28.348000 5.401000 5.451000 C
774 99 28.108000 6.305000 4.285000 C
775 99 27.275000 4.303000 5.452000 C
776 100 31.646000 5.421000 7.601000 N
777 100 31.867001 5.953000 8.929000 C
778 100 32.823002 7.150000 8.860000 C
779 100 32.618000 8.185000 9.513000 O
780 100 32.387001 4.893000 9.886000 C
781 100 31.396999 3.670000 10.074000 C
782 100 32.838001 5.515000 11.174000 C
783 100 31.952999 2.484000 10.865000 C
784 101 33.889000 7.058000 8.069000 N
785 101 34.855000 8.159000 7.982000 C
786 101 34.181000 9.448000 7.523000 C
787 101 34.394001 10.533000 8.043000 O
788 101 35.894001 7.691000 6.944000 C
789 101 37.136002 8.567000 6.831000 C
790 101 37.035000 9.788000 6.631000 O
791 101 38.290001 7.946000 6.915000 N
792 102 33.341000 9.284000 6.520000 N
793 102 32.680000 10.447000 6.023000 C
794 102 31.811001 11.059000 7.113000 C
795 102 31.732000 12.294000 7.251000 O
796 102 31.794001 10.181000 4.788000 C
797 102 32.563999 9.975000 3.482000 C
798 102 31.365000 9.701000 2.112000 S
799 102 30.950001 11.419000 1.708000 C
800 103 31.093000 10.220000 7.871000 N
801 103 30.191000 10.778000 8.911000 C
802 103 31.003000 11.441000 10.017000 C
803 103 30.663000 12.500000 10.511000 O
804 103 29.226000 9.716000 9.431000 C
805 103 28.488001 10.157000 10.704000 C
806 103 28.204000 9.331000 8.339000 C
807 104 32.112999 10.824000 10.341000 N
808 104 33.002998 11.367000 11.359000 C
809 104 33.403999 12.781000 10.981000 C
810 104 33.321999 13.713000 11.736000 O
811 104 34.237000 10.496000 11.416000 C
812 104 35.144001 10.884000 12.578000 C
813 104 36.132000 11.839000 12.377000 C
814 104 35.063999 10.255000 13.819000 C
815 104 36.986000 12.199000 13.423000 C
816 104 35.944000 10.571000 14.858000 C
817 104 36.915001 11.549000 14.653000 C
818 105 33.778000 12.909000 9.739000 N
819 105 34.199001 14.148000 9.140000 C
820 105 33.113998 15.205000 8.962000 C
821 105 33.299999 16.329000 9.386000 O
822 105 35.005001 13.966000 7.811000 C
823 105 35.472000 15.327000 7.193000 C
824 105 36.215000 15.227000 5.855000 C
825 105 36.355999 14.146000 5.265000 O
826 105 36.771999 16.354000 5.401000 N
827 106 32.007999 14.890000 8.298000 N
828 106 30.938000 15.869000 7.957000 C
829 106 29.671000 15.813000 8.746000 C
830 106 28.781000 16.625000 8.534000 O
831 106 30.431999 15.615000 6.516000 C
832 106 31.504000 15.396000 5.515000 C
833 106 30.815001 15.341000 3.862000 S
834 106 32.181000 14.483000 3.090000 C
835 107 29.496000 14.773000 9.526000 N
836 107 28.267000 14.683000 10.251000 C
837 107 27.214001 13.988000 9.413000 C
838 107 27.249001 13.948000 8.206000 O
839 108 26.289000 13.406000 10.163000 N
840 108 25.295000 12.555000 9.570000 C
841 108 24.441000 13.260000 8.582000 C
842 108 24.094999 12.803000 7.521000 O
843 108 24.569000 11.615000 10.568000 C
844 108 23.236000 12.173000 11.011000 C
845 108 22.561001 11.301000 12.017000 8
46 108 23.396000 10.785000 12.900000 O
847 108 21.363001 11.105000 11.989000 O
848 109 24.150000 14.449000 8.976000 N
849 109 23.354000 15.260000 8.157000 C
850 109 24.049000 15.567000 6.877000 C
851 109 23.414000 15.583000 5.832000 O
852 109 23.042000 16.579000 8.861000 C
853 109 22.361000 16.240999 10.030000 O
854 109 22.124001 17.424999 7.952000 C
855 110 25.341999 15.846000 6.951000 N
856 110 25.990000 16.172001 5.717000 C
857 110 25.979000 14.999000 4.783000 C
858 110 25.688000 15.150000 3.602000 O
859 111 26.282000 13.839000 5.335000 N
860 111 26.347000 12.701000 4.498000 C
861 111 25.003000 12.274000 3.930000 C
862 111 24.924000 11.884000 2.764000 O
863 111 27.011999 11.581000 5.209000 C
864 111 27.122000 10.416000 4.218000 C
865 111 28.350000 12.033000 5.799000 C
866 112 23.996000 12.309000 4.757000 N
867 112 22.646000 11.938000 4.330000 C
868 112 22.228001 12.748000 3.092000 C
869 112 21.313999 12.387000 2.317000 O
870 112 21.642000 12.065000 5.515000 C
871 113 22.931000 13.857000 2.850000 N
872 113 22.705000 14.728000 1.720000 C
873 113 23.221001 14.263000 0.336000 C
874 113 22.816000 14.774000 -0.724000 O
875 114 24.118000 13.320000 0.325000 N
876 114 24.611000 12.839000 -0.932000 C
877 114 23.662001 11.799000 -1.425000 C
878 114 23.975000 10.639000 -1.598000 O
879 114 25.985001 12.236000 -0.598000 C
880 114 27.132000 13.224000 -0.351000 C
881 114 27.195999 14.136000 0.696000 C
882 114 28.235001 13.208000 -1.203000 C
883 114 28.295000 14.986000 0.878000 C
884 114 29.350000 14.035000 -1.038000 C
885 114 29.396000 14.936000 0.023000 C
886 115 22.472000 12.226000 -1.674000 N
887 115 21.462000 11.327000 -2.060000 C
888 115 21.789000 10.409000 -3.155000 C
889 115 21.455000 9.245000 -3.163000 O
890 115 20.299999 12.126000 -2.555000 C
891 115 19.778000 12.692000 -1.427000 O
892 115 19.285999 11.173000 -3.099000 C
893 116 22.320000 10.988000 -4.165000 N
894 116 22.577000 10.195000 -5.319000 C
895 116 23.671000 9.149000 -5.178000 C
896 116 23.533001 8.048000 -5.717000 O
897 116 22.705999 11.065000 -6.623000 C
898 116 21.443001 11.935000 -6.868000 C
899 116 20.302999 11.440000 -6.855000 O
900 116 21.629999 13.230000 -7.071000 N
901 117 24.767000 9.540000 -4.554000 N
902 117 25.903999 8.674000 -4.305000 C
903 117 25.400000 7.558000 -3.416000 C
904 117 25.792999 6.433000 -3.576000 O
905 117 26.976000 9.445000 -3.567000 C
906 118 24.493999 7.890000 -2.496000 N
907 118 23.957001 6.904000 -1.554000 C
908 118 23.218000 5.785000 -2.279000 C
909 118 23.349001 4.593000 -1.968000 O
910 118 23.108999 7.499000 -0.390000 C
911 118 23.865999 8.440000 0.599000 C
912 118 22.900000 9.124000 1.560000 C
913 118 24.920000 7.702000 1.439000 C
914 119 22.382000 6.188000 -3.206000 N
915 119 21.591999 5.229000 -3.994000 C
916 119 22.523001 4.372000 -4.806000 C
917 119 22.351999 3.168000 -4.869000 O
918 119 20.659000 5.937000 -4.935000 C
919 120 23.542999 5.029000 -5.395000 N
920 120 24.483000 4.288000 -6.167000 C
921 120 25.247999 3.323000 -5.296000 C
922 120 25.509001 2.210000 -5.706000 O
923 120 25.525999 5.091000 -6.999000 C
924 120 25.038000 5.571000 -8.387000 C
925 120 25.836000 7.184000 -8.654000 S
926 120 24.747999 7.890000 -9.921000 C
927 121 25.667999 3.720000 -4.124000 N
928 121 26.412001 2.760000 -3.321000 C
929 121 25.518999 1.520000 -2.969000 C
930 121 25.922001 0.345000 -2.931000 O
931 121 26.798000 3.472000 -1.986000 C
932 121 27.938999 4.486000 -2.082000 C
933 121 28.066999 5.186000 -0.738000 C
934 121 29.243999 3.787000 -2.470000 C
935 122 24.285999 1.820000 -2.640000 N
936 122 23.403000 0.804000 -2.259000 C
937 122 23.171000 -0.183000 -3.411000 C
938 122 22.988001 -1.381000 -3.240000 O
939 122 22.121000 1.512000 -1.866000 C
940 122 21.228001 0.488000 -1.213000 C
941 122 20.122000 1.070000 -0.379000 C
942 122 19.966999 2.314000 -0.204000 O
943 122 19.306999 0.145000 0.108000 N
944 123 23.232000 0.327000 -4.620000 N
945 123 23.072001 -0.523000 -5.773000 C
946 123 24.323000 -1.167000 -6.231000 C
947 123 24.259001 -1.900000 -7.229000 O
948 123 22.493000 0.212000 -6.978000 C
949 123 21.105000 0.771000 -6.668000 C
950 123 20.655001 1.658000 -7.809000 C
951 123 20.622999 1.203000 -8.950000 O
952 123 20.329000 2.916000 -7.512000 N
953 124 25.434000 -0.905000 -5.513000 N
954 124 26.722000 -1.473000 -5.831000 C
955 124 27.313000 -1.052000 -7.183000 C
956 124 28.031000 -1.796000 -7.866000 O
957 124 26.809000 -2.993000 -5.610000 C
958 124 26.443001 -3.352000 -4.169000 C
959 124 26.778999 -4.800000 -3.806000 C
960 124 26.351000 -5.150000 -2.364000 C
961 124 26.997999 -4.258000 -1.410000 N
962 125 27.035000 0.190000 -7.550000 N
963 125 27.594999 0.734000 -8.796000 C
964 125 28.778999 1.633000 -8.363000 C
965 125 28.681999 2.891000 -8.234000 O
966 125 26.511999 1.494000 -9.534000 C
967 125 25.243999 0.751000 -9.942000 C
968 125 24.253000 1.842000 -10.365000 C
969 125 23.341999 1.661000 -11.481000 9
70 125 22.476000 0.642000 -11.657000 9
71 125 22.386000 -0.423000 -10.819000 9
72 125 21.656000 0.677000 -12.740000 9
73 126 29.895000 0.951000 -8.059000 N
974 126 31.125000 1.526000 -7.504000 C
975 126 31.746000 2.711000 -8.224000 C
976 126 31.962999 3.789000 -7.657000 O
977 126 32.153999 0.488000 -7.033000 C
978 126 31.552000 -0.657000 -6.267000 C
979 126 31.674999 -1.956000 -6.656000 C
980 126 30.715000 -0.660000 -5.127000 C
981 126 31.108000 -2.774000 -5.769000 N
982 126 30.492001 -2.031000 -4.810000 C
983 126 30.267000 0.312000 -4.222000 C
984 126 29.781000 -2.455000 -3.689000 C
985 126 29.513000 -0.121000 -3.147000 C
986 126 29.233999 -1.500000 -2.919000 C
987 127 32.000000 2.493000 -9.470000 N
988 127 32.591999 3.545000 -10.284000 C
989 127 31.665001 4.746000 -10.437000 C
990 127 32.097000 5.923000 -10.375000 O
991 127 32.994999 2.949000 -11.659000 C
992 127 34.286999 2.144000 -11.566000 C
993 127 34.666000 1.544000 -10.567000 O
994 127 34.922001 2.107000 -12.699000 O
995 128 30.358000 4.491000 -10.585000 N
996 128 29.461000 5.654000 -10.700000 C
997 128 29.385000 6.495000 -9.435000 C
998 128 29.288000 7.717000 -9.453000 O
999 128 28.025999 5.290000 -11.142000 C
1000 128 28.111000 4.605000 -12.529000 C
1001 128 27.129000 3.480000 -12.783000 C
1002 128 25.861000 3.812000 -12.591000 O
1003 128 27.476999 2.386000 -13.191000 1
4 129 29.330000 5.811000 -8.325000 N
1005 129 29.263000 6.503000 -7.049000 C
1006 129 30.531000 7.354000 -6.827000 C
1007 129 30.478001 8.467000 -6.288000 O
1008 129 29.129000 5.434000 -5.930000 C
1009 130 31.686001 6.825000 -7.244000 N
1010 130 32.907001 7.571000 -7.025000 C
1011 130 32.910000 8.818000 -7.862000 C
1012 130 33.361000 9.882000 -7.482000 O
1013 130 34.118000 6.730000 -7.340000 C
1014 131 32.424999 8.682000 -9.043000 N
1015 131 32.408001 9.857000 -9.829000 C
1016 131 31.487000 10.872000 -9.215000 C
1017 131 31.798000 12.050000 -9.175000 O
1018 131 31.920000 9.542000 -11.243000 C
1019 131 31.395000 10.795000 -11.906000 C
1020 131 33.041000 8.911000 -12.046000 C
1021 132 30.361000 10.451000 -8.711000 N
1022 132 29.471001 11.446000 -8.139000 C
1023 132 30.035999 12.020000 -6.882000 C
1024 132 29.952999 13.210000 -6.618000 O
1025 132 28.107000 10.806000 -7.857000 C
1026 132 27.052999 11.704000 -7.256000 C
1027 132 26.945999 11.839000 -6.051000 O
1028 132 26.160999 12.286000 -8.093000 N
1029 133 30.625999 11.189000 -6.045000 N
1030 133 31.177999 11.738000 -4.781000 C
1031 133 32.202999 12.874000 -4.976000 C
1032 133 32.358002 13.786000 -4.150000 O
1033 133 31.927000 10.610000 -4.046000 C
1034 133 30.978001 9.650000 -3.315000 C
1035 133 31.729000 8.410000 -2.839000 C
1036 133 30.195000 10.354000 -2.187000 C
1037 134 32.943001 12.781000 -6.075000 N
1038 134 34.020000 13.725000 -6.411000 C
1039 134 33.473999 15.111000 -6.801000 C
1040 134 34.160000 16.125000 -6.729000 O
1041 134 34.896000 13.103000 -7.552000 C
1042 135 32.228001 15.181000 -7.215000 N
1043 135 31.632000 16.469999 -7.559000 C
1044 135 30.995001 17.094999 -6.301000 C
1045 135 29.756001 17.120001 -6.101000 O
1046 135 30.542000 16.228001 -8.580000 C
1047 135 31.006001 15.647000 -9.909000 C
1048 135 29.752001 15.110000 -10.622000 C
1049 135 29.749001 14.952000 -12.129000 C
1050 135 28.368000 14.747000 -12.653000 N
1051 136 31.825001 17.570000 -5.394000 N
1052 136 31.327999 18.047001 -4.126000 C
1053 136 32.313999 19.014000 -3.573000 C
1054 136 33.513000 18.983999 -3.857000 O
1055 136 31.202000 16.858999 -3.125000 C
1056 136 32.473000 16.158001 -3.022000 O
1057 137 31.815001 19.851999 -2.749000 N
1058 137 32.705002 20.768999 -2.062000 C
1059 137 33.712002 19.971001 -1.273000 C
1060 137 34.903999 20.318001 -1.190000 O
1061 137 31.870001 21.555000 -1.022000 C
1062 137 32.713001 22.594999 -0.258000 C
1063 137 31.980000 23.410000 0.815000 C
1064 137 32.740002 24.614000 1.250000 N
1065 137 33.660000 24.663000 2.225000 1
66 137 33.974998 23.601000 2.978000 N
1067 137 34.292999 25.820000 2.459000 N
1068 138 33.222000 18.889999 -0.610000 N
1069 138 34.088001 18.017000 0.203000 C
1070 138 35.370998 17.635000 -0.532000 C
1071 138 36.520000 17.822001 -0.079000 O
1072 138 33.301998 16.740999 0.481000 C
1073 138 34.089001 15.598000 1.076000 C
1074 138 34.807999 15.613000 2.223000 C
1075 138 34.125000 14.239000 0.571000 C
1076 138 35.307999 14.360000 2.489000 N
1077 138 34.893002 13.476000 1.492000 C
1078 138 33.556000 13.635000 -0.543000 C
1079 138 35.096001 12.094000 1.338000 C
1080 138 33.783001 12.291000 -0.719000 C
1081 138 34.535999 11.538000 0.200000 C
1082 139 35.188999 17.115999 -1.749000 N
1083 139 36.313999 16.743999 -2.558000 C
1084 139 37.202999 17.919001 -2.962000 C
1085 139 38.463001 17.782000 -2.949000 O
1086 139 35.786999 16.148001 -3.845000 C
1087 139 36.896999 15.717000 -4.745000 C
1088 139 37.387001 14.422000 -4.614000 C
1089 139 37.334999 16.493999 -5.817000 C
1090 139 38.398998 13.933000 -5.432000 C
1091 139 38.317001 16.007999 -6.682000 C
1092 139 38.842999 14.726000 -6.485000 C
1093 139 39.787998 14.213000 -7.316000 O
1094 140 36.571999 19.049999 -3.342000 N
1095 140 37.375000 20.242001 -3.766000 C
1096 140 38.206001 20.868999 -2.611000 C
1097 140 39.291000 21.393999 -2.754000 O
1098 140 36.480000 21.280001 -4.398000 C
1099 140 36.147999 20.813000 -5.757000 C
1100 140 35.019001 20.434999 -6.041000 O
1101 140 37.150002 20.752001 -6.602000 N
1102 141 37.673000 20.799999 -1.409000 N
1103 141 38.398998 21.323999 -0.241000 C
1104 141 39.441002 20.406000 0.363000 C
1105 141 40.465000 20.899000 0.803000 O
1106 141 37.411999 21.653000 0.889000 C
1107 141 36.535000 22.871000 0.579000 C
1108 141 37.151001 24.106001 -0.125000 C
1109 141 36.748001 24.496000 -1.272000 O
1110 141 37.981998 24.822001 0.626000 N
1111 142 39.165001 19.091000 0.487000 N
1112 142 40.123001 18.149000 1.033000 C
1113 142 40.252998 17.007999 0.040000 C
1114 142 39.867001 15.877000 0.318000 O
1115 142 39.719002 17.587000 2.432000 C
1116 142 38.358002 17.139999 2.366000 O
1117 142 39.722000 18.698000 3.472000 C
1118 143 40.813999 17.315001 -1.103000 N
1119 143 40.972000 16.343000 -2.191000 C
1120 143 41.785000 15.083000 -1.826000 C
1121 143 41.516998 13.983000 -2.270000 O
1122 143 41.743999 17.084000 -3.300000 C
1123 143 42.248001 18.407000 -2.689000 C
1124 143 41.534000 18.597000 -1.348000 C
1125 144 42.837002 15.201000 -1.051000 N
1126 144 43.595001 13.981000 -0.833000 C
1127 144 42.882999 12.973000 0.097000 C
1128 144 42.980999 11.757000 -0.104000 O
1129 144 44.960999 14.296000 -0.249000 C
1130 144 45.943001 14.847000 -1.262000 C
1131 144 45.912998 14.496000 -2.440000 O
1132 144 46.830002 15.692000 -0.792000 N
1133 145 42.235001 13.506000 1.122000 N
1134 145 41.474998 12.698000 2.022000 C
1135 145 40.265999 12.145000 1.274000 C
1136 145 39.973999 10.952000 1.278000 O
1137 145 40.980999 13.459000 3.187000 C
1138 145 40.306000 12.432000 4.124000 C
1139 145 39.369999 13.089000 5.039000 C
1140 145 38.800999 12.232000 6.055000 N
1141 145 38.758999 12.634000 7.318000 C
1142 145 39.301998 13.794000 7.660000 N
1143 145 38.161999 11.854000 8.244000 N
1144 146 39.554001 13.038000 0.567000 N
1145 146 38.437000 12.605000 -0.200000 C
1146 146 38.868000 11.495000 -1.174000 C
1147 146 38.174000 10.488000 -1.312000 O
1148 146 37.799000 13.748000 -0.975000 C
1149 147 39.993999 11.663000 -1.884000 N
1150 147 40.383999 10.611000 -2.800000 C
1151 147 40.629002 9.305000 -2.072000 C
1152 147 40.325001 8.206000 -2.640000 O
1153 147 41.646999 10.868000 -3.565000 C
1154 147 41.495998 11.978000 -4.523000 C
1155 147 42.758999 12.170000 -5.322000 C
1156 147 42.547001 13.321000 -6.282000 C
1157 147 43.473999 14.432000 -6.049000 1
158 148 41.216999 9.360000 -0.892000 N
1159 148 41.438999 8.086000 -0.157000 C
1160 148 40.122002 7.344000 0.161000 C
1161 148 40.022999 6.130000 -0.039000 O
1162 148 42.220001 8.277000 1.143000 C
1163 148 43.691002 8.515000 0.900000 C
1164 148 44.466000 8.455000 2.185000 C
1165 148 44.146999 9.526000 3.126000 N
1166 148 44.700001 10.761000 3.177000 C
1167 148 45.605999 11.129000 2.239000 N
1168 148 44.303001 11.633000 4.085000 N
1169 149 39.103001 8.102000 0.616000 N
1170 149 37.827000 7.539000 0.986000 C
1171 149 37.098999 6.977000 -0.251000 C
1172 149 36.530998 5.860000 -0.267000 O
1173 149 36.990002 8.558000 1.693000 C
1174 149 35.570999 8.047000 1.957000 C
1175 149 37.655998 8.988000 3.002000 C
1176 150 37.120998 7.815000 -1.311000 N
1177 150 36.528999 7.480000 -2.595000 C
1178 150 37.092999 6.181000 -3.186000 C
1179 150 36.375000 5.352000 -3.750000 O
1180 150 36.534000 8.615000 -3.645000 C
1181 150 35.605000 9.743000 -3.167000 C
1182 150 36.019001 8.025000 -5.006000 C
1183 150 35.793999 11.031000 -3.954000 C
1184 151 38.405998 6.008000 -3.097000 N
1185 151 39.057999 4.791000 -3.587000 C
1186 151 38.624001 3.567000 -2.821000 C
1187 151 38.487999 2.505000 -3.392000 O
1188 151 40.583000 4.900000 -3.485000 C
1189 151 40.948002 5.810000 -4.477000 O
1190 151 41.248001 3.531000 -3.773000 C
1191 152 38.470001 3.741000 -1.499000 N
1192 152 38.028000 2.660000 -0.621000 C
1193 152 36.618000 2.192000 -1.044000 C
1194 152 36.292999 1.012000 -1.070000 O
1195 152 38.085999 3.161000 0.836000 C
1196 152 39.395000 3.616000 1.099000 O
1197 152 37.710999 2.077000 1.843000 C
1198 153 35.755001 3.143000 -1.394000 N
1199 153 34.435001 2.769000 -1.846000 C
1200 153 34.502998 2.121000 -3.225000 C
1201 153 33.787998 1.171000 -3.534000 O
1202 153 33.546001 4.025000 -1.969000 C
1203 153 32.856998 4.532000 -0.725000 C
1204 153 32.057999 3.703000 0.075000 C
1205 153 32.924000 5.884000 -0.370000 C
1206 153 31.372999 4.191000 1.199000 C
1207 153 32.273998 6.387000 0.764000 C
1208 153 31.475000 5.542000 1.538000 C
1209 154 35.380001 2.655000 -4.070000 N
1210 154 35.519001 2.148000 -5.398000 C
1211 154 35.972000 0.734000 -5.409000 C
1212 154 35.397999 -0.061000 -6.094000 O
1213 154 36.401001 2.947000 -6.335000 C
1214 154 35.853001 2.863000 -7.763000 C
1215 154 36.707001 3.600000 -8.761000 C
1216 154 38.006001 3.845000 -8.155000 N
1217 154 39.085999 3.062000 -8.314000 1
218 154 39.066002 1.969000 -9.100000 1
219 154 40.235001 3.395000 -7.677000 N
1220 155 36.987000 0.463000 -4.604000 N
1221 155 37.643002 -0.811000 -4.547000 C
1222 155 37.230000 -1.777000 -3.507000 C
1223 155 37.418999 -2.976000 -3.659000 O
1224 155 39.187000 -0.698000 -4.491000 C
1225 155 39.595001 -0.230000 -3.218000 O
1226 155 39.685001 0.244000 -5.557000 C
1227 156 36.817001 -1.314000 -2.388000 N
1228 156 36.520000 -2.286000 -1.379000 C
1229 156 37.782001 -2.810000 -0.706000 C
1230 156 37.705002 -3.805000 -0.003000 O
1231 157 38.945999 -2.162000 -0.898000 N
1232 157 40.153000 -2.581000 -0.246000 C
1233 157 40.720001 -1.363000 0.467000 C
1234 157 40.243000 -0.278000 0.279000 O
1235 157 41.219002 -2.995000 -1.266000 C
1236 157 41.577999 -1.799000 -1.981000 O
1237 157 40.611000 -4.001000 -2.199000 C
1238 158 41.758999 -1.581000 1.271000 N
1239 158 42.426998 -0.565000 2.044000 C
1240 158 43.629002 -0.035000 1.260000 C
1241 158 44.499001 0.661000 1.771000 O
1242 158 42.992001 -1.229000 3.336000 C
1243 158 41.935001 -1.603000 4.296000 C
1244 158 41.653000 -2.854000 4.657000 C
1245 158 41.027000 -0.744000 5.046000 C
1246 158 40.616001 -2.867000 5.563000 N
1247 158 40.229000 -1.605000 5.863000 C
1248 158 40.856998 0.631000 5.167000 C
1249 158 39.229000 -1.144000 6.744000 C
1250 158 39.893002 1.085000 6.091000 C
1251 158 39.070000 0.215000 6.839000 C
1252 159 43.696999 -0.342000 0.016000 N
1253 159 44.889000 0.108000 -0.675000 C
1254 159 45.271999 1.574000 -0.575000 C
1255 159 46.451000 1.863000 -0.599000 O
1256 159 44.956001 -0.350000 -2.123000 C
1257 159 44.720001 -1.843000 -2.332000 C
1258 159 45.057999 -2.617000 -1.326000 O
1259 159 44.236000 -2.287000 -3.353000 O
1260 160 44.292000 2.500000 -0.489000 N
1261 160 44.567001 3.916000 -0.466000 C
1262 160 45.264999 4.253000 0.811000 C
1263 160 45.853001 5.288000 0.944000 O
1264 160 43.306999 4.761000 -0.620000 C
1265 161 45.188999 3.381000 1.753000 N
1266 161 45.792000 3.655000 3.028000 C
1267 161 47.056000 2.899000 3.244000 C
1268 161 47.623001 3.003000 4.326000 O
1269 161 44.834000 3.357000 4.219000 C
1270 161 43.729000 4.344000 4.245000 C
1271 161 42.637001 4.159000 3.406000 C
1272 161 43.814999 5.486000 5.043000 C
1273 161 41.636002 5.137000 3.391000 C
1274 161 42.810001 6.457000 5.061000 C
1275 161 41.724998 6.273000 4.200000 C
1276 161 40.678001 7.181000 4.221000 O
1277 162 47.514000 2.115000 2.283000 N
1278 162 48.754002 1.405000 2.550000 C
1279 162 49.956001 2.049000 1.892000 C
1280 162 50.972000 2.251000 2.566000 O
1281 162 48.683998 -0.108000 2.471000 C
1282 162 47.448002 -0.613000 3.236000 C
1283 162 47.048000 -2.084000 3.021000 1
284 162 46.707001 -2.472000 1.571000 1
285 162 45.610001 -3.474000 1.417000 N
