527
1 1 4.165 19.824 -7.628 O
2 1 5.449 20.129 -8.131 C
3 1 6.487 19.121 -7.624 C
4 1 6.457 19.081 -6.206 O
5 1 6.242 17.704 -8.160 C
6 1 7.480 17.179 -8.618 O
7 1 5.719 16.968 -6.933 C
8 1 6.312 17.744 -5.764 C
9 1 5.497 17.704 -4.542 N
10 1 4.211 18.130 -4.413 C
11 1 3.741 18.111 -3.198 N
12 1 4.822 17.638 -2.465 C
13 1 5.008 17.414 -1.094 C
14 1 4.026 17.625 -0.226 N
15 1 6.206 16.992 -0.652 N
16 1 7.177 16.800 -1.542 C
17 1 7.130 16.968 -2.859 N
18 1 5.906 17.395 -3.265 C
19 2 7.645 15.669 -9.184 P
20 2 8.808 15.643 -10.096 O
21 2 6.324 15.197 -9.656 O
22 2 8.033 14.842 -7.851 O
23 2 9.240 15.107 -7.169 C
24 2 9.396 14.245 -5.914 C
25 2 8.467 14.591 -4.892 O
26 2 9.272 12.743 -6.196 C
27 2 10.471 12.146 -5.720 O
28 2 8.026 12.332 -5.410 C
29 2 7.861 13.423 -4.355 C
30 2 6.487 13.668 -3.849 N
31 2 5.330 13.949 -4.526 C
32 2 4.305 14.215 -3.763 N
33 2 4.806 14.079 -2.471 C
34 2 4.175 14.223 -1.194 C
35 2 3.034 14.603 -0.942 O
36 2 5.018 13.898 -0.141 N
37 2 6.335 13.540 -0.294 C
38 2 7.035 13.171 0.768 N
39 2 6.942 13.449 -1.473 N
40 2 6.131 13.721 -2.522 C
41 3 10.714 10.550 -5.626 P
42 3 12.172 10.302 -5.647 O
43 3 9.834 9.877 -6.607 O
44 3 10.171 10.226 -4.142 O
45 3 10.743 10.852 -3.010 C
46 3 9.972 10.484 -1.744 C
47 3 8.610 10.881 -1.819 O
48 3 10.025 8.986 -1.423 C
49 3 10.692 8.787 -0.188 O
50 3 8.546 8.612 -1.373 C
51 3 7.836 9.922 -1.126 C
52 3 6.376 10.017 -1.409 N
53 3 5.464 10.274 -0.384 C
54 3 5.765 10.134 0.797 O
55 3 4.202 10.693 -0.703 N
56 3 3.846 10.865 -1.982 C
57 3 2.649 11.363 -2.259 N
58 3 4.751 10.587 -3.047 C
59 3 5.978 10.158 -2.697 C
60 4 11.086 7.316 0.356 P
61 4 12.048 7.479 1.468 O
62 4 11.436 6.462 -0.800 O
63 4 9.697 6.783 0.973 O
64 4 9.155 7.366 2.138 C
65 4 7.760 6.821 2.447 C
66 4 6.667 7.446 1.807 O
67 4 7.580 5.306 2.424 C
68 4 7.784 4.757 3.716 O
69 4 6.184 5.166 1.862 C
70 4 5.569 6.563 1.920 C
71 4 4.602 6.805 0.838 N
72 4 3.357 7.356 1.106 C
73 4 2.916 7.527 2.238 O
74 4 2.604 7.681 -0.001 N
75 4 2.960 7.505 -1.320 C
76 4 2.218 7.918 -2.208 O
77 4 4.238 6.834 -1.507 C
78 4 4.727 6.489 -2.899 C
79 4 4.997 6.521 -0.428 C
80 5 7.361 3.249 4.118 P
81 5 8.087 2.878 5.351 O
82 5 7.461 2.395 2.913 O
83 5 5.797 3.423 4.490 O
84 5 5.393 4.305 5.518 C
85 5 3.868 4.369 5.626 C
86 5 3.227 4.996 4.532 O
87 5 3.201 3.028 5.931 C
88 5 2.671 2.997 7.248 O
89 5 2.166 2.980 4.851 C
90 5 1.946 4.411 4.356 C
91 5 1.606 4.451 2.926 N
92 5 0.479 5.102 2.434 C
93 5 -0.393 5.586 3.150 O
94 5 0.370 5.152 1.055 N
95 5 1.276 4.628 0.153 C
96 5 1.111 4.814 -1.051 O
97 5 2.395 3.923 0.757 C
98 5 3.431 3.234 -0.112 C
99 5 2.505 3.870 2.106 C
100 6 1.891 1.706 7.842 P
101 6 1.911 1.794 9.317 O
102 6 2.408 0.493 7.170 O
103 6 0.373 1.943 7.347 O
104 6 -0.417 2.968 7.912 C
105 6 -1.732 3.141 7.151 C
106 6 -1.553 3.661 5.841 O
107 6 -2.618 1.891 7.091 C
108 6 -3.790 2.038 7.872 O
109 6 -2.900 1.726 5.609 C
110 6 -2.486 3.056 4.966 C
111 6 -1.973 2.821 3.608 N
112 6 -0.897 2.073 3.256 C
113 6 -0.663 2.010 1.975 N
114 6 -1.718 2.742 1.429 C
115 6 -2.067 3.003 0.070 C
116 6 -1.385 2.834 -0.937 O
117 6 -3.353 3.500 -0.060 N
118 6 -4.186 3.784 0.998 C
119 6 -5.417 4.210 0.756 N
120 6 -3.825 3.656 2.276 N
121 6 -2.586 3.129 2.422 C
122 7 -4.751 0.779 8.204 P
123 7 -5.671 1.182 9.290 O
124 7 -3.912 -0.428 8.365 O
125 7 -5.614 0.608 6.853 O
126 7 -6.535 1.605 6.465 C
127 7 -7.422 1.166 5.297 C
128 7 -6.833 1.294 4.016 O
129 7 -7.957 -0.259 5.440 C
130 7 -9.363 -0.250 5.244 O
131 7 -7.221 -0.987 4.324 C
132 7 -7.019 0.098 3.267 C
133 7 -5.772 -0.067 2.500 N
134 7 -5.787 -0.104 1.109 C
135 7 -6.843 -0.122 0.485 O
136 7 -4.604 -0.131 0.433 N
137 7 -3.451 -0.178 1.110 C
138 7 -2.314 -0.116 0.426 N
139 7 -3.424 -0.178 2.543 C
140 7 -4.605 -0.077 3.188 C
141 8 -10.270 -1.579 5.412 P
142 8 -11.669 -1.156 5.646 O
143 8 -9.604 -2.478 6.380 O
144 8 -10.191 -2.270 3.956 O
145 8 -10.956 -1.795 2.867 C
146 8 -10.656 -2.602 1.599 C
147 8 -9.369 -2.318 1.081 O
148 8 -10.773 -4.120 1.796 C
149 8 -11.891 -4.588 1.053 O
150 8 -9.441 -4.648 1.291 C
151 8 -8.836 -3.496 0.505 C
152 8 -7.357 -3.471 0.536 N
153 8 -6.639 -3.375 -0.649 C
154 8 -7.205 -3.378 -1.736 O
155 8 -5.280 -3.304 -0.599 N
156 8 -4.650 -3.306 0.581 C
157 8 -3.326 -3.226 0.588 N
158 8 -5.366 -3.393 1.819 C
159 8 -6.714 -3.475 1.735 C
160 9 -12.237 -6.156 0.848 P
161 9 -13.664 -6.267 0.474 O
162 9 -11.722 -6.905 2.015 O
163 9 -11.349 -6.560 -0.442 O
164 9 -11.573 -5.967 -1.708 C
165 9 -10.565 -6.481 -2.745 C
166 9 -9.250 -6.004 -2.498 O
167 9 -10.541 -8.012 -2.828 C
168 9 -10.845 -8.389 -4.162 O
169 9 -9.099 -8.334 -2.458 C
170 9 -8.321 -7.050 -2.715 C
171 9 -7.112 -6.897 -1.876 N
172 9 -5.876 -6.608 -2.446 C
173 9 -5.690 -6.506 -3.654 O
174 9 -4.825 -6.463 -1.561 N
175 9 -4.898 -6.550 -0.186 C
176 9 -3.900 -6.349 0.501 O
177 9 -6.212 -6.891 0.324 C
178 9 -6.404 -7.110 1.812 C
179 9 -7.248 -7.049 -0.534 C
180 10 -10.874 -9.929 -4.644 P
181 10 -11.689 -10.011 -5.877 O
182 10 -11.210 -10.779 -3.481 O
183 10 -9.335 -10.203 -5.039 O
184 10 -8.755 -9.621 -6.189 C
185 10 -7.288 -10.036 -6.330 C
186 10 -6.423 -9.405 -5.397 O
187 10 -7.071 -11.551 -6.249 C
188 10 -6.790 -12.099 -7.530 O
189 10 -5.970 -11.699 -5.234 C
190 10 -5.392 -10.308 -5.031 C
191 10 -4.912 -10.040 -3.663 N
192 10 -3.605 -9.618 -3.429 C
193 10 -2.774 -9.449 -4.316 O
194 10 -3.269 -9.407 -2.108 N
195 10 -4.085 -9.622 -1.019 C
196 10 -3.673 -9.352 0.107 O
197 10 -5.415 -10.112 -1.348 C
198 10 -6.367 -10.547 -0.249 C
199 10 -5.771 -10.278 -2.645 C
200 11 -6.505 -13.676 -7.772 P
201 11 -6.720 -13.965 -9.207 O
202 11 -7.241 -14.448 -6.747 O
203 11 -4.925 -13.816 -7.467 O
204 11 -3.967 -13.139 -8.258 C
205 11 -2.549 -13.345 -7.715 C
206 11 -2.348 -12.653 -6.487 O
207 11 -2.199 -14.823 -7.512 C
208 11 -0.864 -15.007 -7.960 O
209 11 -2.287 -14.941 -5.993 C
210 11 -1.901 -13.563 -5.497 C
211 11 -2.293 -13.193 -4.120 N
212 11 -3.493 -13.381 -3.501 C
213 11 -3.562 -12.950 -2.277 N
214 11 -2.274 -12.489 -2.037 C
215 11 -1.683 -12.034 -0.827 C
216 11 -2.232 -11.882 0.260 O
217 11 -0.323 -11.800 -0.942 N
218 11 0.389 -11.969 -2.103 C
219 11 1.707 -11.814 -2.054 N
220 11 -0.153 -12.385 -3.252 N
221 11 -1.485 -12.639 -3.152 C
222 12 0.007 -16.332 -7.639 P
223 12 1.038 -16.469 -8.692 O
224 12 -0.922 -17.454 -7.379 O
225 12 0.749 -15.946 -6.246 O
226 12 1.730 -14.922 -6.201 C
227 12 2.779 -15.123 -5.107 C
228 12 2.352 -14.568 -3.888 O
229 12 3.182 -16.595 -4.937 C
230 12 4.592 -16.624 -4.778 O
231 12 2.461 -16.879 -3.625 C
232 12 2.474 -15.545 -2.892 C
233 12 1.370 -15.384 -1.959 N
234 12 0.074 -15.388 -2.321 C
235 12 -0.768 -15.155 -1.348 N
236 12 0.082 -14.913 -0.264 C
237 12 -0.129 -14.526 1.073 C
238 12 -1.338 -14.352 1.604 N
239 12 0.937 -14.258 1.843 N
240 12 2.156 -14.348 1.320 C
241 12 2.494 -14.723 0.097 N
242 12 1.396 -14.994 -0.650 C
243 13 5.401 -17.957 -4.358 P
244 13 6.711 -17.938 -5.046 O
245 13 4.508 -19.125 -4.509 O
246 13 5.658 -17.716 -2.783 O
247 13 6.558 -16.717 -2.333 C
248 13 6.686 -16.751 -0.806 C
249 13 5.429 -16.425 -0.233 O
250 13 7.094 -18.141 -0.295 C
251 13 8.058 -18.027 0.731 O
252 13 5.795 -18.669 0.289 C
253 13 5.126 -17.388 0.755 C
254 13 3.680 -17.556 0.983 N
255 13 2.745 -18.045 0.118 C
256 13 1.531 -18.076 0.588 N
257 13 1.676 -17.577 1.880 C
258 13 0.705 -17.359 2.899 C
259 13 -0.500 -17.592 2.854 O
260 13 1.247 -16.809 4.050 N
261 13 2.581 -16.521 4.215 C
262 13 2.981 -16.024 5.379 N
263 13 3.505 -16.744 3.277 N
264 13 2.989 -17.263 2.132 C
266 14 -3.659 -14.236 11.411 O
267 14 -2.637 -14.652 12.292 C
268 14 -1.269 -14.570 11.609 C
269 14 -1.303 -15.328 10.414 O
270 14 -0.867 -13.132 11.248 C
271 14 0.410 -12.851 11.796 O
272 14 -0.847 -13.152 9.722 C
273 14 -0.599 -14.626 9.412 C
274 14 -1.114 -15.016 8.072 N
275 14 -0.218 -15.447 7.101 C
276 14 0.994 -15.436 7.299 O
277 14 -0.693 -15.883 5.901 N
278 14 -2.007 -15.866 5.648 C
279 14 -2.436 -16.330 4.481 N
280 14 -2.951 -15.405 6.616 C
281 14 -2.461 -15.004 7.810 C
282 15 1.071 -11.379 11.722 P
283 15 1.977 -11.225 12.881 O
284 15 -0.006 -10.391 11.495 O
285 15 1.968 -11.451 10.385 O
286 15 3.205 -12.134 10.372 C
287 15 3.929 -11.923 9.040 C
288 15 3.280 -12.626 7.993 O
289 15 4.053 -10.446 8.639 C
290 15 5.424 -10.099 8.481 O
291 15 3.244 -10.344 7.365 C
292 15 3.162 -11.787 6.861 C
293 15 1.919 -12.090 6.130 N
294 15 1.967 -12.810 4.943 C
295 15 3.009 -13.148 4.390 O
296 15 0.749 -13.113 4.376 N
297 15 -0.491 -12.773 4.866 C
298 15 -1.501 -13.127 4.264 O
299 15 -0.455 -11.989 6.090 C
300 15 -1.753 -11.478 6.682 C
301 15 0.738 -11.688 6.670 C
302 16 5.924 -8.659 7.926 P
303 16 7.358 -8.514 8.258 O
304 16 4.957 -7.630 8.365 O
305 16 5.798 -8.822 6.321 O
306 16 6.535 -9.811 5.633 C
307 16 6.005 -10.014 4.211 C
308 16 4.723 -10.616 4.061 O
309 16 6.261 -8.932 3.192 C
310 16 7.524 -9.066 2.558 O
311 16 5.055 -9.185 2.301 C
312 16 4.309 -10.441 2.714 C
313 16 2.826 -10.309 2.592 N
314 16 2.167 -10.880 1.505 C
315 16 2.781 -11.305 0.529 O
316 16 0.806 -10.953 1.513 N
317 16 0.112 -10.438 2.532 C
318 16 -1.208 -10.562 2.538 N
319 16 0.749 -9.699 3.573 C
320 16 2.099 -9.658 3.547 C
321 17 8.195 -7.846 1.749 P
322 17 9.584 -8.225 1.408 O
323 17 7.937 -6.590 2.488 O
324 17 7.327 -7.818 0.399 O
325 17 7.610 -8.696 -0.672 C
326 17 6.699 -8.380 -1.857 C
327 17 5.371 -8.812 -1.611 O
328 17 6.677 -6.877 -2.169 C
329 17 6.935 -6.691 -3.550 O
330 17 5.281 -6.467 -1.746 C
331 17 4.477 -7.751 -1.886 C
332 17 3.276 -7.781 -1.032 N
333 17 3.178 -7.509 0.305 C
334 17 1.980 -7.663 0.801 N
335 17 1.225 -8.045 -0.305 C
336 17 -0.134 -8.360 -0.484 C
337 17 -1.019 -8.297 0.507 N
338 17 -0.568 -8.705 -1.707 N
339 17 0.300 -8.732 -2.714 C
340 17 1.595 -8.448 -2.683 N
341 17 2.002 -8.112 -1.431 C
342 18 6.889 -5.247 -4.273 P
343 18 7.943 -5.218 -5.311 O
344 18 6.845 -4.192 -3.237 O
345 18 5.456 -5.295 -5.014 O
346 18 5.220 -6.224 -6.053 C
347 18 3.810 -6.069 -6.625 C
348 18 2.816 -6.346 -5.659 O
349 18 3.541 -4.704 -7.267 C
350 18 2.914 -4.870 -8.524 O
351 18 2.632 -4.039 -6.241 C
352 18 1.943 -5.244 -5.610 C
353 18 1.263 -5.081 -4.318 N
354 18 1.817 -4.601 -3.181 C
355 18 1.092 -4.712 -2.105 N
356 18 -0.082 -5.263 -2.605 C
357 18 -1.298 -5.599 -1.998 C
358 18 -1.482 -5.428 -0.692 N
359 18 -2.294 -6.094 -2.751 N
360 18 -2.078 -6.269 -4.053 C
361 18 -0.978 -5.998 -4.749 N
362 18 -0.002 -5.482 -3.955 C
363 19 2.617 -3.615 -9.493 P
364 19 2.899 -4.028 -10.885 O
365 19 3.278 -2.414 -8.935 O
366 19 1.027 -3.430 -9.325 O
367 19 0.126 -4.279 -10.006 C
368 19 -1.309 -3.771 -9.870 C
369 19 -1.843 -4.072 -8.588 O
370 19 -1.441 -2.267 -10.146 C
371 19 -2.448 -1.987 -11.106 O
372 19 -1.791 -1.717 -8.772 C
373 19 -2.337 -2.895 -7.979 C
374 19 -1.991 -2.798 -6.551 N
375 19 -0.773 -2.522 -6.012 C
376 19 -0.742 -2.506 -4.708 N
377 19 -2.070 -2.744 -4.355 C
378 19 -2.698 -2.801 -3.075 C
379 19 -2.178 -2.701 -1.966 O
380 19 -4.068 -3.005 -3.157 N
381 19 -4.758 -3.145 -4.339 C
382 19 -6.075 -3.295 -4.301 N
383 19 -4.184 -3.090 -5.541 N
384 19 -2.842 -2.894 -5.481 C
385 20 -2.697 -0.484 -11.667 P
386 20 -3.346 -0.593 -12.993 O
387 20 -1.444 0.289 -11.529 O
388 20 -3.776 0.128 -10.633 O
389 20 -5.100 -0.355 -10.630 C
390 20 -5.965 0.304 -9.556 C
391 20 -5.784 -0.152 -8.231 O
392 20 -6.141 1.824 -9.610 C
393 20 -7.488 2.195 -9.882 O
394 20 -5.691 2.190 -8.230 C
395 20 -5.855 0.956 -7.360 C
396 20 -4.820 0.833 -6.336 N
397 20 -3.492 0.780 -6.571 C
398 20 -2.759 0.613 -5.503 N
399 20 -3.705 0.532 -4.474 C
400 20 -3.554 0.369 -3.059 C
401 20 -2.517 0.272 -2.409 O
402 20 -4.770 0.309 -2.391 N
403 20 -5.993 0.435 -3.005 C
404 20 -7.095 0.393 -2.268 N
405 20 -6.148 0.631 -4.314 N
406 20 -4.972 0.656 -4.987 C
407 21 -7.958 3.741 -10.058 P
408 21 -9.316 3.738 -10.645 O
409 21 -6.871 4.484 -10.732 O
410 21 -8.076 4.292 -8.542 O
411 21 -9.023 3.744 -7.648 C
412 21 -8.818 4.216 -6.203 C
413 21 -7.797 3.578 -5.458 O
414 21 -8.780 5.728 -5.974 C
415 21 -10.012 6.188 -5.429 O
416 21 -7.628 5.845 -5.012 C
417 21 -7.343 4.469 -4.444 C
418 21 -5.899 4.258 -4.228 N
419 21 -5.374 4.141 -2.949 C
420 21 -6.079 4.298 -1.957 O
421 21 -4.053 3.852 -2.798 N
422 21 -3.271 3.731 -3.878 C
423 21 -2.009 3.367 -3.687 N
424 21 -3.784 3.887 -5.209 C
425 21 -5.109 4.142 -5.320 C
426 22 -10.319 7.757 -5.146 P
427 22 -11.770 7.896 -4.893 O
428 22 -9.685 8.553 -6.219 O
429 22 -9.544 8.081 -3.762 O
430 22 -9.954 7.510 -2.533 C
431 22 -9.016 7.885 -1.374 C
432 22 -7.795 7.159 -1.342 O
433 22 -8.699 9.381 -1.273 C
434 22 -9.292 9.910 -0.093 O
435 22 -7.185 9.426 -1.272 C
436 22 -6.757 8.020 -0.897 C
437 22 -5.452 7.656 -1.461 N
438 22 -5.131 7.626 -2.779 C
439 22 -3.936 7.174 -3.045 N
440 22 -3.417 6.925 -1.775 C
441 22 -2.181 6.436 -1.321 C
442 22 -1.213 6.067 -2.155 N
443 22 -1.961 6.346 0.002 N
444 22 -2.923 6.717 0.841 C
445 22 -4.132 7.179 0.546 N
446 22 -4.320 7.252 -0.797 C
447 23 -9.037 11.421 0.437 P
448 23 -10.169 11.792 1.315 O
449 23 -8.697 12.273 -0.724 O
450 23 -7.717 11.275 1.361 O
451 23 -7.722 10.460 2.518 C
452 23 -6.376 10.497 3.253 C
453 23 -5.319 9.885 2.546 O
454 23 -5.924 11.883 3.719 C
455 23 -5.929 11.910 5.142 O
456 23 -4.566 12.074 3.076 C
457 23 -4.146 10.654 2.725 C
458 23 -3.327 10.599 1.510 N
459 23 -3.659 11.062 0.270 C
460 23 -2.813 10.743 -0.672 N
461 23 -1.826 10.044 0.021 C
462 23 -0.624 9.431 -0.370 C
463 23 -0.205 9.409 -1.634 N
464 23 0.127 8.829 0.565 N
465 23 -0.290 8.817 1.827 C
466 23 -1.391 9.357 2.325 N
467 23 -2.123 9.965 1.357 C
468 24 -5.240 13.074 6.027 P
469 24 -5.907 13.101 7.347 O
470 24 -5.170 14.307 5.213 O
471 24 -3.734 12.518 6.239 O
472 24 -3.487 11.323 6.961 C
473 24 -1.990 11.095 7.211 C
474 24 -1.302 10.817 5.994 O
475 24 -1.332 12.302 7.888 C
476 24 -0.357 11.805 8.789 O
477 24 -0.680 12.980 6.685 C
478 24 -0.328 11.815 5.738 C
479 24 -0.219 12.165 4.304 N
480 24 -1.021 12.980 3.557 C
481 24 -0.715 13.044 2.292 N
482 24 0.415 12.239 2.196 C
483 24 1.250 11.956 1.077 C
484 24 1.050 12.242 -0.099 O
485 24 2.408 11.279 1.426 N
486 24 2.695 10.851 2.697 C
487 24 3.888 10.316 2.930 N
488 24 1.887 11.053 3.743 N
489 24 0.763 11.750 3.431 C
490 25 0.702 12.763 9.542 P
491 25 1.050 12.140 10.837 O
492 25 0.189 14.151 9.508 O
493 25 1.993 12.683 8.575 O
494 25 2.835 11.544 8.565 C
495 25 4.097 11.810 7.740 C
496 25 3.869 11.865 6.347 O
497 25 4.892 13.042 8.184 C
498 25 6.053 12.699 8.935 O
499 25 5.200 13.746 6.885 C
500 25 4.717 12.840 5.776 C
501 25 4.020 13.575 4.706 N
502 25 4.588 13.693 3.448 C
503 25 5.736 13.320 3.234 O
504 25 3.857 14.249 2.442 N
505 25 2.629 14.720 2.689 C
506 25 1.908 15.132 1.654 N
507 25 2.055 14.678 4.006 C
508 25 2.794 14.084 4.970 C
509 26 7.148 13.796 9.435 P
510 26 7.973 13.164 10.489 O
511 26 6.433 15.059 9.724 O
512 26 8.102 14.045 8.145 O
513 26 8.820 12.978 7.550 C
514 26 9.512 13.369 6.233 C
515 26 8.617 13.616 5.157 O
516 26 10.497 14.537 6.329 C
517 26 11.826 14.084 6.185 O
518 26 10.119 15.460 5.173 C
519 26 9.103 14.679 4.344 C
520 26 7.985 15.527 3.848 N
521 26 7.833 15.756 2.481 C
522 26 8.657 15.401 1.643 O
523 26 6.697 16.450 2.099 N
524 26 5.729 16.945 2.949 C
525 26 4.738 17.516 2.507 O
526 26 6.002 16.746 4.357 C
527 26 5.047 17.318 5.389 C
528 26 7.100 16.058 4.745 C
