161 371
0 2
0 3
0 4
0 9
1 3
1 4
2 5
2 6
2 7
3 4
3 6
3 8
3 9
4 7
4 8
4 19
4 21
5 6
5 20
5 21
5 22
6 8
7 9
7 17
7 18
8 10
8 11
8 17
9 11
9 18
10 12
10 13
10 18
11 13
11 14
11 15
11 17
12 15
12 17
12 18
13 14
14 16
14 17
14 18
15 18
16 17
19 23
20 21
20 22
20 23
21 22
22 24
22 25
22 26
23 25
23 26
24 27
24 28
24 29
25 26
25 28
25 30
25 38
26 29
26 30
26 39
26 41
27 28
27 40
27 41
27 42
27 43
28 30
28 31
29 31
29 32
29 38
30 32
30 33
30 34
30 36
31 34
31 36
31 38
32 33
33 35
33 36
33 38
34 37
34 38
35 36
35 37
37 38
39 43
40 41
40 42
40 43
41 42
42 44
42 45
42 46
43 45
43 46
44 47
44 48
44 49
45 46
45 48
45 50
45 51
46 49
46 61
46 63
47 48
47 62
47 63
47 64
48 50
48 64
49 51
49 59
49 60
50 52
50 53
50 59
51 53
51 60
52 54
52 55
52 60
53 55
53 56
53 57
53 59
54 57
54 59
54 60
55 56
56 58
56 59
56 60
57 60
58 59
61 65
62 63
62 64
62 65
63 64
64 66
64 67
64 68
65 67
65 68
65 69
66 69
66 70
66 71
67 68
67 70
67 72
67 79
68 71
68 80
68 82
68 83
69 70
69 81
69 82
69 83
70 72
70 83
71 73
71 74
71 79
72 74
72 75
72 76
72 78
73 76
73 78
73 79
74 75
75 77
75 78
75 79
76 79
77 78
80 84
81 82
81 83
82 83
82 84
83 85
83 86
84 86
84 87
84 88
85 88
85 89
85 90
86 87
86 89
86 91
86 92
87 90
87 91
87 102
87 104
88 89
88 103
88 104
88 105
88 106
89 91
90 92
90 100
90 101
91 93
91 94
91 100
92 94
92 101
93 95
93 96
93 101
94 96
94 97
94 98
94 100
95 98
95 100
95 101
96 97
97 99
97 100
97 101
98 101
99 100
102 106
103 104
103 105
103 106
104 105
105 107
105 108
105 109
106 108
106 109
107 110
107 111
107 112
108 109
108 111
108 113
108 120
109 112
109 113
109 121
109 123
110 111
110 122
110 123
110 124
110 125
111 113
111 114
111 115
112 114
112 115
112 120
113 115
113 116
113 117
113 119
114 117
114 119
114 120
115 116
116 118
116 119
116 120
117 120
118 119
121 125
122 123
122 124
122 125
123 124
124 126
124 127
124 128
125 127
125 128
125 129
126 129
126 130
126 131
127 128
127 130
127 132
127 133
128 131
128 142
128 144
128 145
129 130
129 143
129 144
129 145
129 146
130 132
131 133
131 140
131 141
132 134
132 135
132 140
133 135
133 141
134 136
134 137
134 141
135 137
135 138
135 139
135 140
136 139
136 140
136 141
137 138
137 158
138 140
138 141
139 141
142 146
143 144
143 145
143 146
144 145
145 147
145 148
145 149
146 148
146 149
147 150
147 151
147 152
148 149
148 151
148 153
148 160
149 152
150 151
151 153
151 160
152 154
152 155
152 160
153 155
153 156
153 157
153 159
154 157
154 159
154 160
155 156
156 158
156 159
156 160
157 160
158 159
1 1 7.203000 -1.883000 -5.370000 O
2 1 6.911000 -3.276000 -5.077000 C
3 1 8.119000 -3.884000 -4.397000 C
4 1 9.242000 -3.859000 -5.260000 O
5 1 8.571000 -3.175000 -3.126000 C
6 1 7.811000 -3.568000 -1.993000 O
7 1 10.061000 -3.546000 -3.051000 C
8 1 10.449000 -3.538000 -4.520000 C
9 1 10.952000 -2.225000 -4.941000 N
10 1 10.285000 -1.296000 -5.718000 C
11 1 10.986000 -0.215000 -5.947000 N
12 1 12.189000 -0.435000 -5.282000 C
13 1 13.354000 0.359000 -5.154000 C
14 1 13.582000 1.465000 -5.636000 O
15 1 14.372000 -0.215000 -4.422000 N
16 1 14.228000 -1.444000 -3.831000 C
17 1 15.279000 -1.883000 -3.129000 N
18 1 13.143000 -2.208000 -3.911000 N
19 1 12.176000 -1.663000 -4.663000 C
20 2 7.507000 -2.559000 -0.742000 P
21 2 6.498000 -3.340000 0.060000 O
22 2 6.890000 -1.368000 -1.359000 O
23 2 8.862000 -2.314000 0.040000 O
24 2 9.626000 -3.335000 0.717000 C
25 2 10.998000 -2.837000 1.103000 C
26 2 11.805000 -2.563000 -0.025000 O
27 2 10.998000 -1.533000 1.893000 C
28 2 10.783000 -1.761000 3.284000 O
29 2 12.383000 -0.963000 1.617000 C
30 2 12.628000 -1.397000 0.183000 C
31 2 12.303000 -0.291000 -0.747000 N
32 2 13.320000 0.621000 -0.985000 C
33 2 14.431000 0.511000 -0.469000 O
34 2 13.084000 1.613000 -1.885000 N
35 2 11.889000 1.799000 -2.489000 C
36 2 11.762000 2.803000 -3.237000 O
37 2 10.838000 0.874000 -2.204000 C
38 2 9.491000 1.034000 -2.855000 C
39 2 11.091000 -0.131000 -1.354000 C
40 3 10.243000 -0.553000 4.244000 P
41 3 9.905000 -1.452000 5.390000 O
42 3 9.082000 0.144000 3.618000 O
43 3 11.480000 0.418000 4.452000 O
44 3 12.645000 -0.072000 5.147000 C
45 3 13.709000 1.005000 5.014000 C
46 3 14.047000 1.119000 3.648000 O
47 3 13.291000 2.407000 5.433000 C
48 3 13.460000 2.651000 6.824000 O
49 3 14.199000 3.306000 4.588000 C
50 3 14.389000 2.474000 3.337000 C
51 3 13.548000 3.036000 2.249000 N
52 3 12.324000 2.668000 1.798000 C
53 3 11.881000 3.407000 0.807000 N
54 3 12.902000 4.315000 0.584000 C
55 3 13.046000 5.366000 -0.356000 C
56 3 12.223000 5.695000 -1.218000 O
57 3 14.224000 6.063000 -0.251000 N
58 3 15.170000 5.767000 0.682000 C
59 3 16.267000 6.527000 0.677000 N
60 3 15.098000 4.784000 1.579000 N
61 3 13.937000 4.108000 1.472000 C
62 4 13.152000 4.053000 7.526000 P
63 4 13.696000 3.948000 8.947000 O
64 4 11.695000 4.121000 7.363000 O
65 4 13.941000 5.282000 6.959000 O
66 4 15.351000 5.442000 7.160000 C
67 4 15.748000 6.696000 6.405000 C
68 4 15.604000 6.510000 5.004000 O
69 4 14.908000 7.929000 6.734000 C
70 4 15.309000 8.516000 7.985000 O
71 4 15.157000 8.790000 5.498000 C
72 4 15.263000 7.760000 4.382000 C
73 4 14.000000 7.608000 3.625000 N
74 4 13.840000 8.478000 2.547000 C
75 4 14.671000 9.356000 2.324000 O
76 4 12.717000 8.364000 1.790000 N
77 4 11.762000 7.435000 2.066000 C
78 4 10.669000 7.380000 1.301000 N
79 4 11.931000 6.536000 3.171000 C
80 4 13.063000 6.658000 3.886000 C
81 5 14.384000 9.647000 8.667000 P
82 5 15.077000 9.850000 10.018000 O
83 5 13.008000 9.398000 8.792000 O
84 5 14.718000 10.931000 7.772000 O
85 5 13.734000 11.982000 7.609000 C
86 5 14.190000 12.759000 6.393000 C
87 5 14.262000 11.948000 5.235000 O
88 5 13.244000 13.911000 6.044000 C
89 5 13.607000 15.043000 6.832000 O
90 5 13.455000 14.089000 4.543000 C
91 5 13.700000 12.662000 4.104000 C
92 5 12.476000 11.969000 3.658000 N
93 5 11.881000 10.846000 4.189000 C
94 5 10.821000 10.433000 3.525000 N
95 5 10.737000 11.340000 2.462000 C
96 5 9.833000 11.433000 1.379000 C
97 5 8.879000 10.686000 1.136000 O
98 5 10.078000 12.484000 0.526000 N
99 5 11.104000 13.354000 0.694000 C
100 5 11.188000 14.334000 -0.218000 N
101 5 12.003000 13.312000 1.692000 N
102 5 11.737000 12.286000 2.532000 C
103 6 12.510000 16.069000 7.376000 P
104 6 13.337000 16.955999 8.298000 O
105 6 11.416000 15.275000 7.922000 O
106 6 12.045000 16.934000 6.110000 O
107 6 12.983000 17.761999 5.352000 C
108 6 12.227000 18.222000 4.116000 C
109 6 12.071000 17.120001 3.227000 O
110 6 10.804000 18.725000 4.355000 C
111 6 10.741000 20.076000 4.813000 O
112 6 10.145000 18.525999 2.976000 C
113 6 10.804000 17.233999 2.547000 C
114 6 9.968000 16.069000 2.876000 N
115 6 8.951000 15.811000 1.955000 C
116 6 8.782000 16.580000 1.008000 O
117 6 8.174000 14.714000 2.151000 N
118 6 8.347000 13.895000 3.224000 C
119 6 7.532000 12.843000 3.369000 N
120 6 9.377000 14.173000 4.167000 C
121 6 10.154000 15.254000 3.949000 C
122 7 9.436000 20.548000 5.548000 P
123 7 9.863000 21.836000 6.115000 O
124 7 8.887000 19.535000 6.546000 O
125 7 8.250000 20.754999 4.475000 O
126 7 8.406000 21.663000 3.362000 C
127 7 7.249000 21.410000 2.409000 C
128 7 7.274000 20.084000 1.918000 O
129 7 5.869000 21.562000 3.028000 C
130 7 5.505000 22.941999 3.109000 O
131 7 4.982000 20.733999 2.101000 C
132 7 5.911000 19.620001 1.687000 C
133 7 5.746000 18.374001 2.454000 N
134 7 6.553000 17.917999 3.487000 C
135 7 6.206000 16.736000 3.938000 N
136 7 5.117000 16.386000 3.151000 C
137 7 4.302000 15.229000 3.129000 C
138 7 4.450000 14.173000 3.926000 N
139 7 3.318000 15.250000 2.181000 N
140 7 3.133000 16.275999 1.319000 C
141 7 3.876000 17.386000 1.291000 N
142 7 4.847000 17.361000 2.214000 C
143 8 4.319000 23.368999 4.162000 P
144 8 4.353000 24.900999 4.034000 O
145 8 4.923000 22.862000 5.413000 O
146 8 2.985000 22.723000 3.700000 O
147 8 2.449000 23.094000 2.407000 C
148 8 1.131000 22.364000 2.234000 C
149 8 1.402000 20.979000 2.131000 O
150 8 0.135000 22.566999 3.367000 C
151 8 -1.132000 23.077000 2.918000 O
152 8 -0.042000 21.198999 3.991000 C
153 8 0.507000 20.228001 2.958000 C
154 8 1.178000 19.172001 3.723000 N
155 8 0.650000 17.893000 3.625000 C
156 8 -0.287000 17.639999 2.876000 O
157 8 1.229000 16.905001 4.370000 N
158 8 2.284000 17.146000 5.184000 C
159 8 2.829000 16.128000 5.859000 N
160 8 2.829000 18.462999 5.285000 C
161 8 2.225000 19.430000 4.565000 C
