1289
1 1 43.995 -3.204 8.954 N
2 1 43.539 -1.839 9.064 C
3 1 42.131 -1.866 9.566 C
4 1 41.426 -2.823 9.296 O
5 1 43.593 -1.355 7.592 C
6 1 43.026 0.014 7.306 C
7 1 43.964 1.399 7.942 S
8 1 45.641 0.973 7.509 C
9 2 41.692 -0.798 10.231 N
10 2 40.331 -0.725 10.669 C
11 2 39.965 0.735 10.752 C
12 2 40.797 1.566 10.532 O
13 2 40.170 -1.459 12.017 C
14 2 41.090 -0.904 13.048 C
15 2 41.033 0.285 13.327 O
16 2 41.904 -1.747 13.673 N
17 3 38.716 1.004 11.102 N
18 3 38.203 2.341 11.171 C
19 3 39.042 3.307 12.013 C
20 3 39.236 4.465 11.661 O
21 3 36.689 2.383 11.527 C
22 3 36.071 3.796 11.440 C
23 3 36.439 1.840 12.937 C
24 3 36.268 4.478 10.063 C
25 4 39.529 2.806 13.158 N
26 4 40.325 3.675 14.027 C
27 4 41.627 4.090 13.397 C
28 4 42.066 5.252 13.461 O
29 4 40.570 2.956 15.361 C
30 4 39.312 2.922 16.185 C
31 4 38.993 3.959 17.067 C
32 4 38.444 1.820 16.128 C
33 4 37.849 3.888 17.868 C
34 4 37.299 1.729 16.933 C
35 4 37.008 2.769 17.821 C
36 5 42.282 3.079 12.833 N
37 5 43.556 3.356 12.181 C
38 5 43.314 4.238 11.001 C
39 5 44.110 5.103 10.727 O
40 5 44.239 2.114 11.669 C
41 5 44.606 1.145 12.799 C
42 5 45.298 -0.090 12.312 C
43 5 45.684 -0.261 11.173 O
44 5 45.478 -0.944 13.267 O
45 6 42.241 3.992 10.311 N
46 6 41.934 4.780 9.126 C
47 6 41.731 6.248 9.483 C
48 6 42.299 7.169 8.848 O
49 6 40.646 4.190 8.519 C
50 6 40.263 4.818 7.179 C
51 6 38.503 4.562 6.831 S
52 6 38.419 4.641 4.994 C
53 7 40.869 6.493 10.441 N
54 7 40.643 7.906 10.821 C
55 7 41.872 8.516 11.486 C
56 7 42.101 9.692 11.401 O
57 7 39.444 8.021 11.763 C
58 7 38.148 7.967 11.004 C
59 7 36.978 7.692 11.935 C
60 7 37.936 9.316 10.300 C
61 8 42.684 7.715 12.161 N
62 8 43.907 8.261 12.805 C
63 8 44.851 8.765 11.733 C
64 8 45.503 9.812 11.890 O
65 8 44.513 7.185 13.671 C
66 8 45.825 7.525 14.307 C
67 8 45.833 8.709 15.269 C
68 8 47.207 8.984 15.734 N
69 8 48.176 9.581 15.004 C
70 8 47.987 10.034 13.760 N
71 8 49.393 9.754 15.537 N
72 9 44.865 8.085 10.569 N
73 9 45.662 8.584 9.442 C
74 9 45.049 9.895 8.852 C
75 9 45.739 10.917 8.639 O
76 9 45.797 7.488 8.377 C
77 9 46.847 6.491 8.839 C
78 9 46.187 8.026 7.019 C
79 9 46.729 5.219 8.018 C
80 10 43.716 9.910 8.614 N
81 10 43.045 11.042 8.031 C
82 10 43.029 12.301 8.888 C
83 10 43.120 13.409 8.381 O
84 10 41.644 10.714 7.542 C
85 10 41.715 9.829 6.294 C
86 10 42.606 9.918 5.453 O
87 10 40.693 9.056 6.169 O
88 11 42.911 12.122 10.187 N
89 11 42.816 13.276 11.079 C
90 11 44.127 13.686 11.786 C
91 11 44.251 14.826 12.139 O
92 11 41.770 12.936 12.133 C
93 11 40.440 12.632 11.477 C
94 11 39.708 13.834 10.934 C
95 11 40.284 14.988 11.181 O
96 11 38.671 13.739 10.364 O
97 12 45.065 12.761 12.019 N
98 12 46.318 13.053 12.722 C
99 12 45.986 13.073 14.197 C
100 12 44.868 12.700 14.585 O
101 13 46.975 13.411 15.009 N
102 13 46.758 13.523 16.455 C
103 13 47.490 14.770 16.933 C
104 13 48.676 14.951 16.663 O
105 13 47.231 12.271 17.140 C
106 13 47.460 12.449 18.645 C
107 13 46.122 12.495 19.356 C
108 13 48.222 11.251 19.170 C
109 14 46.779 15.661 17.591 N
110 14 47.322 16.902 18.123 C
111 14 46.784 17.059 19.491 C
112 14 45.585 16.944 19.686 O
113 14 46.914 18.104 17.297 C
114 14 47.678 17.973 15.982 C
115 14 47.656 19.156 15.015 C
116 14 48.366 20.333 15.493 N
117 14 48.354 21.500 14.832 
118 14 47.707 21.667 13.676 N
119 14 49.020 22.533 15.348 
120 15 47.731 17.284 20.411 N
121 15 47.403 17.376 21.820 C
122 15 47.206 18.787 22.322 C
123 15 46.913 18.943 23.483 O
124 15 48.351 16.632 22.763 C
125 15 48.530 15.123 22.464 C
126 15 49.632 14.604 23.349 C
127 15 47.276 14.317 22.599 C
128 16 47.300 19.760 21.446 N
129 16 46.979 21.139 21.797 C
130 16 45.889 21.624 20.863 C
131 16 45.810 21.147 19.731 O
132 16 48.166 22.100 21.613 C
133 16 49.388 21.590 22.340 C
134 16 50.242 22.721 22.890 
135 16 51.709 22.339 22.973 
136 16 52.573 23.143 22.093 
137 17 45.038 22.582 21.332 N
138 17 43.976 23.127 20.486 C
139 17 44.571 23.624 19.184 C
140 17 45.596 24.339 19.185 O
141 17 43.210 24.278 21.166 C
142 17 42.412 23.657 22.314 C
143 17 42.255 24.981 20.179 C
144 17 41.579 24.661 23.141 C
145 18 43.894 23.280 18.078 N
146 18 44.388 23.720 16.777 C
147 18 43.193 24.052 15.928 C
148 18 42.036 23.811 16.356 O
149 18 45.367 22.698 16.124 C
150 18 44.683 21.376 15.752 C
151 18 44.452 20.373 16.686 C
152 18 44.121 21.220 14.483 C
153 18 43.789 19.208 16.321 C
154 18 43.438 20.067 14.083 C
155 18 43.271 19.054 15.025 C
156 18 42.634 17.898 14.694 O
157 19 43.440 24.652 14.771 N
158 19 42.371 24.975 13.842 C
159 19 42.314 23.942 12.723 C
160 19 43.338 23.537 12.176 O
161 19 42.444 26.358 13.281 C
162 19 42.141 27.405 14.296 C
163 19 41.963 28.700 13.577 C
164 19 42.099 29.876 14.511 C
165 19 42.097 31.153 13.791 N
166 20 41.114 23.474 12.424 N
167 20 41.020 22.479 11.411 C
168 20 41.070 23.141 10.013 C
169 20 41.302 24.349 9.883 O
170 20 39.877 21.495 11.609 C
171 20 38.508 22.068 11.297 C
172 20 38.465 23.313 10.929 O
173 20 37.511 21.434 11.344 O
174 21 40.804 22.305 8.990 N
175 21 40.878 22.779 7.579 C
176 21 39.969 23.937 7.272 C
177 21 40.247 24.708 6.390 O
178 21 40.691 21.627 6.588 C
179 21 39.306 21.294 6.586 O
180 21 41.513 20.385 7.047 C
181 22 38.871 24.054 8.056 N
182 22 37.877 25.122 7.929 C
183 22 38.147 26.280 8.882 C
184 22 37.392 27.244 8.897 O
185 22 36.442 24.635 8.223 C
186 22 35.988 23.421 7.401 C
187 22 35.714 23.781 5.976 C
188 22 35.010 24.884 5.840 O
189 22 36.180 23.137 5.041 O
190 23 39.179 26.174 9.710 N
191 23 39.463 27.248 10.622 C
192 23 38.759 27.108 11.977 C
193 23 38.744 28.064 12.744 O
194 24 38.226 25.910 12.265 N
195 24 37.584 25.717 13.571 C
196 24 38.463 25.024 14.586 C
197 24 39.250 24.112 14.280 O
198 24 36.340 24.879 13.512 C
199 24 35.331 25.427 12.565 C
200 24 34.975 26.775 12.608 C
201 24 34.736 24.554 11.652 C
202 24 34.068 27.261 11.671 C
203 24 33.821 25.025 10.715 C
204 24 33.503 26.387 10.737 C
205 24 32.583 26.882 9.848 O
206 25 38.292 25.435 15.829 N
207 25 39.051 24.899 16.921 C
208 25 38.692 23.441 17.155 C
209 25 37.499 23.074 17.296 O
210 25 38.843 25.735 18.209 C
211 25 39.505 27.088 18.103 C
212 25 40.890 27.182 17.946 C
213 25 38.726 28.247 18.198 C
214 25 41.544 28.411 17.904 C
215 25 39.359 29.481 18.124 C
216 25 40.747 29.559 17.979 C
217 25 41.333 30.817 17.907 O
218 26 39.759 22.642 17.185 N
219 26 39.679 21.208 17.306 C
220 26 40.813 20.726 18.199 C
221 26 41.731 21.463 18.445 O
222 26 39.860 20.682 15.826 C
223 26 38.943 21.280 14.989 O
224 26 39.915 19.171 15.601 C
225 27 40.807 19.466 18.603 N
226 27 41.895 18.908 19.345 C
227 27 41.854 17.401 19.139 C
228 27 40.824 16.884 18.774 O
229 27 41.736 19.193 20.863 C
230 27 43.060 18.940 21.671 C
231 27 40.513 18.385 21.430 C
232 27 43.311 19.932 22.758 C
233 28 42.948 16.719 19.465 N
234 28 42.998 15.267 19.472 C
235 28 43.029 14.766 18.076 C
236 28 43.804 15.269 17.265 O
237 29 42.194 13.762 17.859 N
238 29 42.058 13.141 16.553 C
239 29 40.779 13.645 15.929 C
240 29 39.757 12.963 15.907 O
241 29 42.052 11.618 16.692 C
242 29 43.312 11.225 17.488 C
243 29 42.107 10.936 15.289 C
244 29 43.266 9.810 18.077 C
245 30 40.821 14.887 15.458 N
246 30 39.692 15.453 14.778 C
247 30 38.511 15.730 15.631 C
248 30 37.408 15.781 15.115 O
249 31 38.712 15.985 16.911 N
250 31 37.573 16.304 17.741 C
251 31 37.222 17.806 17.691 C
252 31 37.884 18.619 18.289 O
253 31 37.830 15.831 19.198 C
254 31 36.634 16.114 20.011 C
255 31 35.579 15.234 20.050 N
256 31 36.270 17.209 20.787 C
257 31 34.612 15.747 20.798 C
258 31 34.991 16.931 21.286 N
259 32 36.169 18.204 16.963 N
260 32 35.751 19.599 16.862 C
261 32 35.238 20.129 18.191 C
262 32 34.401 19.517 18.879 O
263 32 34.671 19.758 15.759 C
264 32 34.015 21.158 15.819 C
265 32 34.915 22.212 15.168 C
266 32 32.675 21.157 15.102 C
267 33 35.766 21.241 18.574 N
268 33 35.347 21.785 19.862 C
269 33 34.215 22.756 19.717 C
270 33 33.252 22.736 20.483 O
271 33 36.533 22.453 20.585 C
272 33 37.554 21.408 21.107 C
273 33 38.868 22.111 21.498 C
274 33 37.001 20.738 22.364 C
275 34 34.369 23.649 18.738 N
276 34 33.383 24.694 18.554 C
277 34 33.658 25.405 17.252 C
278 34 34.798 25.455 16.813 O
279 34 33.498 25.734 19.709 C
280 34 32.467 26.744 19.599 O
281 34 34.847 26.438 19.722 C
282 35 32.602 25.967 16.687 N
283 35 32.695 26.772 15.482 C
284 35 32.884 28.238 15.821 C
285 35 33.094 29.032 14.917 O
286 35 31.471 26.607 14.573 C
287 35 31.449 25.203 14.001 C
288 35 30.327 24.899 13.027 C
289 35 30.313 23.415 12.640 C
290 35 29.047 22.983 12.026 
291 36 32.805 28.596 17.113 N
292 36 33.033 29.975 17.550 C
293 36 34.506 30.349 17.373 C
294 36 35.410 29.531 17.482 O
295 36 32.581 30.193 18.988 C
296 36 33.337 31.235 19.579 O
297 37 34.758 31.617 17.057 N
298 37 36.096 32.120 16.782 C
299 37 36.888 32.435 18.001 C
300 37 37.998 32.973 17.948 O
301 37 35.900 33.463 16.081 C
302 37 34.413 33.700 15.948 C
303 37 33.695 32.461 16.446 C
304 38 36.297 32.115 19.106 N
305 38 36.924 32.409 20.358 C
306 38 37.684 31.265 20.945 C
307 38 37.114 30.203 21.187 O
308 38 35.813 32.767 21.371 C
309 38 36.415 32.892 22.677 O
310 39 38.933 31.545 21.265 N
311 39 39.760 30.550 21.886 C
312 39 39.256 30.197 23.285 C
313 39 39.282 29.076 23.749 O
314 39 41.252 30.963 21.855 C
315 39 42.178 29.977 22.548 C
316 39 42.152 28.611 21.871 C
317 39 43.586 30.523 22.512 C
318 40 38.780 31.176 23.983 N
319 40 38.348 30.835 25.300 C
320 40 37.144 29.935 25.208 C
321 40 36.930 29.036 26.029 O
322 40 37.842 32.118 25.951 C
323 40 38.834 32.697 26.888 
324 40 40.011 32.306 26.869 
325 40 38.326 33.601 27.729 
326 41 36.326 30.273 24.229 N
327 41 35.147 29.458 24.021 C
328 41 35.580 28.029 23.735 C
329 41 34.911 27.078 24.181 O
330 41 34.280 29.935 22.881 C
331 42 36.685 27.851 23.024 N
332 42 37.139 26.484 22.700 C
333 42 37.648 25.806 23.931 C
334 42 37.492 24.608 24.126 O
335 42 38.296 26.553 21.710 C
336 43 38.344 26.613 24.730 N
337 43 38.939 26.090 25.955 C
338 43 37.880 25.665 26.920 C
339 43 38.006 24.641 27.568 O
340 43 39.714 27.133 26.653 C
341 43 41.124 27.161 26.149 C
342 43 41.828 28.436 26.551 C
343 43 43.299 28.509 26.140 C
344 43 44.109 29.343 27.048 N
345 44 36.841 26.423 26.946 N
346 44 35.729 26.044 27.819 C
347 44 35.039 24.730 27.381 C
348 44 34.723 23.833 28.211 O
349 44 34.771 27.200 28.002 C
350 44 33.509 26.724 28.404 O
351 45 34.875 24.564 26.069 N
352 45 34.274 23.345 25.549 C
353 45 35.212 22.234 25.832 C
354 45 34.791 21.159 26.158 O
355 45 34.088 23.431 24.036 C
356 45 32.893 24.340 23.663 C
357 45 31.535 23.832 24.147 C
358 45 31.239 22.688 24.255 O
359 45 30.666 24.755 24.364 O
360 46 36.491 22.490 25.728 N
361 46 37.421 21.430 25.984 C
362 46 37.368 20.920 27.456 C
363 46 37.373 19.715 27.755 O
364 46 38.816 21.892 25.612 C
365 46 39.855 20.876 25.956 C
366 46 39.679 19.664 25.078 C
367 46 41.245 21.451 25.647 C
368 47 37.304 21.843 28.393 N
369 47 37.280 21.446 29.768 C
370 47 36.056 20.694 30.103 C
371 47 36.126 19.753 30.864 O
372 47 37.399 22.653 30.720 C
373 47 38.761 23.321 30.614 C
374 47 39.732 22.835 30.088 O
375 47 38.794 24.481 31.181 O
376 48 34.950 21.140 29.534 N
377 48 33.692 20.446 29.770 C
378 48 33.716 19.026 29.126 C
379 48 33.160 18.033 29.628 O
380 48 32.623 21.345 29.191 C
381 48 31.460 20.654 28.569 C
382 48 30.286 21.611 28.430 C
383 48 30.222 22.283 27.115 C
384 48 29.736 21.390 26.076 N
385 49 34.407 18.887 28.023 N
386 49 34.452 17.556 27.379 C
387 49 35.339 16.576 28.118 C
388 49 35.059 15.405 28.127 O
389 49 34.978 17.687 25.943 C
390 50 36.441 17.076 28.721 N
391 50 37.441 16.252 29.432 C
392 50 37.146 16.076 30.899 C
393 50 37.490 15.080 31.554 O
394 50 38.880 16.820 29.254 C
395 50 39.344 16.628 27.828 C
396 50 39.901 16.198 30.206 C
397 50 38.996 15.246 27.339 C
398 51 36.535 17.084 31.410 N
399 51 36.202 17.031 32.806 C
400 51 37.285 17.561 33.732 C
401 51 37.311 17.222 34.896 O
402 52 38.188 18.364 33.231 N
403 52 39.189 18.983 34.081 C
404 52 39.554 20.275 33.468 C
405 52 39.174 20.548 32.329 O
406 52 40.424 18.181 34.408 C
407 52 41.217 17.848 33.205 C
408 52 42.316 16.878 33.548 C
409 52 43.138 16.617 32.386 N
410 52 44.041 17.430 31.930 C
411 52 44.330 18.604 32.481 N
412 52 44.711 17.073 30.876 N
413 53 40.267 21.050 34.238 N
414 53 40.708 22.326 33.742 C
415 53 41.923 22.069 32.909 C
416 53 42.969 21.730 33.474 O
417 53 41.058 23.208 34.929 C
418 53 40.287 24.470 34.769 
419 53 39.034 24.435 34.673 O
420 53 41.042 25.554 34.573 N
421 54 41.777 22.147 31.582 N
422 54 42.913 21.768 30.734 C
423 54 43.900 22.821 30.350 C
424 54 45.039 22.527 29.998 O
425 54 42.447 21.080 29.425 C
426 54 41.865 22.025 28.538 O
427 54 41.455 19.984 29.734 C
428 55 43.509 24.062 30.319 N
429 55 44.483 24.964 29.754 C
430 55 44.831 24.646 28.274 C
431 55 45.918 25.013 27.781 O
432 55 45.770 25.223 30.556 C
433 55 46.233 26.666 30.336 C
434 55 45.408 27.597 30.162 O
435 55 47.550 26.851 30.294 N
436 56 43.922 23.993 27.542 N
437 56 44.097 23.754 26.106 C
438 56 45.004 22.638 25.684 C
439 56 45.213 22.458 24.481 O
440 57 45.511 21.887 26.653 N
441 57 46.366 20.765 26.338 C
442 57 45.778 19.490 26.923 C
443 57 45.324 19.530 28.031 O
444 57 47.775 20.929 26.916 C
445 57 48.621 19.739 26.523 C
446 57 48.383 22.237 26.419 C
447 58 45.833 18.351 26.199 N
448 58 45.303 17.111 26.750 C
449 58 46.361 16.062 26.565 C
450 58 47.375 16.278 25.885 O
451 58 44.002 16.669 26.110 C
452 58 44.221 16.511 24.590 C
453 58 42.905 17.686 26.423 C
454 58 42.981 15.922 23.899 C
455 59 46.137 14.944 27.224 N
456 59 47.041 13.856 27.131 C
457 59 46.640 12.914 25.977 C
458 59 45.543 12.998 25.436 O
459 59 47.033 13.119 28.491 C
460 59 45.915 12.260 28.556 O
461 59 46.941 14.138 29.620 C
462 60 47.553 11.976 25.623 N
463 60 47.285 11.013 24.583 C
464 60 46.064 10.176 24.906 C
465 60 45.152 10.013 24.111 O
466 60 48.492 10.137 24.304 C
467 60 48.336 9.315 23.027 C
468 60 49.681 8.770 22.557 C
469 60 49.606 7.817 21.360 
470 60 50.347 8.250 20.141 
471 61 46.026 9.649 26.134 N
472 61 44.895 8.885 26.574 C
473 61 43.579 9.651 26.485 C
474 61 42.547 9.106 26.152 O
475 61 45.114 8.582 28.031 C
476 61 45.500 7.166 28.185 C
477 61 46.523 6.829 27.414 O
478 61 44.874 6.393 28.897 O
479 62 43.627 10.923 26.846 N
480 62 42.428 11.770 26.800 C
481 62 41.994 11.922 25.342 C
482 62 40.821 11.886 25.065 O
483 62 42.644 13.173 27.356 C
484 62 42.559 13.136 28.880 C
485 62 43.141 14.346 29.591 C
486 62 43.784 15.216 29.059 O
487 62 42.866 14.343 30.858 O
488 63 42.959 12.111 24.421 N
489 63 42.604 12.236 22.993 C
490 63 41.948 10.945 22.491 C
491 63 40.962 10.988 21.755 O
492 63 43.840 12.570 22.168 C
493 64 42.494 9.802 22.909 N
494 64 41.970 8.533 22.507 C
495 64 40.602 8.272 23.080 C
496 64 39.801 7.612 22.459 O
497 64 42.938 7.382 22.819 C
498 64 44.097 7.474 21.817 C
499 64 45.241 6.602 22.192 C
500 64 45.383 6.114 23.331 O
501 64 46.038 6.407 21.171 O
502 65 40.324 8.815 24.254 N
503 65 39.003 8.648 24.819 C
504 65 37.930 9.436 24.017 C
505 65 36.847 8.919 23.717 O
506 65 38.997 9.084 26.253 C
507 65 37.622 8.887 26.894 C
508 65 37.656 8.828 28.430 
509 65 36.531 8.008 29.076 C
510 65 36.257 8.417 30.489 N
511 66 38.255 10.686 23.643 N
512 66 37.366 11.483 22.794 C
513 66 37.164 10.773 21.478 C
514 66 36.066 10.733 20.942 O
515 66 37.956 12.861 22.439 C
516 66 38.059 13.737 23.672 C
517 66 38.456 15.140 23.296 C
518 66 36.706 13.756 24.377 C
519 67 38.227 10.206 20.963 N
520 67 38.163 9.494 19.651 C
521 67 37.236 8.298 19.722 C
522 67 36.362 8.071 18.860 O
523 67 39.583 9.098 19.278 C
524 67 39.759 8.489 17.919 C
525 67 39.025 8.950 16.822 C
526 67 40.699 7.474 17.732 C
527 67 39.250 8.456 15.532 C
528 67 40.899 6.938 16.462 C
529 67 40.169 7.424 15.379 C
530 68 37.364 7.504 20.774 N
531 68 36.453 6.366 20.954 C
532 68 34.986 6.798 20.993 C
533 68 34.067 6.189 20.408 O
534 68 36.810 5.618 22.245 C
535 68 37.979 4.619 22.079 C
536 68 38.015 3.867 21.116 O
537 68 38.877 4.514 23.098 N
538 69 34.704 7.885 21.740 N
539 69 33.320 8.326 21.822 C
540 69 32.821 8.828 20.495 C
541 69 31.680 8.663 20.134 O
542 69 33.189 9.528 22.783 C
543 69 33.646 9.144 24.191 C
544 69 33.701 10.254 25.218 C
545 69 33.743 9.948 26.419 O
546 69 33.803 11.516 24.788 N
547 70 33.707 9.545 19.765 N
548 70 33.341 10.089 18.474 C
549 70 33.047 9.035 17.416 C
550 70 32.112 9.190 16.619 O
551 70 34.409 11.066 17.928 C
552 70 34.432 12.345 18.706 C
553 70 33.583 12.654 19.489 O
554 70 35.545 13.007 18.560 O
555 71 33.843 7.964 17.404 N
556 71 33.641 6.827 16.471 C
557 71 32.335 6.097 16.841 C
558 71 31.486 5.816 15.983 O
559 71 34.822 5.835 16.433 C
560 71 34.385 4.608 15.641 C
561 71 36.110 6.461 15.852 C
562 72 32.138 5.859 18.137 N
563 72 30.925 5.201 18.552 C
564 72 29.709 6.055 18.182 C
565 72 28.681 5.604 17.675 O
566 72 31.047 5.035 20.042 C
567 72 30.016 4.141 20.654 C
568 72 29.902 2.979 20.070 O
569 72 29.443 4.453 21.667 O
570 73 29.829 7.342 18.414 N
571 73 28.738 8.210 18.092 C
572 73 28.417 8.202 16.599 C
573 73 27.257 8.225 16.195 O
574 73 29.028 9.636 18.507 C
575 74 29.419 8.239 15.768 N
576 74 29.184 8.229 14.330 C
577 74 28.460 6.927 13.918 C
578 74 27.504 7.020 13.124 O
579 74 30.457 8.390 13.541 C
580 75 28.940 5.761 14.436 N
581 75 28.275 4.486 14.109 C
582 75 26.842 4.553 14.560 C
583 75 25.903 4.216 13.837 O
584 75 28.944 3.287 14.744 C
585 75 28.116 2.039 14.446 C
586 75 30.372 3.132 14.188 C
587 76 26.617 5.005 15.766 N
588 76 25.261 5.022 16.201 C
589 76 24.424 6.016 15.429 C
590 76 23.248 5.813 15.142 O
591 76 25.169 5.183 17.721 C
592 76 25.009 3.840 18.447 C
593 76 25.117 4.014 19.965 C
594 76 26.271 4.837 20.380 
595 76 26.239 6.080 20.917 
596 76 25.107 6.747 21.128 
597 76 27.381 6.689 21.249 N
598 77 25.012 7.127 15.019 N
599 77 24.235 8.090 14.246 C
600 77 23.782 7.490 12.891 C
601 77 22.686 7.717 12.418 O
602 78 24.661 6.728 12.232 N
603 78 24.344 6.065 10.940 C
604 78 23.155 5.116 11.144 C
605 78 22.203 5.076 10.387 O
606 78 25.585 5.245 10.441 C
607 78 26.659 6.212 9.850 C
608 78 25.230 4.172 9.417 C
609 78 28.029 5.591 9.607 C
610 79 23.245 4.364 12.220 N
611 79 22.240 3.354 12.484 C
612 79 20.907 3.902 12.836 C
613 79 19.920 3.233 12.697 O
614 79 22.688 2.312 13.506 C
615 79 23.962 1.575 13.074 C
616 79 24.545 0.791 14.252 C
617 79 23.670 0.628 11.925 C
618 80 20.888 5.121 13.311 N
619 80 19.628 5.736 13.630 C
620 80 19.103 6.532 12.444 C
621 80 17.974 6.977 12.491 O
622 80 19.771 6.768 14.748 C
623 80 20.178 6.325 16.154 
624 80 19.865 7.417 17.197 
625 80 21.043 8.110 17.759 
626 80 21.547 9.287 17.343 
627 80 21.031 9.983 16.318 N
628 80 22.621 9.773 17.975 N
629 81 19.937 6.832 11.434 N
630 81 19.482 7.676 10.359 C
631 81 18.713 6.867 9.351 C
632 81 19.188 5.847 8.868 O
633 81 20.668 8.471 9.758 C
634 81 20.258 9.421 8.696 C
635 81 19.780 9.048 7.655 O
636 81 20.544 10.694 8.889 N
637 82 17.483 7.266 9.087 N
638 82 16.707 6.497 8.168 C
639 82 17.336 6.414 6.801 C
640 82 17.060 5.475 6.064 O
641 82 15.331 7.095 7.998 C
642 83 18.121 7.422 6.409 N
643 83 18.742 7.420 5.096 C
644 83 20.058 6.655 5.027 C
645 83 20.399 6.077 4.001 O
646 83 19.036 8.802 4.535 C
647 83 17.802 9.575 4.114 C
648 83 17.480 10.671 5.129 
649 83 16.614 11.802 4.580 
650 83 17.001 13.135 5.119 
651 84 20.783 6.692 6.112 N
652 84 22.083 6.048 6.125 C
653 84 22.045 4.599 6.471 C
654 84 22.858 3.828 5.965 O
655 84 22.995 6.782 7.089 C
656 84 23.149 8.243 6.734 C
657 84 23.964 8.995 7.780 C
658 84 23.865 8.388 5.412 C
659 85 21.200 4.239 7.373 N
660 85 21.153 2.856 7.820 C
661 85 21.124 1.783 6.727 C
662 85 21.875 0.803 6.776 O
663 85 19.963 2.641 8.743 C
664 85 20.075 1.275 9.365 C
665 85 19.058 1.048 10.465 C
666 85 19.348 -0.219 11.262 C
667 85 19.489 -1.418 10.421 N
668 86 20.204 1.937 5.773 N
669 86 20.036 0.953 4.731 C
670 86 21.262 0.859 3.870 C
671 86 21.619 -0.231 3.392 O
672 86 18.807 1.390 3.882 C
673 86 18.388 2.734 4.416 C
674 86 19.282 3.073 5.597 C
675 87 21.939 1.996 3.728 N
676 87 23.168 1.957 2.920 C
677 87 24.227 1.140 3.653 C
678 87 24.839 0.231 3.169 O
679 87 23.655 3.361 2.581 C
680 87 24.923 3.296 1.734 C
681 87 22.525 4.172 1.860 C
682 88 24.412 1.487 4.890 N
683 88 25.355 0.832 5.743 C
684 88 25.093 -0.673 5.820 C
685 88 26.007 -1.505 5.706 O
686 88 25.217 1.489 7.146 C
687 88 26.257 1.000 8.105 C
688 88 26.056 -0.163 8.841 C
689 88 27.474 1.657 8.215 C
690 88 27.040 -0.631 9.710 C
691 88 28.442 1.238 9.127 C
692 88 28.223 0.092 9.887 C
693 88 29.202 -0.335 10.747 O
694 89 23.828 -1.027 5.987 N
695 89 23.443 -2.436 6.069 C
696 89 23.739 -3.160 4.810 C
697 89 24.030 -4.361 4.819 O
698 89 21.937 -2.607 6.302 C
699 89 21.497 -2.410 7.753 C
700 89 22.455 -2.412 8.631 O
701 89 20.342 -2.173 8.015 O
702 90 23.660 -2.471 3.708 N
703 90 23.949 -3.143 2.457 C
704 90 25.421 -3.334 2.099 C
705 90 25.785 -4.113 1.228 O
706 90 23.282 -2.350 1.351 C
707 90 24.153 -1.273 0.991 O
708 91 26.339 -2.625 2.755 N
709 91 27.748 -2.647 2.413 C
710 91 28.565 -3.724 3.110 C
711 91 28.182 -4.168 4.195 O
712 91 28.371 -1.287 2.856 C
713 91 27.784 -0.025 2.189 C
714 91 28.369 1.256 2.833 C
715 91 28.176 -0.008 0.709 C
716 92 29.720 -4.071 2.516 N
717 92 30.692 -4.967 3.120 C
718 92 31.496 -4.228 4.203 C
719 92 31.353 -3.038 4.359 O
720 92 31.702 -5.495 2.086 C
721 92 32.436 -4.348 1.417 C
722 92 31.733 -3.889 0.412 O
723 92 33.518 -3.914 1.807 O
724 93 32.383 -4.953 4.938 N
725 93 33.168 -4.368 6.037 C
726 93 34.030 -3.160 5.730 C
727 93 33.976 -2.142 6.475 O
728 93 33.828 -5.365 6.967 C
729 94 34.805 -3.271 4.670 N
730 94 35.654 -2.201 4.303 C
731 94 34.875 -0.975 3.922 C
732 94 35.170 0.109 4.344 O
733 94 36.580 -2.664 3.196 C
734 94 37.551 -1.556 2.828 C
735 94 37.351 -3.814 3.766 C
736 95 33.893 -1.136 3.091 N
737 95 33.110 0.033 2.687 C
738 95 32.335 0.700 3.810 C
739 95 32.098 1.900 3.812 O
740 95 32.224 -0.285 1.471 C
741 95 33.076 -0.624 0.242 C
742 95 32.172 -0.870 -1.009 C
743 95 32.916 -0.993 -2.258 N
744 95 33.210 -2.177 -2.799 C
745 95 32.934 -3.338 -2.179 N
746 95 33.826 -2.205 -3.986 N
747 96 31.899 -0.084 4.784 N
748 96 31.183 0.456 5.962 C
749 96 32.086 1.442 6.637 C
750 96 31.638 2.525 7.034 O
751 96 30.827 -0.650 6.937 C
752 96 29.540 -1.310 6.487 C
753 96 29.158 -2.479 7.426 C
754 96 28.003 -3.185 6.884 N
755 96 27.463 -4.307 7.357 C
756 96 27.935 -4.898 8.422 N
757 96 26.409 -4.866 6.732 N
758 97 33.371 1.068 6.719 N
759 97 34.355 1.967 7.300 C
760 97 34.445 3.266 6.534 C
761 97 34.559 4.317 7.148 O
762 97 35.738 1.317 7.350 C
763 98 34.410 3.238 5.176 N
764 98 34.465 4.470 4.402 C
765 98 33.270 5.371 4.746 C
766 98 33.377 6.597 4.806 O
767 98 34.465 4.195 2.895 C
768 99 32.083 4.765 4.946 N
769 99 30.916 5.561 5.284 C
770 99 31.070 6.155 6.671 C
771 99 30.708 7.305 6.931 O
772 99 29.613 4.693 5.203 C
773 99 28.269 5.388 5.351 C
774 99 27.996 6.263 4.145 C
775 99 27.194 4.291 5.421 C
776 100 31.625 5.380 7.568 N
777 100 31.814 5.955 8.889 C
778 100 32.776 7.170 8.823 C
779 100 32.558 8.219 9.434 O
780 100 32.258 4.839 9.871 C
781 100 31.274 3.663 10.095 C
782 100 32.762 5.439 11.166 C
783 100 32.039 2.490 10.802 C
784 101 33.840 7.083 8.014 N
785 101 34.821 8.149 7.881 C
786 101 34.149 9.433 7.434 C
787 101 34.309 10.492 8.005 O
788 101 35.885 7.664 6.879 C
789 101 37.082 8.581 6.781 C
790 101 36.935 9.799 6.675 O
791 101 38.244 7.997 6.814 N
792 102 33.292 9.305 6.410 N
793 102 32.585 10.470 5.948 C
794 102 31.690 11.083 7.038 C
795 102 31.601 12.304 7.186 O
796 102 31.684 10.201 4.695 C
797 102 32.457 9.801 3.434 C
798 102 31.263 9.623 2.042 S
799 102 30.764 11.331 1.722 C
800 103 30.952 10.258 7.750 N
801 103 30.054 10.828 8.774 C
802 103 30.870 11.491 9.892 C
803 103 30.488 12.510 10.412 O
804 103 29.199 9.728 9.358 C
805 103 28.434 10.259 10.577 C
806 103 28.191 9.215 8.311 C
807 104 32.018 10.910 10.224 N
808 104 32.859 11.462 11.260 C
809 104 33.325 12.864 10.866 C
810 104 33.315 13.788 11.668 O
811 104 34.101 10.576 11.373 C
812 104 35.022 10.971 12.499 C
813 104 36.016 11.930 12.312 C
814 104 34.947 10.344 13.746 C
815 104 36.890 12.247 13.371 C
816 104 35.812 10.656 14.794 C
817 104 36.819 11.591 14.601 C
818 105 33.704 13.006 9.583 N
819 105 34.171 14.281 9.041 C
820 105 33.084 15.337 8.869 C
821 105 33.195 16.463 9.341 O
822 105 34.976 14.081 7.706 C
823 105 35.585 15.421 7.195 C
824 105 36.185 15.340 5.786 C
825 105 36.184 14.259 5.158 O
826 105 36.822 16.431 5.350 N
827 106 32.008 14.975 8.180 N
828 106 30.917 15.913 7.826 C
829 106 29.604 15.825 8.550 C
830 106 28.697 16.628 8.320 O
831 106 30.733 16.103 6.277 C
832 106 30.293 14.992 5.355 C
833 106 30.873 15.361 3.667 S
834 106 32.246 14.249 3.586 C
835 107 29.461 14.828 9.413 N
836 107 28.249 14.678 10.149 C
837 107 27.225 13.977 9.302 C
838 107 27.258 13.999 8.104 O
839 108 26.313 13.362 9.999 N
840 108 25.279 12.584 9.381 C
841 108 24.385 13.342 8.438 C
842 108 23.992 12.887 7.383 O
843 108 24.462 11.898 10.480 C
844 108 22.992 12.231 10.411 C
845 108 22.277 11.596 11.558 
846 108 23.112 11.087 12.409 O
847 108 21.065 11.534 11.663 O
848 109 23.998 14.537 8.836 N
849 109 23.138 15.248 7.954 C
850 109 23.860 15.500 6.667 C
851 109 23.284 15.431 5.578 O
852 109 22.849 16.657 8.471 C
853 109 22.379 16.581 9.749 O
854 109 21.843 17.331 7.529 C
855 110 25.124 15.866 6.828 N
856 110 25.914 16.182 5.660 C
857 110 25.969 15.004 4.682 C
858 110 25.705 15.145 3.498 O
859 111 26.309 13.824 5.188 N
860 111 26.387 12.674 4.345 C
861 111 25.022 12.257 3.814 C
862 111 24.893 11.820 2.671 O
863 111 27.025 11.551 5.088 C
864 111 27.179 10.395 4.108 C
865 111 28.393 12.008 5.574 C
866 112 23.995 12.430 4.640 N
867 112 22.641 12.067 4.198 C
868 112 22.241 12.906 2.967 C
869 112 21.377 12.524 2.153 O
870 112 21.635 12.115 5.357 C
871 113 22.911 14.056 2.779 N
872 113 22.627 14.890 1.606 C
873 113 23.194 14.355 0.261 C
874 113 22.892 14.897 -0.809 O
875 114 23.964 13.269 0.270 N
876 114 24.530 12.729 -0.958 C
877 114 23.584 11.691 -1.531 C
878 114 23.927 10.528 -1.736 O
879 114 25.896 12.104 -0.634 C
880 114 27.047 13.103 -0.402 C
881 114 26.965 14.214 0.435 C
882 114 28.192 13.014 -1.180 C
883 114 28.035 15.095 0.627 C
884 114 29.278 13.881 -1.014 C
885 114 29.191 14.948 -0.124 C
886 115 22.369 12.132 -1.819 N
887 115 21.356 11.210 -2.221 C
888 115 21.728 10.258 -3.333 C
889 115 21.509 9.049 -3.255 O
890 115 20.142 11.999 -2.705 C
891 115 19.717 12.847 -1.702 O
892 115 19.045 11.007 -2.940 C
893 116 22.220 10.828 -4.420 N
894 116 22.572 10.028 -5.567 C
895 116 23.678 9.007 -5.292 C
896 116 23.587 7.879 -5.765 O
897 116 22.932 10.873 -6.789 C
898 117 24.744 9.433 -4.639 N
899 117 25.876 8.550 -4.312 C
900 117 25.420 7.424 -3.413 C
901 117 25.857 6.295 -3.572 O
902 117 26.895 9.361 -3.549 C
903 117 27.564 10.138 -4.468 O
904 118 24.549 7.765 -2.449 N
905 118 24.006 6.755 -1.482 C
906 118 23.222 5.724 -2.229 C
907 118 23.304 4.546 -2.043 O
908 118 23.124 7.355 -0.331 C
909 118 23.885 8.391 0.539 C
910 118 22.960 9.099 1.500 C
911 118 24.911 7.685 1.400 C
912 119 22.475 6.187 -3.151 N
913 119 21.696 5.215 -3.886 C
914 119 22.565 4.337 -4.754 C
915 119 22.302 3.130 -4.893 O
916 119 20.604 5.916 -4.658 C
917 119 20.417 5.372 -6.037 C
918 119 19.646 6.382 -6.918 
919 119 20.249 6.727 -8.224 
920 119 20.295 7.970 -8.730 
921 119 19.795 9.020 -8.051 
922 119 20.866 8.158 -9.939 
923 120 23.623 4.957 -5.329 N
924 120 24.558 4.260 -6.156 C
925 120 25.355 3.279 -5.318 C
926 120 25.609 2.166 -5.721 O
927 120 25.529 5.182 -6.936 C
928 120 24.892 5.715 -8.231 C
929 120 25.947 7.063 -8.774 S
930 120 24.802 8.276 -9.430 C
931 121 25.725 3.660 -4.134 N
932 121 26.422 2.664 -3.317 C
933 121 25.511 1.492 -2.962 C
934 121 25.881 0.322 -2.931 O
935 121 26.844 3.319 -2.001 C
936 121 27.976 4.316 -2.211 C
937 121 28.123 5.128 -0.919 C
938 121 29.301 3.590 -2.488 C
939 122 24.278 1.800 -2.611 N
940 122 23.402 0.760 -2.258 C
941 122 23.232 -0.211 -3.432 C
942 122 23.041 -1.416 -3.285 O
943 122 22.046 1.388 -1.899 C
944 122 21.206 0.430 -1.038 C
945 122 19.973 1.088 -0.477 C
946 122 19.834 2.336 -0.517 O
947 122 19.061 0.243 0.010 
948 123 23.278 0.314 -4.626 N
949 123 23.134 -0.527 -5.791 C
950 123 24.423 -1.229 -6.174 C
951 123 24.439 -2.006 -7.131 O
952 123 22.657 0.275 -7.024 C
953 123 21.198 0.731 -6.880 C
954 123 20.673 1.514 -8.071 C
955 123 19.525 1.311 -8.487 
956 123 21.508 2.400 -8.631 N
957 124 25.506 -0.946 -5.481 N
958 124 26.800 -1.538 -5.781 C
959 124 27.362 -1.150 -7.142 C
960 124 28.068 -1.921 -7.804 O
961 124 26.794 -3.027 -5.584 C
962 124 26.245 -3.313 -4.182 C
963 124 26.701 -4.660 -3.689 C
964 124 26.218 -4.940 -2.264 C
965 124 27.032 -4.294 -1.317 N
966 125 27.090 0.117 -7.520 N
967 125 27.609 0.701 -8.783 C
968 125 28.837 1.572 -8.380 C
969 125 28.759 2.797 -8.310 O
970 125 26.511 1.580 -9.471 C
971 125 25.214 0.867 -10.008 C
972 125 24.217 1.957 -10.457 C
973 125 23.205 1.644 -11.470 N
974 125 22.599 0.465 -11.622 
975 125 22.896 -0.586 -10.848 
976 125 21.669 0.324 -12.583 N
977 126 29.949 0.884 -8.043 N
978 126 31.125 1.498 -7.472 C
979 126 31.758 2.644 -8.247 C
980 126 32.048 3.710 -7.716 O
981 126 32.142 0.427 -7.022 C
982 126 31.503 -0.746 -6.316 C
983 126 31.669 -2.036 -6.674 C
984 126 30.741 -0.757 -5.118 C
985 126 31.045 -2.854 -5.778 N
986 126 30.468 -2.101 -4.810 C
987 126 30.266 0.244 -4.287 C
988 126 29.698 -2.486 -3.708 C
989 126 29.472 -0.119 -3.221 C
990 126 29.201 -1.492 -2.923 C
991 127 31.937 2.417 -9.523 N
992 127 32.546 3.426 -10.367 C
993 127 31.673 4.645 -10.566 C
994 127 32.170 5.791 -10.522 O
995 127 33.062 2.817 -11.692 C
996 127 34.300 1.934 -11.564 C
997 127 34.645 1.319 -10.571 O
998 127 34.921 1.826 -12.696 O
999 128 30.346 4.406 -10.702 N
1000 128 29.410 5.520 -10.801 C
1001 128 29.367 6.347 -9.513 C
1002 128 29.384 7.573 -9.545 O
1003 128 27.974 5.084 -11.169 C
1004 128 27.986 4.448 -12.599 C
1005 128 26.849 3.506 -12.924 C
1006 128 25.634 3.986 -12.669 O
1007 128 27.059 2.420 -13.419 O
1008 129 29.324 5.671 -8.362 N
1009 129 29.281 6.402 -7.077 C
1010 129 30.534 7.241 -6.888 C
1011 129 30.491 8.373 -6.456 O
1012 129 29.152 5.405 -5.930 C
1013 130 31.681 6.666 -7.223 N
1014 130 32.930 7.381 -7.100 C
1015 130 32.943 8.658 -7.904 C
1016 130 33.484 9.678 -7.481 O
1017 130 34.076 6.507 -7.561 C
1018 131 32.374 8.633 -9.093 N
1019 131 32.405 9.881 -9.849 C
1020 131 31.461 10.892 -9.236 C
1021 131 31.711 12.090 -9.229 O
1022 131 31.927 9.637 -11.297 C
1023 131 31.690 10.962 -11.985 C
1024 131 32.947 8.836 -12.088 C
1025 132 30.318 10.412 -8.770 N
1026 132 29.366 11.317 -8.209 C
1027 132 29.897 11.882 -6.931 C
1028 132 29.660 13.044 -6.604 O
1029 132 28.025 10.632 -7.863 C
1030 132 26.943 11.595 -7.384 C
1031 132 26.689 11.795 -6.179 O
1032 132 26.180 12.158 -8.350 N
1033 133 30.587 11.021 -6.188 N
1034 133 31.101 11.509 -4.898 C
1035 133 32.041 12.663 -5.097 C
1036 133 32.109 13.540 -4.231 O
1037 133 31.821 10.421 -4.062 C
1038 133 30.911 9.421 -3.369 C
1039 133 31.647 8.124 -2.995 C
1040 133 30.192 10.066 -2.159 C
1041 134 32.817 12.646 -6.197 N
1042 134 33.810 13.681 -6.466 C
1043 134 33.212 15.039 -6.857 C
1044 134 33.903 16.032 -6.803 O
1045 134 34.837 13.210 -7.487 C
1046 135 31.926 15.091 -7.213 N
1047 135 31.314 16.361 -7.527 C
1048 135 30.760 16.988 -6.280 C
1049 135 29.559 16.996 -6.040 O
1050 135 30.182 16.135 -8.515 C
1051 135 30.741 15.451 -9.784 C
1052 135 29.592 15.339 -10.786 C
1053 135 29.896 14.711 -12.120 C
1054 135 28.690 14.115 -12.735 
1055 136 31.661 17.487 -5.445 N
1056 136 31.267 18.005 -4.176 C
1057 136 32.288 18.958 -3.608 C
1058 136 33.474 18.875 -3.850 O
1059 136 31.122 16.817 -3.209 C
1060 136 32.375 16.128 -3.024 O
1061 137 31.760 19.814 -2.791 N
1062 137 32.600 20.721 -2.053 C
1063 137 33.605 19.929 -1.291 C
1064 137 34.792 20.266 -1.203 O
1065 137 31.769 21.462 -0.988 C
1066 137 32.639 22.510 -0.338 C
1067 137 31.923 23.338 0.719 C
1068 137 32.758 24.434 1.256 N
1069 137 33.585 24.260 2.283 
1070 137 33.698 23.078 2.896 N
1071 137 34.325 25.284 2.701 N
1072 138 33.135 18.829 -0.665 N
1073 138 33.997 17.941 0.111 C
1074 138 35.238 17.564 -0.661 C
1075 138 36.371 17.708 -0.216 O
1076 138 33.205 16.668 0.425 C
1077 138 34.014 15.529 1.032 C
1078 138 34.724 15.570 2.191 C
1079 138 34.088 14.187 0.538 C
1080 138 35.276 14.328 2.475 N
1081 138 34.867 13.435 1.463 C
1082 138 33.532 13.555 -0.549 C
1083 138 35.074 12.059 1.320 C
1084 138 33.753 12.218 -0.705 C
1085 138 34.506 11.481 0.230 C
1086 139 35.046 17.061 -1.885 N
1087 139 36.178 16.647 -2.616 C
1088 139 37.063 17.800 -3.017 C
1089 139 38.291 17.661 -3.072 O
1090 139 35.642 16.058 -3.878 C
1091 139 36.707 15.657 -4.815 C
1092 139 37.274 14.388 -4.708 C
1093 139 37.124 16.515 -5.826 C
1094 139 38.240 13.958 -5.611 C
1095 139 38.085 16.093 -6.741 C
1096 139 38.634 14.811 -6.643 C
1097 139 39.579 14.385 -7.567 O
1098 140 36.447 18.929 -3.333 N
1099 140 37.252 20.121 -3.761 C
1100 140 38.036 20.761 -2.634 C
1101 140 39.095 21.331 -2.835 O
1102 140 36.389 21.189 -4.411 C
1103 140 36.040 20.728 -5.796 C
1104 140 34.914 20.267 -6.055 O
1105 140 37.031 20.713 -6.659 N
1106 141 37.542 20.684 -1.432 N
1107 141 38.296 21.305 -0.326 C
1108 141 39.324 20.407 0.309 C
1109 141 40.334 20.890 0.823 O
1110 141 37.359 21.726 0.823 C
1111 141 36.389 22.787 0.360 C
1112 141 37.007 24.080 -0.215 C
1113 141 36.687 24.502 -1.367 O
1114 141 37.852 24.725 0.613 N
1115 142 39.038 19.088 0.403 N
1116 142 39.976 18.163 0.973 C
1117 142 40.138 17.012 -0.002 C
1118 142 39.777 15.899 0.254 O
1119 142 39.570 17.632 2.382 C
1120 142 38.238 17.113 2.343 O
1121 142 39.537 18.778 3.396 C
1122 143 40.753 17.270 -1.104 N
1123 143 40.866 16.277 -2.140 C
1124 143 41.692 15.051 -1.797 C
1125 143 41.419 13.945 -2.254 O
1126 143 41.477 16.985 -3.323 C
1127 143 42.036 18.330 -2.810 C
1128 143 41.421 18.572 -1.446 C
1129 144 42.790 15.220 -1.056 N
1130 144 43.540 14.010 -0.836 C
1131 144 42.771 12.985 0.075 C
1132 144 42.840 11.789 -0.126 O
1133 144 44.958 14.266 -0.297 C
1134 144 45.891 14.871 -1.378 C
1135 144 45.740 14.627 -2.594 O
1136 144 46.900 15.577 -0.943 N
1137 145 42.149 13.513 1.122 N
1138 145 41.424 12.645 1.988 C
1139 145 40.212 12.044 1.256 C
1140 145 39.927 10.860 1.364 O
1141 145 40.945 13.457 3.133 C
1142 145 40.374 12.491 4.151 C
1143 145 39.244 13.104 4.902 C
1144 145 38.733 12.260 5.975 N
1145 145 38.693 12.691 7.259 C
1146 145 39.192 13.832 7.584 N
1147 145 38.152 11.944 8.248 N
1148 146 39.481 12.911 0.534 N
1149 146 38.324 12.530 -0.272 C
1150 146 38.716 11.405 -1.203 C
1151 146 38.018 10.380 -1.300 O
1152 146 37.744 13.725 -1.021 C
1153 147 39.858 11.552 -1.903 N
1154 147 40.344 10.511 -2.823 C
1155 147 40.602 9.189 -2.099 C
1156 147 40.303 8.098 -2.662 O
1157 147 41.604 10.844 -3.584 C
1158 147 41.487 12.019 -4.545 
1159 147 42.722 12.234 -5.423 C
1160 147 42.778 13.649 -6.012 C
1161 147 44.015 13.941 -6.763 
1162 148 41.130 9.258 -0.871 N
1163 148 41.350 8.025 -0.149 C
1164 148 40.023 7.341 0.155 C
1165 148 39.897 6.137 -0.013 O
1166 148 42.090 8.248 1.157 C
1167 148 43.530 8.611 0.898 C
1168 148 44.401 8.440 2.134 C
1169 148 44.074 9.459 3.107 N
1170 148 44.625 10.665 3.133 C
1171 148 45.549 11.020 2.205 N
1172 148 44.296 11.539 4.043 N
1173 149 39.044 8.105 0.584 N
1174 149 37.737 7.512 0.928 C
1175 149 37.030 6.992 -0.306 C
1176 149 36.444 5.912 -0.357 O
1177 149 36.933 8.551 1.619 C
1178 149 35.506 8.036 1.945 C
1179 149 37.641 8.888 2.918 C
1180 150 37.084 7.814 -1.350 N
1181 150 36.462 7.406 -2.599 C
1182 150 37.061 6.109 -3.163 C
1183 150 36.335 5.251 -3.713 O
1184 150 36.535 8.526 -3.618 C
1185 150 35.458 9.562 -3.282 C
1186 150 36.243 7.888 -4.986 C
1187 150 35.644 10.921 -3.977 C
1188 151 38.416 5.945 -3.074 N
1189 151 39.089 4.736 -3.537 C
1190 151 38.625 3.520 -2.770 C
1191 151 38.564 2.433 -3.324 O
1192 151 40.625 4.832 -3.442 C
1193 151 40.986 5.728 -4.503 O
1194 151 41.301 3.465 -3.740 C
1195 152 38.378 3.738 -1.479 N
1196 152 37.934 2.658 -0.588 C
1197 152 36.507 2.226 -1.016 C
1198 152 36.188 1.059 -1.076 O
1199 152 38.024 3.121 0.902 C
1200 152 39.313 3.648 1.184 O
1201 152 37.702 1.952 1.860 C
1202 153 35.645 3.145 -1.380 N
1203 153 34.336 2.661 -1.814 C
1204 153 34.400 1.998 -3.166 C
1205 153 33.688 1.070 -3.478 O
1206 153 33.420 3.851 -2.050 C
1207 153 32.793 4.445 -0.810 C
1208 153 31.955 3.693 0.019 C
1209 153 32.942 5.801 -0.503 C
1210 153 31.327 4.260 1.154 C
1211 153 32.304 6.386 0.593 C
1212 153 31.512 5.619 1.445 C
1213 154 35.254 2.534 -4.023 N
1214 154 35.365 2.004 -5.357 C
1215 154 35.886 0.595 -5.411 C
1216 154 35.356 -0.222 -6.146 O
1217 154 36.268 2.876 -6.245 C
1218 154 36.017 2.617 -7.737 C
1219 154 36.901 3.472 -8.665 C
1220 154 38.188 3.781 -8.066 N
1221 154 39.305 3.052 -8.242 
1222 154 39.329 1.952 -9.025 N
1223 154 40.437 3.435 -7.596 N
1224 155 36.945 0.351 -4.638 N
1225 155 37.637 -0.934 -4.640 C
1226 155 37.223 -1.904 -3.578 C
1227 155 37.365 -3.100 -3.721 O
1228 155 39.157 -0.742 -4.527 C
1229 155 39.537 -0.263 -3.213 O
1230 155 39.684 0.184 -5.590 C
1231 156 36.829 -1.423 -2.427 N
1232 156 36.507 -2.287 -1.321 C
1233 156 37.745 -2.876 -0.598 C
1234 156 37.638 -3.869 0.100 O
1235 157 38.915 -2.264 -0.768 N
1236 157 40.104 -2.705 -0.150 C
1237 157 40.669 -1.488 0.524 C
1238 157 40.173 -0.386 0.361 O
1239 157 41.153 -3.122 -1.211 C
1240 157 41.544 -1.944 -1.903 O
1241 157 40.610 -4.145 -2.173 C
1242 158 41.718 -1.701 1.298 N
1243 158 42.343 -0.606 2.033 C
1244 158 43.525 -0.058 1.283 C
1245 158 44.353 0.681 1.803 O
1246 158 42.946 -1.201 3.349 C
1247 158 41.866 -1.612 4.338 C
1248 158 41.577 -2.870 4.705 C
1249 158 40.932 -0.761 5.041 C
1250 158 40.546 -2.870 5.607 N
1251 158 40.136 -1.601 5.867 C
1252 158 40.765 0.628 5.147 C
1253 158 39.139 -1.107 6.755 C
1254 158 39.777 1.112 6.032 C
1255 158 38.982 0.258 6.814 C
1256 159 43.643 -0.408 0.063 N
1257 159 44.803 0.054 -0.673 C
1258 159 45.210 1.529 -0.537 C
1259 159 46.399 1.867 -0.582 O
1260 159 44.670 -0.296 -2.161 C
1261 159 44.733 -1.808 -2.391 C
1262 159 45.038 -2.517 -1.312 O
1263 159 44.544 -2.320 -3.488 O
1264 160 44.246 2.426 -0.455 N
1265 160 44.568 3.834 -0.418 C
1266 160 45.261 4.183 0.869 C
1267 160 45.810 5.245 0.997 O
1268 160 43.300 4.681 -0.593 C
1269 161 45.200 3.311 1.844 N
1270 161 45.792 3.591 3.141 C
1271 161 47.135 2.872 3.454 C
1272 161 47.671 3.156 4.511 O
1273 161 44.766 3.378 4.281 C
1274 161 43.678 4.410 4.294 C
1275 161 42.537 4.216 3.521 C
1276 161 43.780 5.543 5.097 C
1277 161 41.539 5.191 3.447 C
1278 161 42.768 6.489 5.093 C
1279 161 41.669 6.323 4.250 C
1280 161 40.689 7.253 4.244 O
1281 162 47.657 1.962 2.585 N
1282 162 48.935 1.219 2.797 C
1283 162 50.046 1.843 1.962 C
1284 162 51.096 2.241 2.473 O
1285 162 48.810 -0.249 2.417 C
1286 162 47.809 -0.981 3.310 C
1287 162 47.552 -2.440 2.939 
1288 162 46.885 -2.635 1.580 C
1289 162 45.792 -3.636 1.599 N
