1293
1 1 44.027 -3.045 9.151 N
2 1 43.475 -1.717 9.140 C
3 1 42.068 -1.835 9.676 C
4 1 41.381 -2.854 9.476 O
5 1 43.523 -1.244 7.677 C
6 1 42.905 0.109 7.435 C
7 1 43.932 1.429 8.074 S
8 1 45.504 0.924 7.377 C
9 2 41.602 -0.805 10.335 N
10 2 40.224 -0.790 10.865 C
11 2 39.811 0.683 10.901 C
12 2 40.648 1.511 10.624 O
13 2 40.111 -1.508 12.274 C
14 2 41.066 -0.951 13.254 C
15 2 41.012 0.245 13.515 O
16 2 41.918 -1.795 13.813 N
17 3 38.584 0.972 11.243 N
18 3 38.044 2.316 11.309 C
19 3 38.889 3.276 12.174 C
20 3 39.123 4.442 11.838 O
21 3 36.548 2.338 11.633 C
22 3 36.008 3.777 11.541 C
23 3 36.318 1.796 13.063 C
24 3 36.165 4.462 10.162 C
25 4 39.380 2.803 13.309 N
26 4 40.204 3.654 14.175 C
27 4 41.522 4.027 13.500 C
28 4 41.977 5.165 13.586 O
29 4 40.489 2.953 15.561 C
30 4 39.221 2.864 16.388 C
31 4 38.863 3.900 17.262 C
32 4 38.357 1.762 16.299 C
33 4 37.695 3.836 18.029 C
34 4 37.177 1.702 17.055 C
35 4 36.841 2.735 17.935 C
36 5 42.217 3.063 12.904 N
37 5 43.495 3.356 12.245 C
38 5 43.267 4.201 11.014 C
39 5 44.087 4.987 10.645 O
40 5 44.179 2.089 11.787 C
41 5 44.486 1.142 12.953 C
42 5 45.021 -0.164 12.440 C
43 5 45.175 -0.397 11.254 O
44 5 45.331 -1.001 13.391 O
45 6 42.131 4.004 10.354 N
46 6 41.834 4.786 9.162 C
47 6 41.649 6.242 9.554 C
48 6 42.257 7.148 8.982 O
49 6 40.512 4.284 8.560 C
50 6 40.144 4.857 7.189 C
51 6 38.400 4.549 6.917 S
52 6 38.285 4.588 5.086 C
53 7 40.767 6.485 10.513 N
54 7 40.525 7.864 10.963 C
55 7 41.773 8.518 11.622 C
56 7 42.021 9.697 11.509 O
57 7 39.298 7.978 11.877 C
58 7 38.027 7.962 11.088 C
59 7 36.875 7.562 11.989 C
60 7 37.793 9.324 10.421 C
61 8 42.576 7.743 12.287 N
62 8 43.781 8.275 12.885 C
63 8 44.721 8.771 11.791 C
64 8 45.374 9.772 11.966 O
65 8 44.468 7.225 13.725 C
66 8 45.845 7.646 14.185 C
67 8 45.832 8.766 15.215 C
68 8 47.183 9.165 15.652 N
69 8 48.091 9.813 14.875 C
70 8 47.873 10.167 13.597 N
71 8 49.277 10.133 15.410 N
72 9 44.762 8.097 10.635 N
73 9 45.596 8.545 9.519 C
74 9 45.027 9.832 8.905 C
75 9 45.731 10.817 8.668 O
76 9 45.687 7.471 8.450 C
77 9 46.714 6.403 8.810 C
78 9 46.001 8.085 7.106 C
79 9 46.388 5.063 8.131 C
80 10 43.713 9.841 8.709 N
81 10 43.001 10.966 8.120 C
82 10 42.961 12.239 8.976 C
83 10 43.078 13.351 8.477 O
84 10 41.582 10.556 7.676 C
85 10 41.603 9.769 6.349 C
86 10 42.520 9.838 5.560 O
87 10 40.568 8.980 6.201 O
88 11 42.827 12.077 10.280 N
89 11 42.716 13.226 11.178 C
90 11 44.001 13.648 11.871 C
91 11 44.111 14.783 12.299 O
92 11 41.641 12.949 12.248 C
93 11 40.293 12.671 11.623 C
94 11 39.604 13.882 11.067 C
95 11 40.196 14.998 11.327 O
96 11 38.585 13.814 10.456 O
97 12 44.952 12.741 12.050 N
98 12 46.175 13.035 12.794 C
99 12 45.857 13.062 14.278 C
100 12 44.772 12.650 14.701 O
101 13 46.799 13.516 15.092 N
102 13 46.571 13.632 16.545 C
103 13 47.283 14.878 17.012 C
104 13 48.448 15.002 16.759 O
105 13 47.239 12.471 17.267 C
106 13 47.441 12.645 18.788 C
107 13 46.095 12.663 19.499 C
108 13 48.234 11.471 19.337 C
109 14 46.586 15.788 17.661 N
110 14 47.147 17.011 18.188 C
111 14 46.676 17.144 19.591 C
112 14 45.487 16.984 19.847 O
113 14 46.766 18.217 17.353 C
114 14 47.384 17.996 15.981 C
115 14 47.382 19.190 15.038 C
116 14 48.207 20.303 15.483 N
117 14 48.213 21.474 14.846 C
118 14 47.461 21.684 13.763 N
119 14 49.001 22.456 15.294 N
120 15 47.588 17.454 20.492 N
121 15 47.221 17.529 21.892 C
122 15 46.964 18.924 22.415 C
123 15 46.666 19.074 23.595 O
124 15 48.260 16.850 22.785 C
125 15 48.567 15.389 22.464 C
126 15 49.571 14.927 23.484 C
127 15 47.306 14.562 22.557 C
128 16 47.082 19.934 21.554 N
129 16 46.808 21.310 21.918 C
130 16 45.696 21.833 20.988 C
131 16 45.596 21.341 19.869 O
132 16 48.108 22.083 21.784 C
133 16 47.903 23.569 21.699 C
134 16 49.222 24.337 21.680 C
135 16 48.987 25.856 21.604 C
136 16 50.230 26.669 21.560 N
137 17 44.799 22.761 21.419 N
138 17 43.687 23.213 20.529 C
139 17 44.263 23.646 19.163 C
140 17 45.325 24.295 19.138 O
141 17 42.854 24.347 21.166 C
142 17 42.092 23.785 22.358 C
143 17 41.861 25.010 20.213 C
144 17 41.234 24.844 23.027 C
145 18 43.587 23.323 18.038 N
146 18 44.102 23.787 16.742 C
147 18 42.942 24.122 15.862 C
148 18 41.804 23.896 16.254 O
149 18 45.074 22.795 16.063 C
150 18 44.387 21.538 15.647 C
151 18 44.211 20.498 16.573 C
152 18 43.882 21.376 14.350 C
153 18 43.553 19.329 16.179 C
154 18 43.229 20.207 13.932 C
155 18 43.048 19.198 14.874 C
156 18 42.440 18.027 14.516 O
157 19 43.171 24.683 14.686 N
158 19 42.055 24.954 13.823 C
159 19 42.034 23.919 12.721 C
160 19 43.091 23.575 12.179 O
161 19 42.140 26.324 13.200 C
162 19 42.032 27.404 14.203 C
163 19 41.554 28.658 13.561 C
164 19 41.916 29.859 14.400 C
165 19 41.887 31.096 13.623 N
166 20 40.834 23.384 12.414 N
167 20 40.736 22.384 11.372 C
168 20 40.880 23.034 9.968 C
169 20 41.164 24.220 9.864 O
170 20 39.536 21.462 11.538 C
171 20 38.175 22.070 11.232 C
172 20 38.191 23.261 10.768 O
173 20 37.136 21.506 11.393 O
174 21 40.659 22.237 8.915 N
175 21 40.787 22.717 7.547 C
176 21 39.830 23.834 7.269 C
177 21 40.119 24.621 6.368 O
178 21 40.621 21.610 6.471 C
179 21 39.296 21.143 6.548 O
180 21 41.525 20.408 6.806 C
181 22 38.711 23.901 8.053 N
182 22 37.620 24.949 7.891 C
183 22 37.787 26.155 8.823 C
184 22 37.017 27.103 8.826 O
185 22 36.225 24.353 8.099 C
186 22 35.826 23.230 7.109 C
187 22 35.564 23.721 5.712 C
188 22 35.206 24.966 5.658 O
189 22 35.742 23.041 4.727 O
190 23 38.829 26.100 9.626 N
191 23 39.141 27.169 10.531 C
192 23 38.477 26.977 11.881 C
193 23 38.477 27.899 12.684 O
194 24 37.923 25.786 12.149 N
195 24 37.278 25.593 13.463 C
196 24 38.160 24.959 14.504 C
197 24 38.965 24.055 14.202 O
198 24 36.019 24.750 13.410 C
199 24 35.015 25.265 12.425 C
200 24 34.585 26.586 12.508 C
201 24 34.468 24.399 11.474 C
202 24 33.647 27.052 11.589 C
203 24 33.530 24.852 10.549 C
204 24 33.139 26.188 10.613 C
205 24 32.211 26.656 9.732 O
206 25 37.965 25.425 15.763 N
207 25 38.689 24.921 16.886 C
208 25 38.395 23.416 17.085 C
209 25 37.238 23.012 17.257 O
210 25 38.325 25.701 18.170 C
211 25 38.978 27.040 18.098 C
212 25 40.358 27.135 17.905 C
213 25 38.206 28.201 18.186 C
214 25 40.957 28.395 17.842 C
215 25 38.789 29.465 18.138 C
216 25 40.171 29.544 17.968 C
217 25 40.750 30.773 17.902 O
218 26 39.501 22.679 17.154 N
219 26 39.512 21.226 17.268 C
220 26 40.619 20.814 18.208 C
221 26 41.482 21.574 18.504 O
222 26 39.743 20.645 15.796 C
223 26 38.711 21.110 14.950 O
224 26 39.828 19.120 15.674 C
225 27 40.564 19.567 18.662 N
226 27 41.591 19.009 19.478 C
227 27 41.643 17.475 19.247 C
228 27 40.684 16.874 18.769 O
229 27 41.437 19.383 20.979 C
230 27 42.736 19.079 21.758 C
231 27 40.251 18.614 21.590 C
232 27 42.932 19.952 22.955 C
233 28 42.751 16.833 19.594 N
234 28 42.862 15.375 19.560 C
235 28 42.866 14.813 18.163 C
236 28 43.616 15.266 17.296 O
237 29 42.046 13.807 17.994 N
238 29 41.899 13.158 16.695 C
239 29 40.671 13.672 15.971 C
240 29 39.658 12.977 15.847 O
241 29 41.860 11.626 16.867 C
242 29 43.188 11.196 17.558 C
243 29 41.790 11.012 15.472 C
244 29 43.154 9.888 18.294 C
245 30 40.697 14.898 15.489 N
246 30 39.536 15.348 14.762 C
247 30 38.310 15.679 15.606 C
248 30 37.220 15.736 15.084 O
249 31 38.473 15.934 16.899 N
250 31 37.327 16.251 17.771 C
251 31 36.940 17.737 17.705 C
252 31 37.614 18.609 18.269 O
253 31 37.633 15.837 19.242 C
254 31 36.437 16.083 20.067 C
255 31 35.357 15.220 20.069 N
256 31 36.123 17.141 20.870 C
257 31 34.437 15.734 20.863 C
258 31 34.837 16.923 21.321 N
259 32 35.866 18.068 16.979 N
260 32 35.486 19.458 16.817 C
261 32 35.030 20.053 18.136 C
262 32 34.216 19.464 18.850 O
263 32 34.378 19.552 15.771 C
264 32 33.747 20.962 15.729 C
265 32 34.772 21.974 15.236 C
266 32 32.534 20.973 14.795 C
267 33 35.554 21.191 18.497 N
268 33 35.130 21.766 19.774 C
269 33 33.957 22.713 19.647 C
270 33 32.966 22.600 20.381 O
271 33 36.281 22.459 20.536 C
272 33 37.307 21.468 21.079 C
273 33 38.591 22.256 21.337 C
274 33 36.770 20.847 22.382 C
275 34 34.118 23.677 18.740 N
276 34 33.104 24.709 18.497 C
277 34 33.335 25.328 17.118 C
278 34 34.445 25.332 16.642 O
279 34 33.221 25.856 19.574 C
280 34 32.161 26.808 19.503 O
281 34 34.542 26.615 19.492 C
282 35 32.305 25.867 16.508 N
283 35 32.455 26.578 15.270 C
284 35 32.574 28.053 15.594 C
285 35 32.751 28.904 14.726 O
286 35 31.239 26.394 14.383 C
287 35 31.216 24.977 13.885 C
288 35 30.060 24.648 12.982 C
289 35 30.335 23.276 12.380 C
290 35 29.223 22.716 11.589 N
291 36 32.453 28.378 16.864 N
292 36 32.603 29.763 17.225 C
293 36 34.050 30.231 17.149 C
294 36 35.032 29.539 17.463 O
295 36 31.985 30.122 18.566 C
296 36 32.869 30.970 19.280 O
297 37 34.170 31.487 16.752 N
298 37 35.464 32.119 16.598 C
299 37 36.188 32.320 17.905 C
300 37 37.363 32.682 17.932 O
301 37 35.185 33.465 15.938 C
302 37 33.770 33.409 15.402 C
303 37 33.071 32.306 16.175 C
304 38 35.515 32.094 19.016 N
305 38 36.207 32.371 20.257 C
306 38 37.068 31.255 20.814 C
307 38 36.565 30.181 21.060 O
308 38 35.242 32.888 21.331 C
309 38 35.973 32.954 22.568 O
310 39 38.330 31.546 21.093 N
311 39 39.204 30.577 21.678 C
312 39 38.755 30.304 23.099 C
313 39 38.935 29.233 23.662 O
314 39 40.686 30.962 21.641 C
315 39 41.561 29.937 22.338 C
316 39 41.613 28.651 21.525 C
317 39 42.972 30.465 22.503 C
318 40 38.124 31.251 23.715 N
319 40 37.701 30.969 25.071 C
320 40 36.507 30.060 25.087 C
321 40 36.295 29.285 26.013 O
322 40 37.357 32.246 25.850 C
323 40 38.630 32.869 26.341 C
324 40 39.538 32.166 26.818 O
325 40 38.766 34.164 26.091 N
326 41 35.677 30.219 24.089 N
327 41 34.509 29.377 23.991 C
328 41 34.949 27.927 23.719 C
329 41 34.294 26.972 24.132 O
330 41 33.608 29.869 22.893 C
331 42 36.100 27.762 23.054 N
332 42 36.668 26.450 22.747 C
333 42 37.300 25.819 23.979 C
334 42 37.113 24.635 24.244 O
335 42 37.682 26.523 21.604 C
336 43 38.032 26.606 24.774 N
337 43 38.641 26.101 26.033 C
338 43 37.553 25.668 26.999 C
339 43 37.653 24.665 27.666 O
340 43 39.514 27.136 26.703 C
341 43 40.903 27.226 26.083 C
342 43 41.542 28.630 26.164 C
343 43 43.064 28.599 26.179 C
344 43 43.674 29.106 27.429 N
345 44 36.457 26.396 26.988 N
346 44 35.331 26.067 27.826 C
347 44 34.642 24.773 27.359 C
348 44 34.295 23.943 28.186 O
349 44 34.344 27.225 27.982 C
350 44 33.158 26.724 28.561 O
351 45 34.489 24.563 26.038 N
352 45 33.877 23.331 25.492 C
353 45 34.800 22.184 25.832 C
354 45 34.365 21.121 26.242 O
355 45 33.742 23.397 23.963 C
356 45 32.499 24.206 23.573 C
357 45 31.208 23.663 24.145 C
358 45 30.921 22.492 24.124 O
359 45 30.354 24.581 24.511 O
360 46 36.103 22.435 25.689 N
361 46 37.125 21.445 26.007 C
362 46 37.106 20.958 27.475 C
363 46 37.181 19.781 27.771 O
364 46 38.523 21.970 25.669 C
365 46 39.571 20.938 26.029 C
366 46 39.255 19.696 25.238 C
367 46 40.946 21.465 25.585 C
368 47 37.012 21.881 28.426 N
369 47 37.017 21.483 29.830 C
370 47 35.799 20.712 30.177 C
371 47 35.849 19.804 31.004 O
372 47 37.078 22.753 30.682 C
373 47 38.409 23.468 30.651 C
374 47 39.454 22.961 30.297 O
375 47 38.334 24.649 31.169 O
376 48 34.679 21.091 29.550 N
377 48 33.409 20.431 29.746 C
378 48 33.454 18.986 29.171 C
379 48 32.951 18.039 29.770 O
380 48 32.328 21.259 29.037 C
381 48 31.027 20.543 28.761 C
382 48 29.869 21.492 28.473 C
383 48 29.968 22.156 27.134 C
384 48 29.385 21.294 26.140 N
385 49 34.151 18.837 28.027 N
386 49 34.273 17.544 27.384 C
387 49 35.131 16.599 28.190 C
388 49 34.809 15.439 28.298 O
389 49 34.756 17.641 25.928 C
390 50 36.218 17.135 28.778 N
391 50 37.204 16.360 29.558 C
392 50 36.922 16.186 31.068 C
393 50 37.275 15.188 31.724 O
394 50 38.620 16.896 29.275 C
395 50 38.962 16.669 27.788 C
396 50 39.646 16.235 30.159 C
397 50 39.037 15.186 27.411 C
398 51 36.265 17.154 31.630 N
399 51 35.939 17.028 33.041 C
400 51 37.011 17.558 33.973 C
401 51 37.053 17.185 35.132 O
402 52 37.858 18.450 33.472 N
403 52 38.904 19.091 34.259 C
404 52 39.276 20.399 33.644 C
405 52 38.847 20.695 32.548 O
406 52 40.128 18.235 34.472 C
407 52 41.066 18.192 33.277 C
408 52 42.002 17.008 33.433 C
409 52 42.948 16.874 32.341 N
410 52 43.857 17.763 32.022 C
411 52 43.998 18.887 32.687 N
412 52 44.666 17.516 31.009 N
413 53 40.031 21.204 34.359 N
414 53 40.452 22.472 33.803 C
415 53 41.640 22.178 32.964 C
416 53 42.665 21.798 33.503 O
417 53 40.880 23.438 34.912 C
418 53 40.315 24.797 34.602 C
419 53 39.077 24.952 34.644 O
420 53 41.188 25.725 34.154 N
421 54 41.518 22.294 31.652 N
422 54 42.642 21.876 30.839 C
423 54 43.559 22.928 30.363 C
424 54 44.630 22.573 29.920 O
425 54 42.240 21.143 29.553 C
426 54 41.600 22.063 28.712 O
427 54 41.374 19.930 29.864 C
428 55 43.120 24.167 30.366 N
429 55 43.958 25.180 29.814 C
430 55 44.402 24.865 28.355 C
431 55 45.524 25.201 27.932 O
432 55 45.151 25.563 30.732 C
433 55 45.698 26.956 30.355 C
434 55 44.953 27.852 29.899 O
435 55 47.014 27.122 30.471 N
436 56 43.537 24.205 27.590 N
437 56 43.773 23.919 26.167 C
438 56 44.700 22.780 25.807 C
439 56 45.007 22.587 24.644 O
440 57 45.147 22.016 26.778 N
441 57 46.017 20.883 26.493 C
442 57 45.464 19.612 27.146 C
443 57 45.003 19.644 28.283 O
444 57 47.433 21.108 27.016 C
445 57 48.214 19.812 26.945 C
446 57 48.090 22.125 26.120 C
447 58 45.531 18.492 26.422 N
448 58 45.057 17.227 26.936 C
449 58 46.162 16.216 26.749 C
450 58 47.117 16.485 26.034 O
451 58 43.748 16.785 26.222 C
452 58 43.934 16.578 24.692 C
453 58 42.615 17.764 26.507 C
454 58 42.725 15.894 24.010 C
455 59 45.999 15.046 27.365 N
456 59 46.921 13.956 27.248 C
457 59 46.482 13.014 26.137 C
458 59 45.336 13.055 25.674 O
459 59 46.921 13.140 28.571 C
460 59 45.661 12.458 28.747 O
461 59 47.226 14.071 29.744 C
462 60 47.382 12.068 25.793 N
463 60 47.095 11.053 24.783 C
464 60 45.844 10.212 25.090 C
465 60 44.958 10.017 24.251 O
466 60 48.317 10.226 24.438 C
467 60 48.078 9.307 23.246 C
468 60 49.385 8.824 22.661 C
469 60 49.196 7.903 21.471 C
470 60 49.941 8.361 20.270 N
471 61 45.765 9.750 26.337 N
472 61 44.637 8.993 26.858 C
473 61 43.342 9.752 26.724 C
474 61 42.333 9.156 26.398 O
475 61 44.831 8.701 28.343 C
476 61 45.829 7.611 28.568 C
477 61 46.390 7.174 27.468 O
478 61 46.099 7.184 29.670 O
479 62 43.352 11.061 27.063 N
480 62 42.155 11.896 26.951 C
481 62 41.730 12.046 25.437 C
482 62 40.567 12.003 25.113 O
483 62 42.366 13.278 27.573 C
484 62 42.378 13.156 29.100 C
485 62 42.930 14.374 29.764 C
486 62 43.561 15.235 29.196 O
487 62 42.644 14.407 31.013 O
488 63 42.701 12.216 24.518 N
489 63 42.395 12.320 23.086 C
490 63 41.740 11.049 22.590 C
491 63 40.745 11.061 21.847 O
492 63 43.675 12.577 22.279 C
493 64 42.336 9.930 22.990 N
494 64 41.830 8.628 22.617 C
495 64 40.472 8.363 23.222 C
496 64 39.662 7.664 22.640 O
497 64 42.846 7.523 22.949 C
498 64 43.865 7.356 21.802 C
499 64 45.061 6.664 22.322 C
500 64 45.037 6.124 23.416 O
501 64 46.110 6.750 21.538 O
502 65 40.196 8.938 24.375 N
503 65 38.893 8.695 24.937 C
504 65 37.823 9.449 24.145 C
505 65 36.773 8.934 23.810 O
506 65 38.814 9.126 26.364 C
507 65 37.391 9.016 26.833 C
508 65 37.285 8.951 28.351 C
509 65 36.140 8.070 28.841 C
510 65 36.008 8.178 30.307 N
511 66 38.119 10.686 23.765 N
512 66 37.189 11.442 22.957 C
513 66 36.994 10.741 21.618 C
514 66 35.894 10.720 21.068 O
515 66 37.742 12.849 22.620 C
516 66 37.843 13.757 23.854 C
517 66 38.430 15.128 23.479 C
518 66 36.473 13.930 24.485 C
519 67 38.067 10.153 21.126 N
520 67 38.039 9.467 19.822 C
521 67 37.121 8.267 19.880 C
522 67 36.296 8.036 19.001 O
523 67 39.476 9.104 19.413 C
524 67 39.640 8.496 18.030 C
525 67 38.921 8.964 16.928 C
526 67 40.573 7.475 17.834 C
527 67 39.109 8.464 15.639 C
528 67 40.793 6.964 16.554 C
529 67 40.034 7.442 15.483 C
530 68 37.249 7.491 20.939 N
531 68 36.375 6.361 21.079 C
532 68 34.931 6.806 21.146 C
533 68 34.052 6.194 20.591 O
534 68 36.714 5.604 22.377 C
535 68 37.917 4.699 22.254 C
536 68 37.973 3.929 21.319 O
537 68 38.807 4.685 23.278 N
538 69 34.645 7.890 21.850 N
539 69 33.239 8.352 21.926 C
540 69 32.697 8.824 20.589 C
541 69 31.532 8.600 20.259 O
542 69 33.094 9.550 22.910 C
543 69 33.427 9.096 24.333 C
544 69 33.540 10.226 25.349 C
545 69 33.707 9.926 26.527 O
546 69 33.514 11.491 24.916 N
547 70 33.548 9.523 19.822 N
548 70 33.143 10.053 18.543 C
549 70 32.869 8.979 17.497 C
550 70 31.924 9.110 16.709 O
551 70 34.181 11.056 18.004 C
552 70 34.207 12.303 18.812 C
553 70 33.338 12.620 19.585 O
554 70 35.290 12.978 18.641 O
555 71 33.676 7.917 17.506 N
556 71 33.494 6.801 16.587 C
557 71 32.183 6.124 16.918 C
558 71 31.336 5.899 16.038 O
559 71 34.643 5.757 16.565 C
560 71 34.205 4.564 15.679 C
561 71 35.935 6.355 15.952 C
562 72 31.996 5.843 18.218 N
563 72 30.761 5.218 18.716 C
564 72 29.574 6.074 18.348 C
565 72 28.561 5.600 17.853 O
566 72 30.828 4.966 20.232 C
567 72 29.693 4.183 20.873 C
568 72 29.518 2.976 20.408 O
569 72 29.135 4.572 21.854 O
570 73 29.675 7.355 18.573 N
571 73 28.576 8.219 18.200 C
572 73 28.321 8.231 16.677 C
573 73 27.180 8.225 16.247 O
574 73 28.707 9.643 18.805 C
575 74 29.368 8.242 15.834 N
576 74 29.158 8.236 14.385 C
577 74 28.358 6.964 13.970 C
578 74 27.376 7.049 13.214 O
579 74 30.466 8.323 13.602 C
580 75 28.830 5.797 14.447 N
581 75 28.164 4.519 14.172 C
582 75 26.681 4.547 14.563 C
583 75 25.795 4.266 13.730 O
584 75 28.906 3.318 14.750 C
585 75 28.078 2.021 14.518 C
586 75 30.258 3.216 14.055 C
587 76 26.419 4.915 15.829 N
588 76 25.068 5.044 16.364 C
589 76 24.215 6.047 15.562 C
590 76 23.057 5.783 15.225 O
591 76 25.066 5.260 17.902 C
592 76 25.115 3.891 18.579 C
593 76 25.161 3.904 20.121 C
594 76 26.275 4.699 20.643 N
595 76 26.176 5.997 20.927 C
596 76 25.034 6.659 20.755 N
597 76 27.239 6.662 21.393 N
598 77 24.794 7.175 15.169 N
599 77 24.039 8.115 14.359 C
600 77 23.681 7.518 12.971 C
601 77 22.664 7.820 12.377 O
602 78 24.574 6.719 12.379 N
603 78 24.277 6.078 11.096 C
604 78 23.106 5.106 11.299 C
605 78 22.168 5.057 10.510 O
606 78 25.494 5.278 10.605 C
607 78 26.509 6.209 9.925 C
608 78 25.059 4.219 9.598 C
609 78 27.872 5.545 9.757 C
610 79 23.158 4.316 12.377 N
611 79 22.097 3.318 12.577 C
612 79 20.761 3.890 12.950 C
613 79 19.761 3.238 12.781 O
614 79 22.474 2.192 13.541 C
615 79 23.820 1.531 13.235 C
616 79 24.295 0.797 14.471 C
617 79 23.653 0.516 12.122 C
618 80 20.737 5.102 13.431 N
619 80 19.493 5.758 13.791 C
620 80 18.992 6.575 12.614 C
621 80 17.896 7.123 12.646 O
622 80 19.769 6.745 14.924 C
623 80 19.548 6.232 16.348 C
624 80 19.479 7.410 17.358 C
625 80 20.795 7.830 17.893 N
626 80 21.492 8.938 17.538 C
627 80 21.089 9.848 16.606 N
628 80 22.667 9.116 18.134 N
629 81 19.829 6.744 11.590 N
630 81 19.435 7.576 10.507 C
631 81 18.677 6.776 9.452 C
632 81 19.158 5.795 8.911 O
633 81 20.613 8.406 9.979 C
634 81 20.186 9.378 8.917 C
635 81 19.709 8.987 7.864 O
636 81 20.331 10.663 9.196 N
637 82 17.455 7.173 9.162 N
638 82 16.657 6.448 8.204 C
639 82 17.244 6.370 6.800 C
640 82 16.903 5.447 6.049 O
641 82 15.257 7.004 8.156 C
642 82 14.991 7.452 6.840 O
643 83 18.080 7.344 6.423 N
644 83 18.713 7.381 5.106 C
645 83 20.015 6.634 5.041 C
646 83 20.403 6.063 4.021 O
647 83 19.061 8.787 4.669 C
648 83 17.959 9.456 3.879 C
649 83 17.152 10.334 4.811 C
650 83 16.475 11.482 4.078 C
651 83 17.447 12.287 3.285 N
652 84 20.739 6.712 6.123 N
653 84 22.024 6.068 6.163 C
654 84 21.959 4.592 6.514 C
655 84 22.724 3.779 6.028 O
656 84 22.930 6.812 7.138 C
657 84 23.129 8.263 6.747 C
658 84 23.955 8.940 7.826 C
659 84 23.827 8.379 5.405 C
660 85 21.095 4.246 7.446 N
661 85 21.038 2.875 7.857 C
662 85 20.957 1.858 6.715 C
663 85 21.703 0.890 6.740 O
664 85 19.911 2.664 8.865 C
665 85 20.026 1.311 9.495 C
666 85 19.030 1.096 10.613 C
667 85 19.397 -0.186 11.344 C
668 85 19.308 -1.370 10.472 N
669 86 20.017 1.990 5.779 N
670 86 19.880 1.013 4.713 C
671 86 21.131 0.951 3.859 C
672 86 21.531 -0.112 3.359 O
673 86 18.669 1.397 3.847 C
674 86 18.062 2.619 4.515 C
675 86 19.006 3.068 5.636 C
676 87 21.810 2.086 3.708 N
677 87 23.069 2.029 2.947 C
678 87 24.127 1.175 3.690 C
679 87 24.711 0.232 3.167 O
680 87 23.623 3.421 2.602 C
681 87 24.883 3.294 1.706 C
682 87 22.509 4.254 1.919 C
683 88 24.369 1.536 4.950 N
684 88 25.290 0.853 5.834 C
685 88 25.034 -0.673 5.873 C
686 88 25.951 -1.503 5.752 O
687 88 25.180 1.506 7.237 C
688 88 26.228 0.982 8.207 C
689 88 25.979 -0.112 9.021 C
690 88 27.450 1.628 8.327 C
691 88 26.941 -0.591 9.912 C
692 88 28.413 1.186 9.232 C
693 88 28.166 0.073 10.034 C
694 88 29.132 -0.358 10.912 O
695 89 23.762 -1.057 6.021 N
696 89 23.385 -2.465 6.089 C
697 89 23.706 -3.190 4.831 C
698 89 24.019 -4.371 4.864 O
699 89 21.885 -2.643 6.364 C
700 89 21.483 -2.436 7.812 C
701 89 22.481 -2.430 8.641 O
702 89 20.363 -2.217 8.141 O
703 90 23.626 -2.469 3.714 N
704 90 23.908 -3.067 2.411 C
705 90 25.376 -3.272 2.103 C
706 90 25.727 -4.072 1.247 O
707 90 23.234 -2.274 1.316 C
708 90 24.072 -1.157 1.057 O
709 91 26.278 -2.554 2.781 N
710 91 27.703 -2.629 2.468 C
711 91 28.505 -3.715 3.174 C
712 91 28.116 -4.165 4.251 O
713 91 28.348 -1.259 2.859 C
714 91 27.797 -0.006 2.097 C
715 91 28.340 1.266 2.722 C
716 91 28.218 -0.030 0.616 C
717 92 29.661 -4.089 2.591 N
718 92 30.613 -5.011 3.182 C
719 92 31.396 -4.268 4.273 C
720 92 31.234 -3.066 4.410 O
721 92 31.594 -5.537 2.145 C
722 92 32.244 -4.377 1.448 C
723 92 31.520 -3.886 0.454 O
724 92 33.309 -3.907 1.829 O
725 93 32.239 -4.959 5.077 N
726 93 32.953 -4.330 6.201 C
727 93 33.826 -3.126 5.882 C
728 93 33.823 -2.105 6.615 O
729 93 33.640 -5.334 7.147 C
730 94 34.570 -3.259 4.786 N
731 94 35.444 -2.201 4.353 C
732 94 34.701 -0.940 3.972 C
733 94 35.090 0.138 4.365 O
734 94 36.481 -2.661 3.297 C
735 94 37.448 -1.536 2.866 C
736 94 37.268 -3.814 3.917 C
737 95 33.696 -1.076 3.128 N
738 95 32.938 0.071 2.697 C
739 95 32.154 0.698 3.820 C
740 95 31.883 1.869 3.796 O
741 95 32.076 -0.216 1.470 C
742 95 32.932 -0.635 0.282 C
743 95 32.026 -0.892 -0.943 C
744 95 32.737 -1.028 -2.216 N
745 95 33.112 -2.208 -2.725 C
746 95 32.905 -3.333 -2.029 N
747 95 33.712 -2.253 -3.944 N
748 96 31.771 -0.088 4.823 N
749 96 31.067 0.448 5.983 C
750 96 32.005 1.428 6.692 C
751 96 31.584 2.493 7.105 O
752 96 30.699 -0.672 6.958 C
753 96 29.406 -1.336 6.489 C
754 96 29.020 -2.440 7.497 C
755 96 27.804 -3.128 7.039 N
756 96 27.285 -4.258 7.516 C
757 96 27.834 -4.918 8.538 N
758 96 26.184 -4.746 6.921 N
759 97 33.285 1.058 6.787 N
760 97 34.262 1.984 7.383 C
761 97 34.360 3.296 6.583 C
762 97 34.567 4.353 7.162 O
763 97 35.656 1.346 7.420 C
764 98 34.252 3.228 5.238 N
765 98 34.298 4.414 4.402 C
766 98 33.139 5.348 4.753 C
767 98 33.277 6.558 4.813 O
768 98 34.266 4.100 2.880 C
769 99 31.966 4.768 4.961 N
770 99 30.815 5.577 5.303 C
771 99 30.931 6.185 6.708 C
772 99 30.517 7.327 6.964 O
773 99 29.514 4.712 5.123 C
774 99 28.208 5.444 5.348 C
775 99 28.008 6.442 4.230 C
776 99 27.064 4.435 5.327 C
777 100 31.496 5.440 7.662 N
778 100 31.671 5.957 9.011 C
779 100 32.625 7.149 8.946 C
780 100 32.410 8.184 9.557 O
781 100 32.253 4.862 9.945 C
782 100 31.282 3.656 10.122 C
783 100 32.681 5.492 11.268 C
784 100 31.859 2.472 10.938 C
785 101 33.686 7.014 8.149 N
786 101 34.684 8.097 7.982 C
787 101 34.005 9.382 7.488 C
788 101 34.231 10.464 8.039 O
789 101 35.735 7.641 6.941 C
790 101 36.960 8.539 6.821 C
791 101 36.841 9.758 6.672 O
792 101 38.128 7.956 6.901 N
793 102 33.162 9.288 6.438 N
794 102 32.487 10.484 5.927 C
795 102 31.579 11.092 7.018 C
796 102 31.457 12.303 7.160 O
797 102 31.586 10.224 4.678 C
798 102 32.342 9.852 3.412 C
799 102 31.165 9.570 2.070 S
800 102 30.769 11.292 1.782 C
801 103 30.887 10.238 7.792 N
802 103 29.970 10.774 8.844 C
803 103 30.783 11.448 9.941 C
804 103 30.395 12.458 10.446 O
805 103 29.005 9.713 9.406 C
806 103 28.233 10.219 10.642 C
807 103 27.995 9.269 8.365 C
808 104 31.942 10.886 10.276 N
809 104 32.781 11.429 11.323 C
810 104 33.268 12.809 10.923 C
811 104 33.275 13.751 11.705 O
812 104 33.982 10.482 11.533 C
813 104 34.940 10.896 12.660 C
814 104 35.907 11.889 12.439 C
815 104 34.926 10.240 13.899 C
816 104 36.806 12.268 13.448 C
817 104 35.848 10.590 14.889 C
818 104 36.773 11.614 14.682 C
819 105 33.579 12.963 9.645 N
820 105 34.066 14.222 9.091 C
821 105 32.999 15.275 8.926 C
822 105 33.149 16.410 9.302 O
823 105 34.800 14.030 7.719 C
824 105 35.375 15.382 7.192 C
825 105 36.082 15.273 5.854 C
826 105 36.158 14.195 5.279 O
827 105 36.628 16.372 5.371 N
828 106 31.896 14.924 8.314 N
829 106 30.889 15.913 8.007 C
830 106 29.563 15.847 8.721 C
831 106 28.702 16.657 8.468 O
832 106 30.779 16.111 6.482 C
833 106 30.449 14.957 5.613 C
834 106 30.864 15.323 3.851 S
835 106 32.134 14.071 3.646 C
836 107 29.370 14.885 9.608 N
837 107 28.136 14.801 10.299 C
838 107 27.126 14.056 9.479 C
839 107 27.158 14.085 8.281 O
840 108 26.205 13.422 10.159 N
841 108 25.170 12.605 9.571 C
842 108 24.241 13.368 8.627 C
843 108 23.816 12.886 7.571 O
844 108 24.493 11.902 10.742 C
845 108 23.241 11.132 10.414 C
846 108 22.425 11.080 11.665 C
847 108 23.194 11.216 12.712 O
848 108 21.201 10.997 11.688 O
849 109 23.954 14.612 8.964 N
850 109 23.107 15.380 8.085 C
851 109 23.759 15.627 6.736 C
852 109 23.120 15.485 5.677 O
853 109 22.791 16.740 8.710 C
854 109 22.314 16.495 9.994 O
855 109 21.713 17.413 7.876 C
856 110 25.037 16.036 6.785 N
857 110 25.799 16.312 5.578 C
858 110 25.854 15.082 4.674 C
859 110 25.582 15.171 3.487 O
860 111 26.233 13.916 5.239 N
861 111 26.328 12.721 4.432 C
862 111 24.976 12.327 3.823 C
863 111 24.908 11.919 2.645 O
864 111 26.967 11.553 5.154 C
865 111 27.045 10.353 4.195 C
866 111 28.377 11.955 5.612 C
867 112 23.917 12.449 4.651 N
868 112 22.568 12.080 4.236 C
869 112 22.141 12.957 3.082 C
870 112 21.184 12.630 2.364 O
871 112 21.585 12.122 5.390 C
872 113 22.896 14.050 2.856 N
873 113 22.639 14.935 1.725 C
874 113 23.224 14.430 0.375 C
875 113 22.960 14.951 -0.713 O
876 114 24.039 13.400 0.401 N
877 114 24.591 12.893 -0.850 C
878 114 23.635 11.828 -1.415 C
879 114 23.989 10.671 -1.668 O
880 114 25.978 12.267 -0.582 C
881 114 27.174 13.192 -0.381 C
882 114 27.200 14.164 0.621 C
883 114 28.298 13.089 -1.194 C
884 114 28.295 15.003 0.822 C
885 114 29.398 13.931 -1.036 C
886 114 29.398 14.886 -0.011 C
887 115 22.411 12.222 -1.630 N
888 115 21.330 11.352 -2.098 C
889 115 21.627 10.399 -3.245 C
890 115 21.300 9.229 -3.197 O
891 115 20.098 12.193 -2.502 C
892 115 19.609 12.923 -1.395 O
893 115 19.021 11.261 -3.016 C
894 116 22.155 10.937 -4.334 N
895 116 22.447 10.149 -5.526 C
896 116 23.607 9.145 -5.349 C
897 116 23.580 8.015 -5.865 O
898 116 22.640 11.079 -6.771 C
899 116 21.438 12.012 -6.990 C
900 116 20.286 11.596 -6.808 O
901 116 21.690 13.278 -7.351 N
902 117 24.646 9.581 -4.610 N
903 117 25.782 8.721 -4.364 C
904 117 25.364 7.569 -3.463 C
905 117 25.832 6.457 -3.610 O
906 117 26.884 9.451 -3.632 C
907 117 27.250 10.623 -4.331 O
908 118 24.485 7.856 -2.505 N
909 118 24.019 6.806 -1.573 C
910 118 23.227 5.767 -2.320 C
911 118 23.282 4.588 -2.050 O
912 118 23.186 7.359 -0.385 C
913 118 23.928 8.377 0.518 C
914 118 22.936 9.023 1.480 C
915 118 25.053 7.705 1.325 C
916 119 22.432 6.225 -3.249 N
917 119 21.611 5.320 -4.049 C
918 119 22.500 4.410 -4.886 C
919 119 22.285 3.188 -5.022 O
920 119 20.742 6.157 -4.979 C
921 119 19.677 5.334 -5.703 C
922 119 18.979 6.181 -6.781 C
923 119 19.836 6.391 -7.959 N
924 119 20.537 7.509 -8.226 C
925 119 20.481 8.610 -7.450 N
926 119 21.293 7.527 -9.335 N
927 120 23.550 5.013 -5.419 N
928 120 24.499 4.266 -6.201 C
929 120 25.240 3.274 -5.345 C
930 120 25.471 2.138 -5.722 O
931 120 25.507 5.147 -6.989 C
932 120 24.874 5.822 -8.188 C
933 120 25.994 7.096 -8.741 S
934 120 24.905 8.404 -9.287 C
935 121 25.638 3.691 -4.149 N
936 121 26.351 2.737 -3.292 C
937 121 25.432 1.528 -2.972 C
938 121 25.821 0.380 -2.999 O
939 121 26.813 3.399 -1.981 C
940 121 27.989 4.371 -2.216 C
941 121 28.118 5.254 -0.936 C
942 121 29.273 3.595 -2.451 C
943 122 24.200 1.823 -2.573 N
944 122 23.295 0.778 -2.253 C
945 122 23.139 -0.168 -3.434 C
946 122 22.950 -1.368 -3.268 O
947 122 21.947 1.392 -1.849 C
948 122 21.046 0.325 -1.252 C
949 122 19.960 0.882 -0.355 C
950 122 19.857 2.094 -0.136 O
951 122 19.157 -0.030 0.195 N
952 123 23.207 0.368 -4.657 N
953 123 23.059 -0.473 -5.824 C
954 123 24.323 -1.180 -6.208 C
955 123 24.297 -1.961 -7.140 O
956 123 22.553 0.326 -7.024 C
957 123 21.148 0.838 -6.791 C
958 123 20.708 1.631 -7.999 C
959 123 20.127 1.066 -8.923 O
960 123 21.084 2.906 -8.057 N
961 124 25.424 -0.875 -5.534 N
962 124 26.685 -1.499 -5.822 C
963 124 27.271 -1.121 -7.168 C
964 124 28.055 -1.854 -7.782 O
965 124 26.737 -2.989 -5.579 C
966 124 26.230 -3.303 -4.179 C
967 124 26.511 -4.725 -3.770 C
968 124 26.056 -5.020 -2.346 C
969 124 26.767 -4.245 -1.349 N
970 125 26.963 0.123 -7.565 N
971 125 27.520 0.719 -8.788 C
972 125 28.737 1.571 -8.357 C
973 125 28.671 2.798 -8.239 O
974 125 26.448 1.553 -9.457 C
975 125 25.278 0.725 -10.002 C
976 125 24.187 1.677 -10.445 C
977 125 23.405 1.316 -11.627 N
978 125 22.524 0.302 -11.703 C
979 125 22.295 -0.555 -10.699 N
980 125 21.871 0.114 -12.846 N
981 126 29.828 0.876 -8.056 N
982 126 31.041 1.446 -7.506 C
983 126 31.688 2.556 -8.313 C
984 126 31.994 3.642 -7.789 O
985 126 32.041 0.354 -7.052 C
986 126 31.403 -0.802 -6.321 C
987 126 31.527 -2.107 -6.639 C
988 126 30.623 -0.766 -5.127 C
989 126 30.897 -2.904 -5.744 N
990 126 30.321 -2.101 -4.788 C
991 126 30.162 0.268 -4.304 C
992 126 29.616 -2.439 -3.608 C
993 126 29.434 -0.065 -3.157 C
994 126 29.151 -1.413 -2.816 C
995 127 31.906 2.272 -9.579 N
996 127 32.496 3.277 -10.430 C
997 127 31.627 4.495 -10.585 C
998 127 32.078 5.643 -10.511 O
999 127 33.001 2.697 -11.753 C
1000 127 34.145 1.767 -11.507 C
1001 127 34.324 1.187 -10.477 O
1002 127 34.867 1.551 -12.542 O
1003 128 30.337 4.300 -10.724 N
1004 128 29.500 5.456 -10.836 C
1005 128 29.426 6.247 -9.559 C
1006 128 29.335 7.484 -9.601 O
1007 128 28.086 5.049 -11.276 C
1008 128 28.283 4.202 -12.556 C
1009 128 27.058 3.434 -12.948 C
1010 128 25.953 4.162 -12.942 O
1011 128 27.119 2.268 -13.294 O
1012 129 29.375 5.516 -8.428 N
1013 129 29.316 6.234 -7.144 C
1014 129 30.587 7.107 -6.947 C
1015 129 30.534 8.211 -6.397 O
1016 129 29.126 5.262 -5.979 C
1017 130 31.747 6.553 -7.326 N
1018 130 33.004 7.265 -7.157 C
1019 130 33.009 8.563 -7.950 C
1020 130 33.484 9.617 -7.495 O
1021 130 34.200 6.353 -7.435 C
1022 131 32.432 8.509 -9.147 N
1023 131 32.396 9.698 -9.977 C
1024 131 31.460 10.720 -9.347 C
1025 131 31.786 11.872 -9.302 O
1026 131 32.002 9.412 -11.453 C
1027 131 31.668 10.706 -12.159 C
1028 131 33.129 8.715 -12.166 C
1029 132 30.289 10.303 -8.859 N
1030 132 29.344 11.239 -8.272 C
1031 132 29.871 11.870 -6.950 C
1032 132 29.708 13.054 -6.645 O
1033 132 28.026 10.509 -8.020 C
1034 132 26.922 11.438 -7.578 C
1035 132 26.648 11.607 -6.396 O
1036 132 26.309 12.116 -8.523 N
1037 133 30.516 11.040 -6.120 N
1038 133 31.068 11.526 -4.845 C
1039 133 32.038 12.669 -5.048 C
1040 133 32.072 13.550 -4.212 O
1041 133 31.789 10.372 -4.048 C
1042 133 30.846 9.325 -3.424 C
1043 133 31.658 8.094 -2.973 C
1044 133 30.058 9.916 -2.259 C
1045 134 32.844 12.612 -6.159 N
1046 134 33.870 13.641 -6.459 C
1047 134 33.281 14.985 -6.872 C
1048 134 33.974 15.975 -6.887 O
1049 134 34.902 13.110 -7.475 C
1050 135 32.012 15.003 -7.261 N
1051 135 31.353 16.266 -7.643 C
1052 135 30.767 16.865 -6.371 C
1053 135 29.546 16.880 -6.150 O
1054 135 30.191 16.050 -8.618 C
1055 135 30.661 15.343 -9.855 C
1056 135 29.496 15.167 -10.813 C
1057 135 29.999 14.946 -12.217 C
1058 135 29.435 13.727 -12.823 N
1059 136 31.652 17.344 -5.521 N
1060 136 31.204 17.860 -4.259 C
1061 136 32.209 18.838 -3.697 C
1062 136 33.405 18.749 -3.982 O
1063 136 31.071 16.696 -3.266 C
1064 136 32.345 16.040 -3.091 O
1065 137 31.696 19.727 -2.831 N
1066 137 32.558 20.662 -2.117 C
1067 137 33.621 19.872 -1.336 C
1068 137 34.808 20.219 -1.279 O
1069 137 31.736 21.465 -1.088 C
1070 137 32.679 22.461 -0.370 C
1071 137 31.964 23.335 0.644 C
1072 137 32.824 24.343 1.237 N
1073 137 33.566 24.174 2.339 C
1074 137 33.583 23.037 3.014 N
1075 137 34.316 25.187 2.795 N
1076 138 33.139 18.802 -0.679 N
1077 138 33.967 17.869 0.116 C
1078 138 35.227 17.450 -0.625 C
1079 138 36.356 17.570 -0.128 O
1080 138 33.148 16.607 0.456 C
1081 138 33.945 15.484 1.070 C
1082 138 34.641 15.532 2.247 C
1083 138 34.064 14.152 0.554 C
1084 138 35.218 14.302 2.509 N
1085 138 34.813 13.414 1.497 C
1086 138 33.498 13.480 -0.567 C
1087 138 35.030 12.037 1.339 C
1088 138 33.738 12.125 -0.710 C
1089 138 34.513 11.430 0.218 C
1090 139 35.021 16.976 -1.866 N
1091 139 36.144 16.530 -2.681 C
1092 139 37.016 17.704 -3.073 C
1093 139 38.253 17.635 -3.110 O
1094 139 35.590 15.925 -3.950 C
1095 139 36.652 15.517 -4.864 C
1096 139 37.224 14.262 -4.695 C
1097 139 37.088 16.346 -5.910 C
1098 139 38.200 13.788 -5.576 C
1099 139 38.066 15.886 -6.789 C
1100 139 38.626 14.614 -6.609 C
1101 139 39.591 14.144 -7.450 O
1102 140 36.384 18.808 -3.399 N
1103 140 37.187 19.994 -3.808 C
1104 140 37.987 20.659 -2.655 C
1105 140 39.122 21.139 -2.794 O
1106 140 36.254 21.004 -4.463 C
1107 140 35.992 20.567 -5.889 C
1108 140 34.898 20.116 -6.195 O
1109 140 37.027 20.558 -6.718 N
1110 141 37.418 20.638 -1.475 N
1111 141 38.073 21.239 -0.312 C
1112 141 39.157 20.362 0.333 C
1113 141 40.173 20.871 0.828 O
1114 141 37.029 21.593 0.773 C
1115 141 36.166 22.834 0.444 C
1116 141 36.878 24.008 -0.209 C
1117 141 36.594 24.385 -1.373 O
1118 141 37.793 24.598 0.547 N
1119 142 38.899 19.041 0.414 N
1120 142 39.856 18.087 1.004 C
1121 142 40.054 16.971 0.033 C
1122 142 39.629 15.841 0.305 O
1123 142 39.405 17.524 2.400 C
1124 142 38.056 17.089 2.359 O
1125 142 39.444 18.632 3.452 C
1126 143 40.726 17.258 -1.082 N
1127 143 40.901 16.233 -2.146 C
1128 143 41.714 14.982 -1.794 C
1129 143 41.393 13.895 -2.259 O
1130 143 41.493 16.931 -3.376 C
1131 143 42.080 18.247 -2.834 C
1132 143 41.552 18.472 -1.420 C
1133 144 42.767 15.091 -0.986 N
1134 144 43.535 13.905 -0.748 C
1135 144 42.785 12.889 0.142 C
1136 144 42.876 11.674 -0.069 O
1137 144 44.913 14.251 -0.158 C
1138 144 45.811 14.970 -1.183 C
1139 144 45.726 14.780 -2.423 O
1140 144 46.644 15.849 -0.666 N
1141 145 42.097 13.435 1.145 N
1142 145 41.337 12.592 2.031 C
1143 145 40.111 11.993 1.294 C
1144 145 39.776 10.804 1.390 O
1145 145 40.913 13.349 3.279 C
1146 145 39.896 12.512 4.062 C
1147 145 39.375 13.213 5.256 C
1148 145 38.576 12.356 6.106 N
1149 145 38.526 12.667 7.375 C
1150 145 39.169 13.723 7.760 N
1151 145 37.814 11.975 8.253 N
1152 146 39.417 12.851 0.559 N
1153 146 38.274 12.441 -0.232 C
1154 146 38.672 11.292 -1.187 C
1155 146 37.995 10.267 -1.237 O
1156 146 37.632 13.623 -0.964 C
1157 147 39.788 11.443 -1.939 N
1158 147 40.258 10.407 -2.878 C
1159 147 40.481 9.082 -2.162 C
1160 147 40.203 8.023 -2.700 O
1161 147 41.553 10.779 -3.578 C
1162 147 41.367 11.732 -4.737 C
1163 147 42.670 12.117 -5.426 C
1164 147 42.424 13.290 -6.338 C
1165 147 43.106 14.503 -5.857 N
1166 148 41.038 9.146 -0.954 N
1167 148 41.270 7.898 -0.197 C
1168 148 39.955 7.214 0.167 C
1169 148 39.796 6.014 0.042 O
1170 148 42.082 8.127 1.091 C
1171 148 43.526 8.512 0.883 C
1172 148 44.333 8.359 2.166 C
1173 148 43.996 9.412 3.124 N
1174 148 44.591 10.600 3.153 C
1175 148 45.557 10.895 2.251 N
1176 148 44.213 11.504 4.041 N
1177 149 38.993 8.003 0.620 N
1178 149 37.699 7.460 0.977 C
1179 149 36.955 6.936 -0.245 C
1180 149 36.337 5.866 -0.228 O
1181 149 36.905 8.497 1.721 C
1182 149 35.467 8.039 1.876 C
1183 149 37.573 8.785 3.091 C
1184 150 36.988 7.741 -1.314 N
1185 150 36.356 7.370 -2.580 C
1186 150 36.969 6.061 -3.131 C
1187 150 36.266 5.214 -3.657 O
1188 150 36.388 8.503 -3.641 C
1189 150 35.464 9.689 -3.259 C
1190 150 36.081 7.933 -5.043 C
1191 150 35.719 10.954 -4.083 C
1192 151 38.304 5.906 -3.048 N
1193 151 38.965 4.677 -3.547 C
1194 151 38.544 3.490 -2.733 C
1195 151 38.439 2.404 -3.245 O
1196 151 40.490 4.779 -3.462 C
1197 151 40.891 5.682 -4.437 O
1198 151 41.249 3.454 -3.664 C
1199 152 38.287 3.718 -1.442 N
1200 152 37.833 2.659 -0.542 C
1201 152 36.416 2.177 -0.968 C
1202 152 36.110 0.979 -1.016 O
1203 152 37.898 3.113 0.945 C
1204 152 39.211 3.545 1.289 O
1205 152 37.514 1.971 1.854 C
1206 153 35.550 3.112 -1.351 N
1207 153 34.227 2.745 -1.815 C
1208 153 34.308 2.047 -3.156 C
1209 153 33.604 1.085 -3.415 O
1210 153 33.349 3.980 -1.999 C
1211 153 32.682 4.446 -0.732 C
1212 153 31.853 3.595 -0.004 C
1213 153 32.820 5.764 -0.282 C
1214 153 31.190 4.052 1.139 C
1215 153 32.155 6.232 0.856 C
1216 153 31.332 5.368 1.578 C
1217 154 35.214 2.513 -4.000 N
1218 154 35.370 1.929 -5.323 C
1219 154 35.919 0.520 -5.334 C
1220 154 35.479 -0.305 -6.130 O
1221 154 36.170 2.814 -6.291 C
1222 154 35.859 2.542 -7.774 C
1223 154 36.828 3.240 -8.722 C
1224 154 38.091 3.511 -8.025 N
1225 154 39.254 2.859 -8.223 C
1226 154 39.377 1.873 -9.133 N
1227 154 40.324 3.220 -7.500 N
1228 155 36.881 0.232 -4.476 N
1229 155 37.551 -1.046 -4.489 C
1230 155 37.150 -2.030 -3.422 C
1231 155 37.402 -3.196 -3.579 O
1232 155 39.094 -0.902 -4.435 C
1233 155 39.485 -0.394 -3.166 O
1234 155 39.580 0.004 -5.556 C
1235 156 36.634 -1.566 -2.309 N
1236 156 36.298 -2.406 -1.190 C
1237 156 37.573 -2.970 -0.559 C
1238 156 37.568 -4.009 0.068 O
1239 157 38.697 -2.260 -0.696 N
1240 157 39.962 -2.672 -0.108 C
1241 157 40.542 -1.466 0.629 C
1242 157 40.056 -0.363 0.458 O
1243 157 40.998 -3.037 -1.208 C
1244 157 41.457 -1.825 -1.795 O
1245 157 40.428 -3.935 -2.299 C
1246 158 41.590 -1.678 1.419 N
1247 158 42.280 -0.636 2.179 C
1248 158 43.498 -0.137 1.411 C
1249 158 44.417 0.521 1.913 O
1250 158 42.808 -1.256 3.486 C
1251 158 41.732 -1.677 4.410 C
1252 158 41.494 -2.942 4.787 C
1253 158 40.796 -0.830 5.154 C
1254 158 40.450 -2.973 5.685 N
1255 158 39.995 -1.697 5.934 C
1256 158 40.557 0.564 5.229 C
1257 158 39.022 -1.243 6.822 C
1258 158 39.595 1.009 6.124 C
1259 158 38.811 0.122 6.870 C
1260 159 43.519 -0.452 0.142 N
1261 159 44.665 -0.031 -0.640 C
1262 159 45.126 1.413 -0.489 C
1263 159 46.297 1.683 -0.474 O
1264 159 44.479 -0.367 -2.110 C
1265 159 44.565 -1.862 -2.440 C
1266 159 45.025 -2.635 -1.491 O
1267 159 44.242 -2.314 -3.513 O
1268 160 44.227 2.374 -0.421 N
1269 160 44.582 3.789 -0.357 C
1270 160 45.202 4.161 0.958 C
1271 160 45.703 5.255 1.103 O
1272 160 43.351 4.672 -0.602 C
1273 161 45.110 3.272 1.922 N
1274 161 45.655 3.562 3.241 C
1275 161 46.925 2.799 3.497 C
1276 161 47.480 2.897 4.558 O
1277 161 44.657 3.282 4.399 C
1278 161 43.564 4.307 4.416 C
1279 161 42.466 4.137 3.578 C
1280 161 43.654 5.449 5.216 C
1281 161 41.462 5.118 3.532 C
1282 161 42.675 6.439 5.182 C
1283 161 41.558 6.235 4.356 C
1284 161 40.561 7.188 4.309 O
1285 162 47.361 2.013 2.549 N
1286 162 48.586 1.268 2.765 C
1287 162 49.697 1.810 1.879 C
1288 162 50.740 2.217 2.397 O
1289 162 48.415 -0.230 2.609 C
1290 162 47.238 -0.759 3.403 C
1291 162 46.925 -2.214 3.047 C
1292 162 47.017 -2.505 1.540 C
1293 162 45.849 -3.267 1.025 N
