1294 3105
0 2
0 3
0 4
1 3
1 5
1 8
1 42
2 4
2 5
2 9
3 4
3 8
3 9
4 6
4 7
5 7
5 1253
5 1256
8 10
8 11
8 12
8 13
9 11
9 13
9 14
9 16
10 12
10 13
10 14
10 17
10 18
11 14
11 16
11 17
11 18
11 24
11 35
11 44
12 14
12 15
12 16
14 15
14 24
14 35
16 18
16 20
16 22
16 24
17 19
17 21
17 22
17 24
18 20
18 21
18 22
18 25
18 26
19 24
19 25
19 26
19 52
20 23
21 22
24 26
24 28
24 29
24 35
25 27
25 29
25 35
26 28
26 36
26 37
27 35
27 36
27 37
27 60
28 30
28 31
28 35
29 32
29 33
29 34
30 31
30 33
30 34
31 32
31 34
32 33
35 37
35 39
35 40
35 44
36 38
36 40
36 44
37 39
37 45
37 46
38 39
38 44
38 45
38 46
38 71
39 41
39 42
39 44
40 42
40 43
42 43
44 46
44 48
44 52
45 47
45 49
45 52
46 48
46 49
46 53
46 54
46 60
47 52
47 53
47 54
47 71
47 79
48 50
48 52
49 51
52 54
52 56
52 57
52 60
53 55
53 57
53 59
53 60
54 56
54 61
54 62
54 71
55 56
55 60
55 61
55 62
55 79
55 87
56 58
56 59
58 59
60 62
60 64
60 71
61 63
61 65
61 71
62 64
62 65
62 72
62 73
63 65
63 71
63 72
63 73
63 96
64 66
65 67
65 68
65 69
66 68
66 69
67 69
67 70
69 70
71 73
71 75
71 76
71 79
72 74
72 76
72 77
72 79
73 75
73 77
73 80
73 81
74 79
74 80
74 81
75 78
76 77
77 78
79 81
79 83
79 84
79 87
80 82
80 84
80 85
80 87
81 83
81 88
82 83
82 87
82 88
83 85
83 86
85 86
85 1173
85 1176
86 792
86 1284
87 89
87 91
87 92
87 96
88 90
88 92
88 93
88 94
88 96
89 91
89 97
89 98
89 99
90 91
90 96
90 97
91 93
91 94
92 94
92 95
94 95
95 1150
95 1151
96 98
96 99
97 99
97 100
98 101
99 100
99 101
100 102
100 103
100 104
101 103
101 105
101 108
102 104
102 105
102 109
103 104
103 108
103 109
104 106
104 107
106 107
108 110
108 111
108 112
108 113
108 235
109 111
109 113
109 119
110 112
110 120
111 119
111 120
111 232
111 233
112 114
112 115
112 119
113 115
114 116
114 117
115 117
115 118
117 118
119 121
119 123
119 124
119 127
120 122
120 124
120 126
120 127
121 123
121 128
122 123
122 127
122 128
122 446
123 125
123 126
125 126
127 129
127 130
127 131
127 132
128 130
128 132
128 136
129 131
129 137
129 138
129 139
130 136
130 137
130 138
131 133
131 136
132 134
133 135
136 138
136 139
136 140
136 141
136 438
137 139
137 141
137 142
137 144
138 140
138 142
138 145
139 140
139 144
139 145
140 143
141 142
142 143
144 146
144 147
144 148
144 149
144 220
145 147
145 149
145 156
146 148
146 149
146 157
147 156
147 157
147 217
148 150
148 151
148 156
149 152
149 153
149 154
150 151
150 153
150 154
151 152
151 154
152 153
152 155
153 155
154 223
155 223
156 158
156 159
156 160
156 161
157 159
157 161
157 165
158 160
158 166
158 167
158 168
159 160
159 165
159 166
159 167
159 168
160 162
161 163
162 164
165 167
165 168
165 169
165 170
165 171
165 196
166 168
166 170
166 171
166 173
167 169
167 170
167 171
167 174
167 175
167 180
168 171
168 173
168 174
168 175
168 180
168 189
169 171
169 172
169 173
171 172
171 173
171 180
171 189
171 193
173 175
173 177
173 178
173 179
173 180
174 176
174 178
174 179
174 180
175 177
175 178
175 181
176 177
176 180
176 181
178 179
180 182
180 184
180 185
180 189
181 183
181 185
181 189
182 184
182 190
183 184
183 189
183 190
184 186
185 187
185 188
187 188
188 1074
188 1075
189 191
189 193
190 192
190 193
191 194
192 193
192 194
193 195
193 196
193 197
193 198
194 196
194 198
194 199
194 205
195 197
195 206
195 207
196 197
196 205
196 206
196 207
196 222
197 199
197 200
197 205
198 201
198 202
198 203
199 200
199 202
199 203
200 201
200 203
201 202
201 204
202 204
205 207
205 208
205 209
205 210
206 208
206 210
206 211
206 217
207 209
207 218
207 222
208 209
208 217
208 218
208 266
209 211
209 212
210 213
210 214
210 215
211 212
211 214
211 215
212 213
212 215
213 214
213 216
214 216
217 219
217 220
217 221
217 222
218 220
218 222
218 223
218 224
219 221
219 223
219 225
220 224
220 225
222 223
224 226
224 227
224 228
224 230
224 251
225 227
225 229
225 230
225 232
226 228
226 230
226 233
226 234
227 232
227 233
227 234
227 248
228 231
228 232
229 230
229 232
232 234
232 235
233 235
233 236
234 237
235 236
235 237
236 238
236 240
236 241
236 244
237 239
237 241
237 242
237 244
238 240
238 242
238 245
238 246
239 240
239 242
239 244
239 245
239 246
240 243
241 242
242 243
244 246
244 248
245 247
245 248
246 249
247 248
247 249
248 250
248 251
248 252
249 251
249 253
249 258
250 252
250 253
250 259
250 260
251 252
251 258
251 259
251 260
252 254
252 255
253 256
253 257
254 255
254 257
254 552
254 553
255 256
258 260
258 261
258 262
259 261
259 263
259 264
259 266
260 262
260 263
260 267
260 268
261 262
261 266
261 267
262 264
262 265
263 266
264 265
266 268
266 270
266 271
266 274
267 269
267 271
267 274
268 270
268 275
268 278
269 270
269 274
269 275
269 278
270 272
270 273
270 274
272 273
274 276
274 277
274 278
274 280
275 277
275 279
275 280
275 281
276 278
276 279
276 280
276 282
277 278
277 280
277 281
277 282
278 281
279 280
279 281
279 290
281 283
281 285
281 286
281 290
282 284
282 286
282 290
283 285
283 291
283 292
284 285
284 290
284 291
284 292
285 287
286 288
287 289
290 292
290 293
290 294
291 293
291 295
291 296
291 302
292 294
292 295
292 297
292 298
292 302
292 303
293 296
293 297
293 298
293 303
295 296
295 303
296 298
296 300
296 301
296 303
297 299
297 301
297 302
297 303
298 300
298 301
298 304
299 300
299 303
299 304
300 302
303 305
303 306
303 307
304 306
304 308
304 309
305 307
305 308
305 310
305 311
306 307
306 308
306 309
306 310
306 311
306 325
306 330
308 309
308 317
308 325
309 311
309 313
309 317
310 312
310 314
310 315
310 317
311 313
311 314
311 318
311 319
312 317
312 318
312 319
312 330
312 335
313 315
313 316
315 316
317 319
317 321
317 322
317 323
317 325
318 320
318 322
318 323
318 325
319 321
319 326
319 327
319 330
320 325
320 326
320 327
320 330
320 335
320 344
321 323
321 324
321 325
323 324
325 327
325 329
325 330
326 328
326 330
327 329
327 331
327 332
328 330
328 331
328 332
328 350
330 332
330 334
330 335
331 333
331 335
332 334
332 336
332 337
332 344
333 335
333 336
333 337
333 359
334 335
335 337
335 339
335 340
335 344
336 338
336 340
336 344
337 339
337 345
337 346
338 339
338 344
338 345
338 346
338 367
339 341
339 344
340 342
341 343
344 346
344 348
344 350
345 347
345 349
345 350
346 348
346 349
346 351
346 352
346 359
347 349
347 350
347 351
347 352
347 375
350 352
350 354
350 355
350 359
351 353
351 355
351 356
351 359
352 354
352 360
352 361
353 359
353 360
353 361
353 384
354 356
354 357
354 359
355 357
355 358
357 358
357 383
359 361
359 363
359 367
360 362
360 364
360 365
360 367
361 363
361 364
361 368
361 369
361 375
362 367
362 368
362 369
362 384
362 389
363 365
363 366
363 367
365 366
366 425
367 369
367 371
367 372
367 373
367 375
368 370
368 372
368 373
368 375
368 404
369 371
369 376
369 377
370 371
370 375
370 376
370 377
370 397
370 398
371 373
371 374
371 375
371 404
372 404
373 374
373 404
373 420
373 425
375 377
375 379
375 384
376 378
376 380
376 384
377 379
377 380
377 385
377 386
378 384
378 385
378 386
379 381
379 382
379 384
380 382
381 383
384 386
384 388
384 389
385 387
385 389
386 388
386 390
387 389
387 390
388 389
389 391
389 393
389 394
389 397
390 392
390 394
390 395
390 396
390 397
391 393
391 395
391 398
391 399
392 393
392 395
392 397
392 398
393 396
394 395
395 396
397 399
397 401
398 400
398 401
399 402
399 405
400 401
400 402
401 403
401 404
401 405
402 404
402 406
402 412
403 405
403 406
403 413
403 414
404 412
404 413
404 420
405 407
405 412
406 408
406 409
406 410
407 409
407 410
408 410
408 411
408 486
410 411
411 485
412 414
412 415
412 416
413 415
413 417
413 418
413 419
413 420
414 416
414 421
415 416
415 420
415 421
416 418
416 419
418 419
420 422
420 424
420 425
420 426
420 427
421 423
421 425
421 426
421 427
422 424
422 425
422 428
422 429
422 431
422 435
423 424
423 427
423 428
423 429
423 431
424 427
425 426
425 427
425 435
427 429
427 431
427 435
428 430
428 432
428 433
428 435
429 431
429 436
430 431
430 432
430 435
430 436
431 433
431 434
433 434
435 437
435 439
436 438
436 439
437 440
438 439
438 440
439 441
439 442
439 443
439 445
440 442
440 444
440 445
440 446
441 443
441 444
441 447
442 443
442 446
442 447
444 445
446 448
446 449
446 450
446 451
446 452
447 449
447 451
447 452
447 454
448 450
448 451
448 455
449 454
449 455
450 453
450 454
451 452
452 453
454 456
454 457
454 458
454 459
454 460
454 485
455 457
455 459
455 460
455 461
456 458
456 459
456 462
456 463
457 458
457 459
457 461
457 462
457 463
457 478
457 487
458 461
459 460
459 478
461 463
461 465
461 470
462 464
462 466
462 470
463 465
463 466
463 471
463 472
464 470
464 471
464 472
464 487
464 492
465 467
465 470
466 468
467 469
470 472
470 474
470 475
470 478
471 473
471 475
471 476
471 477
471 478
472 474
472 479
472 480
472 487
473 478
473 479
473 480
473 501
474 476
474 477
474 478
476 477
478 480
478 482
478 487
479 481
479 483
479 487
480 482
480 488
480 489
481 487
481 488
481 489
481 501
481 510
482 484
482 485
482 487
483 485
483 486
485 486
487 489
487 491
487 492
488 490
488 492
489 491
489 493
489 494
489 501
490 492
490 493
490 494
490 518
491 492
492 494
492 496
492 497
492 501
493 495
493 497
493 501
494 496
494 502
494 503
495 501
495 502
495 503
495 529
496 498
496 499
497 499
497 500
499 500
501 503
501 505
501 510
502 504
502 506
502 510
503 505
503 506
503 511
503 512
503 518
504 510
504 511
504 512
504 537
505 507
505 510
506 508
507 509
510 512
510 514
510 515
510 518
511 513
511 515
511 517
511 518
512 514
512 519
512 520
513 514
513 518
513 519
513 520
513 546
514 516
514 517
514 518
516 517
518 520
518 522
518 529
519 521
519 523
519 524
519 529
520 522
520 523
520 530
520 531
521 529
521 530
521 531
521 546
521 554
522 524
522 525
522 529
523 526
523 527
523 528
524 525
524 527
524 528
525 526
525 528
526 527
529 531
529 533
529 537
530 532
530 534
530 535
530 537
531 533
531 538
531 539
532 537
532 538
532 539
532 561
533 535
533 536
533 537
535 536
537 539
537 541
537 542
537 546
538 540
538 542
538 546
539 541
539 547
539 548
540 541
540 546
540 547
540 548
540 569
541 543
541 545
541 546
542 544
542 545
544 545
546 548
546 550
546 551
546 554
547 549
547 551
547 552
547 554
548 550
548 555
548 556
549 550
549 554
549 555
549 556
549 574
550 552
550 553
552 553
554 556
554 558
554 560
554 561
555 557
555 559
555 560
555 561
556 558
556 559
556 562
556 563
557 561
557 562
557 563
557 574
557 579
559 560
561 563
561 565
561 569
562 564
562 566
562 567
562 569
563 565
563 570
563 571
564 569
564 570
564 571
564 586
565 567
565 568
565 569
567 568
569 571
569 573
569 574
570 572
570 574
571 573
571 575
571 576
572 574
572 575
572 576
572 577
572 597
573 574
574 576
574 578
574 579
575 577
575 579
576 578
576 580
576 581
577 579
577 580
577 581
577 601
578 579
579 581
579 583
579 585
579 586
580 582
580 584
580 585
580 586
581 583
581 584
581 587
581 588
582 586
582 587
582 588
582 601
582 609
583 586
584 585
586 588
586 590
586 591
586 597
587 589
587 591
587 597
588 590
588 598
588 599
589 597
589 598
589 599
589 609
589 617
590 592
591 593
592 594
593 595
593 596
595 596
597 599
597 601
598 600
598 601
599 602
599 603
600 601
600 602
600 603
600 617
600 628
601 603
601 605
601 606
601 609
602 604
602 606
602 607
602 609
603 605
603 607
603 610
603 611
603 617
604 607
604 609
604 610
604 611
604 617
604 628
605 608
605 609
606 607
609 611
609 613
609 614
609 617
610 612
610 614
610 616
610 617
611 613
611 618
612 613
612 617
612 618
613 615
613 616
615 616
617 619
617 621
617 622
617 628
618 620
618 622
618 628
619 621
619 629
620 621
620 628
620 629
621 623
622 624
623 625
623 626
624 626
624 627
626 627
628 630
628 631
628 632
629 631
629 633
629 634
629 636
630 632
630 633
630 634
630 637
630 638
630 641
631 632
631 636
631 637
631 638
631 641
631 650
631 658
632 634
632 635
634 635
634 636
634 641
634 650
635 845
635 848
636 638
636 640
636 641
637 639
637 641
638 640
638 642
638 643
639 640
639 641
639 642
641 643
641 645
641 650
642 644
642 646
642 650
643 645
643 651
643 652
644 645
644 650
644 651
645 647
645 650
646 648
647 649
650 652
650 654
650 655
650 658
651 653
651 655
651 657
651 658
652 654
652 659
652 660
652 673
653 654
653 658
653 659
653 660
653 667
653 674
653 681
654 656
654 657
654 658
656 657
658 660
658 662
658 667
658 673
659 661
659 663
659 667
659 673
660 662
660 663
660 668
660 669
660 673
660 674
661 663
661 667
661 668
661 669
661 693
662 664
662 667
663 665
663 666
664 666
666 700
667 669
667 671
667 672
667 674
668 670
668 672
668 673
668 674
669 671
669 675
669 676
670 674
670 675
670 676
671 673
671 674
674 676
674 678
674 680
674 681
675 677
675 679
675 680
675 681
676 678
676 679
676 682
676 683
677 681
677 682
677 683
677 701
677 706
678 681
679 680
680 951
681 683
681 685
681 693
682 684
682 686
682 693
683 685
683 686
683 694
683 695
683 701
684 693
684 694
684 695
684 701
684 707
684 755
685 687
685 688
685 693
686 689
686 690
686 691
687 688
687 690
687 691
688 689
688 691
689 690
689 692
690 692
693 695
693 697
693 701
694 696
694 698
694 699
694 701
695 697
695 702
696 697
696 701
696 702
696 758
697 699
697 700
699 700
701 703
701 705
701 706
701 707
702 704
702 706
702 707
703 705
703 706
703 708
704 705
704 707
704 708
704 969
706 707
707 709
707 710
707 711
707 712
708 710
708 712
708 715
709 711
709 716
709 717
709 718
710 715
710 716
710 755
711 713
711 714
711 715
713 714
715 717
715 718
715 719
715 720
715 721
716 718
716 720
716 721
716 723
717 719
717 720
717 722
717 724
717 725
718 723
718 724
718 725
718 748
718 753
719 721
719 722
719 723
721 722
721 746
722 737
723 725
723 727
723 729
723 730
724 726
724 728
724 729
724 730
725 727
725 728
725 729
725 731
725 732
726 730
726 731
726 732
728 729
729 730
730 732
730 734
730 736
730 737
731 733
731 735
731 736
731 737
732 734
732 735
732 738
732 739
732 748
733 737
733 738
733 739
733 759
734 737
735 736
737 739
737 741
737 742
737 748
738 740
738 742
738 748
739 741
739 749
739 750
739 759
740 748
740 749
740 750
740 764
740 769
741 743
742 744
743 745
743 746
744 746
744 747
744 1209
746 747
748 750
748 752
748 753
748 759
749 751
749 753
749 759
750 752
750 760
750 761
751 752
751 759
751 760
751 761
751 777
752 754
752 759
753 755
754 756
754 757
755 757
755 758
757 758
759 761
759 763
759 764
760 762
760 764
761 763
761 765
761 766
762 764
762 765
762 766
762 785
764 766
764 768
764 769
765 767
765 769
766 768
766 770
766 771
767 769
767 770
767 771
769 771
769 773
769 777
770 772
770 774
770 775
770 777
771 773
771 774
771 778
771 779
772 777
772 778
772 779
772 801
773 775
773 776
773 777
775 776
777 779
777 781
777 782
777 785
778 780
778 782
778 783
778 785
779 781
779 783
779 786
779 787
780 783
780 785
780 786
780 787
780 801
780 808
781 784
782 783
783 784
785 787
785 789
785 793
786 788
786 790
786 791
786 793
787 789
787 790
787 791
787 794
787 795
787 801
788 791
788 793
788 794
788 795
788 808
788 819
789 791
789 792
789 793
791 792
791 1148
791 1151
793 795
793 797
793 801
794 796
794 798
794 801
795 797
795 802
795 803
796 801
796 802
796 803
796 828
797 799
797 801
798 800
801 803
801 805
801 807
801 808
802 804
802 806
802 807
802 808
803 805
803 806
803 809
803 810
804 806
804 808
804 809
804 810
804 836
806 807
808 810
808 812
808 819
809 811
809 813
809 819
810 812
810 813
810 814
810 820
810 821
811 819
811 820
811 821
812 814
812 815
812 819
813 816
813 817
813 818
814 815
814 817
814 818
815 816
815 818
816 817
819 821
819 823
819 828
820 822
820 824
820 828
821 823
821 824
821 829
822 828
822 829
823 825
823 826
823 828
824 826
824 827
826 827
826 1084
828 830
828 832
828 836
829 831
829 833
829 836
830 832
830 837
830 838
830 839
831 832
831 836
831 837
831 838
831 839
832 834
833 835
835 1082
836 838
836 839
837 839
837 840
838 841
838 842
838 849
839 840
839 841
839 842
839 849
839 860
840 842
840 844
840 849
841 843
841 845
841 849
842 844
842 845
842 850
842 851
843 849
843 850
843 851
843 867
843 871
844 846
844 847
845 847
845 848
847 848
849 851
849 853
849 854
849 856
850 852
850 854
850 855
850 856
851 853
851 855
851 857
851 858
852 856
852 857
852 858
854 855
856 858
856 860
857 859
857 860
858 861
858 862
859 860
859 861
859 862
859 872
860 862
860 864
860 866
860 867
861 863
861 865
861 866
861 867
862 864
862 865
862 868
862 869
862 872
863 865
863 867
863 868
863 869
863 872
863 876
865 866
867 869
867 871
867 872
868 870
868 872
869 871
869 873
870 872
870 873
872 874
872 876
873 875
873 876
874 877
874 878
874 887
875 876
875 877
875 887
876 878
876 880
876 881
876 887
877 879
877 881
877 887
878 880
878 888
878 889
879 880
879 887
879 888
879 889
879 902
879 908
880 882
880 883
881 884
881 885
881 886
882 883
882 885
882 886
883 884
883 886
884 885
887 889
887 891
887 892
887 894
888 890
888 892
888 893
888 894
889 891
889 893
889 895
889 896
890 893
890 894
890 895
890 896
890 916
891 894
892 893
894 896
894 898
894 899
894 900
894 902
895 897
895 899
895 900
895 902
896 898
896 903
896 904
896 908
897 902
897 903
897 904
897 927
898 900
898 901
900 901
900 925
902 904
902 906
902 907
902 908
903 905
903 907
903 908
904 906
904 909
904 910
904 916
905 906
905 908
905 909
905 910
905 927
905 935
906 908
907 1035
908 910
908 912
908 916
909 911
909 913
909 915
909 916
910 912
910 917
910 918
910 927
911 916
911 917
911 918
911 935
911 943
912 914
912 915
912 916
914 915
916 918
916 920
916 927
917 919
917 921
917 927
918 920
918 921
918 928
918 929
918 935
919 921
919 927
919 928
919 929
919 952
920 922
920 923
920 927
921 923
922 924
922 925
923 925
923 926
925 926
927 929
927 931
927 935
928 930
928 932
928 935
929 931
929 936
929 937
930 931
930 935
930 936
930 937
930 961
930 970
931 933
932 934
935 937
935 939
935 940
935 943
936 938
936 940
936 942
936 943
937 939
937 944
937 945
937 952
938 943
938 944
938 945
938 952
938 961
939 941
939 942
939 943
941 942
943 945
943 947
943 952
944 946
944 948
944 952
945 947
945 953
945 954
945 961
946 947
946 952
946 953
947 949
947 951
947 952
948 950
948 951
950 951
952 954
952 956
952 957
952 961
953 955
953 957
953 961
954 956
954 962
954 963
954 965
955 956
955 961
955 962
955 963
955 965
956 958
956 959
957 959
957 960
959 960
959 978
959 980
961 963
961 965
961 966
961 970
962 964
962 966
962 970
963 965
963 971
964 965
964 970
964 971
965 967
966 968
966 969
967 969
970 972
970 973
970 974
970 975
970 981
971 973
971 975
971 981
972 974
972 982
972 983
973 974
973 981
973 982
973 983
973 1012
974 976
975 977
975 978
975 979
976 978
976 979
977 979
977 980
979 980
981 983
981 985
981 986
981 995
982 984
982 986
982 995
983 985
983 996
983 997
984 995
984 996
984 997
984 1017
985 987
985 988
985 995
986 989
986 990
986 991
987 988
987 990
988 989
988 992
988 993
988 994
989 992
990 991
990 993
990 994
991 992
991 994
992 993
995 997
995 999
995 1000
995 1001
995 1003
996 998
996 1000
996 1001
996 1003
997 999
997 1004
997 1005
998 1003
998 1004
998 1005
998 1022
999 1001
999 1002
1001 1002
1003 1005
1003 1007
1003 1008
1003 1012
1004 1006
1004 1008
1004 1012
1005 1007
1005 1013
1005 1014
1005 1017
1006 1007
1006 1012
1006 1013
1006 1014
1006 1029
1007 1009
1007 1010
1007 1012
1008 1010
1008 1011
1010 1011
1012 1014
1012 1016
1012 1017
1013 1015
1013 1017
1014 1016
1014 1018
1014 1019
1014 1022
1015 1017
1015 1018
1015 1019
1015 1037
1016 1017
1017 1019
1017 1021
1017 1022
1018 1020
1018 1022
1019 1021
1019 1023
1019 1024
1020 1022
1020 1023
1020 1024
1021 1022
1022 1024
1022 1026
1022 1028
1022 1029
1023 1025
1023 1027
1023 1028
1023 1029
1024 1026
1024 1027
1024 1030
1024 1031
1025 1027
1025 1029
1025 1030
1025 1031
1025 1045
1026 1029
1027 1028
1029 1031
1029 1033
1029 1037
1030 1032
1030 1034
1030 1036
1030 1037
1031 1033
1031 1034
1031 1038
1031 1039
1031 1045
1032 1037
1032 1038
1032 1039
1032 1045
1032 1050
1033 1035
1033 1036
1033 1037
1035 1036
1037 1039
1037 1041
1037 1045
1038 1040
1038 1042
1038 1045
1039 1041
1039 1046
1039 1047
1039 1050
1040 1045
1040 1046
1040 1047
1040 1064
1041 1043
1041 1044
1043 1044
1045 1047
1045 1049
1045 1050
1046 1048
1046 1050
1047 1049
1047 1051
1048 1049
1048 1050
1048 1051
1048 1059
1050 1052
1050 1054
1050 1055
1050 1059
1051 1053
1051 1055
1051 1059
1052 1054
1052 1060
1052 1063
1053 1054
1053 1059
1053 1060
1054 1056
1055 1057
1056 1058
1059 1061
1059 1062
1059 1063
1059 1064
1060 1062
1060 1064
1060 1065
1061 1063
1061 1064
1061 1066
1061 1067
1061 1076
1062 1063
1062 1064
1062 1065
1062 1066
1062 1067
1062 1109
1063 1065
1064 1090
1065 1067
1065 1069
1065 1076
1066 1068
1066 1070
1066 1076
1067 1069
1067 1070
1067 1077
1067 1078
1068 1070
1068 1076
1068 1077
1068 1078
1068 1102
1068 1110
1069 1071
1069 1076
1070 1072
1071 1073
1071 1074
1072 1074
1072 1075
1074 1075
1076 1078
1076 1080
1076 1090
1077 1079
1077 1081
1077 1090
1078 1080
1078 1081
1078 1091
1078 1092
1079 1090
1079 1091
1079 1092
1079 1119
1079 1124
1080 1082
1080 1083
1080 1090
1081 1084
1081 1085
1081 1086
1082 1083
1082 1085
1083 1084
1083 1087
1083 1088
1083 1089
1084 1087
1085 1086
1085 1088
1085 1089
1086 1087
1086 1089
1087 1088
1090 1092
1090 1094
1090 1102
1091 1093
1091 1095
1091 1102
1092 1094
1092 1095
1092 1097
1092 1103
1092 1104
1093 1095
1093 1102
1093 1103
1093 1104
1093 1126
1093 1127
1093 1130
1094 1096
1094 1097
1094 1102
1095 1098
1095 1099
1095 1100
1096 1097
1096 1099
1096 1100
1097 1098
1097 1100
1098 1099
1098 1101
1099 1101
1102 1104
1102 1106
1102 1107
1102 1110
1103 1105
1103 1107
1103 1108
1103 1110
1104 1106
1104 1111
1105 1110
1105 1111
1106 1108
1106 1109
1108 1109
1110 1112
1110 1114
1110 1115
1110 1119
1111 1113
1111 1115
1111 1116
1111 1119
1112 1114
1112 1120
1113 1114
1113 1119
1113 1120
1114 1116
1114 1118
1114 1119
1115 1117
1115 1118
1117 1118
1119 1121
1119 1123
1119 1124
1119 1125
1119 1126
1120 1122
1120 1124
1120 1125
1120 1126
1120 1132
1121 1123
1121 1124
1121 1127
1121 1128
1121 1132
1122 1123
1122 1124
1122 1126
1122 1127
1122 1128
1122 1152
1124 1125
1126 1128
1126 1130
1126 1131
1126 1133
1127 1129
1127 1131
1127 1132
1127 1133
1128 1130
1128 1134
1128 1135
1129 1130
1129 1133
1129 1134
1129 1135
1129 1157
1129 1162
1130 1132
1133 1135
1133 1137
1133 1138
1133 1141
1134 1136
1134 1138
1134 1139
1134 1141
1135 1137
1135 1142
1135 1143
1136 1137
1136 1141
1136 1142
1136 1143
1136 1166
1137 1139
1137 1140
1137 1141
1139 1140
1141 1143
1141 1145
1141 1152
1142 1144
1142 1146
1142 1152
1143 1145
1143 1146
1143 1153
1143 1154
1144 1146
1144 1152
1144 1153
1144 1154
1144 1166
1144 1177
1145 1147
1145 1152
1146 1148
1147 1149
1147 1150
1148 1150
1148 1151
1150 1151
1152 1154
1152 1156
1152 1157
1153 1155
1153 1157
1154 1156
1154 1158
1154 1159
1154 1166
1155 1157
1155 1158
1155 1159
1155 1166
1155 1177
1155 1184
1157 1159
1157 1161
1157 1162
1157 1166
1158 1160
1158 1162
1158 1166
1159 1161
1159 1167
1159 1168
1160 1161
1160 1166
1160 1167
1160 1168
1160 1192
1160 1197
1161 1163
1161 1166
1162 1164
1163 1165
1166 1168
1166 1170
1166 1171
1166 1177
1167 1169
1167 1171
1167 1177
1168 1170
1168 1178
1168 1179
1169 1177
1169 1178
1169 1179
1169 1199
1169 1204
1170 1172
1170 1173
1170 1177
1171 1173
1172 1174
1172 1175
1173 1175
1173 1176
1175 1176
1177 1179
1177 1181
1177 1183
1177 1184
1178 1180
1178 1182
1178 1183
1178 1184
1179 1181
1179 1182
1179 1185
1179 1186
1180 1184
1180 1185
1180 1186
1180 1199
1180 1206
1181 1184
1182 1183
1184 1186
1184 1188
1184 1189
1184 1192
1185 1187
1185 1189
1185 1190
1185 1192
1186 1188
1186 1190
1186 1193
1186 1194
1186 1199
1187 1190
1187 1192
1187 1193
1187 1194
1187 1206
1187 1217
1188 1191
1188 1192
1189 1190
1192 1194
1192 1196
1192 1197
1192 1199
1193 1195
1193 1197
1193 1198
1193 1199
1194 1196
1194 1198
1194 1200
1194 1201
1195 1196
1195 1198
1195 1199
1195 1200
1195 1201
1195 1228
1195 1233
1196 1199
1197 1198
1199 1201
1199 1203
1199 1204
1199 1206
1200 1202
1200 1204
1200 1205
1200 1206
1201 1203
1201 1205
1201 1207
1201 1208
1202 1206
1202 1207
1202 1208
1202 1235
1203 1206
1204 1205
1206 1208
1206 1210
1206 1217
1207 1209
1207 1211
1207 1212
1207 1217
1208 1210
1208 1218
1208 1219
1209 1217
1209 1218
1209 1219
1210 1212
1210 1213
1210 1217
1211 1214
1211 1215
1211 1216
1212 1213
1212 1215
1212 1216
1213 1214
1213 1216
1214 1215
1217 1219
1217 1221
1217 1228
1218 1220
1218 1222
1218 1228
1219 1221
1219 1222
1219 1229
1220 1222
1220 1228
1220 1229
1221 1223
1221 1224
1221 1228
1222 1224
1223 1225
1223 1226
1224 1226
1224 1227
1226 1227
1228 1230
1228 1232
1228 1233
1228 1234
1228 1235
1229 1231
1229 1233
1229 1234
1229 1235
1230 1232
1230 1233
1230 1236
1230 1237
1230 1239
1231 1232
1231 1235
1231 1236
1231 1237
1233 1234
1233 1244
1235 1237
1235 1239
1236 1238
1236 1239
1237 1240
1238 1239
1238 1240
1239 1241
1239 1242
1239 1243
1239 1244
1239 1245
1240 1242
1240 1244
1240 1245
1240 1246
1241 1243
1241 1244
1241 1247
1242 1244
1242 1246
1242 1247
1243 1246
1244 1245
1244 1260
1244 1267
1246 1248
1246 1250
1246 1251
1246 1260
1247 1249
1247 1251
1247 1260
1248 1250
1248 1261
1248 1262
1248 1268
1249 1250
1249 1260
1249 1261
1249 1262
1249 1268
1249 1273
1250 1252
1250 1253
1251 1254
1251 1255
1251 1256
1252 1253
1252 1255
1253 1254
1253 1257
1253 1258
1253 1259
1254 1257
1255 1256
1255 1258
1255 1259
1256 1257
1256 1259
1257 1258
1260 1262
1260 1264
1260 1265
1260 1266
1260 1268
1261 1263
1261 1265
1261 1266
1261 1268
1262 1264
1262 1269
1262 1270
1262 1273
1263 1264
1263 1268
1263 1269
1263 1270
1263 1273
1263 1285
1264 1266
1264 1267
1266 1267
1266 1292
1266 1293
1268 1270
1268 1272
1268 1273
1269 1271
1269 1273
1270 1272
1270 1274
1271 1272
1271 1273
1271 1274
1273 1275
1273 1277
1273 1278
1273 1279
1273 1285
1274 1276
1274 1278
1274 1285
1275 1277
1275 1286
1276 1277
1276 1285
1276 1286
1277 1279
1277 1280
1278 1281
1278 1282
1278 1283
1279 1280
1279 1282
1279 1283
1280 1281
1280 1283
1281 1282
1281 1284
1282 1284
1285 1287
1285 1289
1285 1290
1286 1288
1286 1290
1287 1289
1288 1289
1289 1291
1289 1292
1290 1292
1291 1293
1 1 43.874001 -3.259000 8.903000 N
2 1 43.488998 -1.891000 8.993000 C
3 1 42.118000 -1.976000 9.569000 C
4 1 41.446999 -2.993000 9.376000 O
5 1 43.428001 -1.384000 7.528000 C
6 1 42.931000 0.018000 7.236000 C
7 1 43.948002 1.337000 7.939000 S
8 1 45.551998 0.828000 7.315000 C
9 2 41.717999 -0.910000 10.246000 N
10 2 40.387001 -0.847000 10.794000 C
11 2 39.958000 0.603000 10.815000 C
12 2 40.765999 1.493000 10.589000 O
13 2 40.263000 -1.542000 12.190000 C
14 2 41.181000 -0.987000 13.243000 C
15 2 41.155998 0.229000 13.501000 O
16 2 42.042000 -1.829000 13.757000 N
17 3 38.738998 0.870000 11.203000 N
18 3 38.263000 2.262000 11.258000 C
19 3 39.101002 3.201000 12.114000 C
20 3 39.250999 4.393000 11.820000 O
21 3 36.761002 2.364000 11.618000 C
22 3 36.091999 3.732000 11.386000 C
23 3 36.429001 1.754000 13.015000 C
24 3 36.268002 4.431000 10.003000 C
25 4 39.577999 2.709000 13.250000 N
26 4 40.278999 3.612000 14.110000 C
27 4 41.573002 4.030000 13.484000 C
28 4 41.973000 5.169000 13.485000 O
29 4 40.523998 2.903000 15.441000 C
30 4 39.289001 2.931000 16.332001 C
31 4 38.993999 4.035000 17.136000 C
32 4 38.431999 1.828000 16.360001 C
33 4 37.876999 4.056000 17.966000 C
34 4 37.265999 1.862000 17.148001 C
35 4 37.027000 2.953000 17.979000 C
36 5 42.228001 3.019000 12.911000 N
37 5 43.481998 3.292000 12.273000 C
38 5 43.314999 4.201000 11.081000 C
39 5 44.109001 5.056000 10.841000 O
40 5 44.143002 2.037000 11.767000 C
41 5 44.611000 1.092000 12.896000 C
42 5 45.160000 -0.246000 12.402000 C
43 5 45.144001 -0.612000 11.242000 O
44 5 45.701000 -0.961000 13.355000 O
45 6 42.250999 3.960000 10.303000 N
46 6 42.004002 4.767000 9.146000 C
47 6 41.783001 6.196000 9.538000 C
48 6 42.366001 7.115000 8.949000 O
49 6 40.678001 4.249000 8.514000 C
50 6 40.294998 4.915000 7.207000 C
51 6 38.556000 4.542000 6.883000 S
52 6 38.398998 4.700000 5.080000 C
53 7 40.896999 6.420000 10.474000 N
54 7 40.629002 7.805000 10.868000 C
55 7 41.855000 8.422000 11.510000 C
56 7 42.118000 9.604000 11.411000 O
57 7 39.455002 7.930000 11.819000 C
58 7 38.209000 7.942000 11.019000 C
59 7 37.151001 7.522000 11.981000 C
60 7 37.933998 9.358000 10.508000 C
61 8 42.633999 7.617000 12.175000 N
62 8 43.832001 8.196000 12.778000 C
63 8 44.787998 8.741000 11.726000 C
64 8 45.407001 9.771000 11.913000 O
65 8 44.487999 7.265000 13.759000 C
66 8 45.915001 7.714000 14.103000 C
67 8 45.938000 8.513000 15.396000 C
68 8 47.258999 8.912000 15.891000 N
69 8 48.104000 9.733000 15.253000 C
70 8 47.826000 10.210000 14.045000 N
71 8 49.277000 10.062000 15.811000 N
72 9 44.848999 8.102000 10.591000 N
73 9 45.674000 8.549000 9.491000 C
74 9 45.020000 9.783000 8.877000 C
75 9 45.674000 10.777000 8.596000 O
76 9 45.846001 7.407000 8.478000 C
77 9 46.931999 6.413000 8.951000 C
78 9 46.199001 7.951000 7.099000 C
79 9 46.820000 5.059000 8.273000 C
80 10 43.709999 9.803000 8.746000 N
81 10 43.082001 10.957000 8.165000 C
82 10 43.092999 12.240000 8.991000 C
83 10 43.155998 13.275000 8.438000 O
84 10 41.632999 10.658000 7.716000 C
85 10 41.682999 9.852000 6.422000 C
86 10 42.637001 9.929000 5.668000 O
87 10 40.678001 9.024000 6.221000 O
88 11 42.911999 12.127000 10.304000 N
89 11 42.797001 13.272000 11.177000 C
90 11 44.070999 13.739000 11.842000 C
91 11 44.132000 14.903000 12.217000 O
92 11 41.731998 12.946000 12.249000 C
93 11 40.429001 12.670000 11.530000 C
94 11 39.681999 13.873000 11.047000 C
95 11 40.301998 15.012000 11.273000 O
96 11 38.608002 13.739000 10.480000 O
97 12 45.035999 12.829000 12.009000 N
98 12 46.263000 12.991000 12.777000 C
99 12 45.931999 13.044000 14.286000 C
100 12 44.844002 12.644000 14.709000 O
101 13 46.879002 13.576000 15.081000 N
102 13 46.722000 13.750000 16.525000 C
103 13 47.500000 14.967000 16.983000 C
104 13 48.717999 15.008000 16.841999 O
105 13 47.316002 12.523000 17.214001 C
106 13 47.660999 12.540000 18.698999 C
107 13 46.386002 12.662000 19.537001 C
108 13 48.306000 11.176000 18.945000 C
109 14 46.778999 15.883000 17.591999 N
110 14 47.304001 17.098000 18.219000 C
111 14 46.764000 17.242001 19.591000 C
112 14 45.561001 16.990999 19.889999 O
113 14 47.159000 18.362000 17.416000 C
114 14 47.928001 18.141001 16.138000 C
115 14 47.848000 19.306999 15.168000 C
116 14 48.465000 20.561001 15.626000 N
117 14 48.514999 21.677000 14.865000 C
118 14 47.992001 21.716000 13.631000 N
119 14 49.095001 22.788000 15.338000 N
120 15 47.700001 17.601000 20.461000 N
121 15 47.353001 17.677999 21.863001 C
122 15 46.991001 19.045000 22.349001 C
123 15 46.563000 19.191000 23.497000 O
124 15 48.389999 17.034000 22.771999 C
125 15 48.691002 15.605000 22.368999 C
126 15 49.791000 15.056000 23.246000 C
127 15 47.437000 14.765000 22.582001 C
128 16 47.169998 20.023001 21.480000 N
129 16 46.807999 21.368000 21.830000 C
130 16 45.672001 21.740999 20.938000 C
131 16 45.521000 21.177999 19.848000 O
132 16 47.936001 22.421000 21.684999 C
133 16 49.337002 21.826000 21.825001 C
134 16 50.362999 22.641001 22.632000 C
135 16 50.785999 22.024000 23.980000 C
136 16 51.389999 22.937000 25.004000 N
137 17 44.891998 22.712999 21.407000 N
138 17 43.783001 23.181999 20.573999 C
139 17 44.347000 23.669001 19.216999 C
140 17 45.382000 24.355000 19.197001 O
141 17 43.060001 24.297001 21.296000 C
142 17 42.189999 23.773001 22.417000 C
143 17 42.216000 25.135000 20.337000 C
144 17 41.459000 24.934000 23.101000 C
145 18 43.706001 23.340000 18.087000 N
146 18 44.244999 23.771000 16.771999 C
147 18 43.081001 24.153999 15.857000 C
148 18 41.942001 23.834000 16.183001 O
149 18 45.171001 22.667999 16.111000 C
150 18 44.452000 21.346001 15.768000 C
151 18 44.234001 20.332001 16.716000 C
152 18 43.969002 21.127001 14.472000 C
153 18 43.549000 19.167999 16.341000 C
154 18 43.279999 19.966999 14.075000 C
155 18 43.026001 19.000000 15.044000 C
156 18 42.352001 17.858000 14.709000 O
157 19 43.323002 24.840000 14.737000 N
158 19 42.233002 25.042999 13.790000 C
159 19 42.243000 23.959000 12.711000 C
160 19 43.262001 23.639999 12.119000 O
161 19 42.291000 26.348000 13.080000 C
162 19 42.005001 27.437000 14.073000 C
163 19 41.722000 28.778999 13.412000 C
164 19 41.834000 29.962000 14.368000 C
165 19 41.544998 31.308001 13.809000 N
166 20 41.067001 23.416000 12.457000 N
167 20 40.928001 22.434000 11.404000 C
168 20 41.019001 23.129999 10.032000 C
169 20 41.237000 24.327999 9.966000 O
170 20 39.680000 21.561001 11.547000 C
171 20 38.351002 22.222000 11.276000 C
172 20 38.394001 23.424999 10.796000 O
173 20 37.341000 21.599001 11.290000 O
174 21 40.727001 22.365000 8.981000 N
175 21 40.827999 22.792999 7.577000 C
176 21 39.876999 23.947001 7.235000 C
177 21 40.138000 24.711000 6.304000 O
178 21 40.733002 21.631001 6.514000 C
179 21 39.395000 21.215000 6.452000 O
180 21 41.551998 20.349001 6.772000 C
181 22 38.806999 24.073999 8.032000 N
182 22 37.734001 25.063000 7.867000 C
183 22 37.910000 26.247000 8.777000 C
184 22 37.104000 27.166000 8.740000 O
185 22 36.428001 24.414000 8.298000 C
186 22 35.831001 23.393999 7.310000 C
187 22 35.276001 23.955000 6.025000 C
188 22 34.035999 24.395000 6.122000 O
189 22 35.854000 23.820000 4.968000 O
190 23 38.962002 26.136000 9.626000 N
191 23 39.347000 27.108999 10.612000 C
192 23 38.583000 26.981001 11.930000 C
193 23 38.504002 27.941999 12.673000 O
194 24 38.039001 25.812000 12.249000 N
195 24 37.332001 25.658001 13.512000 C
196 24 38.243999 25.063999 14.527000 C
197 24 38.999001 24.162001 14.207000 O
198 24 36.216999 24.628000 13.387000 C
199 24 35.209999 25.128000 12.404000 C
200 24 34.897999 26.472000 12.387000 C
201 24 34.563000 24.284000 11.489000 C
202 24 33.984001 26.982000 11.461000 C
203 24 33.674000 24.781000 10.538000 C
204 24 33.390999 26.139999 10.516000 C
205 24 32.462002 26.653000 9.636000 O
206 25 38.073002 25.476999 15.759000 N
207 25 38.819000 24.938000 16.871000 C
208 25 38.494999 23.464001 17.098000 C
209 25 37.338001 23.056999 17.243999 O
210 25 38.444000 25.799000 18.104000 C
211 25 39.014000 27.176001 18.002001 C
212 25 40.403999 27.297001 17.899000 C
213 25 38.210999 28.309000 18.091000 C
214 25 40.976002 28.563000 17.843000 C
215 25 38.757000 29.586000 18.014000 C
216 25 40.147999 29.686001 17.910999 C
217 25 40.743000 30.908001 17.908001 O
218 26 39.594002 22.698999 17.158001 N
219 26 39.609001 21.247000 17.247999 C
220 26 40.680000 20.785999 18.221001 C
221 26 41.650002 21.472000 18.506001 O
222 26 39.880001 20.759001 15.765000 C
223 26 38.875999 21.277000 14.901000 O
224 26 39.893002 19.233999 15.590000 C
225 27 40.590000 19.568001 18.724001 N
226 27 41.693001 19.024000 19.481001 C
227 27 41.729000 17.525999 19.223000 C
228 27 40.728001 16.936001 18.780001 O
229 27 41.714001 19.386000 21.000999 C
230 27 43.030998 19.028999 21.742001 C
231 27 40.519001 18.729000 21.652000 C
232 27 43.415001 19.931999 22.903999 C
233 28 42.839001 16.910000 19.554001 N
234 28 42.957001 15.451000 19.520000 C
235 28 42.964001 14.818000 18.136999 C
236 28 43.750000 15.208000 17.277000 O
237 29 42.099998 13.854000 17.915001 N
238 29 42.018002 13.192000 16.613001 C
239 29 40.743999 13.658000 15.927000 C
240 29 39.720001 12.966000 15.892000 O
241 29 42.028000 11.690000 16.868999 C
242 29 43.284000 11.422000 17.711000 C
243 29 41.922001 10.851000 15.585000 C
244 29 43.451000 9.979000 18.181000 C
245 30 40.791000 14.882000 15.462000 N
246 30 39.683998 15.470000 14.752000 C
247 30 38.473000 15.709000 15.622000 C
248 30 37.366001 15.667000 15.148000 O
249 31 38.640999 16.025000 16.882000 N
250 31 37.458000 16.291000 17.702000 C
251 31 37.077999 17.775000 17.635000 C
252 31 37.752998 18.629000 18.233999 O
253 31 37.688999 15.916000 19.214001 C
254 31 36.445000 16.163000 20.025000 C
255 31 35.391998 15.272000 19.996000 N
256 31 36.064999 17.223000 20.833000 C
257 31 34.405998 15.782000 20.740999 C
258 31 34.794998 16.938000 21.302999 N
259 32 36.025002 18.110001 16.945000 N
260 32 35.661999 19.538000 16.829000 C
261 32 35.188000 20.125000 18.129000 C
262 32 34.333000 19.559000 18.827999 O
263 32 34.548000 19.664000 15.798000 C
264 32 33.945999 21.056000 15.850000 C
265 32 34.955002 22.059000 15.302000 C
266 32 32.727001 21.059999 14.958000 C
267 33 35.681999 21.261000 18.496000 N
268 33 35.201000 21.766001 19.767000 C
269 33 34.087002 22.726000 19.576000 C
270 33 33.147999 22.709000 20.327999 O
271 33 36.298000 22.455000 20.605000 C
272 33 37.372002 21.469000 21.059999 C
273 33 38.619999 22.249001 21.415001 C
274 33 36.904999 20.709999 22.305000 C
275 34 34.243999 23.599001 18.606001 N
276 34 33.286999 24.639000 18.375999 C
277 34 33.598000 25.320999 17.087000 C
278 34 34.764999 25.475000 16.719999 O
279 34 33.395000 25.757000 19.459999 C
280 34 32.284000 26.618000 19.333000 O
281 34 34.706001 26.576000 19.466999 C
282 35 32.542999 25.857000 16.518000 N
283 35 32.598999 26.622999 15.300000 C
284 35 32.740002 28.136999 15.548000 C
285 35 33.018002 28.919001 14.634000 O
286 35 31.357000 26.298000 14.513000 C
287 35 31.304001 24.856001 14.028000 C
288 35 30.371000 24.753000 12.836000 C
289 35 29.926001 23.361000 12.398000 C
290 35 28.691999 23.382999 11.579000 N
291 36 32.558998 28.540001 16.805000 N
292 36 32.702000 29.923000 17.226000 C
293 36 34.144001 30.333000 17.129000 C
294 36 35.074001 29.591000 17.444000 O
295 36 32.112000 30.219000 18.614000 C
296 36 32.860001 31.171000 19.358000 O
297 37 34.337002 31.562000 16.722000 N
298 37 35.683998 32.007000 16.524000 C
299 37 36.337002 32.470001 17.784000 C
300 37 37.436001 33.012001 17.742001 O
301 37 35.608002 33.139000 15.543000 C
302 37 34.249001 33.737999 15.850000 C
303 37 33.367001 32.618999 16.364000 C
304 38 35.699001 32.202000 18.910999 N
305 38 36.334999 32.540001 20.169001 C
306 38 37.092999 31.354000 20.790001 C
307 38 36.497002 30.299999 21.040001 O
308 38 35.368999 33.061001 21.226999 C
309 38 36.039001 33.044998 22.489000 O
310 39 38.380001 31.580999 21.129999 N
311 39 39.304001 30.622000 21.775000 C
312 39 38.851002 30.290001 23.187000 C
313 39 38.967999 29.181000 23.733000 O
314 39 40.778999 31.086000 21.709000 C
315 39 41.790001 30.132000 22.364000 C
316 39 41.776001 28.749001 21.724001 C
317 39 43.209999 30.687000 22.370001 C
318 40 38.256001 31.281000 23.777000 N
319 40 37.700001 31.018000 25.063999 C
320 40 36.528999 30.101999 24.948999 C
321 40 36.388000 29.179001 25.761999 O
322 40 37.230999 32.285000 25.740000 C
323 40 38.457001 32.887001 26.332001 C
324 40 39.501999 32.214001 26.445000 O
325 40 38.363998 34.178001 26.607000 N
326 41 35.659000 30.357000 23.976000 N
327 41 34.550999 29.433001 23.893999 C
328 41 35.126999 28.011999 23.701000 C
329 41 34.598000 27.034000 24.197001 O
330 41 33.556999 29.834999 22.825001 C
331 42 36.249001 27.889000 23.000999 N
332 42 36.821999 26.562000 22.771999 C
333 42 37.407001 25.913000 23.997000 C
334 42 37.316002 24.695000 24.205000 O
335 42 37.847000 26.554001 21.655001 C
336 43 38.089001 26.712999 24.784000 N
337 43 38.679001 26.205999 25.982000 C
338 43 37.606998 25.739000 26.931999 C
339 43 37.762001 24.759001 27.628000 O
340 43 39.368000 27.311001 26.677999 C
341 43 40.785999 27.349001 26.198999 C
342 43 41.333000 28.761999 26.183001 C
343 43 42.577999 29.017000 27.049000 C
344 43 43.833000 28.334999 26.655001 N
345 44 36.493000 26.443001 26.921000 N
346 44 35.423000 26.044001 27.808001 C
347 44 34.750999 24.759001 27.347000 C
348 44 34.424000 23.919001 28.146999 O
349 44 34.396000 27.194000 28.013000 C
350 44 33.077999 26.756001 28.309999 O
351 45 34.570000 24.604000 26.044001 N
352 45 33.994999 23.379000 25.549999 C
353 45 34.950001 22.254000 25.857000 C
354 45 34.562000 21.142000 26.231001 O
355 45 33.984001 23.485001 24.063000 C
356 45 32.729000 24.254000 23.589001 C
357 45 31.372999 23.747000 24.091000 C
358 45 31.028999 22.600000 24.058001 O
359 45 30.509001 24.677000 24.438999 O
360 46 36.235001 22.566000 25.704000 N
361 46 37.257000 21.549999 26.006001 C
362 46 37.200001 21.041000 27.462000 C
363 46 37.167000 19.860001 27.747999 O
364 46 38.694000 22.007000 25.698999 C
365 46 39.783001 20.976000 26.065001 C
366 46 39.511002 19.665001 25.323999 C
367 46 41.147999 21.503000 25.593000 C
368 47 37.229000 21.931999 28.436001 N
369 47 37.203999 21.455000 29.813999 C
370 47 35.904999 20.770000 30.150000 C
371 47 35.853001 19.834000 30.981001 O
372 47 37.325001 22.646000 30.726999 C
373 47 38.655998 23.306000 30.632000 C
374 47 39.651001 22.893999 30.042999 O
375 47 38.533001 24.475000 31.114000 O
376 48 34.839001 21.267000 29.528000 N
377 48 33.540001 20.577000 29.702000 C
378 48 33.592999 19.111000 29.166000 C
379 48 33.101002 18.164000 29.749001 O
380 48 32.445999 21.362000 29.000999 C
381 48 31.117001 20.631001 28.870001 C
382 48 29.990999 21.573999 28.474001 C
383 48 30.202999 22.233000 27.129999 C
384 48 29.658001 21.464001 26.016001 N
385 49 34.238998 18.910999 28.031000 N
386 49 34.358002 17.573999 27.423000 C
387 49 35.244999 16.591000 28.201000 C
388 49 34.959000 15.417000 28.313999 O
389 49 34.896000 17.730000 26.007000 C
390 50 36.327000 17.114000 28.757999 N
391 50 37.320999 16.358999 29.504999 C
392 50 37.019001 16.252001 30.968000 C
393 50 37.453999 15.320000 31.650999 O
394 50 38.687000 17.018999 29.306999 C
395 50 38.993999 16.996000 27.813000 C
396 50 39.789001 16.416000 30.193001 C
397 50 39.060001 15.581000 27.254000 C
398 51 36.305000 17.237000 31.451000 N
399 51 35.962002 17.236000 32.835999 C
400 51 37.067001 17.754000 33.733002 C
401 51 37.089001 17.354000 34.867001 O
402 52 37.952999 18.631001 33.270000 N
403 52 38.995998 19.218000 34.113998 C
404 52 39.411999 20.511000 33.485001 C
405 52 39.051998 20.732000 32.317001 O
406 52 40.145000 18.228001 34.327000 C
407 52 41.317001 18.245001 33.352001 C
408 52 42.085999 16.943001 33.511002 C
409 52 43.025002 16.705999 32.423000 N
410 52 43.883999 17.629000 32.014999 C
411 52 43.949001 18.823999 32.587002 N
412 52 44.694000 17.364000 31.004000 N
413 53 40.118999 21.358000 34.254002 N
414 53 40.655998 22.603001 33.743000 C
415 53 41.841000 22.247000 32.911999 C
416 53 42.854000 21.816000 33.451000 O
417 53 41.087002 23.555000 34.862999 C
418 53 40.077000 24.627001 34.700001 C
419 53 38.907001 24.288000 34.933998 O
420 53 40.453999 25.716000 33.995998 N
421 54 41.699001 22.299000 31.606001 N
422 54 42.790001 21.792000 30.785000 C
423 54 43.827000 22.781000 30.355000 C
424 54 44.953999 22.379999 30.045000 O
425 54 42.286999 21.128000 29.493000 C
426 54 41.641998 22.117001 28.691000 O
427 54 41.428001 19.896999 29.830999 C
428 55 43.367001 24.033001 30.257000 N
429 55 44.150002 25.143000 29.767000 C
430 55 44.502998 24.913000 28.297001 C
431 55 45.527000 25.392000 27.802999 O
432 55 45.365002 25.490999 30.671000 C
433 55 46.098000 26.846001 30.507000 C
434 55 45.547001 27.926001 30.184999 O
435 55 47.396999 26.783001 30.798000 N
436 56 43.634998 24.184000 27.580000 N
437 56 43.824001 23.955000 26.145000 C
438 56 44.812000 22.862000 25.729000 C
439 56 45.183998 22.801001 24.556000 O
440 57 45.233002 22.014000 26.681000 N
441 57 46.153000 20.896000 26.421000 C
442 57 45.542999 19.622000 27.024000 C
443 57 45.002998 19.691000 28.117001 O
444 57 47.562000 21.112000 27.017000 C
445 57 48.504002 19.936001 26.723000 C
446 57 48.174000 22.344000 26.382999 C
447 58 45.610001 18.458000 26.340000 N
448 58 45.037998 17.266001 26.948999 C
449 58 46.099998 16.239000 26.830999 C
450 58 47.094002 16.542999 26.208000 O
451 58 43.754002 16.871000 26.216000 C
452 58 44.039001 16.684999 24.718000 C
453 58 42.634998 17.910000 26.450001 C
454 58 42.891998 15.955000 24.010000 C
455 59 45.983002 15.029000 27.391001 N
456 59 47.026001 14.047000 27.176001 C
457 59 46.584000 13.161000 26.039000 C
458 59 45.431999 13.198000 25.677999 O
459 59 47.051998 13.067000 28.365000 C
460 59 45.798000 12.398000 28.502001 O
461 59 47.354000 13.809000 29.636999 C
462 60 47.436001 12.220000 25.656000 N
463 60 47.152000 11.236000 24.631001 C
464 60 45.937000 10.379000 24.941000 C
465 60 45.073002 10.069000 24.121000 O
466 60 48.353001 10.328000 24.452000 C
467 60 48.119999 9.469000 23.211000 C
468 60 49.337002 8.775000 22.613001 C
469 60 49.014999 7.928000 21.375999 C
470 60 50.116001 7.858000 20.386000 N
471 61 45.882000 9.978000 26.193001 N
472 61 44.796001 9.199000 26.701000 C
473 61 43.463001 9.910000 26.591999 C
474 61 42.424999 9.306000 26.289000 O
475 61 45.110001 8.865000 28.148001 C
476 61 45.706001 7.504000 28.128000 C
477 61 45.013000 6.499000 28.051001 O
478 61 47.005001 7.527000 27.962000 O
479 62 43.505001 11.187000 26.931000 N
480 62 42.307999 11.977000 26.851999 C
481 62 41.946999 12.098000 25.393000 C
482 62 40.806999 12.043000 25.056999 O
483 62 42.547001 13.377000 27.398001 C
484 62 42.283001 13.417000 28.885000 C
485 62 43.016998 14.503000 29.658001 C
486 62 43.778999 15.300000 29.177000 O
487 62 42.721001 14.453000 30.921000 O
488 63 42.936001 12.235000 24.499001 N
489 63 42.549000 12.315000 23.117001 C
490 63 41.883999 11.051000 22.618000 C
491 63 40.965000 11.073000 21.816999 O
492 63 43.734001 12.680000 22.219000 C
493 64 42.438999 9.918000 23.048000 N
494 64 41.943001 8.668000 22.575001 C
495 64 40.590000 8.401000 23.143999 C
496 64 39.757000 7.771000 22.527000 O
497 64 42.946999 7.617000 22.995001 C
498 64 44.139999 7.671000 22.046000 C
499 64 45.165001 6.667000 22.436001 C
500 64 45.304001 6.222000 23.584000 O
501 64 45.859001 6.318000 21.400000 O
502 65 40.323002 8.980000 24.270000 N
503 65 38.998001 8.792000 24.848000 C
504 65 37.976002 9.549000 24.066000 C
505 65 36.922001 9.003000 23.750999 O
506 65 38.932999 9.164000 26.309999 C
507 65 37.660000 8.643000 26.990000 C
508 65 37.469002 9.074000 28.445999 C
509 65 36.143002 8.590000 29.041000 C
510 65 36.195999 8.209000 30.468000 N
511 66 38.278000 10.794000 23.698000 N
512 66 37.335999 11.515000 22.851999 C
513 66 37.146999 10.799000 21.527000 C
514 66 36.026001 10.793000 21.014000 O
515 66 37.762001 12.928000 22.492001 C
516 66 37.820999 13.803000 23.756001 C
517 66 38.556000 15.117000 23.535000 C
518 66 36.438000 14.114000 24.295000 C
519 67 38.223000 10.220000 21.002001 N
520 67 38.118999 9.523000 19.725000 C
521 67 37.213001 8.332000 19.830999 C
522 67 36.347000 8.123000 18.972000 O
523 67 39.533001 9.152000 19.288000 C
524 67 39.716000 8.492000 17.916000 C
525 67 39.034000 8.912000 16.768999 C
526 67 40.731998 7.542000 17.763000 C
527 67 39.266998 8.310000 15.526000 C
528 67 41.039001 6.996000 16.516001 C
529 67 40.293999 7.377000 15.396000 C
530 68 37.402000 7.503000 20.885000 N
531 68 36.528000 6.353000 21.052000 C
532 68 35.074001 6.801000 21.110001 C
533 68 34.180000 6.160000 20.563000 O
534 68 36.773998 5.525000 22.341999 C
535 68 37.967999 4.595000 22.254999 C
536 68 38.074001 3.905000 21.266001 O
537 68 38.866001 4.548000 23.275000 N
538 69 34.785999 7.856000 21.862000 N
539 69 33.387001 8.322000 21.955000 C
540 69 32.870998 8.787000 20.600000 C
541 69 31.738001 8.567000 20.250000 O
542 69 33.238998 9.554000 22.879000 C
543 69 33.653999 9.116000 24.278999 C
544 69 33.688999 10.202000 25.320000 C
545 69 33.743999 9.890000 26.517000 O
546 69 33.688999 11.463000 24.893999 N
547 70 33.730999 9.477000 19.875000 N
548 70 33.319000 9.981000 18.572001 C
549 70 33.081001 8.889000 17.552999 C
550 70 32.237000 9.033000 16.738001 O
551 70 34.241001 11.075000 17.980000 C
552 70 34.321999 12.385000 18.777000 C
553 70 33.464001 12.793000 19.510000 O
554 70 35.441002 13.016000 18.628000 O
555 71 33.827000 7.779000 17.580000 N
556 71 33.590000 6.774000 16.607000 C
557 71 32.258999 6.094000 16.910999 C
558 71 31.469000 5.850000 16.028999 O
559 71 34.771000 5.781000 16.525000 C
560 71 34.431999 4.625000 15.559000 C
561 71 35.980999 6.543000 16.007999 C
562 72 32.040001 5.877000 18.205999 N
563 72 30.820000 5.221000 18.709999 C
564 72 29.636000 6.054000 18.290001 C
565 72 28.618000 5.542000 17.822001 O
566 72 30.903000 5.065000 20.243999 C
567 72 29.865000 4.250000 21.048000 C
568 72 29.170000 3.383000 20.386000 O
569 72 29.728001 4.389000 22.242001 O
570 73 29.775000 7.358000 18.499001 N
571 73 28.667000 8.246000 18.114000 C
572 73 28.346001 8.134000 16.613001 C
573 73 27.183001 8.167000 16.177000 O
574 73 28.961000 9.730000 18.414000 C
575 74 29.416000 8.080000 15.813000 N
576 74 29.253000 8.054000 14.344000 C
577 74 28.469000 6.856000 13.939000 C
578 74 27.486000 7.015000 13.253000 O
579 74 30.540001 8.147000 13.524000 C
580 75 28.922001 5.688000 14.392000 N
581 75 28.250000 4.453000 14.090000 C
582 75 26.791000 4.523000 14.475000 C
583 75 25.934999 4.172000 13.668000 O
584 75 28.931999 3.248000 14.750000 C
585 75 28.146000 1.951000 14.487000 C
586 75 30.333000 3.093000 14.177000 C
587 76 26.544001 4.974000 15.729000 N
588 76 25.209000 5.023000 16.285999 C
589 76 24.289000 5.924000 15.459000 C
590 76 23.124001 5.615000 15.134000 O
591 76 25.313999 5.332000 17.808001 C
592 76 25.760000 4.103000 18.674000 C
593 76 25.662001 4.168000 20.240000 C
594 76 24.662001 3.234000 20.886999 N
595 76 23.253000 3.168000 20.899000 C
596 76 22.379999 4.010000 20.339001 N
597 76 22.636999 2.171000 21.514000 N
598 77 24.853001 7.072000 15.114000 N
599 77 24.198999 8.056000 14.318000 C
600 77 23.781000 7.446000 12.984000 C
601 77 22.690001 7.618000 12.491000 O
602 78 24.690001 6.742000 12.363000 N
603 78 24.371000 6.086000 11.109000 C
604 78 23.195999 5.143000 11.278000 C
605 78 22.270000 5.076000 10.456000 O
606 78 25.573000 5.223000 10.621000 C
607 78 26.674999 6.124000 9.998000 C
608 78 25.054001 4.228000 9.588000 C
609 78 28.030001 5.448000 9.659000 C
610 79 23.288000 4.349000 12.341000 N
611 79 22.297001 3.313000 12.557000 C
612 79 20.976999 3.853000 12.910000 C
613 79 19.955999 3.182000 12.802000 O
614 79 22.697001 2.238000 13.564000 C
615 79 23.919001 1.480000 13.092000 C
616 79 24.231001 0.531000 14.207000 C
617 79 23.691000 0.671000 11.802000 C
618 80 21.013000 5.090000 13.322000 N
619 80 19.788000 5.731000 13.683000 C
620 80 19.167999 6.511000 12.526000 C
621 80 18.052999 7.032000 12.606000 O
622 80 20.132000 6.717000 14.796000 C
623 80 20.103001 6.119000 16.200001 C
624 80 20.214001 7.193000 17.313999 C
625 80 21.583000 7.543000 17.802000 N
626 80 22.308001 8.701000 17.664000 C
627 80 21.875000 9.783000 16.996000 N
628 80 23.544001 8.764000 18.208000 N
629 81 19.927000 6.679000 11.467000 N
630 81 19.488001 7.542000 10.416000 C
631 81 18.747999 6.797000 9.341000 C
632 81 19.218000 5.788000 8.847000 O
633 81 20.688000 8.380000 9.945000 C
634 81 20.261000 9.384000 8.924000 C
635 81 19.750000 9.055000 7.865000 O
636 81 20.492001 10.627000 9.224000 N
637 82 17.544001 7.228000 9.030000 N
638 82 16.740999 6.485000 8.066000 C
639 82 17.326000 6.415000 6.665000 C
640 82 17.016001 5.562000 5.848000 O
641 82 15.327000 7.028000 8.012000 C
642 83 18.148001 7.357000 6.336000 N
643 83 18.733000 7.327000 5.028000 C
644 83 20.028000 6.555000 5.022000 C
645 83 20.479000 6.040000 3.997000 O
646 83 19.118000 8.717000 4.594000 C
647 83 18.018999 9.474000 3.890000 C
648 83 17.362000 10.395000 4.895000 C
649 83 16.676001 11.639000 4.351000 C
650 83 16.576000 12.697000 5.384000 N
651 84 20.688000 6.600000 6.156000 N
652 84 21.985001 6.002000 6.185000 C
653 84 21.981001 4.545000 6.495000 C
654 84 22.746000 3.807000 5.953000 O
655 84 22.948999 6.717000 7.145000 C
656 84 23.118999 8.198000 6.831000 C
657 84 24.132999 8.871000 7.750000 C
658 84 23.518999 8.418000 5.379000 C
659 85 21.247000 4.145000 7.494000 N
660 85 21.299999 2.762000 7.873000 C
661 85 21.150000 1.745000 6.743000 C
662 85 21.815001 0.727000 6.680000 O
663 85 20.139000 2.599000 8.792000 C
664 85 19.950001 1.165000 9.184000 C
665 85 19.170000 0.979000 10.466000 C
666 85 19.656000 -0.264000 11.168000 C
667 85 19.021999 -1.455000 10.602000 N
668 86 20.188999 1.969000 5.839000 N
669 86 19.969999 0.995000 4.797000 C
670 86 21.191000 0.899000 3.931000 C
671 86 21.525000 -0.170000 3.446000 O
672 86 18.791000 1.466000 3.948000 C
673 86 18.309999 2.754000 4.576000 C
674 86 19.295000 3.131000 5.686000 C
675 87 21.855000 2.034000 3.724000 N
676 87 23.107000 2.002000 2.948000 C
677 87 24.208000 1.187000 3.653000 C
678 87 24.860001 0.286000 3.101000 O
679 87 23.624001 3.369000 2.537000 C
680 87 24.833000 3.143000 1.606000 C
681 87 22.451000 4.131000 1.902000 C
682 88 24.431000 1.507000 4.892000 N
683 88 25.385000 0.788000 5.716000 C
684 88 25.072001 -0.704000 5.752000 C
685 88 25.940001 -1.570000 5.584000 O
686 88 25.330999 1.442000 7.137000 C
687 88 26.372000 0.920000 8.107000 C
688 88 26.117001 -0.205000 8.879000 C
689 88 27.599001 1.563000 8.250000 C
690 88 27.038000 -0.719000 9.786000 C
691 88 28.504000 1.109000 9.205000 C
692 88 28.243999 -0.039000 9.963000 C
693 88 29.188999 -0.474000 10.866000 O
694 89 23.818001 -1.048000 5.958000 N
695 89 23.469000 -2.460000 6.043000 C
696 89 23.827000 -3.213000 4.791000 C
697 89 24.134001 -4.393000 4.825000 O
698 89 21.962999 -2.648000 6.305000 C
699 89 21.546000 -2.424000 7.748000 C
700 89 22.535000 -2.418000 8.570000 O
701 89 20.410999 -2.262000 8.079000 O
702 90 23.780001 -2.517000 3.657000 N
703 90 24.025999 -3.175000 2.367000 C
704 90 25.478001 -3.400000 2.042000 C
705 90 25.875000 -4.195000 1.168000 O
706 90 23.358999 -2.352000 1.271000 C
707 90 24.120001 -1.181000 1.003000 O
708 91 26.334000 -2.685000 2.741000 N
709 91 27.712999 -2.715000 2.407000 C
710 91 28.527000 -3.782000 3.119000 C
711 91 28.172001 -4.225000 4.213000 O
712 91 28.396999 -1.358000 2.773000 C
713 91 27.858999 -0.104000 2.003000 C
714 91 28.371000 1.200000 2.630000 C
715 91 28.292999 -0.087000 0.548000 C
716 92 29.671000 -4.064000 2.504000 N
717 92 30.729000 -4.923000 3.050000 C
718 92 31.495001 -4.186000 4.132000 C
719 92 31.337999 -2.998000 4.339000 O
720 92 31.750999 -5.428000 2.024000 C
721 92 32.466999 -4.305000 1.334000 C
722 92 31.716999 -3.803000 0.403000 O
723 92 33.528999 -3.834000 1.691000 O
724 93 32.375999 -4.912000 4.840000 N
725 93 33.053001 -4.331000 5.967000 C
726 93 33.984001 -3.148000 5.704000 C
727 93 34.039001 -2.177000 6.480000 O
728 93 33.653000 -5.414000 6.928000 C
729 93 33.841999 -4.932000 8.236000 O
730 93 34.987999 -5.914000 6.391000 C
731 94 34.722000 -3.258000 4.632000 N
732 94 35.601002 -2.206000 4.306000 C
733 94 34.819000 -0.986000 3.895000 C
734 94 35.132999 0.152000 4.254000 O
735 94 36.514999 -2.694000 3.205000 C
736 94 37.491001 -1.602000 2.890000 C
737 94 37.321999 -3.863000 3.714000 C
738 95 33.803001 -1.177000 3.102000 N
739 95 33.053001 0.009000 2.650000 C
740 95 32.275002 0.667000 3.745000 C
741 95 32.034000 1.881000 3.764000 O
742 95 32.226002 -0.320000 1.416000 C
743 95 33.098999 -0.677000 0.250000 C
744 95 32.167000 -0.758000 -0.962000 C
745 95 32.817001 -0.990000 -2.234000 N
746 95 33.223000 -2.175000 -2.710000 C
747 95 33.188000 -3.294000 -2.005000 N
748 95 33.769001 -2.227000 -3.916000 N
749 96 31.872000 -0.135000 4.722000 N
750 96 31.204000 0.458000 5.903000 C
751 96 32.136002 1.422000 6.628000 C
752 96 31.684999 2.445000 7.163000 O
753 96 30.739000 -0.576000 6.924000 C
754 96 29.582001 -1.436000 6.460000 C
755 96 29.306999 -2.640000 7.364000 C
756 96 28.110001 -3.311000 6.877000 N
757 96 27.417999 -4.296000 7.459000 C
758 96 27.767000 -4.801000 8.628000 N
759 96 26.318001 -4.763000 6.842000 N
760 97 33.463001 1.077000 6.646000 N
761 97 34.424000 1.952000 7.265000 C
762 97 34.523998 3.258000 6.520000 C
763 97 34.647999 4.362000 7.138000 O
764 97 35.763000 1.225000 7.352000 C
765 98 34.405998 3.218000 5.213000 N
766 98 34.441002 4.454000 4.408000 C
767 98 33.248001 5.352000 4.735000 C
768 98 33.341999 6.550000 4.752000 O
769 98 34.467999 4.142000 2.900000 C
770 99 32.071999 4.778000 4.956000 N
771 99 30.882000 5.582000 5.298000 C
772 99 31.013000 6.186000 6.669000 C
773 99 30.621000 7.317000 6.936000 O
774 99 29.615000 4.685000 5.198000 C
775 99 28.323000 5.428000 5.386000 C
776 99 28.065001 6.333000 4.206000 C
777 99 27.166000 4.440000 5.472000 C
778 100 31.563000 5.412000 7.586000 N
779 100 31.785999 5.944000 8.921000 C
780 100 32.740002 7.168000 8.901000 C
781 100 32.573002 8.205000 9.583000 O
782 100 32.237999 4.851000 9.921000 C
783 100 31.274000 3.643000 10.124000 C
784 100 32.728001 5.496000 11.241000 C
785 100 31.990000 2.455000 10.787000 C
786 101 33.820000 7.072000 8.111000 N
787 101 34.806000 8.143000 7.992000 C
788 101 34.113998 9.406000 7.502000 C
789 101 34.265999 10.494000 8.028000 O
790 101 35.841999 7.708000 6.904000 C
791 101 37.070000 8.595000 6.814000 C
792 101 36.946999 9.795000 6.629000 O
793 101 38.258999 7.994000 6.909000 N
794 102 33.252998 9.255000 6.503000 N
795 102 32.566002 10.435000 6.012000 C
796 102 31.680000 11.042000 7.091000 C
797 102 31.514999 12.277000 7.172000 O
798 102 31.641001 10.151000 4.775000 C
799 102 32.394001 9.937000 3.462000 C
800 102 31.285999 9.635000 2.037000 S
801 102 30.636999 11.284000 1.665000 C
802 103 31.052000 10.137000 7.863000 N
803 103 30.129000 10.616000 8.906000 C
804 103 30.906000 11.320000 9.997000 C
805 103 30.507999 12.356000 10.495000 O
806 103 29.191999 9.555000 9.449000 C
807 103 28.403999 10.139000 10.628000 C
808 103 28.198999 9.231000 8.361000 C
809 104 32.073002 10.786000 10.291000 N
810 104 32.932999 11.387000 11.277000 C
811 104 33.355000 12.786000 10.880000 C
812 104 33.284000 13.757000 11.616000 O
813 104 34.148998 10.466000 11.417000 C
814 104 35.058998 10.874000 12.536000 C
815 104 35.992001 11.882000 12.328000 C
816 104 35.007000 10.261000 13.800000 C
817 104 36.888000 12.220000 13.343000 C
818 104 35.910000 10.576000 14.818000 C
819 104 36.844002 11.597000 14.595000 C
820 105 33.702000 12.961000 9.640000 N
821 105 34.144001 14.271000 9.191000 C
822 105 33.054001 15.312000 9.035000 C
823 105 33.222000 16.488001 9.316000 O
824 105 34.938999 14.085000 7.860000 C
825 105 35.411999 15.394000 7.167000 C
826 105 36.166000 15.266000 5.847000 C
827 105 36.223000 14.218000 5.175000 O
828 105 36.720001 16.381001 5.411000 N
829 106 31.972000 14.895000 8.433000 N
830 106 30.951000 15.843000 8.059000 C
831 106 29.646000 15.789000 8.759000 C
832 106 28.773001 16.593000 8.484000 O
833 106 30.767000 15.964000 6.533000 C
834 106 30.289000 14.849000 5.630000 C
835 106 30.792999 15.418000 3.972000 S
836 106 32.118000 14.276000 3.533000 C
837 107 29.483999 14.815000 9.592000 N
838 107 28.233999 14.724000 10.252000 C
839 107 27.222000 13.966000 9.429000 C
840 107 27.232000 13.868000 8.196000 O
841 108 26.302999 13.465000 10.187000 N
842 108 25.290001 12.604000 9.675000 C
843 108 24.396000 13.291000 8.682000 C
844 108 23.908001 12.755000 7.684000 O
845 108 24.618000 11.896000 10.868000 C
846 108 23.191999 11.457000 10.597000 C
847 108 22.459999 11.356000 11.886000 C
848 108 23.289000 11.266000 12.906000 O
849 108 21.243000 11.301000 11.951000 O
850 109 24.238001 14.557000 8.926000 N
851 109 23.385000 15.330000 8.083000 C
852 109 23.968000 15.626000 6.685000 C
853 109 23.268000 15.565000 5.654000 O
854 109 22.926001 16.586000 8.872000 C
855 109 22.291000 16.202999 10.079000 O
856 109 21.981001 17.451000 8.061000 C
857 110 25.250999 16.000000 6.678000 N
858 110 25.941000 16.282000 5.464000 C
859 110 25.986000 15.012000 4.649000 C
860 110 25.759001 15.037000 3.463000 O
861 111 26.264000 13.883000 5.295000 N
862 111 26.348000 12.664000 4.496000 C
863 111 25.034000 12.254000 3.843000 C
864 111 24.937000 11.836000 2.677000 O
865 111 27.049999 11.528000 5.194000 C
866 111 26.957001 10.301000 4.268000 C
867 111 28.497000 11.967000 5.523000 C
868 112 24.011999 12.376000 4.648000 N
869 112 22.679001 11.995000 4.257000 C
870 112 22.208000 12.738000 2.992000 C
871 112 21.388000 12.260000 2.175000 O
872 112 21.797001 12.076000 5.511000 C
873 113 22.857000 13.889000 2.793000 N
874 113 22.659000 14.803000 1.659000 C
875 113 23.226000 14.373000 0.288000 C
876 113 22.874001 14.924000 -0.763000 O
877 114 24.118000 13.393000 0.293000 N
878 114 24.681000 12.850000 -0.914000 C
879 114 23.736000 11.785000 -1.459000 C
880 114 24.139000 10.670000 -1.761000 O
881 114 26.042999 12.224000 -0.578000 C
882 114 27.232000 13.176000 -0.335000 C
883 114 27.264999 14.122000 0.680000 C
884 114 28.358000 13.086000 -1.146000 C
885 114 28.375999 14.948000 0.882000 C
886 114 29.466000 13.916000 -0.985000 C
887 114 29.474001 14.869000 0.035000 C
888 115 22.471001 12.153000 -1.598000 N
889 115 21.395000 11.326000 -2.075000 C
890 115 21.737000 10.402000 -3.200000 C
891 115 21.549000 9.199000 -3.147000 O
892 115 20.215000 12.172000 -2.575000 C
893 115 19.705999 12.880000 -1.478000 O
894 115 19.142000 11.190000 -2.972000 C
895 116 22.153999 11.020000 -4.268000 N
896 116 22.514999 10.244000 -5.435000 C
897 116 23.687000 9.290000 -5.207000 C
898 116 23.691000 8.169000 -5.703000 O
899 116 22.695000 11.066000 -6.738000 C
900 116 21.493000 11.978000 -6.983000 C
901 116 20.361000 11.542000 -6.830000 O
902 116 21.698999 13.269000 -7.224000 N
903 117 24.725000 9.728000 -4.557000 N
904 117 25.815001 8.783000 -4.392000 C
905 117 25.367001 7.654000 -3.509000 C
906 117 25.906000 6.555000 -3.650000 O
907 117 26.959000 9.381000 -3.605000 C
908 117 27.395000 10.571000 -4.212000 O
909 118 24.486000 7.958000 -2.509000 N
910 118 24.037001 6.927000 -1.545000 C
911 118 23.336000 5.818000 -2.311000 C
912 118 23.438000 4.606000 -2.087000 O
913 118 23.153000 7.399000 -0.339000 C
914 118 23.872999 8.332000 0.657000 C
915 118 22.940001 8.994000 1.664000 C
916 118 25.018999 7.660000 1.410000 C
917 119 22.568001 6.291000 -3.237000 N
918 119 21.798000 5.392000 -4.014000 C
919 119 22.667999 4.481000 -4.843000 C
920 119 22.434999 3.276000 -4.947000 O
921 119 20.884001 6.176000 -4.907000 C
922 119 20.086000 5.221000 -5.750000 C
923 119 19.164000 5.993000 -6.681000 C
924 119 19.899000 6.761000 -7.697000 N
925 119 19.993000 8.102000 -7.822000 C
926 119 19.370001 8.981000 -7.009000 N
927 119 20.743000 8.573000 -8.833000 N
928 120 23.695999 5.085000 -5.401000 N
929 120 24.618000 4.323000 -6.200000 C
930 120 25.348000 3.351000 -5.340000 C
931 120 25.729000 2.292000 -5.797000 O
932 120 25.663000 5.181000 -6.983000 C
933 120 25.090000 5.850000 -8.228000 C
934 120 26.152000 7.232000 -8.739000 S
935 120 25.014999 8.297000 -9.654000 C
936 121 25.658001 3.739000 -4.118000 N
937 121 26.403000 2.792000 -3.334000 C
938 121 25.499001 1.599000 -2.989000 C
939 121 25.909000 0.446000 -3.003000 O
940 121 26.881001 3.462000 -2.040000 C
941 121 28.093000 4.397000 -2.217000 C
942 121 28.226999 5.201000 -0.919000 C
943 121 29.372999 3.633000 -2.500000 C
944 122 24.254000 1.900000 -2.644000 N
945 122 23.355000 0.840000 -2.321000 C
946 122 23.197001 -0.151000 -3.475000 C
947 122 22.999001 -1.330000 -3.251000 O
948 122 21.993000 1.446000 -2.046000 C
949 122 21.261000 0.656000 -0.981000 C
950 122 20.313999 1.629000 -0.359000 C
951 122 19.156000 1.312000 -0.124000 O
952 122 20.783001 2.864000 -0.217000 N
953 123 23.245001 0.349000 -4.718000 N
954 123 23.080999 -0.522000 -5.866000 C
955 123 24.351000 -1.196000 -6.270000 C
956 123 24.327000 -2.011000 -7.185000 O
957 123 22.473000 0.199000 -7.085000 C
958 123 21.099001 0.823000 -6.881000 C
959 123 20.746000 1.559000 -8.147000 C
960 123 20.371000 0.914000 -9.137000 O
961 123 21.014999 2.859000 -8.183000 N
962 124 25.462000 -0.858000 -5.594000 N
963 124 26.743000 -1.459000 -5.879000 C
964 124 27.389000 -1.115000 -7.235000 C
965 124 28.108000 -1.915000 -7.853000 O
966 124 26.806000 -2.982000 -5.618000 C
967 124 26.191000 -3.426000 -4.275000 C
968 124 26.708000 -4.792000 -3.836000 C
969 124 26.364000 -5.268000 -2.411000 C
970 124 26.604000 -4.309000 -1.358000 N
971 125 27.134001 0.139000 -7.648000 N
972 125 27.594999 0.760000 -8.871000 C
973 125 28.782000 1.592000 -8.444000 C
974 125 28.646000 2.806000 -8.239000 O
975 125 26.450001 1.675000 -9.354000 C
976 125 25.222000 0.937000 -9.951000 C
977 125 24.358000 1.857000 -10.831000 C
978 125 22.997999 1.394000 -11.178000 N
979 125 22.510000 0.131000 -11.324000 C
980 125 23.242001 -0.977000 -11.206000 N
981 125 21.219999 -0.043000 -11.610000 N
982 126 29.903000 0.892000 -8.192000 N
983 126 31.097000 1.466000 -7.599000 C
984 126 31.766001 2.622000 -8.338000 C
985 126 32.146999 3.665000 -7.785000 O
986 126 32.103001 0.377000 -7.117000 C
987 126 31.506001 -0.765000 -6.302000 C
988 126 31.680000 -2.108000 -6.582000 C
989 126 30.715000 -0.728000 -5.102000 C
990 126 31.061001 -2.857000 -5.653000 N
991 126 30.482000 -2.053000 -4.711000 C
992 126 30.197001 0.282000 -4.294000 C
993 126 29.754999 -2.414000 -3.581000 C
994 126 29.459000 -0.080000 -3.178000 C
995 126 29.249001 -1.410000 -2.820000 C
996 127 31.969000 2.372000 -9.600000 N
997 127 32.654999 3.323000 -10.419000 C
998 127 31.822001 4.569000 -10.604000 C
999 127 32.297001 5.695000 -10.458000 O
1000 127 33.254002 2.634000 -11.653000 C
1001 127 34.403000 1.682000 -11.361000 C
1002 127 34.688999 1.119000 -10.301000 O
1003 127 35.027000 1.459000 -12.461000 O
1004 128 30.528999 4.386000 -10.709000 N
1005 128 29.639999 5.542000 -10.784000 C
1006 128 29.554001 6.344000 -9.527000 C
1007 128 29.471001 7.570000 -9.554000 O
1008 128 28.252001 5.038000 -11.065000 C
1009 128 28.398001 4.467000 -12.462000 C
1010 128 27.388000 3.443000 -12.823000 C
1011 128 26.177000 3.960000 -12.990000 O
1012 128 27.700001 2.278000 -13.011000 O
1013 129 29.469999 5.614000 -8.419000 N
1014 129 29.362000 6.285000 -7.138000 C
1015 129 30.629000 7.155000 -6.933000 C
1016 129 30.573000 8.261000 -6.411000 O
1017 129 29.211000 5.209000 -6.050000 C
1018 130 31.781000 6.620000 -7.326000 N
1019 130 33.036999 7.312000 -7.118000 C
1020 130 33.090000 8.564000 -7.939000 C
1021 130 33.623001 9.574000 -7.540000 O
1022 130 34.214001 6.393000 -7.456000 C
1023 131 32.520000 8.527000 -9.117000 N
1024 131 32.544998 9.756000 -9.888000 C
1025 131 31.594999 10.794000 -9.262000 C
1026 131 31.862000 11.989000 -9.171000 O
1027 131 32.039001 9.536000 -11.340000 C
1028 131 31.532000 10.837000 -11.956000 C
1029 131 33.103001 8.926000 -12.235000 C
1030 132 30.447001 10.326000 -8.857000 N
1031 132 29.497999 11.263000 -8.309000 C
1032 132 30.011999 11.863000 -7.005000 C
1033 132 29.858999 13.030000 -6.754000 O
1034 132 28.194000 10.492000 -8.075000 C
1035 132 27.065001 11.413000 -7.676000 C
1036 132 26.771000 11.609000 -6.475000 O
1037 132 26.558001 12.140000 -8.660000 N
1038 133 30.618000 11.064000 -6.124000 N
1039 133 31.101000 11.638000 -4.868000 C
1040 133 32.140999 12.744000 -5.121000 C
1041 133 32.292999 13.675000 -4.351000 O
1042 133 31.823000 10.505000 -4.054000 C
1043 133 30.915001 9.510000 -3.298000 C
1044 133 31.604000 8.167000 -2.973000 C
1045 133 30.316999 10.117000 -2.061000 C
1046 134 32.888000 12.617000 -6.219000 N
1047 134 33.937000 13.577000 -6.545000 C
1048 134 33.389999 14.944000 -6.914000 C
1049 134 34.097000 15.939000 -6.825000 O
1050 134 34.950001 13.064000 -7.565000 C
1051 135 32.120998 15.008000 -7.322000 N
1052 135 31.535000 16.309000 -7.621000 C
1053 135 30.933001 16.943001 -6.378000 C
1054 135 29.712000 16.989000 -6.184000 O
1055 135 30.409000 16.171000 -8.628000 C
1056 135 30.916000 15.426000 -9.798000 C
1057 135 29.784000 15.280000 -10.744000 C
1058 135 30.308001 14.466000 -11.878000 C
1059 135 29.430000 14.556000 -13.037000 N
1060 136 31.795000 17.427999 -5.499000 N
1061 136 31.291000 17.864000 -4.257000 C
1062 136 32.258999 18.862000 -3.725000 C
1063 136 33.439999 18.789000 -4.045000 O
1064 136 31.238001 16.708000 -3.219000 C
1065 136 32.506001 16.052000 -3.074000 O
1066 137 31.775999 19.743000 -2.891000 N
1067 137 32.700001 20.684000 -2.226000 C
1068 137 33.780998 19.931000 -1.404000 C
1069 137 34.948002 20.327999 -1.297000 O
1070 137 31.898001 21.514000 -1.212000 C
1071 137 32.764999 22.486000 -0.408000 C
1072 137 31.997000 23.284000 0.670000 C
1073 137 32.758999 24.440001 1.170000 N
1074 137 33.548000 24.344000 2.242000 C
1075 137 33.637001 23.194000 2.885000 N
1076 137 34.259998 25.385000 2.696000 N
1077 138 33.304001 18.827000 -0.768000 N
1078 138 34.095001 17.898001 0.048000 C
1079 138 35.367001 17.466000 -0.662000 C
1080 138 36.459999 17.599001 -0.165000 O
1081 138 33.237000 16.648001 0.413000 C
1082 138 34.019001 15.498000 1.026000 C
1083 138 34.689999 15.530000 2.204000 C
1084 138 34.126999 14.160000 0.530000 C
1085 138 35.339001 14.338000 2.445000 N
1086 138 34.919998 13.416000 1.481000 C
1087 138 33.610001 13.520000 -0.590000 C
1088 138 35.240002 12.050000 1.321000 C
1089 138 33.963001 12.187000 -0.760000 C
1090 138 34.703999 11.452000 0.184000 C
1091 139 35.243999 17.070000 -1.940000 N
1092 139 36.396999 16.635000 -2.672000 C
1093 139 37.272999 17.785000 -3.071000 C
1094 139 38.501999 17.664000 -3.085000 O
1095 139 35.872002 16.021000 -3.944000 C
1096 139 36.928001 15.609000 -4.895000 C
1097 139 37.400002 14.305000 -4.756000 C
1098 139 37.358002 16.429001 -5.952000 C
1099 139 38.352001 13.789000 -5.626000 C
1100 139 38.313000 15.920000 -6.834000 C
1101 139 38.785000 14.609000 -6.668000 C
1102 139 39.664001 14.072000 -7.546000 O
1103 140 36.612000 18.896000 -3.414000 N
1104 140 37.356998 20.108999 -3.799000 C
1105 140 38.136002 20.757999 -2.647000 C
1106 140 39.162998 21.375000 -2.838000 O
1107 140 36.394001 21.104000 -4.476000 C
1108 140 36.202000 20.742001 -5.942000 C
1109 140 37.125999 20.872999 -6.744000 O
1110 140 35.075001 20.122999 -6.277000 N
1111 141 37.624001 20.659000 -1.418000 N
1112 141 38.271999 21.233000 -0.251000 C
1113 141 39.301998 20.334000 0.352000 C
1114 141 40.340000 20.802999 0.766000 O
1115 141 37.256001 21.635000 0.843000 C
1116 141 36.346001 22.808001 0.431000 C
1117 141 37.015999 24.045000 -0.180000 C
1118 141 36.678001 24.489000 -1.308000 O
1119 141 37.897999 24.677000 0.599000 N
1120 142 39.004002 19.056999 0.507000 N
1121 142 39.993000 18.164000 1.056000 C
1122 142 40.119999 17.025000 0.092000 C
1123 142 39.737000 15.895000 0.389000 O
1124 142 39.544998 17.608999 2.404000 C
1125 142 38.194000 17.188999 2.272000 O
1126 142 39.492001 18.788000 3.357000 C
1127 143 40.779999 17.316999 -1.031000 N
1128 143 40.944000 16.313000 -2.052000 C
1129 143 41.803001 15.087000 -1.704000 C
1130 143 41.534000 14.013000 -2.184000 O
1131 143 41.547001 16.969000 -3.297000 C
1132 143 42.201000 18.243999 -2.776000 C
1133 143 41.562000 18.545000 -1.408000 C
1134 144 42.884998 15.200000 -0.947000 N
1135 144 43.618000 13.953000 -0.781000 C
1136 144 42.874001 12.944000 0.080000 C
1137 144 42.938999 11.762000 -0.155000 O
1138 144 45.013000 14.126000 -0.236000 C
1139 144 45.907001 14.771000 -1.270000 C
1140 144 45.751999 14.618000 -2.504000 O
1141 144 46.808998 15.573000 -0.757000 N
1142 145 42.292999 13.468000 1.135000 N
1143 145 41.488998 12.668000 2.019000 C
1144 145 40.278999 12.131000 1.275000 C
1145 145 39.963001 10.928000 1.351000 O
1146 145 41.046001 13.456000 3.261000 C
1147 145 40.049999 12.560000 4.011000 C
1148 145 39.710999 13.021000 5.377000 C
1149 145 38.852001 12.133000 6.125000 N
1150 145 38.652000 12.610000 7.330000 C
1151 145 39.231998 13.773000 7.613000 N
1152 145 37.905998 11.984000 8.211000 N
1153 146 39.576000 12.988000 0.523000 N
1154 146 38.424000 12.511000 -0.228000 C
1155 146 38.835999 11.363000 -1.206000 C
1156 146 38.167999 10.328000 -1.309000 O
1157 146 37.698002 13.665000 -0.913000 C
1158 147 39.969002 11.509000 -1.921000 N
1159 147 40.424999 10.461000 -2.854000 C
1160 147 40.601002 9.168000 -2.134000 C
1161 147 40.341000 8.111000 -2.679000 O
1162 147 41.784000 10.762000 -3.471000 C
1163 147 41.551998 11.900000 -4.409000 C
1164 147 42.543999 12.081000 -5.523000 C
1165 147 42.632000 13.569000 -5.851000 C
1166 147 44.000000 14.120000 -5.797000 N
1167 148 41.138000 9.258000 -0.942000 N
1168 148 41.355000 8.048000 -0.178000 C
1169 148 40.057999 7.343000 0.137000 C
1170 148 39.958000 6.108000 0.000000 O
1171 148 42.167999 8.244000 1.114000 C
1172 148 43.633999 8.591000 0.882000 C
1173 148 44.438000 8.432000 2.141000 C
1174 148 44.216999 9.550000 3.085000 N
1175 148 44.752998 10.787000 3.080000 C
1176 148 45.646000 11.219000 2.150000 N
1177 148 44.362999 11.640000 4.027000 N
1178 149 39.069000 8.079000 0.621000 N
1179 149 37.761002 7.446000 0.991000 C
1180 149 37.055000 6.927000 -0.230000 C
1181 149 36.438999 5.859000 -0.246000 O
1182 149 36.935001 8.444000 1.771000 C
1183 149 35.486000 8.022000 1.996000 C
1184 149 37.659000 8.883000 3.064000 C
1185 150 37.118000 7.750000 -1.313000 N
1186 150 36.542000 7.374000 -2.602000 C
1187 150 37.101002 6.099000 -3.162000 C
1188 150 36.346001 5.265000 -3.626000 O
1189 150 36.641998 8.458000 -3.662000 C
1190 150 35.633999 9.513000 -3.308000 C
1191 150 36.208000 7.809000 -4.973000 C
1192 150 35.858002 10.840000 -4.008000 C
1193 151 38.426998 5.937000 -3.140000 N
1194 151 39.099998 4.728000 -3.633000 C
1195 151 38.671001 3.523000 -2.853000 C
1196 151 38.550999 2.433000 -3.369000 O
1197 151 40.605999 4.832000 -3.430000 C
1198 151 41.056000 5.743000 -4.388000 O
1199 151 41.300999 3.477000 -3.678000 C
1200 152 38.446999 3.784000 -1.563000 N
1201 152 37.984001 2.731000 -0.652000 C
1202 152 36.605999 2.250000 -1.068000 C
1203 152 36.290001 1.067000 -1.109000 O
1204 152 37.988998 3.203000 0.813000 C
1205 152 39.279999 3.587000 1.172000 O
1206 152 37.563999 2.082000 1.774000 C
1207 153 35.735001 3.181000 -1.382000 N
1208 153 34.449001 2.756000 -1.808000 C
1209 153 34.513000 2.087000 -3.159000 C
1210 153 33.756001 1.172000 -3.471000 O
1211 153 33.599998 4.045000 -1.971000 C
1212 153 32.889999 4.511000 -0.728000 C
1213 153 32.109001 3.608000 -0.003000 C
1214 153 32.903999 5.850000 -0.346000 C
1215 153 31.375999 4.017000 1.101000 C
1216 153 32.119999 6.299000 0.718000 C
1217 153 31.347000 5.382000 1.421000 C
1218 154 35.395000 2.591000 -4.021000 N
1219 154 35.497002 2.024000 -5.341000 C
1220 154 35.974998 0.604000 -5.353000 C
1221 154 35.407001 -0.195000 -6.074000 O
1222 154 36.367001 2.854000 -6.262000 C
1223 154 36.108002 2.461000 -7.705000 C
1224 154 36.846001 3.332000 -8.716000 C
1225 154 38.068001 3.848000 -8.109000 N
1226 154 39.308998 3.292000 -8.092000 C
1227 154 39.648998 2.164000 -8.750000 N
1228 154 40.261002 3.935000 -7.392000 N
1229 155 36.986000 0.303000 -4.513000 N
1230 155 37.647999 -0.995000 -4.478000 C
1231 155 37.181000 -1.996000 -3.479000 C
1232 155 37.402000 -3.167000 -3.711000 O
1233 155 39.174000 -0.915000 -4.375000 C
1234 155 39.610001 -0.193000 -3.244000 O
1235 155 39.612999 -0.169000 -5.591000 C
1236 156 36.632000 -1.527000 -2.364000 N
1237 156 36.323002 -2.393000 -1.272000 C
1238 156 37.605000 -2.954000 -0.658000 C
1239 156 37.561001 -3.948000 0.030000 O
1240 157 38.787998 -2.289000 -0.814000 N
1241 157 40.084999 -2.684000 -0.215000 C
1242 157 40.692001 -1.501000 0.562000 C
1243 157 40.271999 -0.357000 0.422000 O
1244 157 41.168999 -2.987000 -1.285000 C
1245 157 41.618000 -1.775000 -1.895000 O
1246 157 40.708000 -4.026000 -2.314000 C
1247 158 41.747002 -1.738000 1.336000 N
1248 158 42.403000 -0.665000 2.081000 C
1249 158 43.611000 -0.138000 1.331000 C
1250 158 44.474998 0.446000 1.935000 O
1251 158 42.977001 -1.255000 3.382000 C
1252 158 41.921001 -1.660000 4.397000 C
1253 158 41.634998 -2.934000 4.746000 C
1254 158 40.923000 -0.832000 5.091000 C
1255 158 40.544998 -2.965000 5.605000 N
1256 158 40.138000 -1.704000 5.908000 C
1257 158 40.688000 0.530000 5.220000 C
1258 158 39.085999 -1.268000 6.745000 C
1259 158 39.750999 0.951000 6.157000 C
1260 158 38.944000 0.081000 6.888000 C
1261 159 43.744999 -0.429000 0.045000 N
1262 159 44.979000 0.012000 -0.592000 C
1263 159 45.339001 1.468000 -0.459000 C
1264 159 46.529999 1.743000 -0.558000 O
1265 159 45.056000 -0.329000 -2.071000 C
1266 159 44.798000 -1.773000 -2.360000 C
1267 159 45.282001 -2.564000 -1.440000 O
1268 159 44.178001 -2.150000 -3.336000 O
1269 160 44.337002 2.389000 -0.339000 N
1270 160 44.574001 3.837000 -0.298000 C
1271 160 45.258999 4.138000 0.966000 C
1272 160 45.875000 5.174000 1.067000 O
1273 160 43.349998 4.749000 -0.381000 C
1274 161 45.134998 3.223000 1.904000 N
1275 161 45.738998 3.445000 3.184000 C
1276 161 47.001999 2.681000 3.387000 C
1277 161 47.596001 2.768000 4.468000 O
1278 161 44.737999 3.249000 4.329000 C
1279 161 43.636002 4.303000 4.277000 C
1280 161 42.512001 4.155000 3.473000 C
1281 161 43.782001 5.433000 5.059000 C
1282 161 41.521999 5.124000 3.496000 C
1283 161 42.799999 6.426000 5.112000 C
1284 161 41.672001 6.250000 4.322000 C
1285 161 40.699001 7.211000 4.316000 O
1286 162 47.449001 1.979000 2.356000 N
1287 162 48.691002 1.247000 2.498000 C
1288 162 49.993000 1.902000 2.111000 C
1289 162 50.873001 1.999000 2.969000 O
1290 162 48.671001 -0.245000 2.572000 C
1291 162 47.359001 -0.704000 3.138000 C
1292 162 47.026001 -2.108000 2.670000 C
1293 162 46.898998 -2.304000 1.160000 C
1294 162 45.870998 -3.323000 0.835000 N
