448 1079
0 2
0 3
1 3
1 4
2 5
2 6
2 7
3 4
3 6
3 8
3 15
4 7
4 16
4 18
5 6
5 17
5 18
5 19
5 20
6 8
6 15
7 9
7 10
7 15
8 10
8 11
8 12
8 14
9 12
9 14
9 15
10 11
10 445
11 13
11 14
11 15
11 443
12 15
13 14
13 442
16 20
17 18
17 19
18 19
19 21
19 22
19 23
19 25
20 22
20 23
21 24
21 25
21 26
22 23
22 24
22 25
22 27
22 37
23 26
23 38
23 40
24 25
24 26
24 39
24 40
24 41
25 27
25 28
26 28
26 36
26 37
27 29
27 30
27 36
28 30
28 37
29 31
29 32
29 37
30 32
30 33
30 34
30 36
31 34
31 36
31 37
32 33
32 400
32 401
32 423
33 35
33 36
33 37
33 421
34 37
34 51
35 36
35 51
35 420
38 42
39 40
39 41
40 41
41 43
41 44
41 45
42 44
42 45
42 46
43 46
43 47
43 48
44 45
44 47
44 49
44 56
45 48
45 57
45 59
46 47
46 58
46 59
46 60
46 61
47 49
47 56
47 59
48 50
48 51
48 56
49 51
49 52
49 53
49 55
50 53
50 55
50 56
51 52
51 404
52 54
52 55
52 56
52 402
53 56
54 55
54 401
57 61
58 59
58 60
59 60
60 62
60 63
60 64
60 66
61 63
61 64
62 65
62 66
62 67
63 64
63 65
63 66
63 68
64 67
64 79
64 81
65 66
65 67
65 80
65 81
65 82
65 83
66 68
66 69
66 81
67 69
67 77
67 78
68 70
68 71
68 77
69 71
69 78
70 72
70 73
70 78
71 73
71 74
71 75
71 77
72 75
72 77
72 78
73 74
74 76
74 77
74 78
74 96
75 78
76 77
76 404
79 83
80 81
80 82
80 83
81 82
82 84
82 85
82 86
82 88
83 85
83 86
83 88
84 87
84 88
84 89
85 86
85 87
85 88
85 90
86 89
86 100
86 102
87 88
87 89
87 101
87 102
87 103
87 104
88 90
88 91
88 103
89 91
89 98
89 99
90 92
90 93
90 98
91 93
91 99
92 94
92 95
92 99
93 95
93 96
93 97
93 98
94 97
94 98
94 99
95 96
95 381
96 98
96 99
96 379
97 99
100 104
101 102
101 103
101 104
102 103
103 105
103 106
103 107
103 109
104 106
104 107
105 108
105 109
105 110
106 107
106 108
106 109
106 111
106 112
106 120
107 110
107 121
107 123
108 109
108 110
108 122
108 123
108 124
108 125
109 111
109 112
110 112
110 119
110 120
111 113
111 114
111 119
112 114
112 120
113 115
113 116
113 120
114 116
114 117
114 118
114 119
115 118
115 119
115 120
116 117
116 340
116 361
117 119
117 120
117 359
118 120
121 125
122 123
122 124
123 124
124 126
124 127
124 128
125 127
125 128
126 129
126 130
126 131
127 128
127 130
127 132
127 140
128 131
128 141
128 143
129 130
129 131
129 142
129 143
129 144
129 145
130 132
130 140
131 133
131 134
131 140
132 134
132 135
132 136
132 138
133 136
133 138
133 140
134 135
135 137
135 138
135 140
135 341
136 139
136 140
137 138
137 139
137 319
139 140
141 145
142 143
142 144
143 144
144 146
144 147
144 148
145 147
145 148
146 149
146 150
146 151
147 148
147 150
147 152
147 160
148 151
149 150
150 152
150 160
151 153
151 154
151 160
152 154
152 155
152 156
152 158
153 156
153 158
153 160
154 155
154 321
154 342
155 157
155 158
155 160
155 320
156 159
156 160
157 158
157 159
157 297
157 319
159 160
161 165
162 163
162 164
163 164
164 166
164 167
164 168
164 170
165 167
165 168
165 170
166 169
166 170
166 171
167 168
167 170
167 172
167 182
168 171
168 183
168 184
169 170
169 171
169 184
169 185
169 186
170 172
170 173
171 173
171 181
171 182
172 174
172 175
172 181
173 175
173 182
174 176
174 177
174 182
175 177
175 178
175 179
175 181
176 179
176 181
176 182
177 178
177 278
178 180
178 181
178 182
178 276
179 182
180 181
180 196
180 275
180 300
181 195
181 197
183 187
184 185
184 186
184 187
185 186
186 188
186 189
186 190
187 189
187 190
188 191
188 192
188 193
189 190
189 192
189 194
189 201
190 193
190 202
190 204
190 205
191 192
191 203
191 204
191 205
191 206
192 194
192 205
192 214
193 195
193 196
193 201
194 196
194 197
194 198
194 200
195 198
195 200
195 201
196 197
196 259
197 199
197 200
197 201
197 256
197 257
198 201
199 200
199 256
202 206
203 204
203 205
204 205
205 207
205 208
205 209
205 214
206 208
206 209
207 210
207 211
207 212
208 209
208 211
208 213
208 214
209 212
210 211
211 213
212 214
212 222
212 223
213 215
213 216
213 222
214 216
214 223
215 217
215 218
215 223
216 218
216 219
216 220
216 222
217 220
217 222
217 223
218 219
218 237
219 221
219 222
219 223
219 235
220 223
221 222
221 234
224 226
224 227
224 228
224 230
225 227
225 228
226 229
226 230
226 231
227 228
227 229
227 230
227 232
228 231
228 240
228 241
228 242
229 230
229 231
229 241
229 242
229 243
229 244
230 232
230 239
231 233
231 234
231 239
232 234
232 235
232 236
232 238
233 236
233 238
233 239
234 235
235 237
235 238
235 239
236 239
237 238
240 244
241 242
241 243
241 244
242 243
243 245
243 246
243 247
244 246
244 247
245 248
245 249
245 250
246 247
246 249
246 251
246 252
247 250
247 262
247 264
248 249
248 250
248 263
248 264
248 265
249 251
249 252
250 252
250 260
250 261
251 253
251 254
251 260
252 254
252 261
253 255
253 256
253 261
254 256
254 257
254 258
254 260
255 258
255 260
255 261
256 257
257 259
257 260
257 261
258 261
259 260
262 266
263 264
263 265
263 266
264 265
265 267
265 268
265 269
266 268
266 269
267 270
267 271
267 272
268 269
268 271
268 273
268 280
269 272
269 281
269 283
270 271
270 282
270 283
270 284
270 285
271 273
271 280
272 274
272 275
272 280
273 275
273 276
273 277
273 279
274 277
274 279
274 280
275 276
276 278
276 279
276 280
277 280
278 279
281 285
282 283
282 284
283 284
284 286
284 287
284 288
284 290
285 287
285 288
285 290
286 289
286 290
286 291
287 288
287 289
287 290
287 292
288 291
288 303
288 305
289 290
289 291
289 304
289 305
289 306
289 307
290 292
290 293
291 293
291 301
291 302
292 294
292 295
292 301
293 295
293 302
294 296
294 297
294 302
295 297
295 298
295 299
295 301
296 299
296 301
296 302
297 298
298 300
298 301
298 302
299 302
300 301
303 307
304 305
304 306
305 306
306 308
306 310
307 309
307 310
308 311
308 312
308 313
309 310
309 311
309 312
309 314
309 315
310 313
310 324
310 326
311 312
311 313
311 325
311 326
311 327
311 328
312 314
312 315
312 326
313 315
313 322
313 323
314 316
314 317
314 322
315 317
315 323
316 318
316 319
316 323
317 319
317 320
317 321
317 322
318 321
318 322
318 323
319 320
320 322
320 323
321 323
324 328
325 326
325 327
326 327
327 329
327 331
328 330
328 331
329 332
329 333
329 334
330 331
330 332
330 333
330 335
330 336
331 334
331 345
331 347
332 333
332 334
332 346
332 347
332 348
332 349
333 335
333 336
333 347
334 336
334 343
334 344
335 337
335 338
335 343
336 338
336 344
337 339
337 340
337 344
338 340
338 341
338 342
338 343
339 342
339 343
339 344
340 341
341 343
341 344
342 344
345 349
346 347
346 348
347 348
348 350
348 351
348 352
349 351
349 352
350 353
350 354
350 355
351 352
351 354
351 356
351 364
352 355
352 365
353 354
353 366
353 367
353 368
354 356
354 364
355 357
355 358
355 364
356 358
356 359
356 360
356 362
357 360
357 362
357 364
358 359
359 361
359 362
359 364
360 363
360 364
361 362
361 363
363 364
365 369
366 367
366 368
366 369
367 368
368 370
368 371
368 372
369 371
369 372
370 373
370 374
370 375
371 372
371 374
371 376
371 384
372 375
373 374
373 375
374 376
374 384
375 377
375 378
375 384
376 378
376 379
376 380
376 382
377 380
377 382
377 384
378 379
379 381
379 382
379 384
380 383
380 384
381 382
381 383
383 384
385 389
386 387
386 388
386 389
387 388
388 390
388 391
388 392
388 394
389 391
389 392
390 393
390 394
390 395
390 408
391 392
391 393
391 394
391 396
392 395
392 407
392 408
392 409
393 394
393 395
393 408
393 409
393 410
393 411
394 396
394 397
395 397
395 405
395 406
396 398
396 399
396 405
397 399
397 406
398 400
398 401
398 406
399 401
399 402
399 403
399 405
400 403
400 405
400 406
401 402
402 404
402 405
402 406
403 406
404 405
404 420
405 421
407 411
408 409
408 410
408 411
409 410
410 412
410 413
410 414
410 416
411 413
411 414
412 415
412 416
412 417
413 414
413 415
413 416
413 418
413 419
413 425
414 417
414 426
414 428
415 416
415 417
415 427
415 428
415 429
415 430
416 418
416 425
417 419
417 420
417 425
418 420
418 421
418 422
418 424
419 422
419 424
419 425
420 421
421 423
421 424
421 425
422 425
423 424
426 430
427 428
427 429
428 429
429 431
429 432
429 433
430 432
430 433
431 434
431 435
431 436
432 433
432 435
432 437
432 438
433 436
434 435
435 437
435 438
436 438
436 446
436 447
437 439
437 440
437 446
438 440
438 447
439 441
439 442
439 447
440 442
440 443
440 444
440 446
441 444
441 446
441 447
442 443
443 445
443 446
443 447
444 447
445 446
1 1 18.598000 34.469002 24.672001 O
2 1 19.853001 34.632000 23.882999 C
3 1 20.375000 33.233002 23.597000 C
4 1 19.587999 32.144001 23.889999 O
5 1 20.724001 33.087002 22.103001 C
6 1 22.134001 32.896000 22.052000 O
7 1 19.830999 31.941999 21.627001 C
8 1 19.540001 31.136999 22.796000 C
9 1 18.224001 30.436001 22.936001 N
10 1 18.312000 29.191999 23.521000 C
11 1 19.377001 28.684999 23.820000 O
12 1 17.176001 28.507000 23.712000 N
13 1 15.928000 28.993999 23.419001 C
14 1 14.909000 28.181999 23.705000 N
15 1 15.868000 30.261999 22.879000 C
16 1 17.011000 30.931000 22.643999 C
17 2 22.882000 32.792999 20.648001 P
18 2 24.263000 33.416000 20.653999 O
19 2 22.030001 33.499001 19.624001 O
20 2 22.827999 31.228001 20.393000 O
21 2 23.183001 30.250000 21.391001 C
22 2 23.275000 28.945999 20.608999 C
23 2 22.061001 28.249001 20.844999 O
24 2 23.445000 28.993999 19.090000 C
25 2 24.357000 27.995001 18.650999 O
26 2 22.047001 28.780001 18.562000 C
27 2 21.483999 27.881001 19.629999 C
28 2 20.028000 27.995001 19.745001 N
29 2 19.202000 29.056999 19.465000 C
30 2 17.972000 28.812000 19.643000 N
31 2 17.933001 27.483999 20.094000 C
32 2 16.841000 26.656000 20.495001 C
33 2 15.678000 26.926001 20.476000 O
34 2 17.233999 25.412001 20.895000 N
35 2 18.573999 25.000000 20.857000 C
36 2 18.763000 23.709000 21.226000 N
37 2 19.613001 25.749001 20.533001 N
38 2 19.215000 26.965000 20.152000 C
39 3 25.149000 27.599001 17.341999 P
40 3 26.587999 27.903999 17.704000 O
41 3 24.552000 28.451000 16.261000 O
42 3 24.787001 26.062000 16.966999 O
43 3 24.867001 24.929001 17.736000 C
44 3 23.617001 24.125000 17.711000 C
45 3 22.438000 24.794001 18.086000 O
46 3 23.294001 23.601999 16.299000 C
47 3 24.069000 22.393000 16.025999 O
48 3 21.799000 23.304001 16.382000 C
49 3 21.326000 23.941999 17.596001 C
50 3 20.207001 24.794001 17.215000 N
51 3 18.931000 24.434000 17.558001 C
52 3 18.716999 23.419001 18.187000 O
53 3 17.899000 25.285000 17.240000 N
54 3 18.115000 26.445999 16.611000 C
55 3 17.108000 27.290001 16.312000 N
56 3 19.462000 26.811001 16.242001 C
57 3 20.445000 25.983000 16.554001 C
58 4 23.981001 21.716000 14.596000 P
59 4 25.377001 21.426001 14.195000 O
60 4 23.253000 22.659000 13.674000 O
61 4 22.990999 20.464001 14.818000 O
62 4 23.013000 19.497000 15.854000 C
63 4 21.695000 18.816000 15.981000 C
64 4 20.513000 19.525000 16.179001 O
65 4 21.353001 17.931999 14.704000 C
66 4 20.646000 16.841999 15.193000 O
67 4 20.540001 18.891001 13.877000 C
68 4 19.740999 19.559999 15.009000 C
69 4 19.421000 20.896000 14.519000 N
70 4 20.103001 21.815001 13.782000 C
71 4 19.452000 22.912001 13.585000 N
72 4 18.222000 22.705999 14.163000 C
73 4 17.059000 23.518000 14.278000 C
74 4 16.938000 24.695000 13.795000 O
75 4 16.018000 22.959999 14.983000 N
76 4 16.149000 21.724001 15.543000 C
77 4 15.084000 21.243999 16.204000 N
78 4 17.181000 20.892000 15.479000 N
79 4 18.181000 21.466000 14.755000 C
80 5 20.047001 15.713000 14.291000 P
81 5 20.156000 14.338000 14.856000 O
82 5 20.785000 15.872000 13.045000 O
83 5 18.500999 16.280001 14.284000 O
84 5 17.886999 16.386999 15.594000 C
85 5 16.396999 16.256001 15.556000 C
86 5 15.819000 17.507999 15.136000 O
87 5 15.836000 15.214000 14.621000 C
88 5 14.598000 14.663000 15.022000 O
89 5 15.831000 16.010000 13.273000 C
90 5 15.377000 17.368999 13.725000 C
91 5 16.000999 18.471001 12.962000 N
92 5 17.243999 18.521999 12.371000 C
93 5 17.516001 19.639999 11.830000 N
94 5 16.431000 20.436001 12.091000 C
95 5 16.089001 21.775000 11.748000 C
96 5 16.853001 22.572001 11.048000 N
97 5 14.873000 22.187000 12.186000 N
98 5 14.050000 21.395000 12.854000 C
99 5 14.288000 20.155001 13.210000 N
100 5 15.475000 19.711000 12.784000 C
101 6 13.535000 13.819000 14.132000 P
102 6 12.528000 13.384000 15.130000 O
103 6 14.203000 12.766000 13.413000 O
104 6 12.810000 14.964000 13.242000 O
105 6 11.951000 15.816000 14.062000 C
106 6 10.849000 16.450001 13.235000 C
107 6 11.407000 17.483999 12.498000 O
108 6 10.121000 15.602000 12.212000 C
109 6 8.769000 15.967000 12.161000 O
110 6 10.868000 15.943000 10.902000 C
111 6 11.232000 17.309999 11.099000 C
112 6 12.531000 17.746000 10.559000 N
113 6 13.766000 17.202999 10.419000 C
114 6 14.635000 17.987000 9.866000 N
115 6 13.950000 19.164000 9.637000 C
116 6 14.322000 20.412001 9.046000 C
117 6 15.533000 20.733000 8.588000 N
118 6 13.327000 21.316000 8.970000 N
119 6 12.057000 21.062000 9.440000 C
120 6 11.637000 19.957001 10.006000 N
121 6 12.647000 19.056999 10.076000 C
122 7 7.606000 15.436000 11.214000 P
123 7 6.439000 14.854000 12.072000 O
124 7 8.145000 14.319000 10.451000 O
125 7 7.077000 16.688000 10.457000 O
126 7 7.203000 18.094000 10.781000 C
127 7 7.373000 18.716000 9.402000 C
128 7 8.715000 18.724001 9.071000 O
129 7 6.628000 18.114000 8.201000 C
130 7 5.810000 19.160000 7.660000 O
131 7 7.725000 17.865000 7.183000 C
132 7 8.730000 18.919001 7.597000 C
133 7 10.104000 18.653000 7.209000 N
134 7 10.822000 19.782000 6.732000 C
135 7 10.300000 20.900000 6.560000 O
136 7 12.152000 19.568001 6.363000 N
137 7 12.727000 18.344000 6.522000 C
138 7 13.950000 18.225000 6.198000 O
139 7 11.992000 17.261999 7.063000 C
140 7 12.681000 15.943000 7.228000 C
141 7 10.701000 17.452999 7.380000 C
142 8 4.512000 19.195999 6.732000 P
143 8 3.405000 19.528999 7.641000 O
144 8 4.691000 17.912001 6.046000 O
145 8 4.701000 20.353001 5.658000 O
146 8 5.412000 21.537001 5.848000 C
147 8 6.165000 21.799000 4.596000 C
148 8 7.446000 21.224001 4.660000 O
149 8 5.517000 21.275999 3.274000 C
150 8 4.653000 22.235001 2.784000 O
151 8 6.723000 21.014000 2.435000 C
152 8 7.927000 21.205000 3.248000 C
153 8 8.919000 20.127001 3.159000 N
154 8 10.174000 20.468000 2.721000 C
155 8 10.463000 21.613001 2.352000 O
156 8 11.138000 19.493000 2.670000 N
157 8 10.912000 18.229000 3.070000 C
158 8 11.878000 17.429001 2.950000 O
159 8 9.618000 17.881001 3.541000 C
160 8 9.303000 16.454000 3.948000 C
161 8 8.662000 18.843000 3.560000 C
182 10 6.587000 25.400000 -3.929000 P
183 10 6.084000 26.802999 -4.100000 O
184 10 5.633000 24.434000 -4.666000 O
185 10 7.982000 25.181999 -4.641000 O
186 10 9.322000 25.642000 -4.545000 C
187 10 10.121000 24.881001 -5.626000 C
188 10 10.412000 23.554001 -5.187000 O
189 10 9.366000 24.766001 -6.948000 C
190 10 10.150000 24.798000 -8.124000 O
191 10 8.662000 23.434999 -6.700000 C
192 10 9.846000 22.643000 -6.147000 C
193 10 9.490000 21.371000 -5.518000 N
194 10 8.257000 20.868000 -5.168000 C
195 10 8.300000 19.715000 -4.602000 N
196 10 9.633000 19.382000 -4.533000 C
197 10 10.307000 18.240999 -4.024000 C
198 10 9.764000 17.250999 -3.503000 O
199 10 11.701000 18.261000 -4.151000 N
200 10 12.319000 19.315001 -4.730000 C
201 10 13.669000 19.156000 -4.755000 N
202 10 11.761000 20.431999 -5.213000 N
203 10 10.422000 20.388000 -5.105000 C
204 11 10.732000 26.025999 -8.995000 P
205 11 10.771000 27.235001 -8.124000 O
206 11 9.791000 26.260000 -10.139000 O
207 11 12.118000 25.488001 -9.580000 O
208 11 13.368000 25.773001 -8.925000 C
209 11 14.222000 24.500999 -8.944000 C
210 11 13.463000 23.490999 -8.277000 O
211 11 14.547000 23.915001 -10.273000 C
212 11 15.703000 24.493000 -10.947000 O
213 11 14.674000 22.421000 -9.968000 C
214 11 13.953000 22.148001 -8.741000 C
215 11 12.744000 21.323000 -8.709000 N
216 11 12.815000 20.079000 -8.092000 C
217 11 13.851000 19.643999 -7.641000 O
218 11 11.667000 19.319000 -8.010000 N
219 11 10.489000 19.754999 -8.518000 C
220 11 9.434000 18.982000 -8.423000 N
221 11 10.419000 21.038000 -9.148000 C
222 11 11.545000 21.778999 -9.205000 C
223 12 15.773000 24.105000 -12.542000 P
224 12 16.299999 25.139000 -13.426000 O
225 12 14.375000 23.843000 -12.981000 O
226 12 16.642000 22.774000 -12.383000 O
227 12 17.875000 22.639000 -11.633000 C
228 12 18.115000 21.121000 -11.722000 C
229 12 17.156000 20.448000 -10.928000 O
230 12 18.037001 20.480000 -13.102000 C
231 12 19.309000 20.464001 -13.826000 O
232 12 17.563999 19.073000 -12.835000 C
233 12 16.819000 19.232000 -11.544000 C
234 12 15.339000 19.319000 -11.760000 N
235 12 14.608000 20.329000 -12.263000 C
236 12 13.361000 20.070999 -12.333000 N
237 12 13.239000 18.796000 -11.811000 C
238 12 12.099000 17.944000 -11.589000 C
239 12 10.917000 18.134001 -11.767000 O
240 12 12.463000 16.712000 -11.061000 N
241 12 13.730000 16.347000 -10.781000 C
242 12 13.812000 15.123000 -10.267000 N
243 12 14.746000 17.115999 -10.953000 N
244 12 14.472000 18.308001 -11.455000 C
246 13 7.303000 9.537000 -10.082000 O
247 13 8.436000 8.554000 -10.076000 C
248 13 9.497000 9.212000 -9.256000 C
249 13 9.948000 10.396000 -9.847000 O
250 13 9.016000 9.644000 -7.889000 C
251 13 10.082000 9.513000 -7.005000 O
252 13 8.650000 11.133000 -8.086000 C
253 13 9.776000 11.553000 -8.944000 C
254 13 9.560000 12.766000 -9.777000 N
255 13 10.703000 13.502000 -10.044000 C
256 13 11.827000 13.174000 -9.624000 O
257 13 10.574000 14.608000 -10.820000 N
258 13 9.385000 15.000000 -11.315000 C
259 13 9.368000 16.090000 -12.078000 N
260 13 8.220000 14.232000 -11.029000 C
261 13 8.346000 13.146000 -10.298000 C
262 14 10.305000 8.332000 -5.937000 P
263 14 10.089000 7.044000 -6.599000 O
264 14 9.443000 8.895000 -4.844000 O
265 14 11.834000 8.657000 -5.613000 O
266 14 12.875000 8.344000 -6.535000 C
267 14 13.810000 9.592000 -6.452000 C
268 14 13.188000 10.686000 -7.044000 O
269 14 14.200000 9.921000 -5.003000 C
270 14 15.562000 9.921000 -4.736000 O
271 14 13.630000 11.308000 -4.806000 C
272 14 13.603000 11.838000 -6.198000 C
273 14 12.567000 12.873000 -6.262000 N
274 14 11.237000 12.674000 -6.026000 C
275 14 10.531000 13.748000 -6.166000 N
276 14 11.475000 14.743000 -6.522000 C
277 14 11.329000 16.129000 -6.859000 C
278 14 10.261000 16.750999 -6.872000 O
279 14 12.489000 16.750999 -7.190000 N
280 14 13.683000 16.106001 -7.183000 C
281 14 14.780000 16.819000 -7.533000 N
282 14 13.856000 14.838000 -6.923000 N
283 14 12.725000 14.196000 -6.605000 C
284 15 16.421000 9.806000 -3.395000 P
285 15 17.476999 8.764000 -3.573000 O
286 15 15.407000 9.449000 -2.333000 O
287 15 17.072001 11.236000 -3.064000 O
288 15 18.164000 11.688000 -3.871000 C
289 15 18.136999 13.186000 -3.821000 C
290 15 16.914000 13.633000 -4.310000 O
291 15 18.275000 13.701000 -2.397000 C
292 15 19.549000 14.180000 -2.168000 O
293 15 17.319000 14.869000 -2.365000 C
294 15 16.542000 14.850000 -3.623000 C
295 15 15.074000 14.842000 -3.312000 N
296 15 14.380000 15.971000 -3.636000 C
297 15 14.938000 16.945000 -4.138000 O
298 15 13.045000 15.971000 -3.388000 N
299 15 12.417000 14.905000 -2.791000 C
300 15 11.091000 15.016000 -2.600000 N
301 15 13.154000 13.768000 -2.454000 C
302 15 14.470000 13.768000 -2.702000 C
303 16 20.520000 14.545000 -1.017000 P
304 16 21.777000 13.712000 -1.201000 O
305 16 19.820999 14.239000 0.292000 O
306 16 20.979000 16.086000 -1.176000 O
307 16 20.846001 16.882000 -2.365000 C
308 16 20.285000 18.225000 -2.015000 C
309 16 18.851000 18.194000 -2.022000 O
310 16 20.697001 18.747999 -0.655000 C
311 16 20.605000 20.139000 -0.407000 O
312 16 19.556999 18.174000 0.222000 C
313 16 18.392000 18.594000 -0.693000 C
314 16 17.169001 17.881001 -0.324000 N
315 16 17.007999 16.719999 0.381000 C
316 16 15.792000 16.343000 0.496000 N
317 16 15.030000 17.322001 -0.108000 C
318 16 13.623000 17.464001 -0.299000 C
319 16 12.742000 16.712000 0.127000 O
320 16 13.232000 18.582001 -0.979000 N
321 16 14.169000 19.469000 -1.443000 C
322 16 13.683000 20.575001 -2.085000 N
323 16 15.496000 19.358000 -1.316000 N
324 16 15.870000 18.281000 -0.655000 C
325 17 21.816000 21.106001 -0.095000 P
326 17 23.035000 20.971001 -0.960000 O
327 17 22.188000 20.740999 1.290000 O
328 17 21.115000 22.520000 -0.470000 O
329 17 20.105000 22.587000 -1.488000 C
330 17 18.965000 23.490999 -1.119000 C
331 17 17.813999 22.774000 -0.731000 O
332 17 19.195000 24.537001 -0.025000 C
333 17 18.636999 25.832001 -0.375000 O
334 17 18.493999 23.950001 1.189000 C
335 17 17.292000 23.264999 0.559000 C
336 17 16.910999 22.063999 1.322000 N
337 17 17.780001 21.145000 1.913000 C
338 17 17.209999 20.159000 2.441000 N
339 17 15.848000 20.381001 2.174000 C
340 17 14.695000 19.639999 2.530000 C
341 17 14.729000 18.495001 3.223000 N
342 17 13.545000 20.198000 2.111000 N
343 17 13.443000 21.339001 1.411000 C
344 17 14.504000 22.091999 1.043000 N
345 17 15.683000 21.530001 1.488000 C
346 18 18.836000 27.160000 0.540000 P
347 18 20.115000 27.730000 0.025000 O
348 18 18.927999 26.815001 2.002000 O
349 18 17.448000 27.885000 0.254000 O
350 18 16.292000 27.128000 0.006000 C
351 18 15.111000 27.437000 0.833000 C
352 18 14.647000 26.181000 1.392000 O
353 18 15.030000 28.360001 1.996000 C
354 18 13.657000 28.882999 2.111000 O
355 18 15.188000 27.507999 3.217000 C
356 18 14.341000 26.308001 2.753000 C
357 18 14.827000 25.107000 3.376000 N
358 18 16.191000 24.774000 3.573000 C
359 18 16.351000 23.653000 4.183000 N
360 18 15.028000 23.174000 4.380000 C
361 18 14.596000 22.013000 4.990000 C
362 18 15.479000 21.145000 5.454000 N
363 18 13.251000 21.893999 5.060000 N
364 18 12.378000 22.809000 4.539000 C
365 18 12.776000 23.978001 3.935000 N
366 18 14.103000 24.080999 3.897000 C
367 19 13.254000 30.118999 3.045000 P
368 19 12.725000 31.299999 2.295000 O
369 19 14.579000 30.301001 3.751000 O
370 19 12.130000 29.504999 3.999000 O
371 19 11.038000 28.681000 3.623000 C
372 19 10.812000 27.797001 4.850000 C
373 19 11.839000 26.850000 5.060000 O
374 19 10.790000 28.660999 6.147000 C
375 19 9.511000 28.993999 6.452000 O
376 19 11.475000 27.785999 7.164000 C
377 19 11.669000 26.514000 6.471000 C
378 19 12.916000 25.851999 6.878000 N
379 19 12.720000 24.600000 7.457000 C
380 19 11.642000 24.121000 7.622000 O
381 19 13.824000 23.910999 7.838000 N
382 19 15.089000 24.389999 7.660000 C
383 19 15.987000 23.601999 8.048000 O
384 19 15.242000 25.674000 7.094000 C
385 19 16.649000 26.228001 6.872000 C
386 19 14.149000 26.351000 6.700000 C
387 20 8.613000 29.414000 7.635000 P
388 20 7.254000 29.643999 6.929000 O
389 20 9.247000 30.729000 8.054000 O
390 20 8.519000 28.396000 8.804000 O
391 20 7.701000 27.163000 8.696000 C
392 20 8.070000 26.296000 9.860000 C
393 20 9.426000 25.915001 9.726000 O
394 20 7.934000 26.886000 11.284000 C
395 20 6.881000 26.236000 11.945000 O
396 20 9.266000 26.597000 11.989000 C
397 20 9.841000 25.601999 11.106000 C
398 20 11.298000 25.618000 11.074000 N
399 20 11.904000 24.393999 11.328000 C
400 20 11.261000 23.410999 11.589000 O
401 20 13.254000 24.365999 11.265000 N
402 20 13.992000 25.468000 10.940000 C
403 20 15.246000 25.257999 10.959000 O
404 20 13.358000 26.688000 10.654000 C
405 20 14.174000 27.916000 10.336000 C
406 20 12.031000 26.736000 10.712000 C
427 22 6.291000 22.424999 18.480000 P
428 22 5.242000 21.347000 18.531000 O
429 22 6.060000 23.899000 18.658001 O
430 22 7.475000 21.930000 19.497000 O
431 22 8.295000 20.816000 19.020000 C
432 22 9.572000 20.797001 19.764000 C
433 22 10.567000 21.577000 19.103001 O
434 22 9.616000 21.320000 21.169001 C
435 22 10.669000 20.716999 21.938000 O
436 22 10.016000 22.785000 21.016001 C
437 22 11.159000 22.492001 20.049999 C
438 22 11.637000 23.719999 19.427000 N
439 22 11.026000 24.881001 19.128000 C
440 22 11.781000 25.768999 18.601000 N
441 22 13.035000 25.118999 18.524000 C
442 22 14.305000 25.547001 18.035000 C
443 22 14.523000 26.667999 17.545000 O
444 22 15.300000 24.636000 18.200001 N
445 22 15.115000 23.434999 18.740000 C
446 22 16.153999 22.594999 18.823000 N
447 22 13.950000 22.952000 19.224001 N
448 22 12.953000 23.882999 19.058001 C
449 23 10.186000 19.648001 23.049999 P
450 23 9.128000 18.907000 22.299999 O
451 23 9.803000 20.476000 24.195000 O
452 23 11.538000 18.764000 23.197001 O
453 23 12.111000 18.351999 21.906000 C
454 23 13.603000 18.364000 22.059000 C
455 23 14.232000 19.541000 21.671000 O
456 23 14.174000 18.114000 23.476000 C
457 23 15.297000 17.250999 23.260000 O
458 23 14.533000 19.476999 24.028999 C
459 23 14.984000 20.122999 22.757999 C
460 23 14.637000 21.541000 22.636999 N
461 23 15.618000 22.341999 22.077999 C
462 23 16.700001 21.865999 21.792000 O
463 23 15.317000 23.677000 21.931999 N
464 23 14.115000 24.232000 22.250000 C
465 23 13.904000 25.542999 22.033001 N
466 23 13.108000 23.372000 22.777000 C
467 23 13.414000 22.063999 22.930000 C
468 24 15.967000 16.347000 24.405001 P
469 24 16.200001 14.964000 23.832001 O
470 24 15.043000 16.312000 25.587000 O
471 24 17.290001 17.159000 24.722000 O
472 24 18.246000 17.920000 23.997999 C
473 24 18.914000 18.907000 24.951000 C
474 24 18.372000 20.146999 24.709999 O
475 24 18.653999 18.701000 26.431999 C
476 24 19.677999 17.872999 27.024000 O
477 24 18.593000 20.091000 27.035999 C
478 24 18.681000 20.995001 25.860001 C
479 24 17.627001 22.013000 25.822001 N
480 24 16.312000 21.854000 26.191000 C
481 24 15.579000 22.903999 26.013000 N
482 24 16.466999 23.823999 25.441000 C
483 24 16.256001 25.159000 25.040001 C
484 24 15.193000 25.805000 25.110001 O
485 24 17.379999 25.781000 24.551001 N
486 24 18.598000 25.146999 24.436001 C
487 24 19.520000 25.990999 23.889999 N
488 24 18.851000 23.879000 24.780001 N
489 24 17.733999 23.301001 25.301001 C
