1229
1 0 24.548 8.529 -9.121 N
2 0 24.722 9.926 -9.613 C
3 0 26.082 10.203 -10.243 C
4 0 26.975 9.349 -10.256 O
5 0 24.470 10.947 -8.496 C
6 0 25.167 10.663 -7.169 C
7 0 24.140 9.635 -6.086 S
8 0 22.882 10.833 -5.644 C
9 1 26.208 11.409 -10.790 N
10 1 27.428 11.871 -11.432 C
11 1 27.507 13.376 -11.217 C
12 1 26.562 14.100 -11.533 O
13 1 27.416 11.598 -12.954 C
14 1 28.662 12.179 -13.608 C
15 1 27.339 10.111 -13.221 C
16 2 28.612 13.834 -10.637 N
17 2 28.801 15.255 -10.402 C
18 2 29.483 15.892 -11.615 C
19 2 30.226 15.231 -12.342 O
20 2 29.666 15.498 -9.148 C
21 2 29.078 15.418 -7.731 C
22 2 28.788 13.988 -7.351 C
23 2 30.060 16.032 -6.751 C
24 3 29.220 17.171 -11.838 N
25 3 29.858 17.868 -12.935 C
26 3 31.241 18.290 -12.449 C
27 3 31.543 18.199 -11.253 O
28 3 29.032 19.088 -13.350 C
29 3 28.898 20.010 -12.288 O
30 4 32.083 18.734 -13.377 N
31 4 33.434 19.179 -13.046 C
32 4 33.342 20.423 -12.173 C
33 4 34.207 20.665 -11.338 O
34 4 34.229 19.495 -14.325 C
35 4 35.619 20.101 -14.102 C
36 4 36.581 19.159 -13.391 C
37 4 36.457 17.927 -13.539 O
38 4 37.482 19.653 -12.694 O
39 5 32.301 21.218 -12.394 N
40 5 32.109 22.424 -11.610 C
41 5 31.821 22.113 -10.152 C
42 5 32.271 22.832 -9.260 O
43 6 31.046 21.055 -9.924 N
44 6 30.696 20.611 -8.577 C
45 6 31.914 20.022 -7.850 C
46 6 32.126 20.298 -6.675 O
47 6 29.535 19.621 -8.632 C
48 6 28.225 20.287 -9.059 C
49 6 27.083 19.309 -9.311 C
50 6 27.329 18.215 -9.847 O
51 6 25.925 19.639 -8.983 O
52 7 32.732 19.252 -8.561 N
53 7 33.940 18.670 -7.974 C
54 7 34.928 19.770 -7.600 C
55 7 35.671 19.629 -6.633 O
56 7 34.627 17.678 -8.936 C
57 7 33.985 16.331 -8.982 C
58 7 33.405 15.736 -10.067 C
59 7 33.838 15.409 -7.890 C
60 7 32.905 14.504 -9.718 N
61 7 33.150 14.278 -8.389 C
62 7 34.210 15.431 -6.535 C
63 7 32.821 13.176 -7.574 C
64 7 33.883 14.337 -5.728 C
65 7 33.195 13.227 -6.252 C
66 8 34.965 20.845 -8.380 N
67 8 35.880 21.947 -8.099 C
68 8 35.507 22.662 -6.792 C
69 8 36.383 23.102 -6.038 O
70 8 35.911 22.933 -9.268 C
71 8 36.674 22.421 -10.461 C
72 8 38.137 22.174 -10.137 C
73 8 38.909 23.117 -9.940 O
74 8 38.525 20.904 -10.072 N
75 9 34.204 22.768 -6.537 N
76 9 33.697 23.396 -5.317 C
77 9 34.074 22.537 -4.108 C
78 9 34.489 23.053 -3.071 O
79 9 32.171 23.563 -5.380 C
80 9 31.674 24.646 -6.338 C
81 9 30.167 24.707 -6.329 C
82 9 32.247 25.973 -5.932 C
83 10 33.946 21.225 -4.269 N
84 10 34.271 20.273 -3.220 C
85 10 35.770 20.304 -2.931 C
86 10 36.180 20.474 -1.786 O
87 10 33.842 18.841 -3.631 C
88 10 34.468 17.796 -2.718 C
89 10 32.311 18.730 -3.630 C
90 11 36.582 20.234 -3.983 N
91 11 38.032 20.215 -3.811 C
92 11 38.628 21.533 -3.369 C
93 11 39.680 21.550 -2.745 O
94 11 38.732 19.655 -5.054 C
95 11 38.374 18.180 -5.319 C
96 11 39.088 17.658 -6.554 C
97 11 38.744 17.329 -4.105 C
98 12 37.940 22.638 -3.646 N
99 12 38.441 23.945 -3.215 C
100 12 38.313 24.080 -1.685 C
101 12 39.230 24.561 -1.016 O
102 12 37.678 25.078 -3.906 C
103 12 38.063 26.440 -3.422 C
104 12 39.316 26.996 -3.588 N
105 12 37.333 27.369 -2.753 C
106 12 39.309 28.215 -3.034 C
107 12 38.127 28.488 -2.512 N
108 13 37.175 23.657 -1.135 N
109 13 36.988 23.740 0.308 C
110 13 37.858 22.685 0.991 C
111 13 38.487 22.962 2.012 O
112 13 35.497 23.606 0.727 C
113 13 34.946 22.235 0.389 C
114 13 35.346 23.896 2.216 C
115 14 37.987 21.515 0.368 N
116 14 38.816 20.464 0.939 C
117 14 40.278 20.892 1.072 C
118 14 40.992 20.422 1.966 O
119 14 38.728 19.171 0.132 C
120 14 39.171 18.013 0.933 C
121 14 40.376 17.381 0.861 C
122 14 38.431 17.363 1.981 C
123 14 40.439 16.374 1.804 N
124 14 39.263 16.337 2.500 C
125 14 37.150 17.543 2.529 C
126 14 38.854 15.496 3.545 C
127 14 36.741 16.709 3.570 C
128 14 37.594 15.696 4.064 C
129 15 40.741 21.739 0.161 N
130 15 42.107 22.215 0.224 C
131 15 42.280 23.010 1.517 C
132 15 43.339 22.960 2.141 O
133 15 42.432 23.075 -0.984 C
134 16 41.226 23.713 1.930 N
135 16 41.242 24.495 3.173 C
136 16 41.309 23.535 4.352 C
137 16 42.103 23.723 5.273 O
138 16 39.983 25.367 3.299 C
139 16 39.782 26.337 2.155 C
140 16 41.052 27.126 1.876 C
141 16 40.953 27.877 0.561 C
142 16 42.213 28.602 0.247 N
143 17 40.483 22.494 4.295 N
144 17 40.446 21.477 5.331 C
145 17 41.828 20.852 5.544 C
146 17 42.232 20.602 6.695 O
147 17 39.406 20.386 4.992 C
148 17 39.564 19.152 5.907 C
149 17 38.010 20.969 5.130 C
150 18 42.560 20.633 4.444 N
151 18 43.899 20.030 4.502 C
152 18 44.996 20.864 5.144 C
153 18 46.066 20.345 5.444 O
154 18 44.341 19.508 3.141 C
155 18 43.528 18.304 2.714 C
156 18 44.039 17.659 1.452 C
157 18 44.764 18.317 0.682 O
158 18 43.704 16.487 1.234 O
159 19 44.739 22.147 5.356 N
160 19 45.714 22.995 6.031 C
161 19 45.798 22.567 7.507 C
162 19 46.794 22.835 8.168 O
163 19 45.308 24.450 5.941 C
164 20 44.759 21.890 8.009 N
165 20 44.731 21.440 9.399 C
166 20 43.919 20.153 9.497 C
167 20 42.761 20.160 9.936 O
168 20 44.138 22.536 10.310 C
169 20 44.033 22.102 11.778 C
170 20 44.832 21.251 12.220 O
171 20 43.125 22.591 12.482 O
172 21 44.536 19.045 9.111 N
173 21 43.854 17.758 9.131 C
174 21 43.444 17.273 10.530 C
175 21 42.299 16.863 10.732 O
176 21 44.695 16.677 8.392 C
177 21 44.033 15.316 8.492 C
178 21 44.855 17.075 6.933 C
179 22 44.365 17.353 11.489 N
180 22 44.092 16.914 12.856 C
181 22 42.964 17.707 13.507 C
182 22 42.082 17.131 14.138 O
183 22 45.359 16.994 13.705 C
184 23 42.986 19.027 13.334 N
185 23 41.955 19.875 13.903 C
186 23 40.570 19.623 13.346 C
187 23 39.593 19.634 14.096 O
188 24 40.465 19.439 12.032 N
189 24 39.172 19.180 11.409 C
190 24 38.692 17.791 11.820 C
191 24 37.530 17.620 12.121 O
192 24 39.264 19.284 9.883 C
193 24 39.316 20.690 9.367 C
194 24 40.470 21.433 9.251 N
195 24 38.321 21.485 8.901 C
196 24 40.153 22.623 8.731 C
197 24 38.857 22.707 8.498 N
198 25 39.601 16.819 11.876 N
199 25 39.229 15.462 12.267 C
200 25 38.653 15.400 13.670 C
201 25 37.675 14.710 13.932 O
202 26 39.249 16.187 14.559 N
203 26 38.827 16.286 15.951 C
204 26 37.420 16.894 16.043 C
205 26 36.540 16.320 16.678 O
206 26 39.828 17.167 16.703 C
207 26 40.009 16.855 18.165 C
208 26 41.330 17.402 18.693 C
209 26 42.128 17.960 17.937 O
210 26 41.569 17.236 19.990 N
211 27 37.224 18.045 15.399 N
212 27 35.933 18.752 15.379 C
213 27 34.768 17.918 14.838 C
214 27 33.656 17.989 15.343 O
215 27 36.039 20.025 14.528 C
216 27 36.859 21.119 15.187 C
217 27 37.272 20.963 16.349 O
218 27 37.087 22.152 14.529 O
219 28 35.013 17.190 13.759 N
220 28 33.982 16.355 13.151 C
221 28 33.575 15.180 14.045 C
222 28 32.384 14.928 14.229 O
223 28 34.441 15.840 11.755 C
224 28 34.576 17.029 10.784 C
225 28 33.447 14.810 11.209 C
226 28 35.428 16.753 9.521 C
227 29 34.557 14.456 14.592 N
228 29 34.265 13.310 15.469 C
229 29 33.528 13.721 16.747 C
230 29 32.627 13.020 17.207 O
231 29 35.532 12.544 15.829 C
232 29 36.337 11.841 14.721 C
233 29 36.950 10.545 15.264 C
234 29 35.476 11.545 13.517 C
235 30 33.910 14.866 17.305 N
236 30 33.281 15.377 18.514 C
237 30 31.855 15.800 18.187 C
238 30 30.932 15.516 18.954 O
239 30 34.128 16.519 19.146 C
240 30 35.457 15.936 19.664 C
241 30 33.378 17.180 20.297 C
242 30 36.473 16.963 20.140 C
243 31 31.669 16.394 17.007 N
244 31 30.352 16.823 16.533 C
245 31 29.438 15.596 16.517 C
246 31 28.343 15.621 17.073 O
247 31 30.467 17.351 15.098 C
248 31 29.523 18.466 14.689 C
249 31 28.083 18.267 15.113 C
250 31 27.657 19.385 15.948 N
251 31 26.519 20.057 15.803 C
252 31 25.650 19.727 14.857 N
253 31 26.248 21.064 16.622 N
254 32 29.907 14.534 15.863 N
255 32 29.166 13.277 15.738 C
256 32 28.835 12.627 17.083 C
257 32 27.704 12.190 17.305 O
258 32 29.958 12.273 14.884 C
259 32 29.308 10.894 14.697 C
260 32 28.099 11.027 13.806 C
261 32 30.290 9.894 14.102 C
262 33 29.842 12.523 17.949 N
263 33 29.672 11.920 19.267 C
264 33 28.709 12.683 20.179 C
265 33 28.016 12.069 20.992 O
266 33 31.023 11.729 19.947 C
267 33 31.920 10.768 19.231 C
268 33 31.380 9.729 18.469 C
269 33 33.304 10.891 19.318 C
270 33 32.213 8.818 17.800 C
271 33 34.144 9.989 18.657 C
272 33 33.595 8.948 17.895 C
273 34 28.655 14.007 20.051 N
274 34 27.730 14.778 20.865 C
275 34 26.320 14.724 20.275 C
276 34 25.347 14.588 21.006 O
277 34 28.175 16.233 20.987 C
278 34 29.516 16.415 21.664 C
279 34 29.712 17.852 22.120 C
280 34 29.470 18.829 20.993 C
281 34 29.909 20.204 21.347 N
282 35 26.221 14.840 18.953 N
283 35 24.935 14.812 18.253 C
284 35 24.260 13.442 18.316 C
285 35 23.041 13.343 18.465 O
286 35 25.122 15.189 16.773 C
287 35 25.571 16.521 16.613 O
288 36 25.065 12.396 18.136 N
289 36 24.583 11.023 18.134 C
290 36 25.475 10.145 18.998 C
291 36 26.299 9.396 18.486 O
292 36 24.532 10.495 16.695 C
293 36 23.735 11.361 15.764 C
294 36 22.368 11.275 15.605 N
295 36 24.135 12.366 14.946 C
296 36 21.987 12.205 14.719 C
297 36 23.022 12.895 14.287 N
298 37 25.275 10.190 20.328 N
299 37 26.011 9.440 21.354 C
300 37 26.104 7.933 21.139 C
301 37 27.045 7.296 21.600 O
302 37 25.232 9.768 22.625 C
303 37 24.748 11.143 22.366 C
304 37 24.227 11.009 20.961 C
305 38 25.127 7.361 20.448 N
306 38 25.123 5.928 20.187 C
307 38 26.299 5.495 19.307 C
308 38 26.807 4.386 19.441 O
309 38 23.781 5.483 19.571 C
310 38 23.396 6.114 18.226 C
311 38 22.570 7.395 18.341 C
312 38 22.712 8.144 19.327 O
313 38 21.770 7.665 17.420 O
314 39 26.763 6.395 18.445 N
315 39 27.870 6.080 17.546 C
316 39 29.170 5.830 18.305 C
317 39 30.007 5.037 17.869 O
318 39 28.085 7.193 16.488 C
319 39 28.477 8.409 17.137 O
320 39 26.809 7.434 15.695 C
321 40 29.324 6.493 19.448 N
322 40 30.515 6.340 20.285 C
323 40 30.655 4.912 20.836 C
324 40 31.754 4.476 21.185 O
325 40 30.458 7.344 21.441 C
326 40 31.639 7.444 22.410 C
327 40 32.915 7.792 21.657 C
328 40 31.332 8.523 23.435 C
329 41 29.534 4.194 20.904 N
330 41 29.504 2.820 21.396 C
331 41 30.149 1.812 20.451 C
332 41 30.295 0.645 20.803 O
333 41 28.067 2.395 21.686 C
334 41 27.462 3.085 22.900 C
335 41 25.993 2.754 23.103 C
336 41 25.655 1.552 23.192 O
337 41 25.174 3.700 23.181 O
338 42 30.517 2.256 19.250 N
339 42 31.159 1.385 18.261 C
340 42 32.679 1.390 18.392 C
341 42 33.376 0.574 17.790 O
342 42 30.757 1.815 16.855 C
343 42 29.317 1.475 16.506 C
344 42 29.161 -0.012 16.292 C
345 42 27.759 -0.357 15.871 C
346 42 27.632 -1.822 15.667 N
347 43 33.177 2.290 19.227 N
348 43 34.600 2.436 19.440 C
349 43 35.043 1.931 20.804 C
350 43 34.943 2.651 21.802 O
351 43 34.987 3.910 19.273 C
352 43 34.792 4.426 17.880 C
353 43 33.546 4.883 17.461 C
354 43 35.850 4.425 16.970 C
355 43 33.353 5.332 16.153 C
356 43 35.669 4.869 15.664 C
357 43 34.417 5.322 15.257 C
358 44 35.572 0.710 20.844 N
359 44 36.054 0.127 22.096 C
360 44 37.132 0.990 22.754 C
361 44 37.293 0.965 23.976 O
362 44 36.595 -1.284 21.860 C
363 44 35.519 -2.255 21.414 C
364 44 34.317 -1.893 21.450 O
365 44 35.881 -3.386 21.025 O
366 45 37.862 1.754 21.943 N
367 45 38.907 2.627 22.457 C
368 45 38.390 3.964 22.978 C
369 45 39.011 4.552 23.856 O
370 45 39.985 2.883 21.398 C
371 45 41.063 1.817 21.332 C
372 45 42.283 2.267 20.518 C
373 45 41.996 2.425 19.093 N
374 45 42.025 3.587 18.447 C
375 45 42.333 4.702 19.094 N
376 45 41.747 3.636 17.150 N
377 46 37.262 4.444 22.454 N
378 46 36.728 5.746 22.885 C
379 46 35.459 5.652 23.725 C
380 46 35.032 6.635 24.326 O
381 46 36.448 6.657 21.668 C
382 46 37.584 6.740 20.686 C
383 46 38.909 6.688 21.118 C
384 46 37.327 6.810 19.321 C
385 46 39.956 6.696 20.208 C
386 46 38.369 6.819 18.399 C
387 46 39.688 6.760 18.844 C
388 47 34.884 4.457 23.776 N
389 47 33.645 4.184 24.496 C
390 47 33.470 4.860 25.871 C
391 47 32.398 5.385 26.173 O
392 47 33.482 2.662 24.615 C
393 47 32.164 2.182 25.188 C
394 47 31.888 0.745 24.759 C
395 47 33.015 -0.196 25.152 C
396 47 32.834 -1.538 24.534 N
397 48 34.536 4.894 26.667 N
398 48 34.491 5.471 28.012 C
399 48 34.498 6.997 28.135 C
400 48 34.176 7.521 29.200 O
401 48 35.642 4.915 28.836 C
402 48 36.985 5.290 28.305 C
403 48 37.463 4.897 27.074 N
404 48 37.949 6.080 28.840 C
405 48 38.673 5.448 26.900 C
406 48 39.014 6.177 27.944 N
407 49 34.906 7.704 27.082 N
408 49 34.967 9.172 27.105 C
409 49 33.605 9.753 27.450 C
410 49 32.622 9.541 26.742 O
411 49 35.489 9.718 25.771 C
412 49 36.867 9.176 25.366 C
413 49 37.169 9.546 23.939 C
414 49 37.964 9.683 26.288 C
415 50 33.557 10.433 28.592 N
416 50 32.331 11.023 29.121 C
417 50 31.979 12.436 28.656 C
418 50 30.813 12.727 28.382 O
419 50 32.381 11.021 30.653 C
420 50 32.538 9.649 31.305 C
421 50 32.753 9.811 32.811 C
422 50 32.947 8.485 33.528 C
423 50 31.733 7.641 33.461 N
424 51 32.981 13.304 28.560 N
425 51 32.747 14.692 28.191 C
426 51 33.540 15.141 26.970 C
427 51 34.489 14.467 26.542 O
428 51 33.139 15.627 29.369 C
429 51 34.550 15.536 29.590 O
430 51 32.413 15.233 30.666 C
431 52 33.195 16.326 26.471 N
432 52 33.873 16.912 25.320 C
433 52 35.304 17.268 25.676 C
434 52 36.193 17.208 24.827 O
435 52 33.147 18.166 24.833 C
436 52 33.801 18.806 23.608 C
437 52 33.068 20.045 23.103 C
438 52 31.917 20.302 23.518 O
439 52 33.653 20.763 22.273 O
440 53 35.519 17.633 26.940 N
441 53 36.847 17.991 27.423 C
442 53 37.733 16.773 27.327 C
443 53 38.885 16.879 26.924 O
444 53 36.784 18.470 28.853 C
445 54 37.194 15.612 27.693 N
446 54 37.966 14.372 27.626 C
447 54 38.243 13.966 26.170 C
448 54 39.319 13.471 25.852 O
449 54 37.241 13.245 28.356 C
450 54 37.091 13.503 29.831 C
451 54 36.473 12.347 30.583 C
452 54 35.663 11.600 30.001 O
453 54 36.795 12.196 31.777 O
454 55 37.267 14.176 25.292 N
455 55 37.436 13.848 23.879 C
456 55 38.538 14.704 23.257 C
457 55 39.390 14.198 22.537 O
458 55 36.120 14.052 23.136 C
459 55 35.108 12.984 23.429 C
460 55 33.511 13.394 22.755 S
461 55 32.439 12.694 23.993 C
462 56 38.538 15.995 23.580 N
463 56 39.538 16.925 23.065 C
464 56 40.945 16.593 23.540 C
465 56 41.915 16.819 22.815 O
466 56 39.191 18.364 23.447 C
467 56 38.124 18.985 22.580 C
468 56 37.757 20.380 23.064 C
469 56 36.817 21.081 22.093 C
470 56 36.347 22.386 22.627 N
471 57 41.046 16.043 24.748 N
472 57 42.331 15.681 25.333 C
473 57 42.850 14.321 24.865 C
474 57 44.044 14.058 24.953 O
475 57 42.244 15.712 26.859 C
476 58 41.961 13.465 24.368 N
477 58 42.322 12.133 23.887 C
478 58 43.223 12.162 22.644 C
479 58 42.815 12.634 21.583 O
480 58 41.048 11.346 23.580 C
481 58 41.346 10.125 22.918 O
482 59 44.443 11.654 22.775 N
483 59 45.382 11.623 21.661 C
484 59 44.955 10.553 20.666 C
485 59 45.194 10.670 19.468 O
486 59 46.792 11.318 22.170 C
487 59 47.917 11.959 21.363 C
488 59 47.994 13.478 21.526 C
489 59 47.278 14.046 22.384 O
490 59 48.790 14.107 20.795 O
491 60 44.339 9.496 21.180 N
492 60 43.862 8.399 20.364 C
493 60 42.759 8.860 19.433 C
494 60 42.706 8.439 18.283 O
495 60 43.310 7.276 21.243 C
496 60 44.246 6.090 21.342 C
497 60 45.441 6.218 21.000 O
498 60 43.776 5.017 21.770 O
499 61 41.861 9.694 19.947 N
500 61 40.740 10.193 19.159 C
501 61 41.228 11.069 18.023 C
502 61 40.727 10.982 16.906 O
503 61 39.755 10.966 20.042 C
504 61 38.454 11.458 19.389 C
505 61 37.337 11.459 20.420 C
506 61 38.625 12.847 18.802 C
507 62 42.208 11.912 18.329 N
508 62 42.775 12.814 17.346 C
509 62 43.481 12.036 16.235 C
510 62 43.394 12.413 15.067 O
511 62 43.727 13.801 18.016 C
512 62 44.393 14.770 17.059 C
513 62 45.190 15.812 17.815 C
514 62 46.301 15.180 18.624 C
515 62 47.020 16.202 19.430 N
516 63 44.139 10.936 16.599 N
517 63 44.841 10.105 15.623 C
518 63 43.867 9.421 14.661 C
519 63 44.125 9.348 13.460 O
520 63 45.728 9.047 16.308 C
521 63 46.825 9.650 17.186 C
522 63 48.005 8.703 17.394 C
523 63 47.636 7.457 18.179 C
524 63 47.328 7.753 19.597 N
525 64 42.744 8.934 15.174 N
526 64 41.778 8.272 14.308 C
527 64 41.039 9.288 13.457 C
528 64 40.513 8.950 12.402 O
529 64 40.781 7.424 15.102 C
530 64 40.029 6.445 14.251 C
531 64 40.652 5.336 13.732 N
532 64 38.787 6.550 13.721 C
533 64 39.786 4.803 12.896 C
534 64 38.642 5.501 12.855 N
535 65 40.979 10.527 13.931 N
536 65 40.328 11.570 13.164 C
537 65 41.161 11.856 11.917 C
538 65 40.606 12.089 10.845 O
539 66 42.489 11.821 12.065 N
540 66 43.415 12.053 10.952 C
541 66 43.330 10.870 9.963 C
542 66 43.276 11.066 8.757 O
543 66 44.881 12.214 11.461 C
544 66 45.869 12.212 10.292 C
545 66 45.028 13.506 12.257 C
546 67 43.288 9.649 10.492 N
547 67 43.193 8.447 9.667 C
548 67 41.925 8.479 8.806 C
549 67 41.973 8.209 7.612 O
550 67 43.178 7.173 10.554 C
551 67 44.439 7.045 11.227 O
552 67 42.916 5.930 9.725 C
553 68 40.801 8.831 9.425 N
554 68 39.508 8.906 8.754 C
555 68 39.467 10.008 7.694 C
556 68 39.052 9.760 6.564 O
557 68 38.395 9.053 9.812 C
558 68 37.256 9.950 9.413 C
559 68 36.235 9.484 8.605 C
560 68 37.212 11.266 9.856 C
561 68 35.175 10.319 8.232 C
562 68 36.154 12.122 9.493 C
563 68 35.134 11.646 8.678 C
564 69 39.939 11.207 8.036 N
565 69 39.919 12.318 7.077 C
566 69 40.837 12.076 5.901 C
567 69 40.552 12.515 4.793 O
568 69 40.291 13.647 7.724 C
569 69 39.176 14.449 8.368 C
570 69 39.756 15.782 8.789 C
571 69 38.036 14.652 7.406 C
572 70 41.955 11.412 6.162 N
573 70 42.907 11.095 5.120 C
574 70 42.301 10.080 4.139 C
575 70 42.513 10.176 2.936 O
576 70 44.220 10.558 5.724 C
577 70 44.851 11.610 6.468 O
578 70 45.166 10.079 4.617 C
579 71 41.525 9.132 4.651 N
580 71 40.890 8.132 3.795 C
581 71 39.801 8.794 2.951 C
582 71 39.660 8.503 1.765 O
583 71 40.290 6.988 4.637 C
584 72 39.031 9.677 3.585 N
585 72 37.943 10.401 2.935 C
586 72 38.480 11.353 1.863 C
587 72 37.892 11.481 0.795 O
588 72 37.128 11.181 3.973 C
589 72 35.885 11.883 3.415 C
590 72 34.980 10.850 2.751 C
591 72 35.142 12.625 4.525 C
592 73 39.585 12.028 2.168 N
593 73 40.191 12.937 1.218 C
594 73 40.700 12.168 0.007 C
595 73 40.598 12.639 -1.118 O
596 74 41.217 10.966 0.222 N
597 74 41.730 10.178 -0.895 C
598 74 40.582 9.781 -1.846 C
599 74 40.754 9.765 -3.069 O
600 74 42.491 8.952 -0.388 C
601 75 39.398 9.570 -1.283 N
602 75 38.224 9.192 -2.060 C
603 75 37.679 10.364 -2.872 C
604 75 37.384 10.223 -4.057 O
605 75 37.113 8.636 -1.140 C
606 75 37.502 7.251 -0.630 C
607 75 35.793 8.548 -1.882 C
608 75 36.648 6.775 0.564 C
609 76 37.560 11.523 -2.229 N
610 76 37.040 12.723 -2.884 C
611 76 37.926 13.163 -4.051 C
612 76 37.436 13.608 -5.088 O
613 76 36.899 13.867 -1.870 C
614 76 35.888 13.687 -0.733 C
615 76 35.951 14.893 0.226 C
616 76 34.493 13.529 -1.299 C
617 77 39.231 13.024 -3.875 N
618 77 40.184 13.415 -4.901 C
619 77 40.111 12.561 -6.165 C
620 77 40.617 12.958 -7.212 O
621 77 41.592 13.429 -4.323 C
622 77 41.818 14.578 -3.363 C
623 77 43.151 14.441 -2.678 C
624 77 43.396 15.635 -1.780 C
625 77 44.726 15.553 -1.139 N
626 78 39.473 11.396 -6.055 N
627 78 39.274 10.487 -7.185 C
628 78 38.125 10.962 -8.076 C
629 78 37.914 10.426 -9.168 O
630 78 38.975 9.076 -6.685 C
631 78 40.135 8.437 -5.931 C
632 78 41.419 8.416 -6.763 C
633 78 41.296 7.521 -7.996 C
634 78 41.003 6.108 -7.629 N
635 79 37.376 11.950 -7.586 N
636 79 36.249 12.545 -8.305 C
637 79 35.283 11.535 -8.912 C
638 79 34.913 11.633 -10.082 O
639 79 36.764 13.511 -9.376 C
640 79 37.570 14.665 -8.798 C
641 79 38.465 15.314 -9.827 C
642 79 37.673 15.988 -10.925 C
643 79 38.560 16.877 -11.741 N
644 80 34.870 10.572 -8.097 N
645 80 33.939 9.555 -8.544 C
646 80 34.537 8.215 -8.941 C
647 80 33.834 7.212 -8.923 O
648 81 35.813 8.175 -9.306 N
649 81 36.443 6.912 -9.698 C
650 81 37.124 6.313 -8.464 C
651 81 38.344 6.108 -8.436 O
652 81 37.455 7.186 -10.811 C
653 81 36.856 7.852 -12.007 C
654 81 36.836 9.214 -12.205 N
655 81 36.221 7.317 -13.080 C
656 81 36.207 9.451 -13.361 C
657 81 35.814 8.330 -13.931 N
658 82 36.302 5.952 -7.482 N
659 82 36.784 5.461 -6.191 C
660 82 36.523 3.998 -5.861 C
661 82 36.660 3.590 -4.707 O
662 82 36.162 6.330 -5.094 C
663 82 34.668 6.425 -5.179 C
664 82 33.959 7.598 -5.066 N
665 82 33.740 5.456 -5.381 C
666 82 32.657 7.308 -5.198 C
667 82 32.480 6.018 -5.390 N
668 83 36.102 3.227 -6.857 N
669 83 35.809 1.810 -6.679 C
670 83 36.884 1.035 -5.906 C
671 83 36.579 0.330 -4.946 O
672 83 35.540 1.151 -8.042 C
673 83 36.572 1.472 -9.153 C
674 83 36.449 2.886 -9.740 C
675 83 35.321 3.424 -9.813 O
676 83 37.490 3.454 -10.135 O
677 84 38.144 1.196 -6.292 N
678 84 39.219 0.485 -5.615 C
679 84 39.305 0.859 -4.143 C
680 84 39.427 -0.020 -3.301 O
681 84 40.551 0.745 -6.295 C
682 85 39.223 2.153 -3.841 N
683 85 39.308 2.638 -2.464 C
684 85 38.134 2.203 -1.595 C
685 85 38.290 2.026 -0.389 O
686 85 39.412 4.177 -2.418 C
687 85 40.779 4.770 -2.765 C
688 85 41.094 4.779 -4.254 C
689 85 40.168 4.630 -5.075 O
690 85 42.277 4.955 -4.606 O
691 86 36.965 2.052 -2.208 N
692 86 35.757 1.669 -1.493 C
693 86 35.701 0.224 -1.027 C
694 86 35.055 -0.077 -0.023 O
695 86 34.512 1.962 -2.340 C
696 86 33.701 3.216 -1.981 C
697 86 34.524 4.486 -2.185 C
698 86 32.448 3.258 -2.817 C
699 87 36.365 -0.663 -1.765 N
700 87 36.369 -2.087 -1.449 C
701 87 36.832 -2.472 -0.041 C
702 87 36.050 -3.021 0.731 O
703 87 37.147 -2.878 -2.508 C
704 87 36.359 -3.196 -3.762 C
705 87 37.188 -4.050 -4.705 C
706 87 36.383 -4.480 -5.912 C
707 87 37.198 -5.296 -6.853 N
708 88 38.102 -2.194 0.311 N
709 88 38.578 -2.552 1.651 C
710 88 37.840 -1.811 2.767 C
711 88 37.677 -2.334 3.876 O
712 88 40.053 -2.168 1.599 C
713 88 40.065 -1.006 0.637 C
714 88 39.159 -1.508 -0.453 C
715 89 37.367 -0.610 2.454 N
716 89 36.646 0.211 3.413 C
717 89 35.255 -0.356 3.751 C
718 89 34.840 -0.401 4.921 O
719 89 36.499 1.620 2.857 C
720 89 36.010 2.582 3.924 C
721 89 37.210 2.901 4.822 C
722 89 35.408 3.848 3.290 C
723 90 34.536 -0.786 2.722 N
724 90 33.215 -1.335 2.915 C
725 90 33.287 -2.686 3.610 C
726 90 32.393 -3.022 4.378 O
727 90 32.497 -1.464 1.588 C
728 91 34.331 -3.464 3.330 N
729 91 34.471 -4.781 3.954 C
730 91 34.708 -4.679 5.453 C
731 91 34.054 -5.372 6.236 O
732 91 35.595 -5.622 3.319 C
733 91 35.720 -6.998 3.991 C
734 91 36.734 -7.929 3.351 C
735 91 37.827 -7.524 2.981 O
736 91 36.381 -9.203 3.261 N
737 92 35.654 -3.829 5.850 N
738 92 35.950 -3.663 7.271 C
739 92 34.773 -3.053 8.038 C
740 92 34.398 -3.564 9.078 O
741 92 37.234 -2.852 7.484 C
742 92 37.096 -1.510 7.071 O
743 93 34.129 -2.031 7.479 N
744 93 32.998 -1.393 8.160 C
745 93 31.727 -2.208 8.186 C
746 93 30.920 -2.052 9.099 O
747 93 32.711 -0.006 7.600 C
748 93 33.754 0.998 7.964 C
749 93 35.069 0.870 7.575 N
750 93 33.698 2.097 8.746 C
751 93 35.780 1.847 8.106 C
752 93 34.972 2.606 8.822 N
753 94 31.543 -3.079 7.199 N
754 94 30.350 -3.911 7.163 C
755 94 30.542 -5.191 7.977 C
756 94 29.732 -5.510 8.836 O
757 94 29.987 -4.264 5.717 C
758 95 31.676 -5.847 7.766 N
759 95 31.999 -7.131 8.387 C
760 95 32.682 -7.110 9.750 C
761 95 32.369 -7.943 10.604 O
762 95 32.878 -7.965 7.426 C
763 95 32.321 -7.887 6.114 O
764 95 32.934 -9.435 7.851 C
765 96 33.631 -6.194 9.940 N
766 96 34.366 -6.111 11.195 C
767 96 33.690 -5.174 12.199 C
768 96 33.260 -5.602 13.269 O
769 96 35.785 -5.633 10.918 C
770 96 36.858 -6.260 11.777 C
771 96 38.065 -5.333 11.864 C
772 96 39.335 -6.069 12.237 C
773 96 40.082 -6.503 11.022 N
774 97 33.564 -3.905 11.818 N
775 97 32.983 -2.864 12.664 C
776 97 31.458 -2.887 12.764 C
777 97 30.899 -2.453 13.777 O
778 97 33.450 -1.490 12.177 C
779 97 34.913 -1.430 11.862 C
780 97 35.894 -2.020 12.632 N
781 97 35.563 -0.850 10.819 C
782 97 37.085 -1.793 12.049 C
783 97 36.944 -1.085 10.945 N
784 98 30.793 -3.368 11.711 N
785 98 29.334 -3.438 11.670 C
786 98 28.698 -2.073 11.867 C
787 98 27.955 -1.845 12.820 O
788 98 28.805 -4.431 12.704 C
789 98 28.499 -5.806 12.122 C
790 98 29.104 -6.936 12.951 C
791 98 30.619 -6.863 12.941 C
792 98 31.268 -8.056 13.548 N
793 99 28.981 -1.178 10.929 N
794 99 28.474 0.181 10.953 C
795 99 27.298 0.269 9.997 C
796 99 27.446 0.024 8.802 O
797 99 29.565 1.177 10.485 C
798 99 30.846 0.984 11.297 C
799 99 29.059 2.609 10.565 C
800 99 30.642 0.989 12.804 C
801 100 26.102 0.578 10.512 N
802 100 24.937 0.680 9.633 C
803 100 24.989 1.925 8.739 C
804 100 25.652 2.909 9.070 O
805 100 23.760 0.719 10.622 C
806 100 24.364 1.324 11.849 C
807 100 25.702 0.646 11.930 C
808 101 24.292 1.869 7.608 N
809 101 24.254 2.982 6.668 C
810 101 23.750 4.240 7.341 C
811 101 24.148 5.343 6.976 O
812 101 23.356 2.662 5.434 C
813 101 24.046 1.632 4.531 C
814 101 23.045 3.942 4.633 C
815 101 25.341 2.130 3.891 C
816 102 22.877 4.072 8.330 N
817 102 22.307 5.197 9.062 C
818 102 23.407 6.068 9.658 C
819 102 23.309 7.291 9.646 O
820 102 21.381 4.683 10.171 C
821 102 20.698 5.764 11.001 C
822 102 19.748 6.612 10.167 C
823 102 18.908 7.519 11.056 C
824 102 18.022 8.431 10.281 N
825 103 24.462 5.430 10.150 N
826 103 25.573 6.150 10.754 C
827 103 26.385 6.971 9.750 C
828 103 26.955 8.008 10.110 O
829 103 26.486 5.189 11.520 C
830 103 25.907 4.642 12.820 C
831 103 24.566 4.827 13.155 C
832 103 26.710 3.927 13.703 C
833 103 24.042 4.306 14.343 C
834 103 26.206 3.402 14.880 C
835 103 24.875 3.589 15.201 C
836 103 24.381 3.045 16.371 O
837 104 26.439 6.515 8.498 N
838 104 27.183 7.236 7.463 C
839 104 26.459 8.543 7.145 C
840 104 27.078 9.532 6.732 O
841 104 27.364 6.370 6.208 C
842 104 28.113 5.048 6.465 C
843 104 28.127 4.172 5.229 C
844 104 29.530 5.320 6.932 C
845 105 25.151 8.564 7.390 N
846 105 24.368 9.768 7.173 C
847 105 24.673 10.762 8.295 C
848 105 24.767 11.973 8.054 O
849 105 22.883 9.444 7.163 C
850 105 22.455 8.600 5.990 C
851 105 20.954 8.482 5.901 C
852 105 20.338 7.984 6.870 O
853 105 20.392 8.904 4.868 O
854 106 24.835 10.234 9.513 N
855 106 25.146 11.039 10.695 C
856 106 26.490 11.739 10.531 C
857 106 26.611 12.925 10.832 O
858 106 25.191 10.173 11.953 C
859 106 23.847 9.648 12.391 C
860 106 22.669 10.145 11.847 C
861 106 23.764 8.667 13.373 C
862 106 21.431 9.673 12.279 C
863 106 22.532 8.194 13.806 C
864 106 21.368 8.701 13.258 C
865 107 27.507 11.020 10.058 N
866 107 28.808 11.659 9.882 C
867 107 28.817 12.665 8.720 C
868 107 29.559 13.658 8.750 O
869 107 29.972 10.637 9.768 C
870 107 31.301 11.373 9.981 C
871 107 29.932 9.885 8.429 C
872 107 32.472 10.459 10.155 C
873 108 27.955 12.437 7.726 N
874 108 27.849 13.347 6.584 C
875 108 27.393 14.719 7.071 C
876 108 27.924 15.737 6.636 O
877 108 26.865 12.805 5.545 C
878 108 27.410 11.657 4.921 O
879 109 26.417 14.717 7.983 N
880 109 25.854 15.920 8.591 C
881 109 26.903 16.638 9.438 C
882 109 26.968 17.861 9.444 O
883 109 24.675 15.530 9.487 C
884 109 24.084 16.667 10.317 C
885 109 23.288 16.168 11.519 C
886 109 22.681 15.075 11.439 O
887 109 23.273 16.873 12.552 O
888 110 27.695 15.868 10.177 N
889 110 28.744 16.424 11.027 C
890 110 29.820 17.131 10.177 C
891 110 30.308 18.216 10.541 O
892 110 29.377 15.308 11.877 C
893 111 30.186 16.512 9.052 N
894 111 31.192 17.078 8.158 C
895 111 30.684 18.405 7.608 C
896 111 31.386 19.413 7.634 O
897 111 31.522 16.116 6.984 C
898 111 32.286 14.894 7.504 C
899 111 32.386 16.832 5.926 C
900 111 32.391 13.765 6.504 C
901 112 29.448 18.402 7.136 N
902 112 28.841 19.605 6.593 C
903 112 28.745 20.713 7.639 C
904 112 29.014 21.868 7.332 O
905 112 27.463 19.284 6.011 C
906 112 27.651 18.443 4.741 C
907 112 26.674 20.569 5.765 C
908 112 26.388 17.819 4.216 C
909 113 28.402 20.349 8.876 N
910 113 28.284 21.317 9.962 C
911 113 29.624 21.989 10.269 C
912 113 29.688 23.213 10.459 O
913 113 27.758 20.641 11.231 C
914 113 27.665 21.566 12.404 C
915 113 26.523 22.253 12.752 N
916 113 28.623 21.971 13.279 C
917 113 26.821 23.043 13.794 C
918 113 28.086 22.904 14.147 N
919 114 30.686 21.191 10.359 N
920 114 32.006 21.739 10.653 C
921 114 32.538 22.634 9.512 C
922 114 33.090 23.716 9.770 O
923 114 33.009 20.608 10.986 C
924 114 34.424 21.164 11.151 C
925 114 32.563 19.884 12.252 C
926 115 32.340 22.206 8.258 N
927 115 32.799 23.007 7.112 C
928 115 32.068 24.349 7.058 C
929 115 32.671 25.376 6.741 O
930 115 32.618 22.263 5.797 C
931 115 33.306 20.899 5.714 C
932 115 33.340 20.441 4.278 C
933 115 34.699 20.945 6.287 C
934 116 30.778 24.332 7.388 N
935 116 29.967 25.545 7.412 C
936 116 30.477 26.461 8.533 C
937 116 30.529 27.674 8.368 O
938 116 28.492 25.179 7.645 C
939 116 27.565 26.359 7.717 C
940 116 27.308 27.210 6.664 N
941 116 26.807 26.815 8.746 C
942 116 26.426 28.132 7.080 C
943 116 26.089 27.935 8.338 N
944 117 30.901 25.873 9.651 N
945 117 31.403 26.665 10.787 C
946 117 32.763 27.330 10.561 C
947 117 32.933 28.516 10.822 O
948 117 31.503 25.801 12.048 C
949 117 30.236 25.285 12.389 O
950 118 33.723 26.554 10.070 N
951 118 35.077 27.045 9.857 C
952 118 35.369 27.751 8.532 C
953 118 36.323 28.514 8.442 O
954 118 36.060 25.880 10.037 C
955 118 35.969 25.211 11.396 C
956 118 36.975 24.069 11.542 C
957 118 38.352 24.529 11.394 N
958 118 39.397 24.000 12.021 C
959 118 39.243 23.006 12.884 N
960 118 40.604 24.486 11.798 N
961 119 34.561 27.492 7.505 N
962 119 34.792 28.078 6.175 C
963 119 33.520 28.681 5.569 C
964 119 33.139 28.332 4.440 O
965 119 35.307 26.985 5.227 C
966 119 36.430 26.177 5.790 C
967 119 37.725 26.630 5.904 N
968 119 36.436 24.919 6.298 C
969 119 38.463 25.660 6.464 C
970 119 37.730 24.597 6.724 N
971 120 32.874 29.624 6.274 N
972 120 31.648 30.212 5.723 C
973 120 31.843 30.849 4.347 C
974 120 30.987 30.731 3.482 O
975 120 31.249 31.235 6.787 C
976 120 32.571 31.675 7.336 C
977 120 33.331 30.365 7.461 C
978 121 33.011 31.437 4.126 N
979 121 33.298 32.083 2.857 C
980 121 33.494 31.139 1.688 C
981 121 33.224 31.516 0.543 O
982 122 33.957 29.922 1.955 N
983 122 34.173 28.958 0.890 C
984 122 33.143 27.849 0.953 C
985 122 33.308 26.803 0.305 O
986 122 35.580 28.346 0.990 C
987 122 36.673 29.343 0.660 C
988 122 37.603 29.558 1.444 O
989 122 36.561 29.966 -0.503 N
990 123 32.085 28.057 1.729 N
991 123 31.066 27.022 1.868 C
992 123 29.664 27.609 1.801 C
993 123 28.867 27.450 2.734 O
994 123 31.272 26.239 3.174 C
995 123 30.769 24.819 3.131 C
996 123 31.315 23.899 2.249 C
997 123 29.762 24.396 3.993 C
998 123 30.869 22.578 2.225 C
999 123 29.305 23.071 3.975 C
1000 123 29.862 22.162 3.088 C
1001 124 29.406 28.317 0.696 N
1002 124 28.109 28.909 0.420 C
1003 124 27.131 27.823 -0.021 C
1004 124 27.476 26.637 -0.033 O
1005 125 25.919 28.215 -0.401 N
1006 125 24.894 27.251 -0.796 C
1007 125 25.319 26.294 -1.906 C
1008 125 25.087 25.090 -1.819 O
1009 125 23.609 27.974 -1.181 C
1010 126 25.940 26.830 -2.950 N
1011 126 26.374 26.005 -4.073 C
1012 126 27.428 25.005 -3.641 C
1013 126 27.374 23.845 -4.027 O
1014 126 26.926 26.882 -5.197 C
1015 126 25.863 27.759 -5.833 C
1016 126 24.702 27.312 -5.927 O
1017 126 26.193 28.897 -6.233 O
1018 127 28.400 25.462 -2.855 N
1019 127 29.464 24.579 -2.375 C
1020 127 28.921 23.492 -1.444 C
1021 127 29.390 22.360 -1.484 O
1022 127 30.561 25.387 -1.680 C
1023 128 27.920 23.820 -0.631 N
1024 128 27.341 22.836 0.281 C
1025 128 26.543 21.784 -0.495 C
1026 128 26.581 20.599 -0.168 O
1027 128 26.455 23.508 1.344 C
1028 128 25.831 22.500 2.329 C
1029 128 25.096 23.147 3.502 C
1030 128 25.419 24.249 3.919 O
1031 128 24.109 22.444 4.042 N
1032 129 25.809 22.225 -1.517 N
1033 129 25.035 21.301 -2.323 C
1034 129 25.981 20.355 -3.052 C
1035 129 25.670 19.177 -3.238 O
1036 130 27.133 20.873 -3.472 N
1037 130 28.112 20.052 -4.168 C
1038 130 28.699 19.009 -3.211 C
1039 130 28.800 17.837 -3.559 O
1040 130 29.220 20.923 -4.760 C
1041 131 29.065 19.431 -2.003 N
1042 131 29.620 18.520 -1.000 C
1043 131 28.592 17.459 -0.598 C
1044 131 28.928 16.293 -0.434 O
1045 131 30.098 19.313 0.235 C
1046 131 30.741 18.474 1.343 C
1047 131 32.237 17.601 0.811 S
1048 131 33.383 18.887 0.942 C
1049 132 27.334 17.862 -0.437 N
1050 132 26.282 16.908 -0.087 C
1051 132 26.102 15.872 -1.202 C
1052 132 25.844 14.697 -0.941 O
1053 132 24.953 17.618 0.139 C
1054 132 23.806 16.645 0.331 C
1055 132 23.819 15.843 1.250 O
1056 132 22.822 16.701 -0.550 N
1057 133 26.247 16.324 -2.445 N
1058 133 26.111 15.468 -3.621 C
1059 133 27.259 14.466 -3.633 C
1060 133 27.066 13.285 -3.944 O
1061 133 26.138 16.346 -4.880 C
1062 133 25.397 15.770 -6.066 C
1063 133 25.421 16.709 -7.262 C
1064 133 24.776 16.042 -8.470 C
1065 133 25.037 16.744 -9.755 N
1066 134 28.443 14.925 -3.244 N
1067 134 29.624 14.065 -3.202 C
1068 134 29.479 12.976 -2.141 C
1069 134 29.775 11.800 -2.390 O
1070 134 30.866 14.892 -2.929 C
1071 135 28.968 13.369 -0.976 N
1072 135 28.764 12.451 0.147 C
1073 135 27.614 11.468 -0.131 C
1074 135 27.653 10.314 0.301 O
1075 135 28.519 13.249 1.441 C
1076 135 29.684 14.157 1.849 C
1077 135 29.332 14.999 3.064 C
1078 135 30.908 13.312 2.119 C
1079 136 26.581 11.942 -0.822 N
1080 136 25.449 11.095 -1.193 C
1081 136 25.922 10.013 -2.156 C
1082 136 25.471 8.862 -2.080 O
1083 136 24.369 11.912 -1.890 C
1084 136 23.447 12.659 -0.971 C
1085 136 22.212 13.168 -1.691 C
1086 136 21.921 12.676 -2.804 O
1087 136 21.526 14.056 -1.141 O
1088 137 26.797 10.405 -3.090 N
1089 137 27.370 9.490 -4.085 C
1090 137 28.154 8.408 -3.345 C
1091 137 28.022 7.223 -3.644 O
1092 137 28.306 10.248 -5.040 C
1093 137 29.209 9.386 -5.939 C
1094 137 28.359 8.541 -6.869 C
1095 137 30.185 10.241 -6.735 C
1096 138 28.975 8.844 -2.387 N
1097 138 29.785 7.950 -1.561 C
1098 138 28.898 6.941 -0.816 C
1099 138 29.132 5.741 -0.891 O
1100 138 30.633 8.776 -0.589 C
1101 138 31.340 7.957 0.461 C
1102 138 32.446 7.183 0.135 C
1103 138 30.881 7.951 1.780 C
1104 138 33.083 6.414 1.101 C
1105 138 31.514 7.179 2.759 C
1106 138 32.613 6.413 2.418 C
1107 139 27.850 7.426 -0.152 N
1108 139 26.929 6.554 0.577 C
1109 139 26.192 5.572 -0.331 C
1110 139 25.936 4.438 0.055 O
1111 139 25.905 7.371 1.366 C
1112 139 26.531 8.256 2.422 C
1113 139 25.548 8.601 3.514 C
1114 139 24.384 9.321 3.013 N
1115 139 24.380 10.613 2.703 C
1116 139 25.486 11.339 2.817 N
1117 139 23.267 11.178 2.262 N
1118 140 25.816 6.024 -1.522 N
1119 140 25.113 5.161 -2.468 C
1120 140 25.999 3.970 -2.878 C
1121 140 25.558 2.826 -2.851 O
1122 140 24.686 5.964 -3.706 C
1123 140 23.881 5.157 -4.710 C
1124 140 23.453 5.984 -5.922 C
1125 140 24.576 6.175 -6.939 C
1126 140 25.706 7.002 -6.430 N
1127 141 27.260 4.245 -3.210 N
1128 141 28.195 3.193 -3.613 C
1129 141 28.551 2.264 -2.467 C
1130 141 28.674 1.058 -2.663 O
1131 141 29.456 3.796 -4.234 C
1132 141 29.204 4.389 -5.614 C
1133 141 28.054 4.325 -6.100 O
1134 141 30.153 4.926 -6.219 O
1135 142 28.710 2.822 -1.267 N
1136 142 29.021 2.015 -0.079 C
1137 142 27.871 1.054 0.253 C
1138 142 28.104 -0.107 0.610 O
1139 142 29.309 2.902 1.153 C
1140 142 30.673 3.556 1.010 C
1141 142 29.278 2.073 2.417 C
1142 142 31.830 2.568 1.097 C
1143 143 26.639 1.549 0.150 N
1144 143 25.459 0.735 0.424 C
1145 143 25.358 -0.388 -0.602 C
1146 143 24.902 -1.480 -0.281 O
1147 143 24.205 1.591 0.385 C
1148 144 25.791 -0.110 -1.833 N
1149 144 25.769 -1.096 -2.916 C
1150 144 26.770 -2.207 -2.617 C
1151 144 26.540 -3.371 -2.957 O
1152 144 26.124 -0.431 -4.229 C
1153 145 27.893 -1.824 -2.007 N
1154 145 28.944 -2.770 -1.644 C
1155 145 28.502 -3.576 -0.443 C
1156 145 28.795 -4.761 -0.342 O
1157 145 30.249 -2.027 -1.345 C
1158 145 31.061 -1.669 -2.594 C
1159 145 30.131 -1.347 -3.750 C
1160 145 30.662 -0.270 -4.668 C
1161 145 29.522 0.295 -5.445 N
1162 146 27.765 -2.929 0.454 N
1163 146 27.247 -3.582 1.648 C
1164 146 26.384 -4.755 1.229 C
1165 146 26.518 -5.849 1.761 O
1166 146 26.402 -2.602 2.465 C
1167 146 27.156 -1.850 3.541 C
1168 146 28.542 -1.683 3.479 C
1169 146 26.481 -1.344 4.659 C
1170 146 29.236 -1.042 4.505 C
1171 146 27.174 -0.699 5.691 C
1172 146 28.548 -0.560 5.606 C
1173 146 29.227 0.026 6.642 O
1174 147 25.507 -4.511 0.258 N
1175 147 24.603 -5.531 -0.271 C
1176 147 25.398 -6.705 -0.799 C
1177 147 25.156 -7.838 -0.407 O
1178 147 23.760 -4.951 -1.398 C
1179 147 22.547 -5.780 -1.778 C
1180 147 21.663 -5.013 -2.749 C
1181 147 20.627 -5.919 -3.400 C
1182 147 19.711 -6.554 -2.415 N
1183 148 26.375 -6.418 -1.655 N
1184 148 27.221 -7.455 -2.245 C
1185 148 27.988 -8.264 -1.192 C
1186 148 28.169 -9.475 -1.340 O
1187 148 28.210 -6.843 -3.239 C
1188 148 27.557 -6.075 -4.376 C
1189 148 28.551 -5.412 -5.327 C
1190 148 29.764 -5.390 -5.041 O
1191 148 28.113 -4.905 -6.376 O
1192 149 28.433 -7.593 -0.134 N
1193 149 29.176 -8.249 0.929 C
1194 149 28.274 -9.043 1.862 C
1195 149 28.761 -9.756 2.739 O
1196 149 30.004 -7.232 1.725 C
1197 149 31.162 -6.570 0.974 C
1198 149 31.773 -5.462 1.785 C
1199 149 32.202 -7.599 0.618 C
1200 150 26.964 -8.903 1.678 N
1201 150 26.005 -9.632 2.490 C
1202 150 25.520 -8.942 3.746 C
1203 150 24.818 -9.545 4.552 O
1204 151 25.863 -7.674 3.902 N
1205 151 25.461 -6.929 5.075 C
1206 151 24.260 -6.001 4.861 C
1207 151 23.113 -6.397 5.085 O
1208 151 26.659 -6.153 5.616 C
1209 151 26.352 -5.277 6.807 C
1210 151 26.093 -5.829 8.058 C
1211 151 26.339 -3.891 6.686 C
1212 151 25.829 -5.019 9.159 C
1213 151 26.078 -3.076 7.778 C
1214 151 25.822 -3.645 9.008 C
1215 151 25.539 -2.838 10.081 O
1216 152 24.521 -4.784 4.393 N
1217 152 23.478 -3.775 4.199 C
1218 152 22.852 -3.440 5.554 C
1219 152 21.858 -4.054 5.964 O
1220 152 22.401 -4.245 3.218 C
1221 152 21.293 -3.208 2.993 C
1222 152 21.826 -1.860 2.510 C
1223 152 22.938 -1.764 1.979 O
1224 152 21.022 -0.816 2.677 N
1225 153 23.466 -2.489 6.253 N
1226 153 22.983 -2.090 7.564 C
1227 153 22.145 -0.830 7.591 C
1228 153 21.322 -0.699 8.521 O
1229 153 22.304 0.023 6.693 O
