756
1 1 5.731 9.490 3.143 O
2 1 7.086 9.894 3.358 C
3 1 7.582 9.548 4.765 C
4 1 6.740 10.157 5.764 O
5 1 7.507 8.040 5.042 C
6 1 8.635 7.306 4.552 O
7 1 7.421 8.030 6.566 C
8 1 6.453 9.201 6.806 C
9 1 5.036 8.749 6.860 N
10 1 4.615 8.097 8.011 C
11 1 5.363 7.819 8.949 O
12 1 3.278 7.764 8.054 N
13 1 2.350 7.937 7.050 C
14 1 1.184 7.592 7.243 O
15 1 2.889 8.550 5.856 C
16 1 2.001 8.728 4.619 C
17 1 4.171 8.966 5.816 C
18 1 7.157 10.972 3.211 H
19 1 7.719 9.395 2.625 H
20 1 8.595 9.942 4.854 H
21 1 6.590 7.635 4.615 H
22 1 7.194 7.049 6.985 H
23 1 8.374 8.280 7.035 H
24 1 6.693 9.738 7.723 H
25 1 2.918 7.440 8.934 H
26 1 2.432 8.183 3.779 H
27 1 1.000 8.346 4.817 H
28 1 1.935 9.787 4.368 H
29 1 4.523 9.510 4.939 H
30 1 5.499 9.744 2.246 H
31 2 8.580 5.703 4.343 P
32 2 9.791 5.294 3.598 O
33 2 7.241 5.347 3.821 O
34 2 8.693 5.139 5.847 O
35 2 9.813 5.435 6.692 C
36 2 9.465 5.228 8.168 C
37 2 8.313 6.001 8.552 O
38 2 9.099 3.800 8.479 C
39 2 10.244 2.947 8.592 O
40 2 8.365 4.011 9.797 C
41 2 7.509 5.208 9.450 C
42 2 6.169 4.816 8.943 N
43 2 5.205 4.386 9.850 C
44 2 5.452 4.251 11.046 O
45 2 3.967 4.095 9.374 N
46 2 3.671 4.218 8.075 C
47 2 2.424 3.991 7.666 N
48 2 4.667 4.625 7.134 C
49 2 5.888 4.905 7.616 C
50 2 10.129 6.466 6.536 H
51 2 10.635 4.772 6.425 H
52 2 10.310 5.464 8.814 H
53 2 8.433 3.470 7.684 H
54 2 7.806 3.134 10.125 H
55 2 9.052 4.351 10.572 H
56 2 7.403 5.822 10.345 H
57 2 1.707 3.820 8.357 H
58 2 2.188 4.047 6.686 H
59 2 4.497 4.717 6.062 H
60 2 6.662 5.213 6.914 H
61 3 10.139 1.336 8.557 P
62 3 11.502 0.788 8.387 O
63 3 9.070 0.957 7.607 O
64 3 9.633 0.979 10.042 O
65 3 10.242 1.520 11.220 C
66 3 9.416 1.192 12.464 C
67 3 8.055 1.639 12.293 O
68 3 9.341 -0.310 12.755 C
69 3 9.174 -0.555 14.157 O
70 3 8.128 -0.672 11.943 C
71 3 7.194 0.487 12.257 C
72 3 6.147 0.656 11.218 N
73 3 6.280 0.711 9.858 C
74 3 5.192 0.894 9.180 N
75 3 4.223 0.937 10.178 C
76 3 2.821 1.093 10.058 C
77 3 2.151 1.232 9.041 O
78 3 2.194 1.100 11.289 N
79 3 2.838 0.977 12.502 C
80 3 2.065 1.033 13.581 N
81 3 4.163 0.833 12.626 N
82 3 4.792 0.818 11.425 C
83 3 10.307 2.604 11.126 H
84 3 11.246 1.111 11.327 H
85 3 9.811 1.716 13.333 H
86 3 10.225 -0.843 12.409 H
87 3 8.401 -0.631 10.888 H
88 3 7.722 -1.662 12.146 H
89 3 6.774 0.317 13.248 H
90 3 7.236 0.593 9.348 H
91 3 1.189 1.227 11.251 H
92 3 1.070 1.138 13.476 H
93 3 2.472 0.985 14.499 H
94 4 9.198 -2.045 14.779 P
95 4 9.985 -2.012 16.032 O
96 4 9.554 -3.009 13.713 O
97 4 7.651 -2.263 15.156 O
98 4 7.072 -1.630 16.303 C
99 4 5.558 -1.771 16.322 C
100 4 4.937 -1.136 15.190 O
101 4 5.097 -3.221 16.295 C
102 4 5.278 -3.810 17.588 O
103 4 3.635 -2.943 15.976 C
104 4 3.728 -1.857 14.891 C
105 4 3.600 -2.268 13.460 N
106 4 2.314 -2.321 12.924 C
107 4 1.318 -2.211 13.633 O
108 4 2.171 -2.516 11.588 N
109 4 3.237 -2.664 10.793 C
110 4 3.070 -2.750 9.474 N
111 4 4.561 -2.668 11.326 C
112 4 4.696 -2.463 12.656 C
113 4 7.323 -0.569 16.309 H
114 4 7.474 -2.097 17.201 H
115 4 5.154 -1.358 17.246 H
116 4 5.596 -3.809 15.525 H
117 4 3.008 -3.803 15.741 H
118 4 3.315 -2.471 16.904 H
119 4 2.902 -1.170 15.078 H
120 4 2.143 -2.690 9.083 H
121 4 3.872 -2.842 8.866 H
122 4 5.404 -2.857 10.662 H
123 4 5.705 -2.423 13.069 H
124 5 4.975 -5.360 17.895 P
125 5 5.289 -5.623 19.317 O
126 5 5.600 -6.182 16.834 O
127 5 3.381 -5.427 17.709 O
128 5 2.493 -4.569 18.436 C
129 5 1.046 -4.850 18.071 C
130 5 0.731 -4.556 16.699 O
131 5 0.676 -6.310 18.296 C
132 5 -0.668 -6.429 18.774 O
133 5 0.926 -6.885 16.894 C
134 5 0.354 -5.778 16.041 C
135 5 0.889 -5.748 14.666 N
136 5 2.180 -5.808 14.225 C
137 5 2.360 -5.632 12.952 N
138 5 1.059 -5.425 12.497 C
139 5 0.589 -5.188 11.183 C
140 5 1.238 -5.041 10.154 O
141 5 -0.792 -5.119 11.131 N
142 5 -1.633 -5.232 12.224 C
143 5 -2.940 -5.121 11.996 N
144 5 -1.193 -5.436 13.467 N
145 5 0.156 -5.532 13.527 C
146 5 2.702 -3.531 18.175 H
147 5 2.604 -4.732 19.507 H
148 5 0.423 -4.215 18.701 H
149 5 1.287 -6.752 19.082 H
150 5 1.980 -6.913 16.618 H
151 5 0.357 -7.794 16.699 H
152 5 -0.720 -5.958 16.010 H
153 5 3.011 -5.995 14.904 H
154 5 -1.163 -5.034 10.191 H
155 5 -3.265 -5.012 11.049 H
156 5 -3.597 -5.150 12.763 H
157 6 -1.156 -7.773 19.531 P
158 6 -2.119 -7.427 20.598 O
159 6 0.030 -8.599 19.855 O
160 6 -1.951 -8.492 18.347 O
161 6 -3.146 -7.981 17.743 C
162 6 -3.327 -8.656 16.393 C
163 6 -2.460 -8.206 15.337 O
164 6 -3.222 -10.156 16.449 C
165 6 -4.339 -10.687 15.761 O
166 6 -1.887 -10.390 15.793 C
167 6 -1.998 -9.388 14.677 C
168 6 -0.756 -9.153 13.925 N
169 6 0.547 -9.312 14.286 C
170 6 1.430 -9.064 13.363 N
171 6 0.626 -8.738 12.270 C
172 6 0.912 -8.398 10.940 C
173 6 2.129 -8.464 10.398 N
174 6 -0.128 -8.069 10.162 N
175 6 -1.367 -8.124 10.629 C
176 6 -1.759 -8.460 11.844 N
177 6 -0.697 -8.742 12.625 C
178 6 -3.120 -6.900 17.605 H
179 6 -4.034 -8.188 18.341 H
180 6 -4.372 -8.628 16.087 H
181 6 -3.323 -10.469 17.488 H
182 6 -5.068 -10.282 16.237 H
183 6 -1.096 -10.041 16.456 H
184 6 -1.748 -11.388 15.378 H
185 6 -2.747 -9.805 14.003 H
186 6 0.808 -9.638 15.293 H
187 6 2.231 -8.371 9.395 H
188 6 2.928 -8.695 10.970 H
189 6 -2.154 -7.865 9.921 H
191 7 -0.515 -10.635 1.975 O
192 7 -1.841 -11.039 1.620 C
193 7 -2.871 -10.671 2.693 C
194 7 -2.516 -11.262 3.959 O
195 7 -2.909 -9.158 2.953 C
196 7 -3.733 -8.434 2.031 O
197 7 -3.457 -9.124 4.378 C
198 7 -2.679 -10.288 5.013 C
199 7 -1.408 -9.833 5.636 N
200 7 -1.494 -9.164 6.849 C
201 7 -2.560 -8.872 7.392 O
202 7 -0.292 -8.827 7.432 N
203 7 0.966 -9.012 6.902 C
204 7 1.951 -8.662 7.550 O
205 7 0.963 -9.645 5.601 C
206 7 2.280 -9.843 4.844 C
207 7 -0.192 -10.066 5.043 C
208 7 -1.851 -12.119 1.473 H
209 7 -2.113 -10.551 0.684 H
210 7 -3.832 -11.066 2.364 H
211 7 -1.895 -8.758 2.935 H
212 7 -3.418 -8.136 4.838 H
213 7 -4.518 -9.368 4.416 H
214 7 -3.277 -10.813 5.757 H
215 7 -0.324 -8.488 8.376 H
216 7 2.236 -9.311 3.893 H
217 7 3.113 -9.455 5.431 H
218 7 2.440 -10.904 4.657 H
219 7 -0.155 -10.624 4.109 H
220 7 0.064 -10.903 1.258 H
221 8 -3.587 -6.835 1.839 P
222 8 -4.383 -6.438 0.656 O
223 8 -2.150 -6.484 1.909 O
224 8 -4.307 -6.246 3.155 O
225 8 -5.677 -6.532 3.469 C
226 8 -5.966 -6.301 4.954 C
227 8 -5.078 -7.066 5.790 O
228 8 -5.755 -4.868 5.367 C
229 8 -6.841 -4.016 4.986 O
230 8 -5.629 -5.058 6.872 C
231 8 -4.711 -6.257 6.927 C
232 8 -3.279 -5.870 7.010 N
233 8 -2.770 -5.426 8.228 C
234 8 -3.491 -5.272 9.211 O
235 8 -1.445 -5.140 8.309 N
236 8 -0.643 -5.282 7.243 C
237 8 0.663 -5.058 7.375 N
238 8 -1.166 -5.705 5.980 C
239 8 -2.477 -5.979 5.919 C
240 8 -5.905 -7.567 3.212 H
241 8 -6.314 -5.875 2.878 H
242 8 -7.003 -6.529 5.198 H
243 8 -4.817 -4.550 4.911 H
244 8 -5.251 -4.175 7.388 H
245 8 -6.576 -5.387 7.302 H
246 8 -4.984 -6.857 7.796 H
247 8 1.036 -4.874 8.294 H
248 8 1.280 -5.128 6.579 H
249 8 -0.569 -5.813 5.073 H
250 8 -2.896 -6.301 4.965 H
251 9 -6.724 -2.406 4.972 P
252 9 -7.895 -1.863 4.249 O
253 9 -5.356 -2.039 4.540 O
254 9 -6.871 -2.024 6.528 O
255 9 -7.912 -2.549 7.358 C
256 9 -7.670 -2.199 8.827 C
257 9 -6.362 -2.646 9.239 O
258 9 -7.714 -0.693 9.102 C
259 9 -8.139 -0.426 10.445 O
260 9 -6.274 -0.341 8.854 C
261 9 -5.558 -1.493 9.543 C
262 9 -4.176 -1.675 9.030 N
263 9 -3.738 -1.753 7.736 C
264 9 -2.468 -1.943 7.569 N
265 9 -1.996 -1.969 8.877 C
266 9 -0.669 -2.125 9.348 C
267 9 0.360 -2.278 8.699 O
268 9 -0.604 -2.111 10.727 N
269 9 -1.690 -1.970 11.565 C
270 9 -1.429 -2.008 12.869 N
271 9 -2.949 -1.827 11.132 N
272 9 -3.027 -1.832 9.779 C
273 9 -7.939 -3.634 7.264 H
274 9 -8.870 -2.140 7.038 H
275 9 -8.388 -2.713 9.465 H
276 9 -8.377 -0.167 8.414 H
277 9 -6.088 -0.398 7.782 H
278 9 -5.983 0.654 9.192 H
279 9 -5.581 -1.307 10.617 H
280 9 -4.398 -1.644 6.876 H
281 9 0.328 -2.237 11.108 H
282 9 -0.479 -2.112 13.183 H
283 9 -2.178 -1.947 13.537 H
284 10 -8.410 1.073 10.979 P
285 10 -9.643 1.059 11.798 O
286 10 -8.291 2.020 9.846 O
287 10 -7.154 1.301 11.956 O
288 10 -7.101 0.687 13.248 C
289 10 -5.728 0.833 13.887 C
290 10 -4.700 0.180 13.121 O
291 10 -5.290 2.282 14.030 C
292 10 -5.984 2.891 15.125 O
293 10 -3.827 2.002 14.345 C
294 10 -3.471 0.899 13.335 C
295 10 -2.763 1.287 12.077 N
296 10 -1.371 1.335 12.117 C
297 10 -0.757 1.238 13.175 O
298 10 -0.690 1.509 10.954 N
299 10 -1.334 1.644 9.790 C
300 10 -0.639 1.709 8.654 N
301 10 -2.760 1.652 9.731 C
302 10 -3.432 1.468 10.890 C
303 10 -7.335 -0.375 13.167 H
304 10 -7.835 1.167 13.896 H
305 10 -5.741 0.433 14.901 H
306 10 -5.425 2.857 13.114 H
307 10 -3.155 2.861 14.377 H
308 10 -3.920 1.545 15.331 H
309 10 -2.798 0.217 13.856 H
310 10 0.367 1.645 8.680 H
311 10 -1.119 1.790 7.770 H
312 10 -3.255 1.829 8.776 H
313 10 -4.521 1.432 10.852 H
314 11 -5.826 4.447 15.506 P
315 11 -6.698 4.732 16.668 O
316 11 -5.955 5.251 14.270 O
317 11 -4.296 4.513 15.993 O
318 11 -3.791 3.667 17.033 C
319 11 -2.321 3.943 17.296 C
320 11 -1.473 3.633 16.176 O
321 11 -2.075 5.414 17.629 C
322 11 -1.044 5.541 18.613 O
323 11 -1.720 5.962 16.238 C
324 11 -0.853 4.844 15.713 C
325 11 -0.774 4.792 14.239 N
326 11 -1.769 4.842 13.306 C
327 11 -1.410 4.645 12.074 N
328 11 -0.037 4.435 12.197 C
329 11 0.930 4.178 11.197 C
330 11 0.766 4.014 9.993 O
331 11 2.208 4.112 11.724 N
332 11 2.526 4.242 13.061 C
333 11 3.813 4.132 13.390 N
334 11 1.615 4.465 14.010 N
335 11 0.362 4.560 13.506 C
336 11 -3.876 2.626 16.725 H
337 11 -4.336 3.844 17.961 H
338 11 -2.011 3.297 18.118 H
339 11 -2.946 5.892 18.077 H
340 11 -2.566 5.984 15.550 H
341 11 -1.118 6.870 16.280 H
342 11 0.140 5.025 16.123 H
343 11 -2.806 5.038 13.579 H
344 11 2.931 4.009 11.027 H
345 11 4.498 4.010 12.659 H
346 11 4.097 4.173 14.359 H
347 12 -0.902 6.896 19.483 P
348 12 -0.465 6.568 20.857 O
349 12 -2.112 7.726 19.278 O
350 12 0.312 7.598 18.720 O
351 12 1.647 7.081 18.670 C
352 12 2.371 7.735 17.504 C
353 12 2.014 7.266 16.191 O
354 12 2.260 9.235 17.488 C
355 12 3.563 9.757 17.313 O
356 12 1.314 9.455 16.338 C
357 12 1.870 8.438 15.381 C
358 12 1.046 8.188 14.188 N
359 12 -0.290 8.351 13.980 C
360 12 -0.716 8.086 12.777 N
361 12 0.466 7.744 12.118 C
362 12 0.752 7.384 10.792 C
363 12 -0.134 7.439 9.797 N
364 12 2.019 7.046 10.516 N
365 12 2.954 7.110 11.450 C
366 12 2.813 7.463 12.715 N
367 12 1.526 7.757 12.985 C
368 12 1.676 5.999 18.550 H
369 12 2.211 7.299 19.577 H
370 12 3.450 7.702 17.658 H
371 12 1.927 9.564 18.473 H
372 12 4.030 9.363 18.054 H
373 12 0.319 9.116 16.623 H
374 12 1.364 10.448 15.888 H
375 12 2.830 8.848 15.069 H
376 12 -0.939 8.692 14.785 H
377 12 0.185 7.330 8.840 H
378 12 -1.097 7.676 9.987 H
379 12 3.962 6.840 11.134 H
1 1 6.264 8.945 2.832 O
2 1 7.298 9.697 3.472 C
3 1 7.725 9.081 4.808 C
4 1 6.626 9.025 5.730 O
5 1 8.306 7.667 4.715 C
6 1 9.616 7.544 5.299 O
7 1 7.219 6.806 5.307 C
8 1 6.583 7.725 6.331 C
9 1 5.152 7.401 6.573 N
10 1 4.694 7.390 7.881 C
11 1 5.434 7.488 8.859 O
12 1 3.329 7.245 8.032 N
13 1 2.395 7.085 7.029 C
14 1 1.205 6.981 7.321 O
15 1 2.963 7.072 5.701 C
16 1 2.070 6.928 4.469 C
17 1 4.285 7.216 5.520 C
18 1 6.925 10.703 3.659 H
19 1 8.154 9.752 2.798 H
20 1 8.499 9.692 5.274 H
21 1 8.370 7.389 3.662 H
22 1 6.503 6.656 4.499 H
23 1 7.577 5.924 5.838 H
24 1 7.181 7.668 7.240 H
25 1 2.961 7.247 8.968 H
26 1 2.405 6.071 3.884 H
27 1 1.027 6.796 4.760 H
28 1 2.172 7.826 3.862 H
29 1 4.670 7.164 4.501 H
30 1 6.655 8.118 2.542 H
31 2 10.103 7.934 6.792 P
32 2 9.138 8.881 7.394 O
33 2 11.536 8.294 6.724 O
34 2 9.972 6.533 7.560 O
35 2 10.473 6.334 8.888 C
36 2 9.650 5.280 9.618 C
37 2 8.267 5.676 9.673 O
38 2 9.639 3.971 8.883 C
39 2 10.842 3.207 9.087 O
40 2 8.399 3.322 9.493 C
41 2 7.493 4.481 9.854 C
42 2 6.175 4.433 9.183 N
43 2 5.057 4.611 9.981 C
44 2 5.177 4.931 11.162 O
45 2 3.836 4.448 9.417 N
46 2 3.699 4.145 8.123 C
47 2 2.471 3.957 7.642 N
48 2 4.850 4.000 7.281 C
49 2 6.054 4.142 7.857 C
50 2 10.444 7.268 9.450 H
51 2 11.502 5.982 8.817 H
52 2 10.067 5.033 10.595 H
53 2 9.529 4.261 7.839 H
54 2 7.950 2.611 8.797 H
55 2 8.667 2.832 10.428 H
56 2 7.302 4.389 10.924 H
57 2 1.692 4.008 8.285 H
58 2 2.325 3.740 6.666 H
59 2 4.824 3.816 6.207 H
60 2 6.931 3.963 7.235 H
61 3 10.969 1.602 8.887 P
62 3 12.404 1.242 8.936 O
63 3 10.152 1.209 7.717 O
64 3 10.259 1.018 10.218 O
65 3 10.569 1.533 11.521 C
66 3 9.520 1.151 12.572 C
67 3 8.191 1.557 12.172 O
68 3 9.445 -0.345 12.875 C
69 3 9.291 -0.551 14.284 O
70 3 8.255 -0.760 12.047 C
71 3 7.315 0.416 12.227 C
72 3 6.275 0.482 11.162 N
73 3 6.416 0.354 9.805 C
74 3 5.349 0.552 9.096 N
75 3 4.383 0.800 10.065 C
76 3 2.989 1.016 9.909 C
77 3 2.342 1.122 8.873 O
78 3 2.344 1.133 11.124 N
79 3 2.963 1.072 12.352 C
80 3 2.159 1.193 13.405 N
81 3 4.280 0.886 12.513 N
82 3 4.928 0.751 11.329 C
83 3 10.600 2.620 11.459 H
84 3 11.548 1.169 11.832 H
85 3 9.744 1.650 13.514 H
86 3 10.349 -0.860 12.548 H
87 3 8.584 -0.800 11.008 H
88 3 7.800 -1.716 12.308 H
89 3 6.872 0.326 13.219 H
90 3 7.340 0.034 9.324 H
91 3 1.339 1.270 11.076 H
92 3 1.170 1.317 13.262 H
93 3 2.535 1.168 14.337 H
94 4 9.240 -2.033 14.920 P
95 4 9.910 -2.008 16.238 O
96 4 9.659 -3.019 13.897 O
97 4 7.662 -2.193 15.158 O
98 4 7.032 -1.545 16.267 C
99 4 5.527 -1.713 16.234 C
100 4 4.902 -1.074 15.106 O
101 4 5.116 -3.174 16.152 C
102 4 5.374 -3.849 17.391 O
103 4 3.643 -2.922 15.866 C
104 4 3.693 -1.803 14.815 C
105 4 3.526 -2.195 13.384 N
106 4 2.225 -2.281 12.888 C
107 4 1.250 -2.173 13.628 O
108 4 2.045 -2.509 11.561 N
109 4 3.091 -2.662 10.740 C
110 4 2.885 -2.777 9.428 N
111 4 4.431 -2.625 11.235 C
112 4 4.603 -2.378 12.551 C
113 4 7.265 -0.480 16.271 H
114 4 7.407 -1.998 17.185 H
115 4 5.096 -1.331 17.159 H
116 4 5.608 -3.693 15.330 H
117 4 3.038 -3.791 15.603 H
118 4 3.312 -2.487 16.809 H
119 4 2.861 -1.137 15.044 H
120 4 1.950 -2.738 9.053 H
121 4 3.673 -2.865 8.802 H
122 4 5.271 -2.831 10.574 H
123 4 5.626 -2.278 12.916 H
124 5 5.134 -5.433 17.557 P
125 5 5.500 -5.842 18.933 O
126 5 5.723 -6.129 16.392 O
127 5 3.537 -5.498 17.435 O
128 5 2.701 -4.714 18.294 C
129 5 1.232 -5.009 18.056 C
130 5 0.821 -4.681 16.721 O
131 5 0.912 -6.482 18.262 C
132 5 -0.439 -6.610 18.712 O
133 5 1.142 -7.007 16.845 C
134 5 0.505 -5.903 16.038 C
135 5 1.031 -5.809 14.662 N
136 5 2.317 -5.844 14.207 C
137 5 2.479 -5.664 12.931 N
138 5 1.166 -5.498 12.490 C
139 5 0.668 -5.297 11.181 C
140 5 1.286 -5.203 10.123 O
141 5 -0.714 -5.230 11.165 N
142 5 -1.532 -5.314 12.275 C
143 5 -2.846 -5.236 12.074 N
144 5 -1.065 -5.486 13.511 N
145 5 0.284 -5.582 13.540 C
146 5 2.880 -3.653 18.116 H
147 5 2.933 -4.952 19.332 H
148 5 0.618 -4.411 18.730 H
149 5 1.551 -6.927 19.025 H
150 5 2.190 -7.017 16.545 H
151 5 0.615 -7.938 16.635 H
152 5 -0.561 -6.132 16.029 H
153 5 3.158 -6.000 14.883 H
154 5 -1.103 -5.192 10.233 H
155 5 -3.200 -5.178 11.132 H
156 5 -3.482 -5.238 12.859 H
157 6 -0.900 -7.825 19.670 P
158 6 -1.484 -7.262 20.907 O
159 6 0.214 -8.795 19.767 O
160 6 -2.070 -8.524 18.820 O
161 6 -3.050 -7.860 18.006 C
162 6 -3.062 -8.494 16.609 C
163 6 -2.081 -8.086 15.639 O
164 6 -3.082 -9.998 16.613 C
165 6 -4.302 -10.374 16.013 O
166 6 -1.833 -10.348 15.842 C
167 6 -1.853 -9.247 14.826 C
168 6 -0.641 -9.152 13.999 N
169 6 0.657 -9.416 14.305 C
170 6 1.521 -9.230 13.349 N
171 6 0.702 -8.829 12.290 C
172 6 0.961 -8.509 10.951 C
173 6 2.174 -8.523 10.397 N
174 6 -0.093 -8.175 10.193 N
175 6 -1.316 -8.164 10.698 C
176 6 -1.680 -8.448 11.933 N
177 6 -0.608 -8.772 12.686 C
178 6 -2.862 -6.789 17.940 H
179 6 -4.050 -7.975 18.422 H
180 6 -4.063 -8.430 16.185 H
181 6 -3.149 -10.344 17.644 H
182 6 -4.919 -9.897 16.573 H
183 6 -0.951 -10.166 16.456 H
184 6 -1.855 -11.304 15.320 H
185 6 -2.685 -9.509 14.172 H
186 6 0.914 -9.808 15.289 H
187 6 2.265 -8.317 9.411 H
188 6 2.986 -8.758 10.949 H
189 6 -2.117 -7.885 10.014 H
191 7 -0.853 -10.099 1.447 O
192 7 -2.061 -10.844 1.614 C
193 7 -3.000 -10.212 2.647 C
194 7 -2.378 -10.140 3.940 O
195 7 -3.485 -8.801 2.303 C
196 7 -4.920 -8.674 2.292 O
197 7 -2.737 -7.929 3.279 C
198 7 -2.583 -8.832 4.487 C
199 7 -1.377 -8.500 5.292 N
200 7 -1.498 -8.468 6.672 C
201 7 -2.575 -8.554 7.260 O
202 7 -0.316 -8.316 7.367 N
203 7 0.948 -8.168 6.837 C
204 7 1.914 -8.056 7.591 O
205 7 0.978 -8.177 5.393 C
206 7 2.300 -8.047 4.638 C
207 7 -0.153 -8.328 4.686 C
208 7 -1.802 -11.848 1.953 H
209 7 -2.563 -10.912 0.649 H
210 7 -3.898 -10.819 2.760 H
211 7 -3.109 -8.537 1.315 H
212 7 -1.752 -7.788 2.836 H
213 7 -3.279 -7.041 3.603 H
214 7 -3.502 -8.764 5.068 H
215 7 -0.366 -8.304 8.371 H
216 7 2.238 -7.200 3.954 H
217 7 3.130 -7.908 5.329 H
218 7 2.455 -8.955 4.055 H
219 7 -0.083 -8.292 3.599 H
220 7 -1.088 -9.277 1.008 H
221 8 -5.980 -9.044 3.458 P
222 8 -5.352 -9.980 4.416 O
223 8 -7.259 -9.408 2.810 O
224 8 -6.172 -7.631 4.192 O
225 8 -7.176 -7.415 5.193 C
226 8 -6.723 -6.350 6.184 C
227 8 -5.487 -6.741 6.808 O
228 8 -6.407 -5.051 5.500 C
229 8 -7.584 -4.287 5.178 O
230 8 -5.525 -4.390 6.556 C
231 8 -4.852 -5.541 7.275 C
232 8 -3.375 -5.498 7.207 N
233 8 -2.685 -5.661 8.397 C
234 8 -3.284 -5.967 9.426 O
235 8 -1.340 -5.501 8.390 N
236 8 -0.682 -5.218 7.258 C
237 8 0.635 -5.033 7.320 N
238 8 -1.383 -5.088 6.014 C
239 8 -2.717 -5.225 6.044 C
240 8 -7.384 -8.342 5.730 H
241 8 -8.083 -7.068 4.699 H
242 8 -7.504 -6.091 6.897 H
243 8 -5.877 -5.356 4.597 H
244 8 -4.829 -3.688 6.098 H
245 8 -6.155 -3.888 7.291 H
246 8 -5.120 -5.434 8.326 H
247 8 1.082 -5.072 8.227 H
248 8 1.170 -4.830 6.488 H
249 8 -0.916 -4.919 5.044 H
250 8 -3.260 -5.058 5.114 H
251 9 -7.612 -2.685 4.922 P
252 9 -8.938 -2.329 4.369 O
253 9 -6.384 -2.306 4.187 O
254 9 -7.511 -2.079 6.418 O
255 9 -8.333 -2.577 7.484 C
256 9 -7.810 -2.177 8.869 C
257 9 -6.435 -2.586 9.059 O
258 9 -7.862 -0.678 9.155 C
259 9 -8.301 -0.451 10.499 O
260 9 -6.435 -0.271 8.885 C
261 9 -5.656 -1.442 9.453 C
262 9 -4.270 -1.520 8.912 N
263 9 -3.839 -1.412 7.617 C
264 9 -2.575 -1.616 7.412 N
265 9 -2.096 -1.849 8.697 C
266 9 -0.761 -2.062 9.131 C
267 9 0.254 -2.182 8.456 O
268 9 -0.674 -2.160 10.506 N
269 9 -1.744 -2.082 11.369 C
270 9 -1.447 -2.187 12.660 N
271 9 -3.010 -1.900 10.971 N
272 9 -3.113 -1.783 9.623 C
273 9 -8.340 -3.666 7.429 H
274 9 -9.353 -2.213 7.359 H
275 9 -8.405 -2.663 9.642 H
276 9 -8.548 -0.170 8.477 H
277 9 -6.306 -0.247 7.802 H
278 9 -6.125 0.690 9.296 H
279 9 -5.661 -1.336 10.538 H
280 9 -4.481 -1.102 6.792 H
281 9 0.260 -2.294 10.878 H
282 9 -0.486 -2.309 12.940 H
283 9 -2.172 -2.149 13.355 H
284 10 -8.511 1.041 11.078 P
285 10 -9.665 1.033 12.003 O
286 10 -8.467 2.011 9.960 O
287 10 -7.170 1.207 11.943 O
288 10 -7.057 0.577 13.222 C
289 10 -5.671 0.749 13.809 C
290 10 -4.640 0.095 13.049 O
291 10 -5.258 2.209 13.884 C
292 10 -6.002 2.902 14.897 O
293 10 -3.799 1.959 14.234 C
294 10 -3.416 0.824 13.272 C
295 10 -2.673 1.198 12.031 N
296 10 -1.282 1.281 12.114 C
297 10 -0.699 1.186 13.191 O
298 10 -0.571 1.490 10.976 N
299 10 -1.185 1.628 9.796 C
300 10 -0.456 1.724 8.683 N
301 10 -2.610 1.593 9.695 C
302 10 -3.310 1.363 10.826 C
303 10 -7.274 -0.489 13.145 H
304 10 -7.775 1.042 13.897 H
305 10 -5.662 0.382 14.836 H
306 10 -5.366 2.716 12.925 H
307 10 -3.137 2.824 14.232 H
308 10 -3.887 1.538 15.236 H
309 10 -2.754 0.164 13.832 H
310 10 0.549 1.683 8.727 H
311 10 -0.916 1.801 7.787 H
312 10 -3.103 1.787 8.742 H
313 10 -4.393 1.267 10.739 H
314 11 -5.847 4.489 15.126 P
315 11 -6.747 4.915 16.222 O
316 11 -5.902 5.166 13.811 O
317 11 -4.341 4.556 15.671 O
318 11 -3.936 3.786 16.811 C
319 11 -2.498 4.079 17.198 C
320 11 -1.578 3.737 16.151 O
321 11 -2.293 5.563 17.493 C
322 11 -1.243 5.699 18.456 O
323 11 -1.912 6.064 16.099 C
324 11 -1.002 4.950 15.642 C
325 11 -0.916 4.836 14.173 N
326 11 -1.900 4.859 13.227 C
327 11 -1.520 4.661 12.001 N
328 11 -0.144 4.493 12.143 C
329 11 0.849 4.275 11.158 C
330 11 0.723 4.164 9.941 O
331 11 2.113 4.211 11.717 N
332 11 2.402 4.315 13.063 C
333 11 3.683 4.237 13.421 N
334 11 1.468 4.503 13.993 N
335 11 0.227 4.595 13.463 C
336 11 -4.027 2.723 16.589 H
337 11 -4.576 4.037 17.656 H
338 11 -2.211 3.474 18.058 H
339 11 -3.180 6.038 17.912 H
340 11 -2.742 6.065 15.392 H
341 11 -1.343 6.993 16.111 H
342 11 -0.027 5.182 16.071 H
343 11 -2.944 5.022 13.495 H
344 11 2.851 4.159 11.033 H
345 11 4.392 4.170 12.707 H
346 11 3.940 4.252 14.398 H
347 12 -1.212 6.928 19.501 P
348 12 -1.192 6.384 20.877 O
349 12 -2.265 7.896 19.118 O
350 12 0.206 7.619 19.199 O
351 12 1.432 6.946 18.871 C
352 12 2.020 7.561 17.595 C
353 12 1.526 7.136 16.312 O
354 12 2.043 9.064 17.587 C
355 12 3.402 9.435 17.537 O
356 12 1.223 9.400 16.364 C
357 12 1.657 8.286 15.462 C
358 12 0.892 8.174 14.210 N
359 12 -0.415 8.439 13.951 C
360 12 -0.809 8.235 12.726 N
361 12 0.371 7.823 12.105 C
362 12 0.688 7.483 10.782 C
363 12 -0.189 7.486 9.777 N
364 12 1.959 7.142 10.529 N
365 12 2.865 7.142 11.494 C
366 12 2.688 7.444 12.765 N
367 12 1.402 7.776 13.005 C
368 12 1.285 5.873 18.748 H
369 12 2.172 7.070 19.662 H
370 12 3.108 7.496 17.621 H
371 12 1.679 9.425 18.548 H
372 12 3.732 8.967 18.308 H
373 12 0.165 9.224 16.563 H
374 12 1.461 10.349 15.886 H
375 12 2.686 8.541 15.206 H
376 12 -1.054 8.844 14.736 H
377 12 0.134 7.265 8.844 H
378 12 -1.156 7.726 9.942 H
379 12 3.877 6.856 11.206 H
