406
1 1 -4.939 8.061 5.830 O
2 1 -4.245 9.103 5.116 C
3 1 -3.617 10.138 6.053 C
4 1 -4.598 10.624 7.001 O
5 1 -2.472 9.560 6.855 C
6 1 -1.272 9.692 6.089 O
7 1 -2.516 10.450 8.076 C
8 1 -3.998 10.710 8.319 C
9 1 -4.624 9.754 9.280 N
10 1 -4.363 9.912 10.616 C
11 1 -3.727 10.869 11.056 O
12 1 -4.863 8.981 11.454 N
13 1 -5.595 7.942 11.039 C
14 1 -6.054 7.069 11.935 N
15 1 -5.892 7.769 9.669 C
16 1 -5.386 8.701 8.841 C
17 2 0.078 8.927 6.505 P
18 2 1.063 9.435 5.510 O
19 2 -0.450 7.540 6.430 O
20 2 0.613 9.182 8.008 O
21 2 1.187 10.442 8.403 C
22 2 1.201 10.615 9.928 C
23 2 -0.118 10.518 10.498 O
24 2 2.010 9.527 10.606 C
25 2 3.396 9.803 10.447 O
26 2 1.513 9.716 12.019 C
27 2 0.022 9.899 11.787 C
28 2 -0.783 8.640 11.914 N
29 2 -1.115 8.219 13.197 C
30 2 -0.650 8.735 14.210 O
31 2 -1.904 7.149 13.354 N
32 2 -2.362 6.475 12.311 C
33 2 -3.179 5.444 12.555 N
34 2 -2.016 6.868 10.967 C
35 2 -1.230 7.955 10.822 C
36 3 4.457 8.688 10.869 P
37 3 5.665 9.466 10.512 O
38 3 4.063 7.477 10.096 O
39 3 4.649 8.172 12.419 O
40 3 4.960 8.938 13.551 C
41 3 4.395 8.295 14.839 C
42 3 2.974 8.151 14.767 O
43 3 4.919 6.926 15.279 C
44 3 6.253 7.037 15.786 O
45 3 3.920 6.778 16.401 C
46 3 2.622 7.204 15.778 C
47 3 1.958 6.063 15.132 N
48 3 1.614 5.913 13.818 C
49 3 0.817 4.898 13.604 N
50 3 0.628 4.326 14.867 C
51 3 -0.186 3.228 15.260 C
52 3 -0.961 2.589 14.547 O
53 3 -0.112 2.996 16.634 N
54 3 0.661 3.749 17.519 C
55 3 0.655 3.445 18.823 N
56 3 1.414 4.785 17.144 N
57 3 1.344 5.019 15.806 C
58 4 7.300 5.791 16.073 P
59 4 8.559 6.508 16.344 O
60 4 7.267 4.848 14.931 O
61 4 6.849 5.017 17.456 O
62 4 6.996 5.511 18.814 C
63 4 6.502 4.490 19.842 C
64 4 5.099 4.266 19.661 O
65 4 7.122 3.099 19.639 C
66 4 8.464 2.960 20.165 O
67 4 6.114 2.193 20.276 C
68 4 4.821 2.857 19.884 C
69 4 4.251 2.277 18.656 N
70 4 4.261 2.773 17.381 C
71 4 3.502 2.114 16.549 N
72 4 2.963 1.094 17.327 C
73 4 2.029 0.077 16.978 C
74 4 1.513 -0.128 15.882 O
75 4 1.696 -0.715 18.087 N
76 4 2.206 -0.544 19.384 C
77 4 1.816 -1.378 20.370 N
78 4 3.085 0.421 19.685 N
79 4 3.417 1.191 18.618 C
80 5 9.517 1.971 19.410 P
81 5 10.563 2.425 20.381 O
82 5 9.796 1.953 17.954 O
83 5 8.887 0.544 19.871 O
84 5 9.078 -0.642 19.100 C
85 5 8.132 -1.729 19.590 C
86 5 6.779 -1.289 19.434 O
87 5 8.262 -2.993 18.753 C
88 5 9.418 -3.772 19.108 O
89 5 6.932 -3.625 18.967 C
90 5 6.022 -2.385 18.894 C
91 5 5.496 -2.052 17.536 N
92 5 4.460 -2.815 17.024 C
93 5 3.985 -3.740 17.681 O
94 5 3.974 -2.544 15.768 N
95 5 4.491 -1.557 15.023 C
96 5 4.022 -1.355 13.797 N
97 5 5.561 -0.750 15.528 C
98 5 6.023 -1.028 16.777 C
99 6 10.242 -4.463 17.908 P
100 6 11.334 -4.701 18.868 O
101 6 10.500 -3.766 16.635 O
102 6 9.415 -5.813 17.610 O
103 6 9.256 -6.822 18.607 C
104 6 8.200 -7.842 18.226 C
105 6 6.907 -7.251 18.043 O
106 6 8.527 -8.470 16.893 C
107 6 9.594 -9.429 16.948 O
108 6 7.174 -9.037 16.539 C
109 6 6.878 -10.190 17.312 O
110 6 6.268 -7.870 16.909 C
111 6 6.095 -6.898 15.791 N
112 6 6.735 -5.689 15.575 C
113 6 6.273 -5.023 14.550 N
114 6 5.252 -5.844 14.046 C
115 6 4.425 -5.678 12.905 C
116 6 4.401 -4.729 12.116 O
117 6 3.591 -6.766 12.697 N
118 6 3.547 -7.883 13.478 C
119 6 2.679 -8.829 13.139 N
120 6 4.316 -8.042 14.548 N
121 6 5.143 -6.993 14.784 C
122 7 10.687 -9.529 15.799 P
123 7 11.513 -10.501 16.539 O
124 7 11.286 -8.264 15.350 O
125 7 10.018 -10.282 14.537 O
126 7 9.515 -11.631 14.580 C
127 7 8.419 -11.894 13.524 C
128 7 7.409 -10.886 13.623 O
129 7 8.910 -11.717 12.137 C
130 7 9.552 -12.901 11.705 O
131 7 7.666 -11.429 11.416 C
132 7 6.902 -10.532 12.351 C
133 7 7.020 -9.087 12.038 N
134 7 6.226 -8.638 11.002 C
135 7 5.472 -9.391 10.397 O
136 7 6.354 -7.346 10.591 N
137 7 7.241 -6.508 11.156 C
138 7 7.360 -5.283 10.606 N
139 7 8.072 -6.952 12.247 C
140 7 7.924 -8.238 12.653 C
141 8 10.706 -12.674 10.589 P
142 8 11.297 -14.037 10.557 O
143 8 11.611 -11.512 10.647 O
144 8 9.783 -12.469 9.223 O
145 8 8.954 -13.507 8.645 C
146 8 8.053 -12.973 7.561 C
147 8 7.244 -11.909 8.070 O
148 8 8.756 -12.404 6.354 C
149 8 9.282 -13.454 5.535 O
150 8 7.532 -11.783 5.778 C
151 8 6.898 -11.064 6.978 C
152 8 7.451 -9.680 7.136 N
153 8 6.974 -8.692 6.261 C
154 8 6.103 -8.926 5.427 O
155 8 7.453 -7.432 6.356 N
156 8 8.372 -7.139 7.290 C
157 8 8.798 -5.880 7.381 N
158 8 8.881 -8.132 8.201 C
159 8 8.394 -9.385 8.087 C
160 9 10.462 -13.306 4.409 P
161 9 10.703 -14.727 4.076 O
162 9 11.557 -12.469 4.966 O
163 9 9.770 -12.592 3.136 O
164 9 8.766 -13.229 2.341 C
165 9 8.118 -12.226 1.399 C
166 9 7.536 -11.156 2.163 O
167 9 9.103 -11.515 0.464 C
168 9 9.495 -12.300 -0.690 O
169 9 8.204 -10.348 0.098 C
170 9 7.589 -9.920 1.435 C
171 9 8.402 -8.905 2.146 N
172 9 9.155 -9.058 3.265 C
173 9 9.756 -7.975 3.657 N
174 9 9.366 -7.024 2.732 C
175 9 9.701 -5.641 2.657 C
176 9 10.399 -5.025 3.465 O
177 9 9.094 -4.999 1.551 N
178 9 8.263 -5.627 0.637 C
179 9 7.725 -4.921 -0.367 N
180 9 7.963 -6.933 0.734 N
181 9 8.541 -7.573 1.798 C
182 10 10.943 -12.077 -1.385 P
183 10 10.651 -13.195 -2.328 O
184 10 12.172 -12.032 -0.576 O
185 10 10.695 -10.625 -2.076 O
186 10 9.905 -10.404 -3.263 C
187 10 10.055 -8.984 -3.839 C
188 10 9.652 -7.964 -2.909 O
189 10 11.492 -8.635 -4.233 C
190 10 11.828 -9.280 -5.483 O
191 10 11.342 -7.118 -4.290 C
192 10 10.430 -6.767 -3.095 C
193 10 11.150 -6.469 -1.811 N
194 10 11.604 -7.334 -0.825 C
195 10 12.167 -6.742 0.185 N
196 10 12.094 -5.385 -0.146 C
197 10 12.608 -4.244 0.555 C
198 10 13.308 -4.208 1.576 O
199 10 12.355 -3.077 -0.144 N
200 10 11.720 -3.003 -1.365 C
201 10 11.568 -1.780 -1.883 N
202 10 11.249 -4.069 -2.034 N
203 10 11.471 -5.216 -1.359 C
205 11 13.300 4.713 3.394 O
206 11 13.444 5.740 2.380 C
207 11 13.043 5.261 0.966 C
208 11 13.948 4.285 0.423 O
209 11 11.700 4.575 1.043 C
210 11 10.671 5.567 1.185 O
211 11 11.752 3.751 -0.211 C
212 11 13.181 3.221 -0.190 C
213 11 13.374 1.936 0.558 N
214 11 12.831 0.771 0.040 C
215 11 12.121 0.769 -0.972 O
216 11 13.083 -0.399 0.701 N
217 11 13.829 -0.447 1.824 C
218 11 14.023 -1.622 2.448 N
219 11 14.393 0.751 2.369 C
220 11 14.133 1.896 1.702 C
221 12 9.162 5.185 1.579 P
222 12 8.086 6.203 1.600 O
223 12 9.710 4.648 2.849 O
224 12 8.571 3.969 0.693 O
225 12 8.103 4.142 -0.654 C
226 12 7.850 2.787 -1.296 C
227 12 8.988 1.905 -1.167 O
228 12 6.717 2.067 -0.629 C
229 12 5.419 2.630 -0.954 O
230 12 7.008 0.655 -1.103 C
231 12 8.518 0.541 -1.017 C
232 12 9.046 -0.084 0.252 N
233 12 9.051 -1.494 0.380 C
234 12 8.472 -2.264 -0.400 O
235 12 9.639 -2.037 1.469 N
236 12 10.179 -1.257 2.412 C
237 12 10.762 -1.852 3.442 N
238 12 10.169 0.179 2.320 C
239 12 9.596 0.714 1.224 C
240 13 4.251 2.434 0.168 P
241 13 3.166 3.134 -0.556 O
242 13 4.712 2.969 1.479 O
243 13 3.776 0.901 0.370 O
244 13 3.125 0.174 -0.680 C
245 13 3.114 -1.333 -0.429 C
246 13 4.432 -1.840 -0.258 O
247 13 2.466 -1.727 0.874 C
248 13 1.025 -1.556 0.885 O
249 13 2.934 -3.157 0.846 C
250 13 4.397 -3.042 0.518 C
251 13 5.230 -2.955 1.750 N
252 13 5.830 -1.862 2.339 C
253 13 6.549 -2.153 3.401 N
254 13 6.410 -3.533 3.533 C
255 13 6.890 -4.398 4.536 C
256 13 7.585 -4.086 5.481 O
257 13 6.470 -5.721 4.366 N
258 13 5.656 -6.156 3.333 C
259 13 5.292 -7.437 3.252 N
260 13 5.203 -5.330 2.394 N
261 13 5.613 -4.036 2.543 C
262 14 0.197 -1.511 2.283 P
263 14 -1.048 -1.282 1.523 O
264 14 0.679 -0.540 3.311 O
265 14 0.201 -3.014 2.879 O
266 14 -0.423 -4.073 2.137 C
267 14 -0.111 -5.450 2.714 C
268 14 1.308 -5.608 2.876 O
269 14 -0.689 -5.634 4.079 C
270 14 -2.084 -5.995 3.963 O
271 14 0.234 -6.718 4.605 C
272 14 1.586 -6.388 4.027 C
273 14 2.442 -5.601 4.915 N
274 14 2.776 -4.274 4.847 C
275 14 3.587 -3.904 5.804 N
276 14 3.804 -5.051 6.555 C
277 14 4.633 -5.263 7.703 C
278 14 5.343 -4.446 8.299 O
279 14 4.593 -6.591 8.131 N
280 14 3.849 -7.583 7.524 C
281 14 3.833 -8.779 8.095 N
282 14 3.083 -7.383 6.443 N
283 14 3.104 -6.097 6.014 C
284 15 -3.094 -5.556 5.155 P
285 15 -4.468 -5.728 4.648 O
286 15 -2.647 -4.215 5.610 O
287 15 -2.930 -6.501 6.433 O
288 15 -3.220 -7.889 6.260 C
289 15 -2.597 -8.762 7.338 C
290 15 -1.164 -8.699 7.273 O
291 15 -2.952 -8.304 8.738 C
292 15 -4.286 -8.644 9.191 O
293 15 -1.839 -8.992 9.483 C
294 15 -0.624 -8.809 8.592 C
295 15 0.154 -7.618 8.998 N
296 15 1.102 -7.802 10.006 C
297 15 1.240 -8.918 10.538 O
298 15 1.849 -6.693 10.383 N
299 15 1.664 -5.478 9.807 C
300 15 2.458 -4.443 10.132 N
301 15 0.678 -5.304 8.788 C
302 15 -0.038 -6.390 8.418 C
303 16 -4.974 -7.519 10.167 P
304 16 -6.117 -8.382 9.798 O
305 16 -5.010 -6.023 10.102 O
306 16 -4.446 -7.947 11.599 O
307 16 -4.519 -9.224 12.208 C
308 16 -3.638 -9.152 13.454 C
309 16 -2.339 -8.764 13.044 O
310 16 -3.977 -8.026 14.434 C
311 16 -5.146 -8.226 15.282 O
312 16 -2.681 -7.937 15.219 C
313 16 -2.581 -9.044 16.115 O
314 16 -1.644 -8.115 14.127 C
315 16 -1.041 -6.833 13.689 N
316 16 -1.408 -6.083 12.616 C
317 16 -0.679 -5.023 12.430 N
318 16 0.255 -5.069 13.460 C
319 16 1.270 -4.133 13.794 C
320 16 1.525 -3.075 13.227 O
321 16 1.950 -4.489 14.945 N
322 16 1.676 -5.610 15.702 C
323 16 2.375 -5.770 16.805 N
324 16 0.720 -6.502 15.394 N
325 16 0.045 -6.172 14.251 C
326 17 -5.825 -6.859 15.787 P
327 17 -6.918 -7.746 16.210 O
328 17 -6.152 -5.592 15.092 O
329 17 -4.979 -6.417 17.104 O
330 17 -4.935 -7.197 18.297 C
331 17 -3.851 -6.726 19.262 C
332 17 -2.578 -6.648 18.593 O
333 17 -4.076 -5.354 19.840 C
334 17 -5.003 -5.310 20.919 O
335 17 -2.688 -5.062 20.315 C
336 17 -1.820 -5.547 19.143 C
337 17 -1.566 -4.483 18.112 N
338 17 -0.513 -3.602 18.313 C
339 17 0.119 -3.575 19.375 O
340 17 -0.215 -2.711 17.311 N
341 17 -0.926 -2.671 16.169 C
342 17 -0.584 -1.805 15.225 N
343 17 -2.032 -3.554 15.954 C
344 17 -2.310 -4.437 16.943 C
345 18 -6.041 -4.066 20.972 P
346 18 -6.730 -4.646 22.146 O
347 18 -6.807 -3.724 19.742 O
348 18 -5.178 -2.799 21.437 O
349 18 -4.576 -2.665 22.703 C
350 18 -3.577 -1.538 22.603 C
351 18 -2.697 -1.834 21.538 O
352 18 -4.152 -0.176 22.257 C
353 18 -4.687 0.490 23.416 O
354 18 -2.879 0.477 21.857 C
355 18 -2.170 -0.582 21.063 C
356 18 -2.353 -0.314 19.617 N
357 18 -1.522 0.635 19.040 C
358 18 -0.657 1.214 19.689 O
359 18 -1.711 0.953 17.739 N
360 18 -2.685 0.353 17.042 C
361 18 -2.861 0.719 15.781 N
362 18 -3.549 -0.635 17.596 C
363 18 -3.345 -0.935 18.889 C
364 19 -5.641 1.788 23.249 P
365 19 -6.277 1.909 24.573 O
366 19 -6.482 1.611 22.052 O
367 19 -4.790 3.118 22.954 O
368 19 -3.844 3.660 23.838 C
369 19 -2.888 4.556 23.070 C
370 19 -2.290 3.873 21.978 O
371 19 -3.475 5.785 22.469 C
372 19 -3.723 6.744 23.500 O
373 19 -2.300 6.147 21.631 C
374 19 -1.959 4.834 20.965 C
375 19 -2.729 4.574 19.707 N
376 19 -3.686 3.600 19.430 C
377 19 -4.059 3.541 18.174 N
378 19 -3.289 4.551 17.579 C
379 19 -3.246 4.964 16.235 C
380 19 -3.810 4.455 15.266 O
381 19 -2.380 6.037 16.062 N
382 19 -1.642 6.643 17.047 C
383 19 -0.939 7.721 16.703 N
384 19 -1.663 6.240 18.308 N
385 19 -2.501 5.196 18.501 C
386 20 -4.723 7.975 23.237 P
387 20 -4.683 8.580 24.587 O
388 20 -6.013 7.656 22.583 O
389 20 -3.810 8.876 22.223 O
390 20 -2.665 9.676 22.569 C
391 20 -2.300 10.685 21.445 C
392 20 -1.908 9.978 20.256 O
393 20 -3.449 11.663 21.038 C
394 20 -3.495 12.880 21.832 O
395 20 -2.999 11.975 19.643 C
396 20 -2.436 10.668 19.110 C
397 20 -3.395 9.828 18.314 N
398 20 -4.233 8.828 18.742 C
399 20 -4.861 8.210 17.770 N
400 20 -4.407 8.848 16.608 C
401 20 -4.793 8.659 15.248 C
402 20 -5.482 7.759 14.766 O
403 20 -4.201 9.587 14.408 N
404 20 -3.325 10.565 14.810 C
405 20 -2.859 11.402 13.871 N
406 20 -2.945 10.720 16.090 N
407 20 -3.523 9.839 16.932 C
