1028
1 1 1.462 19.626 22.320 N
2 1 1.782 20.433 21.160 C
3 1 3.118 19.987 20.597 C
4 1 3.906 19.430 21.372 O
5 1 1.850 21.894 21.535 C
6 1 3.010 22.432 22.346 C
7 1 3.546 23.600 21.541 C
8 1 4.135 24.603 22.479 C
9 1 4.609 25.746 21.740 N
10 2 3.347 20.146 19.288 N
11 2 4.609 19.736 18.659 C
12 2 5.357 21.038 18.394 C
13 2 4.877 21.955 17.708 O
14 2 4.352 18.947 17.310 C
15 2 5.688 18.434 16.747 C
16 2 3.444 17.749 17.552 C
17 3 6.482 21.167 19.093 N
18 3 7.321 22.340 18.977 C
19 3 8.052 22.304 17.662 C
20 3 8.298 21.246 17.088 O
21 3 8.389 22.395 20.070 C
22 3 7.938 22.921 21.428 C
23 3 7.202 22.139 22.303 C
24 3 8.304 24.199 21.783 C
25 3 6.853 22.652 23.532 C
26 3 7.955 24.694 23.005 C
27 3 7.236 23.930 23.883 C
28 4 8.355 23.472 17.135 N
29 4 9.297 23.539 16.051 C
30 4 10.674 23.606 16.734 C
31 4 10.817 24.022 17.894 O
32 4 9.035 24.792 15.220 C
33 4 7.813 24.670 14.312 C
34 4 7.767 25.752 13.239 C
35 4 7.618 26.938 13.593 O
36 4 7.887 25.397 12.056 O
37 5 11.719 23.245 16.008 N
38 5 13.067 23.135 16.552 C
39 5 13.604 24.383 17.264 C
40 5 13.889 24.315 18.457 O
41 5 14.032 22.713 15.415 C
42 5 15.431 22.371 15.883 C
43 5 16.276 21.949 14.683 C
44 5 16.362 22.934 13.603 N
45 5 17.333 23.869 13.491 C
46 5 18.304 23.991 14.402 N
47 5 17.310 24.719 12.454 N
48 6 13.689 25.538 16.598 N
49 6 14.237 26.706 17.228 C
50 6 13.307 27.274 18.281 C
51 6 13.763 27.819 19.288 O
52 6 14.574 27.745 16.141 C
53 6 16.002 27.183 15.164 S
54 7 11.993 27.085 18.152 N
55 7 11.056 27.495 19.169 C
56 7 11.393 26.767 20.474 C
57 7 11.519 27.397 21.535 O
58 7 9.686 27.146 18.669 C
59 7 8.566 27.409 19.686 C
60 7 7.196 26.816 19.351 C
61 7 7.076 25.942 18.490 O
62 7 6.242 27.262 19.981 O
63 8 11.605 25.452 20.398 N
64 8 11.959 24.713 21.578 C
65 8 13.329 25.116 22.098 C
66 8 13.506 25.232 23.310 O
67 8 11.907 23.227 21.256 C
68 8 12.261 22.243 22.376 C
69 8 11.422 22.512 23.612 C
70 8 12.124 20.836 21.853 C
71 9 14.346 25.336 21.266 N
72 9 15.677 25.703 21.773 C
73 9 15.660 26.999 22.605 C
74 9 16.208 27.091 23.705 O
75 9 16.613 25.862 20.564 C
76 10 14.940 28.033 22.118 N
77 10 14.774 29.286 22.856 C
78 10 14.020 29.109 24.178 C
79 10 14.369 29.708 25.215 O
80 10 14.049 30.264 21.955 C
81 10 15.048 30.753 20.875 C
82 10 14.449 31.958 20.110 C
83 10 13.204 31.603 19.414 N
84 10 13.221 31.236 18.129 C
85 10 14.363 31.132 17.440 N
86 10 12.090 30.955 17.522 N
87 11 13.004 28.240 24.165 N
88 11 12.227 27.929 25.354 C
89 11 13.107 27.250 26.398 C
90 11 13.055 27.611 27.587 O
91 11 11.034 27.018 24.970 C
92 11 10.205 27.715 24.052 O
93 11 10.205 26.651 26.179 C
94 12 13.912 26.241 26.010 N
95 12 14.809 25.587 26.971 C
96 12 15.871 26.559 27.521 C
97 12 16.225 26.529 28.701 O
98 12 15.488 24.352 26.279 C
99 12 14.620 23.135 25.904 C
100 12 15.425 22.010 25.215 C
101 12 13.963 22.658 27.167 C
102 13 16.453 27.433 26.683 N
103 13 17.430 28.424 27.080 C
104 13 16.825 29.298 28.170 C
105 13 17.418 29.543 29.224 O
106 13 17.801 29.304 25.881 C
107 13 18.886 30.374 26.136 C
108 13 18.635 31.536 25.156 C
109 13 17.316 32.343 25.348 C
110 13 17.384 33.266 26.481 N
111 14 15.614 29.793 27.919 N
112 14 14.877 30.613 28.873 C
113 14 14.671 29.940 30.225 C
114 14 14.757 30.564 31.285 O
115 14 13.558 30.918 28.253 C
116 14 13.135 32.318 28.578 C
117 14 11.730 32.502 28.074 C
118 14 11.702 32.404 26.640 N
119 14 10.834 31.621 25.977 C
120 14 9.903 30.888 26.587 N
121 14 10.874 31.585 24.645 N
122 15 14.369 28.644 30.175 N
123 15 14.078 27.837 31.371 C
124 15 15.340 27.329 32.057 C
125 15 15.237 26.522 32.974 O
126 15 13.181 26.614 31.013 C
127 15 11.770 26.993 30.529 C
128 15 10.948 25.783 30.075 C
129 15 11.102 27.715 31.709 C
130 16 16.528 27.776 31.626 N
131 16 17.767 27.507 32.322 C
132 16 18.469 26.186 32.033 C
133 16 19.252 25.697 32.872 O
134 17 18.189 25.611 30.867 N
135 17 18.726 24.297 30.572 C
136 17 20.097 24.334 29.959 C
137 17 20.811 23.331 29.959 O
138 17 17.813 23.569 29.615 C
139 17 16.505 23.190 30.258 C
140 17 16.716 21.888 31.460 S
141 17 15.979 20.647 30.460 C
142 18 20.542 25.465 29.426 N
143 18 21.833 25.465 28.760 C
144 18 22.981 25.361 29.737 C
145 18 23.215 26.247 30.549 O
146 18 21.987 26.730 27.895 C
147 18 23.209 26.669 26.958 C
148 18 23.678 25.581 26.603 O
149 18 23.695 27.721 26.560 O
150 19 23.666 24.224 29.718 N
151 19 24.803 24.028 30.579 C
152 19 24.369 23.533 31.917 C
153 19 25.191 23.435 32.825 O
154 20 23.112 23.123 32.090 N
155 20 22.638 22.664 33.395 C
156 20 23.341 21.338 33.697 C
157 20 23.346 20.414 32.891 O
158 20 21.096 22.499 33.378 C
159 20 20.617 22.126 34.767 C
160 20 20.360 23.117 35.708 C
161 20 20.468 20.787 35.118 C
162 20 19.960 22.768 36.986 C
163 20 20.068 20.439 36.393 C
164 20 19.823 21.436 37.311 C
165 20 19.423 21.105 38.577 O
166 21 23.963 21.234 34.869 N
167 21 24.769 20.090 35.303 C
168 21 25.796 19.693 34.197 C
169 21 26.099 18.513 33.948 O
170 21 23.741 18.984 35.701 C
171 21 23.900 18.250 37.033 C
172 21 24.340 19.094 38.239 C
173 21 23.444 20.182 38.596 N
174 21 22.890 20.298 39.822 C
175 21 23.129 19.400 40.790 N
176 21 22.050 21.325 40.091 N
177 22 26.390 20.696 33.504 N
178 22 27.350 20.469 32.438 C
179 22 26.756 20.054 31.116 C
180 22 27.521 19.687 30.215 O
181 23 25.425 20.072 30.930 N
182 23 24.809 19.565 29.704 C
183 23 24.409 20.684 28.760 C
184 23 23.546 21.515 29.095 O
185 23 23.569 18.733 30.046 C
186 23 23.883 17.620 31.016 C
187 23 23.107 18.055 28.800 C
188 23 22.621 16.966 31.633 C
189 24 24.974 20.684 27.567 N
190 24 24.711 21.753 26.617 C
191 24 23.278 21.723 26.096 C
192 24 22.667 20.659 26.073 O
193 24 25.694 21.631 25.441 C
194 24 25.380 20.500 24.626 O
195 25 22.718 22.842 25.603 N
196 25 21.388 22.878 24.980 C
197 25 21.245 21.845 23.840 C
198 25 20.217 21.179 23.708 O
199 25 21.113 24.254 24.374 C
200 25 19.954 25.086 24.741 C
201 25 19.674 25.984 23.569 C
202 25 18.726 24.260 24.947 C
203 26 22.261 21.729 22.959 N
204 26 22.250 20.818 21.843 C
205 26 22.033 19.375 22.300 C
206 26 21.308 18.660 21.631 O
207 26 23.552 20.953 21.100 C
208 27 22.553 18.953 23.469 N
209 27 22.336 17.620 24.006 C
210 27 20.879 17.431 24.453 C
211 27 20.234 16.398 24.201 O
212 27 23.307 17.437 25.149 C
213 27 24.631 16.960 24.582 C
214 27 24.666 15.982 23.830 O
215 27 25.751 17.614 24.861 N
216 28 20.308 18.458 25.096 N
217 28 18.903 18.415 25.497 C
218 28 18.012 18.360 24.278 C
219 28 17.007 17.639 24.284 O
220 28 18.555 19.644 26.305 C
221 28 19.120 19.687 27.720 C
222 28 20.017 20.665 28.071 C
223 28 18.778 18.874 28.780 C
224 28 20.228 20.488 29.353 N
225 28 19.514 19.442 29.810 C
226 28 17.978 17.779 29.015 C
227 28 19.469 18.953 31.096 C
228 28 17.921 17.272 30.307 C
229 28 18.658 17.859 31.324 C
230 29 18.378 19.063 23.204 N
231 29 17.613 19.088 21.975 C
232 29 17.670 17.730 21.296 C
233 29 16.619 17.205 20.879 O
234 29 18.144 20.146 20.994 C
235 29 17.784 21.582 21.385 C
236 29 16.014 21.967 21.332 S
237 29 15.785 22.004 19.580 C
238 30 18.858 17.137 21.167 N
239 30 18.995 15.774 20.666 C
240 30 18.104 14.777 21.445 C
241 30 17.361 13.977 20.865 O
242 30 20.457 15.358 20.782 C
243 30 20.759 13.818 19.885 S
244 31 18.058 14.900 22.767 N
245 31 17.287 14.013 23.575 C
246 31 15.825 14.233 23.294 C
247 31 15.203 13.237 22.962 O
248 31 17.567 14.252 25.050 C
249 31 16.739 13.530 26.126 C
250 31 17.133 12.051 26.090 C
251 31 17.002 14.117 27.505 C
252 32 15.208 15.438 23.320 N
253 32 13.769 15.578 23.058 C
254 32 13.364 15.126 21.654 C
255 32 12.301 14.539 21.409 O
256 32 13.369 17.027 23.251 C
257 33 14.289 15.352 20.726 N
258 33 14.158 14.985 19.335 C
259 33 13.952 13.475 19.249 C
260 33 12.901 13.023 18.775 O
261 33 15.442 15.444 18.612 C
262 33 15.757 14.845 17.264 C
263 33 14.757 15.181 16.234 C
264 33 15.186 14.343 15.038 C
265 33 14.346 14.637 13.891 N
266 34 14.911 12.711 19.752 N
267 34 14.791 11.280 19.663 C
268 34 13.821 10.687 20.670 C
269 34 13.329 9.587 20.445 O
270 34 16.179 10.699 19.798 C
271 34 16.996 11.103 18.573 C
272 34 17.990 12.044 18.616 C
273 34 16.785 10.614 17.310 C
274 34 18.389 12.161 17.370 N
275 34 17.704 11.335 16.572 C
276 34 15.945 9.678 16.731 C
277 34 17.795 11.140 15.210 C
278 34 16.031 9.471 15.362 C
279 34 16.950 10.204 14.620 C
280 35 13.444 11.366 21.737 N
281 35 12.496 10.803 22.664 C
282 35 11.108 10.950 22.171 C
283 35 10.297 10.045 22.296 O
284 35 12.553 11.470 24.049 C
285 35 13.701 11.023 24.983 C
286 35 13.826 9.501 25.262 C
287 35 12.884 8.718 25.089 O
288 35 14.911 9.085 25.672 O
289 36 10.782 12.118 21.684 N
290 36 9.395 12.350 21.349 C
291 36 9.172 13.035 20.030 C
292 36 8.018 13.243 19.649 O
293 36 8.772 13.182 22.469 C
294 36 9.320 14.515 22.505 O
295 37 10.223 13.451 19.302 N
296 37 10.040 14.264 18.106 C
297 37 9.440 15.621 18.480 C
298 37 8.624 16.196 17.741 O
299 38 9.829 16.067 19.686 N
300 38 9.417 17.333 20.292 C
301 38 7.915 17.437 20.544 C
302 38 7.361 18.538 20.537 O
303 38 9.823 18.593 19.434 C
304 38 11.239 18.629 18.848 C
305 38 12.341 18.476 19.643 C
306 38 11.422 18.862 17.503 C
307 38 13.609 18.556 19.119 C
308 38 12.696 18.929 16.966 C
309 38 13.781 18.776 17.787 C
310 38 15.077 18.831 17.284 O
311 39 7.276 16.324 20.869 N
312 39 5.854 16.300 21.091 C
313 39 5.534 16.135 22.588 C
314 39 5.842 15.095 23.184 O
315 39 5.294 15.169 20.242 C
316 39 3.786 14.936 20.401 C
317 39 3.032 15.743 20.938 O
318 39 3.255 13.824 19.964 N
319 40 4.906 17.125 23.241 N
320 40 4.517 17.082 24.659 C
321 40 3.461 16.067 25.079 C
322 40 3.289 15.792 26.265 O
323 40 4.020 18.470 25.103 C
324 40 2.970 18.831 24.221 O
325 40 5.088 19.559 24.960 C
326 41 2.736 15.572 24.079 N
327 41 1.616 14.637 24.251 C
328 41 2.044 13.163 24.155 C
329 41 1.268 12.222 24.377 O
330 41 0.520 14.955 23.161 C
331 41 0.006 16.422 23.121 C
332 41 -0.685 16.942 21.806 C
333 41 0.160 17.413 20.673 N
334 41 -0.354 18.024 19.567 C
335 41 -1.645 18.305 19.398 N
336 41 0.440 18.409 18.573 N
337 42 3.318 12.931 23.791 N
338 42 3.878 11.586 23.635 C
339 42 3.769 10.693 24.871 C
340 42 4.175 11.072 25.981 O
341 42 5.385 11.659 23.254 C
342 43 3.238 9.483 24.751 N
343 43 3.289 8.572 25.884 C
344 43 3.684 7.227 25.325 C
345 43 3.301 6.897 24.188 O
346 43 1.953 8.388 26.597 C
347 43 1.039 8.125 25.560 O
348 43 1.502 9.556 27.402 C
349 44 4.483 6.462 26.053 N
350 44 4.826 5.130 25.600 C
351 44 4.620 4.182 26.786 C
352 44 5.248 4.335 27.829 O
353 44 6.271 5.154 25.119 C
354 44 6.882 3.760 24.937 C
355 44 6.773 3.161 23.873 O
356 44 7.550 3.167 25.924 N
357 45 3.735 3.191 26.716 N
358 45 3.541 2.274 27.816 C
359 45 4.483 1.113 27.594 C
360 45 4.614 0.611 26.474 O
361 45 2.096 1.810 27.816 C
362 45 1.805 0.679 28.787 C
363 45 1.942 0.893 30.138 C
364 45 1.422 -0.550 28.280 C
365 45 1.696 -0.135 31.020 C
366 45 1.182 -1.577 29.164 C
367 45 1.319 -1.357 30.523 C
368 45 1.114 -2.385 31.404 O
369 46 5.100 0.605 28.651 N
370 46 6.139 -0.410 28.528 C
371 46 5.562 -1.584 29.264 C
372 46 5.585 -1.694 30.496 O
373 46 7.424 0.006 29.221 C
374 46 8.001 1.357 28.767 C
375 46 8.624 1.516 27.713 O
376 46 7.761 2.421 29.532 N
377 47 5.071 -2.507 28.459 N
378 47 4.289 -3.662 28.926 C
379 47 5.014 -4.708 29.774 C
380 47 4.403 -5.374 30.615 O
381 47 3.678 -4.384 27.717 C
382 48 6.316 -4.818 29.529 N
383 48 7.190 -5.686 30.291 C
384 48 7.321 -5.283 31.748 C
385 48 7.544 -6.139 32.613 O
386 49 7.236 -3.986 32.083 N
387 49 7.379 -3.620 33.478 C
388 49 6.259 -2.727 34.031 C
389 49 6.373 -2.219 35.134 O
390 49 8.732 -2.984 33.607 C
391 49 8.721 -1.498 33.282 C
392 49 8.229 -1.095 32.239 O
393 49 9.172 -0.734 34.127 O
394 50 5.180 -2.519 33.272 N
395 50 3.980 -1.767 33.650 C
396 50 4.163 -0.269 33.925 C
397 50 3.427 0.348 34.704 O
398 50 3.312 -2.440 34.879 C
399 50 2.901 -3.913 34.641 C
400 50 2.210 -4.488 35.890 C
401 50 1.845 -5.894 35.727 N
402 50 0.805 -6.383 35.008 C
403 50 -0.069 -5.601 34.366 N
404 50 0.634 -7.710 34.929 N
405 51 5.140 0.336 33.266 N
406 51 5.385 1.730 33.498 C
407 51 5.100 2.470 32.196 C
408 51 5.100 1.846 31.129 O
409 51 6.842 1.883 33.958 C
410 51 7.761 1.645 32.901 O
411 52 4.946 3.803 32.196 N
412 52 4.694 4.567 30.993 C
413 52 5.665 5.747 31.000 C
414 52 6.019 6.303 32.067 O
415 52 3.238 5.032 31.036 C
416 52 2.473 3.846 31.126 O
417 52 2.821 5.863 29.844 C
418 53 6.122 6.138 29.824 N
419 53 6.990 7.306 29.641 C
420 53 6.099 8.413 29.118 C
421 53 5.277 8.187 28.227 O
422 53 8.058 7.062 28.611 C
423 53 8.926 5.851 28.959 C
424 53 9.520 5.796 30.036 O
425 53 9.023 4.958 28.131 O
426 54 6.265 9.574 29.731 N
427 54 5.437 10.754 29.499 C
428 54 6.139 12.002 28.966 C
429 54 7.201 12.399 29.472 O
430 54 4.763 11.152 30.791 C
431 54 3.735 10.167 31.308 C
432 54 2.433 10.284 30.877 C
433 54 4.112 9.159 32.192 C
434 54 1.502 9.391 31.334 C
435 54 3.170 8.266 32.656 C
436 54 1.867 8.388 32.219 C
437 54 0.897 7.508 32.679 O
438 55 5.545 12.583 27.929 N
439 55 5.888 13.921 27.481 C
440 55 7.070 14.032 26.564 C
441 55 7.607 13.017 26.063 O
442 56 7.493 15.303 26.444 N
443 56 8.555 15.640 25.503 C
444 56 9.920 14.949 25.788 C
445 56 10.697 14.661 24.844 O
446 56 8.635 17.199 25.470 C
447 56 9.520 17.608 24.291 C
448 56 9.206 17.761 26.782 C
449 56 9.120 18.990 23.724 C
450 57 10.234 14.686 27.067 N
451 57 11.456 13.989 27.481 C
452 57 11.262 12.521 27.806 C
453 57 12.176 11.861 28.273 O
454 57 12.022 14.631 28.701 C
455 57 12.541 16.043 28.442 C
456 57 13.495 16.269 27.452 C
457 57 12.044 17.095 29.194 C
458 57 13.929 17.565 27.206 C
459 57 12.484 18.397 28.946 C
460 57 13.426 18.623 27.958 C
461 58 10.046 11.996 27.597 N
462 58 9.703 10.614 27.948 C
463 58 10.194 10.174 29.333 C
464 58 10.994 9.256 29.522 O
465 58 10.257 9.752 26.845 C
466 58 9.492 9.984 25.556 C
467 58 8.064 9.409 25.600 C
468 58 7.841 8.217 25.421 O
469 58 7.042 10.223 25.855 N
470 59 9.686 10.858 30.350 N
471 59 10.080 10.620 31.722 C
472 59 9.172 9.532 32.265 C
473 59 7.944 9.532 32.086 O
474 59 9.983 11.971 32.484 C
475 59 11.131 12.888 32.033 C
476 59 10.091 11.751 34.001 C
477 59 11.028 14.325 32.583 C
478 60 9.840 8.578 32.888 N
479 60 9.223 7.324 33.349 C
480 60 8.429 7.331 34.661 C
481 60 8.920 7.862 35.678 O
482 60 10.331 6.285 33.428 C
483 60 9.771 4.885 33.617 C
484 60 9.594 4.420 34.737 O
485 60 9.452 4.145 32.567 N
486 61 7.241 6.695 34.714 N
487 61 6.419 6.682 35.929 C
488 61 6.847 5.814 37.116 C
489 61 6.248 5.863 38.202 O
490 61 5.014 6.291 35.558 C
491 61 4.997 5.038 34.902 O
492 62 7.853 4.928 36.960 N
493 62 8.389 4.182 38.086 C
494 62 9.189 5.099 39.004 C
495 62 9.046 5.105 40.226 O
496 62 9.297 3.094 37.573 C
497 62 9.948 2.231 38.659 C
498 62 10.491 0.984 37.950 C
499 62 9.377 0.373 37.238 N
500 62 8.401 -0.232 37.931 C
501 62 8.561 -0.471 39.233 N
502 62 7.304 -0.667 37.311 N
503 63 10.063 5.906 38.421 N
504 63 10.931 6.719 39.252 C
505 63 10.565 8.174 39.461 C
506 63 10.788 8.725 40.544 O
507 63 12.307 6.701 38.693 C
508 63 12.798 5.307 38.431 C
509 63 13.175 4.500 39.494 C
510 63 12.844 4.867 37.122 C
511 63 13.621 3.210 39.233 C
512 63 13.289 3.583 36.864 C
513 63 13.678 2.763 37.921 C
514 63 14.157 1.492 37.646 O
515 64 10.028 8.841 38.437 N
516 64 9.960 10.265 38.494 C
517 64 8.618 10.864 38.689 C
518 64 8.509 11.782 39.508 O
519 64 10.582 10.797 37.251 C
520 64 11.987 10.247 37.069 C
521 64 12.204 9.354 36.055 C
522 64 13.112 10.485 37.841 C
523 64 13.478 9.006 36.185 N
524 64 14.060 9.648 37.232 C
525 64 13.512 11.237 38.938 C
526 64 15.380 9.568 37.709 C
527 64 14.820 11.152 39.401 C
528 64 15.751 10.326 38.799 C
529 65 7.607 10.400 37.990 N
530 65 6.316 11.023 38.169 C
531 65 5.317 10.002 38.613 C
532 65 5.557 8.810 38.434 O
533 65 5.899 11.672 36.854 C
534 65 5.505 10.626 35.452 S
535 66 4.186 10.381 39.183 N
536 66 3.232 9.403 39.657 C
537 66 1.970 9.415 38.818 C
538 66 1.376 10.461 38.560 O
539 66 2.935 9.727 41.098 C
540 66 1.919 8.798 41.691 C
541 66 1.913 7.581 41.492 O
542 66 0.976 9.373 42.403 N
543 67 1.639 8.235 38.295 N
544 67 0.377 8.028 37.589 C
545 67 -0.577 7.074 38.338 C
546 67 -1.628 6.701 37.828 O
547 67 0.668 7.508 36.142 C
548 67 1.279 6.120 35.916 C
549 67 1.450 5.350 36.864 O
550 67 1.576 5.814 34.763 O
551 68 -0.314 6.621 39.557 N
552 68 -1.199 5.716 40.279 C
553 68 -1.251 4.249 39.816 C
554 68 -1.719 3.405 40.578 O
555 69 -0.840 3.895 38.593 N
556 69 -0.868 2.525 38.119 C
557 69 0.480 1.822 37.871 C
558 69 0.537 0.727 37.291 O
559 69 -1.742 2.513 36.860 C
560 69 -1.319 3.387 35.714 C
561 69 -2.233 3.234 34.535 C
562 69 -1.565 3.791 33.286 C
563 69 -0.628 2.800 32.769 N
564 70 1.622 2.354 38.331 N
565 70 2.935 1.742 38.119 C
566 70 3.432 1.162 39.451 C
567 70 3.621 1.877 40.455 O
568 70 3.895 2.825 37.622 C
569 70 3.301 3.448 36.460 O
570 70 5.254 2.238 37.354 C
571 71 3.666 -0.159 39.517 N
572 71 4.152 -0.813 40.730 C
573 71 5.534 -0.330 41.177 C
574 71 6.345 0.018 40.346 O
575 71 4.038 -2.305 40.346 C
576 71 4.049 -2.403 38.835 C
577 71 3.324 -1.119 38.457 C
578 72 5.814 -0.129 42.463 N
579 72 7.110 0.379 42.920 C
580 72 7.413 1.859 42.642 C
581 72 8.578 2.213 42.811 O
582 73 6.470 2.739 42.251 N
583 73 6.733 4.151 41.953 C
584 73 7.327 4.934 43.099 C
585 73 6.790 4.916 44.212 O
586 73 5.465 4.928 41.555 C
587 74 8.401 5.655 42.840 N
588 74 9.058 6.468 43.848 C
589 74 8.521 7.893 43.761 C
590 74 8.401 8.584 44.779 O
591 74 10.594 6.548 43.645 C
592 74 11.182 6.964 44.981 C
593 74 11.199 5.240 43.142 C
594 75 8.195 8.388 42.552 N
595 75 7.778 9.752 42.287 C
596 75 8.783 10.797 42.807 C
597 75 8.446 11.727 43.553 O
598 75 6.379 9.984 42.890 C
599 75 5.728 11.329 42.529 C
600 75 6.088 11.996 41.562 O
601 75 4.729 11.818 43.251 N
602 76 10.057 10.705 42.393 N
603 76 11.108 11.629 42.811 C
604 76 10.914 13.072 42.387 C
605 76 11.325 13.976 43.115 O
606 76 12.438 11.188 42.274 C
607 77 10.245 13.347 41.273 N
608 77 9.948 14.728 40.909 C
609 77 8.743 15.260 41.658 C
610 77 8.406 16.440 41.595 O
611 77 9.617 14.869 39.451 C
612 77 11.068 14.521 38.461 S
613 78 8.012 14.398 42.380 N
614 78 6.865 14.790 43.175 C
615 78 5.837 15.542 42.314 C
616 78 5.248 16.581 42.661 O
617 78 7.401 15.615 44.384 C
618 78 8.332 14.771 45.279 C
619 78 9.680 14.673 45.259 N
620 78 7.892 13.915 46.276 C
621 78 10.063 13.811 46.190 C
622 78 8.983 13.365 46.793 N
623 79 5.545 14.887 41.187 N
624 79 4.700 15.438 40.137 C
625 79 3.701 14.411 39.653 C
626 79 4.043 13.243 39.531 O
627 79 5.528 15.860 38.911 C
628 79 6.042 17.290 38.775 C
629 79 6.773 17.419 37.447 C
630 79 4.877 18.287 38.871 C
631 80 2.456 14.765 39.368 N
632 80 1.525 13.860 38.689 C
633 80 2.090 13.652 37.278 C
634 80 2.598 14.600 36.672 O
635 80 0.120 14.515 38.573 C
636 80 -0.725 13.848 37.639 O
637 81 1.999 12.479 36.658 N
638 81 2.478 12.332 35.293 C
639 81 1.673 13.169 34.319 C
640 81 2.199 13.567 33.282 O
641 81 2.421 10.889 34.896 C
642 81 3.638 9.874 35.794 S
643 82 0.428 13.573 34.614 N
644 82 -0.291 14.429 33.700 C
645 82 0.348 15.811 33.567 C
646 82 0.177 16.434 32.517 O
647 82 -1.702 14.618 34.157 C
648 82 -1.776 15.218 35.433 O
649 83 1.125 16.300 34.551 N
650 83 1.845 17.572 34.488 C
651 83 2.821 17.584 33.325 C
652 83 3.124 18.629 32.752 O
653 83 2.661 17.834 35.764 C
654 84 3.238 16.385 32.882 N
655 84 4.123 16.239 31.752 C
656 84 3.415 16.049 30.413 C
657 84 4.078 15.805 29.410 O
658 84 5.083 15.065 32.010 C
659 84 5.808 14.973 33.355 C
660 84 6.682 13.763 33.266 C
661 84 6.670 16.202 33.677 C
662 85 2.079 16.141 30.311 N
663 85 1.405 16.116 29.022 C
664 85 0.851 17.498 28.648 C
665 85 0.148 17.669 27.657 O
666 85 0.280 15.053 29.058 C
667 85 0.782 13.616 29.290 C
668 85 -0.383 12.668 29.313 C
669 85 1.759 13.200 28.177 C
670 86 1.279 18.531 29.393 N
671 86 0.879 19.919 29.161 C
672 86 1.588 20.561 28.008 C
673 86 2.638 20.097 27.601 O
674 86 1.159 20.745 30.360 C
675 86 0.245 20.298 31.464 C
676 86 0.463 21.185 32.666 C
677 86 -0.331 22.078 32.974 O
678 86 1.588 21.014 33.339 N
679 87 1.051 21.625 27.418 N
680 87 1.690 22.328 26.302 C
681 87 2.821 23.172 26.852 C
682 87 3.803 23.465 26.189 O
683 87 0.697 23.264 25.593 C
684 87 -0.268 22.628 24.576 C
685 87 -0.206 21.423 24.291 O
686 87 -1.097 23.374 24.049 O
687 88 2.633 23.643 28.084 N
688 88 3.632 24.370 28.836 C
689 88 4.614 23.337 29.396 C
690 88 4.220 22.554 30.264 O
691 88 2.953 25.104 29.959 C
692 88 3.912 25.666 31.010 C
693 88 5.111 25.880 30.808 O
694 88 3.427 25.868 32.226 N
695 89 5.877 23.319 28.966 N
696 89 6.870 22.389 29.476 C
697 89 7.601 22.823 30.771 C
698 89 8.566 22.157 31.169 O
699 89 7.915 22.078 28.349 C
700 89 8.738 23.306 27.948 C
701 89 7.150 21.491 27.167 C
702 89 9.971 23.013 27.021 C
703 90 7.236 23.863 31.520 N
704 90 7.984 24.236 32.716 C
705 90 8.127 23.105 33.730 C
706 90 9.223 22.872 34.263 O
707 90 7.310 25.428 33.375 C
708 91 7.064 22.322 33.965 N
709 91 7.156 21.142 34.843 C
710 91 7.995 20.005 34.306 C
711 91 8.761 19.387 35.065 O
712 91 5.785 20.604 35.131 C
713 91 4.963 21.570 35.953 C
714 91 5.477 22.175 36.884 O
715 91 3.781 21.698 35.651 O
716 92 7.870 19.681 33.024 N
717 92 8.715 18.709 32.388 C
718 92 10.205 19.057 32.544 C
719 92 11.045 18.213 32.905 O
720 92 8.384 18.635 30.914 C
721 93 10.560 20.335 32.358 N
722 93 11.930 20.800 32.534 C
723 93 12.347 20.671 33.985 C
724 93 13.449 20.170 34.250 O
725 93 11.999 22.267 32.067 C
726 93 13.187 23.056 32.573 C
727 93 12.073 22.151 30.556 C
728 94 11.530 21.063 34.949 N
729 94 11.936 20.959 36.344 C
730 94 12.181 19.504 36.698 C
731 94 13.124 19.173 37.417 O
732 94 10.834 21.546 37.261 C
733 95 11.388 18.574 36.181 N
734 95 11.616 17.162 36.469 C
735 95 12.844 16.697 35.681 C
736 95 13.683 16.012 36.267 O
737 95 10.388 16.343 36.098 C
738 95 10.422 14.582 36.562 S
739 96 13.095 17.033 34.412 N
740 96 14.317 16.654 33.716 C
741 96 15.568 17.156 34.482 C
742 96 16.562 16.416 34.578 O
743 96 14.277 17.247 32.312 C
744 97 15.591 18.354 35.101 N
745 97 16.727 18.819 35.916 C
746 97 16.944 17.871 37.116 C
747 97 18.092 17.559 37.453 O
748 97 16.448 20.237 36.417 C
749 97 16.533 21.277 35.297 C
750 97 16.231 22.634 35.860 C
751 97 16.288 23.612 34.714 C
752 97 15.905 24.921 35.194 N
753 98 15.854 17.364 37.735 N
754 98 15.928 16.361 38.792 C
755 98 16.522 15.040 38.312 C
756 98 17.396 14.527 38.991 O
757 98 14.506 16.110 39.398 C
758 98 14.340 15.046 40.472 C
759 98 15.254 15.303 41.697 C
760 98 15.334 14.184 42.635 N
761 98 16.248 13.212 42.526 C
762 98 17.133 13.151 41.522 N
763 98 16.219 12.246 43.433 N
764 99 16.133 14.472 37.169 N
765 99 16.687 13.249 36.632 C
766 99 18.201 13.347 36.552 C
767 99 18.898 12.436 37.023 O
768 99 16.196 12.949 35.214 C
769 99 16.825 11.629 34.714 C
770 99 14.683 12.833 35.224 C
771 100 18.721 14.435 35.982 N
772 100 20.171 14.576 35.807 C
773 100 20.988 15.040 37.019 C
774 100 22.204 15.230 36.940 O
775 100 20.457 15.505 34.598 C
776 100 19.737 14.918 33.405 C
777 100 20.040 16.960 34.846 C
778 101 20.337 15.279 38.149 N
779 101 21.051 15.517 39.372 C
780 101 21.587 14.215 39.991 C
781 101 22.358 14.184 40.962 O
782 101 20.114 16.232 40.342 C
783 101 20.120 17.712 40.034 C
784 101 19.440 18.458 41.171 C
785 101 18.406 19.179 40.501 N
786 101 17.150 19.216 40.896 C
787 101 16.716 18.654 42.019 N
788 101 16.316 19.864 40.097 N
789 102 21.102 13.084 39.484 N
790 102 21.587 11.763 39.826 C
791 102 22.901 11.531 39.083 C
792 102 23.038 12.020 37.954 O
793 102 20.605 10.712 39.365 C
794 102 19.509 10.277 40.316 C
795 102 19.217 10.968 41.297 O
796 102 18.955 9.214 40.051 O
797 103 23.860 10.724 39.557 N
798 103 25.203 10.663 38.967 C
799 103 25.305 10.290 37.490 C
800 103 26.253 10.718 36.807 O
801 103 25.928 9.703 39.869 C
802 103 24.831 8.847 40.465 C
803 103 23.718 9.843 40.710 C
804 104 24.272 9.538 37.013 N
805 104 24.180 9.085 35.615 C
806 104 23.975 10.277 34.677 C
807 104 24.323 10.247 33.481 O
808 104 22.992 8.101 35.350 C
809 104 22.798 6.854 36.261 C
810 104 22.250 7.123 37.675 C
811 104 22.673 6.572 38.693 O
812 104 21.296 8.021 37.844 N
813 105 23.335 11.335 35.194 N
814 105 23.152 12.509 34.376 C
815 105 22.290 12.173 33.176 C
816 105 21.319 11.402 33.282 O
817 106 22.690 12.644 31.990 N
818 106 21.822 12.460 30.827 C
819 106 21.850 11.042 30.238 C
820 106 20.976 10.632 29.466 O
821 106 22.199 13.530 29.790 C
822 106 21.034 13.579 28.787 C
823 106 23.586 13.298 29.207 C
824 106 20.777 14.881 27.998 C
825 107 22.850 10.253 30.675 N
826 107 22.998 8.865 30.304 C
827 107 21.822 8.028 30.808 C
828 107 21.593 6.903 30.374 O
829 107 24.312 8.370 30.897 C
830 107 25.385 8.223 29.830 C
831 107 26.790 8.290 30.433 C
832 107 27.024 9.715 30.605 N
833 107 27.807 10.424 29.794 C
834 107 28.681 9.825 28.966 N
835 107 27.755 11.751 29.897 N
836 108 21.011 8.578 31.719 N
837 108 19.806 7.942 32.206 C
838 108 18.840 7.581 31.069 C
839 108 18.007 6.676 31.169 O
840 108 19.160 8.926 33.166 C
841 109 18.932 8.272 29.943 N
842 109 18.092 8.046 28.807 C
843 109 18.903 7.318 27.783 C
844 109 19.783 7.881 27.133 O
845 109 17.624 9.373 28.227 C
846 109 16.556 10.137 29.002 C
847 109 15.220 9.819 28.873 C
848 109 16.745 11.225 29.814 C
849 109 14.563 10.718 29.578 N
850 109 15.437 11.561 30.152 C
851 109 17.824 11.965 30.284 C
852 109 15.185 12.644 30.963 C
853 109 17.578 13.041 31.096 C
854 109 16.276 13.365 31.424 C
855 110 18.555 6.047 27.551 N
856 110 19.320 5.246 26.610 C
857 110 19.252 5.772 25.179 C
858 110 20.234 5.686 24.437 O
859 110 18.840 3.742 26.752 C
860 110 17.350 3.595 26.560 C
861 110 19.606 2.910 25.742 C
862 111 18.149 6.413 24.775 N
863 111 18.052 7.080 23.473 C
864 111 19.115 8.162 23.241 C
865 111 19.514 8.321 22.081 O
866 111 16.687 7.759 23.267 C
867 112 19.560 8.865 24.311 N
868 112 20.657 9.843 24.261 C
869 112 21.982 9.091 23.936 C
870 112 22.781 9.477 23.078 O
871 112 20.777 10.595 25.629 C
872 112 21.913 11.623 25.550 C
873 112 21.747 12.852 24.973 C
874 112 23.215 11.415 25.967 C
875 112 22.947 13.414 25.000 N
876 112 23.843 12.601 25.583 C
877 112 23.918 10.406 26.593 C
878 112 25.197 12.809 25.818 C
879 112 25.265 10.614 26.822 C
880 112 25.899 11.800 26.441 C
881 113 22.221 7.960 24.573 N
882 113 23.398 7.147 24.301 C
883 113 23.409 6.646 22.870 C
884 113 24.414 6.768 22.184 O
885 113 23.404 5.973 25.245 C
886 113 23.609 6.371 26.683 C
887 113 23.398 5.074 27.369 C
888 113 23.289 5.270 28.790 N
889 113 23.084 4.255 29.631 C
890 113 22.930 2.977 29.217 N
891 113 23.032 4.555 30.933 N
892 114 22.279 6.144 22.383 N
893 114 22.159 5.606 21.028 C
894 114 22.284 6.627 19.948 C
895 114 22.861 6.334 18.921 O
896 114 20.794 4.916 20.739 C
897 114 20.394 3.742 21.634 C
898 114 21.182 3.228 22.422 O
899 114 19.149 3.289 21.680 N
900 115 21.725 7.826 20.160 N
901 115 21.548 8.841 19.126 C
902 115 22.313 10.125 19.288 C
903 115 22.301 10.950 18.377 O
904 115 20.063 9.269 19.003 C
905 115 19.137 8.193 18.473 C
906 115 18.378 7.361 19.189 N
907 115 18.995 7.856 17.145 C
908 115 17.784 6.530 18.351 C
909 115 18.161 6.829 17.135 N
910 116 22.964 10.333 20.405 N
911 116 23.529 11.653 20.666 C
912 116 24.911 11.549 21.269 C
913 116 25.717 12.387 20.865 O
914 116 22.690 12.472 21.657 C
915 116 20.879 12.558 21.428 S
916 117 25.277 10.638 22.190 N
917 117 26.647 10.712 22.691 C
918 117 27.630 10.259 21.634 C
919 117 27.464 9.336 20.832 O
920 117 26.910 9.862 23.933 C
921 117 27.396 8.425 23.943 C
922 117 27.698 7.899 25.348 C
923 117 28.623 8.345 26.017 O
924 117 27.007 6.939 25.914 N
925 118 28.658 11.097 21.614 N
926 118 29.828 11.017 20.726 C
927 118 29.549 11.299 19.265 C
928 118 30.200 10.828 18.308 O
929 118 30.514 9.648 20.826 C
930 118 30.914 9.293 22.247 C
931 118 31.188 10.155 23.092 O
932 118 30.896 7.991 22.552 N
933 119 28.486 12.081 19.123 N
934 119 28.092 12.558 17.834 C
935 119 28.167 14.080 17.927 C
936 119 28.144 14.765 18.967 O
937 119 26.665 12.106 17.463 C
938 119 26.545 10.614 17.416 C
939 119 25.163 10.247 17.016 C
940 119 24.860 8.829 17.267 N
941 119 24.414 8.040 16.277 C
942 119 24.374 8.468 15.028 N
943 119 24.072 6.768 16.505 N
944 120 28.247 14.625 16.734 N
945 120 28.224 16.049 16.515 C
946 120 26.745 16.379 16.678 C
947 120 25.951 16.061 15.786 O
948 120 28.721 16.263 15.091 C
949 120 28.652 17.651 14.484 C
950 120 28.475 18.629 15.210 O
951 120 28.766 17.724 13.262 O
952 121 26.316 17.015 17.754 N
953 121 24.894 17.327 17.850 C
954 121 24.637 18.794 17.599 C
955 121 23.546 19.296 17.860 O
956 121 24.329 16.954 19.242 C
957 121 24.483 15.462 19.417 C
958 121 25.066 17.633 20.375 C
959 122 25.574 19.522 16.986 N
960 122 25.391 20.977 16.906 C
961 122 24.312 21.436 15.955 C
962 122 23.689 22.469 16.131 O
963 122 26.733 21.619 16.591 C
964 122 27.458 21.711 17.973 C
965 122 28.121 20.408 18.602 C
966 122 27.693 19.791 19.891 N
967 122 27.356 20.396 21.067 C
968 122 27.236 21.717 21.233 N
969 122 27.076 19.626 22.128 N
970 123 23.992 20.598 14.988 N
971 123 22.872 20.787 14.087 C
972 123 21.542 21.069 14.773 C
973 123 20.719 21.809 14.246 O
974 123 22.747 19.540 13.242 C
975 123 22.775 18.287 14.120 C
976 123 22.404 16.985 13.447 C
977 123 21.565 16.911 12.546 O
978 123 23.027 15.902 13.908 N
979 124 21.302 20.549 15.985 N
980 124 20.006 20.696 16.625 C
981 124 19.760 22.108 17.079 C
982 124 18.601 22.457 17.284 O
983 124 19.897 19.760 17.824 C
984 124 19.926 18.293 17.423 C
985 124 18.772 17.730 16.982 C
986 124 21.079 17.529 17.460 C
987 124 18.761 16.422 16.565 C
988 124 21.074 16.202 17.039 C
989 124 19.897 15.670 16.588 C
990 124 19.829 14.380 16.104 O
991 125 20.782 22.934 17.281 N
992 125 20.571 24.327 17.698 C
993 125 21.005 25.349 16.625 C
994 125 20.948 26.559 16.850 O
995 125 21.336 24.676 19.050 C
996 125 20.737 23.844 20.186 C
997 125 22.850 24.462 18.930 C
998 126 21.502 24.933 15.455 N
999 126 21.970 25.874 14.458 C
1000 126 20.839 26.700 13.838 C
1001 126 19.783 26.211 13.428 O
1002 126 22.747 25.135 13.335 C
1003 126 21.976 24.334 12.261 C
1004 126 22.827 23.710 11.135 C
1005 126 23.980 23.294 11.317 O
1006 126 22.307 23.588 9.916 N
1007 127 21.131 27.996 13.739 N
1008 127 20.188 28.944 13.202 C
1009 127 19.183 29.451 14.243 C
1010 127 18.429 30.374 13.938 O
1011 128 19.155 28.937 15.478 N
1012 128 18.110 29.341 16.413 C
1013 128 18.367 30.613 17.204 C
1014 128 17.493 31.059 17.956 O
1015 128 17.864 28.185 17.373 C
1016 128 17.384 26.639 16.562 S
1017 129 19.589 31.151 17.118 N
1018 129 19.948 32.398 17.741 C
1019 129 19.943 32.245 19.249 C
1020 129 19.469 33.113 19.994 O
1021 130 20.525 31.114 19.639 N
1022 130 20.480 30.637 21.004 C
1023 130 21.907 30.258 21.428 C
1024 130 22.119 30.007 22.611 O
1025 130 19.434 29.469 20.948 C
1026 130 20.086 28.106 20.786 C
1027 130 18.572 29.579 22.157 C
1028 130 22.804 30.209 20.574 O
