404
1 1 15.813 -3.484 18.317 O
2 1 16.449 -2.206 18.334 C
3 1 15.406 -1.154 18.567 C
4 1 15.993 0.037 19.041 O
5 1 14.584 -0.749 17.345 C
6 1 13.225 -0.519 17.699 O
7 1 15.300 0.501 16.868 C
8 1 15.688 1.154 18.159 C
9 1 16.898 1.981 18.039 N
10 1 16.773 3.356 18.203 C
11 1 15.693 3.866 18.433 O
12 1 17.925 4.110 18.111 N
13 1 19.127 3.526 17.822 C
14 1 20.194 4.280 17.726 N
15 1 19.247 2.105 17.658 C
16 1 18.116 1.407 17.774 C
17 2 12.020 -0.713 16.628 P
18 2 10.844 -0.947 17.555 O
19 2 12.487 -1.797 15.739 O
20 2 11.747 0.662 15.876 O
21 2 11.152 1.830 16.504 C
22 2 11.325 2.965 15.506 C
23 2 12.628 3.448 15.471 O
24 2 11.062 2.528 14.064 C
25 2 10.372 3.576 13.488 O
26 2 12.442 2.262 13.491 C
27 2 13.148 3.420 14.112 C
28 2 14.597 3.383 14.191 N
29 2 15.173 4.629 14.442 C
30 2 14.488 5.650 14.531 O
31 2 16.534 4.680 14.559 N
32 2 17.325 3.576 14.438 C
33 2 18.639 3.737 14.569 N
34 2 16.720 2.317 14.198 C
35 2 15.388 2.280 14.081 C
36 3 8.939 3.484 12.860 P
37 3 8.031 3.089 13.951 O
38 3 8.952 2.698 11.617 O
39 3 8.639 5.024 12.482 O
40 3 8.580 6.008 13.608 C
41 3 9.095 7.314 13.021 C
42 3 10.497 7.249 12.825 O
43 3 8.525 7.714 11.659 C
44 3 8.304 9.097 11.665 O
45 3 9.584 7.323 10.632 C
46 3 10.831 7.424 11.405 C
47 3 11.792 6.330 11.116 N
48 3 11.540 5.047 10.770 C
49 3 12.638 4.330 10.636 N
50 3 13.673 5.185 10.931 C
51 3 15.067 5.006 10.948 C
52 3 15.688 3.857 10.680 N
53 3 15.781 6.114 11.315 N
54 3 15.176 7.281 11.607 C
55 3 13.859 7.539 11.580 N
56 3 13.161 6.440 11.233 C
57 4 7.455 9.842 10.540 P
58 4 7.001 10.959 11.411 O
59 4 6.452 8.923 9.973 O
60 4 8.533 10.210 9.411 O
61 4 9.562 11.175 9.840 C
62 4 10.592 11.166 8.731 C
63 4 11.303 9.934 8.848 O
64 4 10.075 11.226 7.327 C
65 4 10.818 12.053 6.462 O
66 4 10.160 9.736 6.847 C
67 4 11.494 9.419 7.540 C
68 4 11.845 8.012 7.475 N
69 4 11.091 6.882 7.214 C
70 4 11.792 5.778 7.214 N
71 4 13.108 6.192 7.502 C
72 4 14.310 5.479 7.640 C
73 4 14.462 4.160 7.530 N
74 4 15.399 6.243 7.931 N
75 4 15.324 7.594 8.055 C
76 4 14.217 8.334 7.928 N
77 4 13.148 7.557 7.653 C
78 5 10.505 13.340 5.646 P
79 5 10.003 14.292 6.610 O
80 5 9.629 13.184 4.482 O
81 5 11.943 13.837 5.066 O
82 5 12.920 14.168 6.082 C
83 5 14.220 13.570 5.591 C
84 5 14.220 12.154 5.797 O
85 5 14.528 13.735 4.108 C
86 5 15.876 14.259 4.019 O
87 5 14.279 12.338 3.532 C
88 5 14.796 11.488 4.674 C
89 5 14.374 10.086 4.551 N
90 5 13.092 9.630 4.362 C
91 5 12.991 8.343 4.256 N
92 5 14.308 7.893 4.441 C
93 5 14.836 6.574 4.424 C
94 5 14.247 5.498 4.287 O
95 5 16.205 6.500 4.589 N
96 5 16.951 7.626 4.770 C
97 5 18.236 7.332 4.939 N
98 5 16.513 8.890 4.801 N
99 5 15.165 8.955 4.609 C
100 6 16.609 14.443 2.622 P
101 6 17.458 15.620 2.866 O
102 6 15.701 14.618 1.459 O
103 6 17.535 13.142 2.488 O
104 6 18.490 12.857 3.528 C
105 6 19.449 11.796 2.965 C
106 6 18.782 10.559 2.948 O
107 6 19.947 12.007 1.562 C
108 6 21.354 11.768 1.507 O
109 6 19.117 11.046 0.717 C
110 6 18.912 9.911 1.671 C
111 6 17.676 9.148 1.445 N
112 6 17.819 7.760 1.345 C
113 6 18.904 7.212 1.431 O
114 6 16.691 6.983 1.136 N
115 6 15.465 7.589 1.047 C
116 6 14.417 6.803 0.872 N
117 6 15.335 9.001 1.163 C
118 6 16.447 9.732 1.359 C
119 7 22.291 11.837 0.227 P
120 7 23.544 12.324 0.827 O
121 7 21.776 12.462 -1.019 O
122 7 22.397 10.283 -0.261 O
123 7 22.997 9.171 0.453 C
124 7 22.846 7.943 -0.412 C
125 7 21.524 7.474 -0.518 O
126 7 23.358 8.159 -1.846 C
127 7 24.414 7.222 -1.997 O
128 7 22.169 7.911 -2.742 C
129 7 21.293 7.047 -1.905 C
130 7 19.847 7.180 -2.124 N
131 7 19.122 6.008 -2.238 C
132 7 19.677 4.909 -2.227 O
133 7 17.758 6.109 -2.396 N
134 7 17.142 7.323 -2.413 C
135 7 15.892 7.355 -2.574 O
136 7 17.901 8.518 -2.289 C
137 7 17.203 9.856 -2.330 C
138 7 19.231 8.403 -2.138 C
139 8 25.428 7.111 -3.230 P
140 8 26.548 6.403 -2.533 O
141 8 25.632 8.366 -3.957 O
142 8 24.680 6.146 -4.225 O
143 8 24.682 4.735 -3.806 C
144 8 23.992 4.091 -5.021 C
145 8 22.636 4.454 -4.918 O
146 8 24.504 4.537 -6.370 C
147 8 24.677 3.503 -7.296 O
148 8 23.366 5.470 -6.895 C
149 8 22.174 4.804 -6.274 C
150 8 20.959 5.631 -6.136 N
151 8 19.756 4.928 -6.143 C
152 8 19.754 3.728 -6.294 O
153 8 18.586 5.640 -5.975 N
154 8 18.586 6.992 -5.821 C
155 8 17.455 7.534 -5.690 O
156 8 19.844 7.700 -5.831 C
157 8 19.921 9.185 -5.653 C
158 8 20.961 6.996 -5.982 C
159 9 25.956 2.721 -7.715 P
160 9 26.614 2.418 -6.456 O
161 9 26.713 3.553 -8.693 O
162 9 25.396 1.411 -8.432 O
163 9 24.701 0.529 -7.561 C
164 9 23.671 -0.198 -8.398 C
165 9 22.543 0.561 -8.611 O
166 9 24.170 -0.630 -9.788 C
167 9 23.721 -1.986 -10.032 O
168 9 23.599 0.469 -10.698 C
169 9 22.317 0.814 -10.063 C
170 9 21.933 2.234 -10.073 N
171 9 22.708 3.337 -10.227 C
172 9 22.110 4.464 -10.114 N
173 9 20.786 4.082 -9.829 C
174 9 19.608 4.854 -9.592 C
175 9 19.555 6.114 -9.603 O
176 9 18.493 4.119 -9.342 N
177 9 18.490 2.763 -9.332 C
178 9 17.309 2.161 -9.095 N
179 9 19.563 2.000 -9.544 N
180 9 20.680 2.712 -9.785 C
181 10 23.851 -2.708 -11.453 P
182 10 24.064 -4.142 -11.181 O
183 10 25.014 -2.165 -12.225 O
184 10 22.493 -2.423 -12.245 O
185 10 21.211 -2.795 -11.638 C
186 10 20.181 -2.289 -12.647 C
187 10 20.048 -0.901 -12.427 O
188 10 20.523 -2.478 -14.112 C
189 10 19.480 -2.988 -14.929 O
190 10 20.911 -1.062 -14.565 C
191 10 19.995 -0.239 -13.670 C
192 10 20.441 1.158 -13.567 N
193 10 21.678 1.710 -13.749 C
194 10 21.734 2.993 -13.604 N
195 10 20.412 3.333 -13.278 C
196 10 19.807 4.592 -12.997 C
197 10 20.388 5.682 -12.990 O
198 10 18.464 4.528 -12.736 N
199 10 17.779 3.370 -12.736 C
200 10 16.460 3.494 -12.455 N
201 10 18.267 2.165 -13.004 N
202 10 19.592 2.216 -13.258 C
204 11 10.919 11.887 -12.565 O
205 11 12.195 11.267 -12.904 C
206 11 11.959 9.764 -13.069 C
207 11 13.119 9.088 -13.501 O
208 11 11.500 9.014 -11.820 C
209 11 10.454 8.104 -12.115 O
210 11 12.739 8.284 -11.298 C
211 11 13.488 8.035 -12.561 C
212 11 14.942 8.054 -12.352 N
213 11 15.621 6.831 -12.506 C
214 11 14.982 5.843 -12.781 O
215 11 16.986 6.822 -12.359 N
216 11 17.649 7.971 -12.046 C
217 11 18.979 7.930 -11.892 N
218 11 16.970 9.212 -11.871 C
219 11 15.643 9.203 -12.039 C
220 12 9.382 7.672 -11.030 P
221 12 8.280 7.373 -12.033 O
222 12 9.058 8.739 -10.059 O
223 12 9.968 6.436 -10.224 O
224 12 10.239 5.130 -10.780 C
225 12 10.927 4.316 -9.695 C
226 12 12.315 4.578 -9.671 O
227 12 10.459 4.500 -8.257 C
228 12 10.555 3.241 -7.581 O
229 12 11.468 5.512 -7.712 C
230 12 12.723 4.891 -8.323 C
231 12 13.934 5.700 -8.419 N
232 12 15.091 4.992 -8.714 C
233 12 15.107 3.769 -8.879 O
234 12 16.248 5.709 -8.868 N
235 12 16.317 7.024 -8.686 C
236 12 17.490 7.631 -8.844 N
237 12 15.112 7.741 -8.378 C
238 12 13.995 7.047 -8.285 C
239 13 9.239 2.358 -7.207 P
240 13 8.506 2.441 -8.470 O
241 13 8.771 2.855 -5.893 O
242 13 9.690 0.832 -7.012 O
243 13 10.290 0.014 -8.048 C
244 13 11.404 -0.749 -7.358 C
245 13 12.498 0.087 -7.128 O
246 13 11.141 -1.370 -6.009 C
247 13 11.755 -2.680 -6.061 O
248 13 11.694 -0.386 -4.983 C
249 13 12.803 0.267 -5.735 C
250 13 13.013 1.705 -5.471 N
251 13 12.139 2.648 -5.031 C
252 13 12.683 3.838 -4.891 N
253 13 13.984 3.682 -5.278 C
254 13 15.056 4.601 -5.350 C
255 13 14.974 5.902 -5.042 N
256 13 16.261 4.050 -5.769 N
257 13 16.396 2.749 -6.099 C
258 13 15.393 1.839 -6.051 N
259 13 14.228 2.377 -5.632 C
260 14 11.675 -3.737 -4.853 P
261 14 11.678 -5.001 -5.584 O
262 14 10.467 -3.457 -4.033 O
263 14 12.890 -3.360 -3.854 O
264 14 14.276 -3.636 -4.314 C
265 14 15.130 -2.993 -3.254 C
266 14 14.971 -1.577 -3.319 O
267 14 14.772 -3.365 -1.816 C
268 14 15.940 -3.622 -1.091 O
269 14 14.056 -2.105 -1.277 C
270 14 14.945 -1.071 -1.980 C
271 14 14.448 0.285 -1.918 N
272 14 13.148 0.754 -1.685 C
273 14 13.031 2.059 -1.671 N
274 14 14.340 2.505 -1.956 C
275 14 14.868 3.806 -2.080 C
276 14 14.178 4.928 -1.967 N
277 14 16.197 3.838 -2.347 N
278 14 16.954 2.721 -2.461 C
279 14 16.524 1.489 -2.365 N
280 14 15.205 1.439 -2.104 C
281 15 16.242 -4.799 -0.110 P
282 15 16.481 -5.967 -1.006 O
283 15 15.406 -5.052 1.036 O
284 15 17.636 -4.280 0.549 O
285 15 18.711 -4.045 -0.350 C
286 15 19.446 -2.809 0.096 C
287 15 18.679 -1.646 -0.202 O
288 15 19.732 -2.781 1.589 C
289 15 21.097 -2.413 1.692 O
290 15 18.724 -1.761 2.135 C
291 15 18.682 -0.795 0.961 C
292 15 17.479 0.046 1.050 N
293 15 16.184 -0.294 1.239 C
294 15 15.375 0.749 1.325 N
295 15 16.208 1.843 1.136 C
296 15 15.948 3.250 1.122 C
297 15 14.820 3.797 1.222 O
298 15 17.057 4.050 0.958 N
299 15 18.294 3.507 0.817 C
300 15 19.337 4.349 0.659 N
301 15 18.591 2.211 0.810 N
302 15 17.500 1.434 0.982 C
303 16 21.837 -2.161 3.051 P
304 16 23.159 -2.777 2.790 O
305 16 21.102 -2.689 4.211 O
306 16 21.938 -0.570 3.230 O
307 16 22.639 0.211 2.241 C
308 16 22.623 1.618 2.811 C
309 16 21.357 2.174 2.787 O
310 16 23.135 1.742 4.256 C
311 16 24.210 2.721 4.225 O
312 16 21.909 2.156 5.031 C
313 16 21.089 2.859 4.015 C
314 16 19.632 2.799 4.190 N
315 16 18.968 4.022 4.417 C
316 16 19.589 5.052 4.489 O
317 16 17.617 3.999 4.547 N
318 16 16.914 2.809 4.465 C
319 16 15.590 2.859 4.606 N
320 16 17.580 1.591 4.214 C
321 16 18.928 1.636 4.081 C
322 17 25.107 3.181 5.412 P
323 17 26.407 3.604 4.805 O
324 17 25.242 2.064 6.370 O
325 17 24.356 4.408 6.126 O
326 17 24.135 5.691 5.433 C
327 17 23.353 6.514 6.411 C
328 17 22.031 6.072 6.497 O
329 17 23.862 6.495 7.856 C
330 17 24.446 7.764 8.069 O
331 17 22.631 6.238 8.710 C
332 17 21.481 6.417 7.794 C
333 17 20.369 5.466 7.914 N
334 17 19.077 5.985 7.962 C
335 17 18.920 7.222 7.983 O
336 17 18.039 5.107 8.027 N
337 17 18.214 3.774 8.017 C
338 17 17.187 3.016 8.069 O
339 17 19.547 3.232 7.942 C
340 17 19.764 1.733 7.911 C
341 17 20.571 4.096 7.883 C
342 18 25.208 8.265 9.376 P
343 18 26.046 9.322 8.738 O
344 18 25.749 7.171 10.176 O
345 18 24.106 8.950 10.334 O
346 18 23.382 10.104 9.963 C
347 18 22.416 10.306 11.120 C
348 18 21.405 9.309 11.034 O
349 18 22.981 10.210 12.534 C
350 18 22.341 11.180 13.364 O
351 18 22.599 8.785 12.976 C
352 18 21.203 8.739 12.369 C
353 18 20.606 7.429 12.132 N
354 18 19.218 7.424 11.954 C
355 18 18.567 8.467 12.036 O
356 18 18.623 6.210 11.713 N
357 18 19.350 5.070 11.600 C
358 18 18.711 4.036 11.360 O
359 18 20.778 5.098 11.737 C
360 18 21.601 3.857 11.614 C
361 18 21.333 6.270 11.988 C
362 19 23.092 12.379 14.119 P
363 19 23.796 12.963 12.952 O
364 19 23.921 11.809 15.207 O
365 19 21.941 13.363 14.651 O
366 19 20.921 13.749 13.735 C
367 19 19.565 13.800 14.394 C
368 19 18.936 12.572 14.572 O
369 19 19.581 14.425 15.797 C
370 19 18.387 15.216 15.959 O
371 19 19.767 13.175 16.673 C
372 19 18.952 12.195 15.986 C
373 19 19.518 10.849 15.959 N
374 19 20.741 10.357 16.178 C
375 19 20.842 9.070 16.021 N
376 19 19.568 8.665 15.664 C
377 19 19.021 7.378 15.372 C
378 19 19.632 6.284 15.358 O
379 19 17.684 7.387 15.060 N
380 19 16.951 8.536 15.042 C
381 19 15.656 8.380 14.720 N
382 19 17.402 9.750 15.300 N
383 19 18.724 9.750 15.602 C
384 20 18.161 15.965 17.362 P
385 20 17.538 17.266 16.982 O
386 20 19.454 15.979 18.100 O
387 20 17.155 15.078 18.207 O
388 20 15.892 14.692 17.572 C
389 20 15.372 13.552 18.430 C
390 20 16.112 12.389 18.142 O
391 20 15.502 13.814 19.930 C
392 20 14.257 13.607 20.592 O
393 20 16.564 12.821 20.372 C
394 20 16.309 11.690 19.363 C
395 20 17.453 10.766 19.281 N
396 20 18.780 10.996 19.511 C
397 20 19.539 9.938 19.363 N
398 20 18.658 8.955 18.989 C
399 20 18.865 7.566 18.708 C
400 20 19.958 7.015 18.718 O
401 20 17.721 6.854 18.389 N
402 20 16.508 7.447 18.361 C
403 20 15.473 6.656 18.021 N
404 20 16.250 8.739 18.653 N
405 20 17.362 9.424 18.952 C
