1229
1 0 24.701 8.127 -9.491 N
2 0 24.709 9.586 -9.830 C
3 0 26.059 10.072 -10.334 C
4 0 27.070 9.362 -10.230 O
5 0 24.288 10.408 -8.622 C
6 0 24.875 9.903 -7.332 C
7 0 24.101 10.695 -5.934 S
8 0 24.923 12.256 -6.001 C
9 1 26.066 11.284 -10.886 N
10 1 27.284 11.870 -11.417 C
11 1 27.375 13.366 -11.106 C
12 1 26.418 14.119 -11.293 O
13 1 27.382 11.663 -12.967 C
14 1 28.675 12.278 -13.524 C
15 1 27.330 10.186 -13.310 C
16 2 28.517 13.793 -10.592 N
17 2 28.711 15.205 -10.316 C
18 2 29.362 15.823 -11.546 C
19 2 30.055 15.150 -12.297 O
20 2 29.624 15.424 -9.097 C
21 2 29.059 15.406 -7.666 C
22 2 28.694 14.009 -7.234 C
23 2 30.093 15.991 -6.732 C
24 3 29.113 17.102 -11.770 N
25 3 29.720 17.789 -12.892 C
26 3 31.107 18.216 -12.418 C
27 3 31.389 18.198 -11.220 O
28 3 28.882 19.015 -13.251 C
29 3 28.903 19.952 -12.196 O
30 4 31.974 18.601 -13.341 N
31 4 33.321 19.046 -12.970 C
32 4 33.196 20.282 -12.056 C
33 4 33.953 20.428 -11.085 O
34 4 34.143 19.384 -14.235 C
35 4 35.508 20.054 -13.976 C
36 4 36.521 19.146 -13.290 C
37 4 36.317 17.917 -13.268 O
38 4 37.535 19.653 -12.773 O
39 5 32.209 21.135 -12.352 N
40 5 31.977 22.338 -11.564 C
41 5 31.685 22.028 -10.101 C
42 5 32.158 22.723 -9.199 O
43 6 30.907 20.977 -9.868 N
44 6 30.577 20.567 -8.513 C
45 6 31.813 19.967 -7.819 C
46 6 32.085 20.279 -6.659 O
47 6 29.393 19.604 -8.531 C
48 6 28.095 20.286 -8.969 C
49 6 26.933 19.318 -9.204 C
50 6 27.161 18.182 -9.645 O
51 6 25.774 19.708 -8.970 O
52 7 32.595 19.160 -8.538 N
53 7 33.821 18.593 -7.968 C
54 7 34.771 19.727 -7.590 C
55 7 35.448 19.672 -6.561 O
56 7 34.529 17.633 -8.955 C
57 7 33.905 16.263 -8.991 C
58 7 33.345 15.630 -10.073 C
59 7 33.725 15.383 -7.872 C
60 7 32.819 14.411 -9.688 N
61 7 33.037 14.238 -8.343 C
62 7 34.070 15.459 -6.511 C
63 7 32.684 13.168 -7.496 C
64 7 33.722 14.409 -5.677 C
65 7 33.032 13.271 -6.172 C
66 8 34.806 20.774 -8.401 N
67 8 35.695 21.879 -8.101 C
68 8 35.324 22.573 -6.786 C
69 8 36.209 23.000 -6.029 O
70 8 35.729 22.878 -9.258 C
71 8 36.533 22.393 -10.452 C
72 8 37.929 21.936 -10.062 C
73 8 38.745 22.730 -9.592 O
74 8 38.204 20.643 -10.239 N
75 9 34.022 22.691 -6.525 N
76 9 33.550 23.316 -5.301 C
77 9 33.958 22.472 -4.111 C
78 9 34.363 22.996 -3.081 O
79 9 32.021 23.475 -5.324 C
80 9 31.509 24.569 -6.264 C
81 9 29.983 24.620 -6.286 C
82 9 32.089 25.881 -5.809 C
83 10 33.847 21.157 -4.270 N
84 10 34.179 20.214 -3.221 C
85 10 35.656 20.240 -2.918 C
86 10 36.055 20.386 -1.758 O
87 10 33.736 18.777 -3.610 C
88 10 34.356 17.748 -2.694 C
89 10 32.195 18.677 -3.581 C
90 11 36.472 20.164 -3.958 N
91 11 37.921 20.132 -3.751 C
92 11 38.507 21.472 -3.300 C
93 11 39.553 21.512 -2.641 O
94 11 38.609 19.573 -4.998 C
95 11 38.150 18.128 -5.263 C
96 11 38.695 17.623 -6.579 C
97 11 38.579 17.217 -4.125 C
98 12 37.809 22.564 -3.610 N
99 12 38.265 23.888 -3.196 C
100 12 38.133 24.021 -1.669 C
101 12 39.062 24.455 -0.999 O
102 12 37.471 24.991 -3.891 C
103 12 37.854 26.369 -3.451 C
104 12 39.055 26.970 -3.756 N
105 12 37.187 27.257 -2.672 C
106 12 39.085 28.173 -3.162 C
107 12 37.972 28.395 -2.491 N
108 13 36.994 23.627 -1.107 N
109 13 36.857 23.721 0.348 C
110 13 37.711 22.635 1.029 C
111 13 38.258 22.857 2.110 O
112 13 35.371 23.668 0.809 C
113 13 34.772 22.287 0.566 C
114 13 35.271 24.068 2.291 C
115 14 37.885 21.492 0.364 N
116 14 38.702 20.427 0.928 C
117 14 40.181 20.845 1.035 C
118 14 40.897 20.401 1.939 O
119 14 38.585 19.139 0.121 C
120 14 39.026 17.973 0.926 C
121 14 40.229 17.336 0.860 C
122 14 38.298 17.349 1.995 C
123 14 40.299 16.362 1.830 N
124 14 39.132 16.346 2.537 C
125 14 37.020 17.544 2.546 C
126 14 38.736 15.542 3.602 C
127 14 36.626 16.743 3.604 C
128 14 37.483 15.755 4.121 C
129 15 40.632 21.699 0.119 N
130 15 42.006 22.178 0.159 C
131 15 42.235 22.998 1.432 C
132 15 43.339 22.987 1.984 O
133 15 42.314 22.994 -1.071 C
134 16 41.177 23.656 1.923 N
135 16 41.231 24.450 3.160 C
136 16 41.234 23.497 4.351 C
137 16 41.952 23.718 5.322 O
138 16 40.030 25.413 3.289 C
139 16 39.872 26.391 2.143 C
140 16 41.167 27.140 1.880 C
141 16 41.061 27.982 0.628 C
142 16 42.377 28.520 0.208 N
143 17 40.400 22.456 4.295 N
144 17 40.354 21.460 5.360 C
145 17 41.756 20.827 5.570 C
146 17 42.203 20.602 6.715 O
147 17 39.353 20.336 5.007 C
148 17 39.526 19.136 5.968 C
149 17 37.931 20.869 5.039 C
150 18 42.434 20.510 4.464 N
151 18 43.773 19.898 4.539 C
152 18 44.875 20.762 5.156 C
153 18 45.968 20.270 5.424 O
154 18 44.218 19.358 3.187 C
155 18 43.395 18.192 2.721 C
156 18 43.874 17.652 1.380 C
157 18 44.383 18.434 0.547 O
158 18 43.739 16.444 1.171 O
159 19 44.610 22.047 5.354 N
160 19 45.592 22.894 6.021 C
161 19 45.625 22.517 7.519 C
162 19 46.554 22.879 8.217 O
163 19 45.227 24.380 5.863 C
164 20 44.604 21.809 8.010 N
165 20 44.551 21.391 9.423 C
166 20 43.767 20.074 9.543 C
167 20 42.627 20.049 10.024 O
168 20 43.892 22.477 10.284 C
169 20 43.809 22.091 11.778 C
170 20 44.602 21.255 12.254 O
171 20 42.902 22.594 12.470 O
172 21 44.379 18.983 9.122 N
173 21 43.709 17.692 9.146 C
174 21 43.300 17.216 10.537 C
175 21 42.144 16.842 10.731 O
176 21 44.544 16.593 8.409 C
177 21 43.925 15.225 8.615 C
178 21 44.568 16.888 6.914 C
179 22 44.230 17.233 11.497 N
180 22 43.931 16.795 12.862 C
181 22 42.823 17.600 13.527 C
182 22 41.954 17.025 14.154 O
183 22 45.196 16.812 13.720 C
184 23 42.844 18.928 13.372 N
185 23 41.816 19.768 13.962 C
186 23 40.416 19.527 13.411 C
187 23 39.432 19.521 14.164 O
188 24 40.303 19.388 12.093 N
189 24 39.015 19.124 11.468 C
190 24 38.543 17.728 11.883 C
191 24 37.366 17.539 12.143 O
192 24 39.137 19.191 9.939 C
193 24 39.176 20.581 9.401 C
194 24 40.318 21.347 9.323 N
195 24 38.175 21.355 8.910 C
196 24 39.987 22.534 8.797 C
197 24 38.695 22.586 8.529 N
198 25 39.465 16.761 11.930 N
199 25 39.122 15.398 12.327 C
200 25 38.520 15.376 13.723 C
201 25 37.494 14.744 13.974 O
202 26 39.135 16.136 14.619 N
203 26 38.680 16.265 16.001 C
204 26 37.269 16.869 16.047 C
205 26 36.357 16.293 16.650 O
206 26 39.634 17.205 16.734 C
207 26 39.911 16.894 18.178 C
208 26 41.303 17.373 18.586 C
209 26 41.998 18.036 17.813 O
210 26 41.720 17.015 19.787 N
211 27 37.101 18.031 15.411 N
212 27 35.806 18.728 15.387 C
213 27 34.653 17.867 14.885 C
214 27 33.558 17.888 15.444 O
215 27 35.899 19.966 14.498 C
216 27 36.683 21.091 15.133 C
217 27 37.105 20.965 16.301 O
218 27 36.867 22.122 14.453 O
219 28 34.879 17.191 13.768 N
220 28 33.877 16.321 13.169 C
221 28 33.481 15.125 14.068 C
222 28 32.288 14.826 14.232 O
223 28 34.371 15.822 11.771 C
224 28 34.435 17.017 10.798 C
225 28 33.429 14.730 11.224 C
226 28 35.223 16.759 9.477 C
227 29 34.468 14.424 14.624 N
228 29 34.171 13.287 15.492 C
229 29 33.423 13.728 16.741 C
230 29 32.491 13.060 17.183 O
231 29 35.447 12.536 15.883 C
232 29 35.995 11.632 14.771 C
233 29 37.177 10.771 15.263 C
234 29 34.866 10.751 14.291 C
235 30 33.788 14.885 17.276 N
236 30 33.137 15.384 18.479 C
237 30 31.694 15.794 18.176 C
238 30 30.783 15.524 18.964 O
239 30 33.968 16.538 19.132 C
240 30 35.222 15.933 19.784 C
241 30 33.112 17.330 20.145 C
242 30 36.316 16.943 20.136 C
243 31 31.484 16.406 17.015 N
244 31 30.146 16.808 16.605 C
245 31 29.280 15.543 16.479 C
246 31 28.175 15.484 17.017 O
247 31 30.240 17.613 15.292 C
248 31 28.986 17.739 14.436 C
249 31 27.718 18.048 15.186 C
250 31 27.721 19.355 15.811 N
251 31 26.642 20.125 15.915 C
252 31 25.491 19.739 15.379 N
253 31 26.728 21.304 16.519 N
254 32 29.829 14.509 15.847 N
255 32 29.108 13.247 15.663 C
256 32 28.711 12.612 17.007 C
257 32 27.549 12.220 17.206 O
258 32 29.953 12.245 14.853 C
259 32 29.338 10.835 14.717 C
260 32 28.158 10.871 13.767 C
261 32 30.361 9.799 14.241 C
262 33 29.691 12.505 17.909 N
263 33 29.484 11.904 19.232 C
264 33 28.516 12.669 20.129 C
265 33 27.757 12.061 20.887 O
266 33 30.820 11.695 19.927 C
267 33 31.727 10.750 19.202 C
268 33 31.195 9.714 18.420 C
269 33 33.119 10.871 19.312 C
270 33 32.037 8.804 17.757 C
271 33 33.974 9.964 18.651 C
272 33 33.425 8.924 17.870 C
273 34 28.518 13.993 20.030 N
274 34 27.601 14.785 20.826 C
275 34 26.194 14.744 20.242 C
276 34 25.218 14.712 20.978 O
277 34 28.061 16.245 20.930 C
278 34 29.444 16.412 21.536 C
279 34 29.638 17.814 22.101 C
280 34 29.306 18.892 21.084 C
281 34 29.537 20.268 21.616 N
282 35 26.095 14.774 18.916 N
283 35 24.805 14.778 18.245 C
284 35 24.098 13.429 18.274 C
285 35 22.873 13.362 18.396 O
286 35 24.978 15.212 16.792 C
287 35 25.365 16.574 16.708 O
288 36 24.883 12.364 18.133 N
289 36 24.364 11.008 18.099 C
290 36 25.263 10.134 18.949 C
291 36 26.052 9.357 18.419 O
292 36 24.353 10.506 16.645 C
293 36 23.636 11.420 15.694 C
294 36 22.272 11.426 15.502 N
295 36 24.124 12.380 14.866 C
296 36 21.989 12.359 14.587 C
297 36 23.082 12.965 14.172 N
298 37 25.112 10.211 20.288 N
299 37 25.880 9.465 21.286 C
300 37 25.959 7.972 21.058 C
301 37 26.939 7.333 21.449 O
302 37 25.144 9.789 22.582 C
303 37 24.658 11.181 22.348 C
304 37 24.104 11.059 20.957 C
305 38 24.936 7.416 20.413 N
306 38 24.904 5.985 20.146 C
307 38 26.080 5.555 19.269 C
308 38 26.586 4.447 19.406 O
309 38 23.558 5.558 19.524 C
310 38 23.247 6.105 18.123 C
311 38 22.423 7.392 18.117 C
312 38 22.506 8.189 19.078 O
313 38 21.687 7.611 17.130 O
314 39 26.563 6.460 18.422 N
315 39 27.679 6.130 17.541 C
316 39 28.982 5.905 18.303 C
317 39 29.843 5.139 17.852 O
318 39 27.903 7.202 16.449 C
319 39 28.271 8.452 17.052 O
320 39 26.670 7.374 15.608 C
321 40 29.107 6.531 19.473 N
322 40 30.319 6.391 20.292 C
323 40 30.514 4.945 20.764 C
324 40 31.645 4.465 20.905 O
325 40 30.269 7.335 21.502 C
326 40 31.520 7.356 22.402 C
327 40 32.768 7.628 21.584 C
328 40 31.370 8.409 23.489 C
329 41 29.396 4.250 20.959 N
330 41 29.403 2.864 21.410 C
331 41 30.097 1.916 20.435 C
332 41 30.494 0.824 20.823 O
333 41 27.975 2.402 21.680 C
334 41 27.364 3.016 22.936 C
335 41 25.904 2.653 23.123 C
336 41 25.041 3.288 22.477 O
337 41 25.615 1.736 23.921 O
338 42 30.262 2.340 19.181 N
339 42 30.923 1.508 18.175 C
340 42 32.441 1.496 18.294 C
341 42 33.116 0.649 17.703 O
342 42 30.523 1.951 16.766 C
343 42 29.115 1.556 16.377 C
344 42 29.013 0.051 16.216 C
345 42 27.649 -0.351 15.735 C
346 42 27.625 -1.819 15.516 N
347 43 32.976 2.452 19.045 N
348 43 34.412 2.571 19.217 C
349 43 34.876 2.044 20.569 C
350 43 34.842 2.766 21.565 O
351 43 34.839 4.037 19.054 C
352 43 34.584 4.592 17.679 C
353 43 33.320 5.066 17.326 C
354 43 35.605 4.633 16.731 C
355 43 33.080 5.575 16.045 C
356 43 35.371 5.141 15.446 C
357 43 34.110 5.611 15.108 C
358 44 35.353 0.801 20.595 N
359 44 35.829 0.198 21.834 C
360 44 36.923 1.034 22.492 C
361 44 37.002 1.104 23.719 O
362 44 36.315 -1.233 21.584 C
363 44 35.182 -2.175 21.198 C
364 44 34.028 -1.947 21.633 O
365 44 35.446 -3.143 20.453 O
366 45 37.732 1.704 21.677 N
367 45 38.806 2.546 22.188 C
368 45 38.355 3.882 22.796 C
369 45 39.087 4.455 23.588 O
370 45 39.826 2.852 21.084 C
371 45 40.805 1.739 20.783 C
372 45 42.123 2.279 20.191 C
373 45 42.191 2.200 18.732 N
374 45 41.895 3.199 17.904 C
375 45 41.497 4.372 18.374 N
376 45 41.993 3.021 16.594 N
377 46 37.182 4.392 22.414 N
378 46 36.710 5.705 22.909 C
379 46 35.404 5.655 23.662 C
380 46 34.929 6.669 24.152 O
381 46 36.466 6.687 21.747 C
382 46 37.534 6.698 20.716 C
383 46 38.875 6.694 21.079 C
384 46 37.193 6.660 19.363 C
385 46 39.862 6.644 20.116 C
386 46 38.175 6.608 18.388 C
387 46 39.514 6.598 18.762 C
388 47 34.785 4.490 23.654 N
389 47 33.504 4.246 24.290 C
390 47 33.362 4.827 25.705 C
391 47 32.278 5.261 26.091 O
392 47 33.300 2.728 24.305 C
393 47 32.032 2.210 24.918 C
394 47 31.873 0.742 24.561 C
395 47 33.135 -0.034 24.869 C
396 47 33.075 -1.418 24.327 N
397 48 34.467 4.870 26.452 N
398 48 34.467 5.367 27.834 C
399 48 34.485 6.886 28.025 C
400 48 34.318 7.355 29.150 O
401 48 35.659 4.782 28.588 C
402 48 36.977 5.175 28.003 C
403 48 37.389 4.826 26.735 N
404 48 37.962 5.961 28.505 C
405 48 38.579 5.404 26.510 C
406 48 38.968 6.104 27.556 N
407 49 34.728 7.652 26.964 N
408 49 34.781 9.115 27.081 C
409 49 33.417 9.670 27.453 C
410 49 32.424 9.398 26.786 O
411 49 35.303 9.743 25.785 C
412 49 36.661 9.194 25.330 C
413 49 37.052 9.757 23.987 C
414 49 37.721 9.496 26.374 C
415 50 33.377 10.426 28.548 N
416 50 32.133 10.990 29.085 C
417 50 31.777 12.413 28.683 C
418 50 30.599 12.752 28.583 O
419 50 32.161 10.929 30.619 C
420 50 32.410 9.541 31.209 C
421 50 32.626 9.630 32.715 C
422 50 32.803 8.262 33.355 C
423 50 31.569 7.438 33.229 N
424 51 32.792 13.248 28.485 N
425 51 32.572 14.648 28.154 C
426 51 33.330 15.103 26.911 C
427 51 34.255 14.430 26.454 O
428 51 33.037 15.538 29.334 C
429 51 34.452 15.381 29.514 O
430 51 32.337 15.134 30.629 C
431 52 32.993 16.298 26.432 N
432 52 33.661 16.878 25.273 C
433 52 35.109 17.206 25.611 C
434 52 36.001 17.088 24.764 O
435 52 32.957 18.149 24.813 C
436 52 33.677 18.840 23.657 C
437 52 32.918 20.037 23.101 C
438 52 31.739 20.251 23.475 O
439 52 33.508 20.758 22.272 O
440 53 35.329 17.617 26.857 N
441 53 36.653 17.957 27.341 C
442 53 37.530 16.706 27.266 C
443 53 38.683 16.768 26.840 O
444 53 36.560 18.471 28.784 C
445 54 36.973 15.563 27.661 N
446 54 37.724 14.307 27.599 C
447 54 38.015 13.931 26.152 C
448 54 39.095 13.456 25.833 O
449 54 36.958 13.185 28.290 C
450 54 37.189 13.196 29.788 C
451 54 36.365 12.184 30.548 C
452 54 35.649 11.388 29.920 O
453 54 36.436 12.187 31.797 O
454 55 37.050 14.176 25.276 N
455 55 37.220 13.886 23.849 C
456 55 38.338 14.737 23.244 C
457 55 39.202 14.231 22.539 O
458 55 35.907 14.139 23.114 C
459 55 34.873 13.073 23.387 C
460 55 33.302 13.484 22.673 S
461 55 32.261 12.300 23.562 C
462 56 38.338 16.030 23.556 N
463 56 39.354 16.926 23.042 C
464 56 40.751 16.552 23.482 C
465 56 41.710 16.749 22.738 O
466 56 39.053 18.362 23.457 C
467 56 37.974 19.001 22.634 C
468 56 37.607 20.362 23.174 C
469 56 36.556 21.011 22.309 C
470 56 36.029 22.236 22.955 N
471 57 40.870 15.994 24.683 N
472 57 42.180 15.632 25.218 C
473 57 42.673 14.237 24.827 C
474 57 43.829 13.896 25.074 O
475 57 42.182 15.793 26.733 C
476 58 41.807 13.438 24.215 N
477 58 42.167 12.099 23.802 C
478 58 43.076 12.074 22.563 C
479 58 42.685 12.519 21.474 O
480 58 40.898 11.289 23.549 C
481 58 41.221 10.058 22.941 O
482 59 44.285 11.537 22.723 N
483 59 45.220 11.462 21.609 C
484 59 44.767 10.414 20.604 C
485 59 44.978 10.565 19.401 O
486 59 46.637 11.146 22.104 C
487 59 47.724 11.962 21.405 C
488 59 47.590 13.469 21.641 C
489 59 47.015 13.877 22.677 O
490 59 48.067 14.250 20.787 O
491 60 44.152 9.348 21.105 N
492 60 43.653 8.277 20.250 C
493 60 42.524 8.770 19.363 C
494 60 42.442 8.379 18.205 O
495 60 43.155 7.088 21.077 C
496 60 44.286 6.233 21.623 C
497 60 45.432 6.347 21.137 O
498 60 44.022 5.432 22.542 O
499 61 41.634 9.595 19.912 N
500 61 40.524 10.128 19.121 C
501 61 41.080 11.016 18.000 C
502 61 40.659 10.909 16.847 O
503 61 39.540 10.908 19.998 C
504 61 38.219 11.405 19.385 C
505 61 37.131 11.448 20.452 C
506 61 38.379 12.802 18.788 C
507 62 42.049 11.864 18.335 N
508 62 42.636 12.741 17.338 C
509 62 43.327 11.917 16.252 C
510 62 43.168 12.197 15.066 O
511 62 43.614 13.736 17.975 C
512 62 44.282 14.657 16.958 C
513 62 44.931 15.845 17.621 C
514 62 46.075 15.419 18.500 C
515 62 46.524 16.538 19.373 N
516 63 44.057 10.877 16.651 N
517 63 44.729 10.044 15.667 C
518 63 43.717 9.372 14.722 C
519 63 43.927 9.321 13.514 O
520 63 45.624 9.001 16.349 C
521 63 46.862 9.613 16.992 C
522 63 47.941 8.574 17.278 C
523 63 47.453 7.483 18.222 C
524 63 47.090 8.022 19.559 N
525 64 42.612 8.873 15.259 N
526 64 41.633 8.254 14.392 C
527 64 40.946 9.281 13.489 C
528 64 40.542 8.949 12.379 O
529 64 40.578 7.477 15.167 C
530 64 39.804 6.534 14.299 C
531 64 40.437 5.521 13.620 N
532 64 38.513 6.606 13.895 C
533 64 39.525 5.006 12.820 C
534 64 38.344 5.628 12.952 N
535 65 40.804 10.517 13.977 N
536 65 40.188 11.560 13.174 C
537 65 41.025 11.784 11.927 C
538 65 40.480 11.951 10.835 O
539 66 42.348 11.746 12.088 N
540 66 43.274 11.939 10.969 C
541 66 43.187 10.766 9.984 C
542 66 43.164 10.964 8.772 O
543 66 44.744 12.105 11.473 C
544 66 45.731 12.027 10.290 C
545 66 44.910 13.462 12.189 C
546 67 43.161 9.546 10.515 N
547 67 43.056 8.348 9.691 C
548 67 41.782 8.400 8.833 C
549 67 41.814 8.186 7.613 O
550 67 43.031 7.128 10.597 C
551 67 44.281 7.051 11.292 O
552 67 42.789 5.844 9.801 C
553 68 40.669 8.729 9.481 N
554 68 39.362 8.841 8.833 C
555 68 39.321 9.936 7.760 C
556 68 38.903 9.682 6.619 O
557 68 38.290 9.055 9.924 C
558 68 37.150 9.933 9.514 C
559 68 36.195 9.487 8.617 C
560 68 37.041 11.214 10.030 C
561 68 35.135 10.317 8.232 C
562 68 35.991 12.061 9.657 C
563 68 35.038 11.607 8.754 C
564 69 39.782 11.140 8.099 N
565 69 39.759 12.237 7.139 C
566 69 40.663 11.989 5.954 C
567 69 40.349 12.400 4.840 O
568 69 40.128 13.583 7.777 C
569 69 38.979 14.437 8.326 C
570 69 39.498 15.840 8.652 C
571 69 37.824 14.517 7.342 C
572 70 41.812 11.369 6.206 N
573 70 42.747 11.056 5.142 C
574 70 42.117 10.067 4.157 C
575 70 42.272 10.213 2.946 O
576 70 44.074 10.482 5.694 C
577 70 44.690 11.457 6.543 O
578 70 45.030 10.171 4.545 C
579 71 41.420 9.055 4.667 N
580 71 40.759 8.092 3.789 C
581 71 39.652 8.775 2.997 C
582 71 39.492 8.518 1.818 O
583 71 40.184 6.923 4.589 C
584 72 38.875 9.632 3.653 N
585 72 37.776 10.344 2.985 C
586 72 38.324 11.275 1.913 C
587 72 37.782 11.332 0.815 O
588 72 36.931 11.133 3.990 C
589 72 35.787 11.977 3.393 C
590 72 34.838 11.077 2.604 C
591 72 35.011 12.734 4.485 C
592 73 39.427 11.960 2.224 N
593 73 40.045 12.866 1.265 C
594 73 40.506 12.135 0.014 C
595 73 40.362 12.630 -1.099 O
596 74 41.050 10.939 0.200 N
597 74 41.549 10.147 -0.918 C
598 74 40.381 9.764 -1.845 C
599 74 40.500 9.803 -3.075 O
600 74 42.304 8.890 -0.397 C
601 75 39.243 9.449 -1.248 N
602 75 38.056 9.083 -2.016 C
603 75 37.521 10.284 -2.800 C
604 75 37.270 10.190 -4.001 O
605 75 36.980 8.488 -1.089 C
606 75 37.409 7.079 -0.640 C
607 75 35.632 8.430 -1.786 C
608 75 36.582 6.524 0.536 C
609 76 37.395 11.427 -2.135 N
610 76 36.907 12.638 -2.808 C
611 76 37.811 13.056 -3.980 C
612 76 37.324 13.499 -5.016 O
613 76 36.778 13.800 -1.814 C
614 76 35.730 13.689 -0.709 C
615 76 35.853 14.919 0.198 C
616 76 34.316 13.597 -1.290 C
617 77 39.126 12.887 -3.826 N
618 77 40.056 13.275 -4.882 C
619 77 39.987 12.412 -6.144 C
620 77 40.521 12.793 -7.186 O
621 77 41.469 13.365 -4.337 C
622 77 41.652 14.574 -3.411 C
623 77 42.929 14.458 -2.649 C
624 77 43.193 15.679 -1.823 C
625 77 44.505 15.513 -1.147 N
626 78 39.289 11.280 -6.051 N
627 78 39.085 10.381 -7.188 C
628 78 37.952 10.889 -8.077 C
629 78 37.777 10.411 -9.198 O
630 78 38.760 8.956 -6.723 C
631 78 39.895 8.263 -5.944 C
632 78 41.251 8.312 -6.661 C
633 78 41.283 7.486 -7.939 C
634 78 41.155 6.024 -7.680 N
635 79 37.171 11.836 -7.560 N
636 79 36.058 12.428 -8.312 C
637 79 35.097 11.407 -8.923 C
638 79 34.744 11.475 -10.097 O
639 79 36.605 13.397 -9.373 C
640 79 37.328 14.595 -8.728 C
641 79 38.251 15.302 -9.653 C
642 79 37.521 15.896 -10.809 C
643 79 38.468 16.617 -11.715 N
644 80 34.677 10.460 -8.099 N
645 80 33.744 9.442 -8.549 C
646 80 34.344 8.110 -8.949 C
647 80 33.637 7.110 -8.941 O
648 81 35.627 8.080 -9.294 N
649 81 36.281 6.837 -9.709 C
650 81 36.967 6.265 -8.483 C
651 81 38.193 6.099 -8.454 O
652 81 37.306 7.147 -10.803 C
653 81 36.707 7.786 -12.020 C
654 81 36.720 9.145 -12.270 N
655 81 36.080 7.223 -13.083 C
656 81 36.124 9.355 -13.450 C
657 81 35.715 8.220 -13.986 N
658 82 36.157 5.891 -7.499 N
659 82 36.683 5.431 -6.215 C
660 82 36.429 3.970 -5.882 C
661 82 36.539 3.576 -4.723 O
662 82 36.079 6.313 -5.113 C
663 82 34.587 6.397 -5.171 C
664 82 33.873 7.569 -5.058 N
665 82 33.659 5.421 -5.362 C
666 82 32.560 7.276 -5.183 C
667 82 32.378 5.985 -5.370 N
668 83 36.026 3.190 -6.874 N
669 83 35.731 1.777 -6.664 C
670 83 36.824 1.006 -5.897 C
671 83 36.527 0.298 -4.934 O
672 83 35.411 1.093 -8.009 C
673 83 36.433 1.349 -9.149 C
674 83 36.336 2.743 -9.796 C
675 83 35.248 3.361 -9.760 O
676 83 37.355 3.215 -10.354 O
677 84 38.087 1.178 -6.277 N
678 84 39.167 0.459 -5.595 C
679 84 39.278 0.833 -4.126 C
680 84 39.526 -0.023 -3.275 O
681 84 40.490 0.703 -6.286 C
682 85 39.069 2.114 -3.841 N
683 85 39.156 2.645 -2.487 C
684 85 38.013 2.198 -1.593 C
685 85 38.199 1.995 -0.400 O
686 85 39.191 4.185 -2.516 C
687 85 40.498 4.796 -3.007 C
688 85 40.691 4.719 -4.522 C
689 85 39.741 4.381 -5.262 O
690 85 41.812 5.013 -4.977 O
691 86 36.828 2.081 -2.173 N
692 86 35.633 1.686 -1.450 C
693 86 35.627 0.239 -0.968 C
694 86 35.142 -0.043 0.118 O
695 86 34.396 1.915 -2.323 C
696 86 33.327 2.866 -1.785 C
697 86 33.904 4.247 -1.512 C
698 86 32.202 2.969 -2.788 C
699 87 36.169 -0.672 -1.769 N
700 87 36.177 -2.096 -1.414 C
701 87 36.662 -2.456 -0.006 C
702 87 35.895 -3.015 0.781 O
703 87 36.930 -2.932 -2.462 C
704 87 36.162 -3.165 -3.747 C
705 87 36.949 -4.072 -4.676 C
706 87 36.188 -4.319 -5.969 C
707 87 36.943 -5.193 -6.909 N
708 88 37.932 -2.144 0.330 N
709 88 38.408 -2.488 1.669 C
710 88 37.671 -1.766 2.784 C
711 88 37.504 -2.325 3.872 O
712 88 39.893 -2.121 1.607 C
713 88 39.931 -1.004 0.586 C
714 88 39.014 -1.541 -0.468 C
715 89 37.207 -0.549 2.504 N
716 89 36.474 0.262 3.478 C
717 89 35.092 -0.329 3.777 C
718 89 34.656 -0.390 4.923 O
719 89 36.298 1.677 2.939 C
720 89 35.438 2.569 3.829 C
721 89 36.308 2.967 5.015 C
722 89 34.944 3.811 3.084 C
723 90 34.393 -0.728 2.728 N
724 90 33.074 -1.315 2.876 C
725 90 33.166 -2.654 3.598 C
726 90 32.303 -2.962 4.415 O
727 90 32.427 -1.509 1.509 C
728 91 34.211 -3.441 3.318 N
729 91 34.341 -4.748 3.973 C
730 91 34.578 -4.633 5.475 C
731 91 33.919 -5.311 6.256 O
732 91 35.440 -5.611 3.346 C
733 91 35.549 -6.985 4.025 C
734 91 36.587 -7.900 3.405 C
735 91 37.697 -7.483 3.113 O
736 91 36.237 -9.169 3.240 N
737 92 35.495 -3.757 5.890 N
738 92 35.761 -3.607 7.319 C
739 92 34.579 -2.991 8.075 C
740 92 34.214 -3.449 9.161 O
741 92 37.045 -2.803 7.555 C
742 92 36.895 -1.464 7.128 O
743 93 33.944 -1.984 7.492 N
744 93 32.818 -1.350 8.167 C
745 93 31.554 -2.190 8.198 C
746 93 30.773 -2.080 9.135 O
747 93 32.551 0.041 7.603 C
748 93 33.627 1.018 7.948 C
749 93 34.948 0.802 7.620 N
750 93 33.603 2.149 8.688 C
751 93 35.692 1.753 8.150 C
752 93 34.900 2.583 8.804 N
753 94 31.377 -3.061 7.211 N
754 94 30.196 -3.922 7.187 C
755 94 30.391 -5.201 8.036 C
756 94 29.557 -5.538 8.869 O
757 94 29.856 -4.311 5.750 C
758 95 31.547 -5.836 7.883 N
759 95 31.845 -7.113 8.532 C
760 95 32.561 -7.063 9.873 C
761 95 32.298 -7.890 10.741 O
762 95 32.650 -7.992 7.562 C
763 95 32.129 -7.796 6.246 O
764 95 32.540 -9.487 7.921 C
765 96 33.483 -6.122 10.044 N
766 96 34.195 -6.030 11.310 C
767 96 33.563 -5.044 12.293 C
768 96 33.140 -5.425 13.378 O
769 96 35.653 -5.673 11.056 C
770 96 36.565 -5.835 12.280 C
771 96 37.975 -5.471 11.883 C
772 96 39.018 -6.188 12.705 C
773 96 40.246 -6.393 11.877 N
774 97 33.486 -3.776 11.904 N
775 97 32.928 -2.735 12.769 C
776 97 31.404 -2.746 12.867 C
777 97 30.857 -2.332 13.886 O
778 97 33.412 -1.370 12.294 C
779 97 34.870 -1.337 11.968 C
780 97 35.843 -1.943 12.731 N
781 97 35.523 -0.757 10.928 C
782 97 37.037 -1.717 12.147 C
783 97 36.897 -1.001 11.048 N
784 98 30.731 -3.168 11.790 N
785 98 29.264 -3.254 11.735 C
786 98 28.579 -1.899 11.851 C
787 98 27.774 -1.673 12.741 O
788 98 28.754 -4.207 12.820 C
789 98 28.135 -5.473 12.273 C
790 98 28.712 -6.708 12.927 C
791 98 30.190 -6.821 12.653 C
792 98 30.732 -8.147 13.062 N
793 99 28.867 -1.025 10.898 N
794 99 28.343 0.329 10.866 C
795 99 27.148 0.456 9.938 C
796 99 27.287 0.325 8.718 O
797 99 29.440 1.317 10.367 C
798 99 30.746 1.130 11.155 C
799 99 28.919 2.759 10.374 C
800 99 30.612 1.231 12.658 C
801 100 25.953 0.713 10.495 N
802 100 24.776 0.850 9.625 C
803 100 24.811 2.112 8.751 C
804 100 25.419 3.122 9.118 O
805 100 23.602 0.860 10.618 C
806 100 24.220 1.341 11.913 C
807 100 25.570 0.655 11.918 C
808 101 24.195 2.027 7.573 N
809 101 24.137 3.153 6.642 C
810 101 23.643 4.413 7.332 C
811 101 24.034 5.520 6.972 O
812 101 23.200 2.845 5.432 C
813 101 23.797 1.736 4.563 C
814 101 22.952 4.106 4.600 C
815 101 25.105 2.113 3.890 C
816 102 22.769 4.229 8.316 N
817 102 22.193 5.319 9.094 C
818 102 23.329 6.161 9.688 C
819 102 23.291 7.401 9.676 O
820 102 21.336 4.707 10.212 C
821 102 20.548 5.685 11.074 C
822 102 19.546 6.494 10.263 C
823 102 18.626 7.279 11.187 C
824 102 17.879 8.358 10.480 N
825 103 24.356 5.478 10.179 N
826 103 25.491 6.163 10.779 C
827 103 26.327 6.960 9.784 C
828 103 27.000 7.914 10.174 O
829 103 26.357 5.184 11.574 C
830 103 25.735 4.689 12.876 C
831 103 24.387 4.914 13.169 C
832 103 26.500 3.977 13.798 C
833 103 23.818 4.434 14.350 C
834 103 25.952 3.496 14.971 C
835 103 24.612 3.721 15.247 C
836 103 24.066 3.209 16.410 O
837 104 26.284 6.567 8.506 N
838 104 27.031 7.267 7.453 C
839 104 26.317 8.586 7.150 C
840 104 26.950 9.588 6.840 O
841 104 27.175 6.397 6.204 C
842 104 27.919 5.066 6.480 C
843 104 27.975 4.214 5.239 C
844 104 29.319 5.333 6.980 C
845 105 24.997 8.596 7.315 N
846 105 24.250 9.825 7.118 C
847 105 24.590 10.781 8.272 C
848 105 24.815 11.967 8.041 O
849 105 22.754 9.538 7.084 C
850 105 22.341 8.724 5.869 C
851 105 20.880 8.323 5.878 C
852 105 20.264 8.280 6.964 O
853 105 20.355 8.025 4.791 O
854 106 24.661 10.257 9.500 N
855 106 24.986 11.084 10.672 C
856 106 26.358 11.755 10.509 C
857 106 26.516 12.932 10.823 O
858 106 25.015 10.253 11.960 C
859 106 23.688 9.676 12.369 C
860 106 22.493 10.184 11.876 C
861 106 23.636 8.630 13.282 C
862 106 21.260 9.657 12.291 C
863 106 22.414 8.100 13.702 C
864 106 21.233 8.616 13.207 C
865 107 27.367 11.010 10.063 N
866 107 28.679 11.628 9.907 C
867 107 28.699 12.630 8.741 C
868 107 29.466 13.598 8.761 O
869 107 29.827 10.578 9.795 C
870 107 31.174 11.274 10.025 C
871 107 29.793 9.848 8.441 C
872 107 32.234 10.333 10.446 C
873 108 27.832 12.410 7.747 N
874 108 27.742 13.317 6.606 C
875 108 27.255 14.675 7.103 C
876 108 27.777 15.705 6.685 O
877 108 26.793 12.772 5.541 C
878 108 27.380 11.644 4.915 O
879 109 26.281 14.656 8.022 N
880 109 25.733 15.874 8.633 C
881 109 26.801 16.602 9.469 C
882 109 26.866 17.846 9.471 O
883 109 24.565 15.531 9.548 C
884 109 23.990 16.762 10.249 C
885 109 23.202 16.450 11.519 C
886 109 22.966 15.256 11.830 O
887 109 22.827 17.419 12.218 O
888 110 27.592 15.824 10.214 N
889 110 28.669 16.369 11.059 C
890 110 29.725 17.076 10.195 C
891 110 30.237 18.154 10.553 O
892 110 29.340 15.237 11.898 C
893 111 30.046 16.462 9.054 N
894 111 31.027 17.029 8.138 C
895 111 30.503 18.370 7.616 C
896 111 31.209 19.367 7.613 O
897 111 31.315 16.081 6.950 C
898 111 32.150 14.883 7.426 C
899 111 32.097 16.829 5.859 C
900 111 32.126 13.710 6.496 C
901 112 29.259 18.377 7.167 N
902 112 28.660 19.591 6.637 C
903 112 28.586 20.704 7.700 C
904 112 28.926 21.852 7.406 O
905 112 27.288 19.265 5.990 C
906 112 27.523 18.581 4.636 C
907 112 26.440 20.553 5.791 C
908 112 26.364 17.738 4.200 C
909 113 28.254 20.338 8.946 N
910 113 28.155 21.302 10.041 C
911 113 29.496 21.990 10.305 C
912 113 29.565 23.219 10.469 O
913 113 27.696 20.599 11.329 C
914 113 27.612 21.509 12.518 C
915 113 26.474 22.189 12.893 N
916 113 28.575 21.906 13.386 C
917 113 26.778 22.968 13.938 C
918 113 28.046 22.828 14.273 N
919 114 30.552 21.181 10.387 N
920 114 31.884 21.703 10.660 C
921 114 32.411 22.559 9.523 C
922 114 33.003 23.605 9.784 O
923 114 32.880 20.555 11.015 C
924 114 34.322 21.090 11.102 C
925 114 32.463 19.922 12.348 C
926 115 32.230 22.122 8.268 N
927 115 32.694 22.940 7.135 C
928 115 31.965 24.283 7.103 C
929 115 32.561 25.316 6.813 O
930 115 32.486 22.239 5.796 C
931 115 33.229 20.917 5.632 C
932 115 33.228 20.511 4.150 C
933 115 34.638 21.034 6.139 C
934 116 30.661 24.247 7.373 N
935 116 29.851 25.453 7.402 C
936 116 30.353 26.385 8.515 C
937 116 30.464 27.591 8.296 O
938 116 28.384 25.075 7.619 C
939 116 27.461 26.249 7.790 C
940 116 26.970 27.008 6.751 N
941 116 26.931 26.789 8.920 C
942 116 26.179 27.961 7.276 C
943 116 26.126 27.867 8.591 N
944 117 30.691 25.834 9.686 N
945 117 31.168 26.673 10.795 C
946 117 32.541 27.289 10.535 C
947 117 32.739 28.495 10.757 O
948 117 31.279 25.869 12.101 C
949 117 30.051 25.261 12.416 O
950 118 33.477 26.450 10.074 N
951 118 34.849 26.880 9.843 C
952 118 35.173 27.592 8.529 C
953 118 36.114 28.382 8.481 O
954 118 35.806 25.682 10.024 C
955 118 35.855 25.151 11.463 C
956 118 36.838 23.971 11.652 C
957 118 38.213 24.410 11.487 N
958 118 39.276 23.833 12.036 C
959 118 39.144 22.771 12.817 N
960 118 40.483 24.325 11.791 N
961 119 34.408 27.316 7.473 N
962 119 34.661 27.887 6.154 C
963 119 33.417 28.522 5.497 C
964 119 33.096 28.232 4.334 O
965 119 35.216 26.781 5.248 C
966 119 36.387 26.050 5.838 C
967 119 37.663 26.571 5.929 N
968 119 36.462 24.803 6.370 C
969 119 38.456 25.648 6.493 C
970 119 37.779 24.551 6.781 N
971 120 32.768 29.472 6.183 N
972 120 31.576 30.100 5.609 C
973 120 31.764 30.744 4.227 C
974 120 30.913 30.614 3.369 O
975 120 31.178 31.117 6.681 C
976 120 32.485 31.491 7.294 C
977 120 33.146 30.135 7.443 C
978 121 32.903 31.380 3.997 N
979 121 33.148 32.010 2.713 C
980 121 33.369 31.030 1.572 C
981 121 33.164 31.384 0.416 O
982 122 33.809 29.814 1.876 N
983 122 34.046 28.822 0.834 C
984 122 33.013 27.714 0.928 C
985 122 33.169 26.649 0.322 O
986 122 35.459 28.229 0.958 C
987 122 36.551 29.244 0.617 C
988 122 37.530 29.413 1.355 O
989 122 36.372 29.938 -0.493 N
990 123 31.966 27.941 1.709 N
991 123 30.954 26.905 1.859 C
992 123 29.571 27.530 1.814 C
993 123 28.818 27.469 2.792 O
994 123 31.165 26.131 3.172 C
995 123 30.599 24.729 3.168 C
996 123 31.123 23.758 2.328 C
997 123 29.568 24.376 4.028 C
998 123 30.627 22.452 2.345 C
999 123 29.069 23.079 4.052 C
1000 123 29.599 22.113 3.209 C
1001 124 29.302 28.207 0.697 N
1002 124 28.010 28.817 0.457 C
1003 124 27.026 27.719 0.047 C
1004 124 27.353 26.521 0.041 O
1005 125 25.812 28.124 -0.299 N
1006 125 24.784 27.160 -0.671 C
1007 125 25.199 26.254 -1.812 C
1008 125 24.936 25.061 -1.765 O
1009 125 23.480 27.869 -0.999 C
1010 126 25.833 26.802 -2.842 N
1011 126 26.248 25.978 -3.975 C
1012 126 27.320 24.973 -3.549 C
1013 126 27.251 23.798 -3.907 O
1014 126 26.769 26.840 -5.125 C
1015 126 25.677 27.700 -5.763 C
1016 126 24.520 27.269 -5.796 O
1017 126 25.983 28.819 -6.223 O
1018 127 28.306 25.430 -2.784 N
1019 127 29.368 24.529 -2.316 C
1020 127 28.808 23.430 -1.391 C
1021 127 29.227 22.275 -1.472 O
1022 127 30.500 25.332 -1.612 C
1023 128 27.839 23.773 -0.536 N
1024 128 27.239 22.786 0.359 C
1025 128 26.432 21.757 -0.441 C
1026 128 26.403 20.567 -0.106 O
1027 128 26.336 23.457 1.407 C
1028 128 25.777 22.449 2.428 C
1029 128 25.042 23.100 3.583 C
1030 128 25.371 24.207 4.004 O
1031 128 24.021 22.422 4.082 N
1032 129 25.755 22.227 -1.483 N
1033 129 24.993 21.338 -2.330 C
1034 129 25.923 20.346 -3.020 C
1035 129 25.593 19.166 -3.135 O
1036 130 27.071 20.824 -3.500 N
1037 130 28.037 19.946 -4.167 C
1038 130 28.597 18.908 -3.183 C
1039 130 28.709 17.722 -3.520 O
1040 130 29.183 20.767 -4.784 C
1041 131 28.966 19.364 -1.981 N
1042 131 29.494 18.469 -0.935 C
1043 131 28.440 17.422 -0.549 C
1044 131 28.741 16.234 -0.430 O
1045 131 29.938 19.277 0.303 C
1046 131 30.593 18.452 1.413 C
1047 131 32.069 17.515 0.892 S
1048 131 33.285 18.787 0.886 C
1049 132 27.195 17.853 -0.366 N
1050 132 26.137 16.896 -0.035 C
1051 132 26.000 15.837 -1.146 C
1052 132 25.833 14.654 -0.866 O
1053 132 24.796 17.597 0.125 C
1054 132 23.674 16.620 0.362 C
1055 132 23.712 15.855 1.313 O
1056 132 22.687 16.622 -0.510 N
1057 133 26.044 16.279 -2.403 N
1058 133 25.940 15.378 -3.563 C
1059 133 27.103 14.372 -3.563 C
1060 133 26.909 13.168 -3.820 O
1061 133 25.944 16.211 -4.849 C
1062 133 25.303 15.550 -6.039 C
1063 133 25.128 16.519 -7.195 C
1064 133 24.703 15.776 -8.450 C
1065 133 24.760 16.637 -9.662 N
1066 134 28.299 14.863 -3.234 N
1067 134 29.485 14.016 -3.176 C
1068 134 29.332 12.955 -2.093 C
1069 134 29.649 11.793 -2.317 O
1070 134 30.723 14.848 -2.912 C
1071 135 28.831 13.355 -0.924 N
1072 135 28.629 12.418 0.178 C
1073 135 27.469 11.441 -0.107 C
1074 135 27.540 10.256 0.255 O
1075 135 28.422 13.179 1.499 C
1076 135 29.613 14.051 1.936 C
1077 135 29.239 14.856 3.186 C
1078 135 30.843 13.165 2.207 C
1079 136 26.419 11.912 -0.783 N
1080 136 25.307 11.022 -1.125 C
1081 136 25.798 9.958 -2.115 C
1082 136 25.367 8.811 -2.049 O
1083 136 24.143 11.785 -1.744 C
1084 136 23.450 12.703 -0.782 C
1085 136 22.209 13.344 -1.368 C
1086 136 22.093 13.408 -2.612 O
1087 136 21.350 13.792 -0.578 O
1088 137 26.672 10.354 -3.044 N
1089 137 27.247 9.432 -4.029 C
1090 137 28.037 8.375 -3.259 C
1091 137 27.909 7.170 -3.505 O
1092 137 28.199 10.170 -4.979 C
1093 137 28.972 9.261 -5.943 C
1094 137 27.972 8.550 -6.878 C
1095 137 30.032 10.054 -6.733 C
1096 138 28.872 8.849 -2.339 N
1097 138 29.671 7.958 -1.498 C
1098 138 28.748 6.969 -0.747 C
1099 138 28.982 5.766 -0.790 O
1100 138 30.520 8.783 -0.528 C
1101 138 31.120 7.984 0.592 C
1102 138 32.183 7.121 0.359 C
1103 138 30.605 8.092 1.888 C
1104 138 32.726 6.373 1.389 C
1105 138 31.144 7.342 2.933 C
1106 138 32.210 6.478 2.679 C
1107 139 27.684 7.469 -0.114 N
1108 139 26.744 6.605 0.616 C
1109 139 26.020 5.586 -0.270 C
1110 139 25.761 4.456 0.146 O
1111 139 25.699 7.435 1.375 C
1112 139 26.301 8.319 2.447 C
1113 139 25.311 8.635 3.530 C
1114 139 24.138 9.342 3.041 N
1115 139 24.089 10.646 2.802 C
1116 139 25.161 11.407 2.961 N
1117 139 22.964 11.186 2.371 N
1118 140 25.670 6.000 -1.482 N
1119 140 24.975 5.123 -2.422 C
1120 140 25.885 3.957 -2.806 C
1121 140 25.469 2.801 -2.804 O
1122 140 24.561 5.899 -3.683 C
1123 140 23.745 5.076 -4.660 C
1124 140 23.364 5.854 -5.917 C
1125 140 24.386 5.683 -7.044 C
1126 140 25.673 6.382 -6.781 N
1127 141 27.134 4.274 -3.131 N
1128 141 28.103 3.256 -3.505 C
1129 141 28.455 2.312 -2.364 C
1130 141 28.538 1.103 -2.570 O
1131 141 29.345 3.910 -4.118 C
1132 141 29.087 4.437 -5.526 C
1133 141 27.971 4.232 -6.059 O
1134 141 29.986 5.068 -6.099 O
1135 142 28.646 2.847 -1.162 N
1136 142 28.955 2.003 -0.006 C
1137 142 27.769 1.078 0.276 C
1138 142 27.960 -0.099 0.594 O
1139 142 29.244 2.834 1.275 C
1140 142 30.636 3.446 1.205 C
1141 142 29.171 1.947 2.520 C
1142 142 31.743 2.427 1.409 C
1143 143 26.550 1.621 0.179 N
1144 143 25.330 0.835 0.420 C
1145 143 25.261 -0.356 -0.533 C
1146 143 24.954 -1.463 -0.113 O
1147 143 24.077 1.709 0.266 C
1148 144 25.540 -0.114 -1.812 N
1149 144 25.529 -1.153 -2.835 C
1150 144 26.583 -2.232 -2.521 C
1151 144 26.346 -3.419 -2.730 O
1152 144 25.813 -0.529 -4.185 C
1153 145 27.747 -1.806 -2.026 N
1154 145 28.806 -2.738 -1.670 C
1155 145 28.402 -3.548 -0.451 C
1156 145 28.695 -4.745 -0.379 O
1157 145 30.113 -1.992 -1.403 C
1158 145 31.004 -1.889 -2.627 C
1159 145 30.184 -1.566 -3.873 C
1160 145 30.395 -0.143 -4.345 C
1161 145 29.304 0.300 -5.251 N
1162 146 27.725 -2.896 0.495 N
1163 146 27.252 -3.563 1.715 C
1164 146 26.383 -4.762 1.307 C
1165 146 26.558 -5.874 1.805 O
1166 146 26.398 -2.603 2.561 C
1167 146 27.128 -1.802 3.635 C
1168 146 28.523 -1.639 3.618 C
1169 146 26.416 -1.251 4.708 C
1170 146 29.183 -0.960 4.651 C
1171 146 27.072 -0.570 5.742 C
1172 146 28.453 -0.434 5.711 C
1173 146 29.081 0.198 6.759 O
1174 147 25.471 -4.514 0.372 N
1175 147 24.561 -5.532 -0.138 C
1176 147 25.313 -6.702 -0.760 C
1177 147 24.993 -7.861 -0.488 O
1178 147 23.599 -4.903 -1.145 C
1179 147 22.466 -5.807 -1.588 C
1180 147 21.477 -5.052 -2.472 C
1181 147 20.527 -6.000 -3.200 C
1182 147 19.761 -6.888 -2.277 N
1183 148 26.347 -6.405 -1.544 N
1184 148 27.150 -7.455 -2.175 C
1185 148 27.892 -8.273 -1.129 C
1186 148 28.065 -9.480 -1.290 O
1187 148 28.159 -6.859 -3.149 C
1188 148 27.551 -6.424 -4.463 C
1189 148 28.484 -5.563 -5.298 C
1190 148 29.718 -5.694 -5.173 O
1191 148 27.967 -4.742 -6.083 O
1192 149 28.314 -7.607 -0.058 N
1193 149 29.047 -8.244 1.026 C
1194 149 28.135 -9.037 1.961 C
1195 149 28.606 -9.794 2.812 O
1196 149 29.847 -7.192 1.802 C
1197 149 30.975 -6.542 0.991 C
1198 149 31.598 -5.397 1.748 C
1199 149 32.045 -7.571 0.618 C
1200 150 26.830 -8.832 1.810 N
1201 150 25.855 -9.542 2.613 C
1202 150 25.394 -8.854 3.873 C
1203 150 24.857 -9.503 4.757 O
1204 151 25.575 -7.541 3.946 N
1205 151 25.180 -6.776 5.115 C
1206 151 24.050 -5.763 4.875 C
1207 151 22.905 -6.005 5.255 O
1208 151 26.407 -6.083 5.699 C
1209 151 26.126 -5.160 6.866 C
1210 151 25.676 -5.655 8.083 C
1211 151 26.343 -3.790 6.761 C
1212 151 25.446 -4.811 9.164 C
1213 151 26.121 -2.940 7.841 C
1214 151 25.672 -3.457 9.033 C
1215 151 25.443 -2.614 10.089 O
1216 152 24.359 -4.647 4.223 N
1217 152 23.364 -3.589 3.993 C
1218 152 22.742 -3.195 5.339 C
1219 152 21.645 -3.645 5.684 O
1220 152 22.269 -4.039 3.012 C
1221 152 22.264 -3.244 1.710 C
1222 152 22.388 -1.750 1.949 C
1223 152 23.491 -1.210 1.983 O
1224 152 21.259 -1.084 2.153 N
1225 153 23.480 -2.399 6.110 N
1226 153 23.020 -1.977 7.423 C
1227 153 21.956 -0.906 7.431 C
1228 153 20.877 -1.159 8.012 O
1229 153 22.199 0.185 6.872 O
