486
1 1 18.763 34.242 91.601 O
2 1 19.158 34.515 90.216 C
3 1 20.390 33.697 89.705 C
4 1 20.201 32.312 90.097 O
5 1 20.571 33.696 88.216 C
6 1 21.933 33.540 87.797 O
7 1 19.578 32.548 87.925 C
8 1 19.676 31.516 89.063 C
9 1 18.422 30.855 89.595 N
10 1 18.458 29.499 89.904 C
11 1 19.469 28.814 89.818 O
12 1 17.336 28.881 90.325 N
13 1 16.194 29.528 90.452 C
14 1 15.112 28.851 90.830 N
15 1 16.135 30.917 90.176 C
16 1 17.259 31.538 89.761 C
17 2 22.315 33.102 86.265 P
18 2 23.608 33.719 85.876 O
19 2 21.088 33.414 85.469 O
20 2 22.549 31.497 86.123 O
21 2 23.903 31.153 86.331 C
22 2 24.272 29.731 86.396 C
23 2 23.534 28.963 87.358 O
24 2 24.166 29.047 85.084 C
25 2 25.211 28.164 85.056 O
26 2 22.868 28.368 85.128 C
27 2 22.601 28.090 86.625 C
28 2 21.117 28.270 86.688 N
29 2 20.386 29.312 86.222 C
30 2 19.104 29.206 86.292 N
31 2 18.936 27.991 86.903 C
32 2 17.732 27.375 87.269 C
33 2 16.585 27.811 87.120 O
34 2 17.976 26.136 87.871 N
35 2 19.218 25.592 88.100 C
36 2 19.263 24.401 88.655 N
37 2 20.355 26.210 87.769 N
38 2 20.148 27.404 87.175 C
39 3 25.450 27.398 83.731 P
40 3 26.915 27.186 83.810 O
41 3 24.841 28.186 82.627 O
42 3 24.631 26.024 83.870 O
43 3 25.197 24.947 84.623 C
44 3 24.336 23.716 84.535 C
45 3 23.106 24.263 84.849 O
46 3 24.054 23.193 83.129 C
47 3 24.781 21.997 82.993 O
48 3 22.573 22.911 83.115 C
49 3 22.006 23.490 84.395 C
50 3 20.895 24.459 84.203 N
51 3 19.636 24.132 84.636 C
52 3 19.415 23.033 85.136 O
53 3 18.630 25.052 84.487 N
54 3 18.844 26.237 83.900 C
55 3 17.839 27.101 83.734 N
56 3 20.147 26.579 83.441 C
57 3 21.130 25.668 83.615 C
58 4 24.763 21.110 81.686 P
59 4 26.001 20.311 81.671 O
60 4 24.420 21.937 80.514 O
61 4 23.485 20.210 81.997 O
62 4 23.374 19.432 83.187 C
63 4 22.061 18.661 83.122 C
64 4 20.873 19.485 83.071 O
65 4 22.038 17.859 81.856 C
66 4 21.546 16.567 82.126 O
67 4 21.222 18.751 80.972 C
68 4 20.153 19.364 81.843 C
69 4 19.768 20.737 81.425 N
70 4 20.564 21.778 81.138 C
71 4 19.978 22.903 80.859 N
72 4 18.651 22.581 80.940 C
73 4 17.509 23.327 80.744 C
74 4 17.553 24.613 80.416 N
75 4 16.326 22.724 80.897 N
76 4 16.298 21.449 81.223 C
77 4 17.320 20.636 81.424 N
78 4 18.496 21.272 81.270 C
79 5 21.213 15.541 80.976 P
80 5 21.489 14.175 81.472 O
81 5 21.885 16.041 79.753 O
82 5 19.646 15.704 80.781 O
83 5 18.762 15.185 81.770 C
84 5 17.353 15.525 81.394 C
85 5 17.377 16.953 81.140 O
86 5 16.875 14.773 80.108 C
87 5 15.476 14.455 80.309 O
88 5 17.212 15.851 79.079 C
89 5 16.838 17.146 79.810 C
90 5 17.280 18.427 79.221 N
91 5 18.522 18.836 78.929 C
92 5 18.640 20.055 78.483 N
93 5 17.332 20.493 78.438 C
94 5 16.760 21.707 78.039 C
95 5 17.477 22.754 77.599 N
96 5 15.423 21.803 78.105 N
97 5 14.710 20.779 78.561 C
98 5 15.143 19.600 78.954 N
99 5 16.487 19.512 78.875 C
100 6 14.545 13.255 79.728 P
101 6 13.885 12.504 80.825 O
102 6 15.181 12.554 78.583 O
103 6 13.445 14.193 79.076 O
104 6 12.502 14.766 79.946 C
105 6 11.700 15.775 79.203 C
106 6 12.460 16.925 78.752 O
107 6 10.983 15.176 78.042 C
108 6 9.733 15.806 77.994 O
109 6 11.911 15.601 76.972 C
110 6 12.243 17.038 77.374 C
111 6 13.384 17.691 76.757 N
112 6 14.574 17.222 76.388 C
113 6 15.380 18.087 75.896 N
114 6 14.629 19.246 75.944 C
115 6 14.883 20.557 75.582 C
116 6 16.019 20.941 75.061 N
117 6 13.939 21.476 75.761 N
118 6 12.788 21.094 76.265 C
119 6 12.427 19.888 76.639 N
120 6 13.412 19.003 76.454 C
121 7 8.595 15.165 77.084 P
122 7 7.400 15.236 77.921 O
123 7 9.078 13.867 76.507 O
124 7 8.516 16.204 75.845 O
125 7 7.846 17.430 76.032 C
126 7 8.171 18.433 74.979 C
127 7 9.582 18.748 74.918 O
128 7 7.799 18.019 73.652 C
129 7 7.116 19.147 73.160 O
130 7 9.091 17.840 72.971 C
131 7 9.935 18.921 73.532 C
132 7 11.396 18.733 73.311 N
133 7 12.154 19.825 72.914 C
134 7 11.688 20.939 72.699 O
135 7 13.504 19.616 72.747 N
136 7 14.171 18.435 72.914 C
137 7 15.391 18.394 72.723 O
138 7 13.295 17.346 73.305 C
139 7 13.861 15.940 73.502 C
140 7 11.979 17.525 73.493 C
141 8 5.558 18.922 72.799 P
142 8 4.647 19.566 73.808 O
143 8 5.385 17.489 72.456 O
144 8 5.639 19.783 71.442 O
145 8 5.816 21.196 71.619 C
146 8 6.828 21.778 70.646 C
147 8 7.906 20.885 70.610 O
148 8 6.484 21.845 69.187 C
149 8 5.893 23.117 69.036 O
150 8 7.831 21.664 68.478 C
151 8 8.762 21.380 69.587 C
152 8 9.853 20.399 69.388 N
153 8 11.031 20.894 68.924 C
154 8 11.122 22.049 68.488 O
155 8 12.089 20.006 68.946 N
156 8 12.054 18.680 69.329 C
157 8 13.083 17.997 69.395 O
158 8 10.758 18.212 69.658 C
159 8 10.608 16.711 69.916 C
160 8 9.712 19.068 69.707 C
161 9 5.357 23.575 67.635 P
162 9 4.875 24.961 67.718 O
163 9 4.448 22.540 67.156 O
164 9 6.734 23.563 66.869 O
165 9 7.569 24.701 67.198 C
166 9 8.748 24.907 66.266 C
167 9 9.732 23.850 66.316 O
168 9 8.210 25.012 64.841 C
169 9 8.685 26.231 64.278 O
170 9 8.771 23.767 64.219 C
171 9 10.077 23.546 64.957 C
172 9 10.542 22.158 65.024 N
173 9 11.859 21.888 64.750 C
174 9 12.695 22.733 64.428 O
175 9 12.224 20.569 64.856 N
176 9 11.388 19.499 65.199 C
177 9 11.803 18.344 65.290 O
178 9 10.027 19.866 65.433 C
179 9 9.013 18.732 65.690 C
180 9 9.652 21.162 65.358 C
181 10 7.880 27.109 63.184 P
182 10 8.624 28.381 63.102 O
183 10 6.439 27.123 63.520 O
184 10 7.941 26.318 61.781 O
185 10 8.832 26.520 60.672 C
186 10 10.350 26.713 61.010 C
187 10 10.987 25.676 61.797 O
188 10 11.106 26.750 59.695 C
189 10 12.166 27.693 59.525 O
190 10 11.471 25.304 59.545 C
191 10 11.754 24.799 60.932 C
192 10 11.255 23.432 61.136 N
193 10 9.980 22.994 61.112 C
194 10 9.809 21.721 61.317 N
195 10 11.108 21.247 61.507 C
196 10 11.584 19.922 61.756 C
197 10 11.005 18.868 61.950 O
198 10 12.921 19.879 61.839 N
199 10 13.734 20.945 61.688 C
200 10 15.018 20.684 61.753 N
201 10 13.333 22.211 61.521 N
202 10 11.997 22.282 61.392 C
203 11 12.717 27.855 57.996 P
204 11 13.289 29.211 57.814 O
205 11 11.715 27.322 57.037 O
206 11 13.911 26.795 58.076 O
207 11 14.897 26.988 59.091 C
208 11 15.893 25.848 59.086 C
209 11 15.095 24.665 59.301 O
210 11 16.626 25.770 57.727 C
211 11 18.053 25.966 57.852 O
212 11 16.037 24.470 57.149 C
213 11 15.462 23.671 58.349 C
214 11 14.198 22.911 58.118 N
215 11 14.084 21.606 58.593 C
216 11 14.987 20.982 59.151 O
217 11 12.925 20.944 58.436 N
218 11 11.892 21.490 57.806 C
219 11 10.789 20.747 57.715 N
220 11 11.984 22.811 57.272 C
221 11 13.143 23.483 57.454 C
222 12 19.057 26.282 56.597 P
223 12 20.386 26.637 57.169 O
224 12 18.436 27.200 55.621 O
225 12 19.111 24.863 55.844 O
226 12 20.306 24.085 55.800 C
227 12 20.107 22.800 55.014 C
228 12 18.938 22.185 55.535 O
229 12 19.798 22.965 53.519 C
230 12 20.982 23.036 52.724 O
231 12 19.068 21.702 53.203 C
232 12 18.471 21.271 54.532 C
233 12 17.030 21.284 54.561 N
234 12 16.165 22.270 54.216 C
235 12 14.915 21.969 54.337 N
236 12 14.967 20.660 54.811 C
237 12 13.918 19.796 55.136 C
238 12 12.704 19.995 55.104 O
239 12 14.384 18.566 55.558 N
240 12 15.707 18.202 55.693 C
241 12 15.965 16.966 56.127 N
242 12 16.709 19.035 55.396 N
243 12 16.255 20.236 54.958 C
245 13 8.273 11.757 54.696 O
246 13 8.595 11.647 56.112 C
247 13 10.084 11.408 56.196 C
248 13 10.692 12.473 55.432 O
249 13 10.704 11.426 57.589 C
250 13 11.698 10.395 57.699 O
251 13 11.172 12.891 57.634 C
252 13 11.549 13.317 56.231 C
253 13 11.235 14.766 55.996 N
254 13 12.249 15.734 56.059 C
255 13 13.437 15.506 56.305 O
256 13 11.893 17.020 55.823 N
257 13 10.644 17.386 55.570 C
258 13 10.402 18.674 55.376 N
259 13 9.608 16.432 55.511 C
260 13 9.944 15.141 55.724 C
261 14 12.391 10.011 59.097 P
262 14 12.204 8.565 59.406 O
263 14 11.997 11.022 60.104 O
264 14 13.883 10.210 58.704 O
265 14 14.248 11.448 58.239 C
266 14 15.629 11.710 58.616 C
267 14 15.673 13.154 58.488 O
268 14 15.924 11.388 60.087 C
269 14 17.313 11.249 60.395 O
270 14 15.269 12.553 60.774 C
271 14 15.520 13.707 59.848 C
272 14 14.377 14.598 59.784 N
273 14 13.050 14.419 59.973 C
274 14 12.290 15.430 59.717 N
275 14 13.220 16.381 59.352 C
276 14 13.022 17.687 58.947 C
277 14 11.971 18.279 58.744 O
278 14 14.211 18.337 58.737 N
279 14 15.464 17.789 58.842 C
280 14 16.526 18.545 58.638 N
281 14 15.666 16.521 59.167 N
282 14 14.492 15.889 59.418 C
283 15 18.000 11.045 61.856 P
284 15 19.194 10.145 61.632 O
285 15 17.018 10.674 62.893 O
286 15 18.533 12.484 62.214 O
287 15 19.489 13.147 61.422 C
288 15 19.324 14.571 61.733 C
289 15 17.963 14.893 61.534 O
290 15 19.605 14.874 63.176 C
291 15 21.026 15.094 63.215 O
292 15 18.671 16.074 63.402 C
293 15 17.769 16.161 62.160 C
294 15 16.313 16.269 62.372 N
295 15 15.632 17.416 61.961 C
296 15 16.200 18.402 61.485 O
297 15 14.280 17.442 62.093 N
298 15 13.614 16.399 62.620 C
299 15 12.273 16.445 62.732 N
300 15 14.330 15.236 63.076 C
301 15 15.666 15.226 62.936 C
302 16 21.876 15.635 64.454 P
303 16 23.301 15.449 64.153 O
304 16 21.287 15.041 65.683 O
305 16 21.554 17.170 64.518 O
306 16 22.026 17.990 63.500 C
307 16 21.705 19.400 63.858 C
308 16 20.292 19.469 63.981 O
309 16 22.292 19.871 65.193 C
310 16 22.263 21.326 65.093 O
311 16 21.228 19.330 66.121 C
312 16 19.977 19.756 65.351 C
313 16 18.716 19.115 65.667 N
314 16 18.449 17.980 66.316 C
315 16 17.206 17.665 66.392 N
316 16 16.590 18.701 65.745 C
317 16 15.256 18.969 65.494 C
318 16 14.294 18.173 65.952 N
319 16 14.949 20.081 64.797 N
320 16 15.944 20.879 64.425 C
321 16 17.243 20.737 64.634 N
322 16 17.497 19.601 65.300 C
323 17 23.005 22.239 66.181 P
324 17 24.127 22.962 65.546 O
325 17 23.252 21.413 67.365 O
326 17 21.870 23.284 66.502 O
327 17 21.642 24.117 65.374 C
328 17 20.352 24.832 65.557 C
329 17 19.301 23.891 65.834 O
330 17 20.314 25.798 66.680 C
331 17 19.456 26.823 66.193 O
332 17 19.644 24.935 67.727 C
333 17 18.554 24.103 67.066 C
334 17 18.273 22.790 67.704 N
335 17 19.142 21.896 68.234 C
336 17 18.641 20.800 68.707 N
337 17 17.300 20.986 68.465 C
338 17 16.205 20.171 68.692 C
339 17 16.297 18.949 69.216 N
340 17 14.999 20.663 68.332 N
341 17 14.909 21.861 67.771 C
342 17 15.881 22.702 67.491 N
343 17 17.067 22.194 67.869 C
344 18 19.195 28.176 66.962 P
345 18 18.930 29.250 65.950 O
346 18 20.294 28.356 67.942 O
347 18 17.794 27.748 67.670 O
348 18 16.551 27.814 66.914 C
349 18 15.368 27.832 67.856 C
350 18 15.194 26.622 68.647 O
351 18 15.591 28.883 68.892 C
352 18 14.331 29.387 69.222 O
353 18 16.294 28.091 69.996 C
354 18 15.570 26.760 70.032 C
355 18 16.324 25.562 70.526 N
356 18 17.653 25.318 70.659 C
357 18 17.991 24.134 71.106 N
358 18 16.766 23.525 71.270 C
359 18 16.402 22.243 71.678 C
360 18 17.245 21.291 71.975 N
361 18 15.126 21.941 71.758 N
362 18 14.242 22.868 71.435 C
363 18 14.439 24.112 71.014 N
364 18 15.758 24.379 70.953 C
365 19 14.295 30.792 70.001 P
366 19 13.388 31.680 69.241 O
367 19 15.669 31.239 70.347 O
368 19 13.582 30.353 71.382 O
369 19 12.263 29.836 71.165 C
370 19 11.923 28.713 72.115 C
371 19 13.063 27.892 72.335 O
372 19 11.514 29.030 73.522 C
373 19 10.110 29.206 73.490 O
374 19 11.939 27.767 74.232 C
375 19 12.538 26.917 73.166 C
376 19 13.605 26.078 73.617 N
377 19 13.219 24.870 74.136 C
378 19 12.052 24.474 74.129 O
379 19 14.225 24.104 74.619 N
380 19 15.556 24.422 74.596 C
381 19 16.357 23.625 75.075 O
382 19 15.888 25.666 73.981 C
383 19 17.356 26.056 73.856 C
384 19 14.913 26.464 73.533 C
385 20 9.285 29.502 74.803 P
386 20 7.862 29.425 74.436 O
387 20 9.801 30.742 75.445 O
388 20 9.588 28.205 75.710 O
389 20 8.716 27.103 75.498 C
390 20 8.822 26.108 76.586 C
391 20 10.133 25.633 76.636 O
392 20 8.446 26.493 77.955 C
393 20 7.348 25.674 78.273 O
394 20 9.632 26.117 78.772 C
395 20 10.367 25.123 77.940 C
396 20 11.834 25.135 77.982 N
397 20 12.482 23.932 78.093 C
398 20 11.897 22.862 78.223 O
399 20 13.843 23.984 78.078 N
400 20 14.615 25.119 77.954 C
401 20 15.845 25.093 77.932 O
402 20 13.858 26.305 77.857 C
403 20 14.631 27.585 77.745 C
404 20 12.523 26.296 77.886 C
405 21 6.480 26.062 79.531 P
406 21 5.105 25.548 79.320 O
407 21 6.725 27.504 79.782 O
408 21 7.210 25.251 80.733 O
409 21 7.175 23.833 80.630 C
410 21 8.225 23.040 81.444 C
411 21 9.581 23.168 81.032 O
412 21 8.139 23.337 82.820 C
413 21 7.376 22.269 83.342 O
414 21 9.583 23.494 83.213 C
415 21 10.446 22.990 82.127 C
416 21 11.666 23.817 81.906 N
417 21 12.912 23.184 82.028 C
418 21 13.052 21.995 82.303 O
419 21 14.019 23.969 81.823 N
420 21 14.022 25.310 81.517 C
421 21 15.107 25.862 81.353 O
422 21 12.694 25.916 81.428 C
423 21 12.556 27.439 81.154 C
424 21 11.582 25.158 81.604 C
425 22 6.965 22.451 84.875 P
426 22 6.121 21.297 85.257 O
427 22 6.559 23.838 85.168 O
428 22 8.458 22.170 85.393 O
429 22 8.938 20.811 85.547 C
430 22 10.090 20.686 86.578 C
431 22 11.380 21.204 86.150 O
432 22 9.659 21.478 87.804 C
433 22 10.380 21.143 88.961 O
434 22 10.183 22.803 87.401 C
435 22 11.577 22.452 86.839 C
436 22 12.186 23.621 86.132 N
437 22 11.649 24.847 85.850 C
438 22 12.440 25.724 85.321 N
439 22 13.623 25.006 85.203 C
440 22 14.866 25.429 84.699 C
441 22 15.167 26.520 84.223 O
442 22 15.796 24.422 84.784 N
443 22 15.568 23.171 85.264 C
444 22 16.584 22.327 85.278 N
445 22 14.400 22.754 85.724 N
446 22 13.478 23.724 85.678 C
447 23 10.382 19.753 89.699 P
448 23 9.958 18.626 88.827 O
449 23 9.783 19.979 91.017 O
450 23 11.988 19.772 89.869 O
451 23 12.803 18.718 89.330 C
452 23 14.301 18.864 89.671 C
453 23 14.801 20.065 89.041 O
454 23 14.566 18.917 91.209 C
455 23 15.670 18.131 91.746 O
456 23 14.697 20.406 91.359 C
457 23 15.345 20.895 90.047 C
458 23 15.014 22.293 89.723 N
459 23 15.989 23.046 89.095 C
460 23 17.060 22.580 88.752 O
461 23 15.754 24.343 88.833 N
462 23 14.589 24.882 89.179 C
463 23 14.421 26.159 88.930 N
464 23 13.545 24.130 89.795 C
465 23 13.798 22.833 90.041 C
466 24 16.121 18.064 93.323 P
467 24 16.673 16.710 93.589 O
468 24 15.056 18.620 94.189 O
469 24 17.315 19.029 93.460 O
470 24 18.568 18.493 93.077 C
471 24 19.532 19.637 93.132 C
472 24 18.879 20.680 92.409 O
473 24 19.619 20.172 94.567 C
474 24 20.506 19.418 95.442 O
475 24 19.980 21.626 94.297 C
476 24 19.334 21.907 92.934 C
477 24 18.204 22.790 92.790 N
478 24 16.899 22.588 93.036 C
479 24 16.127 23.598 92.732 N
480 24 17.005 24.556 92.275 C
481 24 16.746 25.859 91.840 C
482 24 15.636 26.392 91.737 O
483 24 17.919 26.522 91.501 N
484 24 19.184 25.954 91.550 C
485 24 20.243 26.663 91.196 N
486 24 19.411 24.716 91.940 N
487 24 18.280 24.079 92.300 C
