486
1 1 18.445 34.684 90.776 O
2 1 18.939 34.713 89.428 C
3 1 20.086 33.755 89.286 C
4 1 19.617 32.539 89.905 O
5 1 20.434 33.382 87.819 C
6 1 21.831 32.949 87.719 O
7 1 19.488 32.196 87.629 C
8 1 19.521 31.485 88.974 C
9 1 18.313 30.732 89.375 N
10 1 18.488 29.453 89.907 C
11 1 19.588 28.922 90.079 O
12 1 17.394 28.756 90.259 N
13 1 16.190 29.278 90.099 C
14 1 15.153 28.546 90.456 N
15 1 15.982 30.585 89.565 C
16 1 17.075 31.279 89.212 C
17 2 22.636 32.521 86.331 P
18 2 23.988 33.128 86.291 O
19 2 21.650 32.715 85.235 O
20 2 22.776 30.956 86.326 O
21 2 23.239 30.276 87.446 C
22 2 23.441 28.853 87.109 C
23 2 22.221 28.177 87.390 O
24 2 23.649 28.619 85.571 C
25 2 24.497 27.474 85.326 O
26 2 22.244 28.333 85.091 C
27 2 21.634 27.584 86.246 C
28 2 20.190 27.715 86.370 N
29 2 19.426 28.771 86.044 C
30 2 18.152 28.589 86.275 N
31 2 18.076 27.315 86.793 C
32 2 16.952 26.601 87.227 C
33 2 15.792 26.987 87.206 O
34 2 17.285 25.328 87.709 N
35 2 18.560 24.818 87.757 C
36 2 18.725 23.599 88.240 N
37 2 19.622 25.512 87.333 N
38 2 19.318 26.753 86.864 C
39 3 25.039 26.933 83.906 P
40 3 26.503 26.649 84.021 O
41 3 24.554 27.812 82.828 O
42 3 24.232 25.558 83.811 O
43 3 24.582 24.572 84.701 C
44 3 23.738 23.337 84.770 C
45 3 22.381 23.651 85.090 O
46 3 23.658 22.748 83.424 C
47 3 23.916 21.344 83.459 O
48 3 22.296 23.136 82.953 C
49 3 21.431 23.234 84.160 C
50 3 20.335 24.218 83.915 N
51 3 19.036 23.957 84.285 C
52 3 18.673 22.971 84.886 O
53 3 18.070 24.834 84.011 N
54 3 18.311 25.990 83.405 C
55 3 17.272 26.850 83.181 N
56 3 19.644 26.304 83.011 C
57 3 20.605 25.405 83.286 C
58 4 24.166 20.520 82.047 P
59 4 25.194 19.466 82.226 O
60 4 24.135 21.416 80.854 O
61 4 22.746 19.875 82.125 O
62 4 22.492 19.128 83.296 C
63 4 21.398 18.214 83.053 C
64 4 20.188 18.955 82.994 O
65 4 21.489 17.580 81.693 C
66 4 20.978 16.294 82.013 O
67 4 20.670 18.534 80.788 C
68 4 19.581 19.062 81.715 C
69 4 19.204 20.464 81.414 N
70 4 19.917 21.436 80.750 C
71 4 19.298 22.593 80.605 N
72 4 18.081 22.368 81.218 C
73 4 16.980 23.191 81.390 C
74 4 16.951 24.459 80.949 N
75 4 15.938 22.681 82.022 N
76 4 16.016 21.429 82.440 C
77 4 16.983 20.548 82.342 N
78 4 18.017 21.093 81.707 C
79 5 20.648 15.223 80.926 P
80 5 21.071 13.909 81.429 O
81 5 21.087 15.708 79.563 O
82 5 19.064 15.343 80.965 O
83 5 18.271 15.076 82.119 C
84 5 16.762 15.307 81.904 C
85 5 16.465 16.659 81.536 O
86 5 16.299 14.489 80.710 C
87 5 14.945 14.255 80.989 O
88 5 16.494 15.422 79.523 C
89 5 16.014 16.684 80.157 C
90 5 16.491 17.909 79.535 N
91 5 17.688 18.186 79.010 C
92 5 17.782 19.390 78.544 N
93 5 16.537 19.954 78.779 C
94 5 15.999 21.224 78.506 C
95 5 16.715 22.179 77.895 N
96 5 14.737 21.477 78.867 N
97 5 14.065 20.489 79.467 C
98 5 14.459 19.268 79.771 N
99 5 15.733 19.055 79.392 C
100 6 14.095 13.215 80.115 P
101 6 13.340 12.346 81.045 O
102 6 14.944 12.637 79.050 O
103 6 13.065 14.208 79.443 O
104 6 12.127 14.866 80.277 C
105 6 11.093 15.742 79.592 C
106 6 11.706 16.877 78.975 O
107 6 10.455 15.009 78.431 C
108 6 9.057 15.380 78.395 O
109 6 11.286 15.487 77.241 C
110 6 11.577 16.921 77.537 C
111 6 12.835 17.443 76.952 N
112 6 14.054 16.854 76.741 C
113 6 14.948 17.677 76.187 N
114 6 14.298 18.874 76.024 C
115 6 14.705 20.114 75.503 C
116 6 15.924 20.400 75.002 N
117 6 13.808 21.080 75.497 N
118 6 12.618 20.784 75.975 C
119 6 12.081 19.672 76.496 N
120 6 13.016 18.733 76.487 C
121 7 8.097 14.824 77.271 P
122 7 6.709 14.840 77.788 O
123 7 8.696 13.588 76.731 O
124 7 8.189 15.980 76.152 O
125 7 7.430 17.139 76.305 C
126 7 7.583 18.219 75.273 C
127 7 8.958 18.681 75.102 O
128 7 7.295 17.547 73.952 C
129 7 6.719 18.343 72.979 O
130 7 8.644 17.283 73.384 C
131 7 9.370 18.521 73.741 C
132 7 10.832 18.366 73.420 N
133 7 11.489 19.495 72.929 C
134 7 10.994 20.609 72.764 O
135 7 12.805 19.350 72.589 N
136 7 13.538 18.182 72.696 C
137 7 14.730 18.215 72.422 O
138 7 12.797 17.069 73.204 C
139 7 13.515 15.712 73.368 C
140 7 11.497 17.185 73.550 C
141 8 5.164 18.455 72.806 P
142 8 4.508 19.108 73.958 O
143 8 4.682 17.174 72.341 O
144 8 5.184 19.556 71.664 O
145 8 6.088 20.600 71.956 C
146 8 6.404 21.562 70.863 C
147 8 7.804 21.440 70.645 O
148 8 5.806 21.292 69.509 C
149 8 5.717 22.633 69.077 O
150 8 6.858 20.442 68.888 C
151 8 8.140 21.061 69.359 C
152 8 9.344 20.186 69.428 N
153 8 10.584 20.737 69.160 C
154 8 10.766 21.912 68.889 O
155 8 11.672 19.907 69.185 N
156 8 11.620 18.578 69.456 C
157 8 12.619 17.896 69.483 O
158 8 10.335 18.083 69.720 C
159 8 10.230 16.640 70.019 C
160 8 9.247 18.854 69.709 C
161 9 4.976 23.336 67.816 P
162 9 4.452 24.656 68.243 O
163 9 4.114 22.349 67.181 O
164 9 6.259 23.553 66.899 O
165 9 7.016 24.632 67.356 C
166 9 7.996 25.095 66.383 C
167 9 9.094 24.167 66.240 O
168 9 7.344 25.088 65.061 C
169 9 7.784 26.310 64.529 O
170 9 7.825 23.781 64.445 C
171 9 9.223 23.565 64.978 C
172 9 9.655 22.173 65.232 N
173 9 11.024 21.882 65.206 C
174 9 11.907 22.700 65.007 O
175 9 11.424 20.581 65.428 N
176 9 10.562 19.551 65.682 C
177 9 11.011 18.434 65.867 O
178 9 9.156 19.894 65.700 C
179 9 8.154 18.783 65.972 C
180 9 8.748 21.172 65.484 C
181 10 7.255 26.786 63.113 P
182 10 6.913 28.224 63.206 O
183 10 6.285 25.792 62.567 O
184 10 8.586 26.605 62.251 O
185 10 9.870 27.130 62.570 C
186 10 10.964 26.560 61.648 C
187 10 11.284 25.157 61.904 O
188 10 10.438 26.532 60.195 C
189 10 11.612 26.632 59.426 O
190 10 9.860 25.104 60.099 C
191 10 10.942 24.318 60.820 C
192 10 10.481 22.976 61.249 N
193 10 9.202 22.522 61.457 C
194 10 9.107 21.269 61.799 N
195 10 10.419 20.851 61.823 C
196 10 10.928 19.583 62.135 C
197 10 10.278 18.603 62.463 O
198 10 12.321 19.527 62.056 N
199 10 13.124 20.586 61.711 C
200 10 14.420 20.383 61.665 N
201 10 12.655 21.805 61.414 N
202 10 11.283 21.873 61.489 C
203 11 12.047 27.481 58.174 P
204 11 12.356 28.870 58.607 O
205 11 11.191 27.140 57.008 O
206 11 13.358 26.652 57.978 O
207 11 14.300 26.805 59.021 C
208 11 15.414 25.820 58.944 C
209 11 14.958 24.463 59.212 O
210 11 15.925 25.798 57.508 C
211 11 17.323 25.616 57.665 O
212 11 15.156 24.638 56.857 C
213 11 15.009 23.644 58.008 C
214 11 13.764 22.830 57.948 N
215 11 13.877 21.496 58.253 C
216 11 14.961 21.008 58.542 O
217 11 12.767 20.712 58.209 N
218 11 11.558 21.197 57.866 C
219 11 10.494 20.368 57.838 N
220 11 11.423 22.598 57.540 C
221 11 12.547 23.363 57.596 C
222 12 18.304 25.780 56.453 P
223 12 19.637 26.243 56.936 O
224 12 17.558 26.490 55.355 O
225 12 18.471 24.254 55.941 O
226 12 19.244 23.282 56.612 C
227 12 19.368 21.890 55.939 C
228 12 18.186 21.055 55.903 O
229 12 19.698 22.164 54.461 C
230 12 20.509 21.090 53.993 O
231 12 18.343 22.155 53.834 C
232 12 17.757 20.969 54.565 C
233 12 16.322 20.926 54.522 N
234 12 15.544 21.973 54.218 C
235 12 14.287 21.714 54.275 N
236 12 14.214 20.367 54.623 C
237 12 13.055 19.566 54.804 C
238 12 11.883 19.919 54.676 O
239 12 13.383 18.286 55.153 N
240 12 14.659 17.826 55.320 C
241 12 14.765 16.564 55.658 N
242 12 15.767 18.553 55.158 N
243 12 15.468 19.845 54.797 C
245 13 8.113 9.702 55.580 O
246 13 8.729 10.914 55.149 C
247 13 10.031 11.066 55.894 C
248 13 10.691 12.260 55.547 O
249 13 9.761 11.209 57.358 C
250 13 10.972 10.920 57.939 O
251 13 9.503 12.666 57.514 C
252 13 10.614 13.190 56.624 C
253 13 10.352 14.534 56.077 N
254 13 11.400 15.362 55.929 C
255 13 12.506 14.973 56.239 O
256 13 11.190 16.593 55.417 N
257 13 9.968 16.991 55.068 C
258 13 9.724 18.189 54.576 N
259 13 8.861 16.139 55.214 C
260 13 9.104 14.922 55.729 C
261 14 11.124 9.801 59.038 P
262 14 10.916 8.482 58.378 O
263 14 10.392 10.204 60.287 O
264 14 12.650 9.997 59.283 O
265 14 13.565 10.025 58.223 C
266 14 14.779 10.804 58.613 C
267 14 14.563 12.169 58.294 O
268 14 14.960 10.804 60.093 C
269 14 16.304 10.814 60.437 O
270 14 14.317 12.052 60.522 C
271 14 14.556 13.036 59.407 C
272 14 13.445 14.046 59.422 N
273 14 12.133 13.803 59.666 C
274 14 11.386 14.861 59.667 N
275 14 12.250 15.900 59.404 C
276 14 11.958 17.281 59.287 C
277 14 10.857 17.861 59.369 O
278 14 13.104 17.988 59.019 N
279 14 14.353 17.464 58.881 C
280 14 15.329 18.324 58.618 N
281 14 14.630 16.162 58.989 N
282 14 13.523 15.430 59.251 C
283 15 16.884 10.596 61.947 P
284 15 18.097 9.744 61.823 O
285 15 15.828 10.231 62.943 O
286 15 17.368 12.093 62.284 O
287 15 18.347 12.597 61.403 C
288 15 18.663 14.049 61.544 C
289 15 17.496 14.860 61.308 O
290 15 18.989 14.302 62.972 C
291 15 20.068 15.211 63.143 O
292 15 17.696 14.891 63.504 C
293 15 17.116 15.665 62.392 C
294 15 15.671 15.743 62.553 N
295 15 15.069 16.981 62.446 C
296 15 15.698 17.999 62.185 O
297 15 13.722 17.077 62.619 N
298 15 12.990 16.008 62.878 C
299 15 11.664 16.172 63.030 N
300 15 13.586 14.733 62.987 C
301 15 14.923 14.650 62.817 C
302 16 20.884 15.094 64.539 P
303 16 22.268 14.629 64.305 O
304 16 20.015 14.494 65.556 O
305 16 20.954 16.607 64.853 O
306 16 21.587 17.333 63.814 C
307 16 21.200 18.768 63.881 C
308 16 19.799 18.865 63.924 O
309 16 21.637 19.399 65.165 C
310 16 21.811 20.765 64.798 O
311 16 20.473 19.116 66.102 C
312 16 19.315 19.293 65.181 C
313 16 18.060 18.545 65.504 N
314 16 17.884 17.301 66.041 C
315 16 16.650 16.950 66.213 N
316 16 15.942 18.078 65.737 C
317 16 14.577 18.391 65.618 C
318 16 13.638 17.521 65.991 N
319 16 14.207 19.586 65.104 N
320 16 15.133 20.431 64.715 C
321 16 16.418 20.228 64.787 N
322 16 16.790 19.036 65.307 C
323 17 22.536 21.764 65.806 P
324 17 23.512 22.611 65.070 O
325 17 22.962 20.963 66.972 O
326 17 21.281 22.709 66.122 O
327 17 20.808 23.414 64.983 C
328 17 19.569 24.223 65.182 C
329 17 18.408 23.473 65.533 O
330 17 19.841 25.050 66.325 C
331 17 19.179 26.276 65.971 O
332 17 19.261 24.169 67.481 C
333 17 18.036 23.551 66.883 C
334 17 17.739 22.241 67.526 N
335 17 18.491 21.225 68.031 C
336 17 17.814 20.232 68.551 N
337 17 16.507 20.639 68.371 C
338 17 15.277 20.061 68.699 C
339 17 15.120 18.876 69.286 N
340 17 14.198 20.742 68.379 N
341 17 14.331 21.912 67.776 C
342 17 15.419 22.569 67.408 N
343 17 16.480 21.848 67.751 C
344 18 19.548 27.558 66.847 P
345 18 19.594 28.763 65.986 O
346 18 20.700 27.166 67.730 O
347 18 18.174 27.610 67.685 O
348 18 16.970 27.669 66.913 C
349 18 15.645 27.667 67.656 C
350 18 15.323 26.356 68.164 O
351 18 15.766 28.562 68.908 C
352 18 14.504 29.192 69.119 O
353 18 16.082 27.521 69.948 C
354 18 15.257 26.332 69.561 C
355 18 15.804 25.078 70.115 N
356 18 17.112 24.713 70.275 C
357 18 17.261 23.542 70.832 N
358 18 15.964 23.095 71.054 C
359 18 15.468 21.922 71.606 C
360 18 16.238 20.925 72.058 N
361 18 14.136 21.796 71.676 N
362 18 13.374 22.785 71.225 C
363 18 13.715 23.944 70.676 N
364 18 15.066 24.026 70.621 C
365 19 14.187 30.242 70.272 P
366 19 13.167 31.173 69.754 O
367 19 15.470 30.758 70.865 O
368 19 13.486 29.336 71.352 O
369 19 12.199 28.988 70.957 C
370 19 11.517 28.051 71.880 C
371 19 12.269 26.827 72.062 O
372 19 11.502 28.753 73.230 C
373 19 10.334 28.366 73.888 O
374 19 12.719 28.143 73.866 C
375 19 12.591 26.730 73.414 C
376 19 13.793 25.887 73.728 N
377 19 13.461 24.656 74.217 C
378 19 12.293 24.284 74.326 O
379 19 14.477 23.806 74.584 N
380 19 15.810 24.057 74.520 C
381 19 16.592 23.165 74.882 O
382 19 16.095 25.376 73.999 C
383 19 17.537 25.818 73.875 C
384 19 15.112 26.237 73.619 C
385 20 9.440 29.358 74.798 P
386 20 8.383 30.036 74.009 O
387 20 10.304 30.153 75.716 O
388 20 8.655 28.215 75.613 O
389 20 9.083 26.882 75.496 C
390 20 8.401 25.973 76.396 C
391 20 9.364 24.946 76.643 O
392 20 8.064 26.565 77.708 C
393 20 6.997 25.772 78.202 O
394 20 9.357 26.381 78.435 C
395 20 9.880 25.079 77.922 C
396 20 11.312 25.071 77.832 N
397 20 11.908 23.886 78.112 C
398 20 11.276 22.863 78.389 O
399 20 13.282 23.881 78.048 N
400 20 14.094 24.961 77.721 C
401 20 15.316 24.872 77.674 O
402 20 13.383 26.150 77.441 C
403 20 14.194 27.358 77.067 C
404 20 12.032 26.178 77.497 C
405 21 6.392 26.105 79.640 P
406 21 4.941 25.772 79.595 O
407 21 6.849 27.454 80.056 O
408 21 7.142 25.041 80.558 O
409 21 6.755 23.706 80.363 C
410 21 7.484 22.690 81.181 C
411 21 8.937 22.758 80.962 O
412 21 7.329 23.107 82.642 C
413 21 7.096 21.928 83.428 O
414 21 8.638 23.815 82.963 C
415 21 9.650 23.031 82.168 C
416 21 10.903 23.759 81.861 N
417 21 12.128 23.117 81.951 C
418 21 12.278 21.942 82.240 O
419 21 13.276 23.826 81.675 N
420 21 13.318 25.127 81.319 C
421 21 14.394 25.654 81.083 O
422 21 12.027 25.743 81.244 C
423 21 11.951 27.227 80.872 C
424 21 10.877 25.051 81.514 C
425 22 6.330 22.137 84.813 P
426 22 5.181 21.214 84.860 O
427 22 6.146 23.599 85.030 O
428 22 7.321 21.678 85.953 O
429 22 8.135 20.517 85.822 C
430 22 9.451 20.492 86.679 C
431 22 10.542 21.275 86.118 O
432 22 9.202 21.229 88.025 C
433 22 10.057 20.527 88.868 O
434 22 9.680 22.663 87.768 C
435 22 10.931 22.298 86.991 C
436 22 11.599 23.439 86.297 N
437 22 11.042 24.656 86.003 C
438 22 11.872 25.505 85.438 N
439 22 13.079 24.813 85.341 C
440 22 14.328 25.251 84.816 C
441 22 14.627 26.341 84.302 O
442 22 15.306 24.267 84.907 N
443 22 15.097 23.049 85.429 C
444 22 16.127 22.257 85.426 N
445 22 13.927 22.630 85.924 N
446 22 12.939 23.554 85.857 C
447 23 9.621 19.443 89.933 P
448 23 8.933 18.285 89.271 O
449 23 9.036 20.208 91.043 O
450 23 11.007 18.925 90.455 O
451 23 11.835 18.290 89.457 C
452 23 13.329 18.295 89.786 C
453 23 14.004 19.351 89.054 O
454 23 13.486 18.636 91.287 C
455 23 14.640 18.053 91.903 O
456 23 13.677 20.094 91.208 C
457 23 14.527 20.304 89.933 C
458 23 14.385 21.735 89.559 N
459 23 15.470 22.497 89.182 C
460 23 16.598 22.037 89.060 O
461 23 15.253 23.808 88.925 N
462 23 14.035 24.361 89.024 C
463 23 13.779 25.643 88.780 N
464 23 12.930 23.607 89.397 C
465 23 13.155 22.306 89.647 C
466 24 14.749 17.875 93.567 P
467 24 14.977 16.444 93.910 O
468 24 13.656 18.594 94.303 O
469 24 16.137 18.712 93.798 O
470 24 17.232 18.098 93.128 C
471 24 18.503 18.880 92.867 C
472 24 18.359 20.121 92.084 O
473 24 18.909 19.310 94.223 C
474 24 20.308 19.219 94.517 O
475 24 18.486 20.743 94.309 C
476 24 18.608 21.302 92.918 C
477 24 17.568 22.356 92.779 N
478 24 16.254 22.253 93.107 C
479 24 15.576 23.330 92.873 N
480 24 16.500 24.219 92.350 C
481 24 16.319 25.536 91.906 C
482 24 15.262 26.167 91.921 O
483 24 17.486 26.130 91.424 N
484 24 18.702 25.497 91.380 C
485 24 19.772 26.189 90.911 N
486 24 18.853 24.227 91.808 N
487 24 17.723 23.648 92.281 C
