406 989
0 2
0 3
1 3
1 4
1 6
2 5
2 6
2 7
3 4
3 5
3 6
3 8
3 9
3 15
4 7
4 16
4 18
5 6
5 7
5 17
5 18
5 19
5 20
6 8
6 15
7 9
7 10
7 15
8 10
8 11
8 12
8 14
9 12
9 14
9 15
10 11
10 403
11 13
11 14
11 15
11 401
12 15
13 14
13 400
16 20
17 18
17 19
17 20
18 19
19 21
19 22
19 23
19 25
20 22
20 23
21 24
21 25
21 26
22 23
22 24
22 25
22 27
22 28
23 26
23 38
23 40
24 25
24 26
24 39
24 40
24 41
24 42
25 27
25 28
26 28
26 36
26 37
27 29
27 30
27 36
28 30
28 37
29 31
29 32
29 37
30 32
30 33
30 34
30 36
31 34
31 36
31 37
32 33
32 381
33 35
33 36
33 37
33 379
34 37
35 36
35 378
38 42
39 40
39 41
40 41
41 43
41 44
41 45
42 44
42 45
42 46
43 46
43 47
43 48
44 45
44 47
44 49
44 56
45 48
45 57
45 59
46 47
46 58
46 59
46 60
46 61
47 49
48 50
48 51
48 56
49 51
49 52
49 53
49 55
50 53
50 55
50 56
51 52
51 362
52 54
52 55
52 56
52 360
53 56
54 55
54 359
57 61
58 59
58 60
59 60
60 62
60 63
60 64
60 66
61 63
61 64
61 66
62 65
62 66
62 67
63 64
63 65
63 66
63 68
64 67
64 79
64 81
65 66
65 67
65 80
65 81
65 82
65 83
66 68
66 69
67 69
67 77
67 78
68 70
68 71
68 77
69 71
69 78
70 72
70 73
70 78
71 73
71 74
71 75
71 77
72 75
72 77
72 78
73 74
73 338
73 340
74 76
74 77
74 78
74 337
74 338
75 78
76 77
76 337
79 83
80 81
80 82
80 83
81 82
82 84
82 85
82 86
82 88
83 85
83 86
84 87
84 88
84 89
85 86
85 87
85 88
85 90
86 89
86 100
86 102
87 88
87 89
87 101
87 102
87 103
87 104
88 90
88 91
89 91
89 98
89 99
90 92
90 93
90 98
91 93
91 99
92 94
92 95
92 99
93 95
93 96
93 97
93 98
94 97
94 98
94 99
95 96
96 98
96 99
97 99
100 104
101 102
101 103
101 104
102 103
103 105
103 106
103 107
104 106
104 107
105 108
105 109
105 110
106 107
106 109
106 111
106 112
107 110
108 109
109 111
110 112
110 119
110 120
111 113
111 114
111 119
112 114
112 120
113 115
113 116
113 120
114 116
114 117
114 118
114 119
115 118
115 119
115 120
116 117
117 119
117 120
118 120
121 125
122 123
122 124
123 124
123 125
124 126
124 128
125 127
125 128
125 130
126 129
126 130
126 131
127 128
127 129
127 130
127 132
128 131
128 140
128 142
129 130
129 131
129 141
129 142
129 143
129 144
130 132
130 139
131 133
131 134
131 139
132 134
132 135
132 136
132 138
133 136
133 138
133 139
134 135
134 279
134 300
135 137
135 138
135 139
135 277
136 139
137 138
137 276
140 144
141 142
141 143
141 144
142 143
143 145
143 146
143 147
143 149
144 146
144 147
144 149
145 148
145 149
145 150
146 147
146 148
146 149
146 151
146 161
147 150
147 162
147 163
148 149
148 150
148 163
148 164
148 165
148 166
149 151
149 152
150 152
150 160
150 161
151 153
151 154
151 160
152 154
152 161
153 155
153 156
153 161
154 156
154 157
154 158
154 160
155 158
155 160
155 161
156 157
156 257
157 159
157 160
157 161
157 235
157 255
158 161
159 160
159 175
159 254
159 279
162 166
163 164
163 165
163 166
164 165
165 167
165 168
165 169
165 171
166 168
166 169
166 171
167 170
167 171
167 172
168 169
168 170
168 171
168 173
168 180
169 172
169 181
169 183
170 171
170 172
170 182
170 183
170 184
170 185
171 173
171 180
172 174
172 175
172 180
173 175
173 176
173 177
173 179
174 177
174 179
174 180
175 176
175 238
176 178
176 179
176 180
176 236
177 180
178 179
178 197
178 235
181 185
182 183
182 184
182 185
183 184
184 186
184 187
184 188
185 187
185 188
186 189
186 190
186 191
187 188
187 190
187 192
187 193
188 191
189 190
190 192
190 193
191 193
191 201
191 202
192 194
192 195
192 201
193 195
193 202
194 196
194 197
194 202
195 197
195 198
195 199
195 201
196 199
196 201
196 202
197 198
197 216
198 200
198 201
198 202
198 214
199 202
200 201
200 213
200 237
203 205
203 206
203 207
203 209
204 206
204 207
205 208
205 209
205 210
206 207
206 208
206 209
206 211
206 218
207 210
207 219
207 220
207 221
208 209
208 210
208 220
208 221
208 222
208 223
209 211
209 218
210 212
210 213
210 218
211 213
211 214
211 215
211 217
212 215
212 217
212 218
213 214
214 216
214 217
214 218
215 218
216 217
219 223
220 221
220 222
220 223
221 222
222 224
222 225
222 226
222 228
223 225
223 226
224 227
224 228
224 229
225 226
225 227
225 228
225 230
225 231
226 229
226 241
226 243
227 228
227 229
227 242
227 243
227 244
227 245
228 230
228 231
228 243
229 231
229 239
229 240
230 232
230 233
230 239
231 233
231 240
232 234
232 235
232 240
233 235
233 236
233 237
233 239
234 237
234 239
234 240
235 236
236 238
236 239
236 240
237 240
237 254
238 239
241 245
242 243
242 244
242 245
243 244
244 246
244 247
244 248
245 247
245 248
245 249
246 249
246 250
246 251
247 248
247 250
247 252
247 259
248 251
248 260
248 262
249 250
249 261
249 262
249 263
249 264
250 252
250 259
251 253
251 254
251 259
252 254
252 255
252 256
252 258
253 256
253 258
253 259
254 255
255 257
255 258
255 259
256 259
257 258
260 264
261 262
261 263
261 264
262 263
263 265
263 266
263 267
264 266
264 267
265 268
265 269
265 270
266 267
266 269
266 271
266 272
267 270
267 282
267 284
268 269
268 283
268 284
268 285
269 271
269 272
269 282
269 285
270 272
270 280
270 281
271 273
271 274
271 280
272 274
272 281
273 275
273 276
273 281
274 276
274 277
274 278
274 280
275 278
275 280
275 281
276 277
277 279
277 280
277 281
278 281
279 280
282 286
283 284
283 285
283 286
284 285
285 287
285 288
285 289
285 291
286 288
286 289
286 291
287 290
287 291
287 292
288 289
288 290
288 291
288 293
288 294
289 292
289 303
289 305
290 291
290 292
290 304
290 305
290 306
290 307
291 293
291 294
291 305
292 294
292 301
292 302
293 295
293 296
293 301
294 296
294 302
295 297
295 298
295 302
296 298
296 299
296 300
296 301
297 300
297 301
297 302
298 299
299 301
299 302
300 302
303 307
304 305
304 306
305 306
305 307
306 308
306 310
307 309
307 310
307 312
307 313
308 311
308 312
308 313
309 310
309 311
309 312
309 314
310 313
311 312
311 313
312 314
312 315
313 315
313 322
313 323
314 316
314 317
314 322
315 317
315 323
316 318
316 319
316 323
317 319
317 320
317 321
317 322
318 321
318 322
318 323
319 320
320 322
320 323
321 323
324 328
325 326
325 327
325 328
326 327
327 329
327 330
327 331
327 333
328 330
328 331
329 332
329 333
329 334
330 331
330 333
330 335
330 336
330 342
331 334
331 343
331 345
332 333
332 344
332 345
332 346
332 347
333 335
333 342
334 336
334 337
334 342
335 337
335 338
335 339
335 341
336 339
336 341
336 342
337 338
338 340
338 341
338 342
339 342
339 359
340 341
343 347
344 345
344 346
344 347
345 346
346 348
346 349
346 350
346 352
347 349
347 350
347 352
348 351
348 352
348 353
349 350
349 351
349 352
349 354
350 353
350 365
350 366
350 367
351 352
351 353
351 366
351 367
351 368
351 369
352 354
352 355
353 355
353 363
353 364
354 356
354 357
354 363
355 357
355 364
356 358
356 359
356 364
357 359
357 360
357 361
357 363
358 361
358 363
358 364
359 360
360 362
360 363
360 364
361 364
362 363
365 369
366 367
366 368
366 369
367 368
368 370
368 372
368 374
369 371
369 372
369 374
370 373
370 374
370 375
371 372
371 374
371 376
372 375
372 384
372 386
373 374
373 385
373 386
373 387
373 388
374 376
374 383
374 386
375 377
375 378
375 383
376 378
376 379
376 380
376 382
377 380
377 382
377 383
378 379
379 381
379 382
379 383
380 383
381 382
384 388
385 386
385 387
385 388
386 387
387 389
387 390
387 391
388 390
388 391
388 392
389 392
389 393
389 394
390 391
390 393
390 395
390 396
391 394
392 393
393 395
394 396
394 404
394 405
395 397
395 398
395 404
396 398
396 405
397 399
397 400
397 405
398 400
398 401
398 402
398 404
399 402
399 404
399 405
400 401
401 403
401 404
401 405
402 405
403 404
1 1 18.921000 33.386002 25.695000 O
2 1 19.392000 33.497002 24.343000 C
3 1 20.374001 32.386002 24.014999 C
4 1 19.872000 31.149000 24.527000 O
5 1 20.377001 32.118999 22.556000 C
6 1 21.431000 31.223000 22.311001 O
7 1 19.100000 31.334999 22.444000 C
8 1 19.257999 30.364000 23.542999 C
9 1 18.051001 29.804001 24.105000 N
10 1 18.152000 28.610001 24.777000 C
11 1 19.219000 28.039000 25.021000 O
12 1 17.033001 28.048000 25.235001 N
13 1 15.860000 28.628000 25.047001 C
14 1 14.759000 27.982000 25.420000 N
15 1 15.745000 29.871000 24.381001 C
16 1 16.882000 30.417999 23.926001 C
17 2 22.257999 31.277000 20.944000 P
18 2 23.354000 32.252998 21.153000 O
19 2 21.292000 31.386000 19.802999 O
20 2 22.906000 29.820999 20.905001 O
21 2 23.584000 29.230000 22.025000 C
22 2 23.488001 27.726999 21.962000 C
23 2 22.233000 27.261999 22.441999 O
24 2 23.565001 27.285000 20.511999 C
25 2 24.259001 26.080000 20.312000 O
26 2 22.136000 26.934000 20.216999 C
27 2 21.643000 26.363001 21.504999 C
28 2 20.224001 26.556000 21.594000 N
29 2 19.531000 27.642000 21.179001 C
30 2 18.249001 27.532000 21.393000 N
31 2 18.101000 26.275999 21.990999 C
32 2 16.934999 25.614000 22.415001 C
33 2 15.762000 26.054001 22.445000 O
34 2 17.261000 24.347000 22.934999 N
35 2 18.500000 23.811001 23.021000 C
36 2 18.655001 22.615000 23.559999 N
37 2 19.570999 24.462000 22.622000 N
38 2 19.304001 25.665001 22.091999 C
39 3 24.993999 25.788000 18.926001 P
40 3 26.441999 25.965000 19.219000 O
41 3 24.326000 26.518000 17.822001 O
42 3 24.629000 24.242001 18.701000 O
43 3 24.775000 23.246000 19.695999 C
44 3 23.518000 22.375000 19.743000 C
45 3 22.378000 23.111000 20.028999 O
46 3 23.098000 21.665001 18.492001 C
47 3 23.865000 20.476000 18.441999 O
48 3 21.716000 21.264000 18.879000 C
49 3 21.214001 22.330999 19.761000 C
50 3 20.157000 23.138000 19.149000 N
51 3 18.889000 22.851000 19.481001 C
52 3 18.582001 21.870001 20.158001 O
53 3 17.958000 23.749001 19.177999 N
54 3 18.214001 24.872999 18.584999 C
55 3 17.209000 25.740000 18.437000 N
56 3 19.497999 25.186001 18.212000 C
57 3 20.441000 24.282000 18.492001 C
58 4 24.080999 19.650999 17.108999 P
59 4 25.431000 19.106001 17.145000 O
60 4 23.642000 20.462000 15.970000 O
61 4 23.007000 18.492001 17.318001 O
62 4 22.738001 17.653999 18.450001 C
63 4 21.340000 17.021000 18.273001 C
64 4 20.190001 17.914000 18.385000 O
65 4 21.239000 16.416000 16.856001 C
66 4 20.211000 15.429000 16.844000 O
67 4 20.582001 17.527000 16.125000 C
68 4 19.568001 18.052000 17.091999 C
69 4 19.198999 19.409000 16.702999 N
70 4 19.922001 20.377001 16.051001 C
71 4 19.261000 21.490999 15.849000 N
72 4 18.018999 21.238001 16.414000 C
73 4 16.899000 22.069000 16.507000 C
74 4 16.763000 23.202999 16.052999 O
75 4 15.851000 21.426001 17.145000 N
76 4 15.885000 20.121000 17.645000 C
77 4 14.769000 19.579000 18.122999 N
78 4 16.952000 19.348000 17.563000 N
79 4 17.976999 19.969999 16.938999 C
80 5 19.990000 14.251000 15.765000 P
81 5 20.490999 13.018000 16.427000 O
82 5 20.469000 14.669000 14.413000 O
83 5 18.400999 14.202000 15.753000 O
84 5 17.691999 13.995000 16.968000 C
85 5 16.259001 14.384000 16.761999 C
86 5 16.087999 15.792000 16.587000 O
87 5 15.751000 13.728000 15.480000 C
88 5 14.410000 13.500000 15.801000 O
89 5 15.873000 14.845000 14.450000 C
90 5 15.572000 16.097000 15.287000 C
91 5 16.165001 17.315001 14.702000 N
92 5 17.419001 17.431999 14.177000 C
93 5 17.643000 18.596001 13.658000 N
94 5 16.459000 19.309000 13.856000 C
95 5 16.098000 20.601999 13.510000 C
96 5 16.955000 21.461000 12.939000 N
97 5 14.865000 20.996000 13.808000 N
98 5 14.043000 20.156000 14.434000 C
99 5 14.278000 18.917999 14.826000 N
100 5 15.535000 18.540001 14.483000 C
101 6 13.473000 12.500000 15.034000 P
102 6 12.767000 11.771000 16.091999 O
103 6 14.300000 11.793000 14.028000 O
104 6 12.458000 13.505000 14.337000 O
105 6 11.444000 14.190000 15.032000 C
106 6 10.783000 15.230000 14.170000 C
107 6 11.754000 16.190001 13.811000 O
108 6 10.229000 14.654000 12.923000 C
109 6 8.824000 14.886000 12.920000 O
110 6 11.052000 15.295000 11.835000 C
111 6 11.605000 16.562000 12.440000 C
112 6 12.863000 17.127001 11.852000 N
113 6 14.079000 16.524000 11.648000 C
114 6 14.979000 17.327000 11.140000 N
115 6 14.330000 18.552000 10.993000 C
116 6 14.750000 19.794001 10.531000 C
117 6 16.007000 19.948999 10.142000 N
118 6 13.909000 20.827999 10.495000 N
119 6 12.679000 20.624001 10.932000 C
120 6 12.144000 19.510000 11.392000 N
121 6 13.041000 18.473000 11.423000 C
162 9 5.580000 23.243999 2.284000 P
163 9 4.194000 23.752001 2.446000 O
164 9 5.912000 22.398001 1.119000 O
165 9 6.628000 24.476999 2.436000 O
166 9 8.014000 24.160000 2.617000 C
167 9 8.906000 24.903999 1.750000 C
168 9 10.106000 24.132999 1.650000 O
169 9 8.383000 25.018000 0.383000 C
170 9 9.077000 26.124001 -0.107000 O
171 9 8.861000 23.775999 -0.286000 C
172 9 10.250000 23.528000 0.352000 C
173 9 10.633000 22.069000 0.409000 N
174 9 11.955000 21.707001 0.340000 C
175 9 12.868000 22.509001 0.169000 O
176 9 12.268000 20.372999 0.462000 N
177 9 11.310000 19.478001 0.613000 C
178 9 11.635000 18.226000 0.790000 N
179 9 9.948000 19.826000 0.674000 C
180 9 9.657000 21.132000 0.562000 C
181 10 8.617000 26.955999 -1.413000 P
182 10 8.916000 28.396999 -1.105000 O
183 10 7.238000 26.510000 -1.876000 O
184 10 9.719000 26.378000 -2.440000 O
185 10 11.094000 26.701000 -2.265000 C
186 10 11.972000 26.122000 -3.364000 C
187 10 12.232000 24.753000 -3.102000 O
188 10 11.350000 26.195999 -4.773000 C
189 10 12.401000 26.177999 -5.759000 O
190 10 10.586000 24.892000 -4.803000 C
191 10 11.551000 23.988001 -4.105000 C
192 10 11.004000 22.708000 -3.614000 N
193 10 9.730000 22.299000 -3.328000 C
194 10 9.630000 21.056000 -2.992000 N
195 10 10.952000 20.610001 -3.072000 C
196 10 11.513000 19.327000 -2.841000 C
197 10 10.936000 18.289000 -2.510000 O
198 10 12.876000 19.344999 -3.026000 N
199 10 13.623000 20.433001 -3.398000 C
200 10 14.929000 20.313999 -3.590000 N
201 10 13.122000 21.604000 -3.607000 N
202 10 11.780000 21.620001 -3.443000 C
203 11 13.022000 27.541000 -6.414000 P
204 11 12.953000 28.674999 -5.449000 O
205 11 12.458000 27.677000 -7.771000 O
206 11 14.566000 27.113001 -6.579000 O
207 11 15.467000 27.018000 -5.439000 C
208 11 16.502001 25.879000 -5.565000 C
209 11 15.955000 24.565001 -5.356000 O
210 11 17.115999 25.875999 -6.960000 C
211 11 18.468000 25.444000 -6.901000 O
212 11 16.311001 24.840000 -7.626000 C
213 11 16.124001 23.806000 -6.543000 C
214 11 14.937000 22.990000 -6.755000 N
215 11 15.011000 21.646999 -6.578000 C
216 11 16.082001 21.054001 -6.464000 O
217 11 13.878000 20.913000 -6.694000 N
218 11 12.725000 21.479000 -7.008000 C
219 11 11.637000 20.742001 -7.205000 N
220 11 12.647000 22.877001 -7.211000 C
221 11 13.779000 23.580000 -7.066000 C
222 12 19.499001 25.798000 -8.114000 P
223 12 20.854000 26.080000 -7.542000 O
224 12 18.875000 26.738001 -9.089000 O
225 12 19.516001 24.354000 -8.870000 O
226 12 20.183001 23.198999 -8.328000 C
227 12 19.951000 22.003000 -9.209000 C
228 12 18.598000 21.605000 -9.198000 O
229 12 20.274000 22.360001 -10.634000 C
230 12 21.625000 21.916000 -10.881000 O
231 12 19.108000 21.815001 -11.462000 C
232 12 18.297001 21.021999 -10.454000 C
233 12 16.839001 21.076000 -10.540000 N
234 12 16.052000 22.141001 -10.831000 C
235 12 14.771000 21.914000 -10.766000 N
236 12 14.707000 20.593000 -10.394000 C
237 12 13.572000 19.802999 -10.170000 C
238 12 12.396000 20.158001 -10.251000 O
239 12 13.896000 18.510000 -9.809000 N
240 12 15.170000 18.021999 -9.686000 C
241 12 15.301000 16.726999 -9.356000 N
242 12 16.267000 18.774000 -9.888000 N
243 12 15.960000 20.056999 -10.246000 C
245 13 7.620000 12.099000 -9.419000 O
246 13 8.506000 11.048000 -9.847000 C
247 13 9.973000 11.268000 -9.451000 C
248 13 10.473000 12.488000 -10.036000 O
249 13 10.141000 11.451000 -7.943000 C
250 13 11.450000 11.110000 -7.559000 O
251 13 10.117000 12.943000 -7.799000 C
252 13 10.905000 13.395000 -8.996000 C
253 13 10.648000 14.806000 -9.312000 N
254 13 11.720000 15.688000 -9.336000 C
255 13 12.881000 15.344000 -9.141000 O
256 13 11.469000 16.986000 -9.674000 N
257 13 10.244000 17.407000 -10.008000 C
258 13 10.079000 18.688000 -10.333000 N
259 13 9.138000 16.504999 -9.995000 C
260 13 9.390000 15.226000 -9.644000 C
261 14 11.657000 9.789000 -6.734000 P
262 14 11.640000 8.675000 -7.718000 O
263 14 10.731000 9.840000 -5.563000 O
264 14 13.154000 9.908000 -6.207000 O
265 14 14.222000 9.972000 -7.141000 C
266 14 15.247000 11.009000 -6.747000 C
267 14 14.793000 12.328000 -7.039000 O
268 14 15.506000 10.901000 -5.255000 C
269 14 16.825001 11.158000 -4.892000 O
270 14 14.855000 12.157000 -4.811000 C
271 14 15.110000 13.145000 -5.922000 C
272 14 14.168000 14.252000 -5.773000 N
273 14 12.834000 14.168000 -5.507000 C
274 14 12.224000 15.310000 -5.505000 N
275 14 13.221000 16.216999 -5.788000 C
276 14 13.139000 17.622000 -5.902000 C
277 14 12.140000 18.344999 -5.867000 O
278 14 14.364000 18.170000 -6.183000 N
279 14 15.515000 17.461000 -6.307000 C
280 14 16.594999 18.174999 -6.513000 N
281 14 15.617000 16.136999 -6.221000 N
282 14 14.425000 15.581000 -5.941000 C
283 15 17.363001 10.589000 -3.546000 P
284 15 18.240999 9.482000 -3.884000 O
285 15 16.257000 10.432000 -2.597000 O
286 15 18.278000 11.743000 -3.005000 O
287 15 19.207001 12.472000 -3.816000 C
288 15 18.968000 13.965000 -3.609000 C
289 15 17.600000 14.297000 -3.789000 O
290 15 19.191000 14.409000 -2.193000 C
291 15 20.565001 14.589000 -2.079000 O
292 15 18.461000 15.686000 -2.099000 C
293 15 17.398001 15.533000 -3.101000 C
294 15 16.080999 15.641000 -2.564000 N
295 15 15.430000 16.806000 -2.762000 C
296 15 16.000999 17.766001 -3.241000 O
297 15 14.125000 16.910999 -2.423000 N
298 15 13.475000 15.867000 -1.888000 C
299 15 12.190000 15.976000 -1.509000 N
300 15 14.160000 14.642000 -1.664000 C
301 15 15.466000 14.591000 -2.018000 C
302 16 21.340000 14.598000 -0.690000 P
303 16 22.697001 14.032000 -0.942000 O
304 16 20.452999 14.073000 0.388000 O
305 16 21.471001 16.184000 -0.443000 O
306 16 22.172001 17.108000 -1.280000 C
307 16 21.604000 18.469000 -1.058000 C
308 16 20.179001 18.402000 -1.205000 O
309 16 22.020000 19.045000 0.280000 C
310 16 22.687000 20.319000 0.098000 O
311 16 20.688000 19.080999 1.018000 C
312 16 19.615999 19.052000 -0.078000 C
313 16 18.441000 18.299000 0.350000 N
314 16 18.306000 17.073999 0.943000 C
315 16 17.062000 16.761999 1.187000 N
316 16 16.346001 17.871000 0.736000 C
317 16 14.959000 18.143999 0.737000 C
318 16 14.021000 17.436001 1.121000 O
319 16 14.664000 19.375999 0.209000 N
320 16 15.588000 20.250999 -0.270000 C
321 16 15.144000 21.438000 -0.707000 N
322 16 16.896000 20.009001 -0.282000 N
323 16 17.193001 18.806999 0.241000 C
324 17 22.684000 21.541000 1.176000 P
325 17 23.697001 22.517000 0.715000 O
326 17 22.816999 20.962000 2.550000 O
327 17 21.249001 22.197001 1.014000 O
328 17 20.934999 22.993999 -0.124000 C
329 17 19.739000 23.836000 0.141000 C
330 17 18.617001 23.007000 0.502000 O
331 17 20.040001 24.674999 1.337000 C
332 17 19.337000 25.913000 1.310000 O
333 17 19.393999 23.840000 2.414000 C
334 17 18.142000 23.296000 1.808000 C
335 17 17.716000 22.080999 2.508000 N
336 17 18.488001 21.044001 2.971000 C
337 17 17.790001 20.066000 3.508000 N
338 17 16.452999 20.502001 3.390000 C
339 17 15.214000 19.916000 3.750000 C
340 17 15.126000 18.681000 4.258000 N
341 17 14.083000 20.606001 3.503000 N
342 17 14.181000 21.789000 2.927000 C
343 17 15.280000 22.419001 2.532000 N
344 17 16.406000 21.719999 2.792000 C
345 18 19.760000 27.141001 2.284000 P
346 18 20.636000 28.066000 1.540000 O
347 18 20.240999 26.636000 3.595000 O
348 18 18.275999 27.673000 2.447000 O
349 18 17.403000 26.632999 2.955000 C
350 18 15.937000 27.086000 3.105000 C
351 18 15.013000 26.020000 3.440000 O
352 18 16.080999 27.914000 4.459000 C
353 18 14.885000 28.330999 5.190000 O
354 18 16.166000 26.799000 5.397000 C
355 18 15.186000 25.742001 4.850000 C
356 18 15.844000 24.475000 5.257000 N
357 18 17.208000 24.205999 5.399000 C
358 18 17.476999 23.077999 5.949000 N
359 18 16.211000 22.516001 6.197000 C
360 18 15.827000 21.264000 6.776000 C
361 18 16.672001 20.242001 6.976000 N
362 18 14.508000 21.013000 6.892000 N
363 18 13.656000 21.933001 6.466000 C
364 18 13.895000 23.125999 5.890000 N
365 18 15.217000 23.362000 5.793000 C
406 21 7.011000 25.330999 15.206000 P
407 21 5.649000 24.811001 14.939000 O
408 21 7.246000 26.566000 15.994000 O
409 21 7.924000 24.216999 15.883000 O
410 21 7.611000 22.879000 15.570000 C
411 21 8.266000 21.992001 16.546000 C
412 21 9.663000 22.122999 16.405001 O
413 21 7.901000 22.417999 17.936001 C
414 21 7.371000 21.278999 18.604000 O
415 21 9.195000 22.974001 18.459999 C
416 21 10.271000 22.302000 17.665001 C
417 21 11.455000 23.090000 17.358999 N
418 21 12.656000 22.421000 17.302000 C
419 21 12.776000 21.221001 17.542000 O
420 21 13.764000 23.093000 16.924999 N
421 21 13.708000 24.372000 16.598000 C
422 21 14.861000 24.924999 16.198999 N
423 21 12.473000 25.091000 16.660999 C
424 21 11.377000 24.408001 17.048000 C
425 22 6.616000 21.382999 20.030001 P
426 22 5.622000 20.278000 20.139999 O
427 22 6.196000 22.768999 20.327000 O
428 22 7.872000 21.013000 20.945000 O
429 22 8.502000 19.730000 20.982000 C
430 22 9.684000 19.687000 21.966000 C
431 22 10.920000 20.275999 21.500000 O
432 22 9.315000 20.448999 23.233999 C
433 22 10.140000 19.920000 24.225000 O
434 22 9.872000 21.827000 22.966999 C
435 22 11.152000 21.462000 22.264000 C
436 22 11.752000 22.584999 21.552999 N
437 22 11.176000 23.774000 21.153999 C
438 22 12.013000 24.580999 20.534000 N
439 22 13.216000 23.865999 20.537001 C
440 22 14.439000 24.209999 19.989000 C
441 22 14.769000 25.231001 19.391001 O
442 22 15.354000 23.202000 20.194000 N
443 22 15.126000 22.021000 20.823999 C
444 22 16.146999 21.157000 20.899000 N
445 22 13.976000 21.695000 21.353001 N
446 22 13.061000 22.645000 21.141001 C
447 23 9.630000 19.205999 25.523001 P
448 23 8.840000 18.023001 25.099001 O
449 23 9.089000 20.264000 26.403999 O
450 23 11.107000 18.747999 25.975000 O
451 23 11.873000 17.958000 25.024000 C
452 23 13.405000 17.900000 25.215000 C
453 23 14.062000 18.934000 24.502001 O
454 23 13.650000 18.094000 26.677999 C
455 23 14.549000 17.239000 27.414000 O
456 23 13.935000 19.547001 26.714001 C
457 23 14.559000 19.895000 25.427999 C
458 23 14.220000 21.291000 25.048000 N
459 23 15.192000 22.004999 24.436001 C
460 23 16.349001 21.598000 24.323999 O
461 23 14.906000 23.282000 24.059999 N
462 23 13.725000 23.888000 24.288000 C
463 23 13.586000 25.180000 23.906000 N
464 23 12.688000 23.149000 24.943001 C
465 23 12.982000 21.871000 25.292999 C
466 24 14.593000 17.368999 29.090000 P
467 24 14.590000 15.999000 29.650000 O
468 24 13.664000 18.422001 29.634001 O
469 24 16.049999 17.903000 29.408001 O
470 24 17.205999 17.302000 28.855000 C
471 24 18.173000 18.437000 28.552999 C
472 24 17.660999 19.353001 27.566000 O
473 24 18.420000 19.285000 29.815001 C
474 24 19.250000 18.650000 30.804001 O
475 24 19.024000 20.493000 29.164000 C
476 24 18.223000 20.642000 27.874001 C
477 24 17.200001 21.709000 27.922001 N
478 24 15.912000 21.674999 28.396000 C
479 24 15.238000 22.781000 28.191999 N
480 24 16.165001 23.594999 27.546000 C
481 24 16.031000 24.914000 27.080000 C
482 24 15.048000 25.648001 27.134001 O
483 24 17.184000 25.367001 26.497999 N
484 24 18.316000 24.638000 26.408001 C
485 24 19.386999 25.236000 25.952000 N
486 24 18.455999 23.395000 26.827999 N
487 24 17.343000 22.944000 27.388000 C
