229
1 1 1.309 6.025 -9.870 O
2 1 -0.114 6.120 -9.725 C
3 1 -0.801 5.005 -10.470 C
4 1 -0.261 4.960 -11.789 O
5 1 -0.499 3.656 -9.890 C
6 1 -1.494 3.300 -8.939 O
7 1 -0.486 2.735 -11.108 C
8 1 -1.763 2.505 -11.700 O
9 1 0.171 3.636 -12.118 C
10 1 1.634 3.548 -12.289 N
11 1 2.555 4.556 -12.174 C
12 1 3.781 4.184 -12.435 N
13 1 3.659 2.846 -12.762 C
14 1 4.678 1.929 -13.132 C
15 1 5.884 2.149 -13.239 O
16 1 4.158 0.666 -13.376 N
17 1 2.816 0.346 -13.278 C
18 1 2.469 -0.914 -13.537 N
19 1 1.853 1.216 -12.911 N
20 1 2.347 2.446 -12.690 C
21 2 -1.036 2.491 -7.677 P
22 2 -2.148 2.586 -6.704 O
23 2 0.285 3.021 -7.274 O
24 2 -0.766 0.959 -8.138 O
25 2 -1.771 -0.030 -8.340 C
26 2 -1.211 -1.286 -8.983 C
27 2 -0.387 -0.909 -10.076 O
28 2 -0.249 -2.033 -8.126 C
29 2 -0.868 -2.847 -7.143 O
30 2 0.592 -2.840 -9.082 C
31 2 0.032 -4.050 -9.591 O
32 2 0.689 -1.852 -10.196 C
33 2 1.962 -1.152 -10.193 N
34 2 3.105 -1.850 -10.500 C
35 2 3.079 -3.052 -10.767 O
36 2 4.281 -1.171 -10.501 N
37 2 4.320 0.139 -10.212 C
38 2 5.477 0.804 -10.236 N
39 2 3.140 0.850 -9.890 C
40 2 1.993 0.158 -9.895 C
41 3 -0.227 -2.920 -5.646 P
42 3 -1.135 -3.703 -4.769 O
43 3 0.175 -1.550 -5.231 O
44 3 1.096 -3.794 -5.897 O
45 3 0.861 -5.105 -6.381 C
46 3 2.152 -5.724 -6.883 C
47 3 2.862 -4.961 -7.869 O
48 3 3.147 -5.907 -5.771 C
49 3 2.736 -6.989 -4.926 O
50 3 4.453 -6.141 -6.532 C
51 3 4.421 -7.453 -7.117 O
52 3 4.285 -5.112 -7.638 C
53 3 4.798 -3.762 -7.451 N
54 3 4.081 -2.638 -7.206 C
55 3 4.780 -1.541 -7.221 N
56 3 6.060 -1.974 -7.501 C
57 3 7.236 -1.228 -7.610 C
58 3 7.378 -0.037 -7.482 O
59 3 8.294 -2.011 -7.882 N
60 3 8.217 -3.362 -8.026 C
61 3 9.347 -3.973 -8.278 N
62 3 7.109 -4.098 -7.953 N
63 3 6.065 -3.324 -7.668 C
64 4 3.444 -7.162 -3.501 P
65 4 2.570 -8.019 -2.669 O
66 4 3.851 -5.811 -3.022 O
67 4 4.724 -7.988 -3.946 O
68 4 5.839 -8.092 -3.100 C
69 4 7.056 -8.138 -3.958 C
70 4 7.103 -6.949 -4.718 O
71 4 8.302 -8.033 -3.122 C
72 4 8.543 -9.233 -2.393 O
73 4 9.300 -7.642 -4.169 C
74 4 8.490 -6.612 -4.914 C
75 4 8.588 -5.152 -4.669 N
76 4 7.502 -4.330 -4.504 C
77 4 7.770 -3.057 -4.436 N
78 4 9.147 -3.018 -4.603 C
79 4 10.032 -1.931 -4.613 C
80 4 9.600 -0.673 -4.463 N
81 4 11.339 -2.208 -4.775 N
82 4 11.695 -3.488 -4.943 C
83 4 10.968 -4.604 -4.942 N
84 4 9.668 -4.291 -4.764 C
85 5 8.486 -9.230 -0.793 P
86 5 8.220 -10.630 -0.404 O
87 5 7.613 -8.130 -0.294 O
88 5 9.978 -8.872 -0.429 O
89 5 11.046 -9.629 -0.968 C
90 5 12.148 -8.660 -1.159 C
91 5 11.552 -7.548 -1.806 O
92 5 12.591 -8.060 0.162 C
93 5 13.602 -8.857 0.759 O
94 5 13.112 -6.710 -0.270 C
95 5 12.250 -6.336 -1.410 C
96 5 11.393 -5.120 -1.245 N
97 5 11.987 -3.893 -1.430 C
98 5 13.185 -3.743 -1.657 O
99 5 11.143 -2.812 -1.352 N
100 5 9.806 -2.823 -1.112 C
101 5 9.180 -1.776 -1.077 O
102 5 9.274 -4.122 -0.935 C
103 5 7.816 -4.238 -0.651 C
104 5 10.050 -5.213 -1.002 C
105 6 14.189 -8.518 2.216 P
106 6 15.318 -9.450 2.418 O
107 6 13.077 -8.492 3.196 O
108 6 14.813 -7.051 2.089 O
109 6 16.023 -6.856 1.326 C
110 6 16.477 -5.417 1.467 C
111 6 15.458 -4.488 1.049 O
112 6 16.642 -5.216 2.957 C
113 6 17.946 -4.767 3.283 O
114 6 15.594 -4.209 3.283 C
115 6 15.323 -3.461 2.029 C
116 6 13.924 -3.048 2.006 N
117 6 12.834 -3.857 2.069 C
118 6 11.697 -3.213 2.009 N
119 6 12.066 -1.902 1.877 C
120 6 11.307 -0.746 1.747 C
121 6 9.966 -0.745 1.711 N
122 6 11.991 0.392 1.680 N
123 6 13.312 0.363 1.730 C
124 6 14.128 -0.652 1.820 N
125 6 13.424 -1.782 1.894 C
126 7 18.441 -4.657 4.828 P
127 7 19.880 -5.042 4.826 O
128 7 17.496 -5.351 5.754 O
129 7 18.233 -3.082 5.052 O
130 7 19.083 -2.175 4.370 C
131 7 18.877 -0.773 4.879 C
132 7 17.540 -0.325 4.591 O
133 7 19.027 -0.656 6.388 C
134 7 19.428 0.652 6.710 O
135 7 17.615 -0.698 6.860 C
136 7 16.885 0.089 5.793 C
137 7 15.477 -0.271 5.669 N
138 7 14.601 0.746 5.375 C
139 7 14.932 1.924 5.204 O
140 7 13.286 0.351 5.263 N
141 7 12.797 -0.949 5.404 C
142 7 11.600 -1.224 5.254 O
143 7 13.793 -1.918 5.711 C
144 7 13.362 -3.348 5.897 C
145 7 15.074 -1.567 5.820 C
146 8 20.942 1.008 6.819 P
147 8 20.976 2.449 6.454 O
148 8 21.774 0.045 6.055 O
149 8 21.177 0.772 8.441 O
150 8 21.185 -0.555 9.035 C
151 8 20.974 -0.677 10.571 C
152 8 22.208 -0.733 11.313 O
153 8 20.197 0.510 11.137 C
154 8 19.392 0.214 12.294 O
155 8 21.343 1.350 11.564 C
156 8 22.244 0.356 12.231 C
157 8 23.605 0.839 12.574 N
158 8 24.744 0.097 12.722 C
159 8 25.805 0.762 13.077 N
160 8 25.324 2.065 13.147 C
161 8 25.940 3.280 13.458 C
162 8 27.235 3.369 13.770 N
163 8 25.194 4.394 13.440 N
164 8 23.915 4.314 13.150 C
165 8 23.224 3.239 12.854 N
166 8 23.995 2.126 12.857 C
167 9 17.910 -0.452 12.083 P
168 9 17.261 -0.480 13.430 O
169 9 18.026 -1.705 11.286 O
170 9 17.095 0.556 11.127 O
171 9 16.642 1.780 11.657 C
172 9 16.300 2.794 10.604 C
173 9 15.733 2.227 9.428 O
174 9 15.098 3.461 11.143 C
175 9 15.370 4.315 12.236 O
176 9 14.361 4.056 10.007 C
177 9 14.798 5.349 9.591 O
178 9 14.601 2.989 8.963 C
179 9 13.427 2.089 8.825 N
180 9 12.201 2.610 8.382 C
181 9 12.047 3.806 8.106 O
182 9 11.146 1.752 8.281 N
183 9 11.305 0.456 8.596 C
184 9 10.284 -0.377 8.483 N
185 9 12.536 -0.097 9.041 C
186 9 13.567 0.755 9.125 C
187 10 14.749 3.831 13.641 P
188 10 15.597 4.409 14.690 O
189 10 14.528 2.359 13.642 O
190 10 13.318 4.582 13.614 O
191 10 13.330 6.008 13.609 C
192 10 12.041 6.610 13.090 C
193 10 11.688 6.064 11.830 O
194 10 10.918 6.199 13.958 C
195 10 10.928 7.035 15.087 O
196 10 9.710 6.338 13.049 C
197 10 9.283 7.667 12.737 O
198 10 10.285 5.764 11.789 C
199 10 9.979 4.343 11.699 N
200 10 10.804 3.270 11.846 C
201 10 10.216 2.120 11.705 N
202 10 8.907 2.464 11.467 C
203 10 7.811 1.610 11.270 C
204 10 7.813 0.375 11.255 O
205 10 6.649 2.360 11.083 N
206 10 6.578 3.731 11.087 C
207 10 5.385 4.301 10.883 N
208 10 7.640 4.516 11.265 N
209 10 8.757 3.812 11.456 C
210 11 10.675 6.512 16.578 P
211 11 11.162 7.577 17.490 O
212 11 11.153 5.121 16.794 O
213 11 9.102 6.463 16.637 O
214 11 8.313 7.584 16.301 C
215 11 7.025 7.009 15.824 C
216 11 7.297 5.999 14.876 O
217 11 6.328 6.173 16.872 C
218 11 5.616 6.917 17.867 O
219 11 5.342 5.435 16.013 C
220 11 4.272 6.292 15.598 O
221 11 6.158 5.152 14.788 C
222 11 6.495 3.738 14.674 N
223 11 5.520 2.841 14.274 C
224 11 4.383 3.206 13.990 O
225 11 5.846 1.522 14.199 N
226 11 7.088 1.110 14.504 C
227 11 7.399 -0.179 14.419 N
228 11 8.095 2.030 14.913 C
229 11 7.742 3.327 14.994 C
