388 1008
0 2
0 3
1 3
1 4
1 6
2 5
2 6
2 7
2 22
3 4
3 5
3 6
3 8
3 9
3 22
4 7
4 23
5 6
5 7
5 24
5 25
5 26
6 8
6 24
7 9
7 17
7 18
8 10
8 11
8 17
9 11
9 18
10 12
10 13
10 18
11 13
11 14
11 15
11 17
12 15
12 17
12 18
12 19
12 356
13 14
13 19
13 352
14 16
14 17
14 18
14 20
14 350
14 356
15 18
15 19
15 20
15 21
16 17
16 19
16 349
17 21
19 20
19 348
19 349
19 351
19 352
19 356
20 348
20 350
23 27
24 25
24 26
24 27
24 28
24 29
25 26
26 28
26 29
27 29
27 30
28 31
28 32
28 33
29 30
29 31
29 32
29 34
29 35
30 33
30 46
30 48
31 32
31 33
31 47
31 48
31 49
32 34
33 35
33 42
33 43
34 36
34 37
34 42
35 37
35 43
36 38
36 39
36 43
36 45
37 39
37 40
37 41
37 42
37 45
37 62
37 67
38 41
38 42
38 43
38 44
38 45
38 67
38 335
39 40
39 331
39 335
40 42
40 43
40 44
40 329
41 43
41 335
44 329
44 330
44 335
46 50
47 48
47 49
48 49
48 50
49 51
49 52
50 52
50 53
50 55
51 54
51 55
51 56
52 53
52 54
52 55
52 57
52 58
52 66
53 56
53 69
53 71
54 55
54 56
54 70
54 71
54 72
55 57
55 58
55 72
56 58
56 65
56 66
57 59
57 60
57 65
58 60
58 66
59 61
59 62
59 66
59 68
60 62
60 63
60 64
60 65
60 68
61 64
61 65
61 66
61 67
61 68
61 314
62 63
62 310
62 314
63 65
63 66
63 67
63 308
64 66
64 314
67 308
67 309
67 314
69 73
70 71
70 72
70 73
71 72
72 74
72 75
73 75
73 76
73 77
74 77
74 78
74 79
75 76
75 78
75 80
75 81
76 79
76 80
76 94
76 96
77 78
77 95
77 96
77 97
78 80
78 81
78 363
79 81
79 89
79 90
80 82
80 83
80 89
81 83
81 90
82 84
82 85
82 90
83 85
83 86
83 87
83 89
84 87
84 89
84 90
84 91
84 292
85 86
85 91
85 289
86 88
86 89
86 90
86 92
86 287
86 292
87 90
87 91
87 92
87 93
87 365
88 89
88 91
88 286
88 361
88 365
89 92
89 93
89 358
89 365
91 92
91 285
91 286
91 288
91 289
91 292
92 285
92 287
93 360
93 361
93 365
94 98
95 96
95 97
95 98
96 97
97 99
97 100
98 100
98 101
99 102
99 103
99 104
100 101
100 103
100 105
100 112
101 104
101 115
101 117
102 103
102 116
102 117
102 118
103 105
103 112
103 115
103 118
104 106
104 107
104 112
105 107
105 108
105 109
105 111
106 109
106 111
106 112
106 270
106 271
107 108
107 267
107 270
107 385
108 110
108 111
108 112
108 113
108 265
108 271
109 112
109 113
109 114
109 270
110 111
110 264
110 270
111 114
113 246
113 263
113 265
113 270
115 119
116 117
116 118
117 118
118 120
118 121
119 121
119 122
119 124
120 123
120 124
120 125
121 122
121 123
121 124
121 126
121 134
122 125
122 136
122 138
123 124
123 125
123 137
123 138
123 139
124 126
124 134
125 127
125 128
125 134
126 128
126 129
126 130
126 132
127 130
127 132
127 134
127 135
128 129
128 135
128 385
129 131
129 132
129 134
129 242
129 246
130 133
130 134
130 135
130 246
131 132
131 133
131 135
131 241
133 134
135 240
135 241
135 243
135 246
136 140
137 138
137 139
137 140
138 139
139 141
139 142
139 143
139 145
140 142
140 143
141 144
141 145
141 146
142 143
142 144
142 145
142 147
142 148
142 155
143 146
143 157
143 159
143 160
144 145
144 146
144 158
144 159
144 160
145 147
145 155
145 160
146 148
146 149
146 155
147 149
147 150
147 151
147 153
147 156
148 151
148 153
148 155
149 150
149 156
149 169
149 219
150 152
150 153
150 155
150 219
150 223
151 154
151 155
151 156
151 173
151 223
152 153
152 154
152 156
152 177
152 218
154 155
156 217
156 218
156 220
157 161
158 159
158 160
158 161
159 160
160 162
161 163
161 164
161 166
162 165
162 166
162 167
162 176
163 164
163 165
163 166
163 168
163 175
163 176
164 167
165 166
165 167
166 168
166 176
167 169
167 170
167 175
167 176
168 170
168 171
168 172
168 174
169 172
169 174
169 175
169 198
169 199
170 171
170 195
170 198
171 173
171 174
171 175
171 177
171 193
171 199
172 175
172 177
172 178
172 198
173 174
173 192
173 198
174 178
177 191
177 193
177 198
179 181
179 182
180 182
180 183
180 184
181 184
181 185
181 186
181 203
182 183
182 185
182 187
182 188
183 186
183 202
183 203
184 185
184 203
184 204
184 205
184 206
185 187
185 205
186 188
186 197
187 189
187 190
187 196
188 190
188 197
189 191
189 192
189 197
190 192
190 193
190 194
190 196
191 194
191 196
191 197
191 198
192 193
192 198
193 195
193 196
193 197
193 199
194 197
194 198
194 199
194 200
195 196
195 198
196 200
198 199
202 206
203 204
203 205
204 205
204 206
205 207
205 208
206 208
206 209
206 211
207 210
207 211
207 212
208 209
208 211
208 213
208 214
208 226
209 212
209 225
209 226
210 211
210 226
210 227
210 228
211 213
211 214
211 225
211 228
212 214
212 221
212 222
212 226
213 215
213 216
213 221
214 216
214 222
215 217
215 218
215 222
215 224
216 218
216 219
216 220
216 221
216 224
217 220
217 221
217 222
217 223
217 224
218 219
219 221
219 222
219 223
219 224
220 222
225 229
226 227
226 228
227 228
227 229
228 230
228 231
228 232
229 231
229 232
230 233
230 234
230 235
231 232
231 234
231 236
232 235
232 248
232 250
233 234
233 249
233 250
233 251
234 236
234 237
234 254
235 237
235 244
235 245
236 238
236 239
236 244
237 239
237 245
238 240
238 241
238 245
238 247
239 241
239 242
239 243
239 244
239 247
240 243
240 244
240 245
240 246
240 247
241 242
242 244
242 245
242 246
242 247
243 245
248 252
249 250
249 251
249 252
250 251
251 253
251 254
252 254
252 255
253 256
253 257
253 258
254 255
254 257
254 259
254 260
255 258
255 273
255 275
256 257
256 258
256 274
256 275
256 276
256 378
256 379
257 259
258 260
258 268
258 269
259 261
259 262
259 268
260 262
260 269
261 263
261 264
261 269
262 264
262 265
262 266
262 268
263 266
263 268
263 269
263 270
264 265
264 270
265 267
265 268
265 269
265 271
266 269
266 270
266 271
266 272
266 380
267 268
267 270
267 376
267 380
268 272
268 373
268 380
270 271
271 385
272 375
272 376
272 380
272 382
273 277
274 275
274 276
275 276
276 278
276 279
276 379
277 279
277 280
277 282
278 281
278 282
278 283
279 280
279 281
279 282
279 284
279 285
279 286
280 283
280 294
281 282
281 283
281 295
281 296
281 297
282 284
282 291
282 296
283 285
283 286
283 291
284 286
284 287
284 288
284 290
285 288
285 290
285 291
286 287
286 304
287 289
287 290
287 291
287 292
288 291
288 292
288 293
289 290
290 293
294 298
295 296
295 297
296 297
296 298
296 300
297 299
297 300
298 300
298 301
298 302
299 302
299 303
299 304
300 301
300 303
300 305
300 313
301 304
301 315
301 316
301 318
302 303
302 316
302 317
302 318
303 305
303 306
303 307
303 316
304 306
304 307
304 313
305 307
305 308
305 309
305 311
306 309
306 311
306 313
306 314
307 308
307 314
308 310
308 311
308 313
309 312
309 313
309 314
310 311
310 312
310 314
312 313
315 319
316 317
316 318
316 321
317 318
318 320
318 321
318 334
319 321
319 322
319 324
320 323
320 324
320 325
321 322
321 324
321 326
321 334
322 325
322 336
323 324
323 337
323 338
323 339
324 326
324 334
325 327
325 328
325 334
326 328
326 329
326 330
326 332
327 330
327 332
327 334
327 335
328 329
328 335
329 331
329 332
329 334
330 333
330 334
330 335
331 332
331 333
331 335
333 334
336 340
337 338
337 339
337 340
338 339
339 341
339 342
339 343
340 342
340 343
341 344
341 345
341 346
341 355
342 343
342 345
342 347
342 354
343 346
344 345
345 347
345 354
346 348
346 349
346 354
347 349
347 350
347 351
347 353
348 351
348 353
348 354
349 350
350 352
350 353
350 354
350 356
351 354
351 356
351 357
352 353
353 357
358 360
358 361
358 362
358 363
358 364
359 361
359 363
359 364
359 365
360 362
360 363
360 365
361 362
361 363
361 365
363 364
366 368
366 369
366 370
366 371
367 369
367 371
367 372
368 370
369 370
370 372
373 375
373 376
373 377
373 378
374 376
374 378
374 379
374 380
375 377
375 378
375 380
376 377
376 378
376 380
376 382
378 379
381 383
381 384
381 385
381 386
382 384
382 386
382 387
383 385
384 385
385 387
1 1 14.783000 32.915001 18.909000 O
2 1 14.057000 33.101002 17.691000 C
3 1 14.860000 33.831001 16.584000 C
4 1 16.073999 33.087002 16.375999 O
5 1 14.162000 33.839001 15.171000 C
6 1 14.667000 34.883999 14.282000 O
7 1 14.537000 32.473000 14.672000 C
8 1 15.927000 32.271000 15.178000 C
9 1 16.219999 30.827999 15.399000 N
10 1 16.306999 30.157000 16.601999 C
11 1 16.582001 28.888000 16.485001 N
12 1 16.764000 28.716999 15.122000 C
13 1 17.150000 27.568001 14.435000 C
14 1 17.431999 26.488001 14.935000 O
15 1 17.055000 27.719999 13.078000 N
16 1 16.767000 28.882000 12.436000 C
17 1 16.632000 28.816000 11.113000 N
18 1 16.563000 30.037001 13.070000 N
19 1 16.486000 29.863001 14.421000 C
20 1 17.208000 26.899000 12.510000 H
21 1 16.789000 27.959000 10.603000 H
22 1 16.362000 29.653000 10.613000 H
23 1 15.660000 32.625999 18.636999 H
24 2 14.423000 35.164001 12.680000 P
25 2 14.835000 33.960999 11.932000 O
26 2 15.126000 36.439999 12.383000 O
27 2 12.817000 35.414001 12.482000 O
28 2 11.750000 34.452000 12.267000 C
29 2 11.950000 33.737000 10.921000 C
30 2 12.836000 32.631001 11.119000 O
31 2 10.730000 33.242001 10.123000 C
32 2 11.001000 33.529999 8.722000 O
33 2 10.742000 31.775000 10.473000 C
34 2 12.197000 31.400999 10.730000 C
35 2 12.363000 30.396000 11.817000 N
36 2 12.260000 30.579000 13.173000 C
37 2 12.549000 29.527000 13.889000 N
38 2 12.808000 28.565001 12.932000 C
39 2 13.241000 27.246000 13.045000 C
40 2 13.582000 26.715000 14.212000 N
41 2 13.352000 26.533001 11.917000 N
42 2 13.074000 27.097000 10.743000 C
43 2 12.805000 28.374001 10.494000 N
44 2 12.673000 29.063999 11.663000 C
45 2 13.910000 25.764999 14.284000 H
46 2 13.508000 27.288000 15.044000 H
47 3 10.136000 33.300999 7.352000 P
48 3 10.730000 34.276001 6.408000 O
49 3 8.696000 33.448002 7.681000 O
50 3 10.354000 31.745001 6.783000 O
51 3 9.565000 31.142000 5.694000 C
52 3 9.972000 29.686001 5.176000 C
53 3 10.258000 28.775000 6.263000 O
54 3 8.858000 28.850000 4.460000 C
55 3 9.456000 27.684999 3.834000 O
56 3 8.042000 28.385000 5.655000 C
57 3 9.126000 27.896999 6.559000 C
58 3 8.944000 28.111000 7.977000 N
59 3 8.597000 29.254999 8.651000 C
60 3 8.718000 29.155001 9.942000 N
61 3 9.251000 27.885000 10.101000 C
62 3 9.789000 27.261000 11.209000 C
63 3 9.741000 27.886999 12.381000 N
64 3 10.065000 25.959999 11.079000 N
65 3 10.126000 25.441999 9.859000 C
66 3 9.940000 26.035999 8.697000 N
67 3 9.462000 27.275000 8.906000 C
68 3 10.142000 27.486000 13.215000 H
69 3 9.291000 28.792999 12.423000 H
70 4 8.734000 26.365000 3.230000 P
71 4 9.798000 25.542000 2.600000 O
72 4 7.578000 26.770000 2.399000 O
73 4 8.155000 25.500999 4.488000 O
74 4 7.735000 24.135000 4.246000 C
75 4 7.104000 23.351999 5.430000 C
76 4 7.827000 23.481001 6.686000 O
77 4 5.749000 23.858000 5.833000 C
78 4 4.701000 23.833000 4.866000 O
79 4 5.570000 23.000999 7.055000 C
80 4 6.920000 23.148001 7.767000 C
81 4 6.789000 24.191999 8.804000 N
82 4 6.580000 25.547001 8.680000 C
83 4 6.424000 26.173000 9.821000 N
84 4 6.583000 25.169001 10.769000 C
85 4 6.530000 25.242001 12.204000 C
86 4 6.412000 26.246000 12.926000 O
87 4 6.757000 23.981001 12.744000 N
88 4 6.926000 22.819000 12.011000 C
89 4 7.156000 21.676001 12.645000 N
90 4 6.968000 22.768000 10.681000 N
91 4 6.774000 23.964001 10.135000 C
92 4 6.745000 23.892000 13.751000 H
93 4 6.956000 21.580000 13.634000 H
94 4 7.491000 20.871000 12.139000 H
95 5 3.580000 24.965000 5.119000 P
96 5 3.297000 25.556999 3.795000 O
97 5 4.024000 25.830999 6.240000 O
98 5 2.251000 24.296000 5.662000 O
99 5 1.272000 23.541000 4.943000 C
100 5 0.208000 23.089001 5.925000 C
101 5 0.479000 23.694000 7.186000 O
102 5 -1.215000 23.546000 5.705000 C
103 5 -1.882000 22.802999 4.667000 O
104 5 -1.790000 23.349001 7.097000 C
105 5 -0.625000 23.450001 8.058000 C
106 5 -0.731000 24.549999 9.060000 N
107 5 -0.725000 24.231001 10.430000 C
108 5 -0.649000 23.089001 10.871000 O
109 5 -0.761000 25.243999 11.297000 N
110 5 -0.823000 26.525999 10.893000 C
111 5 -0.871000 27.473000 11.833000 N
112 5 -0.836000 26.877001 9.501000 C
113 5 -0.776000 25.853001 8.627000 C
114 5 -0.861000 27.223000 12.810000 H
115 5 -0.922000 28.445999 11.563000 H
116 6 -3.496000 22.834999 4.468000 P
117 6 -3.827000 22.247999 3.146000 O
118 6 -3.970000 24.205000 4.799000 O
119 6 -3.975000 21.787001 5.645000 O
120 6 -5.295000 21.382000 6.109000 C
121 6 -5.192000 20.243999 7.193000 C
122 6 -4.293000 20.684000 8.238000 O
123 6 -6.516000 19.864000 7.915000 C
124 6 -6.592000 18.497999 8.474000 O
125 6 -6.480000 20.917000 9.008000 C
126 6 -5.016000 21.059000 9.414000 C
127 6 -4.747000 22.452000 9.879000 N
128 6 -4.460000 22.621000 11.228000 C
129 6 -4.386000 21.698000 12.041000 O
130 6 -4.310000 23.910999 11.684000 N
131 6 -4.416000 25.048000 10.912000 C
132 6 -4.268000 26.148001 11.464000 O
133 6 -4.679000 24.796000 9.500000 C
134 6 -4.711000 25.959999 8.488000 C
135 6 -4.853000 23.539000 9.050000 C
136 6 -4.120000 24.028999 12.666000 H
137 7 -7.903000 17.820000 9.251000 P
138 7 -7.707000 16.346001 9.321000 O
139 7 -9.136000 18.325001 8.600000 O
140 7 -7.946000 18.365999 10.743000 O
141 7 -6.989000 17.827999 11.640000 C
142 7 -7.436000 18.003000 13.078000 C
143 7 -7.354000 19.351999 13.550000 O
144 7 -8.859000 17.506001 13.222000 C
145 7 -8.999000 16.834000 14.485000 O
146 7 -9.573000 18.879000 13.213000 C
147 7 -8.636000 19.836000 13.942000 C
148 7 -8.584000 21.270000 13.537000 N
149 7 -8.384000 22.197001 14.541000 C
150 7 -8.575000 22.039000 15.739000 O
151 7 -8.133000 23.445999 14.138000 N
152 7 -8.167000 23.920000 12.864000 C
153 7 -7.910000 25.100000 12.704000 O
154 7 -8.443000 22.952000 11.846000 C
155 7 -8.576000 23.408001 10.376000 C
156 7 -8.595000 21.658001 12.212000 C
157 7 -7.865000 24.083000 14.872000 H
158 8 -10.208000 15.799000 14.657000 P
159 8 -10.187000 15.315000 16.051001 O
160 8 -10.144000 14.811000 13.559000 O
161 8 -11.482000 16.822001 14.443000 O
162 8 -12.338000 17.492001 15.408000 C
163 8 -11.727000 18.249001 16.607000 C
164 8 -11.038000 19.500999 16.351000 O
165 8 -12.884000 18.594999 17.523001 C
166 8 -12.443000 18.452999 18.879999 O
167 8 -13.175000 20.042999 17.122000 C
168 8 -11.815000 20.643000 16.850000 C
169 8 -11.782000 21.799000 15.893000 N
170 8 -11.420000 23.087000 16.340000 C
171 8 -11.241000 23.382000 17.531000 O
172 8 -11.225000 24.055000 15.396000 N
173 8 -11.410000 23.813999 14.090000 C
174 8 -11.138000 24.795000 13.212000 N
175 8 -11.825000 22.516001 13.631000 C
176 8 -11.966000 21.547001 14.560000 C
177 8 -11.609000 18.933001 18.933001 H
178 8 -10.793000 25.688999 13.520000 H
179 8 -11.317000 24.643999 12.224000 H
181 9 -8.557000 35.827000 17.636000 O
182 9 -7.718000 34.699001 17.938999 C
183 9 -8.377000 33.550999 18.754999 C
184 9 -9.461000 32.872002 18.073999 O
185 9 -7.344000 32.445999 18.931999 C
186 9 -6.215000 32.762001 19.783001 O
187 9 -8.225000 31.264999 19.320999 C
188 9 -9.482000 31.465000 18.459999 C
189 9 -9.563000 30.615999 17.237000 N
190 9 -9.388000 31.083000 15.958000 C
191 9 -9.427000 30.139999 15.065000 N
192 9 -9.814000 28.993000 15.760000 C
193 9 -10.140000 27.693001 15.264000 C
194 9 -10.262000 27.334999 14.089000 O
195 9 -10.345000 26.763000 16.260000 N
196 9 -10.315000 27.054001 17.603001 C
197 9 -10.501000 25.999001 18.426001 N
198 9 -10.214000 28.333000 18.066999 N
199 9 -9.879000 29.246000 17.104000 C
200 9 -10.517000 25.808001 15.982000 H
201 9 -10.593000 25.059000 18.068001 H
202 9 -10.526000 26.152000 19.426001 H
203 9 -7.976000 36.507000 17.283001 H
204 10 -6.212000 33.007000 21.371000 P
205 10 -7.346000 33.882999 21.737000 O
206 10 -4.841000 33.415001 21.753000 O
207 10 -6.480000 31.513000 21.976000 O
208 10 -5.443000 30.514999 21.924000 C
209 10 -5.827000 29.139000 22.473000 C
210 10 -6.769000 28.447001 21.612000 O
211 10 -4.545000 28.327999 22.510000 C
212 10 -4.351000 27.419001 23.608000 O
213 10 -4.648000 27.563000 21.215000 C
214 10 -6.132000 27.347000 20.910999 C
215 10 -6.297000 27.362000 19.416000 N
216 10 -6.051000 28.420000 18.573999 C
217 10 -6.201000 28.143999 17.316000 N
218 10 -6.637000 26.827999 17.309999 C
219 10 -6.999000 25.987000 16.260000 C
220 10 -7.121000 26.438999 15.013000 N
221 10 -7.329000 24.747000 16.551001 N
222 10 -7.241000 24.332001 17.811001 C
223 10 -6.955000 25.025999 18.900999 N
224 10 -6.628000 26.299999 18.569000 C
225 10 -7.341000 25.834000 14.241000 H
226 10 -6.963000 27.423000 14.838000 H
227 11 -5.085000 26.018999 23.979000 P
228 11 -6.539000 26.171000 23.736000 O
229 11 -4.576000 25.612000 25.316999 O
230 11 -4.473000 25.042000 22.885000 O
231 11 -4.668000 23.625999 22.815001 C
232 11 -3.763000 23.094999 21.712000 C
233 11 -4.130000 23.598000 20.403999 O
234 11 -2.367000 23.627001 22.045000 C
235 11 -1.588000 22.568001 22.612000 O
236 11 -1.912000 24.191999 20.701000 C
237 11 -2.919000 23.695000 19.632999 C
238 11 -3.113000 24.629000 18.480000 N
239 11 -3.084000 26.010000 18.465000 C
240 11 -3.396000 26.533001 17.304001 N
241 11 -3.409000 25.427000 16.443001 C
242 11 -3.551000 25.296000 15.040000 C
243 11 -3.682000 26.327000 14.209000 N
244 11 -3.678000 24.075001 14.538000 N
245 11 -3.526000 23.051001 15.354000 C
246 11 -3.157000 23.040001 16.628000 N
247 11 -3.223000 24.273001 17.150999 C
248 11 -3.773000 26.188999 13.215000 H
249 11 -3.686000 27.260000 14.599000 H
250 12 -0.326000 22.860001 23.570999 P
251 12 0.064000 21.558001 24.148001 O
252 12 -0.710000 23.950001 24.489000 O
253 12 0.939000 23.415001 22.754000 O
254 12 1.914000 22.664000 22.018000 C
255 12 1.397000 21.763000 20.915001 C
256 12 0.425000 22.377001 20.021999 O
257 12 2.607000 21.492001 20.040001 C
258 12 2.761000 20.105000 19.766001 O
259 12 2.373000 22.282000 18.791000 C
260 12 0.902000 22.452999 18.643000 C
261 12 0.601000 23.711000 17.874001 N
262 12 0.539000 25.021000 18.330999 C
263 12 0.218000 25.903000 17.420000 N
264 12 0.097000 25.141001 16.239000 C
265 12 -0.229000 25.545000 14.883000 C
266 12 -0.461000 26.681000 14.459000 O
267 12 -0.265000 24.474001 13.993000 N
268 12 -0.053000 23.160999 14.352000 C
269 12 -0.195000 22.243000 13.396000 N
270 12 0.235000 22.771999 15.619000 N
271 12 0.297000 23.802999 16.514999 C
272 12 -0.413000 24.674000 13.015000 H
273 12 -0.360000 22.514000 12.436000 H
274 12 -0.124000 21.264000 13.622000 H
275 13 3.592000 19.104000 20.674000 P
276 13 3.101000 17.735001 20.389999 O
277 13 3.570000 19.628000 22.055000 O
278 13 5.076000 19.215000 20.073999 O
279 13 6.112000 20.204000 20.172001 C
280 13 7.267000 19.726999 19.256001 C
281 13 7.116000 20.441000 18.014999 O
282 13 8.722000 19.934999 19.731001 C
283 13 9.666000 19.170000 18.927000 O
284 13 8.869000 21.344999 19.296000 C
285 13 8.266000 21.282000 17.916000 C
286 13 7.878000 22.580999 17.392000 N
287 13 7.555000 22.620001 16.059999 C
288 13 7.580000 21.624001 15.364000 O
289 13 7.248000 23.805000 15.523000 N
290 13 7.212000 24.923000 16.250999 C
291 13 6.894000 26.066999 15.637000 N
292 13 7.506000 24.909000 17.657000 C
293 13 7.848000 23.712000 18.177999 C
294 13 6.619000 26.083000 14.666000 H
295 13 6.890000 26.930000 16.167000 H
296 14 11.275000 19.063999 19.205000 P
297 14 11.477000 18.313999 20.469000 O
298 14 11.872000 20.426001 19.066999 O
299 14 11.921000 18.106001 18.070999 O
300 14 12.419000 18.558001 16.827000 C
301 14 11.442000 19.214001 15.907000 C
302 14 11.062000 20.551001 16.242001 O
303 14 12.116000 19.340000 14.547000 C
304 14 12.286000 18.011000 14.109000 O
305 14 11.190000 20.250000 13.791000 C
306 14 10.634000 21.134001 14.942000 C
307 14 10.646000 22.658001 14.831000 N
308 14 10.494000 23.336000 13.593000 C
309 14 10.576000 22.862000 12.460000 O
310 14 10.283000 24.681999 13.667000 N
311 14 10.247000 25.430000 14.838000 C
312 14 10.023000 26.649000 14.807000 O
313 14 10.542000 24.670000 16.039000 C
314 14 10.899000 25.426001 17.327000 C
315 14 10.678000 23.346001 16.006001 C
316 14 10.122000 25.169001 12.797000 H
317 15 12.754000 17.466000 12.719000 P
318 15 11.819000 17.945000 11.685000 O
319 15 12.936000 16.013000 12.916000 O
320 15 14.194000 18.141001 12.559000 O
321 15 15.127000 17.875999 11.488000 C
322 15 14.711000 18.295000 10.084000 C
323 15 13.893000 19.499001 10.120000 O
324 15 16.030001 18.697001 9.397000 C
325 15 16.089001 18.488001 7.945000 O
326 15 16.110001 20.181999 9.815000 C
327 15 14.677000 20.716999 9.981000 C
328 15 14.560000 21.650000 11.168000 N
329 15 14.255000 23.016001 11.004000 C
330 15 14.084000 23.563999 9.916000 O
331 15 14.183000 23.789000 12.163000 N
332 15 14.414000 23.337000 13.439000 C
333 15 14.364000 24.118000 14.385000 O
334 15 14.698000 21.922001 13.523000 C
335 15 14.928000 21.237000 14.861000 C
336 15 14.759000 21.156000 12.429000 C
337 15 13.934000 24.761999 12.045000 H
338 16 17.414000 18.705999 6.975000 P
339 16 16.997999 18.285999 5.608000 O
340 16 18.608000 18.052999 7.589000 O
341 16 17.671000 20.344000 7.014000 O
342 16 16.785999 21.179001 6.244000 C
343 16 16.959999 22.673000 6.356000 C
344 16 16.732000 23.061001 7.690000 O
345 16 18.302999 23.240999 5.900000 C
346 16 18.100000 24.056999 4.730000 O
347 16 18.745001 24.097000 7.078000 C
348 16 17.490999 24.283001 7.909000 C
349 16 17.708000 24.333000 9.376000 N
350 16 17.320999 25.452000 10.101000 C
351 16 16.955000 26.496000 9.562000 O
352 16 17.400000 25.381001 11.452000 N
353 16 17.837000 24.297001 12.077000 C
354 16 17.875000 24.271999 13.405000 N
355 16 18.275000 23.155001 11.348000 C
356 16 18.170000 23.214001 10.008000 C
357 16 17.556000 23.548000 4.124000 H
358 16 17.493000 25.030001 13.948000 H
359 16 18.264000 23.469000 13.881000 H
361 1 4.252000 21.375999 10.447000 N
362 1 4.114000 19.993999 10.022000 C
363 1 5.197000 19.212999 10.665000 C
364 1 6.384000 19.562000 10.694000 O
365 1 4.174000 19.643000 8.531000 C
366 1 5.492000 19.959000 8.017000 O
367 1 3.088000 20.389000 7.760000 C
368 1 4.920000 21.485001 11.161000 H
377 3 6.994000 16.594999 13.409000 N
378 3 8.109000 16.343000 12.480000 C
379 3 7.826000 15.274000 11.409000 C
380 3 7.318000 14.211000 11.787000 O
381 3 9.265000 15.879000 13.388000 C
382 3 8.821000 16.195000 14.793000 C
383 3 7.303000 16.049999 14.729000 C
421 7 2.732000 20.931000 15.409000 N
422 7 2.798000 19.476999 15.209000 C
423 7 1.675000 18.945000 14.356000 C
424 7 0.580000 19.524000 14.325000 O
425 7 2.732000 18.639999 16.483999 C
426 7 1.581000 19.110001 17.218000 O
427 7 4.017000 18.667999 17.283001 C
428 7 2.062000 21.344000 14.823000 H
437 9 -0.105000 18.631001 11.119000 N
438 9 -1.182000 19.198999 11.948000 C
439 9 -2.215000 18.190001 12.418000 C
440 9 -2.478000 17.275000 11.633000 O
441 9 -1.784000 20.209000 11.004000 C
442 9 -1.567000 19.658001 9.625000 C
443 9 -0.143000 19.198000 9.769000 C
