1293
1 1 44.157 -3.063 8.968 N
2 1 43.581 -1.701 8.957 C
3 1 42.192 -1.864 9.512 C
4 1 41.575 -2.932 9.362 O
5 1 43.586 -1.191 7.505 C
6 1 42.995 0.168 7.322 C
7 1 44.133 1.425 7.827 S
8 1 45.623 0.739 7.086 C
9 2 41.742 -0.864 10.247 N
10 2 40.414 -0.840 10.845 C
11 2 39.991 0.633 10.862 C
12 2 40.840 1.469 10.562 O
13 2 40.403 -1.529 12.270 C
14 2 41.335 -0.923 13.259 C
15 2 41.244 0.289 13.516 O
16 2 42.183 -1.766 13.848 N
17 3 38.761 0.961 11.268 N
18 3 38.264 2.345 11.311 C
19 3 39.167 3.282 12.144 C
20 3 39.470 4.416 11.734 O
21 3 36.741 2.450 11.638 C
22 3 36.129 3.865 11.413 C
23 3 36.410 1.904 13.064 C
24 3 36.398 4.511 10.044 C
25 4 39.605 2.829 13.315 N
26 4 40.422 3.640 14.178 C
27 4 41.735 4.038 13.559 C
28 4 42.139 5.205 13.660 O
29 4 40.643 3.002 15.536 C
30 4 39.394 2.943 16.399 C
31 4 38.553 1.829 16.374 C
32 4 39.097 3.954 17.316 C
33 4 37.437 1.757 17.214 C
34 4 37.952 3.920 18.118 C
35 4 37.119 2.803 18.083 C
36 5 42.405 3.077 12.945 N
37 5 43.661 3.368 12.315 C
38 5 43.468 4.221 11.099 C
39 5 44.330 4.988 10.761 O
40 5 44.350 2.117 11.845 C
41 5 44.692 1.201 13.027 C
42 5 45.270 -0.124 12.578 C
43 5 45.799 -0.281 11.501 O
44 5 45.174 -1.067 13.485 O
45 6 42.360 4.046 10.418 N
46 6 42.075 4.790 9.205 C
47 6 41.906 6.282 9.518 C
48 6 42.473 7.154 8.868 O
49 6 40.782 4.265 8.612 C
50 6 40.407 4.891 7.294 C
51 6 38.632 4.646 6.974 S
52 6 38.608 4.675 5.181 C
53 7 41.101 6.565 10.503 N
54 7 40.856 7.949 10.884 C
55 7 42.067 8.593 11.519 C
56 7 42.223 9.799 11.435 O
57 7 39.668 8.084 11.863 C
58 7 38.315 7.959 11.154 C
59 7 37.238 7.577 12.166 C
60 7 37.993 9.246 10.441 C
61 8 42.882 7.792 12.194 N
62 8 44.059 8.314 12.818 C
63 8 45.046 8.802 11.730 C
64 8 45.689 9.845 11.864 O
65 8 44.563 7.422 13.948 C
66 8 46.001 7.665 14.381 C
67 8 46.121 8.745 15.452 C
68 8 47.497 9.177 15.748 N
69 8 48.331 9.834 14.925 C
70 8 48.042 10.168 13.656 N
71 8 49.530 10.167 15.400 N
72 9 45.031 8.157 10.591 N
73 9 45.839 8.590 9.490 C
74 9 45.251 9.864 8.862 C
75 9 45.928 10.799 8.524 O
76 9 45.951 7.493 8.436 C
77 9 46.996 6.448 8.808 C
78 9 46.235 8.077 7.047 C
79 9 46.683 5.107 8.147 C
80 10 43.965 9.939 8.698 N
81 10 43.325 11.114 8.086 C
82 10 43.241 12.419 8.907 C
83 10 43.214 13.519 8.369 O
84 10 41.909 10.736 7.542 C
85 10 41.946 9.875 6.299 C
86 10 42.849 9.923 5.482 O
87 10 40.917 9.063 6.194 O
88 11 43.137 12.292 10.223 N
89 11 43.006 13.411 11.154 C
90 11 44.284 13.840 11.897 C
91 11 44.396 14.968 12.347 O
92 11 41.933 13.029 12.209 C
93 11 40.611 12.729 11.504 C
94 11 39.906 13.970 11.000 C
95 11 40.471 15.088 11.353 O
96 11 38.897 13.937 10.350 O
97 12 45.208 12.927 12.098 N
98 12 46.413 13.186 12.842 C
99 12 46.097 13.250 14.328 C
100 12 44.974 12.991 14.772 O
101 13 47.095 13.578 15.114 N
102 13 46.919 13.720 16.563 C
103 13 47.593 15.014 17.008 C
104 13 48.744 15.196 16.738 O
105 13 47.646 12.581 17.302 C
106 13 47.713 12.722 18.834 C
107 13 46.364 12.442 19.458 C
108 13 48.659 11.697 19.402 C
109 14 46.914 15.901 17.708 N
110 14 47.514 17.133 18.224 C
111 14 47.002 17.278 19.623 C
112 14 45.802 17.096 19.855 O
113 14 47.214 18.348 17.348 C
114 14 47.393 17.905 15.893 C
115 14 47.717 18.961 14.841 C
116 14 48.451 20.120 15.330 N
117 14 48.510 21.302 14.683 
118 14 47.883 21.537 13.521 N
119 14 49.219 22.293 15.232 
120 15 47.917 17.501 20.547 N
121 15 47.602 17.636 21.939 C
122 15 47.319 19.061 22.371 C
123 15 47.074 19.309 23.550 O
124 15 48.693 17.011 22.819 C
125 15 48.978 15.558 22.467 C
126 15 49.932 14.990 23.490 C
127 15 47.678 14.785 22.565 C
128 16 47.287 19.997 21.442 N
129 16 46.998 21.399 21.819 C
130 16 45.922 21.948 20.882 C
131 16 45.805 21.483 19.736 O
132 16 48.326 22.186 21.770 C
133 16 48.279 23.636 22.135 C
134 16 47.782 23.971 23.533 
135 16 46.500 24.816 23.530 
136 16 46.613 26.189 22.981 N
137 17 45.065 22.848 21.356 N
138 17 43.980 23.339 20.496 C
139 17 44.528 23.811 19.154 C
140 17 45.536 24.514 19.112 O
141 17 43.217 24.435 21.204 C
142 17 42.502 23.870 22.449 C
143 17 42.273 25.168 20.245 C
144 17 41.518 24.872 23.082 C
145 18 43.916 23.450 18.053 N
146 18 44.460 23.921 16.817 C
147 18 43.296 24.247 15.984 C
148 18 42.185 24.016 16.439 O
149 18 45.393 22.922 16.116 C
150 18 44.687 21.654 15.697 C
151 18 44.460 20.633 16.618 C
152 18 44.268 21.454 14.378 C
153 18 43.803 19.467 16.210 C
154 18 43.632 20.285 13.948 C
155 18 43.359 19.293 14.894 C
156 18 42.718 18.106 14.542 O
157 19 43.532 24.747 14.775 N
158 19 42.446 25.074 13.888 C
159 19 42.397 24.078 12.762 C
160 19 43.418 23.753 12.168 O
161 19 42.542 26.477 13.323 C
162 19 42.197 27.572 14.296 C
163 19 42.063 28.854 13.517 C
164 19 42.194 30.092 14.373 C
165 19 41.760 31.313 13.687 N
166 20 41.191 23.559 12.480 N
167 20 41.084 22.579 11.413 C
168 20 41.192 23.262 10.061 C
169 20 41.446 24.435 9.951 O
170 20 39.890 21.631 11.559 C
171 20 38.492 22.208 11.225 C
172 20 38.473 23.401 10.784 O
173 20 37.471 21.601 11.335 O
174 21 40.970 22.494 9.060 N
175 21 41.021 22.854 7.656 C
176 21 40.025 23.981 7.302 C
177 21 40.273 24.786 6.392 O
178 21 40.719 21.457 7.061 C
179 21 41.865 20.824 6.301 O
180 21 39.602 21.505 6.283 C
181 22 38.892 24.081 8.043 N
182 22 37.841 25.122 7.800 C
183 22 38.033 26.309 8.745 C
184 22 37.258 27.232 8.755 O
185 22 36.437 24.604 8.060 C
186 22 35.973 23.422 7.185 C
187 22 35.792 23.744 5.726 C
188 22 35.211 24.886 5.518 O
189 22 36.175 23.016 4.829 O
190 23 39.058 26.209 9.582 N
191 23 39.303 27.251 10.519 C
192 23 38.659 27.010 11.851 C
193 23 38.736 27.899 12.677 O
194 24 38.060 25.838 12.121 N
195 24 37.470 25.645 13.458 C
196 24 38.376 25.027 14.501 C
197 24 39.236 24.187 14.237 O
198 24 36.145 24.925 13.487 C
199 24 35.190 25.415 12.438 C
200 24 34.615 26.676 12.544 C
201 24 34.743 24.557 11.436 C
202 24 33.663 27.093 11.619 C
203 24 33.819 24.974 10.480 C
204 24 33.286 26.257 10.569 C
205 24 32.383 26.687 9.640 O
206 25 38.133 25.474 15.722 N
207 25 38.833 25.051 16.896 C
208 25 38.609 23.573 17.167 C
209 25 37.455 23.117 17.377 O
210 25 38.435 25.951 18.070 C
211 25 39.149 27.273 18.030 C
212 25 40.532 27.380 17.864 C
213 25 38.386 28.429 18.195 C
214 25 41.146 28.633 17.828 C
215 25 38.974 29.689 18.172 C
216 25 40.355 29.773 18.021 C
217 25 40.908 31.011 18.067 O
218 26 39.744 22.835 17.123 N
219 26 39.767 21.382 17.237 C
220 26 40.857 20.934 18.218 C
221 26 41.734 21.702 18.591 O
222 26 39.968 20.820 15.785 C
223 26 38.940 21.211 14.904 O
224 26 40.190 19.299 15.629 C
225 27 40.833 19.664 18.610 N
226 27 41.865 19.098 19.484 C
227 27 41.945 17.570 19.289 C
228 27 41.019 16.962 18.778 O
229 27 41.701 19.486 20.973 C
230 27 43.073 19.472 21.643 C
231 27 40.748 18.514 21.684 C
232 27 43.103 19.816 23.107 C
233 28 43.019 16.931 19.709 N
234 28 43.106 15.456 19.644 C
235 28 43.084 14.900 18.245 C
236 28 43.827 15.374 17.384 O
237 29 42.244 13.874 18.032 N
238 29 42.106 13.238 16.722 C
239 29 40.843 13.741 15.932 C
240 29 39.828 13.044 15.818 O
241 29 42.170 11.692 16.842 C
242 29 43.499 11.282 17.497 C
243 29 41.999 11.024 15.463 C
244 29 43.375 10.088 18.437 C
245 30 40.901 14.981 15.401 N
246 30 39.752 15.512 14.661 C
247 30 38.525 15.802 15.526 C
248 30 37.430 15.809 15.049 O
249 31 38.698 16.055 16.839 N
250 31 37.552 16.341 17.692 C
251 31 37.157 17.832 17.610 C
252 31 37.813 18.646 18.243 O
253 31 37.815 15.999 19.193 C
254 31 36.591 16.255 20.051 C
255 31 35.521 15.374 20.056 N
256 31 36.252 17.299 20.886 C
257 31 34.570 15.869 20.851 C
258 31 34.972 17.024 21.373 N
259 32 36.125 18.184 16.842 N
260 32 35.709 19.571 16.734 C
261 32 35.301 20.152 18.088 C
262 32 34.574 19.550 18.890 O
263 32 34.604 19.689 15.691 C
264 32 34.037 21.105 15.605 C
265 32 35.009 22.007 14.851 C
266 32 32.716 21.060 14.850 C
267 33 35.762 21.297 18.417 N
268 33 35.365 21.799 19.714 C
269 33 34.208 22.794 19.643 C
270 33 33.241 22.685 20.394 O
271 33 36.539 22.476 20.421 C
272 33 37.547 21.499 21.031 C
273 33 38.740 22.343 21.423 C
274 33 36.900 20.863 22.281 C
275 34 34.346 23.807 18.786 N
276 34 33.340 24.842 18.627 C
277 34 33.494 25.464 17.276 C
278 34 34.592 25.472 16.749 O
279 34 33.374 25.977 19.742 C
280 34 32.324 26.955 19.561 O
281 34 34.703 26.685 19.833 C
282 35 32.410 26.002 16.728 N
283 35 32.530 26.667 15.453 C
284 35 32.753 28.151 15.665 C
285 35 33.046 28.893 14.757 O
286 35 31.340 26.458 14.584 C
287 35 31.398 25.099 13.930 C
288 35 30.211 24.840 13.029 C
289 35 30.308 23.453 12.434 C
290 35 29.109 22.645 12.701 
291 36 32.620 28.576 16.890 N
292 36 32.814 29.964 17.243 C
293 36 34.266 30.434 17.084 C
294 36 35.225 29.659 17.183 O
295 36 32.209 30.282 18.631 C
296 36 33.169 30.794 19.560 O
297 37 34.434 31.732 16.834 N
298 37 35.740 32.351 16.658 C
299 37 36.481 32.549 17.974 C
300 37 37.642 32.975 18.023 O
301 37 35.436 33.705 16.057 C
302 37 34.055 33.590 15.437 C
303 37 33.361 32.486 16.165 C
304 38 35.841 32.189 19.054 N
305 38 36.469 32.436 20.306 C
306 38 37.296 31.320 20.853 C
307 38 36.806 30.239 21.079 O
308 38 35.422 32.873 21.315 C
309 38 36.096 33.058 22.541 O
310 39 38.552 31.626 21.134 N
311 39 39.444 30.645 21.681 C
312 39 39.018 30.367 23.095 C
313 39 39.257 29.312 23.665 O
314 39 40.940 31.075 21.629 C
315 39 41.878 30.217 22.487 C
316 39 41.962 28.787 21.968 C
317 39 43.278 30.793 22.501 C
318 40 38.397 31.333 23.700 N
319 40 37.993 31.121 25.077 C
320 40 36.765 30.229 25.079 C
321 40 36.565 29.393 25.922 O
322 40 37.712 32.458 25.835 C
323 40 38.853 33.028 26.686 C
324 40 39.776 32.332 27.144 O
325 40 38.756 34.324 26.924 
326 41 35.916 30.450 24.114 N
327 41 34.781 29.612 24.010 C
328 41 35.286 28.174 23.791 C
329 41 34.677 27.249 24.270 O
330 41 33.944 30.022 22.808 C
331 42 36.406 27.995 23.074 N
332 42 37.004 26.673 22.763 C
333 42 37.605 26.006 23.991 C
334 42 37.461 24.804 24.189 O
335 42 38.040 26.721 21.645 C
336 43 38.243 26.809 24.816 N
337 43 38.834 26.327 26.065 C
338 43 37.739 25.834 26.978 C
339 43 37.865 24.830 27.662 O
340 43 39.638 27.407 26.764 C
341 43 41.123 27.225 26.557 C
342 43 41.833 28.561 26.420 C
343 43 43.330 28.488 26.757 C
344 43 43.702 29.288 27.938 N
345 44 36.629 26.564 26.936 N
346 44 35.474 26.233 27.721 C
347 44 34.882 24.875 27.307 C
348 44 34.665 23.996 28.134 O
349 44 34.449 27.359 27.641 C
350 44 33.360 27.110 28.508 O
351 45 34.614 24.698 26.030 N
352 45 34.092 23.414 25.574 C
353 45 35.096 22.349 25.926 C
354 45 34.768 21.285 26.392 O
355 45 33.984 23.426 24.066 C
356 45 32.810 24.318 23.661 C
357 45 31.538 23.787 24.278 C
358 45 31.178 22.646 24.137 O
359 45 30.837 24.658 24.955 O
360 46 36.367 22.631 25.688 N
361 46 37.358 21.634 25.981 C
362 46 37.331 21.109 27.425 C
363 46 37.358 19.898 27.689 O
364 46 38.783 22.062 25.544 C
365 46 39.848 21.046 26.001 C
366 46 39.646 19.769 25.185 C
367 46 41.236 21.640 25.661 C
368 47 37.272 22.014 28.407 N
369 47 37.279 21.579 29.811 C
370 47 36.043 20.769 30.191 C
371 47 36.093 19.891 31.050 O
372 47 37.384 22.802 30.776 C
373 47 38.719 23.522 30.771 C
374 47 39.773 23.056 30.332 O
375 47 38.593 24.704 31.285 O
376 48 34.929 21.133 29.569 N
377 48 33.661 20.477 29.750 C
378 48 33.740 19.034 29.160 C
379 48 33.212 18.070 29.708 O
380 48 32.631 21.299 28.955 C
381 48 31.221 20.739 29.023 C
382 48 30.121 21.659 28.570 C
383 48 30.317 22.231 27.174 C
384 48 29.616 21.498 26.143 N
385 49 34.426 18.901 28.031 N
386 49 34.556 17.604 27.357 C
387 49 35.455 16.639 28.140 C
388 49 35.223 15.430 28.159 O
389 49 35.035 17.809 25.912 C
390 50 36.439 17.190 28.830 N
391 50 37.418 16.422 29.576 C
392 50 37.114 16.260 31.044 C
393 50 37.503 15.259 31.676 O
394 50 38.856 17.009 29.352 C
395 50 39.291 16.802 27.908 C
396 50 39.907 16.416 30.301 C
397 50 39.138 15.373 27.393 C
398 51 36.463 17.241 31.623 N
399 51 36.127 17.121 33.041 C
400 51 37.217 17.688 33.923 C
401 51 37.316 17.332 35.081 O
402 52 38.015 18.604 33.392 N
403 52 39.049 19.260 34.203 C
404 52 39.516 20.554 33.589 C
405 52 39.184 20.856 32.455 O
406 52 40.224 18.355 34.481 C
407 52 41.056 18.101 33.262 C
408 52 42.207 17.220 33.658 C
409 52 43.084 16.879 32.547 N
410 52 43.955 17.740 32.102 C
411 52 44.033 18.943 32.648 N
412 52 44.744 17.404 31.095 N
413 53 40.268 21.349 34.337 N
414 53 40.749 22.609 33.770 C
415 53 41.896 22.304 32.890 C
416 53 42.959 21.947 33.370 O
417 53 41.280 23.530 34.876 C
418 53 40.497 24.793 34.789 
419 53 39.372 24.808 35.293 O
420 53 41.015 25.783 34.055 N
421 54 41.727 22.369 31.607 N
422 54 42.877 21.944 30.857 C
423 54 43.800 23.016 30.388 C
424 54 44.867 22.688 29.910 O
425 54 42.491 21.213 29.604 C
426 54 41.871 22.128 28.703 O
427 54 41.614 20.004 29.954 C
428 55 43.385 24.264 30.400 N
429 55 44.229 25.276 29.834 C
430 55 44.667 24.915 28.404 C
431 55 45.831 25.149 28.078 O
432 55 45.463 25.711 30.710 C
433 55 45.805 27.214 30.622 C
434 55 45.008 28.065 30.175 O
435 55 47.014 27.551 31.035 N
436 56 43.768 24.339 27.560 N
437 56 44.026 24.030 26.100 C
438 56 44.991 22.883 25.734 C
439 56 45.273 22.580 24.559 O
440 57 45.439 22.214 26.759 N
441 57 46.307 21.078 26.596 C
442 57 45.776 19.796 27.250 C
443 57 45.333 19.805 28.381 O
444 57 47.631 21.395 27.217 C
445 57 48.494 20.144 27.165 C
446 57 48.214 22.564 26.429 C
447 58 45.877 18.681 26.509 N
448 58 45.424 17.366 26.950 C
449 58 46.504 16.329 26.710 C
450 58 47.446 16.527 25.973 O
451 58 44.107 16.923 26.259 C
452 58 44.261 16.748 24.726 C
453 58 42.954 17.878 26.545 C
454 58 43.046 16.031 24.081 C
455 59 46.339 15.195 27.333 N
456 59 47.246 14.117 27.187 C
457 59 46.738 13.158 26.117 C
458 59 45.564 13.170 25.756 O
459 59 47.359 13.346 28.542 C
460 59 46.181 12.553 28.794 O
461 59 47.533 14.331 29.686 C
462 60 47.630 12.251 25.730 N
463 60 47.400 11.203 24.768 C
464 60 46.193 10.337 25.101 C
465 60 45.345 10.023 24.254 O
466 60 48.657 10.364 24.555 C
467 60 48.458 9.314 23.493 C
468 60 49.541 9.335 22.449 C
469 60 49.419 8.185 21.478 C
470 60 49.983 8.511 20.161 N
471 61 46.102 9.926 26.366 N
472 61 44.988 9.115 26.794 C
473 61 43.646 9.869 26.622 C
474 61 42.642 9.279 26.301 O
475 61 45.101 8.788 28.291 C
476 61 46.158 7.807 28.632 C
477 61 46.809 7.355 27.591 O
478 61 46.369 7.458 29.770 O
479 62 43.644 11.180 26.964 N
480 62 42.436 11.975 26.890 C
481 62 42.000 12.107 25.449 C
482 62 40.819 11.975 25.150 O
483 62 42.606 13.316 27.603 C
484 62 42.743 13.151 29.136 C
485 62 43.178 14.458 29.735 C
486 62 43.750 15.327 29.102 O
487 62 42.854 14.588 30.965 O
488 63 42.991 12.329 24.549 N
489 63 42.740 12.399 23.103 C
490 63 42.084 11.128 22.580 C
491 63 41.184 11.160 21.714 O
492 63 44.023 12.637 22.281 C
493 64 42.598 10.007 23.087 N
494 64 42.136 8.675 22.686 C
495 64 40.750 8.394 23.244 C
496 64 39.926 7.793 22.558 O
497 64 43.187 7.629 23.091 C
498 64 44.110 7.380 21.886 C
499 64 45.321 6.655 22.334 C
500 64 45.391 6.158 23.448 O
501 64 46.285 6.670 21.441 O
502 65 40.499 8.859 24.461 N
503 65 39.156 8.713 25.013 C
504 65 38.121 9.469 24.190 C
505 65 37.073 8.927 23.851 O
506 65 39.066 9.215 26.410 C
507 65 37.666 8.900 26.917 C
508 65 37.576 8.710 28.427 C
509 65 36.216 8.224 28.909 C
510 65 36.215 7.914 30.347 N
511 66 38.391 10.750 23.819 N
512 66 37.480 11.550 22.952 C
513 66 37.223 10.877 21.580 C
514 66 36.105 10.867 21.038 O
515 66 38.039 12.994 22.657 C
516 66 38.148 13.950 23.846 C
517 66 38.795 15.265 23.401 C
518 66 36.779 14.251 24.355 C
519 67 38.299 10.345 21.007 N
520 67 38.280 9.662 19.748 C
521 67 37.363 8.448 19.841 C
522 67 36.492 8.253 19.035 O
523 67 39.737 9.262 19.394 C
524 67 39.934 8.634 18.030 C
525 67 39.225 9.103 16.920 C
526 67 40.841 7.587 17.845 C
527 67 39.386 8.565 15.643 C
528 67 41.070 7.070 16.569 C
529 67 40.321 7.534 15.482 C
530 68 37.541 7.607 20.828 N
531 68 36.651 6.448 20.949 C
532 68 35.172 6.869 21.065 C
533 68 34.250 6.261 20.532 O
534 68 37.011 5.650 22.250 C
535 68 38.219 4.753 22.085 C
536 68 38.413 4.205 20.994 O
537 68 39.021 4.603 23.156 N
538 69 34.919 7.939 21.789 N
539 69 33.528 8.401 21.938 C
540 69 32.964 8.860 20.616 C
541 69 31.799 8.695 20.322 O
542 69 33.401 9.604 22.887 C
543 69 33.774 9.207 24.323 C
544 69 33.952 10.348 25.330 C
545 69 34.106 10.058 26.518 O
546 69 33.896 11.612 24.882 N
547 70 33.810 9.591 19.873 N
548 70 33.374 10.109 18.614 C
549 70 33.149 9.032 17.547 C
550 70 32.340 9.220 16.619 O
551 70 34.337 11.173 18.038 C
552 70 34.443 12.398 18.881 C
553 70 33.699 12.654 19.786 O
554 70 35.488 13.107 18.592 O
555 71 33.944 7.937 17.615 N
556 71 33.743 6.883 16.614 C
557 71 32.416 6.179 16.973 C
558 71 31.524 5.923 16.138 O
559 71 34.944 5.895 16.469 C
560 71 34.523 4.747 15.537 C
561 71 36.218 6.538 15.892 C
562 72 32.260 5.927 18.271 N
563 72 31.003 5.283 18.774 C
564 72 29.754 6.113 18.367 C
565 72 28.740 5.621 17.869 O
566 72 31.173 5.117 20.295 C
567 72 30.127 4.312 21.071 C
568 72 29.297 3.663 20.352 O
569 72 30.055 4.340 22.274 O
570 73 29.828 7.408 18.552 N
571 73 28.725 8.297 18.205 C
572 73 28.475 8.309 16.690 C
573 73 27.341 8.347 16.256 O
574 73 29.073 9.713 18.665 C
575 74 29.548 8.321 15.890 N
576 74 29.403 8.280 14.441 C
577 74 28.625 7.019 14.034 C
578 74 27.601 7.128 13.383 O
579 74 30.738 8.307 13.698 C
580 75 29.106 5.839 14.428 N
581 75 28.398 4.607 14.095 C
582 75 26.867 4.670 14.449 C
583 75 26.002 4.376 13.606 O
584 75 29.071 3.365 14.710 C
585 75 28.230 2.101 14.382 C
586 75 30.490 3.187 14.147 C
587 76 26.566 5.055 15.704 N
588 76 25.225 5.158 16.269 C
589 76 24.399 6.216 15.547 C
590 76 23.213 6.044 15.221 O
591 76 25.233 5.254 17.802 C
592 76 25.477 3.929 18.577 C
593 76 25.339 4.019 20.114 C
594 76 26.463 4.687 20.804 N
595 76 26.617 6.023 20.955 
596 76 25.725 6.898 20.495 
597 76 27.692 6.527 21.575 N
598 77 25.025 7.313 15.153 N
599 77 24.221 8.247 14.364 C
600 77 23.810 7.624 13.024 C
601 77 22.739 7.867 12.506 O
602 78 24.714 6.855 12.407 N
603 78 24.446 6.162 11.130 C
604 78 23.299 5.157 11.359 C
605 78 22.367 5.069 10.572 O
606 78 25.637 5.354 10.621 C
607 78 26.693 6.215 9.915 C
608 78 25.200 4.235 9.661 C
609 78 28.006 5.442 9.807 C
610 79 23.379 4.384 12.444 N
611 79 22.365 3.369 12.692 C
612 79 21.004 3.956 12.978 C
613 79 20.002 3.320 12.695 O
614 79 22.739 2.272 13.693 C
615 79 24.016 1.522 13.375 C
616 79 24.373 0.662 14.578 C
617 79 23.803 0.631 12.154 C
618 80 20.981 5.172 13.510 N
619 80 19.714 5.820 13.821 C
620 80 19.149 6.630 12.660 C
621 80 18.074 7.147 12.767 O
622 80 19.968 6.863 14.880 C
623 80 19.604 6.515 16.299 C
624 80 19.551 7.800 17.146 
625 80 20.881 8.175 17.644 
626 80 21.636 9.240 17.309 
627 80 21.292 10.216 16.438 N
628 80 22.821 9.312 17.903 N
629 81 19.907 6.864 11.599 N
630 81 19.464 7.716 10.512 C
631 81 18.696 6.943 9.428 C
632 81 19.128 5.888 8.971 O
633 81 20.697 8.461 9.996 C
634 81 20.344 9.429 8.914 C
635 81 20.095 9.043 7.764 O
636 81 20.352 10.699 9.272 N
637 82 17.504 7.397 9.037 N
638 82 16.727 6.617 8.072 C
639 82 17.370 6.458 6.742 C
640 82 17.146 5.474 6.059 O
641 82 15.329 7.165 7.864 C
642 83 18.151 7.448 6.370 N
643 83 18.830 7.469 5.108 C
644 83 20.145 6.729 5.111 C
645 83 20.590 6.220 4.099 O
646 83 19.188 8.890 4.736 C
647 83 18.060 9.614 4.051 C
648 83 17.211 10.354 5.077 C
649 83 16.519 11.560 4.466 
650 83 16.577 11.542 2.989 
651 84 20.800 6.740 6.241 N
652 84 22.085 6.097 6.286 C
653 84 22.060 4.631 6.630 C
654 84 22.856 3.822 6.119 O
655 84 23.093 6.868 7.129 C
656 84 23.255 8.321 6.683 C
657 84 23.953 9.081 7.803 C
658 84 24.061 8.419 5.421 C
659 85 21.168 4.270 7.508 N
660 85 21.100 2.908 7.918 C
661 85 21.021 1.870 6.786 C
662 85 21.762 0.912 6.776 O
663 85 20.100 2.728 9.030 C
664 85 20.088 1.295 9.528 C
665 85 19.266 1.181 10.798 C
666 85 19.487 -0.131 11.500 C
667 85 19.118 -1.260 10.651 N
668 86 20.177 2.058 5.812 N
669 86 20.061 1.097 4.720 C
670 86 21.317 0.982 3.907 C
671 86 21.678 -0.107 3.498 O
672 86 18.888 1.518 3.821 C
673 86 18.290 2.753 4.500 C
674 86 19.082 3.054 5.786 C
675 87 22.017 2.093 3.709 N
676 87 23.279 2.037 2.969 C
677 87 24.331 1.227 3.734 C
678 87 24.898 0.273 3.263 O
679 87 23.758 3.430 2.503 C
680 87 24.987 3.373 1.558 C
681 87 22.590 4.142 1.814 C
682 88 24.553 1.575 4.971 N
683 88 25.484 0.875 5.785 C
684 88 25.210 -0.661 5.771 C
685 88 26.098 -1.497 5.555 O
686 88 25.326 1.536 7.188 C
687 88 26.384 1.086 8.184 C
688 88 27.632 1.694 8.265 C
689 88 26.143 -0.010 9.006 C
690 88 28.583 1.211 9.164 C
691 88 27.099 -0.530 9.877 C
692 88 28.317 0.133 10.000 C
693 88 29.271 -0.289 10.893 O
694 89 23.957 -1.047 6.032 N
695 89 23.586 -2.471 6.094 C
696 89 23.885 -3.214 4.838 C
697 89 24.190 -4.383 4.846 O
698 89 22.084 -2.614 6.409 C
699 89 21.760 -2.347 7.857 C
700 89 22.796 -2.313 8.618 O
701 89 20.639 -2.168 8.253 O
702 90 23.793 -2.504 3.725 N
703 90 24.056 -3.155 2.476 C
704 90 25.534 -3.317 2.179 C
705 90 25.874 -4.019 1.258 O
706 90 23.402 -2.423 1.281 C
707 90 24.171 -1.263 0.925 O
708 91 26.423 -2.614 2.897 N
709 91 27.835 -2.633 2.530 C
710 91 28.696 -3.707 3.214 C
711 91 28.391 -4.145 4.343 O
712 91 28.465 -1.214 2.845 C
713 91 28.035 0.029 1.985 C
714 91 28.509 1.331 2.655 C
715 91 28.578 -0.037 0.568 C
716 92 29.834 -4.049 2.555 N
717 92 30.818 -4.961 3.140 C
718 92 31.556 -4.203 4.249 C
719 92 31.345 -3.022 4.421 O
720 92 31.782 -5.460 2.074 C
721 92 32.463 -4.310 1.361 C
722 92 31.751 -3.775 0.388 O
723 92 33.561 -3.895 1.691 O
724 93 32.421 -4.854 5.038 N
725 93 33.109 -4.194 6.142 C
726 93 34.081 -3.023 5.778 C
727 93 34.260 -2.081 6.558 O
728 93 33.828 -5.198 7.041 C
729 93 34.364 -6.202 6.217 O
730 94 34.771 -3.129 4.635 N
731 94 35.714 -2.091 4.260 C
732 94 34.952 -0.813 3.959 C
733 94 35.241 0.235 4.506 O
734 94 36.609 -2.563 3.083 C
735 94 37.654 -1.551 2.649 C
736 94 37.382 -3.765 3.538 C
737 95 33.962 -0.956 3.103 N
738 95 33.117 0.170 2.669 C
739 95 32.360 0.784 3.814 C
740 95 32.209 1.987 3.867 O
741 95 32.301 -0.115 1.432 C
742 95 33.143 -0.647 0.289 C
743 95 32.212 -0.871 -0.900 C
744 95 32.862 -0.935 -2.202 N
745 95 33.263 -2.100 -2.750 C
746 95 33.073 -3.235 -2.087 N
747 95 33.861 -2.144 -3.947 N
748 96 31.933 -0.022 4.800 N
749 96 31.294 0.530 5.967 C
750 96 32.275 1.488 6.691 C
751 96 31.895 2.542 7.197 O
752 96 30.839 -0.545 6.948 C
753 96 29.824 -1.438 6.318 C
754 96 29.239 -2.336 7.394 C
755 96 28.149 -3.168 6.866 N
756 96 27.625 -4.214 7.486 C
757 96 28.060 -4.648 8.680 N
758 96 26.642 -4.838 6.862 N
759 97 33.555 1.114 6.737 N
760 97 34.539 1.998 7.342 C
761 97 34.604 3.350 6.606 C
762 97 34.750 4.403 7.240 O
763 97 35.975 1.375 7.388 C
764 98 34.521 3.304 5.263 N
765 98 34.536 4.504 4.439 C
766 98 33.332 5.402 4.714 C
767 98 33.454 6.636 4.617 O
768 98 34.505 4.153 2.952 C
769 99 32.165 4.822 4.991 N
770 99 30.987 5.667 5.271 C
771 99 31.121 6.258 6.667 C
772 99 30.756 7.420 6.900 O
773 99 29.656 4.859 5.174 C
774 99 28.357 5.635 5.301 C
775 99 28.200 6.549 4.128 C
776 99 27.197 4.621 5.332 C
777 100 31.672 5.480 7.591 N
778 100 31.900 5.996 8.937 C
779 100 32.896 7.214 8.891 C
780 100 32.734 8.236 9.554 O
781 100 32.458 4.929 9.851 C
782 100 31.454 3.785 10.090 C
783 100 32.879 5.581 11.166 C
784 100 32.057 2.627 10.926 C
785 101 33.928 7.136 8.081 N
786 101 34.895 8.207 7.996 C
787 101 34.239 9.484 7.499 C
788 101 34.451 10.543 8.076 O
789 101 36.001 7.724 7.088 C
790 101 37.192 8.619 6.956 C
791 101 37.058 9.814 6.704 O
792 101 38.359 8.033 7.079 N
793 102 33.436 9.382 6.446 N
794 102 32.705 10.556 5.962 C
795 102 31.812 11.168 7.087 C
796 102 31.747 12.407 7.320 O
797 102 31.840 10.297 4.695 C
798 102 32.535 10.024 3.379 C
799 102 31.316 9.678 2.098 S
800 102 30.663 11.352 1.950 C
801 103 31.086 10.316 7.808 N
802 103 30.203 10.796 8.876 C
803 103 30.981 11.496 9.974 C
804 103 30.583 12.538 10.469 O
805 103 29.256 9.714 9.407 C
806 103 28.597 10.144 10.709 C
807 103 28.211 9.376 8.356 C
808 104 32.117 10.950 10.340 N
809 104 32.956 11.548 11.355 C
810 104 33.463 12.953 10.985 C
811 104 33.607 13.781 11.843 O
812 104 34.164 10.613 11.568 C
813 104 35.140 11.036 12.649 C
814 104 36.165 11.948 12.402 C
815 104 35.104 10.423 13.897 C
816 104 37.077 12.294 13.406 C
817 104 36.003 10.759 14.906 C
818 104 36.975 11.729 14.676 C
819 105 33.749 13.182 9.700 N
820 105 34.298 14.409 9.127 C
821 105 33.230 15.424 8.852 C
822 105 33.432 16.596 9.122 O
823 105 35.079 14.147 7.813 C
824 105 35.771 15.384 7.236 C
825 105 36.331 15.258 5.806 C
826 105 36.215 14.242 5.154 O
827 105 36.961 16.320 5.300 N
828 106 32.096 14.993 8.304 N
829 106 31.067 15.940 7.918 C
830 106 29.737 15.894 8.612 C
831 106 28.831 16.668 8.313 O
832 106 30.969 16.125 6.403 C
833 106 30.390 15.070 5.539 C
834 106 31.008 15.463 3.873 S
835 106 32.031 14.049 3.563 C
836 107 29.620 15.001 9.574 N
837 107 28.401 14.860 10.291 C
838 107 27.333 14.140 9.445 C
839 107 27.337 14.128 8.220 O
840 108 26.391 13.602 10.184 N
841 108 25.268 12.811 9.711 C
842 108 24.411 13.529 8.675 C
843 108 24.093 13.002 7.597 O
844 108 24.518 12.429 10.998 C
845 108 23.704 11.168 10.955 C
846 108 22.499 11.383 11.813 C
847 108 22.768 11.245 13.078 O
848 108 21.422 11.757 11.395 O
849 109 24.057 14.763 8.991 N
850 109 23.250 15.539 8.092 C
851 109 23.932 15.772 6.762 C
852 109 23.371 15.576 5.688 O
853 109 22.913 16.897 8.729 C
854 109 22.250 16.676 9.953 O
855 109 22.019 17.648 7.754 C
856 110 25.197 16.164 6.867 N
857 110 25.977 16.395 5.698 C
858 110 25.944 15.183 4.794 C
859 110 25.574 15.283 3.641 O
860 111 26.349 14.017 5.325 N
861 111 26.390 12.783 4.539 C
862 111 25.023 12.397 3.952 C
863 111 24.935 12.067 2.756 O
864 111 27.076 11.641 5.283 C
865 111 27.355 10.453 4.360 C
866 111 28.379 12.150 5.865 C
867 112 23.972 12.466 4.807 N
868 112 22.598 12.166 4.385 C
869 112 22.233 12.935 3.125 C
870 112 21.404 12.486 2.321 O
871 112 21.582 12.369 5.506 C
872 113 22.915 14.095 2.926 N
873 113 22.705 14.929 1.772 C
874 113 23.276 14.457 0.440 C
875 113 22.996 15.064 -0.579 O
876 114 24.116 13.414 0.428 N
877 114 24.702 12.913 -0.811 C
878 114 23.745 11.888 -1.400 C
879 114 24.102 10.756 -1.684 O
880 114 26.089 12.303 -0.518 C
881 114 27.244 13.283 -0.301 C
882 114 27.228 14.239 0.712 C
883 114 28.353 13.258 -1.139 C
884 114 28.287 15.139 0.851 C
885 114 29.422 14.146 -1.028 C
886 114 29.376 15.104 -0.012 C
887 115 22.512 12.291 -1.582 N
888 115 21.453 11.431 -2.082 C
889 115 21.772 10.475 -3.171 C
890 115 21.515 9.288 -3.079 O
891 115 20.268 12.266 -2.605 C
892 115 19.791 13.043 -1.569 O
893 115 19.191 11.308 -3.021 C
894 116 22.235 11.048 -4.269 N
895 116 22.581 10.281 -5.466 C
896 116 23.705 9.247 -5.298 C
897 116 23.642 8.130 -5.852 O
898 116 22.768 11.205 -6.705 C
899 116 21.587 12.193 -6.842 C
900 116 20.422 11.819 -6.721 O
901 116 21.862 13.458 -7.080 N
902 117 24.768 9.655 -4.577 N
903 117 25.911 8.790 -4.337 C
904 117 25.468 7.630 -3.466 C
905 117 25.864 6.496 -3.666 O
906 117 26.973 9.539 -3.562 C
907 117 27.576 10.560 -4.330 O
908 118 24.686 7.943 -2.441 N
909 118 24.181 6.941 -1.516 C
910 118 23.371 5.897 -2.269 C
911 118 23.487 4.697 -2.053 O
912 118 23.307 7.534 -0.377 C
913 118 24.014 8.479 0.632 C
914 118 23.012 9.078 1.614 C
915 118 25.113 7.757 1.397 C
916 119 22.519 6.340 -3.160 N
917 119 21.697 5.354 -3.888 C
918 119 22.567 4.459 -4.745 C
919 119 22.359 3.231 -4.867 O
920 119 20.596 6.039 -4.678 C
921 119 20.125 5.252 -5.888 C
922 119 19.222 6.082 -6.807 C
923 119 19.843 6.289 -8.097 N
924 119 20.543 7.381 -8.383 
925 119 20.685 8.372 -7.502 
926 119 21.117 7.496 -9.586 
927 120 23.592 5.081 -5.324 N
928 120 24.538 4.352 -6.143 C
929 120 25.360 3.356 -5.306 C
930 120 25.659 2.232 -5.692 O
931 120 25.460 5.275 -6.964 C
932 120 24.832 5.886 -8.200 C
933 120 25.972 7.166 -8.806 S
934 120 24.895 8.543 -9.257 C
935 121 25.714 3.738 -4.133 N
936 121 26.467 2.792 -3.350 C
937 121 25.552 1.591 -3.049 C
938 121 25.920 0.419 -3.134 O
939 121 26.949 3.458 -2.009 C
940 121 28.062 4.516 -2.166 C
941 121 28.190 5.312 -0.853 C
942 121 29.400 3.888 -2.579 C
943 122 24.333 1.897 -2.657 N
944 122 23.406 0.884 -2.322 C
945 122 23.273 -0.102 -3.451 C
946 122 23.190 -1.303 -3.252 O
947 122 22.054 1.494 -1.957 C
948 122 21.225 0.408 -1.274 C
949 122 20.220 0.952 -0.303 
950 122 20.237 2.150 0.041 O
951 122 19.333 0.056 0.133 
952 123 23.285 0.430 -4.655 N
953 123 23.161 -0.442 -5.790 C
954 123 24.443 -1.113 -6.164 C
955 123 24.456 -1.856 -7.141 O
956 123 22.614 0.289 -7.004 C
957 123 21.258 0.943 -6.727 C
958 123 20.820 1.725 -7.934 C
959 123 20.495 1.140 -8.950 O
960 123 20.908 3.041 -7.854 N
961 124 25.526 -0.844 -5.418 N
962 124 26.824 -1.398 -5.736 C
963 124 27.320 -0.999 -7.104 C
964 124 28.023 -1.787 -7.777 O
965 124 26.956 -2.939 -5.579 C
966 124 26.323 -3.421 -4.281 C
967 124 26.920 -4.706 -3.693 C
968 124 26.265 -5.032 -2.366 C
969 124 26.842 -4.292 -1.235 N
970 125 27.046 0.260 -7.514 N
971 125 27.591 0.756 -8.783 C
972 125 28.818 1.587 -8.388 C
973 125 28.730 2.799 -8.243 O
974 125 26.546 1.560 -9.566 C
975 125 25.488 0.710 -10.303 C
976 125 24.274 1.571 -10.729 C
977 125 23.396 1.083 -11.829 N
978 125 22.544 0.020 -11.774 
979 125 22.419 -0.769 -10.700 
980 125 21.790 -0.285 -12.838 N
981 126 29.942 0.905 -8.137 N
982 126 31.184 1.471 -7.602 C
983 126 31.850 2.609 -8.373 C
984 126 32.141 3.696 -7.818 O
985 126 32.189 0.428 -7.020 C
986 126 31.573 -0.751 -6.260 C
987 126 31.704 -2.076 -6.580 C
988 126 30.765 -0.733 -5.093 C
989 126 31.057 -2.857 -5.682 N
990 126 30.482 -2.064 -4.745 C
991 126 30.293 0.297 -4.278 C
992 126 29.764 -2.401 -3.599 C
993 126 29.552 -0.047 -3.172 C
994 126 29.273 -1.381 -2.851 C
995 127 32.140 2.362 -9.607 N
996 127 32.741 3.386 -10.410 C
997 127 31.810 4.575 -10.493 C
998 127 32.249 5.693 -10.351 O
999 127 33.118 2.888 -11.819 C
1000 127 34.274 1.895 -11.801 C
1001 127 34.698 1.362 -10.791 O
1002 127 34.761 1.650 -12.987 O
1003 128 30.509 4.361 -10.668 N
1004 128 29.606 5.516 -10.754 C
1005 128 29.511 6.328 -9.487 C
1006 128 29.446 7.558 -9.502 O
1007 128 28.208 5.170 -11.341 C
1008 128 28.365 4.286 -12.600 C
1009 128 27.109 3.559 -12.967 C
1010 128 26.104 4.369 -13.211 O
1011 128 27.049 2.352 -13.047 O
1012 129 29.506 5.630 -8.367 N
1013 129 29.438 6.364 -7.129 C
1014 129 30.703 7.221 -6.910 C
1015 129 30.600 8.307 -6.332 O
1016 129 29.219 5.429 -5.963 C
1017 130 31.859 6.699 -7.334 N
1018 130 33.142 7.370 -7.169 C
1019 130 33.168 8.612 -8.026 C
1020 130 33.685 9.662 -7.574 O
1021 130 34.299 6.495 -7.495 C
1022 131 32.583 8.515 -9.230 N
1023 131 32.545 9.718 -10.067 C
1024 131 31.648 10.801 -9.465 C
1025 131 31.981 11.951 -9.475 O
1026 131 32.201 9.455 -11.540 C
1027 131 31.894 10.754 -12.260 C
1028 131 33.358 8.777 -12.248 C
1029 132 30.479 10.436 -8.923 N
1030 132 29.545 11.386 -8.320 C
1031 132 30.029 11.948 -6.962 C
1032 132 29.792 13.095 -6.563 O
1033 132 28.204 10.624 -8.064 C
1034 132 27.093 11.522 -7.612 C
1035 132 26.817 11.756 -6.404 O
1036 132 26.495 12.128 -8.608 N
1037 133 30.680 11.129 -6.163 N
1038 133 31.147 11.663 -4.875 C
1039 133 32.161 12.803 -5.092 C
1040 133 32.319 13.693 -4.255 O
1041 133 31.867 10.539 -4.051 C
1042 133 30.960 9.560 -3.245 C
1043 133 31.745 8.286 -2.854 C
1044 133 30.527 10.249 -1.984 C
1045 134 32.894 12.728 -6.215 N
1046 134 33.939 13.689 -6.523 C
1047 134 33.422 15.063 -6.858 C
1048 134 34.153 16.049 -6.761 O
1049 134 34.979 13.140 -7.500 C
1050 135 32.160 15.139 -7.239 N
1051 135 31.520 16.427 -7.568 C
1052 135 30.922 17.035 -6.334 C
1053 135 29.715 17.040 -6.164 O
1054 135 30.357 16.233 -8.501 C
1055 135 30.850 15.551 -9.741 C
1056 135 29.693 15.225 -10.651 C
1057 135 30.160 15.173 -12.076 C
1058 135 29.734 13.942 -12.766 N
1059 136 31.774 17.506 -5.448 N
1060 136 31.317 18.032 -4.189 C
1061 136 32.292 19.068 -3.626 C
1062 136 33.490 19.045 -3.913 O
1063 136 31.179 16.834 -3.220 C
1064 136 32.441 16.139 -3.039 O
1065 137 31.825 19.944 -2.759 N
1066 137 32.761 20.871 -2.120 C
1067 137 33.775 20.056 -1.325 C
1068 137 34.968 20.355 -1.193 O
1069 137 31.906 21.687 -1.134 C
1070 137 32.759 22.613 -0.271 C
1071 137 32.004 23.324 0.839 C
1072 137 32.797 24.454 1.287 N
1073 137 33.695 24.401 2.261 C
1074 137 33.900 23.293 2.965 N
1075 137 34.383 25.503 2.563 N
1076 138 33.272 18.975 -0.709 N
1077 138 34.107 18.077 0.089 C
1078 138 35.403 17.638 -0.625 C
1079 138 36.501 17.754 -0.061 O
1080 138 33.325 16.838 0.649 C
1081 138 34.158 15.696 1.220 C
1082 138 34.901 15.679 2.376 C
1083 138 34.229 14.356 0.683 C
1084 138 35.459 14.403 2.583 N
1085 138 35.011 13.570 1.568 C
1086 138 33.694 13.776 -0.479 C
1087 138 35.221 12.199 1.347 C
1088 138 33.888 12.440 -0.708 C
1089 138 34.680 11.676 0.188 C
1090 139 35.276 17.136 -1.863 N
1091 139 36.396 16.684 -2.640 C
1092 139 37.272 17.870 -3.034 C
1093 139 38.498 17.765 -3.082 O
1094 139 35.818 16.094 -3.904 C
1095 139 36.864 15.672 -4.834 C
1096 139 37.393 14.400 -4.644 C
1097 139 37.317 16.482 -5.875 C
1098 139 38.376 13.897 -5.488 C
1099 139 38.342 16.005 -6.693 C
1100 139 38.834 14.708 -6.522 C
1101 139 39.822 14.230 -7.331 O
1102 140 36.636 19.011 -3.339 N
1103 140 37.402 20.250 -3.715 C
1104 140 38.209 20.884 -2.568 C
1105 140 39.356 21.356 -2.733 O
1106 140 36.554 21.287 -4.510 C
1107 140 36.257 20.835 -5.925 C
1108 140 35.143 20.364 -6.216 O
1109 140 37.254 20.893 -6.805 N
1110 141 37.673 20.838 -1.372 N
1111 141 38.371 21.385 -0.231 C
1112 141 39.445 20.467 0.347 C
1113 141 40.510 20.953 0.753 O
1114 141 37.396 21.869 0.903 C
1115 141 36.340 22.859 0.380 C
1116 141 36.943 24.102 -0.230 C
1117 141 36.672 24.503 -1.394 O
1118 141 37.824 24.684 0.546 N
1119 142 39.171 19.155 0.457 N
1120 142 40.155 18.189 0.998 C
1121 142 40.345 17.084 0.023 C
1122 142 40.014 15.961 0.347 O
1123 142 39.710 17.576 2.338 C
1124 142 38.341 17.162 2.275 O
1125 142 39.778 18.702 3.375 C
1126 143 40.852 17.385 -1.159 N
1127 143 41.025 16.361 -2.199 C
1128 143 41.861 15.084 -1.856 C
1129 143 41.545 14.006 -2.307 O
1130 143 41.651 17.085 -3.402 C
1131 143 42.245 18.382 -2.850 C
1132 143 41.733 18.579 -1.419 C
1133 144 42.964 15.167 -1.114 N
1134 144 43.753 13.978 -0.832 C
1135 144 42.994 12.997 0.091 C
1136 144 42.974 11.800 -0.123 O
1137 144 45.105 14.361 -0.187 C
1138 144 46.015 15.043 -1.189 C
1139 144 46.020 14.732 -2.409 O
1140 144 46.778 15.988 -0.689 N
1141 145 42.372 13.520 1.126 N
1142 145 41.583 12.708 2.001 C
1143 145 40.359 12.157 1.243 C
1144 145 40.057 10.955 1.320 O
1145 145 41.088 13.472 3.222 C
1146 145 40.019 12.664 3.977 C
1147 145 39.652 13.297 5.299 C
1148 145 38.924 12.435 6.184 N
1149 145 38.802 12.825 7.425 C
1150 145 39.340 13.960 7.759 N
1151 145 38.149 12.108 8.334 N
1152 146 39.635 13.028 0.524 N
1153 146 38.491 12.607 -0.294 C
1154 146 38.882 11.439 -1.239 C
1155 146 38.178 10.454 -1.302 O
1156 146 37.835 13.720 -1.090 C
1157 147 39.993 11.543 -1.972 N
1158 147 40.465 10.503 -2.897 C
1159 147 40.709 9.193 -2.191 C
1160 147 40.438 8.090 -2.692 O
1161 147 41.793 10.938 -3.511 C
1162 147 41.624 11.691 -4.823 C
1163 147 42.916 12.284 -5.364 C
1164 147 42.658 13.407 -6.349 C
1165 147 43.354 14.646 -5.983 N
1166 148 41.250 9.305 -0.989 N
1167 148 41.449 8.113 -0.218 C
1168 148 40.119 7.411 0.098 C
1169 148 39.997 6.190 -0.073 O
1170 148 42.240 8.359 1.065 C
1171 148 43.752 8.470 0.827 C
1172 148 44.514 8.421 2.096 C
1173 148 44.228 9.499 3.052 N
1174 148 44.803 10.720 3.096 C
1175 148 45.671 11.064 2.135 N
1176 148 44.462 11.608 4.031 N
1177 149 39.107 8.190 0.544 N
1178 149 37.811 7.640 0.922 C
1179 149 37.097 7.021 -0.264 C
1180 149 36.561 5.900 -0.221 O
1181 149 36.994 8.562 1.837 C
1182 149 35.607 7.964 2.164 C
1183 149 37.795 8.801 3.149 C
1184 150 37.194 7.753 -1.349 N
1185 150 36.624 7.413 -2.600 C
1186 150 37.205 6.109 -3.161 C
1187 150 36.468 5.291 -3.705 O
1188 150 36.591 8.585 -3.603 C
1189 150 35.590 9.674 -3.192 C
1190 150 36.175 8.068 -4.994 C
1191 150 35.761 10.971 -3.987 C
1192 151 38.519 5.900 -3.013 N
1193 151 39.209 4.689 -3.489 C
1194 151 38.746 3.492 -2.727 C
1195 151 38.663 2.426 -3.308 O
1196 151 40.752 4.817 -3.401 C
1197 151 41.109 5.693 -4.429 O
1198 151 41.485 3.484 -3.592 C
1199 152 38.471 3.727 -1.425 N
1200 152 37.980 2.738 -0.519 C
1201 152 36.581 2.270 -0.976 C
1202 152 36.317 1.072 -1.060 O
1203 152 38.094 3.207 0.959 C
1204 152 39.429 3.584 1.213 O
1205 152 37.774 2.097 1.941 C
1206 153 35.682 3.190 -1.339 N
1207 153 34.387 2.768 -1.848 C
1208 153 34.516 2.109 -3.237 C
1209 153 33.812 1.162 -3.631 O
1210 153 33.495 4.032 -2.024 C
1211 153 32.855 4.539 -0.775 C
1212 153 32.010 3.711 -0.035 C
1213 153 33.016 5.869 -0.364 C
1214 153 31.329 4.172 1.092 C
1215 153 32.321 6.344 0.757 C
1216 153 31.509 5.489 1.508 C
1217 154 35.400 2.638 -4.069 N
1218 154 35.546 2.066 -5.404 C
1219 154 36.013 0.615 -5.442 C
1220 154 35.520 -0.168 -6.228 O
1221 154 36.478 2.878 -6.319 C
1222 154 36.175 2.642 -7.806 C
1223 154 37.111 3.400 -8.754 C
1224 154 38.373 3.748 -8.116 N
1225 154 39.468 2.980 -8.129 C
1226 154 39.493 1.801 -8.733 N
1227 154 40.568 3.402 -7.516 N
1228 155 37.001 0.301 -4.616 N
1229 155 37.680 -0.957 -4.619 C
1230 155 37.339 -1.917 -3.533 C
1231 155 37.556 -3.086 -3.684 O
1232 155 39.232 -0.771 -4.612 C
1233 155 39.691 -0.399 -3.342 O
1234 155 39.677 0.231 -5.658 C
1235 156 36.923 -1.458 -2.399 N
1236 156 36.651 -2.433 -1.390 C
1237 156 37.898 -2.945 -0.659 C
1238 156 37.786 -3.816 0.173 O
1239 157 39.076 -2.348 -0.890 N
1240 157 40.322 -2.713 -0.201 C
1241 157 40.866 -1.482 0.576 C
1242 157 40.376 -0.381 0.414 O
1243 157 41.381 -3.001 -1.281 C
1244 157 41.823 -1.755 -1.759 O
1245 157 40.782 -3.774 -2.457 C
1246 158 41.914 -1.653 1.381 N
1247 158 42.561 -0.609 2.151 C
1248 158 43.760 -0.060 1.395 C
1249 158 44.640 0.642 1.916 O
1250 158 43.108 -1.208 3.435 C
1251 158 42.018 -1.637 4.349 C
1252 158 41.722 -2.911 4.645 C
1253 158 41.082 -0.808 5.121 C
1254 158 40.638 -2.958 5.520 N
1255 158 40.249 -1.685 5.838 C
1256 158 40.868 0.573 5.264 C
1257 158 39.283 -1.240 6.718 C
1258 158 39.899 1.015 6.129 C
1259 158 39.103 0.118 6.839 C
1260 159 43.791 -0.399 0.140 N
1261 159 44.920 0.036 -0.653 C
1262 159 45.380 1.467 -0.500 C
1263 159 46.572 1.718 -0.442 O
1264 159 44.766 -0.335 -2.126 C
1265 159 44.798 -1.843 -2.378 C
1266 159 45.197 -2.582 -1.372 O
1267 159 44.454 -2.337 -3.423 O
1268 160 44.465 2.428 -0.516 N
1269 160 44.827 3.852 -0.444 C
1270 160 45.458 4.223 0.861 C
1271 160 45.987 5.304 0.992 O
1272 160 43.615 4.767 -0.738 C
1273 161 45.364 3.338 1.852 N
1274 161 45.890 3.663 3.152 C
1275 161 47.099 2.836 3.425 C
1276 161 47.601 2.883 4.541 O
1277 161 44.930 3.377 4.329 C
1278 161 43.839 4.397 4.431 C
1279 161 42.730 4.226 3.605 C
1280 161 43.989 5.558 5.189 C
1281 161 41.711 5.176 3.572 C
1282 161 43.005 6.537 5.142 C
1283 161 41.867 6.322 4.354 C
1284 161 40.836 7.228 4.341 O
1285 162 47.499 2.017 2.467 N
1286 162 48.684 1.187 2.667 C
1287 162 49.754 1.688 1.715 C
1288 162 50.758 2.272 2.133 O
1289 162 48.441 -0.283 2.422 C
1290 162 47.864 -1.037 3.612 C
1291 162 47.225 -2.385 3.217 
1292 162 46.938 -2.561 1.722 
1293 162 46.043 -3.705 1.420 N
