120 282
0 2
0 3
0 4
1 3
1 4
2 5
2 6
2 7
3 4
3 6
3 8
3 15
4 7
4 16
4 18
4 19
5 6
5 7
5 17
5 18
5 19
5 20
6 8
6 9
7 9
7 10
7 15
8 10
8 11
8 12
8 14
9 12
9 14
9 15
10 11
11 13
11 14
11 15
12 15
13 14
16 20
17 18
17 19
17 20
18 19
19 21
19 22
19 23
20 22
20 23
21 24
21 25
21 26
22 23
22 25
22 27
23 26
23 38
23 39
23 40
24 25
24 26
24 39
24 40
24 41
24 42
25 27
25 28
26 28
26 36
26 37
27 29
27 30
27 36
28 30
28 37
29 31
29 32
29 37
30 32
30 33
30 34
30 36
31 34
31 36
31 37
32 33
33 35
33 36
33 37
34 37
35 36
38 42
39 40
39 41
39 42
40 41
41 43
41 44
41 45
42 44
42 45
43 46
43 47
43 48
44 45
44 47
44 49
44 50
45 48
45 59
45 61
45 62
46 47
46 60
46 61
46 62
46 63
47 49
47 50
47 59
47 61
47 62
48 50
48 57
48 58
49 51
49 52
49 57
50 52
50 58
51 53
51 54
51 58
52 54
52 55
52 56
52 57
53 56
53 57
53 58
54 55
55 57
55 58
56 58
59 63
60 61
60 62
61 62
62 64
62 65
62 66
62 68
63 65
63 66
64 67
64 68
64 69
65 66
65 68
65 70
65 78
66 69
66 79
66 81
67 68
67 69
67 80
67 81
67 82
68 70
68 78
69 71
69 72
69 78
70 72
70 73
70 74
70 76
71 74
71 76
71 78
72 73
73 75
73 76
73 78
74 77
74 78
75 76
75 77
77 78
79 83
80 81
80 82
80 83
81 82
82 84
82 85
82 86
82 88
83 85
83 86
84 87
84 88
84 89
85 86
85 88
85 90
86 89
86 98
86 99
86 100
87 88
87 89
87 99
87 100
87 101
87 102
88 90
88 97
89 91
89 92
89 97
90 92
90 93
90 94
90 96
91 94
91 96
91 97
92 93
93 95
93 96
93 97
94 97
95 96
98 102
99 100
99 101
100 101
101 103
101 105
101 107
102 104
102 105
103 106
103 107
103 108
104 105
104 106
104 107
104 109
104 119
105 108
106 107
106 108
107 109
107 110
108 110
108 118
108 119
109 111
109 112
109 118
110 112
110 119
111 113
111 114
111 119
112 114
112 115
112 116
112 118
113 116
113 118
113 119
114 115
115 117
115 118
115 119
116 119
117 118
1 1 9.487000 20.375999 23.208000 O
2 1 10.082000 21.587999 23.731001 C
3 1 11.475000 21.187000 24.200001 C
4 1 11.435000 20.023001 24.958000 O
5 1 12.461000 20.952999 23.048000 C
6 1 13.557000 21.853001 23.191999 O
7 1 12.895000 19.518999 23.212999 C
8 1 12.579000 19.202999 24.670000 C
9 1 12.179000 17.794001 24.777000 N
10 1 13.149000 16.833000 24.893999 C
11 1 14.341000 17.106001 24.979000 O
12 1 12.754000 15.525000 24.947001 N
13 1 11.469000 15.150000 24.889000 C
14 1 11.159000 13.853000 24.941999 N
15 1 10.471000 16.159000 24.771000 C
16 1 10.843000 17.438999 24.702000 C
17 2 13.997000 22.952000 22.093000 P
18 2 14.809000 23.797001 22.952000 O
19 2 12.734000 23.427999 21.511999 O
20 2 14.685000 21.990999 21.031000 O
21 2 16.058001 21.646999 21.245001 C
22 2 16.417999 20.660000 20.150999 C
23 2 15.547000 19.563999 20.236000 O
24 2 16.289000 21.179001 18.711000 C
25 2 17.444000 20.809999 17.916000 O
26 2 15.043000 20.500000 18.172001 C
27 2 15.271000 19.141001 18.875999 C
28 2 14.113000 18.275999 18.726999 N
29 2 12.782000 18.667999 18.652000 C
30 2 11.973000 17.653000 18.486000 N
31 2 12.782000 16.548000 18.422001 C
32 2 12.503000 15.153000 18.289000 C
33 2 11.342000 14.682000 18.160999 O
34 2 13.603000 14.372000 18.341999 N
35 2 14.865000 14.826000 18.422001 C
36 2 15.942000 14.025000 18.406000 N
37 2 15.178000 16.125000 18.566999 N
38 2 14.099000 16.909000 18.561001 C
39 3 18.417000 21.799000 17.184999 P
40 3 18.899000 22.867001 18.070000 O
41 3 17.365000 22.253000 16.191999 O
42 3 19.482000 20.855000 16.480000 O
43 3 20.271000 20.087999 17.462000 C
44 3 20.417999 18.709999 16.854000 C
45 3 19.214001 17.983000 16.971001 O
46 3 20.773001 18.747000 15.365000 C
47 3 22.087000 18.264999 15.152000 O
48 3 19.695999 17.921000 14.698000 C
49 3 19.023001 17.165001 15.776000 C
50 3 17.582001 17.044001 15.568000 N
51 3 16.711000 18.104000 15.568000 C
52 3 15.468000 17.774000 15.371000 N
53 3 15.508000 16.385000 15.259000 C
54 3 14.485000 15.432000 15.077000 C
55 3 13.185000 15.669000 14.965000 N
56 3 14.941000 14.161000 15.040000 N
57 3 16.226999 13.800000 15.163000 C
58 3 17.224001 14.660000 15.344000 N
59 3 16.799000 15.925000 15.387000 C
60 4 22.600000 18.177000 13.610000 P
61 4 24.014000 18.459000 13.936000 O
62 4 21.785000 19.172001 12.906000 O
63 4 22.066999 16.726000 13.327000 O
64 4 22.478001 15.483000 13.877000 C
65 4 21.948000 14.386000 12.981000 C
66 4 20.539000 14.304000 13.034000 O
67 4 22.334999 14.527000 11.503000 C
68 4 22.830999 13.287000 11.017000 O
69 4 21.046000 15.020000 10.873000 C
70 4 20.011999 14.282000 11.684000 C
71 4 18.704000 14.922000 11.716000 N
72 4 17.584999 14.104000 11.775000 C
73 4 17.673000 12.892000 11.780000 O
74 4 16.382000 14.702000 11.844000 N
75 4 16.204000 16.055000 11.828000 C
76 4 15.029000 16.497000 11.914000 O
77 4 17.365000 16.875000 11.796000 C
78 4 17.226999 18.379999 11.823000 C
79 4 18.566000 16.283001 11.743000 C
80 5 23.795000 12.920000 9.806000 P
81 5 24.507999 11.672000 10.126000 O
82 5 24.558001 14.070000 9.326000 O
83 5 22.591000 12.529000 8.734000 O
84 5 22.149000 11.136000 8.702000 C
85 5 20.914000 11.195000 7.816000 C
86 5 19.969999 12.066000 8.488000 O
87 5 21.111000 11.768000 6.429000 C
88 5 20.443001 11.015000 5.410000 O
89 5 20.500000 13.177000 6.536000 C
90 5 19.330000 12.799000 7.491000 C
91 5 18.608000 14.017000 7.869000 N
92 5 17.239000 13.822000 8.035000 C
93 5 16.761999 12.698000 7.987000 O
94 5 16.492001 14.924000 8.280000 N
95 5 16.999001 16.167000 8.318000 C
96 5 16.212999 17.208000 8.552000 N
97 5 18.396999 16.362000 8.142000 C
98 5 19.135000 15.260000 7.923000 C
99 6 21.224001 9.800000 4.748000 P
100 6 21.813000 8.836000 5.762000 O
101 6 22.226999 10.550000 3.953000 O
102 6 20.111000 8.994000 3.959000 O
103 6 18.823000 8.707000 4.498000 C
104 6 18.084000 7.833000 3.527000 C
105 6 16.999001 8.585000 2.929000 O
106 6 18.785999 7.269000 2.294000 C
107 6 18.077999 6.099000 1.873000 O
108 6 18.715000 8.414000 1.307000 C
109 6 17.379000 9.059000 1.622000 C
110 6 17.478001 10.527000 1.595000 N
111 6 18.575001 11.336000 1.611000 C
112 6 18.281000 12.602000 1.595000 N
113 6 16.889000 12.647000 1.537000 C
114 6 15.984000 13.729000 1.494000 C
115 6 16.232000 14.941000 1.537000 O
116 6 14.662000 13.380000 1.451000 N
117 6 14.256000 12.092000 1.440000 C
118 6 12.946000 11.824000 1.440000 N
119 6 15.077000 11.009000 1.494000 N
120 6 16.379000 11.373000 1.547000 C
