120
1 1 14.892 -1.783 28.325 O
2 1 15.288 -3.140 28.684 C
3 1 15.258 -4.047 27.450 C
4 1 16.168 -3.578 26.449 O
5 1 15.511 -5.558 27.551 C
6 1 14.836 -6.085 26.412 O
7 1 16.985 -5.609 27.244 C
8 1 17.155 -4.569 26.155 C
9 1 18.502 -3.952 26.071 N
10 1 18.742 -2.592 26.326 C
11 1 17.869 -1.818 26.677 O
12 1 19.992 -2.093 26.218 N
13 1 20.986 -2.901 25.879 C
14 1 22.197 -2.392 25.751 N
15 1 20.786 -4.289 25.643 C
16 1 19.521 -4.757 25.718 C
17 2 13.232 -6.300 26.330 P
18 2 12.801 -6.601 24.943 O
19 2 12.500 -5.280 27.097 O
20 2 13.335 -7.629 27.199 O
21 2 12.907 -8.883 26.705 C
22 2 11.383 -8.939 26.668 C
23 2 11.090 -10.318 26.418 O
24 2 10.695 -8.570 28.003 C
25 2 9.279 -8.371 27.825 O
26 2 10.958 -9.858 28.741 C
27 2 10.804 -10.937 27.686 C
28 2 11.676 -12.095 27.881 N
29 2 13.006 -12.175 28.127 C
30 2 13.455 -13.388 28.228 N
31 2 12.327 -14.147 27.998 C
32 2 12.165 -15.543 27.954 C
33 2 13.002 -16.429 28.129 O
34 2 10.864 -15.882 27.664 N
35 2 9.867 -14.990 27.450 C
36 2 8.689 -15.481 27.197 N
37 2 9.983 -13.690 27.556 N
38 2 11.252 -13.352 27.796 C
39 3 8.214 -7.841 28.927 P
40 3 7.231 -7.021 28.172 O
41 3 8.912 -7.281 30.109 O
42 3 7.448 -9.163 29.435 O
43 3 6.332 -9.688 28.687 C
44 3 5.585 -10.865 29.354 C
45 3 6.433 -12.044 29.406 O
46 3 5.171 -10.494 30.790 C
47 3 3.949 -11.165 31.172 O
48 3 6.401 -11.052 31.508 C
49 3 6.723 -12.334 30.774 C
50 3 8.111 -12.788 30.988 N
51 3 9.219 -12.072 31.384 C
52 3 10.299 -12.805 31.516 N
53 3 9.881 -14.099 31.128 C
54 3 10.543 -15.360 31.032 C
55 3 11.822 -15.579 31.288 N
56 3 9.838 -16.428 30.633 N
57 3 8.579 -16.207 30.296 C
58 3 7.817 -15.129 30.380 N
59 3 8.552 -14.074 30.791 C
60 4 3.319 -11.174 32.687 P
61 4 2.685 -9.864 32.957 O
62 4 4.315 -11.699 33.659 O
63 4 2.124 -12.237 32.508 O
64 4 2.254 -13.556 31.945 C
65 4 3.106 -14.559 32.755 C
66 4 4.533 -14.514 32.529 O
67 4 2.827 -14.428 34.266 C
68 4 1.739 -15.283 34.691 O
69 4 4.180 -14.761 34.846 C
70 4 5.089 -15.104 33.682 C
71 4 6.496 -14.728 33.943 N
72 4 7.429 -15.740 33.917 C
73 4 7.163 -16.893 33.575 O
74 4 8.703 -15.451 34.288 N
75 4 9.172 -14.224 34.649 C
76 4 10.353 -14.139 34.935 O
77 4 8.136 -13.185 34.644 C
78 4 8.479 -11.743 34.983 C
79 4 6.866 -13.458 34.316 C
80 5 1.240 -15.504 36.221 P
81 5 -0.104 -16.143 36.204 O
82 5 1.469 -14.257 37.003 O
83 5 2.319 -16.596 36.684 O
84 5 2.381 -17.942 36.238 C
85 5 3.441 -18.674 37.043 C
86 5 4.791 -18.206 36.802 O
87 5 3.122 -18.513 38.516 C
88 5 3.308 -19.744 39.211 O
89 5 4.170 -17.546 38.963 C
90 5 5.339 -17.869 38.081 C
91 5 6.315 -16.772 38.000 N
92 5 7.633 -17.072 37.834 C
93 5 7.986 -18.233 37.639 O
94 5 8.560 -16.100 37.838 N
95 5 8.216 -14.828 37.928 C
96 5 9.158 -13.913 37.902 N
97 5 6.844 -14.476 38.028 C
98 5 5.957 -15.459 38.117 C
99 6 2.223 -20.211 40.286 P
100 6 1.926 -21.643 40.036 O
101 6 1.136 -19.196 40.271 O
102 6 2.939 -20.213 41.706 O
103 6 2.347 -19.433 42.746 C
104 6 2.785 -19.888 44.108 C
105 6 4.215 -19.776 44.209 O
106 6 2.224 -18.972 45.173 C
107 6 0.890 -19.276 45.565 O
108 6 3.209 -19.310 46.247 C
109 6 4.568 -19.359 45.535 C
110 6 5.236 -18.045 45.506 N
111 6 4.648 -16.823 45.379 C
112 6 5.476 -15.840 45.339 N
113 6 6.723 -16.448 45.376 C
114 6 8.024 -15.879 45.368 C
115 6 8.351 -14.703 45.326 O
116 6 9.012 -16.803 45.420 N
117 6 8.783 -18.126 45.498 C
118 6 9.857 -18.852 45.608 N
119 6 7.580 -18.702 45.517 N
120 6 6.585 -17.801 45.460 C
