502 1337
0 2
0 3
0 4
1 3
1 4
2 5
2 6
2 7
2 8
3 4
3 6
3 7
3 9
3 10
4 7
4 8
4 9
4 20
4 22
5 6
5 7
5 21
5 22
5 23
5 24
6 9
7 8
8 10
8 18
8 19
9 11
9 12
9 18
10 12
10 19
11 13
11 14
11 19
12 14
12 15
12 16
12 18
13 16
13 18
13 19
14 15
14 499
15 17
15 18
15 19
15 497
16 19
17 18
17 496
20 24
21 22
21 23
21 24
22 23
23 25
23 26
23 27
24 26
24 27
24 28
25 28
25 29
25 30
25 31
26 27
26 29
26 30
26 32
26 33
27 30
27 31
27 32
27 43
27 44
27 46
28 29
28 30
28 45
28 46
29 32
29 43
29 46
30 31
31 33
31 41
31 42
32 34
32 35
32 41
33 35
33 42
34 36
34 37
34 42
35 37
35 38
35 39
35 41
36 39
36 41
36 42
37 38
37 479
38 40
38 41
38 42
38 477
39 42
39 496
40 41
40 476
43 47
44 45
44 46
44 47
45 46
46 48
46 49
46 50
47 49
47 50
47 51
48 51
48 52
48 53
48 54
49 50
49 52
49 53
49 55
49 56
50 53
50 54
50 55
50 65
50 66
51 52
51 66
51 67
51 68
52 55
52 66
53 54
53 66
54 56
54 63
54 64
55 57
55 58
55 63
56 58
56 64
57 59
57 60
57 64
58 60
58 61
58 62
58 63
59 62
59 63
59 64
60 61
60 82
60 459
61 63
61 64
61 457
62 64
65 69
66 67
66 68
66 69
67 68
68 70
68 71
68 72
69 71
69 72
69 73
70 73
70 74
70 75
70 76
71 72
71 74
71 75
71 77
71 84
72 75
72 76
72 77
72 85
72 87
72 88
73 74
73 75
73 86
73 88
73 89
74 77
74 78
74 79
74 91
75 76
76 78
76 79
76 84
77 79
77 80
77 81
77 83
78 81
78 83
78 84
79 80
79 439
80 82
80 83
80 84
80 437
81 84
82 83
82 436
85 89
86 87
86 88
87 88
87 89
88 90
88 91
88 92
88 104
89 91
89 92
90 93
90 94
90 95
90 96
91 92
91 94
91 95
91 97
91 104
92 95
92 96
92 105
92 107
92 108
93 94
93 95
93 106
93 107
93 108
94 97
94 111
95 96
96 98
96 99
96 104
97 99
97 100
97 101
97 103
98 101
98 103
98 104
99 100
99 414
100 102
100 103
100 104
100 121
100 413
101 104
102 103
102 122
105 109
106 107
106 108
106 109
107 108
108 110
108 111
108 112
109 111
109 112
109 113
110 113
110 114
110 115
110 116
111 112
111 114
111 117
111 124
112 115
112 116
112 125
112 128
113 114
113 115
113 126
113 127
113 128
113 129
114 117
114 118
114 119
114 124
114 128
115 116
116 118
116 119
116 124
117 119
117 120
117 121
117 123
118 121
118 123
118 124
118 413
119 120
119 412
119 413
119 414
120 122
120 123
120 124
120 393
120 413
121 124
121 142
121 393
122 123
122 142
122 373
122 393
125 129
126 127
126 128
126 129
127 128
128 130
128 131
128 132
128 144
129 131
129 132
130 133
130 134
130 135
130 136
131 132
131 134
131 135
131 137
131 144
132 135
132 136
132 145
132 148
133 134
133 135
133 146
133 147
133 148
134 137
134 151
135 136
135 151
136 138
136 139
136 144
137 139
137 140
137 141
137 143
138 141
138 143
138 144
139 140
139 389
139 390
140 142
140 143
140 144
141 144
142 143
142 373
145 149
146 147
146 148
147 148
147 149
148 150
148 151
149 151
149 152
149 153
150 153
150 154
150 155
150 156
151 152
151 154
151 155
151 157
151 158
152 155
152 156
152 157
152 168
152 170
152 171
153 154
153 155
153 169
153 170
153 171
153 172
154 157
155 156
156 158
156 166
156 167
157 159
157 160
157 166
158 160
158 167
159 161
159 162
159 167
160 162
160 163
160 164
160 166
160 182
161 164
161 166
161 167
161 182
162 163
162 185
162 351
163 165
163 166
163 167
163 182
163 350
163 369
163 370
164 167
164 370
165 166
165 366
165 367
167 182
168 172
169 170
169 171
169 172
170 171
171 173
171 174
171 175
172 174
172 175
172 176
173 176
173 177
173 178
173 179
174 175
174 177
174 178
174 180
174 181
175 178
175 179
175 191
175 193
175 194
176 177
176 178
176 192
176 193
176 194
176 195
177 180
177 190
177 194
178 179
179 181
179 189
179 190
180 182
180 183
180 189
181 183
181 190
182 184
182 185
182 190
183 185
183 186
183 187
183 189
184 187
184 189
184 190
185 186
185 333
185 351
186 188
186 189
186 190
186 331
187 190
188 189
188 203
188 204
188 330
189 210
191 195
192 193
192 194
192 195
193 194
194 196
194 197
194 198
194 210
195 197
195 198
195 199
196 199
196 200
196 201
196 202
197 198
197 200
197 201
197 203
197 210
198 201
198 202
198 203
198 211
198 212
198 213
199 200
199 201
199 213
199 214
200 203
200 211
201 202
202 204
202 205
202 210
203 205
203 206
203 207
203 209
204 207
204 209
204 210
204 230
205 206
205 230
206 208
206 209
206 210
206 229
206 312
207 210
207 229
208 209
208 311
211 215
212 213
212 214
212 215
213 214
214 216
214 217
214 218
215 217
215 218
215 219
216 219
216 220
216 221
216 222
217 218
217 220
217 221
217 223
217 230
218 221
218 222
218 231
218 233
219 220
219 221
219 232
219 233
219 234
220 223
220 224
220 225
221 222
222 224
222 225
222 230
223 225
223 226
223 227
223 229
224 227
224 229
224 230
225 226
225 291
226 228
226 229
226 230
226 289
227 230
228 229
228 288
231 235
232 233
232 234
232 235
233 234
234 236
234 237
235 237
235 238
236 239
236 240
236 242
237 238
237 240
237 243
237 250
238 241
238 242
239 240
239 241
239 242
240 243
241 242
241 243
241 245
242 244
242 245
242 250
243 245
243 246
243 247
243 249
244 247
244 249
244 250
245 246
246 248
246 249
246 250
247 250
248 249
248 265
251 253
251 254
251 255
251 261
252 254
252 255
252 256
253 256
253 257
253 258
253 259
254 255
254 257
254 258
254 260
254 261
255 258
255 259
255 260
255 271
255 273
255 274
256 257
256 258
256 272
256 273
256 274
257 260
257 270
257 274
258 259
259 261
259 269
259 270
260 262
260 263
260 269
261 263
261 270
262 264
262 265
262 270
263 265
263 266
263 267
263 269
264 267
264 269
264 270
264 285
265 266
266 268
266 269
266 270
267 270
268 269
271 275
272 273
272 274
272 275
273 274
273 275
274 276
274 277
275 277
275 278
275 279
276 279
276 280
276 281
276 282
277 278
277 280
277 281
277 283
277 284
278 281
278 282
278 283
278 294
278 296
278 297
279 280
279 281
279 295
279 296
279 297
279 298
280 283
281 282
282 284
282 292
282 293
283 285
283 286
283 292
284 286
284 293
285 287
285 288
285 293
286 288
286 289
286 290
286 292
287 290
287 292
287 293
288 289
288 311
289 291
289 292
289 293
290 293
291 292
294 298
295 296
295 297
295 298
296 297
297 299
297 300
297 301
297 307
298 300
298 301
298 302
299 302
299 303
299 305
300 301
300 303
300 306
300 307
301 304
301 305
301 306
301 316
301 318
302 303
302 304
302 317
302 318
302 319
303 306
303 315
303 316
304 305
304 316
304 319
304 320
304 322
304 335
305 307
305 314
305 315
306 308
306 309
306 314
307 309
307 315
308 310
308 311
308 315
309 311
309 312
309 313
309 314
310 313
310 314
310 315
310 333
311 312
312 314
312 315
313 315
313 331
316 320
317 318
317 319
317 320
318 319
319 321
319 322
319 323
319 335
320 322
320 323
320 324
321 324
321 325
321 326
321 327
322 323
322 325
322 326
322 328
322 335
323 326
323 327
323 328
323 336
323 337
323 338
324 325
324 326
324 338
324 339
325 328
325 335
325 336
325 355
326 327
326 342
327 329
327 330
327 335
328 330
328 331
328 332
328 334
329 332
329 334
329 335
330 331
331 333
331 334
331 335
332 335
333 334
336 340
337 338
337 339
337 340
338 339
339 341
339 342
339 343
339 355
340 342
340 343
340 344
341 344
341 345
341 346
341 347
342 343
342 345
342 346
342 348
342 355
343 346
343 347
343 348
343 356
343 357
343 359
344 345
344 346
344 357
344 358
344 360
345 348
345 349
345 350
345 362
346 347
346 359
346 362
347 349
347 350
347 355
348 350
348 351
348 352
348 354
349 352
349 354
349 355
350 351
351 353
351 354
351 355
352 355
353 354
356 360
357 358
357 359
358 359
358 360
359 361
359 362
360 362
360 363
360 364
361 364
361 365
361 366
361 367
362 363
362 365
362 366
362 368
362 375
363 366
363 367
363 376
363 377
363 379
364 365
364 366
364 378
364 379
364 380
365 368
365 369
365 370
366 367
367 369
367 370
367 375
368 370
368 371
368 372
368 374
369 372
369 374
369 375
370 371
371 373
371 374
371 375
372 375
373 374
376 380
377 378
377 379
377 380
378 379
379 381
379 382
379 383
380 382
380 383
381 384
381 385
381 386
381 387
382 383
382 385
382 386
382 388
382 395
383 386
383 387
383 388
383 396
383 398
383 399
384 385
384 386
384 397
384 398
384 399
384 400
385 388
385 399
386 387
387 389
387 390
387 395
388 390
388 391
388 392
388 394
389 392
389 394
389 395
389 410
390 391
391 393
391 394
391 395
391 410
392 395
392 410
393 394
393 413
396 400
397 398
397 399
397 400
398 399
399 401
399 402
399 403
400 402
400 403
401 404
401 405
401 406
401 407
402 403
402 405
402 406
402 408
402 409
403 406
403 407
403 408
403 419
403 420
404 405
404 406
404 421
404 422
405 408
405 422
406 407
406 422
406 423
407 409
407 417
407 418
408 410
408 411
408 417
409 411
409 418
410 412
410 413
410 418
411 413
411 414
411 415
411 417
412 415
412 417
412 418
413 414
413 436
414 416
414 417
414 418
414 434
414 435
415 418
415 431
415 441
416 417
416 431
416 440
416 441
417 432
419 423
420 421
420 422
420 423
421 422
422 424
422 425
422 426
422 432
423 425
423 426
424 427
424 428
424 429
424 430
425 426
425 428
425 429
425 431
425 432
426 429
426 430
426 431
426 442
426 444
427 428
427 429
427 444
427 445
428 431
428 442
428 445
429 430
430 432
430 440
430 441
431 433
431 434
431 440
432 434
432 441
433 435
433 436
433 441
434 436
434 437
434 438
434 440
435 438
435 440
435 441
435 459
436 437
436 459
437 439
437 440
437 441
437 457
437 458
438 441
439 440
442 446
443 444
443 445
443 446
444 445
445 447
445 448
445 449
445 461
446 448
446 449
446 450
447 450
447 451
447 452
447 453
448 449
448 451
448 454
448 461
449 452
449 453
449 462
449 463
450 451
450 452
450 464
450 465
451 454
451 461
451 462
452 453
452 468
453 455
453 456
453 461
454 456
454 457
454 458
454 460
455 458
455 460
455 461
456 457
457 459
457 460
457 461
458 461
459 460
462 466
463 464
463 465
463 466
464 465
465 467
465 468
465 469
466 468
466 469
466 470
467 470
467 471
467 472
467 473
468 469
468 471
468 472
468 474
468 481
469 472
469 473
469 482
469 484
470 471
470 472
470 483
470 484
470 485
470 486
471 474
471 475
471 476
472 473
473 475
473 476
473 481
474 476
474 477
474 478
474 480
475 478
475 480
475 481
476 477
477 479
477 480
477 481
478 481
479 480
482 486
483 484
483 485
483 486
484 485
485 487
485 488
485 489
486 488
486 489
486 490
487 490
487 491
487 492
487 493
488 489
488 491
488 492
488 494
488 501
489 492
489 493
490 491
490 492
491 494
492 493
493 495
493 496
493 501
494 496
494 497
494 498
494 500
495 498
495 500
495 501
496 497
497 499
497 500
497 501
498 501
499 500
1 1 3.868000 14.195000 -8.802000 O
2 1 4.750000 14.369000 -9.933000 C
3 1 6.117000 14.817000 -9.509000 C
4 1 6.012000 16.070000 -8.827000 O
5 1 6.767000 13.876000 -8.520000 C
6 1 7.383000 12.741000 -9.120000 O
7 1 7.742000 14.742000 -7.814000 C
8 1 8.919000 14.879000 -8.647000 O
9 1 6.930000 16.059999 -7.708000 C
10 1 6.136000 16.157000 -6.450000 N
11 1 4.764000 16.231001 -6.313000 C
12 1 4.350000 16.304001 -5.089000 N
13 1 5.526000 16.292999 -4.351000 C
14 1 5.705000 16.364000 -2.954000 C
15 1 4.877000 16.452999 -2.066000 O
16 1 7.003000 16.341000 -2.617000 N
17 1 8.046000 16.240000 -3.483000 C
18 1 9.215000 16.195999 -2.903000 N
19 1 7.919000 16.172001 -4.811000 N
20 1 6.628000 16.209000 -5.174000 C
21 2 7.374000 11.300000 -8.336000 P
22 2 7.857000 10.232000 -9.244000 O
23 2 5.957000 11.319000 -7.872000 O
24 2 8.379000 11.409000 -7.079000 O
25 2 9.784000 11.613000 -7.378000 C
26 2 10.635000 11.791000 -6.143000 C
27 2 10.323000 12.971000 -5.400000 O
28 2 10.263000 10.757000 -5.246000 C
29 2 10.907000 9.579000 -5.591000 O
30 2 10.618000 11.274000 -3.890000 C
31 2 12.038000 11.313000 -3.733000 O
32 2 10.180000 12.643000 -4.010000 C
33 2 8.800000 12.836000 -3.536000 N
34 2 7.641000 12.972000 -4.253000 C
35 2 6.581000 13.176000 -3.522000 N
36 2 7.067000 13.155000 -2.227000 C
37 2 6.407000 13.308000 -1.007000 C
38 2 5.233000 13.501000 -0.779000 O
39 2 7.249000 13.219000 0.060000 N
40 2 8.607000 13.013000 -0.015000 C
41 2 9.275000 12.963000 1.135000 N
42 2 9.252000 12.871000 -1.168000 N
43 2 8.424000 12.964000 -2.233000 C
44 3 10.376000 8.321000 -4.834000 P
45 3 11.773000 8.279000 -5.364000 O
46 3 9.396000 7.283000 -5.218000 O
47 3 10.429000 8.473000 -3.211000 O
48 3 11.698000 8.232000 -2.554000 C
49 3 11.618000 8.189000 -1.034000 C
50 3 11.158000 9.452000 -0.500000 O
51 3 10.583000 7.249000 -0.473000 C
52 3 10.561000 5.865000 -0.826000 O
53 3 10.464000 7.732000 0.946000 C
54 3 11.694000 7.558000 1.645000 O
55 3 10.339000 9.212000 0.685000 C
56 3 8.924000 9.545000 0.389000 N
57 3 8.347000 9.697000 -0.831000 C
58 3 7.086000 9.996000 -0.790000 N
59 3 6.805000 10.053000 0.542000 C
60 3 5.637000 10.315000 1.209000 C
61 3 4.507000 10.579000 0.584000 N
62 3 5.670000 10.267000 2.522000 N
63 3 6.819000 9.989000 3.121000 C
64 3 8.005000 9.715000 2.599000 N
65 3 7.916000 9.764000 1.277000 C
66 4 10.932000 4.658000 0.156000 P
67 4 12.176000 5.217000 0.700000 O
68 4 10.936000 3.310000 -0.516000 O
69 4 9.933000 4.609000 1.404000 O
70 4 10.493000 4.287000 2.640000 C
71 4 9.619000 4.670000 3.779000 C
72 4 9.111000 6.020000 3.759000 O
73 4 8.373000 3.832000 3.807000 C
74 4 8.666000 2.510000 4.309000 O
75 4 7.526000 4.605000 4.766000 C
76 4 8.017000 4.476000 6.123000 O
77 4 7.754000 5.987000 4.308000 C
78 4 6.715000 6.370000 3.310000 N
79 4 5.423000 6.643000 3.749000 C
80 4 5.103000 6.567000 4.924000 O
81 4 4.494000 7.010000 2.829000 N
82 4 4.819000 7.100000 1.540000 C
83 4 3.909000 7.477000 0.676000 N
84 4 6.130000 6.828000 1.074000 C
85 4 7.049000 6.466000 1.995000 C
86 5 7.872000 1.161000 3.836000 P
87 5 7.836000 -0.278000 3.369000 O
88 5 8.860000 1.550000 4.862000 O
89 5 6.436000 1.425000 4.405000 O
90 5 6.342000 1.359000 5.842000 C
91 5 5.041000 1.851000 6.291000 C
92 5 4.834000 3.111000 5.579000 O
93 5 3.864000 0.957000 5.894000 C
94 5 3.538000 -0.063000 6.891000 O
95 5 2.729000 2.011000 5.733000 C
96 5 2.246000 2.445000 6.995000 O
97 5 3.453000 3.255000 5.186000 C
98 5 3.265000 3.527000 3.672000 N
99 5 2.046000 4.082000 3.135000 C
100 5 1.064000 4.353000 3.825000 O
101 5 2.007000 4.276000 1.777000 N
102 5 3.063000 3.986000 0.883000 C
103 5 2.972000 4.204000 -0.330000 O
104 5 4.234000 3.428000 1.518000 C
105 5 4.307000 3.231000 2.847000 C
106 6 3.054000 -1.494000 6.373000 P
107 6 2.751000 -2.780000 7.033000 O
108 6 4.148000 -1.476000 5.243000 O
109 6 1.591000 -1.077000 5.610000 O
110 6 0.432000 -1.258000 6.386000 C
111 6 -0.565000 -0.477000 5.823000 C
112 6 0.083000 0.613000 5.120000 O
113 6 -1.351000 -1.165000 4.750000 C
114 6 -2.314000 -2.167000 5.098000 O
115 6 -1.879000 -0.050000 3.866000 C
116 6 -3.200000 0.294000 4.255000 O
117 6 -0.932000 1.086000 4.175000 C
118 6 -0.368000 1.439000 2.861000 N
119 6 -1.142000 2.274000 2.080000 C
120 6 -2.142000 2.796000 2.480000 O
121 6 -0.625000 2.471000 0.836000 N
122 6 0.502000 1.897000 0.306000 C
123 6 0.860000 2.161000 -0.839000 O
124 6 1.232000 1.023000 1.167000 C
125 6 0.751000 0.820000 2.411000 C
126 7 -2.200000 -3.480000 4.146000 P
127 7 -2.851000 -4.287000 5.193000 O
128 7 -1.138000 -4.126000 3.299000 O
129 7 -3.378000 -2.742000 3.181000 O
130 7 -4.730000 -2.659000 3.576000 C
131 7 -5.678000 -2.195000 2.495000 C
132 7 -5.245000 -0.924000 2.014000 O
133 7 -5.682000 -3.094000 1.280000 C
134 7 -6.512000 -4.294000 1.356000 O
135 7 -6.040000 -2.133000 0.165000 C
136 7 -7.449000 -1.946000 0.092000 O
137 7 -5.404000 -0.832000 0.587000 C
138 7 -4.088000 -0.636000 -0.057000 N
139 7 -4.045000 -0.031000 -1.302000 C
140 7 -5.063000 0.338000 -1.889000 O
141 7 -2.757000 0.131000 -1.850000 N
142 7 -1.557000 -0.281000 -1.251000 C
143 7 -0.461000 -0.129000 -1.790000 O
144 7 -1.728000 -0.888000 0.035000 C
145 7 -2.951000 -1.038000 0.577000 C
146 8 -6.071000 -5.662000 0.526000 P
147 8 -6.611000 -6.861000 1.235000 O
148 8 -4.842000 -5.821000 -0.280000 O
149 8 -7.194000 -5.111000 -0.486000 O
150 8 -7.186000 -5.533000 -1.849000 C
151 8 -7.549000 -4.397000 -2.767000 C
152 8 -6.756000 -3.219000 -2.509000 O
153 8 -7.185000 -4.736000 -4.171000 C
154 8 -8.021000 -5.683000 -4.766000 O
155 8 -7.155000 -3.412000 -4.868000 C
156 8 -8.476000 -2.899000 -5.127000 O
157 8 -6.455000 -2.553000 -3.775000 C
158 8 -4.976000 -2.444000 -4.042000 N
159 8 -3.943000 -2.945000 -3.296000 C
160 8 -2.754000 -2.667000 -3.760000 N
161 8 -3.021000 -1.911000 -4.921000 C
162 8 -2.144000 -1.333000 -5.886000 C
163 8 -0.927000 -1.370000 -5.913000 O
164 8 -2.813000 -0.701000 -6.915000 N
165 8 -4.187000 -0.596000 -6.993000 C
166 8 -4.670000 0.089000 -8.028000 N
167 8 -5.022000 -1.121000 -6.094000 N
168 8 -4.386000 -1.777000 -5.097000 C
169 9 -7.396000 -7.145000 -5.067000 P
170 9 -8.614000 -7.983000 -5.165000 O
171 9 -6.246000 -7.621000 -4.256000 O
172 9 -6.912000 -6.732000 -6.545000 O
173 9 -7.902000 -6.590000 -7.573000 C
174 9 -7.343000 -5.992000 -8.834000 C
175 9 -6.695000 -4.767000 -8.525000 O
176 9 -6.318000 -6.836000 -9.477000 C
177 9 -6.921000 -7.845000 -10.258000 O
178 9 -5.521000 -5.834000 -10.286000 C
179 9 -6.183000 -5.489000 -11.495000 O
180 9 -5.550000 -4.621000 -9.408000 C
181 9 -4.295000 -4.342000 -8.678000 N
182 9 -4.167000 -4.106000 -7.350000 C
183 9 -2.956000 -3.881000 -6.966000 N
184 9 -2.210000 -3.941000 -8.119000 C
185 9 -0.843000 -3.766000 -8.295000 C
186 9 -0.011000 -3.506000 -7.459000 O
187 9 -0.470000 -3.904000 -9.597000 N
188 9 -1.321000 -4.184000 -10.629000 C
189 9 -0.751000 -4.301000 -11.825000 N
190 9 -2.633000 -4.369000 -10.479000 N
191 9 -3.014000 -4.219000 -9.192000 C
192 10 -6.213000 -9.296000 -10.263000 P
193 10 -7.005000 -10.357000 -10.956000 O
194 10 -5.547000 -9.621000 -8.982000 O
195 10 -5.112000 -8.713000 -11.298000 O
196 10 -5.415000 -8.474000 -12.679000 C
197 10 -4.164000 -8.204000 -13.478000 C
198 10 -3.471000 -7.045000 -13.006000 O
199 10 -3.183000 -9.295000 -13.260000 C
200 10 -3.469000 -10.413000 -14.028000 O
201 10 -1.860000 -8.683000 -13.595000 C
202 10 -1.704000 -8.566000 -15.027000 O
203 10 -2.027000 -7.310000 -12.950000 C
204 10 -1.501000 -7.302000 -11.518000 N
205 10 -0.115000 -7.213000 -11.292000 C
206 10 0.717000 -7.189000 -12.171000 O
207 10 0.284000 -7.182000 -9.979000 N
208 10 -0.524000 -7.246000 -8.874000 C
209 10 -0.008000 -7.243000 -7.772000 O
210 10 -1.931000 -7.314000 -9.167000 C
211 10 -2.372000 -7.349000 -10.446000 C
212 11 -2.530000 -11.658000 -13.909000 P
213 11 -3.199000 -11.778000 -15.216000 O
214 11 -3.240000 -11.959000 -12.653000 O
215 11 -1.150000 -12.406000 -13.952000 O
216 11 -0.345000 -12.142000 -15.100000 C
217 11 1.027000 -11.563000 -14.765000 C
218 11 1.083000 -10.397000 -13.936000 O
219 11 1.839000 -12.534000 -14.090000 C
220 11 2.228000 -13.479000 -15.026000 O
221 11 2.984000 -11.671000 -13.587000 C
222 11 3.855000 -11.295000 -14.680000 O
223 11 2.288000 -10.435000 -13.133000 C
224 11 2.041000 -10.331000 -11.631000 N
225 11 3.128000 -10.455000 -10.738000 C
226 11 4.277000 -10.652000 -11.119000 O
227 11 2.898000 -10.369000 -9.416000 N
228 11 1.708000 -10.149000 -8.961000 C
229 11 1.537000 -10.061000 -7.646000 N
230 11 0.592000 -10.030000 -9.827000 C
231 11 0.807000 -10.131000 -11.156000 C
232 12 2.725000 -14.861000 -14.435000 P
233 12 2.935000 -15.196000 -15.868000 O
234 12 1.779000 -15.678000 -13.600000 O
235 12 4.201000 -14.702000 -13.720000 O
236 12 5.322000 -14.359000 -14.543000 C
237 12 6.486000 -13.769000 -13.752000 C
238 12 5.869000 -13.164000 -12.640000 O
239 12 7.517000 -14.826000 -13.177000 C
240 12 8.870000 -14.348000 -13.341000 O
241 12 7.133000 -14.875000 -11.702000 C
242 12 8.205000 -15.038000 -10.765000 O
243 12 6.512000 -13.557000 -11.478000 C
244 12 5.603000 -13.494000 -10.359000 N
245 12 6.129000 -13.101000 -9.152000 C
246 12 7.333000 -12.818000 -9.050000 O
247 12 5.310000 -13.036000 -8.062000 N
248 12 4.032000 -13.334000 -8.157000 C
249 12 3.280000 -13.243000 -7.068000 N
250 12 3.460000 -13.737000 -9.407000 C
251 12 4.282000 -13.822000 -10.482000 C
253 13 6.499000 -10.974000 2.087000 O
254 13 7.835000 -10.741000 2.553000 C
255 13 8.902000 -11.122000 1.526000 C
256 13 8.655000 -12.419000 0.985000 O
257 13 8.890000 -10.212000 0.331000 C
258 13 9.539000 -8.966000 0.521000 O
259 13 9.551000 -11.031000 -0.725000 C
260 13 10.974000 -10.990000 -0.557000 O
261 13 8.950000 -12.406000 -0.427000 C
262 13 7.687000 -12.504000 -1.148000 N
263 13 6.423000 -12.464000 -0.653000 C
264 13 5.494000 -12.556000 -1.556000 N
265 13 6.190000 -12.653000 -2.736000 C
266 13 5.708000 -12.775000 -4.036000 C
267 13 4.556000 -12.813000 -4.420000 O
268 13 6.726000 -12.848000 -4.957000 N
269 13 8.067000 -12.802000 -4.657000 C
270 13 8.892000 -12.864000 -5.686000 N
271 13 8.543000 -12.686000 -3.414000 N
272 13 7.539000 -12.623000 -2.505000 C
273 14 8.959000 -7.637000 -0.163000 P
274 14 9.634000 -6.387000 0.237000 O
275 14 7.512000 -7.641000 -0.390000 O
276 14 9.667000 -8.175000 -1.466000 O
277 14 9.810000 -7.248000 -2.511000 C
278 14 10.588000 -7.807000 -3.675000 C
279 14 10.179000 -9.170000 -3.896000 O
280 14 10.086000 -7.043000 -4.864000 C
281 14 10.738000 -5.834000 -5.064000 O
282 14 10.214000 -8.008000 -5.951000 C
283 14 11.605000 -8.191000 -6.294000 O
284 14 9.728000 -9.271000 -5.257000 C
285 14 8.249000 -9.407000 -5.179000 N
286 14 7.517000 -9.544000 -4.032000 C
287 14 6.258000 -9.705000 -4.197000 N
288 14 6.118000 -9.683000 -5.563000 C
289 14 4.950000 -9.811000 -6.293000 C
290 14 3.826000 -9.978000 -5.855000 O
291 14 5.180000 -9.752000 -7.662000 N
292 14 6.404000 -9.580000 -8.250000 C
293 14 6.402000 -9.525000 -9.583000 N
294 14 7.546000 -9.447000 -7.545000 N
295 14 7.320000 -9.517000 -6.200000 C
296 15 9.930000 -4.468000 -5.191000 P
297 15 10.839000 -3.305000 -5.073000 O
298 15 8.648000 -4.509000 -4.421000 O
299 15 9.642000 -4.765000 -6.781000 O
300 15 10.637000 -4.545000 -7.797000 C
301 15 10.013000 -4.437000 -9.232000 C
302 15 9.268000 -5.653000 -9.542000 O
303 15 9.021000 -3.345000 -9.103000 C
304 15 9.561000 -2.182000 -9.645000 O
305 15 7.806000 -3.844000 -9.811000 C
306 15 7.351000 -3.304000 -11.058000 O
307 15 7.947000 -5.309000 -9.845000 C
308 15 6.993000 -5.812000 -8.907000 N
309 15 7.140000 -6.175000 -7.612000 C
310 15 6.024000 -6.580000 -7.073000 N
311 15 5.098000 -6.439000 -8.090000 C
312 15 3.768000 -6.717000 -8.146000 C
313 15 3.112000 -7.170000 -7.103000 N
314 15 3.150000 -6.474000 -9.311000 N
315 15 3.825000 -6.002000 -10.340000 C
316 15 5.085000 -5.695000 -10.383000 N
317 15 5.666000 -5.969000 -9.194000 C
318 16 8.632000 -0.935000 -9.568000 P
319 16 9.767000 -0.200000 -10.111000 O
320 16 8.176000 -0.857000 -8.168000 O
321 16 7.363000 -0.702000 -10.524000 O
322 16 7.617000 -0.586000 -11.994000 C
323 16 6.330000 -0.435000 -12.664000 C
324 16 5.760000 -1.763000 -12.652000 O
325 16 5.486000 0.447000 -11.669000 C
326 16 5.632000 1.866000 -11.709000 O
327 16 4.072000 -0.049000 -11.959000 C
328 16 3.625000 0.472000 -13.209000 O
329 16 4.380000 -1.641000 -12.143000 C
330 16 4.020000 -2.195000 -10.822000 N
331 16 2.777000 -2.785000 -10.670000 C
332 16 1.974000 -2.870000 -11.634000 O
333 16 2.454000 -3.337000 -9.499000 N
334 16 3.274000 -3.328000 -8.470000 C
335 16 2.882000 -3.897000 -7.335000 N
336 16 4.547000 -2.704000 -8.591000 C
337 16 4.859000 -2.193000 -9.757000 C
338 17 4.542000 2.865000 -11.291000 P
339 17 5.091000 3.459000 -12.518000 O
340 17 5.255000 3.038000 -9.981000 O
341 17 2.984000 3.320000 -11.106000 O
342 17 2.196000 3.559000 -12.193000 C
343 17 0.893000 2.780000 -12.116000 C
344 17 1.161000 1.437000 -12.059000 O
345 17 0.230000 3.024000 -10.799000 C
346 17 -0.586000 4.140000 -10.941000 O
347 17 -0.593000 1.951000 -10.602000 C
348 17 -1.868000 1.913000 -11.350000 O
349 17 0.371000 0.905000 -11.078000 C
350 17 1.046000 0.461000 -9.914000 N
351 17 0.269000 -0.261000 -8.995000 C
352 17 -0.946000 -0.548000 -9.106000 O
353 17 0.844000 -0.633000 -7.836000 N
354 17 2.129000 -0.414000 -7.467000 C
355 17 2.482000 -0.846000 -6.435000 O
356 17 2.862000 0.371000 -8.432000 C
357 17 2.333000 0.794000 -9.617000 C
358 18 -0.474000 5.309000 -9.970000 P
359 18 0.382000 5.928000 -11.028000 O
360 18 -0.774000 6.060000 -8.740000 O
361 18 -1.918000 4.899000 -10.647000 O
362 18 -3.151000 5.262000 -9.993000 C
363 18 -3.680000 4.220000 -8.986000 C
364 18 -2.736000 3.192000 -8.680000 O
365 18 -3.909000 4.788000 -7.581000 C
366 18 -4.942000 5.774000 -7.465000 O
367 18 -4.185000 3.526000 -6.832000 C
368 18 -5.418000 2.855000 -7.209000 O
369 18 -3.096000 2.706000 -7.384000 C
370 18 -1.976000 2.418000 -6.458000 N
371 18 -2.302000 1.872000 -5.205000 C
372 18 -3.426000 1.627000 -4.831000 O
373 18 -1.225000 1.624000 -4.385000 N
374 18 0.102000 1.841000 -4.673000 C
375 18 0.947000 1.564000 -3.835000 O
376 18 0.374000 2.391000 -5.979000 C
377 18 -0.649000 2.662000 -6.820000 C
378 19 -4.718000 7.108000 -6.522000 P
379 19 -5.573000 7.264000 -7.719000 O
380 19 -3.993000 8.286000 -5.969000 O
381 19 -5.532000 6.281000 -5.326000 O
382 19 -6.958000 6.062000 -5.333000 C
383 19 -7.531000 5.525000 -3.990000 C
384 19 -7.027000 4.208000 -3.645000 O
385 19 -7.136000 6.388000 -2.815000 C
386 19 -7.814000 7.658000 -2.660000 O
387 19 -7.222000 5.455000 -1.642000 C
388 19 -8.567000 5.300000 -1.196000 O
389 19 -6.673000 4.157000 -2.228000 C
390 19 -5.172000 4.028000 -2.009000 N
391 19 -4.690000 3.302000 -0.921000 C
392 19 -5.430000 2.760000 -0.109000 O
393 19 -3.299000 3.233000 -0.785000 N
394 19 -2.369000 3.824000 -1.642000 C
395 19 -1.162000 3.718000 -1.452000 O
396 19 -2.962000 4.550000 -2.727000 C
397 19 -4.299000 4.620000 -2.879000 C
398 20 -6.949000 8.965000 -2.117000 P
399 20 -7.739000 10.224000 -2.095000 O
400 20 -5.568000 8.992000 -2.684000 O
401 20 -6.839000 8.444000 -0.609000 O
402 20 -7.918000 8.726000 0.289000 C
403 20 -7.545000 8.455000 1.738000 C
404 20 -7.327000 7.008000 1.989000 O
405 20 -6.261000 9.217000 2.186000 C
406 20 -6.427000 10.666000 2.435000 O
407 20 -5.973000 8.355000 3.395000 C
408 20 -6.971000 8.642000 4.389000 O
409 20 -6.168000 6.893000 2.847000 C
410 20 -4.923000 6.449000 2.110000 N
411 20 -4.726000 6.270000 0.774000 C
412 20 -3.518000 5.902000 0.462000 N
413 20 -2.852000 5.858000 1.660000 C
414 20 -1.520000 5.537000 1.950000 C
415 20 -0.607000 5.210000 1.185000 O
416 20 -1.283000 5.579000 3.298000 N
417 20 -2.206000 5.909000 4.258000 C
418 20 -1.776000 5.966000 5.518000 N
419 20 -3.438000 6.244000 3.985000 N
420 20 -3.700000 6.190000 2.679000 C
421 21 -5.539000 11.619000 3.482000 P
422 21 -6.964000 11.840000 3.838000 O
423 21 -4.692000 12.785000 3.129000 O
424 21 -4.777000 10.908000 4.720000 O
425 21 -5.283000 10.769000 6.055000 C
426 21 -4.197000 10.222000 6.987000 C
427 21 -3.732000 8.947000 6.502000 O
428 21 -3.009000 11.141000 6.884000 C
429 21 -2.981000 12.155000 7.842000 O
430 21 -1.869000 10.306000 7.126000 C
431 21 -1.721000 10.117000 8.534000 O
432 21 -2.279000 9.064000 6.474000 C
433 21 -1.725000 8.942000 5.108000 N
434 21 -2.327000 9.205000 3.896000 C
435 21 -1.576000 8.917000 2.870000 N
436 21 -0.402000 8.435000 3.442000 C
437 21 0.766000 7.953000 2.848000 C
438 21 1.057000 7.877000 1.660000 O
439 21 1.676000 7.582000 3.746000 N
440 21 1.499000 7.619000 5.056000 C
441 21 2.519000 7.190000 5.742000 N
442 21 0.415000 8.063000 5.660000 N
443 21 -0.487000 8.461000 4.790000 C
444 22 -1.919000 13.308000 7.500000 P
445 22 -2.541000 13.889000 8.716000 O
446 22 -2.023000 14.000000 6.185000 O
447 22 -0.438000 12.966000 7.777000 O
448 22 -0.081000 12.844000 9.127000 C
449 22 1.265000 12.353000 9.213000 C
450 22 1.415000 11.155000 8.453000 O
451 22 2.091000 13.329000 8.556000 C
452 22 2.361000 14.380000 9.455000 O
453 22 3.292000 12.541000 8.002000 C
454 22 4.398000 12.374000 8.860000 O
455 22 2.643000 11.212000 7.721000 C
456 22 2.457000 11.051000 6.303000 N
457 22 3.473000 10.405000 5.606000 C
458 22 4.473000 9.967000 6.173000 O
459 22 3.302000 10.290000 4.241000 N
460 22 2.201000 10.726000 3.552000 C
461 22 2.147000 10.563000 2.346000 O
462 22 1.203000 11.400000 4.359000 C
463 22 1.367000 11.538000 5.682000 C
464 23 3.354000 15.541000 8.982000 P
465 23 3.761000 15.177000 10.355000 O
466 23 2.298000 16.547001 8.780000 O
467 23 4.656000 15.970000 8.190000 O
468 23 5.873000 15.706000 8.837000 C
469 23 6.797000 14.926000 7.982000 C
470 23 6.195000 13.880000 7.221000 O
471 23 7.437000 15.798000 7.006000 C
472 23 8.322000 16.719999 7.673000 O
473 23 8.044000 14.794000 6.037000 C
474 23 9.188000 14.120000 6.592000 O
475 23 6.911000 13.764000 5.960000 C
476 23 6.002000 13.786000 4.737000 N
477 23 6.534000 13.889000 3.428000 C
478 23 7.728000 13.980000 3.197000 O
479 23 5.681000 13.874000 2.383000 N
480 23 4.374000 13.727000 2.552000 C
481 23 3.589000 13.697000 1.489000 N
482 23 3.812000 13.610000 3.853000 C
483 23 4.662000 13.633000 4.904000 C
484 24 8.455000 18.289000 7.227000 P
485 24 9.109000 19.107000 8.271000 O
486 24 7.051000 18.568001 6.840000 O
487 24 9.348000 18.398001 5.879000 O
488 24 10.674000 17.920000 5.873000 C
489 24 11.099000 17.502001 4.480000 C
490 24 10.106000 16.698999 3.883000 O
491 24 11.182000 18.660000 3.568000 C
492 24 12.419000 19.362000 3.690000 O
493 24 10.959000 18.122000 2.190000 C
494 24 12.149000 17.548000 1.669000 O
495 24 10.035000 16.995001 2.468000 C
496 24 8.610000 17.167000 2.046000 N
497 24 8.193000 16.576000 0.831000 C
498 24 8.948000 16.010000 0.058000 O
499 24 6.905000 16.681000 0.513000 N
500 24 6.045000 17.312000 1.314000 C
501 24 4.785000 17.389000 0.925000 N
502 24 6.432000 17.898001 2.547000 C
503 24 7.720000 17.788000 2.879000 C
