404 986
0 2
0 3
0 4
1 3
1 4
1 6
1 7
2 5
2 6
2 7
3 4
3 5
3 6
3 8
3 15
4 7
4 16
4 18
4 19
5 6
5 7
5 17
5 18
5 19
6 8
6 15
6 16
7 9
7 10
7 15
8 10
8 11
8 12
8 14
9 12
9 14
9 15
10 11
10 401
11 13
11 14
11 15
11 399
12 15
13 14
13 398
16 20
17 18
17 19
17 20
18 19
19 21
19 22
19 23
20 22
20 23
21 24
21 25
21 26
22 23
22 25
22 27
22 28
23 26
23 38
23 40
24 25
24 26
24 39
24 40
24 41
24 42
25 27
25 28
26 28
26 36
26 37
27 29
27 30
27 36
28 30
28 37
29 31
29 32
29 37
30 32
30 33
30 34
30 36
31 34
31 36
31 37
32 33
32 358
32 379
33 35
33 36
33 37
33 377
34 37
35 36
35 376
36 401
38 42
39 40
39 41
39 42
40 41
41 43
41 44
41 45
42 44
42 45
43 46
43 47
43 48
44 45
44 47
44 49
44 57
45 48
45 58
45 60
46 47
46 59
46 60
46 61
46 62
47 49
47 57
47 58
47 61
48 50
48 51
48 57
49 51
49 52
49 53
49 55
50 53
50 55
50 57
51 52
52 54
52 55
52 57
52 359
53 56
53 57
54 55
54 56
54 358
56 57
58 62
59 60
59 61
59 62
60 61
61 63
61 64
61 65
62 64
62 65
63 66
63 67
63 68
64 65
64 67
64 69
64 77
65 68
65 78
65 80
66 67
66 68
66 79
66 80
66 81
66 82
67 69
67 77
67 78
68 70
68 71
68 77
69 71
69 72
69 73
69 75
70 73
70 75
70 77
71 72
71 360
72 74
72 75
72 77
72 338
73 76
73 77
74 75
74 76
74 337
76 77
78 82
79 80
79 81
79 82
80 81
81 83
81 84
81 85
82 84
82 85
83 86
83 87
83 88
84 85
84 87
84 89
84 97
85 88
85 98
85 100
86 87
86 88
86 99
86 100
86 101
86 102
87 89
87 97
88 90
88 91
88 97
89 91
89 92
89 93
89 95
90 93
90 95
90 97
91 92
91 104
92 94
92 95
92 97
92 317
93 96
93 97
94 95
94 96
94 316
96 97
98 102
99 100
99 101
99 102
100 101
101 103
101 104
101 105
102 104
102 105
102 106
103 106
103 107
103 108
104 105
104 107
104 109
104 117
105 108
105 118
105 120
106 107
106 119
106 120
106 121
106 122
107 109
108 110
108 111
108 117
109 111
109 112
109 113
109 115
110 113
110 115
110 117
111 112
112 114
112 115
112 117
112 296
113 116
113 117
114 115
114 116
114 295
116 117
118 122
119 120
119 121
119 122
120 121
121 123
121 124
121 125
122 124
122 125
123 126
123 127
123 128
124 125
124 127
124 129
124 137
125 128
125 138
125 140
126 127
126 139
126 140
126 141
127 129
127 137
128 130
128 131
128 137
129 131
129 132
129 133
129 135
130 133
130 135
130 137
131 132
131 149
131 297
132 134
132 135
132 137
132 275
133 136
133 137
134 135
134 136
134 154
134 274
136 137
138 142
139 140
139 141
139 142
140 141
141 143
141 144
141 145
142 144
142 145
143 146
143 147
143 148
144 145
144 147
144 149
145 148
145 159
145 160
145 161
146 147
146 148
146 160
146 161
146 162
146 163
147 149
147 150
148 150
148 157
148 158
149 151
149 152
149 157
150 152
150 158
151 153
151 154
151 158
152 154
152 155
152 156
152 157
153 156
153 157
153 158
154 155
154 254
155 157
155 158
155 232
155 252
155 275
156 158
156 276
159 163
160 161
160 162
160 163
161 162
162 164
162 165
162 166
163 165
163 166
164 167
164 168
164 169
165 166
165 168
165 170
165 177
166 169
166 178
166 180
167 168
167 169
167 179
167 180
167 181
167 182
168 170
168 177
169 171
169 172
169 177
170 172
170 173
170 174
170 176
171 174
171 176
171 177
172 173
172 184
172 235
173 175
173 176
173 177
173 233
174 177
175 176
175 194
175 232
178 182
179 180
179 181
179 182
180 181
181 183
181 184
181 185
182 184
182 185
183 186
183 187
183 188
184 185
184 186
184 187
184 189
184 190
185 188
186 187
186 188
187 189
187 190
188 190
188 198
188 199
189 191
189 192
189 198
190 192
190 199
191 193
191 194
191 199
192 194
192 195
192 196
192 198
193 196
193 198
193 199
194 195
194 213
195 197
195 198
195 199
195 211
196 199
197 198
197 210
200 202
200 203
200 204
201 203
201 204
202 205
202 206
202 207
203 204
203 205
203 206
203 208
203 215
204 207
204 216
204 218
205 206
205 207
205 217
205 218
205 219
206 208
206 215
207 209
207 210
207 215
208 210
208 211
208 212
208 214
209 212
209 214
209 215
210 211
211 213
211 214
211 215
212 215
213 214
213 232
216 220
217 218
217 219
217 220
218 219
219 221
219 222
219 223
220 222
220 223
221 224
221 225
221 226
222 223
222 225
222 227
222 228
223 226
223 238
223 240
224 225
224 226
224 239
224 240
224 241
224 242
225 227
225 228
226 228
226 236
226 237
227 229
227 230
227 236
228 230
228 237
229 231
229 232
229 237
230 232
230 233
230 234
230 236
231 234
231 236
231 237
232 233
233 235
233 236
233 237
234 237
235 236
238 242
239 240
239 241
239 242
240 241
241 243
241 244
241 245
242 244
242 245
243 246
243 247
243 248
244 245
244 247
244 249
244 257
245 248
245 258
245 260
246 247
246 259
246 260
246 261
246 262
247 249
247 257
248 250
248 251
248 257
249 251
249 252
249 253
249 255
250 253
250 255
250 257
251 252
252 254
252 255
252 257
253 256
253 257
254 255
254 256
256 257
258 262
259 260
259 261
259 262
260 261
261 263
261 264
261 265
262 264
262 265
263 266
263 267
263 268
264 265
264 266
264 267
264 269
264 270
265 268
265 279
265 281
266 267
266 268
266 280
266 281
266 282
266 283
267 269
267 270
268 270
268 277
268 278
269 271
269 272
269 277
270 272
270 278
271 273
271 274
271 278
272 274
272 275
272 276
272 277
273 276
273 277
273 278
274 275
275 277
275 278
276 278
279 283
280 281
280 282
280 283
281 282
282 284
282 285
282 286
283 285
283 286
284 287
284 288
284 289
285 286
285 288
285 290
285 291
286 289
286 300
286 302
287 288
287 301
287 302
287 303
287 304
288 290
289 291
289 298
289 299
290 292
290 293
290 298
291 293
291 299
292 294
292 295
292 299
293 295
293 296
293 297
293 298
294 297
294 298
294 299
295 296
295 316
296 298
296 299
297 299
300 304
301 302
301 303
301 304
302 303
303 305
303 306
303 307
304 306
304 307
305 308
305 309
305 310
306 307
306 309
306 311
306 312
307 310
307 321
307 322
307 323
308 309
308 310
308 322
308 323
308 324
308 325
309 311
309 312
310 312
310 319
310 320
311 313
311 314
311 319
312 314
312 320
313 315
313 316
313 320
314 316
314 317
314 318
314 319
315 318
315 319
315 320
316 317
317 319
317 320
318 320
321 325
322 323
322 324
322 325
323 324
324 326
324 327
324 328
325 327
325 328
326 329
326 330
326 331
327 328
327 330
327 332
327 333
328 331
328 342
328 344
329 330
329 331
329 343
329 344
329 345
329 346
330 332
330 333
331 333
331 340
331 341
332 334
332 335
332 340
333 335
333 341
334 336
334 337
334 341
335 337
335 338
335 339
335 340
336 339
336 340
336 341
337 338
338 340
338 341
339 341
342 346
343 344
343 345
343 346
344 345
345 347
345 348
345 349
346 348
346 349
347 350
347 351
347 352
348 349
348 351
348 353
348 354
349 352
349 363
349 365
350 351
350 352
350 364
350 365
350 366
351 353
352 354
352 362
353 355
353 356
353 361
354 356
354 362
355 357
355 358
355 362
356 358
356 359
356 360
356 361
357 360
357 361
357 362
358 359
359 361
359 362
360 362
363 367
364 365
364 366
364 367
365 366
366 368
366 369
366 370
367 369
367 370
368 371
368 372
368 373
369 370
369 372
369 374
369 381
370 373
370 382
370 384
371 372
371 373
371 383
371 384
371 385
371 386
372 374
372 381
372 382
372 384
372 385
373 375
373 376
373 381
374 376
374 377
374 378
374 380
375 378
375 380
375 381
376 377
377 379
377 380
377 381
378 381
379 380
379 398
382 386
383 384
383 385
383 386
384 385
385 387
385 388
385 389
386 388
386 389
387 390
387 391
387 392
388 389
388 390
388 391
388 393
388 394
389 392
390 392
391 393
391 394
392 394
392 402
392 403
393 395
393 396
393 402
394 396
394 403
395 397
395 398
395 403
396 398
396 399
396 400
396 402
397 400
397 402
397 403
398 399
399 401
399 402
399 403
400 403
401 402
1 1 3.534000 13.349000 -10.105000 O
2 1 4.397000 13.285000 -9.785000 C
3 1 4.975000 13.699000 -8.652000 C
4 1 4.032000 13.966000 -7.819000 O
5 1 5.834000 12.761000 -8.061000 C
6 1 6.980000 13.314000 -7.824000 O
7 1 5.109000 12.372000 -6.872000 C
8 1 4.363000 13.545000 -6.607000 C
9 1 3.244000 13.328000 -5.746000 N
10 1 3.352000 13.574000 -4.452000 C
11 1 4.373000 13.910000 -3.992000 O
12 1 2.307000 13.448000 -3.646000 N
13 1 1.192000 13.034000 -4.095000 C
14 1 0.186000 12.939000 -3.275000 N
15 1 1.065000 12.721000 -5.417000 C
16 1 2.111000 12.888000 -6.195000 C
17 2 8.204000 12.568000 -7.497000 P
18 2 9.177000 13.358000 -7.719000 O
19 2 8.177000 11.511000 -8.153000 O
20 2 8.255000 12.159000 -6.068000 O
21 2 8.927000 12.790000 -5.212000 C
22 2 8.720000 12.249000 -3.913000 C
23 2 7.405000 12.270000 -3.581000 O
24 2 9.201000 10.869000 -3.738000 C
25 2 10.313000 10.867000 -2.944000 O
26 2 8.005000 10.148000 -3.180000 C
27 2 7.160000 11.246000 -2.704000 C
28 2 5.751000 10.885000 -2.654000 N
29 2 4.997000 10.404000 -3.660000 C
30 2 3.764000 10.208000 -3.349000 N
31 2 3.694000 10.596000 -2.041000 C
32 2 2.601000 10.609000 -1.169000 C
33 2 1.461000 10.302000 -1.408000 O
34 2 2.936000 10.995000 0.099000 N
35 2 4.194000 11.350000 0.472000 C
36 2 4.394000 11.676000 1.731000 N
37 2 5.226000 11.341000 -0.351000 N
38 2 4.912000 10.973000 -1.594000 C
39 3 11.125000 9.579000 -2.581000 P
40 3 12.446000 9.983000 -2.290000 O
41 3 10.970000 8.627000 -3.609000 O
42 3 10.494000 8.980000 -1.277000 O
43 3 10.536000 9.673000 -0.108000 C
44 3 9.444000 9.271000 0.823000 C
45 3 8.206000 9.351000 0.211000 O
46 3 9.555000 7.881000 1.376000 C
47 3 10.255000 7.881000 2.550000 O
48 3 8.149000 7.508000 1.526000 C
49 3 7.328000 8.626000 0.995000 C
50 3 6.173000 8.134000 0.253000 N
51 3 4.963000 8.108000 0.888000 C
52 3 4.776000 8.423000 2.040000 O
53 3 3.895000 7.692000 0.138000 N
54 3 3.949000 7.267000 -1.162000 C
55 3 2.912000 7.000000 -1.727000 O
56 3 5.264000 7.218000 -1.706000 C
57 3 5.468000 6.681000 -3.077000 C
58 3 6.309000 7.650000 -0.998000 C
59 4 10.440000 6.611000 3.470000 P
60 4 11.420000 6.919000 4.458000 O
61 4 10.701000 5.481000 2.649000 O
62 4 9.092000 6.365000 4.239000 O
63 4 8.600000 7.288000 5.079000 C
64 4 7.181000 7.035000 5.431000 C
65 4 6.418000 6.863000 4.309000 O
66 4 6.954000 5.854000 6.306000 C
67 4 6.561000 6.235000 7.507000 O
68 4 5.946000 5.103000 5.620000 C
69 4 5.366000 6.017000 4.602000 C
70 4 4.851000 5.346000 3.412000 N
71 4 3.499000 5.260000 3.221000 C
72 4 2.684000 5.623000 4.041000 O
73 4 3.066000 4.760000 2.017000 N
74 4 3.879000 4.318000 1.006000 C
75 4 3.401000 3.961000 -0.047000 O
76 4 5.272000 4.373000 1.312000 C
77 4 6.256000 3.863000 0.320000 C
78 4 5.699000 4.874000 2.476000 C
79 5 6.381000 5.297000 8.731000 P
80 5 6.379000 6.066000 9.872000 O
81 5 7.355000 4.332000 8.645000 O
82 5 4.980000 4.608000 8.682000 O
83 5 3.856000 5.307000 8.891000 C
84 5 2.659000 4.600000 8.404000 C
85 5 2.814000 4.333000 7.062000 O
86 5 2.329000 3.319000 9.117000 C
87 5 1.078000 3.455000 9.701000 O
88 5 2.415000 2.331000 7.998000 C
89 5 2.118000 3.165000 6.785000 C
90 5 2.555000 2.574000 5.523000 N
91 5 1.626000 2.383000 4.542000 C
92 5 0.457000 2.662000 4.659000 O
93 5 2.078000 1.831000 3.368000 N
94 5 3.376000 1.503000 3.080000 C
95 5 3.665000 1.048000 1.994000 O
96 5 4.284000 1.742000 4.153000 C
97 5 5.725000 1.399000 3.991000 C
98 5 3.851000 2.264000 5.305000 C
99 6 0.345000 2.307000 10.519000 P
100 6 -0.707000 2.903000 11.319000 O
101 6 1.317000 1.509000 11.229000 O
102 6 -0.350000 1.390000 9.437000 O
103 6 -1.356000 1.898000 8.648000 C
104 6 -1.701000 1.030000 7.471000 C
105 6 -0.607000 0.751000 6.652000 O
106 6 -2.259000 -0.320000 7.862000 C
107 6 -3.640000 -0.228000 7.961000 O
108 6 -1.744000 -1.213000 6.771000 C
109 6 -1.053000 -0.271000 5.814000 C
110 6 0.007000 -0.891000 5.011000 N
111 6 -0.332000 -1.336000 3.763000 C
112 6 -1.464000 -1.364000 3.346000 O
113 6 0.685000 -1.805000 2.965000 N
114 6 2.003000 -1.858000 3.321000 C
115 6 2.821000 -2.222000 2.504000 O
116 6 2.258000 -1.466000 4.673000 C
117 6 3.621000 -1.648000 5.236000 C
118 6 1.274000 -1.001000 5.454000 C
119 7 -4.578000 -1.431000 8.419000 P
120 7 -5.876000 -0.873000 8.753000 O
121 7 -3.897000 -2.178000 9.458000 O
122 7 -4.775000 -2.385000 7.167000 O
123 7 -5.493000 -1.970000 6.071000 C
124 7 -5.403000 -2.929000 4.923000 C
125 7 -4.105000 -3.037000 4.456000 O
126 7 -5.856000 -4.330000 5.230000 C
127 7 -7.156000 -4.507000 4.789000 O
128 7 -4.844000 -5.154000 4.539000 C
129 7 -4.034000 -4.208000 3.730000 C
130 7 -2.644000 -4.614000 3.516000 N
131 7 -2.270000 -5.057000 2.273000 C
132 7 -3.041000 -5.231000 1.348000 O
133 7 -0.930000 -5.336000 2.094000 N
134 7 0.043000 -5.236000 3.055000 C
135 7 1.185000 -5.541000 2.778000 O
136 7 -0.437000 -4.795000 4.330000 C
137 7 0.500000 -4.737000 5.490000 C
138 7 -1.732000 -4.491000 4.505000 C
139 8 -8.052000 -5.765000 5.120000 P
140 8 -9.426000 -5.405000 4.941000 O
141 8 -7.681000 -6.240000 6.413000 O
142 8 -7.727000 -6.886000 4.070000 O
143 8 -8.188000 -6.811000 2.778000 C
144 8 -7.383000 -7.653000 1.842000 C
145 8 -6.073000 -7.167000 1.816000 O
146 8 -7.353000 -9.106000 2.202000 C
147 8 -7.566000 -9.933000 1.116000 O
148 8 -5.911000 -9.202000 2.639000 C
149 8 -5.269000 -8.288000 1.630000 C
150 8 -3.846000 -8.247000 1.973000 N
151 8 -3.289000 -8.250000 3.210000 C
152 8 -2.001000 -8.350000 3.192000 N
153 8 -1.678000 -8.545000 1.866000 C
154 8 -0.414000 -8.719000 1.305000 C
155 8 0.706000 -8.585000 2.002000 N
156 8 -0.289000 -9.038000 0.025000 N
157 8 -1.378000 -9.228000 -0.686000 C
158 8 -2.756000 -9.054000 -0.143000 N
159 8 -2.828000 -8.628000 1.149000 C
160 9 -8.620000 -10.945000 0.908000 P
161 9 -9.810000 -10.338000 0.731000 O
162 9 -8.548000 -11.844000 1.964000 O
163 9 -8.265000 -11.666000 -0.441000 O
164 9 -8.327000 -11.066000 -1.665000 C
165 9 -7.362000 -11.695000 -2.621000 C
166 9 -6.084000 -11.500000 -2.134000 O
167 9 -7.560000 -13.174000 -2.855000 C
168 9 -7.631000 -13.386000 -4.230000 O
169 9 -6.348000 -13.786000 -2.208000 C
170 9 -5.343000 -12.667000 -2.256000 C
171 9 -4.396000 -12.733000 -1.148000 N
172 9 -3.057000 -12.825000 -1.406000 C
173 9 -2.637000 -13.059000 -2.513000 O
174 9 -2.170000 -12.615000 -0.418000 N
175 9 -2.588000 -12.483000 0.828000 C
176 9 -1.689000 -12.176000 1.748000 N
177 9 -3.971000 -12.467000 1.140000 C
178 9 -4.828000 -12.598000 0.123000 C
179 10 -7.873000 -14.801000 -4.895000 P
180 10 -8.327000 -14.571000 -6.256000 O
181 10 -8.753000 -15.559000 -4.040000 O
182 10 -6.482000 -15.532000 -4.960000 O
183 10 -5.510000 -15.106000 -5.817000 C
184 10 -4.196000 -15.756000 -5.536000 C
185 10 -3.736000 -15.433000 -4.276000 O
186 10 -4.204000 -17.235001 -5.613000 C
187 10 -3.221000 -17.669001 -6.428000 O
188 10 -3.885000 -17.639999 -4.217000 C
189 10 -3.077000 -16.503000 -3.733000 C
190 10 -2.971000 -16.385000 -2.296000 N
191 10 -3.968000 -16.252001 -1.402000 C
192 10 -3.570000 -15.966000 -0.215000 N
193 10 -2.202000 -15.938000 -0.323000 C
194 10 -1.226000 -15.661000 0.642000 C
195 10 -1.386000 -15.337000 1.791000 O
196 10 0.047000 -15.751000 0.158000 N
197 10 0.343000 -16.094000 -1.120000 C
198 10 1.616000 -16.183001 -1.453000 N
199 10 -0.577000 -16.334000 -2.037000 N
200 10 -1.827000 -16.232000 -1.582000 C
202 11 7.450000 -16.082001 5.280000 O
203 11 8.094000 -16.059000 4.537000 C
204 11 7.590000 -16.233999 3.203000 C
205 11 6.256000 -16.208000 3.237000 O
206 11 8.049000 -15.204000 2.263000 C
207 11 8.665000 -15.798000 1.206000 O
208 11 6.796000 -14.526000 1.884000 C
209 11 5.774000 -15.558000 2.141000 C
210 11 4.461000 -15.028000 2.395000 N
211 11 3.470000 -15.262000 1.531000 C
212 11 3.686000 -15.795000 0.492000 O
213 11 2.218000 -14.912000 1.830000 N
214 11 1.954000 -14.293000 2.937000 C
215 11 0.703000 -14.005000 3.224000 N
216 11 2.968000 -13.972000 3.820000 C
217 11 4.193000 -14.367000 3.504000 C
218 12 9.421000 -15.012000 0.114000 P
219 12 10.352000 -15.861000 -0.483000 O
220 12 9.903000 -13.833000 0.681000 O
221 12 8.404000 -14.628000 -0.992000 O
222 12 8.011000 -15.531000 -1.924000 C
223 12 7.009000 -14.944000 -2.828000 C
224 12 5.868000 -14.662000 -2.119000 O
225 12 7.474000 -13.697000 -3.492000 C
226 12 7.331000 -13.857000 -4.858000 O
227 12 6.576000 -12.662000 -2.886000 C
228 12 5.366000 -13.462000 -2.565000 C
229 12 4.540000 -12.859000 -1.530000 N
230 12 4.941000 -12.301000 -0.364000 C
231 12 3.986000 -11.947000 0.417000 N
232 12 2.862000 -12.290000 -0.289000 C
233 12 1.513000 -12.136000 0.048000 C
234 12 1.056000 -11.672000 1.069000 O
235 12 0.659000 -12.542000 -0.946000 N
236 12 1.072000 -13.031000 -2.147000 C
237 12 0.151000 -13.352000 -3.040000 N
238 12 2.345000 -13.197000 -2.459000 N
239 12 3.188000 -12.819000 -1.492000 C
240 13 7.715000 -12.767000 -5.902000 P
241 13 8.065000 -13.455000 -7.117000 O
242 13 8.686000 -11.880000 -5.335000 O
243 13 6.410000 -11.946000 -6.145000 O
244 13 5.305000 -12.562000 -6.652000 C
245 13 4.040000 -11.851000 -6.281000 C
246 13 3.943000 -11.630000 -4.914000 O
247 13 3.833000 -10.522000 -6.946000 C
248 13 3.004000 -10.717000 -8.025000 O
249 13 3.262000 -9.674000 -5.846000 C
250 13 3.015000 -10.614000 -4.710000 C
251 13 3.102000 -10.001000 -3.390000 N
252 13 1.976000 -9.714000 -2.675000 C
253 13 0.848000 -9.863000 -3.080000 O
254 13 2.176000 -9.245000 -1.403000 N
255 13 3.385000 -8.992000 -0.814000 C
256 13 3.407000 -8.606000 0.332000 O
257 13 4.502000 -9.266000 -1.648000 C
258 13 5.869000 -8.983000 -1.156000 C
259 13 4.321000 -9.759000 -2.875000 C
260 14 2.573000 -9.565000 -9.021000 P
261 14 2.088000 -10.190000 -10.199000 O
262 14 3.643000 -8.647000 -9.173000 O
263 14 1.380000 -8.799000 -8.357000 O
264 14 0.192000 -9.423000 -8.130000 C
265 14 -0.680000 -8.601000 -7.256000 C
266 14 -0.153000 -8.509000 -5.975000 O
267 14 -0.900000 -7.216000 -7.788000 C
268 14 -2.246000 -6.974000 -7.817000 O
269 14 -0.162000 -6.413000 -6.756000 C
270 14 -0.412000 -7.224000 -5.507000 C
271 14 0.460000 -6.835000 -4.401000 N
272 14 1.796000 -6.593000 -4.430000 C
273 14 2.317000 -6.293000 -3.287000 N
274 14 1.230000 -6.277000 -2.438000 C
275 14 1.075000 -5.987000 -1.086000 C
276 14 2.072000 -5.723000 -0.251000 N
277 14 -0.149000 -6.000000 -0.568000 N
278 14 -1.172000 -6.270000 -1.346000 C
279 14 -1.156000 -6.614000 -2.612000 N
280 14 0.091000 -6.578000 -3.115000 C
281 15 -2.884000 -5.695000 -8.472000 P
282 15 -3.829000 -6.112000 -9.331000 O
283 15 -1.931000 -4.881000 -8.996000 O
284 15 -3.555000 -4.898000 -7.394000 O
285 15 -4.450000 -5.334000 -6.476000 C
286 15 -4.427000 -4.499000 -5.246000 C
287 15 -3.216000 -4.649000 -4.586000 O
288 15 -4.608000 -3.030000 -5.479000 C
289 15 -5.894000 -2.615000 -5.263000 O
290 15 -3.650000 -2.452000 -4.536000 C
291 15 -3.130000 -3.580000 -3.724000 C
292 15 -1.780000 -3.351000 -3.209000 N
293 15 -0.561000 -3.420000 -3.809000 C
294 15 0.442000 -3.206000 -3.018000 N
295 15 -0.158000 -2.950000 -1.804000 C
296 15 0.325000 -2.642000 -0.533000 C
297 15 1.619000 -2.541000 -0.242000 N
298 15 -0.543000 -2.444000 0.454000 N
299 15 -1.831000 -2.537000 0.203000 C
300 15 -2.416000 -2.812000 -0.941000 N
301 15 -1.513000 -3.014000 -1.916000 C
302 16 -6.445000 -1.185000 -5.606000 P
303 16 -7.860000 -1.259000 -5.722000 O
304 16 -5.735000 -0.724000 -6.748000 O
305 16 -6.130000 -0.239000 -4.400000 O
306 16 -6.809000 -0.346000 -3.221000 C
307 16 -6.210000 0.455000 -2.119000 C
308 16 -4.915000 0.000000 -1.855000 O
309 16 -6.070000 1.892000 -2.503000 C
310 16 -6.778000 2.689000 -1.646000 O
311 16 -4.620000 2.145000 -2.235000 C
312 16 -4.221000 1.055000 -1.297000 C
313 16 -2.772000 0.847000 -1.301000 N
314 16 -1.987000 0.377000 -2.291000 C
315 16 -0.729000 0.304000 -2.001000 N
316 16 -0.678000 0.755000 -0.713000 C
317 16 0.357000 0.927000 0.198000 C
318 16 1.624000 0.652000 -0.054000 N
319 16 0.076000 1.397000 1.397000 N
320 16 -1.162000 1.715000 1.677000 C
321 16 -2.220000 1.615000 0.907000 N
322 16 -1.914000 1.109000 -0.285000 C
323 17 -8.080000 3.288000 -1.698000 P
324 17 -9.029000 2.368000 -1.525000 O
325 17 -8.149000 4.014000 -2.886000 O
326 17 -8.166000 4.223000 -0.473000 O
327 17 -8.131000 3.860000 0.831000 C
328 17 -7.015000 4.494000 1.589000 C
329 17 -5.800000 4.179000 1.038000 O
330 17 -7.063000 5.982000 1.739000 C
331 17 -7.257000 6.275000 3.057000 O
332 17 -5.715000 6.383000 1.263000 C
333 17 -4.898000 5.164000 1.408000 C
334 17 -3.696000 5.151000 0.603000 N
335 17 -3.540000 5.228000 -0.743000 C
336 17 -2.329000 5.089000 -1.148000 N
337 17 -1.625000 4.940000 0.026000 C
338 17 -0.280000 4.765000 0.314000 C
339 17 0.650000 4.664000 -0.620000 N
340 17 0.119000 4.749000 1.580000 N
341 17 -0.788000 4.835000 2.520000 C
342 17 -2.081000 4.964000 2.391000 N
343 17 -2.447000 5.012000 1.100000 C
344 18 -7.628000 7.700000 3.627000 P
345 18 -8.650000 7.541000 4.567000 O
346 18 -7.907000 8.560000 2.567000 O
347 18 -6.398000 8.264000 4.375000 O
348 18 -6.020000 7.753000 5.554000 C
349 18 -4.654000 8.124000 5.914000 C
350 18 -3.813000 7.673000 4.917000 O
351 18 -4.420000 9.580000 6.157000 C
352 18 -3.990000 9.794000 7.457000 O
353 18 -3.363000 9.900000 5.137000 C
354 18 -2.757000 8.567000 4.803000 C
355 18 -2.235000 8.523000 3.437000 N
356 18 -2.931000 8.484000 2.273000 C
357 18 -2.186000 8.303000 1.233000 N
358 18 -0.901000 8.219000 1.718000 C
359 18 0.273000 8.006000 1.002000 C
360 18 0.297000 7.862000 -0.317000 N
361 18 1.440000 7.908000 1.626000 N
362 18 1.472000 8.104000 2.925000 C
363 18 0.257000 8.408000 3.730000 N
364 18 -0.932000 8.397000 3.065000 C
365 19 -3.945000 11.223000 8.131000 P
366 19 -3.908000 11.046000 9.575000 O
367 19 -5.033000 12.018000 7.615000 O
368 19 -2.592000 11.917000 7.703000 O
369 19 -1.410000 11.649000 8.353000 C
370 19 -0.221000 12.144000 7.584000 C
371 19 -0.199000 11.560000 6.326000 O
372 19 -0.136000 13.617000 7.363000 C
373 19 0.835000 14.121000 8.124000 O
374 19 0.130000 13.751000 5.911000 C
375 19 0.511000 12.381000 5.460000 C
376 19 0.149000 12.100000 4.079000 N
377 19 1.117000 11.726000 3.206000 C
378 19 2.256000 11.588000 3.552000 O
379 19 0.804000 11.436000 1.932000 N
380 19 -0.439000 11.552000 1.513000 C
381 19 -0.690000 11.248000 0.253000 N
382 19 -1.483000 11.856000 2.418000 C
383 19 -1.135000 12.123000 3.679000 C
384 20 1.252000 15.600000 8.086000 P
385 20 1.831000 15.874000 9.346000 O
386 20 0.158000 16.386000 7.711000 O
387 20 2.320000 15.765000 6.963000 O
388 20 3.477000 15.235000 7.096000 C
389 20 4.297000 15.340000 5.863000 C
390 20 3.739000 14.756000 4.849000 O
391 20 4.599000 16.645000 5.389000 C
392 20 5.729000 16.875999 5.185000 O
393 20 4.091000 16.840000 4.177000 C
394 20 3.937000 15.480000 3.722000 C
395 20 2.850000 15.283000 2.827000 N
396 20 1.546000 15.333000 3.095000 C
397 20 0.807000 15.007000 2.121000 N
398 20 1.688000 14.752000 1.117000 C
399 20 1.469000 14.341000 -0.189000 C
400 20 0.430000 14.081000 -0.708000 O
401 20 2.604000 14.240000 -0.920000 N
402 20 3.828000 14.497000 -0.427000 C
403 20 4.847000 14.385000 -1.237000 N
404 20 4.041000 14.834000 0.815000 N
405 20 2.937000 14.949000 1.534000 C
