255 640
0 2
0 3
0 4
0 5
1 5
2 3
2 4
3 4
4 6
4 7
4 8
5 7
5 8
5 9
6 9
6 10
6 11
6 12
7 8
7 10
7 11
7 13
7 14
8 11
8 12
8 13
8 24
8 26
8 27
9 10
9 11
9 25
9 26
9 27
9 28
10 13
10 22
10 23
11 12
12 14
12 22
12 23
13 15
13 16
13 22
14 16
14 23
15 17
15 18
15 23
16 18
16 19
16 20
16 22
17 20
17 22
17 23
18 19
19 21
19 22
19 23
20 23
21 22
24 28
25 26
25 27
25 28
26 27
27 29
27 30
27 31
27 37
28 30
28 31
28 32
29 32
29 33
29 34
29 35
30 31
30 33
30 34
30 36
30 37
31 34
31 35
31 36
31 47
31 49
32 33
32 34
32 48
32 49
32 50
32 51
33 36
34 35
35 37
35 45
35 46
36 38
36 39
36 45
37 39
37 46
38 40
38 41
38 46
39 41
39 42
39 43
39 45
40 43
40 45
40 46
41 42
42 44
42 45
42 46
43 46
44 45
47 51
48 49
48 50
48 51
49 50
50 52
50 53
50 54
51 53
51 54
51 55
52 55
52 56
52 57
52 58
53 54
53 56
53 57
53 59
53 60
54 57
54 58
54 59
54 69
54 72
55 56
55 57
55 70
55 71
55 72
56 59
56 72
57 58
58 60
58 67
58 68
59 61
59 62
59 67
60 62
60 68
61 63
61 64
61 68
62 64
62 65
62 66
62 67
63 66
63 67
63 68
64 65
65 67
65 68
66 68
69 73
70 71
70 72
71 72
71 73
72 74
72 75
73 75
73 76
73 77
74 77
74 78
74 79
74 80
75 76
75 78
75 79
75 81
75 88
76 79
76 80
76 81
76 89
76 91
76 92
77 78
77 79
77 90
77 91
77 92
77 93
78 81
78 82
78 83
79 80
80 82
80 83
80 88
81 83
81 84
81 85
81 87
82 85
82 87
82 88
83 84
84 86
84 87
84 88
85 88
86 87
89 93
90 91
90 92
90 93
91 92
92 94
92 95
92 96
93 95
93 96
93 97
94 97
94 98
94 99
94 100
95 96
95 98
95 99
95 101
95 108
96 99
96 100
96 101
96 109
96 111
97 98
97 99
97 110
97 111
97 112
98 101
98 102
98 103
99 100
100 102
100 103
100 108
101 103
101 104
101 105
101 107
102 105
102 107
102 108
103 104
104 106
104 107
104 108
105 108
106 107
109 113
110 111
110 112
110 113
111 112
112 114
112 115
112 116
113 115
113 116
114 117
114 118
114 119
114 120
115 116
115 118
115 119
115 121
115 128
116 119
116 120
116 121
116 129
116 131
117 118
117 119
117 130
117 131
117 132
117 133
118 121
118 122
118 123
119 120
120 122
120 123
120 128
121 123
121 124
121 125
121 127
122 125
122 127
122 128
123 124
124 126
124 127
124 128
125 128
126 127
129 133
130 131
130 132
130 133
131 132
132 134
132 135
132 136
133 135
133 136
134 137
134 138
134 139
134 140
135 136
135 138
135 139
135 141
135 148
136 139
136 140
136 141
136 149
136 151
136 152
137 138
137 139
137 150
137 151
137 152
138 141
138 142
138 143
139 140
140 142
140 143
140 148
141 143
141 144
141 145
141 147
142 145
142 147
142 148
143 144
144 146
144 147
144 148
145 148
146 147
149 153
150 151
150 152
151 152
151 153
152 154
152 155
153 155
153 156
153 157
154 157
154 158
154 159
154 160
154 161
155 156
155 158
155 159
155 161
155 162
156 159
156 160
156 161
156 172
156 174
156 175
157 158
157 159
157 173
157 174
157 175
157 176
158 161
158 170
158 171
159 160
160 162
160 170
160 171
161 163
161 164
161 170
162 164
162 171
163 165
163 166
163 171
164 166
164 167
164 168
164 170
165 168
165 170
165 171
166 167
167 169
167 170
167 171
168 171
169 170
172 176
173 174
173 175
173 176
174 175
175 177
175 178
175 179
176 178
176 179
177 180
177 181
177 182
177 183
178 179
178 181
178 182
178 184
178 185
179 182
179 183
179 184
179 195
179 197
180 181
180 182
180 196
180 197
180 198
180 199
181 184
181 194
182 183
183 185
183 193
183 194
184 186
184 187
184 193
185 187
185 194
186 188
186 189
186 194
187 189
187 190
187 191
187 193
188 191
188 193
188 194
189 190
190 192
190 193
190 194
190 211
191 194
192 193
195 199
196 197
196 198
196 199
197 198
198 200
198 201
198 202
199 201
199 202
199 203
200 203
200 204
200 205
200 206
201 202
201 204
201 205
201 207
201 214
202 205
202 206
202 207
202 215
202 217
203 204
203 205
203 216
203 217
203 218
203 219
204 207
204 208
204 209
205 206
206 208
206 209
206 214
207 209
207 210
207 211
207 213
208 211
208 213
208 214
209 210
210 212
210 213
210 214
211 214
212 213
215 219
216 217
216 218
216 219
217 218
218 220
218 221
218 222
219 221
219 222
220 223
220 224
220 225
220 226
221 222
221 224
221 225
221 227
221 234
222 225
222 226
222 227
222 235
222 237
223 224
223 225
223 236
223 237
223 238
224 227
224 228
224 229
225 226
226 228
226 229
226 234
227 229
227 230
227 231
227 233
228 231
228 233
228 234
229 230
230 232
230 233
230 234
231 234
232 233
235 239
236 237
236 238
236 239
237 238
238 240
238 241
238 242
239 241
239 242
239 243
240 243
240 244
240 245
240 246
241 242
241 244
241 245
241 247
241 254
242 245
242 246
242 247
243 244
243 245
244 247
244 248
244 249
245 246
246 248
246 249
246 254
247 249
247 250
247 251
247 253
248 251
248 253
248 254
249 250
250 252
250 253
250 254
251 254
252 253
1 1 8.893000 36.411999 2.241000 O
2 1 7.818000 35.668999 1.255000 P
3 1 7.212000 34.571999 2.181000 O
4 1 8.815000 35.216999 0.149000 O
5 1 6.644000 36.702000 1.016000 O
6 1 7.092000 38.057999 0.866000 C
7 1 5.804000 38.800999 0.627000 C
8 1 4.892000 38.123001 -0.209000 O
9 1 5.043000 38.993999 1.942000 C
10 1 5.763000 39.897999 2.778000 O
11 1 3.635000 39.317001 1.434000 C
12 1 3.696000 40.673000 1.016000 O
13 1 3.585000 38.381001 0.239000 C
14 1 3.047000 37.056999 0.627000 N
15 1 3.596000 35.862999 0.388000 C
16 1 2.791000 34.895000 0.777000 N
17 1 1.637000 35.507999 1.225000 C
18 1 0.424000 34.992001 1.703000 C
19 1 0.070000 33.828999 1.882000 O
20 1 -0.490000 35.959999 1.972000 N
21 1 -0.254000 37.283001 1.852000 C
22 1 -1.289000 38.026001 2.241000 N
23 1 0.862000 37.832001 1.404000 N
24 1 1.779000 36.863998 1.075000 C
25 2 5.596000 39.608002 4.451000 P
26 2 6.561000 40.705002 4.660000 O
27 2 5.940000 38.154999 4.451000 O
28 2 4.184000 40.188999 4.720000 O
29 2 3.755000 41.577000 4.511000 C
30 2 2.348000 41.640999 5.049000 C
31 2 1.451000 40.834000 4.302000 O
32 2 2.253000 41.060001 6.453000 C
33 2 2.754000 41.964001 7.438000 O
34 2 0.753000 40.770000 6.572000 C
35 2 0.102000 42.028999 6.572000 O
36 2 0.504000 40.221001 5.168000 C
37 2 0.754000 38.768002 5.138000 N
38 2 1.814000 38.057999 4.660000 C
39 2 1.672000 36.766998 4.810000 N
40 2 0.362000 36.638000 5.317000 C
41 2 -0.402000 35.507999 5.646000 C
42 2 -0.086000 34.346001 5.467000 O
43 2 -1.618000 35.765999 6.184000 N
44 2 -2.070000 37.025002 6.393000 C
45 2 -3.268000 37.153999 6.961000 N
46 2 -1.403000 38.123001 6.094000 N
47 2 -0.204000 37.863998 5.527000 C
48 3 3.351000 41.222000 8.783000 P
49 3 3.583000 42.544998 9.440000 O
50 3 4.273000 40.155998 8.723000 O
51 3 1.983000 40.801998 9.649000 O
52 3 0.993000 41.834999 9.918000 C
53 3 -0.098000 41.028000 10.605000 C
54 3 -0.735000 40.188999 9.649000 O
55 3 0.321000 40.091999 11.710000 C
56 3 0.677000 40.834000 12.905000 O
57 3 -0.907000 39.155998 11.770000 C
58 3 -1.886000 39.897999 12.517000 O
59 3 -1.327000 39.027000 10.336000 C
60 3 -0.682000 37.832001 9.739000 N
61 3 0.523000 37.896999 9.052000 C
62 3 0.960000 36.702000 8.753000 N
63 3 0.012000 35.831001 9.291000 C
64 3 -0.152000 34.443001 9.141000 C
65 3 0.664000 33.570999 8.574000 N
66 3 -1.260000 33.925999 9.798000 N
67 3 -2.120000 34.701000 10.486000 C
68 3 -2.008000 35.992001 10.545000 N
69 3 -1.033000 36.508999 9.858000 C
70 4 1.691000 40.221001 13.981000 P
71 4 1.615000 41.254002 15.026000 O
72 4 2.938000 39.737000 13.563000 O
73 4 0.763000 39.155998 14.489000 O
74 4 1.163000 37.993999 15.235000 C
75 4 -0.027000 37.056999 15.295000 C
76 4 -0.356000 36.638000 13.951000 O
77 4 0.394000 35.765999 16.011999 C
78 4 0.277000 35.928001 17.445999 O
79 4 -0.510000 34.733002 15.385000 C
80 4 -1.733000 34.830002 16.042000 O
81 4 -0.662000 35.216999 13.951000 C
82 4 0.379000 34.571999 13.114000 N
83 4 0.162000 33.248001 12.875000 C
84 4 -0.800000 32.634998 13.324000 O
85 4 1.029000 32.570999 12.069000 N
86 4 2.088000 33.216000 11.591000 C
87 4 2.928000 32.441002 10.934000 N
88 4 2.288000 34.604000 11.800000 C
89 4 1.386000 35.250000 12.547000 C
90 5 1.474000 35.379002 18.312000 P
91 5 0.982000 35.668999 19.627001 O
92 5 2.799000 35.605000 17.893999 O
93 5 1.240000 33.764999 18.044001 O
94 5 0.163000 32.958000 18.492001 C
95 5 0.266000 31.538000 18.014000 C
96 5 0.190000 31.473000 16.580000 O
97 5 1.509000 30.763000 18.372000 C
98 5 1.529000 30.408001 19.775999 O
99 5 1.450000 29.632999 17.356001 C
100 5 0.526000 28.697001 17.805000 O
101 5 0.905000 30.311001 16.101999 C
102 5 2.002000 30.795000 15.295000 N
103 5 2.674000 29.858999 14.548000 C
104 5 2.347000 28.697001 14.578000 O
105 5 3.764000 30.246000 13.861000 N
106 5 4.203000 31.570000 13.891000 C
107 5 5.269000 31.764000 13.294000 O
108 5 3.472000 32.506001 14.668000 C
109 5 2.437000 32.085999 15.385000 C
110 6 2.910000 29.827000 20.433001 P
111 6 2.564000 30.084999 21.867001 O
112 6 4.125000 30.214001 19.896000 O
113 6 2.683000 28.212999 20.374001 O
114 6 1.659000 27.372999 20.910999 C
115 6 2.037000 25.952999 20.643000 C
116 6 1.941000 25.726999 19.238001 O
117 6 3.475000 25.598000 20.941000 C
118 6 3.783000 25.372000 22.315001 O
119 6 3.733000 24.371000 20.075001 C
120 6 3.008000 23.337999 20.732000 O
121 6 2.959000 24.791000 18.820000 C
122 6 3.912000 25.372000 17.834000 N
123 6 4.640000 24.468000 17.117001 C
124 6 4.509000 23.274000 17.416000 O
125 6 5.517000 24.920000 16.132000 N
126 6 5.662000 26.243999 15.923000 C
127 6 6.476000 26.566000 15.026000 O
128 6 4.913000 27.146999 16.669001 C
129 6 4.040000 26.728001 17.594999 C
130 7 5.223000 25.759001 22.943001 P
131 7 4.825000 25.629999 24.287001 O
132 7 5.879000 26.986000 22.495001 O
133 7 6.126000 24.500999 22.525000 O
134 7 5.777000 23.177000 22.973000 C
135 7 6.661000 22.273001 22.195999 C
136 7 6.429000 22.402000 20.822001 O
137 7 8.171000 22.531000 22.226000 C
138 7 8.855000 22.047001 23.391001 O
139 7 8.678000 21.789000 21.000999 C
140 7 8.791000 20.433001 21.389000 O
141 7 7.564000 22.047001 20.014999 C
142 7 7.933000 23.242001 19.209000 N
143 7 8.757000 22.951000 18.132999 C
144 7 9.244000 21.854000 17.983999 O
145 7 9.123000 24.016001 17.386000 N
146 7 8.689000 25.275000 17.625000 C
147 7 9.250000 26.146999 16.819000 N
148 7 7.883000 25.533001 18.731001 C
149 7 7.440000 24.500999 19.476999 C
150 8 10.192000 22.983000 23.778999 P
151 8 10.212000 22.596001 25.183001 O
152 8 10.041000 24.371000 23.391001 O
153 8 11.209000 22.080000 23.032000 O
154 8 12.310000 22.822001 22.495001 C
155 8 12.793000 21.917999 21.358999 C
156 8 11.835000 22.112000 20.313999 O
157 8 14.100000 22.499001 20.910999 C
158 8 15.136000 21.757000 21.569000 O
159 8 14.066000 22.305000 19.417999 C
160 8 14.382000 20.950001 19.238001 O
161 8 12.589000 22.466999 19.118999 C
162 8 12.349000 23.919001 18.969999 N
163 8 11.541000 24.726000 19.746000 C
164 8 11.672000 25.985001 19.448000 N
165 8 12.517000 26.018000 18.341999 C
166 8 12.927000 27.051001 17.476000 C
167 8 12.656000 28.245001 17.535999 O
168 8 13.912000 26.663000 16.610001 N
169 8 14.231000 25.372000 16.371000 C
170 8 15.108000 25.177999 15.385000 N
171 8 13.754000 24.339001 17.058001 N
172 8 12.954000 24.726000 18.044001 C
173 9 16.301001 22.531000 22.315001 P
174 9 16.919001 21.337000 22.913000 O
175 9 15.785000 23.629000 23.003000 O
176 9 17.250000 22.919001 21.061001 O
177 9 17.820000 22.014999 20.075001 C
178 9 18.620001 22.854000 19.089001 C
179 9 17.673000 23.434999 18.193001 O
180 9 19.391001 24.016001 19.687000 C
181 9 20.643000 23.726000 20.254000 O
182 9 19.455999 24.952000 18.492001 C
183 9 20.441000 24.339001 17.625000 O
184 9 18.114000 24.759001 17.834000 C
185 9 17.219000 25.726999 18.462000 N
186 9 16.195000 25.469000 19.327999 C
187 9 15.637000 26.566000 19.746000 N
188 9 16.177000 27.599001 18.969999 C
189 9 15.933000 28.987000 18.879999 C
190 9 15.061000 29.665001 19.417999 O
191 9 16.799000 29.698000 18.073000 N
192 9 17.775000 29.084000 17.386000 C
193 9 18.617001 29.858999 16.669001 N
194 9 17.983999 27.792999 17.416000 N
195 9 17.193001 27.083000 18.223000 C
196 10 21.326000 24.629999 21.419001 P
197 10 22.427000 23.726000 21.598000 O
198 10 20.393999 25.082001 22.375000 O
199 10 21.903999 25.889000 20.643000 O
200 10 22.881001 25.792000 19.566999 C
201 10 23.164000 27.146999 18.940001 C
202 10 21.930000 27.695999 18.402000 O
203 10 23.607000 28.180000 19.955000 C
204 10 24.983000 28.051001 20.344000 O
205 10 23.245001 29.438999 19.209000 C
206 10 24.254000 29.535999 18.253000 O
207 10 21.941000 29.117001 18.551001 C
208 10 20.730000 29.438999 19.358000 N
209 10 20.347000 30.763000 19.358000 C
210 10 20.989000 31.634001 18.820000 O
211 10 19.216000 31.150000 20.105000 N
212 10 18.493999 30.214001 20.702000 C
213 10 17.540001 30.731001 21.358999 O
214 10 18.947001 28.891001 20.822001 C
215 10 20.058001 28.535999 20.105000 C
216 11 25.320000 28.438999 21.896999 P
217 11 26.677000 27.922001 21.927000 O
218 11 24.292999 28.084000 22.823000 O
219 11 25.417000 30.084999 21.867001 O
220 11 26.254999 30.763000 20.882000 C
221 11 25.834000 32.215000 20.882000 C
222 11 24.503000 32.248001 20.374001 O
223 11 25.763000 32.958000 22.195999 C
224 11 27.014000 33.345001 22.764000 O
225 11 24.804001 34.088001 21.867001 C
226 11 25.594999 34.959000 21.061001 O
227 11 23.861000 33.410000 20.910999 C
228 11 22.667000 32.990002 21.747999 N
229 11 21.823000 33.991001 22.136000 C
230 11 22.034000 35.153000 21.778000 O
231 11 20.695000 33.667999 22.823000 N
232 11 20.462999 32.376999 23.212000 C
233 11 19.299999 32.054001 23.839001 N
234 11 21.381001 31.375999 22.882999 C
235 11 22.525999 31.731001 22.226000 C
236 12 27.254000 33.216000 24.347000 P
237 12 28.742001 33.377998 24.077999 O
238 12 26.844999 31.860001 24.825001 O
239 12 26.542999 34.377998 25.094000 O
240 12 26.988001 35.734001 25.004000 C
241 12 25.855000 36.669998 25.422001 C
242 12 24.625000 36.380001 24.825001 O
243 12 25.527000 36.605999 26.886000 C
244 12 26.533001 37.090000 27.752001 O
245 12 24.146000 37.316002 26.945999 C
246 12 24.507999 38.703999 26.976000 O
247 12 23.546000 36.831001 25.660999 C
248 12 22.631001 35.702000 25.930000 N
249 12 21.398001 36.056999 26.438000 C
250 12 21.065001 37.219002 26.587000 O
251 12 20.521999 35.056000 26.707001 N
252 12 20.858999 33.764999 26.497999 C
253 12 19.875999 32.958000 26.976000 N
254 12 22.148001 33.377998 26.020000 C
255 12 22.968000 34.377998 25.721001 C
