272 713
0 2
1 3
1 4
2 5
2 6
2 7
2 18
3 4
3 6
3 8
3 15
4 7
4 19
5 6
5 20
5 21
5 22
5 23
6 8
7 9
7 10
7 15
8 10
8 11
8 12
8 14
9 12
9 14
9 15
9 32
9 269
10 11
10 31
10 32
10 269
10 271
11 13
11 14
11 15
11 17
11 269
12 15
12 16
13 14
13 262
14 16
17 262
19 23
20 21
20 22
21 22
22 24
22 26
23 25
23 26
23 28
23 29
24 27
24 28
24 29
25 26
25 27
25 28
25 30
25 31
26 29
26 44
26 46
27 28
27 45
27 46
27 47
28 30
29 31
29 39
29 40
30 32
30 33
30 39
30 271
31 33
31 40
32 34
32 35
32 40
33 35
33 36
33 37
33 39
34 37
34 39
34 40
34 41
34 245
35 36
35 41
35 245
36 38
36 39
36 40
36 43
36 239
36 245
37 40
37 41
37 42
37 43
38 39
38 41
38 238
39 42
39 43
39 265
39 270
39 271
40 265
40 271
41 43
41 237
41 238
41 239
41 240
41 241
41 245
43 237
43 239
44 48
45 46
45 47
45 48
46 47
47 49
47 50
48 50
48 51
48 53
49 52
49 53
49 54
50 51
50 52
50 53
50 55
51 54
51 69
52 53
52 54
52 70
52 71
52 72
52 73
53 55
54 56
54 64
54 65
55 57
55 58
55 64
56 58
56 65
57 59
57 60
57 65
57 85
58 60
58 61
58 62
58 64
58 89
59 62
59 64
59 65
59 66
59 89
59 202
59 203
59 224
60 61
60 66
60 202
60 220
61 63
61 64
61 65
61 68
61 197
61 202
61 203
61 218
62 65
62 66
62 67
62 68
62 82
62 203
63 64
63 66
63 203
63 217
64 67
64 81
64 82
65 83
65 89
66 68
66 196
66 197
66 202
66 203
66 216
66 217
66 219
66 224
68 198
68 203
68 216
68 218
69 73
70 71
70 72
71 72
72 74
72 76
72 78
73 75
73 76
74 77
74 78
74 79
75 76
75 77
75 78
75 80
75 81
75 82
75 88
76 79
76 90
76 91
76 92
77 78
77 79
77 91
77 92
77 93
77 102
78 80
78 88
78 103
79 81
79 82
79 88
80 82
80 83
80 84
80 86
81 84
81 86
81 88
81 89
81 203
82 83
82 89
82 197
82 198
82 203
83 85
83 86
83 88
83 203
84 87
84 88
85 86
85 87
85 89
87 88
89 197
89 202
89 203
90 94
91 92
91 93
92 93
92 94
93 95
93 96
94 96
94 97
94 99
94 100
95 98
95 99
95 100
96 97
96 98
96 99
96 101
96 102
97 100
97 115
97 116
97 117
98 99
98 100
98 116
98 117
98 118
98 121
99 101
99 102
100 102
100 110
100 111
101 103
101 104
101 110
102 104
102 111
103 105
103 106
103 111
104 106
104 107
104 108
104 110
105 108
105 110
105 111
105 112
105 180
106 107
106 112
106 176
106 180
107 109
107 110
107 111
107 114
107 180
108 111
108 112
108 113
108 114
109 110
109 112
110 113
110 114
112 114
112 174
112 175
112 176
112 180
114 173
114 174
115 119
116 117
116 118
116 119
117 118
118 120
118 121
118 122
119 121
119 122
120 123
120 124
120 125
120 137
121 122
121 124
121 126
122 125
123 124
124 126
124 137
125 127
125 135
125 136
126 128
126 129
126 135
127 129
127 136
128 130
128 131
128 136
129 131
129 132
129 133
129 135
129 138
130 133
130 135
130 136
130 138
130 158
131 132
131 138
131 154
132 134
132 135
132 136
132 140
132 152
132 158
133 136
133 138
133 139
133 140
134 135
134 138
134 151
135 139
135 140
138 140
138 150
138 151
138 153
138 154
138 158
140 150
140 152
141 143
141 144
142 144
142 145
143 146
143 147
143 148
144 145
144 147
144 149
144 156
145 148
145 160
146 147
146 161
146 162
146 163
147 149
148 150
148 151
148 156
149 151
149 152
149 153
149 155
150 153
150 155
150 156
151 152
152 154
152 155
152 156
152 158
153 156
153 157
153 158
154 155
155 157
160 164
161 162
161 163
162 163
163 165
164 166
164 167
165 168
165 169
165 170
166 167
166 168
166 169
166 171
166 178
167 170
167 181
167 183
168 169
168 170
168 182
168 183
168 184
168 185
169 171
169 178
170 172
170 173
170 178
171 173
171 174
171 175
171 177
172 175
172 177
172 178
173 174
174 176
174 177
174 178
174 180
175 178
175 179
175 180
176 177
177 179
181 185
182 183
182 184
183 184
184 186
184 188
184 190
185 187
185 188
185 190
186 189
186 190
186 191
187 188
187 189
187 190
187 192
188 191
188 204
188 206
189 190
189 191
189 205
189 206
189 207
189 208
190 192
190 193
191 193
191 200
191 201
191 210
192 194
192 195
192 200
193 195
193 201
194 196
194 197
194 201
194 202
195 197
195 198
195 199
195 200
195 202
195 203
196 199
196 200
196 201
196 202
197 198
198 200
198 201
198 203
198 217
199 201
200 210
204 208
205 206
205 207
206 207
206 208
206 210
207 209
207 211
208 210
208 211
209 212
209 213
209 214
210 211
210 213
210 215
210 222
211 214
211 225
211 227
212 213
212 226
212 227
212 228
212 229
213 215
214 216
214 217
214 222
215 217
215 218
215 219
215 221
216 219
216 221
216 222
217 218
218 220
218 221
218 222
218 224
219 222
219 223
219 224
220 221
221 223
225 229
226 227
226 228
227 228
228 230
228 232
229 231
229 232
230 233
230 234
230 235
230 246
230 247
231 232
231 233
231 234
231 236
231 237
231 238
232 235
232 246
233 234
233 235
233 247
233 248
233 249
233 250
234 236
234 243
235 237
235 238
235 243
236 238
236 239
236 240
236 242
237 240
237 242
237 243
238 239
239 241
239 242
239 243
239 245
240 243
240 244
240 245
241 242
242 244
246 250
247 248
247 249
247 250
248 249
249 251
249 252
249 253
250 252
250 253
251 254
251 255
251 256
251 268
252 253
252 255
252 257
252 258
253 256
254 255
255 257
255 268
256 258
256 267
257 259
257 260
257 266
258 260
258 267
259 261
259 262
259 267
260 262
260 263
260 264
260 266
261 264
261 266
261 267
262 263
262 269
263 265
263 266
263 267
263 270
263 271
264 267
264 269
264 270
265 266
265 269
266 270
266 271
269 271
1 1 30.396999 -7.315000 4.838000 O
2 1 31.583000 -6.814000 4.216000 C
3 1 31.728001 -5.253000 3.945000 C
4 1 30.636999 -4.413000 3.383000 O
5 1 32.798000 -4.389000 4.759000 C
6 1 34.262001 -4.389000 4.302000 O
7 1 32.105999 -3.028000 4.489000 C
8 1 31.316999 -3.125000 3.208000 C
9 1 30.632999 -1.898000 2.649000 N
10 1 31.320000 -0.869000 1.974000 C
11 1 32.520000 -0.822000 1.755000 O
12 1 30.635000 0.173000 1.514000 N
13 1 29.316000 0.265000 1.678000 C
14 1 28.737000 1.355000 1.171000 N
15 1 28.572001 -0.750000 2.354000 C
16 1 29.297001 -1.792000 2.808000 C
17 1 27.735001 1.509000 1.245000 H
18 1 29.353001 2.012000 0.713000 H
19 1 30.298000 -6.769000 5.616000 H
20 2 35.750999 -4.348000 5.203000 P
21 2 36.035999 -5.697000 5.767000 O
22 2 35.644001 -3.202000 6.146000 O
23 2 37.066002 -4.032000 4.251000 O
24 2 36.868999 -3.153000 3.147000 C
25 2 37.973000 -2.205000 2.686000 C
26 2 37.213001 -1.137000 2.069000 O
27 2 38.798000 -1.534000 3.816000 C
28 2 40.104000 -0.979000 3.425000 O
29 2 37.842999 -0.441000 4.243000 C
30 2 37.039001 -0.095000 3.036000 C
31 2 35.647999 0.133000 3.435000 N
32 2 34.654999 -0.691000 3.840000 C
33 2 33.539001 -0.090000 4.111000 N
34 2 33.810001 1.228000 3.870000 C
35 2 32.986000 2.376000 3.985000 C
36 2 31.808001 2.456000 4.341000 O
37 2 33.709999 3.523000 3.624000 N
38 2 35.042999 3.527000 3.214000 C
39 2 35.674999 4.648000 2.882000 N
40 2 35.782001 2.436000 3.118000 N
41 2 35.102001 1.349000 3.457000 C
42 2 33.229000 4.403000 3.665000 H
43 2 36.637001 4.578000 2.592000 H
44 2 35.233002 5.542000 2.912000 H
45 3 41.507999 -1.369000 4.234000 P
46 3 42.581001 -1.660000 3.243000 O
47 3 41.146000 -2.432000 5.208000 O
48 3 42.029999 -0.034000 5.056000 O
49 3 42.817001 1.081000 4.506000 C
50 3 42.595001 2.553000 5.116000 C
51 3 41.154999 2.855000 5.217000 O
52 3 43.183998 2.896000 6.522000 C
53 3 43.271999 4.341000 6.799000 O
54 3 41.993999 2.355000 7.279000 C
55 3 40.757000 2.978000 6.603000 C
56 3 39.386002 2.498000 7.109000 N
57 3 38.992001 1.290000 7.693000 C
58 3 37.722000 1.222000 8.012000 N
59 3 37.214001 2.457000 7.624000 C
60 3 35.894001 2.992000 7.708000 C
61 3 34.854000 2.505000 8.149000 O
62 3 35.830002 4.281000 7.194000 N
63 3 36.882999 4.986000 6.664000 C
64 3 36.664001 6.218000 6.215000 N
65 3 38.109001 4.487000 6.587000 N
66 3 38.212002 3.234000 7.076000 C
67 3 34.923000 4.685000 7.236000 H
68 3 37.433998 6.745000 5.828000 H
69 3 35.756001 6.641000 6.250000 H
70 4 44.625000 5.271000 6.918000 P
71 4 45.432999 5.089000 5.688000 O
72 4 45.227001 5.099000 8.261000 O
73 4 44.064999 6.734000 6.839000 O
74 4 42.908001 7.049000 6.054000 C
75 4 41.787998 7.594000 6.907000 C
76 4 40.877998 6.693000 7.512000 O
77 4 42.408001 8.267000 8.044000 C
78 4 41.737999 9.480000 8.033000 O
79 4 42.148998 7.366000 9.203000 C
80 4 40.764999 6.929000 8.920000 C
81 4 40.320000 5.626000 9.443000 N
82 4 38.969002 5.499000 9.496000 C
83 4 38.208000 6.394000 9.142000 O
84 4 38.491001 4.289000 9.976000 N
85 4 39.230999 3.224000 10.398000 C
86 4 38.627998 2.226000 10.786000 O
87 4 40.657001 3.419000 10.319000 C
88 4 41.608002 2.291000 10.765000 C
89 4 41.146999 4.593000 9.853000 C
90 4 37.521000 4.095000 10.052000 H
91 5 42.846001 10.599000 7.807000 P
92 5 43.735001 10.230000 6.671000 O
93 5 43.441002 10.840000 9.145000 O
94 5 42.088001 11.976000 7.389000 O
95 5 41.964001 13.072000 8.344000 C
96 5 40.493999 13.306000 8.776000 C
97 5 39.883999 12.000000 8.929000 O
98 5 40.379002 14.102000 10.124000 C
99 5 39.056999 14.559000 10.494000 O
100 5 40.639999 12.934000 10.935000 C
101 5 39.706001 11.981000 10.283000 C
102 5 39.855999 10.723000 10.825000 N
103 5 40.912998 9.950000 11.010000 C
104 5 40.629002 8.828000 11.569000 N
105 5 39.268002 8.916000 11.744000 C
106 5 38.379002 8.022000 12.294000 C
107 5 38.634998 6.918000 12.758000 O
108 5 37.073002 8.530000 12.268000 N
109 5 36.688000 9.753000 11.770000 C
110 5 35.409000 10.094000 11.819000 N
111 5 37.547001 10.592000 11.250000 N
112 5 38.794998 10.098000 11.278000 C
113 5 36.348999 7.948000 12.646000 H
114 5 35.129002 10.994000 11.457000 H
115 5 34.730000 9.459000 12.215000 H
116 6 38.525002 15.920000 9.841000 P
117 6 38.226002 15.686000 8.413000 O
118 6 39.575001 16.898001 10.216000 O
119 6 37.111000 16.438999 10.458000 O
120 6 35.926998 15.665000 10.565000 C
121 6 35.866001 14.981000 11.927000 C
122 6 36.757000 13.858000 12.131000 O
123 6 36.214001 16.013000 13.040000 C
124 6 35.085999 16.806000 13.516000 O
125 6 36.888000 15.160000 14.119000 C
126 6 36.808998 13.723000 13.597000 C
127 6 37.752998 12.628000 14.045000 N
128 6 39.076000 12.442000 13.822000 C
129 6 39.639000 11.380000 14.337000 N
130 6 38.574001 10.802000 14.968000 C
131 6 38.542999 9.628000 15.704000 C
132 6 39.472000 8.856000 15.945000 O
133 6 37.272999 9.405000 16.167999 N
134 6 36.178001 10.212000 15.948000 C
135 6 35.005001 9.878000 16.459000 N
136 6 36.207001 11.320000 15.253000 N
137 6 37.431000 11.550000 14.797000 C
138 6 34.480999 16.198999 13.945000 H
139 6 37.164001 8.578000 16.709000 H
140 6 34.206001 10.474000 16.297001 H
141 6 34.897999 9.043000 17.004999 H
143 7 35.555000 1.547000 19.601999 O
144 7 34.248001 1.576000 20.214001 C
145 7 33.356998 2.823000 19.986000 C
146 7 34.183998 3.993000 20.202000 O
147 7 32.609001 2.905000 18.639000 C
148 7 31.155001 2.595000 18.809000 O
149 7 32.930000 4.394000 18.271999 C
150 7 34.145000 4.917000 19.106001 C
151 7 35.525002 5.261000 18.538000 N
152 7 35.664001 6.405000 17.761999 C
153 7 34.703999 7.133000 17.533001 O
154 7 36.898998 6.721000 17.245001 N
155 7 37.971001 5.946000 17.478001 C
156 7 39.143002 6.285000 16.961000 N
157 7 37.859001 4.763000 18.273001 C
158 7 36.638000 4.467000 18.773001 C
159 7 39.956001 5.741000 17.108999 H
160 7 39.273998 7.094000 16.400000 H
161 7 36.041000 0.854000 20.048000 H
162 8 30.160999 1.500000 17.997000 P
163 8 28.822001 1.447000 18.646999 O
164 8 30.938999 0.229000 17.917000 O
165 8 29.943001 2.095000 16.413000 O
166 8 28.966999 2.964000 15.685000 C
167 8 29.193001 4.584000 15.560000 C
168 8 30.531000 5.220000 15.828000 O
169 8 28.742001 5.247000 14.196000 C
170 8 28.223000 6.586000 14.286000 O
171 8 30.121000 5.620000 13.682000 C
172 8 30.959999 6.203000 14.812000 C
173 8 32.415001 6.065000 14.407000 N
174 8 33.214001 7.122000 13.924000 C
175 8 32.789001 8.265000 13.791000 O
176 8 34.516998 6.827000 13.598000 N
177 8 35.027000 5.563000 13.734000 C
178 8 36.286999 5.191000 13.440000 N
179 8 34.219002 4.508000 14.219000 C
180 8 32.952999 4.808000 14.533000 C
181 8 36.570999 4.231000 13.571000 H
182 8 36.978001 5.813000 13.093000 H
183 9 27.115999 7.269000 13.358000 P
184 9 26.201000 7.793000 14.371000 O
185 9 26.672001 6.328000 12.308000 O
186 9 27.854000 8.461000 12.639000 O
187 9 29.055000 9.100000 13.052000 C
188 9 29.521999 10.036000 11.949000 C
189 9 30.908001 9.863000 11.620000 O
190 9 28.884001 9.741000 10.620000 C
191 9 29.096001 10.926000 9.916000 O
192 9 29.645000 8.621000 10.064000 C
193 9 30.980000 9.119000 10.364000 C
194 9 31.907000 8.035000 10.346000 N
195 9 31.778999 6.795000 10.879000 C
196 9 32.798000 6.041000 10.693000 N
197 9 33.638000 6.878000 9.983000 C
198 9 34.869999 6.687000 9.483000 C
199 9 35.439999 5.542000 9.658000 N
200 9 35.491001 7.675000 8.816000 N
201 9 34.868999 8.823000 8.666000 C
202 9 33.668999 9.124000 9.110000 N
203 9 33.112999 8.089000 9.764000 C
204 9 35.091000 4.720000 10.131000 H
205 9 36.313999 5.623000 9.229000 H
206 10 28.507999 11.321000 8.526000 P
207 10 27.323000 12.122000 8.867000 O
208 10 28.461000 10.248000 7.562000 O
209 10 29.686001 12.277000 7.988000 O
210 10 31.113001 11.999000 7.739000 C
211 10 31.613001 10.871000 6.764000 C
212 10 31.423000 9.563000 7.273000 O
213 10 30.889000 10.766000 5.458000 C
214 10 31.605000 11.339000 4.328000 O
215 10 30.690001 9.254000 5.428000 C
216 10 31.754999 8.682000 6.256000 C
217 10 31.820999 7.289000 6.819000 N
218 10 32.980999 6.575000 6.682000 C
219 10 33.952999 7.052000 6.111000 O
220 10 33.062000 5.300000 7.196000 N
221 10 32.044998 4.722000 7.831000 C
222 10 32.139000 3.490000 8.322000 N
223 10 30.839001 5.447000 7.981000 C
224 10 30.798000 6.695000 7.463000 C
225 10 31.358999 3.068000 8.804000 H
226 10 32.997002 2.976000 8.211000 H
227 11 30.888000 12.467000 3.345000 P
228 11 30.938999 13.811000 3.998000 O
229 11 29.570999 11.873000 3.015000 O
230 11 31.719000 12.572000 1.941000 O
231 11 33.140999 12.556000 1.879000 C
232 11 33.699001 11.329000 1.164000 C
233 11 33.761002 10.072000 1.812000 O
234 11 33.173000 11.166000 -0.257000 C
235 11 34.240002 10.902000 -1.101000 O
236 11 32.435001 9.853000 -0.187000 C
237 11 33.134998 9.091000 0.947000 C
238 11 32.338001 8.127000 1.796000 N
239 11 33.047001 7.106000 2.440000 C
240 11 34.268002 6.995000 2.315000 O
241 11 32.363998 6.206000 3.228000 N
242 11 31.033001 6.287000 3.392000 C
243 11 30.421000 5.384000 4.175000 N
244 11 30.284000 7.338000 2.732000 C
245 11 30.974001 8.216000 1.959000 C
246 11 29.421000 5.425000 4.313000 H
247 11 30.966000 4.662000 4.626000 H
248 12 35.439999 11.907000 -1.400000 P
249 12 36.067001 12.579000 -0.207000 O
250 12 35.132999 12.644000 -2.663000 O
251 12 36.393002 10.663000 -1.673000 O
252 12 37.063999 9.983000 -0.576000 C
253 12 37.217999 8.496000 -0.883000 C
254 12 36.067001 7.666000 -0.622000 O
255 12 37.332001 8.332000 -2.366000 C
256 12 38.674999 7.911000 -2.613000 O
257 12 36.171001 7.398000 -2.765000 C
258 12 35.986000 6.523000 -1.530000 C
259 12 34.689999 5.849000 -1.121000 N
260 12 33.484001 6.452000 -1.163000 C
261 12 32.477001 5.741000 -0.768000 N
262 12 33.040001 4.517000 -0.414000 C
263 12 32.396000 3.335000 0.096000 C
264 12 31.218000 3.099000 0.341000 O
265 12 33.268002 2.337000 0.326000 N
266 12 34.604000 2.471000 0.087000 C
267 12 35.273998 1.411000 0.368000 N
268 12 35.241001 3.543000 -0.384000 N
269 12 34.396999 4.557000 -0.622000 C
270 12 38.738998 7.623000 -3.525000 H
271 12 32.820999 1.501000 0.684000 H
272 12 36.257999 1.315000 0.238000 H
273 12 34.737000 0.667000 0.739000 H
