1306
1 1 36.643 -24.862 8.890 N
2 1 36.887 -23.463 8.956 C
3 1 35.632 -22.817 9.506 C
4 1 34.545 -23.321 9.294 O
5 1 37.303 -23.038 7.529 C
6 1 37.457 -21.545 7.288 C
7 1 39.015 -20.890 7.865 S
8 1 40.037 -22.053 6.949 C
9 2 35.808 -21.706 10.193 N
10 2 34.760 -20.902 10.706 C
11 2 35.182 -19.452 10.709 C
12 2 36.322 -19.043 10.476 O
13 2 34.208 -21.399 12.072 C
14 2 35.299 -21.484 13.098 C
15 2 35.951 -20.451 13.394 O
16 2 35.617 -22.702 13.517 N
17 3 34.246 -18.616 11.142 N
18 3 34.477 -17.198 11.189 C
19 3 35.652 -16.780 12.071 C
20 3 36.359 -15.804 11.794 O
21 3 33.167 -16.436 11.500 C
22 3 33.352 -14.916 11.454 C
23 3 32.681 -16.690 12.928 C
24 3 33.901 -14.326 10.131 C
25 4 35.861 -17.509 13.179 N
26 4 36.964 -17.128 14.061 C
27 4 38.305 -17.432 13.431 C
28 4 39.275 -16.658 13.497 O
29 4 36.847 -17.851 15.421 C
30 4 35.697 -17.305 16.281 C
31 4 34.392 -17.822 16.186 C
32 4 35.923 -16.229 17.152 C
33 4 33.327 -17.332 16.938 C
34 4 34.879 -15.715 17.927 C
35 4 33.601 -16.280 17.822 C
36 5 38.382 -18.618 12.858 N
37 5 39.617 -19.041 12.220 C
38 5 39.878 -18.161 11.037 C
39 5 40.979 -17.739 10.776 O
40 5 39.457 -20.459 11.712 C
41 5 39.395 -21.451 12.883 C
42 5 39.287 -22.902 12.447 C
43 5 39.310 -23.224 11.279 O
44 5 39.202 -23.778 13.432 O
45 6 38.820 -17.824 10.351 N
46 6 38.916 -16.953 9.158 C
47 6 39.443 -15.589 9.485 C
48 6 40.390 -15.109 8.878 O
49 6 37.515 -16.710 8.596 C
50 6 37.502 -15.992 7.267 C
51 6 35.837 -15.397 6.907 S
52 6 35.850 -15.226 5.076 C
53 7 38.814 -14.921 10.428 N
54 7 39.302 -13.605 10.789 C
55 7 40.648 -13.647 11.499 C
56 7 41.491 -12.743 11.464 O
57 7 38.344 -12.909 11.734 C
58 7 37.218 -12.288 10.946 C
59 7 36.151 -12.169 11.966 C
60 7 37.643 -10.946 10.337 C
61 8 40.906 -14.756 12.137 N
62 8 42.190 -14.840 12.785 C
63 8 43.280 -14.858 11.740 C
64 8 44.340 -14.338 11.975 O
65 8 42.254 -16.026 13.735 C
66 8 43.691 -16.328 14.119 C
67 8 44.158 -15.587 15.372 C
68 8 45.520 -15.963 15.758 N
69 8 46.604 -15.780 14.978 C
70 8 46.558 -15.247 13.739 N
71 8 47.793 -16.145 15.458 N
72 9 43.028 -15.463 10.577 N
73 9 44.013 -15.477 9.498 C
74 9 44.182 -14.053 8.903 C
75 9 45.289 -13.538 8.665 O
76 9 43.622 -16.554 8.450 C
77 9 44.055 -17.958 8.851 C
78 9 44.275 -16.328 7.094 C
79 9 43.198 -18.967 8.095 C
80 10 43.055 -13.374 8.669 N
81 10 43.018 -12.034 8.052 C
82 10 43.614 -10.880 8.913 C
83 10 44.230 -9.953 8.423 O
84 10 41.562 -11.717 7.595 C
85 10 41.215 -12.427 6.327 C
86 10 42.103 -12.778 5.522 O
87 10 39.932 -12.677 6.200 O
88 11 43.382 -10.909 10.232 N
89 11 43.819 -9.866 11.138 C
90 11 45.147 -10.147 11.811 C
91 11 45.857 -9.239 12.226 O
92 11 42.770 -9.694 12.238 C
93 11 41.454 -9.303 11.587 C
94 11 41.397 -7.931 10.970 C
95 11 42.447 -7.205 11.173 O
96 11 40.438 -7.517 10.380 O
97 12 45.439 -11.406 12.006 N
98 12 46.667 -11.773 12.722 C
99 12 46.450 -11.625 14.219 C
100 12 45.312 -11.381 14.683 O
101 13 47.540 -11.807 14.966 N
102 13 47.514 -11.664 16.413 C
103 13 48.724 -10.857 16.899 C
104 13 49.826 -11.293 16.665 O
105 13 47.478 -13.023 17.112 C
106 13 47.707 -12.964 18.638 C
107 13 46.495 -12.390 19.386 C
108 13 47.990 -14.364 19.182 C
109 14 48.525 -9.680 17.533 N
110 14 49.570 -8.806 18.102 C
111 14 49.223 -8.415 19.525 C
112 14 48.121 -7.886 19.786 O
113 14 49.836 -7.577 17.246 C
114 14 50.087 -8.061 15.814 C
115 14 51.256 -7.418 15.035 C
116 14 52.270 -6.657 15.780 N
117 14 52.916 -5.598 15.246 C
118 14 52.657 -5.165 14.009 N
119 14 53.828 -4.944 15.980 
120 15 50.183 -8.710 20.410 N
121 15 50.066 -8.480 21.836 C
122 15 50.468 -7.107 22.288 C
123 15 50.242 -6.823 23.447 O
124 15 50.743 -9.554 22.710 C
125 15 50.257 -10.952 22.378 C
126 15 50.878 -11.970 23.297 C
127 15 48.752 -11.129 22.556 C
128 16 51.013 -6.289 21.394 N
129 16 51.352 -4.910 21.690 C
130 16 50.577 -4.010 20.800 C
131 16 50.145 -4.425 19.741 O
132 16 52.670 -4.294 21.183 C
133 16 53.817 -4.657 22.061 C
134 16 53.635 -6.097 22.489 C
135 16 54.801 -6.638 23.290 C
136 16 55.343 -5.632 24.217 
137 17 50.378 -2.792 21.249 N
138 17 49.663 -1.798 20.443 C
139 17 50.433 -1.703 19.145 C
140 17 51.648 -1.808 19.195 O
141 17 49.665 -0.441 21.142 C
142 17 48.906 -0.547 22.457 C
143 17 49.069 0.668 20.271 C
144 17 48.179 0.725 22.871 C
145 18 49.744 -1.472 18.040 N
146 18 50.450 -1.367 16.785 C
147 18 49.628 -0.510 15.871 C
148 18 48.462 -0.234 16.158 O
149 18 50.839 -2.769 16.160 C
150 18 49.648 -3.520 15.666 C
151 18 48.831 -4.271 16.529 C
152 18 49.305 -3.417 14.314 C
153 18 47.686 -4.905 16.041 C
154 18 48.177 -4.079 13.806 C
155 18 47.355 -4.802 14.676 C
156 18 46.247 -5.449 14.143 O
157 19 50.220 -0.035 14.772 N
158 19 49.448 0.755 13.823 C
159 19 48.991 -0.196 12.704 C
160 19 49.749 -0.937 12.076 O
161 19 50.135 1.960 13.209 C
162 19 50.563 3.044 14.173 C
163 19 50.639 4.388 13.460 C
164 19 51.701 5.318 14.014 C
165 19 52.290 6.157 12.953 
166 20 47.695 -0.221 12.502 N
167 20 47.162 -1.084 11.504 C
168 20 47.438 -0.441 10.169 C
169 20 48.030 0.619 10.071 O
170 20 45.707 -1.313 11.743 C
171 21 46.978 -1.033 9.126 N
172 21 47.332 -0.454 7.847 C
173 21 46.880 0.982 7.518 C
174 21 47.527 1.571 6.620 O
175 21 47.164 -1.534 6.781 C
176 21 46.493 -0.979 5.696 O
177 21 46.405 -2.731 7.394 C
178 22 45.833 1.553 8.224 N
179 22 45.314 2.936 7.988 C
180 22 45.945 3.963 8.937 C
181 22 45.593 5.142 8.917 O
182 22 43.797 2.957 7.887 C
183 22 43.172 1.990 7.010 C
184 22 42.126 2.557 6.040 
185 22 41.885 3.903 6.189 
186 22 41.555 1.871 5.116 
187 23 46.911 3.455 9.735 N
188 23 47.723 4.167 10.708 C
189 23 47.044 4.290 12.078 C
190 23 47.514 5.029 12.937 O
191 24 45.942 3.577 12.276 N
192 24 45.249 3.604 13.564 C
193 24 45.689 2.563 14.532 C
194 24 46.028 1.440 14.182 O
195 24 43.780 3.270 13.524 C
196 24 43.142 4.146 12.506 C
197 24 43.540 5.477 12.411 C
198 24 42.145 3.662 11.654 C
199 24 42.938 6.308 11.459 C
200 24 41.527 4.496 10.716 C
201 24 41.930 5.829 10.613 C
202 24 41.335 6.656 9.679 O
203 25 45.653 2.947 15.786 N
204 25 46.062 2.098 16.866 C
205 25 45.133 0.908 17.044 C
206 25 43.929 1.044 17.183 O
207 25 46.163 3.013 18.094 C
208 25 47.397 3.837 18.026 C
209 25 48.636 3.193 18.019 C
210 25 47.337 5.232 18.001 C
211 25 49.827 3.925 17.977 C
212 25 48.520 5.980 17.957 C
213 25 49.756 5.325 17.974 C
214 25 50.912 6.084 17.984 O
215 26 45.763 -0.246 17.096 N
216 26 45.084 -1.481 17.205 C
217 26 45.844 -2.415 18.123 C
218 26 47.015 -2.266 18.389 O
219 26 45.076 -2.039 15.700 C
220 26 44.572 -1.024 14.862 O
221 26 44.274 -3.303 15.345 C
222 27 45.224 -3.509 18.475 N
223 27 45.910 -4.534 19.228 C
224 27 45.145 -5.845 19.075 C
225 27 43.997 -5.853 18.649 O
226 27 46.016 -4.099 20.717 C
227 27 46.966 -5.023 21.479 C
228 27 44.601 -4.170 21.293 C
229 27 47.289 -4.548 22.858 C
230 28 45.727 -6.927 19.540 N
231 28 45.084 -8.237 19.563 C
232 28 44.804 -8.759 18.159 C
233 28 45.660 -8.706 17.305 O
234 29 43.586 -9.193 17.944 N
235 29 43.098 -9.676 16.642 C
236 29 42.219 -8.648 15.946 C
237 29 40.985 -8.735 15.931 O
238 29 42.350 -11.000 16.791 C
239 29 43.304 -12.027 17.461 C
240 29 41.944 -11.430 15.393 C
241 29 42.687 -13.292 18.149 C
242 30 42.856 -7.658 15.352 N
243 30 42.161 -6.610 14.663 C
244 30 41.324 -5.685 15.542 C
245 30 40.366 -5.080 15.072 O
246 31 41.626 -5.584 16.836 N
247 31 40.766 -4.755 17.691 C
248 31 41.152 -3.286 17.614 C
249 31 42.145 -2.851 18.209 O
250 31 40.780 -5.288 19.168 C
251 31 39.890 -4.417 20.019 C
252 31 38.508 -4.652 20.176 N
253 31 40.168 -3.267 20.694 C
254 31 37.995 -3.658 20.875 C
255 31 38.981 -2.812 21.253 N
256 32 40.386 -2.506 16.913 N
257 32 40.723 -1.118 16.785 C
258 32 40.639 -0.398 18.114 C
259 32 39.643 -0.509 18.824 O
260 32 39.784 -0.354 15.818 C
261 32 39.976 1.185 15.853 C
262 32 41.347 1.648 15.339 C
263 32 38.946 1.825 14.959 C
264 33 41.663 0.337 18.461 N
265 33 41.585 1.052 19.717 C
266 33 41.047 2.500 19.537 C
267 33 40.104 2.974 20.211 O
268 33 42.956 1.048 20.434 C
269 33 43.234 -0.272 21.033 C
270 33 44.716 -0.258 21.283 C
271 33 42.412 -0.316 22.298 C
272 34 41.687 3.230 18.643 N
273 34 41.328 4.608 18.444 C
274 34 41.779 5.032 17.089 C
275 34 42.701 4.440 16.550 O
276 34 41.932 5.532 19.560 C
277 34 41.275 6.778 19.486 O
278 34 43.442 5.827 19.577 C
279 35 41.114 6.035 16.547 N
280 35 41.483 6.590 15.239 C
281 35 42.484 7.722 15.464 C
282 35 43.277 8.089 14.608 O
283 35 40.307 7.063 14.392 C
284 35 39.484 5.931 13.746 C
285 35 37.980 6.181 13.732 C
286 35 37.304 6.053 12.364 C
287 35 35.938 6.638 12.270 
288 36 42.460 8.210 16.684 N
289 36 43.302 9.256 17.208 C
290 36 44.816 8.974 17.158 C
291 36 45.346 7.945 17.588 O
292 36 42.826 9.628 18.636 C
293 36 43.778 10.373 19.392 O
294 37 45.554 9.984 16.673 N
295 37 46.987 9.868 16.581 C
296 37 47.690 9.719 17.898 C
297 37 48.901 9.477 17.881 O
298 37 47.519 11.148 15.955 C
299 37 46.320 12.043 15.717 C
300 37 45.074 11.228 15.999 C
301 38 46.995 9.840 19.036 N
302 38 47.741 9.755 20.304 C
303 38 47.873 8.365 20.916 C
304 38 46.898 7.600 21.067 O
305 38 47.325 10.775 21.367 C
306 38 48.197 10.621 22.491 O
307 39 49.122 8.068 21.284 N
308 39 49.441 6.800 21.856 C
309 39 48.813 6.738 23.206 C
310 39 48.380 5.685 23.699 O
311 39 50.949 6.538 21.811 C
312 39 51.313 5.172 22.364 C
313 39 50.550 4.106 21.586 C
314 39 52.815 4.954 22.275 C
315 40 48.746 7.919 23.786 N
316 40 48.168 7.991 25.101 C
317 40 46.720 7.672 25.037 C
318 40 46.204 6.909 25.870 O
319 40 48.599 9.264 25.822 C
320 40 50.100 9.153 25.824 
321 40 50.673 8.299 26.555 O
322 40 50.702 9.841 24.842 
323 41 46.096 8.264 24.038 N
324 41 44.705 8.016 23.796 C
325 41 44.473 6.516 23.651 C
326 41 43.566 5.960 24.250 O
327 41 44.230 8.726 22.559 C
328 42 45.319 5.855 22.863 N
329 42 45.204 4.406 22.617 C
330 42 45.426 3.566 23.869 C
331 42 44.728 2.582 24.142 O
332 42 46.118 3.997 21.467 C
333 43 46.421 3.968 24.647 N
334 43 46.721 3.263 25.887 C
335 43 45.550 3.292 26.892 C
336 43 45.237 2.304 27.541 O
337 43 47.933 3.868 26.532 C
338 43 49.250 3.225 26.094 C
339 43 50.475 4.152 26.133 C
340 43 51.628 3.626 27.007 C
341 43 52.862 4.436 26.953 
342 44 44.944 4.454 26.972 N
343 44 43.775 4.818 27.769 C
344 44 42.593 3.965 27.339 C
345 44 41.915 3.295 28.144 O
346 44 43.550 6.343 27.691 C
347 44 42.434 6.743 28.455 O
348 45 42.396 3.931 26.039 N
349 45 41.337 3.106 25.493 C
350 45 41.617 1.644 25.814 C
351 45 40.764 0.852 26.243 O
352 45 41.290 3.257 23.971 C
353 45 40.615 4.597 23.531 C
354 45 39.229 4.780 24.151 C
355 45 38.376 3.926 24.162 O
356 45 39.018 5.934 24.708 O
357 46 42.860 1.275 25.624 N
358 46 43.219 -0.084 25.932 C
359 46 42.899 -0.514 27.402 C
360 46 42.364 -1.568 27.723 O
361 46 44.719 -0.242 25.586 C
362 46 45.262 -1.596 26.013 C
363 46 44.373 -2.667 25.455 C
364 46 46.648 -1.798 25.409 C
365 47 43.286 0.316 28.353 N
366 47 43.078 -0.026 29.760 C
367 47 41.613 -0.086 30.121 C
368 47 41.171 -0.957 30.871 O
369 47 43.865 0.930 30.669 C
370 47 45.373 0.836 30.614 C
371 47 46.035 -0.034 30.102 O
372 47 45.891 1.842 31.162 O
373 48 40.838 0.829 29.511 N
374 48 39.388 0.877 29.673 C
375 48 38.757 -0.431 29.167 C
376 48 37.913 -1.064 29.832 O
377 48 38.866 2.188 29.052 C
378 48 37.457 2.223 28.516 C
379 48 36.958 3.647 28.337 C
380 48 37.151 4.163 26.934 C
381 48 36.334 3.439 25.984 N
382 49 39.187 -0.840 27.967 N
383 49 38.693 -2.057 27.360 C
384 49 39.045 -3.315 28.172 C
385 49 38.254 -4.225 28.284 O
386 49 39.193 -2.171 25.915 C
387 50 40.250 -3.373 28.719 N
388 50 40.739 -4.551 29.468 C
389 50 40.398 -4.539 30.956 C
390 50 40.274 -5.556 31.674 O
391 50 42.293 -4.671 29.275 C
392 50 42.627 -5.053 27.826 C
393 50 42.905 -5.778 30.090 C
394 50 41.872 -6.311 27.356 C
395 51 40.262 -3.374 31.462 N
396 51 39.949 -3.312 32.875 C
397 51 41.187 -3.333 33.745 C
398 51 41.160 -3.799 34.859 O
399 52 42.284 -2.829 33.247 N
400 52 43.500 -2.793 34.015 C
401 52 44.543 -1.909 33.387 C
402 52 44.385 -1.456 32.224 O
403 52 43.996 -4.202 34.289 C
404 52 44.992 -4.813 33.295 C
405 52 44.998 -6.346 33.405 C
406 52 45.831 -7.066 32.436 N
407 52 47.058 -6.727 32.021 C
408 52 47.712 -5.645 32.456 N
409 52 47.653 -7.490 31.103 N
410 53 45.601 -1.658 34.184 N
411 53 46.726 -0.856 33.736 C
412 53 47.620 -1.766 32.906 C
413 53 48.322 -2.626 33.467 O
414 53 47.420 -0.229 34.946 C
415 53 47.505 1.242 34.686 C
416 53 46.596 1.987 35.125 
417 53 48.518 1.618 33.863 N
418 54 47.527 -1.640 31.567 N
419 54 48.192 -2.569 30.659 C
420 54 49.536 -2.186 30.194 C
421 54 50.328 -3.063 29.897 O
422 54 47.388 -2.876 29.365 C
423 54 47.278 -1.676 28.569 O
424 54 45.945 -3.406 29.688 C
425 55 49.770 -0.890 30.101 N
426 55 51.039 -0.441 29.578 C
427 55 51.221 -0.992 28.152 C
428 55 52.265 -1.584 27.808 O
429 55 52.255 -0.773 30.489 C
430 55 53.433 0.210 30.345 C
431 55 53.292 1.444 30.086 O
432 55 54.626 -0.361 30.514 N
433 56 50.155 -0.806 27.366 N
434 56 50.069 -1.175 25.981 C
435 56 50.373 -2.604 25.652 C
436 56 50.598 -2.878 24.497 O
437 57 50.305 -3.513 26.624 N
438 57 50.572 -4.920 26.370 C
439 57 49.486 -5.822 26.914 C
440 57 49.042 -5.621 28.034 O
441 57 51.953 -5.307 26.937 C
442 57 52.257 -6.805 26.797 C
443 57 52.997 -4.483 26.188 C
444 58 49.035 -6.830 26.160 N
445 58 48.010 -7.684 26.746 C
446 58 48.396 -9.127 26.594 C
447 58 49.347 -9.448 25.902 O
448 58 46.662 -7.487 26.118 C
449 58 46.773 -7.732 24.603 C
450 58 46.143 -6.079 26.387 C
451 58 45.358 -7.616 24.009 C
452 59 47.663 -10.000 27.230 N
453 59 47.927 -11.355 27.084 C
454 59 47.048 -11.964 25.999 C
455 59 46.056 -11.409 25.544 O
456 59 47.625 -12.175 28.352 C
457 59 46.266 -12.146 28.593 O
458 59 48.302 -11.566 29.549 C
459 60 47.418 -13.175 25.628 N
460 60 46.716 -13.911 24.599 C
461 60 45.241 -14.068 24.950 C
462 60 44.339 -13.810 24.159 O
463 60 47.504 -15.176 24.328 C
464 60 46.833 -16.163 23.387 C
465 60 47.806 -17.239 22.892 C
466 60 47.365 -17.929 21.607 C
467 60 48.293 -17.708 20.488 N
468 61 44.999 -14.443 26.192 N
469 61 43.676 -14.650 26.700 C
470 61 42.826 -13.397 26.570 C
471 61 41.663 -13.465 26.244 O
472 61 43.771 -15.089 28.183 C
473 61 43.531 -16.563 28.247 C
474 61 44.498 -17.218 27.653 O
475 61 42.476 -17.071 28.620 O
476 62 43.453 -12.258 26.847 N
477 62 42.836 -10.944 26.828 C
478 62 42.537 -10.629 25.358 C
479 62 41.446 -10.209 25.050 O
480 62 43.820 -9.939 27.404 C
481 62 43.860 -10.017 28.958 C
482 62 44.797 -9.018 29.598 C
483 62 45.768 -8.534 29.009 O
484 62 44.430 -8.719 30.835 O
485 63 43.498 -10.951 24.445 N
486 63 43.275 -10.716 22.988 C
487 63 41.978 -11.390 22.498 C
488 63 41.083 -10.821 21.834 O
489 63 44.475 -11.199 22.188 C
490 64 41.892 -12.661 22.881 N
491 64 40.768 -13.473 22.533 C
492 64 39.477 -13.060 23.148 C
493 64 38.408 -13.242 22.571 O
494 64 41.020 -14.907 22.936 C
495 64 41.839 -15.524 21.813 C
496 64 42.371 -16.852 22.196 C
497 64 41.977 -17.479 23.170 O
498 64 43.320 -17.235 21.381 O
499 65 39.522 -12.533 24.317 N
500 65 38.253 -12.124 24.902 C
501 65 37.743 -10.938 24.100 C
502 65 36.573 -10.834 23.750 O
503 65 38.508 -11.716 26.336 C
504 65 37.308 -11.149 27.059 C
505 65 37.491 -11.107 28.576 C
506 65 36.412 -11.908 29.336 C
507 65 35.826 -11.224 30.504 N
508 66 38.668 -10.020 23.734 N
509 66 38.237 -8.889 22.913 C
510 66 37.692 -9.348 21.574 C
511 66 36.732 -8.744 21.066 O
512 66 39.334 -7.879 22.495 C
513 66 39.875 -7.108 23.716 C
514 66 41.058 -6.271 23.277 C
515 66 38.825 -6.191 24.337 C
516 67 38.357 -10.362 21.029 N
517 67 37.974 -10.959 19.730 C
518 67 36.557 -11.504 19.762 C
519 67 35.713 -11.241 18.917 O
520 67 39.016 -12.031 19.400 C
521 67 38.877 -12.603 17.983 C
522 67 38.485 -11.802 16.903 C
523 67 39.164 -13.942 17.733 C
524 67 38.407 -12.334 15.619 C
525 67 39.111 -14.507 16.451 C
526 67 38.700 -13.685 15.398 C
527 68 36.267 -12.256 20.811 N
528 68 34.941 -12.807 21.022 C
529 68 33.896 -11.747 21.114 C
530 68 32.811 -11.892 20.574 O
531 68 34.803 -13.627 22.341 C
532 68 35.312 -15.067 22.221 C
533 68 35.046 -15.729 21.224 O
534 68 36.058 -15.569 23.203 N
535 69 34.207 -10.665 21.835 N
536 69 33.247 -9.598 21.934 C
537 69 33.041 -8.903 20.589 C
538 69 31.975 -8.433 20.247 O
539 69 33.782 -8.463 22.848 C
540 69 33.898 -9.014 24.267 C
541 69 34.570 -8.102 25.282 C
542 69 34.438 -8.345 26.460 O
543 69 35.169 -6.984 24.878 N
544 70 34.127 -8.780 19.832 N
545 70 34.046 -8.096 18.568 C
546 70 33.288 -8.901 17.503 C
547 70 32.545 -8.344 16.706 O
548 70 35.439 -7.707 17.983 C
549 70 36.104 -6.621 18.752 C
550 70 35.526 -5.944 19.557 O
551 70 37.388 -6.748 18.715 O
552 71 33.446 -10.245 17.544 N
553 71 32.736 -11.038 16.593 C
554 71 31.273 -10.930 16.911 C
555 71 30.406 -10.719 16.071 O
556 71 33.269 -12.491 16.551 C
557 71 32.317 -13.307 15.695 C
558 71 34.669 -12.533 15.923 C
559 72 31.012 -11.081 18.184 N
560 72 29.608 -10.998 18.595 C
561 72 28.972 -9.729 18.216 C
562 72 27.804 -9.614 17.688 O
563 72 29.596 -11.340 20.108 C
564 72 28.227 -11.639 20.625 C
565 72 27.799 -12.815 20.309 O
566 72 27.586 -10.856 21.226 O
567 73 29.711 -8.673 18.477 N
568 73 29.163 -7.341 18.138 C
569 73 28.896 -7.139 16.627 C
570 73 27.966 -6.417 16.144 O
571 73 30.184 -6.248 18.439 C
572 74 29.768 -7.756 15.822 N
573 74 29.623 -7.668 14.337 C
574 74 28.342 -8.406 13.921 C
575 74 27.527 -7.880 13.196 O
576 74 30.718 -8.377 13.521 C
577 75 28.177 -9.602 14.399 N
578 75 26.968 -10.308 14.050 C
579 75 25.707 -9.575 14.517 C
580 75 24.712 -9.504 13.770 O
581 75 26.962 -11.661 14.672 C
582 75 25.609 -12.328 14.465 C
583 75 28.053 -12.486 14.032 C
584 76 25.723 -9.043 15.746 N
585 76 24.540 -8.343 16.218 C
586 76 24.273 -7.086 15.402 C
587 76 23.121 -6.798 15.134 O
588 76 24.551 -8.008 17.704 C
589 76 24.553 -9.223 18.580 C
590 76 23.233 -9.944 18.887 C
591 76 22.051 -9.208 19.379 N
592 76 21.611 -9.183 20.657 C
593 76 22.274 -9.785 21.648 N
594 76 20.490 -8.506 20.951 N
595 77 25.337 -6.346 14.996 N
596 77 25.205 -5.142 14.158 C
597 77 24.585 -5.463 12.796 C
598 77 23.819 -4.736 12.207 O
599 78 24.948 -6.573 12.223 N
600 78 24.347 -7.001 10.971 C
601 78 22.863 -7.273 11.237 C
602 78 22.009 -6.885 10.476 O
603 78 24.976 -8.360 10.481 C
604 78 26.374 -8.128 9.924 C
605 78 24.112 -9.080 9.432 C
606 78 27.106 -9.465 9.570 C
607 79 22.534 -7.984 12.328 N
608 79 21.138 -8.371 12.587 C
609 79 20.219 -7.217 12.886 C
610 79 19.031 -7.298 12.752 O
611 79 21.039 -9.512 13.637 C
612 79 21.722 -10.776 13.183 C
613 79 21.609 -11.793 14.277 C
614 79 21.033 -11.351 11.960 C
615 80 20.756 -6.113 13.308 N
616 80 19.941 -4.956 13.593 C
617 80 19.943 -3.969 12.425 C
618 80 19.131 -3.057 12.357 O
619 80 20.308 -4.276 14.950 C
620 80 20.316 -5.171 16.249 C
621 80 19.071 -6.001 16.683 
622 80 18.420 -5.679 18.015 
623 80 18.866 -5.852 19.305 
624 80 20.084 -6.348 19.547 
625 80 18.111 -5.490 20.370 N
626 81 20.853 -4.138 11.470 N
627 81 20.904 -3.253 10.373 C
628 81 19.827 -3.645 9.355 C
629 81 19.745 -4.777 8.868 O
630 81 22.349 -3.083 9.896 C
631 81 22.383 -1.993 8.873 C
632 81 21.679 -2.096 7.867 O
633 81 23.052 -0.896 9.193 N
634 82 18.965 -2.676 9.037 N
635 82 17.863 -2.913 8.137 C
636 82 18.288 -3.269 6.718 C
637 82 17.596 -3.944 5.973 O
638 82 17.069 -1.635 8.104 C
639 83 19.467 -2.797 6.358 N
640 83 20.031 -3.043 5.066 C
641 83 20.821 -4.338 5.043 C
642 83 20.817 -5.040 4.041 O
643 83 20.846 -1.840 4.638 C
644 83 20.199 -1.107 3.480 C
645 83 20.708 0.315 3.324 
646 83 19.769 1.359 3.934 
647 83 20.103 2.753 3.545 
648 84 21.475 -4.700 6.168 N
649 84 22.302 -5.933 6.146 C
650 84 21.559 -7.213 6.430 C
651 84 21.860 -8.278 5.909 O
652 84 23.605 -5.789 7.005 C
653 84 24.424 -4.510 6.683 C
654 84 25.515 -4.211 7.732 C
655 84 25.095 -4.603 5.300 C
656 85 20.623 -7.099 7.331 N
657 85 19.913 -8.263 7.777 C
658 85 19.306 -9.103 6.688 C
659 85 19.455 -10.304 6.658 O
660 85 18.882 -7.858 8.795 C
661 85 18.201 -9.085 9.316 C
662 85 17.206 -8.833 10.435 C
663 85 16.834 -10.149 11.118 C
664 85 15.998 -11.008 10.275 N
665 86 18.621 -8.484 5.782 N
666 86 17.992 -9.238 4.724 C
667 86 19.008 -9.935 3.852 C
668 86 18.790 -11.045 3.351 O
669 86 17.130 -8.250 3.936 C
670 86 17.450 -6.885 4.476 C
671 86 18.198 -7.077 5.765 C
672 87 20.156 -9.304 3.644 N
673 87 21.206 -9.961 2.840 C
674 87 21.728 -11.170 3.598 C
675 87 21.791 -12.292 3.121 O
676 87 22.358 -9.007 2.541 C
677 87 23.344 -9.632 1.591 C
678 87 21.799 -7.685 1.970 C
679 88 22.094 -10.928 4.824 N
680 88 22.573 -11.970 5.681 C
681 88 21.631 -13.113 5.741 C
682 88 22.031 -14.257 5.641 O
683 88 22.601 -11.442 7.114 C
684 88 23.322 -12.359 8.036 C
685 88 24.713 -12.360 8.068 C
686 88 22.580 -13.234 8.820 C
687 88 25.359 -13.188 8.980 C
688 88 23.212 -14.082 9.718 C
689 88 24.602 -14.022 9.800 C
690 88 25.259 -14.855 10.639 O
691 89 20.352 -12.807 5.911 N
692 89 19.396 -13.879 5.977 C
693 89 19.291 -14.660 4.703 C
694 89 18.926 -15.817 4.749 O
695 89 17.927 -13.462 6.236 C
696 89 17.662 -13.072 7.679 C
697 89 18.590 -13.500 8.502 O
698 89 16.759 -12.323 8.009 O
699 90 19.634 -14.080 3.530 N
700 90 19.468 -14.869 2.328 C
701 90 20.637 -15.736 1.983 C
702 90 20.606 -16.564 1.092 O
703 90 19.193 -13.919 1.182 C
704 90 20.405 -13.208 0.888 O
705 91 21.746 -15.526 2.666 N
706 91 22.957 -16.251 2.308 C
707 91 23.147 -17.614 2.943 C
708 91 22.568 -17.899 3.961 O
709 91 24.193 -15.430 2.744 C
710 91 24.437 -14.084 2.015 C
711 91 25.637 -13.297 2.601 C
712 91 24.759 -14.296 0.546 C
713 92 23.996 -18.446 2.391 N
714 92 24.359 -19.746 2.983 C
715 92 25.396 -19.523 4.074 C
716 92 25.887 -18.405 4.266 O
717 92 24.910 -20.695 1.908 C
718 92 26.033 -20.001 1.237 C
719 92 25.660 -19.235 0.252 O
720 92 27.164 -20.081 1.645 O
721 93 25.747 -20.563 4.828 N
722 93 26.643 -20.354 5.948 C
723 93 28.031 -19.813 5.636 C
724 93 28.607 -19.043 6.416 O
725 93 26.721 -21.606 6.799 C
726 94 28.593 -20.202 4.503 N
727 94 29.900 -19.735 4.193 C
728 94 29.881 -18.298 3.846 C
729 94 30.741 -17.542 4.246 O
730 94 30.513 -20.612 3.096 C
731 94 31.876 -20.098 2.686 C
732 94 30.729 -21.993 3.673 C
733 95 28.924 -17.907 3.063 N
734 95 28.932 -16.526 2.621 C
735 95 28.518 -15.594 3.718 C
736 95 28.792 -14.393 3.698 O
737 95 28.000 -16.382 1.427 C
738 95 28.503 -17.033 0.110 C
739 95 27.581 -16.681 -1.075 C
740 95 28.107 -17.170 -2.348 N
741 95 27.889 -18.379 -2.858 C
742 95 27.112 -19.277 -2.253 N
743 95 28.464 -18.647 -4.032 N
744 96 27.805 -16.100 4.700 N
745 96 27.438 -15.203 5.840 C
746 96 28.718 -14.811 6.572 C
747 96 28.870 -13.689 7.064 O
748 96 26.620 -15.959 6.909 C
749 96 25.247 -16.308 6.365 C
750 96 24.264 -16.883 7.402 C
751 96 22.875 -16.743 6.919 N
752 96 21.878 -17.525 7.320 C
753 96 22.097 -18.460 8.235 N
754 96 20.648 -17.363 6.823 N
755 97 29.637 -15.800 6.644 N
756 97 30.920 -15.593 7.261 C
757 97 31.674 -14.499 6.506 C
758 97 32.320 -13.699 7.151 O
759 97 31.764 -16.857 7.407 C
760 98 31.587 -14.412 5.165 N
761 98 32.302 -13.355 4.404 C
762 98 31.644 -11.991 4.683 C
763 98 32.243 -10.915 4.723 O
764 98 32.305 -13.624 2.883 C
765 99 30.352 -11.981 4.941 N
766 99 29.736 -10.679 5.255 C
767 99 30.185 -10.292 6.657 C
768 99 30.475 -9.136 6.905 O
769 99 28.174 -10.756 5.177 C
770 99 27.372 -9.483 5.357 C
771 99 27.586 -8.519 4.210 C
772 99 25.882 -9.823 5.415 C
773 100 30.234 -11.268 7.603 N
774 100 30.692 -10.908 8.928 C
775 100 32.113 -10.324 8.881 C
776 100 32.443 -9.354 9.541 O
777 100 30.594 -12.087 9.869 C
778 100 29.140 -12.527 10.121 C
779 100 31.193 -11.741 11.219 C
780 100 29.136 -13.930 10.759 C
781 101 33.017 -10.902 8.074 N
782 101 34.387 -10.416 7.955 C
783 101 34.422 -8.913 7.562 C
784 101 35.161 -8.104 8.120 O
785 101 35.092 -11.370 6.924 C
786 101 36.618 -11.209 6.739 C
787 101 37.151 -10.097 6.635 O
788 101 37.371 -12.271 6.887 N
789 102 33.659 -8.530 6.515 N
790 102 33.675 -7.169 6.042 C
791 102 33.165 -6.250 7.127 C
792 102 33.677 -5.167 7.315 O
793 102 32.884 -6.847 4.723 C
794 102 33.133 -7.805 3.579 C
795 102 32.126 -7.380 2.127 S
796 102 32.583 -5.640 1.932 C
797 103 32.137 -6.723 7.830 N
798 103 31.575 -5.876 8.881 C
799 103 32.597 -5.686 9.990 C
800 103 32.815 -4.604 10.501 O
801 103 30.230 -6.372 9.399 C
802 103 29.793 -5.552 10.611 C
803 103 29.097 -6.045 8.459 C
804 104 33.326 -6.732 10.288 N
805 104 34.286 -6.680 11.321 C
806 104 35.350 -5.642 10.956 C
807 104 35.779 -4.790 11.689 O
808 104 34.925 -8.060 11.409 C
809 104 35.910 -8.194 12.572 C
810 104 37.243 -7.817 12.443 C
811 104 35.527 -8.721 13.806 C
812 104 38.196 -7.991 13.455 C
813 104 36.455 -8.887 14.840 C
814 104 37.793 -8.514 14.680 C
815 105 35.743 -5.693 9.737 N
816 105 36.742 -4.808 9.260 C
817 105 36.320 -3.381 9.064 C
818 105 37.077 -2.469 9.335 O
819 105 37.292 -5.313 7.887 C
820 105 38.618 -4.663 7.420 C
821 105 39.065 -4.987 5.973 C
822 105 38.586 -5.893 5.305 O
823 105 40.090 -4.325 5.528 N
824 106 35.148 -3.149 8.520 N
825 106 34.839 -1.778 8.214 C
826 106 33.652 -1.222 8.883 C
827 106 33.315 -0.098 8.622 O
828 106 34.858 -1.488 6.669 C
829 106 34.025 -2.285 5.655 C
830 106 34.684 -2.080 3.929 S
831 106 35.095 -3.770 3.499 C
832 107 33.033 -2.008 9.686 N
833 107 31.881 -1.521 10.380 C
834 107 30.665 -1.651 9.500 C
835 107 30.771 -1.725 8.302 O
836 108 29.541 -1.666 10.179 N
837 108 28.180 -1.826 9.694 C
838 108 27.815 -0.802 8.661 C
839 108 27.210 -1.056 7.628 O
840 108 27.252 -1.817 10.930 C
841 108 25.759 -1.770 10.606 C
842 108 24.986 -1.691 11.894 C
843 108 25.749 -2.058 12.881 O
844 108 23.830 -1.299 12.020 O
845 109 28.197 0.400 9.000 N
846 109 27.992 1.595 8.205 C
847 109 28.736 1.497 6.874 C
848 109 28.160 1.738 5.811 O
849 109 28.317 2.890 9.050 C
850 109 27.430 2.963 10.148 O
851 109 28.117 4.146 8.217 C
852 110 30.025 1.143 6.932 N
853 110 30.791 1.029 5.708 C
854 110 30.207 0.043 4.741 C
855 110 30.057 0.323 3.582 O
856 111 29.883 -1.134 5.264 N
857 111 29.336 -2.226 4.488 C
858 111 27.964 -1.930 3.968 C
859 111 27.711 -2.206 2.836 O
860 111 29.369 -3.506 5.295 C
861 111 28.714 -4.615 4.488 C
862 111 30.837 -3.809 5.602 C
863 112 27.088 -1.328 4.753 N
864 112 25.767 -1.037 4.277 C
865 112 25.842 -0.045 3.121 C
866 112 24.906 0.144 2.342 O
867 112 24.884 -0.518 5.402 C
868 113 26.988 0.605 2.938 N
869 113 27.046 1.507 1.803 C
870 113 27.345 0.877 0.424 C
871 113 27.295 1.551 -0.609 O
872 114 27.678 -0.419 0.417 N
873 114 27.972 -1.208 -0.763 C
874 114 26.629 -1.629 -1.344 C
875 114 26.373 -2.777 -1.649 O
876 114 28.871 -2.432 -0.448 C
877 114 30.372 -2.159 -0.260 C
878 114 30.833 -1.245 0.689 C
879 114 31.353 -2.775 -1.048 C
880 114 32.194 -0.992 0.877 C
881 114 32.721 -2.521 -0.906 C
882 114 33.143 -1.619 0.069 C
883 115 25.782 -0.646 -1.548 N
884 115 24.440 -0.850 -2.030 C
885 115 24.239 -1.800 -3.169 C
886 115 23.352 -2.707 -3.170 O
887 115 23.805 0.480 -2.508 C
888 115 23.692 1.434 -1.471 O
889 115 22.412 0.090 -2.955 C
890 116 25.034 -1.549 -4.204 N
891 116 24.912 -2.371 -5.417 C
892 116 25.364 -3.795 -5.189 C
893 116 24.732 -4.753 -5.642 O
894 116 25.518 -1.661 -6.673 C
895 116 24.975 -0.223 -6.841 C
896 116 23.777 -0.030 -6.676 O
897 116 25.792 0.811 -7.141 N
898 117 26.508 -3.950 -4.534 N
899 117 27.002 -5.309 -4.296 C
900 117 26.055 -6.115 -3.408 C
901 117 25.945 -7.298 -3.563 O
902 117 28.290 -5.304 -3.512 C
903 117 29.205 -4.486 -4.177 O
904 118 25.424 -5.469 -2.433 N
905 118 24.493 -6.128 -1.507 C
906 118 23.338 -6.687 -2.289 C
907 118 22.940 -7.806 -2.127 O
908 118 23.904 -5.185 -0.385 C
909 118 25.016 -4.694 0.575 C
910 118 24.542 -3.651 1.571 C
911 118 25.634 -5.855 1.367 C
912 119 22.833 -5.880 -3.192 N
913 119 21.703 -6.299 -4.005 C
914 119 22.045 -7.502 -4.891 C
915 119 21.286 -8.481 -5.051 O
916 119 21.144 -5.042 -4.639 C
917 119 20.332 -5.351 -5.868 C
918 119 20.008 -4.099 -6.665 C
919 119 20.899 -3.961 -7.817 
920 119 21.686 -2.908 -8.029 
921 119 21.702 -1.865 -7.175 N
922 119 22.463 -2.917 -9.133 
923 120 23.261 -7.481 -5.439 N
924 120 23.685 -8.595 -6.273 C
925 120 23.858 -9.830 -5.433 C
926 120 23.603 -10.920 -5.891 O
927 120 25.064 -8.279 -6.902 C
928 120 24.899 -7.404 -8.129 C
929 120 26.499 -6.668 -8.525 S
930 120 26.104 -5.065 -9.225 C
931 121 24.349 -9.653 -4.211 N
932 121 24.506 -10.839 -3.376 C
933 121 23.111 -11.373 -3.063 C
934 121 22.826 -12.530 -3.067 O
935 121 25.236 -10.545 -2.031 C
936 121 26.715 -10.178 -2.209 C
937 121 27.284 -9.615 -0.913 C
938 121 27.573 -11.357 -2.604 C
939 122 22.218 -10.506 -2.736 N
940 122 20.903 -10.914 -2.394 C
941 122 20.284 -11.623 -3.583 C
942 122 19.545 -12.605 -3.488 O
943 122 20.145 -9.638 -1.969 C
944 122 18.882 -9.994 -1.214 C
945 122 18.281 -8.800 -0.515 C
946 122 18.827 -7.685 -0.591 O
947 122 17.135 -9.032 0.131 N
948 123 20.666 -11.165 -4.755 N
949 123 20.119 -11.812 -5.882 C
950 123 20.870 -13.008 -6.323 C
951 123 20.503 -13.550 -7.343 O
952 123 20.061 -10.927 -7.103 C
953 123 19.132 -9.739 -6.887 C
954 123 19.019 -8.966 -8.164 C
955 123 18.187 -9.308 -9.010 O
956 123 19.941 -8.029 -8.353 N
957 124 21.912 -13.403 -5.585 N
958 124 22.744 -14.552 -5.907 C
959 124 23.510 -14.448 -7.256 C
960 124 23.781 -15.443 -7.950 O
961 124 22.076 -15.934 -5.785 C
962 124 21.253 -16.117 -4.512 C
963 124 21.133 -17.559 -4.075 C
964 124 20.334 -17.669 -2.761 C
965 124 20.956 -17.089 -1.563 N
966 125 23.899 -13.234 -7.600 N
967 125 24.675 -12.985 -8.793 C
968 125 26.124 -12.883 -8.367 C
969 125 26.726 -11.812 -8.334 O
970 125 24.136 -11.718 -9.408 C
971 125 22.730 -11.940 -9.951 C
972 125 21.894 -10.681 -9.913 C
973 125 21.935 -10.002 -11.195 N
974 125 20.929 -9.992 -12.065 
975 125 19.755 -10.613 -11.837 
976 125 21.116 -9.333 -13.204 
977 126 26.663 -14.052 -8.039 N
978 126 27.987 -14.202 -7.498 C
979 126 29.085 -13.498 -8.277 C
980 126 29.878 -12.746 -7.732 O
981 126 28.278 -15.709 -7.189 C
982 126 27.190 -16.434 -6.376 C
983 126 26.632 -17.607 -6.714 C
984 126 26.478 -16.034 -5.161 C
985 126 25.668 -17.978 -5.854 N
986 126 25.534 -17.055 -4.875 C
987 126 26.565 -14.951 -4.269 C
988 126 24.706 -17.056 -3.743 C
989 126 25.701 -14.935 -3.157 C
990 126 24.776 -15.970 -2.893 C
991 127 29.181 -13.795 -9.553 N
992 127 30.250 -13.229 -10.380 C
993 127 30.149 -11.755 -10.536 C
994 127 31.152 -11.061 -10.472 O
995 127 30.448 -14.009 -11.699 C
996 127 30.929 -15.442 -11.454 C
997 127 30.733 -16.088 -10.434 O
998 127 31.553 -15.970 -12.470 O
999 128 28.919 -11.266 -10.661 N
1000 128 28.773 -9.854 -10.785 C
1001 128 29.068 -9.131 -9.517 C
1002 128 29.656 -8.085 -9.540 O
1003 128 27.354 -9.506 -11.165 C
1004 128 27.055 -9.994 -12.603 C
1005 128 25.779 -10.802 -12.735 C
1006 128 24.700 -10.060 -12.764 O
1007 128 25.739 -12.008 -12.854 O
1008 129 28.646 -9.668 -8.383 N
1009 129 28.951 -8.962 -7.129 C
1010 129 30.466 -8.907 -6.869 C
1011 129 30.987 -7.907 -6.399 O
1012 129 28.257 -9.709 -5.985 C
1013 130 31.177 -10.005 -7.204 N
1014 130 32.595 -10.129 -7.038 C
1015 130 33.309 -9.060 -7.823 C
1016 130 34.215 -8.424 -7.339 O
1017 130 33.074 -11.488 -7.464 C
1018 131 32.834 -8.800 -9.036 N
1019 131 33.394 -7.713 -9.824 C
1020 131 33.056 -6.341 -9.215 C
1021 131 33.875 -5.391 -9.143 O
1022 131 32.845 -7.797 -11.267 C
1023 131 33.034 -6.456 -11.960 C
1024 131 33.546 -8.975 -11.929 C
1025 132 31.813 -6.185 -8.772 N
1026 132 31.413 -4.921 -8.158 C
1027 132 32.190 -4.665 -6.868 C
1028 132 32.626 -3.564 -6.549 O
1029 132 29.923 -4.884 -7.780 C
1030 132 29.439 -3.533 -7.357 C
1031 132 29.335 -3.197 -6.157 O
1032 132 29.197 -2.687 -8.335 N
1033 133 32.356 -5.686 -6.074 N
1034 133 33.069 -5.444 -4.812 C
1035 133 34.512 -4.942 -5.001 C
1036 133 35.081 -4.271 -4.128 O
1037 133 33.083 -6.775 -3.964 C
1038 133 31.743 -7.211 -3.286 C
1039 133 31.748 -8.697 -2.847 C
1040 133 31.484 -6.316 -2.070 C
1041 134 35.134 -5.348 -6.132 N
1042 134 36.540 -5.073 -6.452 C
1043 134 36.758 -3.626 -6.783 C
1044 134 37.859 -3.108 -6.657 O
1045 134 37.105 -6.069 -7.502 C
1046 135 35.672 -2.964 -7.128 N
1047 135 35.718 -1.526 -7.451 C
1048 135 35.521 -0.674 -6.206 C
1049 135 34.511 0.021 -6.033 O
1050 135 34.642 -1.179 -8.446 C
1051 135 34.721 -2.046 -9.678 C
1052 135 33.962 -1.323 -10.787 C
1053 135 33.341 -2.197 -11.872 C
1054 135 32.039 -1.651 -12.326 N
1055 136 36.486 -0.781 -5.286 N
1056 136 36.340 -0.089 -4.026 C
1057 136 37.681 0.244 -3.454 C
1058 136 38.679 -0.364 -3.771 O
1059 136 35.671 -0.973 -2.983 C
1060 136 36.413 -2.180 -2.872 O
1061 137 37.699 1.240 -2.630 N
1062 137 38.916 1.631 -1.953 C
1063 137 39.410 0.456 -1.163 C
1064 137 40.582 0.143 -1.056 O
1065 137 38.620 2.701 -0.893 C
1066 137 39.904 3.300 -0.318 C
1067 137 39.874 4.165 0.950 C
1068 137 41.209 4.472 1.553 
1069 137 42.049 5.479 1.196 
1070 137 41.835 6.356 0.192 
1071 137 43.194 5.675 1.855 
1072 138 38.435 -0.243 -0.629 N
1073 138 38.664 -1.432 0.178 C
1074 138 39.558 -2.397 -0.529 C
1075 138 40.607 -2.824 -0.045 O
1076 138 37.291 -2.123 0.515 C
1077 138 37.394 -3.517 1.115 C
1078 138 38.030 -3.821 2.284 C
1079 138 36.802 -4.720 0.602 C
1080 138 37.879 -5.171 2.508 N
1081 138 37.095 -5.743 1.523 C
1082 138 36.089 -5.021 -0.550 C
1083 138 36.656 -7.058 1.383 C
1084 138 35.666 -6.341 -0.694 C
1085 138 35.924 -7.352 0.258 C
1086 139 39.161 -2.707 -1.743 N
1087 139 39.966 -3.621 -2.480 C
1088 139 41.317 -3.057 -2.880 C
1089 139 42.280 -3.760 -2.961 O
1090 139 39.256 -3.838 -3.788 C
1091 139 39.993 -4.738 -4.714 C
1092 139 39.815 -6.113 -4.595 C
1093 139 40.773 -4.247 -5.753 C
1094 139 40.444 -7.006 -5.447 C
1095 139 41.400 -5.124 -6.637 C
1096 139 41.209 -6.498 -6.493 C
1097 139 41.786 -7.365 -7.372 O
1098 140 41.381 -1.792 -3.220 N
1099 140 42.663 -1.175 -3.603 C
1100 140 43.620 -1.032 -2.429 C
1101 140 44.835 -1.179 -2.572 O
1102 140 42.383 0.177 -4.236 C
1103 140 41.948 -0.059 -5.650 C
1104 140 40.770 0.087 -6.011 O
1105 140 42.920 -0.427 -6.454 N
1106 141 43.092 -0.798 -1.215 N
1107 141 44.005 -0.688 -0.083 C
1108 141 44.483 -1.992 0.494 C
1109 141 45.628 -2.080 0.889 O
1110 141 43.479 0.178 1.093 C
1111 141 43.193 1.595 0.528 C
1112 141 44.398 2.309 -0.098 C
1113 141 44.367 2.869 -1.230 O
1114 141 45.450 2.366 0.693 N
1115 142 43.606 -2.988 0.612 N
1116 142 43.998 -4.299 1.126 C
1117 142 43.557 -5.351 0.157 C
1118 142 42.610 -6.090 0.409 O
1119 142 43.319 -4.625 2.470 C
1120 142 41.920 -4.480 2.374 O
1121 142 43.790 -3.528 3.386 C
1122 143 44.268 -5.451 -0.960 N
1123 143 43.906 -6.388 -2.015 C
1124 143 43.965 -7.859 -1.662 C
1125 143 43.084 -8.605 -2.083 O
1126 143 44.805 -6.042 -3.220 C
1127 143 45.984 -5.271 -2.651 C
1128 143 45.530 -4.749 -1.273 C
1129 144 44.994 -8.315 -0.921 N
1130 144 44.986 -9.735 -0.704 C
1131 144 43.876 -10.144 0.202 C
1132 144 43.257 -11.138 -0.021 O
1133 144 46.282 -10.242 -0.093 C
1134 144 47.473 -9.996 -1.054 C
1135 144 47.362 -10.194 -2.262 O
1136 144 48.640 -9.644 -0.542 N
1137 145 43.639 -9.381 1.240 N
1138 145 42.545 -9.714 2.090 C
1139 145 41.195 -9.599 1.344 C
1140 145 40.382 -10.527 1.387 O
1141 145 42.499 -8.822 3.323 C
1142 145 41.323 -9.302 4.163 C
1143 145 41.077 -8.463 5.360 C
1144 145 39.980 -8.906 6.176 N
1145 145 40.006 -8.483 7.416 C
1146 145 41.010 -7.733 7.776 N
1147 145 39.061 -8.763 8.289 N
1148 146 40.948 -8.457 0.642 N
1149 146 39.730 -8.276 -0.098 C
1150 146 39.525 -9.457 -1.047 C
1151 146 38.435 -9.959 -1.219 O
1152 146 39.758 -6.971 -0.873 C
1153 147 40.590 -9.916 -1.698 N
1154 147 40.460 -11.030 -2.623 C
1155 147 40.018 -12.350 -1.980 C
1156 147 39.248 -13.146 -2.579 O
1157 147 41.740 -11.406 -3.343 C
1158 147 42.020 -10.450 -4.479 C
1159 147 43.354 -10.707 -5.187 C
1160 147 44.032 -9.414 -5.618 C
1161 147 43.942 -9.165 -7.070 
1162 148 40.465 -12.593 -0.755 N
1163 148 40.055 -13.791 -0.060 C
1164 148 38.578 -13.685 0.249 C
1165 148 37.840 -14.637 0.080 O
1166 148 40.853 -14.045 1.211 C
1167 148 42.279 -14.499 0.974 C
1168 148 42.983 -15.070 2.213 C
1169 148 43.158 -14.024 3.209 N
1170 148 44.180 -13.183 3.247 C
1171 148 45.139 -13.275 2.333 N
1172 148 44.260 -12.226 4.152 N
1173 149 38.121 -12.507 0.670 N
1174 149 36.704 -12.398 0.991 C
1175 149 35.812 -12.532 -0.223 C
1176 149 34.768 -13.195 -0.240 O
1177 149 36.520 -11.083 1.719 C
1178 149 35.018 -10.745 1.839 C
1179 149 37.296 -11.207 3.075 C
1180 150 36.232 -11.830 -1.271 N
1181 150 35.524 -11.811 -2.567 C
1182 150 35.378 -13.225 -3.140 C
1183 150 34.306 -13.608 -3.591 O
1184 150 36.187 -10.825 -3.541 C
1185 150 35.802 -9.377 -3.177 C
1186 150 35.639 -11.072 -4.921 C
1187 150 36.596 -8.346 -3.956 C
1188 151 36.454 -13.994 -3.106 N
1189 151 36.437 -15.391 -3.560 C
1190 151 35.457 -16.247 -2.785 C
1191 151 34.827 -17.133 -3.331 O
1192 151 37.821 -16.034 -3.479 C
1193 151 38.641 -15.340 -4.378 O
1194 151 37.756 -17.507 -3.890 C
1195 152 35.367 -15.945 -1.521 N
1196 152 34.479 -16.637 -0.632 C
1197 152 33.068 -16.420 -1.091 C
1198 152 32.248 -17.359 -1.209 O
1199 152 34.745 -16.196 0.840 C
1200 152 36.100 -16.464 1.198 O
1201 152 33.933 -17.048 1.773 C
1202 153 32.787 -15.167 -1.353 N
1203 153 31.448 -14.820 -1.830 C
1204 153 31.130 -15.410 -3.175 C
1205 153 30.018 -15.806 -3.506 O
1206 153 31.345 -13.309 -2.044 C
1207 153 30.941 -12.503 -0.806 C
1208 153 29.814 -12.838 -0.039 C
1209 153 31.670 -11.376 -0.417 C
1210 153 29.446 -12.118 1.106 C
1211 153 31.309 -10.626 0.712 C
1212 153 30.182 -10.987 1.453 C
1213 154 32.146 -15.429 -3.987 N
1214 154 32.016 -15.921 -5.339 C
1215 154 31.792 -17.409 -5.413 C
1216 154 30.951 -17.860 -6.189 O
1217 154 33.230 -15.571 -6.218 C
1218 154 33.011 -15.900 -7.701 C
1219 154 34.170 -15.488 -8.614 C
1220 154 33.663 -14.712 -9.763 
1221 154 34.089 -13.487 -10.173 
1222 154 35.078 -12.832 -9.553 
1223 154 33.527 -12.883 -11.245 N
1224 155 32.538 -18.158 -4.595 N
1225 155 32.489 -19.595 -4.651 C
1226 155 31.638 -20.258 -3.629 C
1227 155 31.204 -21.376 -3.813 O
1228 155 33.859 -20.282 -4.472 C
1229 155 34.470 -20.056 -3.196 O
1230 155 34.693 -19.647 -5.550 C
1231 156 31.483 -19.586 -2.531 N
1232 156 30.755 -20.122 -1.451 C
1233 156 31.512 -21.258 -0.778 C
1234 156 30.920 -22.077 -0.055 O
1235 157 32.827 -21.350 -0.974 N
1236 157 33.617 -22.395 -0.269 C
1237 157 34.736 -21.654 0.496 C
1238 157 34.898 -20.468 0.306 O
1239 157 34.410 -23.213 -1.282 C
1240 157 35.395 -22.305 -1.779 O
1241 157 33.503 -23.609 -2.450 C
1242 158 35.529 -22.335 1.310 N
1243 158 36.628 -21.755 2.020 C
1244 158 37.925 -21.981 1.265 C
1245 158 38.999 -21.965 1.832 O
1246 158 36.852 -22.513 3.377 C
1247 158 35.703 -22.360 4.357 C
1248 158 34.769 -23.304 4.647 C
1249 158 35.357 -21.166 5.144 C
1250 158 33.852 -22.771 5.526 N
1251 158 34.190 -21.479 5.873 C
1252 158 35.923 -19.876 5.291 C
1253 158 33.591 -20.565 6.748 C
1254 158 35.345 -19.013 6.176 C
1255 158 34.175 -19.340 6.882 C
1256 159 37.884 -22.216 -0.034 N
1257 159 39.127 -22.459 -0.756 C
1258 159 40.212 -21.384 -0.619 C
1259 159 41.381 -21.681 -0.589 O
1260 159 38.857 -22.766 -2.224 C
1261 159 38.035 -24.031 -2.414 C
1262 159 37.956 -24.781 -1.340 O
1263 159 37.435 -24.278 -3.444 O
1264 160 39.830 -20.113 -0.490 N
1265 160 40.780 -19.008 -0.358 C
1266 160 41.575 -19.017 0.934 C
1267 160 42.579 -18.344 1.089 O
1268 160 40.086 -17.662 -0.537 C
1269 161 41.120 -19.784 1.890 N
1270 161 41.735 -19.874 3.191 C
1271 161 42.419 -21.217 3.499 C
1272 161 43.151 -21.322 4.479 O
1273 161 40.619 -19.592 4.218 C
1274 161 40.179 -18.133 4.206 C
1275 161 40.835 -17.224 5.032 C
1276 161 39.149 -17.676 3.373 C
1277 161 40.469 -15.878 5.041 C
1278 161 38.748 -16.335 3.400 C
1279 161 39.416 -15.439 4.235 C
1280 161 39.058 -14.089 4.295 O
1281 162 42.131 -22.266 2.743 N
1282 162 42.745 -23.563 3.020 C
1283 162 44.088 -23.436 2.401 C
1284 162 44.117 -23.104 1.230 O
1285 162 41.917 -24.723 2.519 C
1286 162 40.498 -24.725 3.095 C
1287 162 39.582 -25.836 2.537 
1288 162 38.772 -25.484 1.270 
1289 162 37.353 -25.944 1.261 N
1290 163 45.105 -23.599 3.244 N
1291 163 46.531 -23.436 2.973 C
1292 163 47.217 -22.459 3.976 C
1293 163 48.360 -22.661 4.458 
1294 163 46.859 -22.833 1.578 C
1295 163 46.667 -23.785 0.392 
1296 163 47.383 -24.806 0.242 
1297 163 45.656 -23.470 -0.433 
1298 164 46.462 -21.381 4.281 N
1299 164 46.810 -20.227 5.137 C
1300 164 47.172 -20.478 6.626 C
1301 164 47.817 -19.589 7.268 O
1302 164 45.744 -19.128 4.910 C
1303 164 45.772 -18.573 3.484 C
1304 164 45.008 -17.266 3.399 C
1305 164 47.195 -18.270 3.062 C
1306 164 46.889 -21.582 7.149 
