1288 3093
0 2
0 3
0 4
1 3
1 5
1 8
1 42
2 4
2 5
2 9
3 4
3 8
3 9
4 6
4 7
5 7
5 8
8 10
8 11
8 12
8 13
9 11
9 13
9 14
9 16
10 12
10 13
10 14
10 17
10 18
11 14
11 16
11 17
11 18
11 35
11 44
12 14
12 15
12 16
14 15
14 24
14 35
16 18
16 20
16 22
16 24
17 19
17 21
17 22
17 23
17 24
18 20
18 21
18 22
18 25
18 26
19 24
19 25
19 26
19 52
20 23
21 22
22 24
24 26
24 28
24 29
24 35
25 27
25 29
25 35
26 28
26 36
26 37
26 44
27 35
27 36
27 37
27 60
28 30
28 31
28 35
29 32
29 33
29 34
30 31
30 33
30 34
31 32
31 34
32 33
35 37
35 39
35 44
36 38
36 40
36 44
37 39
37 45
37 46
38 44
38 45
38 46
38 71
39 41
39 42
39 44
40 42
40 43
42 43
44 46
44 48
44 52
45 47
45 49
45 52
46 48
46 49
46 53
46 54
46 60
47 52
47 53
47 54
47 79
48 50
48 52
49 51
52 54
52 56
52 60
53 55
53 57
53 59
53 60
54 56
54 61
54 62
54 71
55 56
55 60
55 61
55 62
55 87
56 58
56 59
58 59
60 62
60 64
60 71
61 63
61 65
61 71
62 64
62 65
62 72
62 73
63 65
63 71
63 72
63 73
63 96
64 66
65 67
65 68
66 68
66 69
67 69
67 70
69 70
71 73
71 75
71 76
71 79
72 74
72 76
72 77
72 79
73 75
73 77
73 80
73 81
74 77
74 79
74 80
74 81
75 78
75 79
76 77
79 81
79 83
79 84
79 87
80 82
80 84
80 85
80 87
81 83
81 88
82 83
82 87
82 88
83 85
83 86
85 86
85 1167
85 1170
86 790
86 1278
87 89
87 91
87 92
87 96
88 90
88 92
88 93
88 94
88 96
89 91
89 97
89 98
89 99
90 91
90 96
90 97
90 98
91 93
91 94
92 94
92 95
94 95
95 1144
95 1145
96 98
96 99
97 99
97 100
98 101
99 100
99 101
100 102
100 103
100 104
101 103
101 105
101 106
101 108
102 104
102 105
102 109
103 104
103 105
103 108
103 109
104 106
104 107
106 107
108 110
108 111
108 112
108 113
108 235
109 111
109 113
109 119
110 112
110 120
111 112
111 119
111 120
111 232
111 233
112 114
112 115
113 115
114 116
114 117
115 117
115 118
117 118
119 121
119 123
119 124
119 127
120 122
120 124
120 126
120 127
121 123
121 128
122 123
122 127
122 128
122 445
123 125
123 126
125 126
127 129
127 130
127 131
128 130
128 132
128 136
129 131
129 132
129 137
129 138
129 139
130 136
130 137
130 138
130 139
131 133
132 134
133 135
134 437
134 444
136 138
136 139
136 140
136 141
136 437
137 139
137 141
137 142
137 144
138 140
138 142
138 145
139 140
139 144
139 145
140 143
141 142
142 143
144 146
144 147
144 148
144 149
144 220
145 147
145 149
145 156
146 148
146 149
146 157
147 156
147 157
147 217
148 150
148 151
148 156
149 152
149 153
149 154
150 151
150 153
150 154
151 152
151 154
152 153
152 155
153 155
156 158
156 159
156 160
156 161
157 159
157 161
157 165
157 196
158 160
158 166
158 167
158 168
159 160
159 165
159 166
159 167
159 168
160 162
161 163
162 164
165 167
165 168
165 169
165 171
165 196
166 168
166 170
166 171
166 173
167 169
167 170
167 171
167 174
167 175
168 171
168 173
168 174
168 175
168 189
169 171
169 172
169 173
171 172
171 173
171 180
171 189
171 193
173 175
173 177
173 179
173 180
174 176
174 178
174 179
174 180
175 177
175 178
175 181
176 177
176 178
176 180
176 181
178 179
180 182
180 184
180 185
180 189
181 183
181 185
181 189
182 184
182 190
183 184
183 189
183 190
184 186
184 187
185 187
185 188
187 188
189 191
189 193
190 192
190 193
191 194
192 193
192 194
193 195
193 196
193 197
193 198
194 196
194 198
194 199
194 205
195 197
195 206
195 207
196 205
196 206
196 207
196 222
197 199
197 200
197 205
198 201
198 202
198 203
199 200
199 202
199 203
200 201
200 203
201 202
201 204
202 204
205 207
205 208
205 209
205 210
206 208
206 210
206 211
206 217
207 209
207 218
207 222
208 209
208 217
208 218
208 266
209 211
209 212
210 213
210 214
210 215
211 212
211 214
211 215
212 213
212 215
213 214
213 216
214 216
217 219
217 220
217 221
217 222
218 220
218 222
218 223
218 224
219 221
219 223
219 225
219 228
220 224
220 225
221 224
222 223
223 224
224 226
224 227
224 228
224 230
224 251
225 227
225 229
225 230
225 232
226 228
226 229
226 230
226 233
226 234
227 232
227 233
227 234
227 248
228 231
228 232
229 230
229 232
232 234
232 235
233 235
233 236
234 237
235 236
235 237
236 238
236 240
236 241
236 244
237 239
237 241
237 242
237 244
238 240
238 242
238 245
238 246
239 240
239 242
239 244
239 245
239 246
240 243
241 242
244 246
244 248
245 247
245 248
246 249
247 248
247 249
248 250
248 251
248 252
249 251
249 253
249 258
250 252
250 253
250 259
250 260
251 252
251 258
251 259
251 260
252 254
252 255
253 256
253 257
254 255
254 257
254 552
255 256
258 260
258 261
258 262
259 261
259 263
259 264
259 266
260 262
260 263
260 267
260 268
261 262
261 266
261 267
262 264
262 265
264 265
266 268
266 270
266 271
266 274
267 269
267 271
267 273
267 274
268 270
268 275
268 278
269 274
269 275
270 272
270 273
270 274
272 273
274 276
274 277
274 278
274 280
275 277
275 279
275 280
275 281
276 278
276 279
276 280
276 282
277 281
277 282
278 281
279 280
279 281
281 283
281 285
281 286
281 290
282 284
282 286
282 290
283 285
283 291
284 285
284 290
284 291
285 287
286 288
287 289
290 292
290 293
290 294
291 293
291 295
291 296
291 302
292 294
292 295
292 297
292 298
292 302
292 303
293 295
293 296
293 297
293 298
293 303
296 298
296 300
296 301
296 303
297 299
297 301
297 302
297 303
298 300
298 304
299 300
299 303
299 304
300 302
303 305
303 306
303 307
304 306
304 308
304 309
305 307
305 308
305 310
305 311
305 317
306 307
306 309
306 310
306 311
306 317
306 325
306 330
308 309
308 317
309 311
309 313
309 317
310 312
310 314
310 315
310 317
311 313
311 314
311 318
311 319
312 313
312 314
312 317
312 318
312 319
312 335
313 315
313 316
315 316
317 319
317 321
317 322
317 325
318 320
318 322
318 323
318 325
319 321
319 326
319 327
319 330
320 325
320 326
320 327
320 344
321 323
321 324
321 325
323 324
325 327
325 329
325 330
326 328
326 330
327 329
327 331
327 332
328 330
328 331
328 332
328 350
328 355
329 330
330 332
330 334
330 335
331 333
331 335
332 334
332 336
332 337
332 344
333 335
333 336
333 337
333 359
334 335
335 337
335 339
335 344
336 338
336 340
336 344
337 339
337 345
337 346
338 344
338 345
338 346
338 347
338 367
339 341
340 342
341 343
344 346
344 348
344 350
345 347
345 349
345 350
346 348
346 349
346 351
346 352
346 359
347 350
347 351
347 352
347 359
347 367
347 375
348 350
350 352
350 354
350 355
350 359
351 353
351 355
351 356
351 359
352 354
352 360
352 361
353 359
353 360
353 361
353 384
354 356
354 357
354 359
355 357
355 358
357 358
357 382
357 383
359 361
359 363
359 367
360 362
360 364
360 365
360 367
361 363
361 364
361 368
361 369
361 375
362 367
362 368
362 369
362 384
362 389
363 365
363 366
363 367
365 366
367 369
367 371
367 372
367 375
368 370
368 372
368 373
368 375
368 404
369 371
369 376
369 377
370 375
370 376
370 377
370 397
371 373
371 374
371 375
371 404
372 404
373 374
373 404
373 420
375 377
375 379
375 384
376 378
376 380
376 384
377 379
377 380
377 385
377 386
378 384
378 385
378 386
379 381
379 382
379 384
380 382
381 383
384 386
384 388
384 389
385 387
385 389
386 388
386 390
387 389
387 390
389 391
389 393
389 394
389 397
390 392
390 394
390 395
390 396
390 397
391 393
391 395
391 398
391 399
392 393
392 395
392 397
392 398
393 396
393 397
394 395
395 396
397 399
397 401
398 400
398 401
399 402
399 405
400 401
400 402
400 405
401 403
401 404
401 405
402 404
402 406
402 412
403 405
403 406
403 413
403 414
404 412
404 413
405 407
405 412
406 408
406 409
406 410
407 409
407 410
408 410
408 411
408 485
410 411
410 415
411 484
411 485
412 414
412 415
412 416
412 420
413 415
413 417
413 418
413 420
414 416
414 421
415 416
415 420
415 421
416 418
416 419
418 419
420 422
420 424
420 425
420 426
421 423
421 425
421 426
422 424
422 427
422 428
422 430
423 424
423 426
423 427
423 428
423 429
423 430
423 438
424 426
426 428
426 430
426 434
427 429
427 431
427 432
427 434
428 430
428 435
428 436
428 438
429 430
429 431
429 434
429 435
429 436
429 438
430 432
430 433
432 433
434 436
434 438
435 437
435 438
436 439
437 438
437 439
438 440
438 441
438 442
438 444
439 441
439 443
439 444
439 445
440 442
440 443
440 446
441 442
441 445
441 446
443 444
443 445
445 447
445 448
445 449
445 450
445 451
446 448
446 450
446 451
446 453
447 449
447 450
447 454
448 453
448 454
449 452
449 453
449 484
450 451
451 452
453 455
453 456
453 457
453 458
453 459
453 484
454 456
454 458
454 459
454 460
455 457
455 458
455 461
455 462
455 469
456 460
456 461
456 462
456 477
456 486
457 460
458 459
460 462
460 464
460 469
461 463
461 465
461 469
462 464
462 465
462 470
462 471
462 477
463 469
463 470
463 471
463 486
463 491
464 466
464 469
465 467
466 468
469 471
469 473
469 475
469 477
470 472
470 474
470 475
470 477
471 473
471 478
471 479
472 477
472 478
472 479
472 500
473 475
473 476
473 477
475 476
477 479
477 481
477 482
477 486
478 480
478 482
478 486
479 481
479 487
479 488
480 486
480 487
480 488
480 500
480 509
481 483
481 484
481 486
482 484
482 485
484 485
486 488
486 490
486 491
487 489
487 491
488 490
488 492
488 493
488 500
489 491
489 492
489 493
489 517
490 491
491 493
491 495
491 500
492 494
492 496
492 500
493 495
493 501
493 502
494 495
494 500
494 501
494 502
494 528
495 497
495 498
496 498
496 499
498 499
500 502
500 504
500 509
501 503
501 505
501 509
502 504
502 505
502 510
502 511
502 517
503 509
503 510
503 511
503 536
504 506
504 509
505 507
506 508
509 511
509 513
509 514
509 517
510 512
510 514
510 516
510 517
511 513
511 518
511 519
512 513
512 517
512 518
512 519
512 545
513 515
513 516
513 517
515 516
517 519
517 521
517 528
518 520
518 522
518 523
518 528
519 521
519 522
519 529
519 530
520 528
520 529
520 530
520 545
520 553
521 523
521 524
521 528
522 525
522 526
522 527
523 524
523 526
523 527
524 525
524 527
525 526
528 530
528 532
528 533
528 536
529 531
529 533
529 534
529 536
530 532
530 537
530 538
531 536
531 537
531 538
531 560
532 534
532 535
532 536
534 535
536 538
536 540
536 541
536 545
537 539
537 541
537 545
538 540
538 546
538 547
539 545
539 546
539 547
539 568
540 542
540 544
540 545
541 543
541 544
543 544
545 547
545 549
545 550
545 551
545 553
546 548
546 550
546 551
546 553
547 549
547 554
547 555
548 553
548 554
548 555
548 573
549 551
549 552
551 552
553 555
553 557
553 559
553 560
554 556
554 558
554 559
554 560
555 557
555 558
555 561
555 562
556 560
556 561
556 562
556 573
556 578
558 559
560 562
560 564
560 568
561 563
561 565
561 566
561 568
562 564
562 565
562 569
562 570
563 568
563 569
563 570
563 585
564 566
564 567
564 568
566 567
567 592
567 595
568 570
568 572
568 573
569 571
569 573
570 572
570 574
570 575
571 573
571 574
571 575
571 596
572 573
573 575
573 577
573 578
574 576
574 578
575 577
575 579
575 580
576 578
576 579
576 580
576 581
576 596
576 600
577 578
578 580
578 582
578 584
578 585
579 581
579 583
579 584
579 585
580 582
580 583
580 586
580 587
580 596
581 585
581 586
581 587
581 600
581 608
582 585
583 584
585 587
585 589
585 596
586 588
586 590
586 596
587 589
587 597
587 598
588 596
588 597
588 598
588 616
589 591
589 592
589 594
590 592
591 593
591 594
592 594
592 595
594 595
596 598
596 600
597 599
597 600
597 846
598 601
598 602
599 600
599 601
599 602
599 627
600 602
600 604
600 605
600 608
601 603
601 605
601 606
601 608
602 604
602 606
602 609
602 610
602 616
603 606
603 608
603 609
603 610
603 616
603 627
604 607
604 608
605 606
606 607
608 610
608 612
608 613
608 616
609 611
609 613
609 615
609 616
610 612
610 617
611 612
611 616
611 617
612 614
612 615
614 615
616 618
616 620
616 627
617 619
617 621
617 627
618 620
618 628
618 629
619 620
619 627
619 628
620 622
621 623
622 624
622 625
623 625
623 626
625 626
627 629
627 630
627 631
628 630
628 632
628 633
628 635
629 631
629 632
629 633
629 636
629 637
629 640
630 631
630 635
630 636
630 637
630 640
630 649
630 657
631 633
631 634
633 634
633 640
633 644
633 649
634 845
635 637
635 639
635 640
636 638
636 640
637 639
637 641
638 639
638 640
638 641
639 640
640 642
640 644
640 649
641 643
641 645
641 649
642 644
642 650
643 644
643 649
643 650
644 646
644 649
645 647
646 648
649 651
649 653
649 654
649 657
650 652
650 654
650 656
650 657
651 653
651 658
651 659
652 653
652 657
652 658
652 659
652 673
652 680
653 655
653 656
655 656
657 659
657 661
657 666
657 672
658 660
658 662
658 666
658 672
659 661
659 662
659 667
659 668
659 672
659 673
660 666
660 667
660 668
660 673
660 680
660 692
661 663
661 666
662 664
662 665
663 665
665 699
666 668
666 670
666 671
666 673
667 669
667 671
667 672
667 673
668 670
668 674
668 675
669 673
669 674
669 675
669 700
670 672
670 673
673 675
673 677
673 679
673 680
674 676
674 678
674 679
674 680
675 677
675 678
675 681
675 682
676 680
676 681
676 682
676 700
676 705
677 680
678 679
680 682
680 684
680 692
681 683
681 685
681 692
682 684
682 685
682 693
682 694
682 700
683 692
683 693
683 694
683 700
683 706
683 752
684 686
684 687
684 692
685 688
685 689
685 690
686 687
686 689
686 690
687 688
687 690
688 689
688 691
689 691
692 694
692 696
692 697
692 700
693 695
693 697
693 698
693 700
694 696
694 701
694 702
695 696
695 700
695 701
695 755
696 698
696 699
696 700
698 699
700 702
700 704
700 705
700 706
701 703
701 705
701 706
702 704
702 705
702 707
703 704
703 706
703 707
703 967
705 706
706 708
706 709
706 710
706 711
707 709
707 711
707 714
708 710
708 715
708 716
708 717
709 714
709 715
709 752
709 753
709 755
710 712
710 713
710 714
712 713
714 716
714 717
714 718
714 719
714 721
715 717
715 719
715 721
715 722
716 718
716 719
716 720
716 723
716 724
717 722
717 723
717 724
717 745
718 720
718 721
718 722
720 721
720 734
721 743
722 724
722 726
722 727
723 725
723 727
724 726
724 728
724 729
725 727
725 728
725 729
727 729
727 731
727 733
727 734
728 730
728 732
728 733
728 734
729 731
729 732
729 735
729 736
729 745
730 734
730 735
730 736
730 745
730 756
730 760
730 762
731 734
732 733
734 736
734 738
734 739
734 745
735 737
735 739
735 745
736 738
736 746
736 747
736 756
737 738
737 745
737 746
737 747
737 762
737 767
738 740
739 741
740 742
740 743
741 743
741 744
741 1203
743 744
745 747
745 749
745 750
745 756
746 748
746 750
746 756
747 749
747 757
747 758
747 762
748 756
748 757
748 758
748 767
748 775
749 751
749 756
750 752
751 753
751 754
752 754
752 755
754 755
756 758
756 760
756 762
757 759
757 761
757 762
758 760
758 763
758 764
758 767
759 762
759 763
759 764
759 775
759 783
760 762
762 764
762 766
762 767
763 765
763 767
764 766
764 768
764 769
765 767
765 768
765 769
765 791
766 767
767 769
767 771
767 775
768 770
768 772
768 773
768 775
769 771
769 772
769 776
769 777
769 783
770 775
770 776
770 777
770 799
771 773
771 774
773 774
775 777
775 779
775 780
775 783
776 778
776 780
776 781
776 783
777 779
777 781
777 784
777 785
778 781
778 783
778 784
778 785
778 806
779 782
779 783
780 781
781 782
783 785
783 787
783 791
784 786
784 788
784 789
784 791
785 787
785 788
785 789
785 792
785 793
786 789
786 791
786 792
786 793
786 817
787 789
787 790
787 791
789 790
789 1142
789 1145
791 793
791 795
791 796
791 799
792 794
792 796
792 799
793 795
793 800
793 801
794 799
794 800
794 801
794 817
794 826
795 797
795 798
795 799
796 798
799 801
799 803
799 805
799 806
800 802
800 804
800 805
800 806
801 803
801 804
801 807
801 808
801 817
802 804
802 806
802 807
802 808
802 834
802 835
804 805
806 808
806 810
806 817
807 809
807 811
807 817
808 810
808 811
808 818
808 819
809 817
809 818
809 819
810 812
810 813
810 817
811 814
811 815
811 816
812 813
812 815
812 816
813 814
813 816
814 815
817 819
817 821
817 826
818 820
818 822
818 826
819 821
819 822
819 827
820 822
820 826
820 827
821 823
821 824
821 826
822 824
822 825
824 825
824 1078
824 1142
826 828
826 830
826 831
826 834
827 829
827 831
827 834
828 830
828 831
828 835
828 836
828 837
829 830
829 834
829 835
829 837
830 832
830 833
831 833
833 1076
834 836
834 837
835 837
835 838
836 839
836 840
837 838
837 839
837 840
837 858
838 840
838 842
838 847
839 841
839 843
839 847
840 842
840 848
840 849
841 847
841 848
841 849
841 865
841 869
842 844
842 845
842 847
843 845
843 846
845 846
847 849
847 851
847 852
847 854
848 850
848 852
848 853
848 854
849 851
849 855
849 856
850 854
850 855
850 856
850 870
851 854
852 853
854 856
854 858
855 857
855 858
856 859
856 860
857 858
857 859
857 860
857 870
858 860
858 862
858 864
858 865
859 861
859 863
859 864
859 865
860 862
860 863
860 866
860 867
860 870
861 863
861 865
861 866
861 867
861 870
861 874
862 865
863 864
865 867
865 869
865 870
866 868
866 870
867 869
867 871
868 869
868 870
868 871
870 872
870 874
871 873
871 874
872 875
872 876
872 885
873 874
873 875
873 876
873 885
874 876
874 878
874 879
874 885
875 877
875 879
875 885
876 878
876 886
876 887
877 878
877 885
877 886
877 887
877 900
877 906
877 911
878 880
878 881
879 882
879 883
879 884
880 881
880 883
880 884
881 882
881 884
882 883
885 887
885 889
885 890
885 892
886 888
886 890
886 891
886 892
887 889
887 891
887 893
887 894
888 891
888 892
888 893
888 894
888 914
889 892
890 891
891 892
892 894
892 896
892 897
892 898
892 900
893 895
893 897
893 898
893 900
894 896
894 901
894 902
895 900
895 901
895 902
895 914
895 925
896 898
896 899
898 899
898 923
900 902
900 904
900 905
900 906
901 903
901 905
901 906
902 904
902 907
902 908
902 914
903 906
903 907
903 908
903 933
904 906
905 1033
906 908
906 910
906 911
906 914
907 909
907 911
907 913
907 914
908 910
908 915
908 916
909 914
909 915
909 916
909 933
909 941
910 912
910 913
910 914
912 913
914 916
914 918
914 925
915 917
915 919
915 925
916 918
916 919
916 926
916 927
917 925
917 926
917 927
917 941
917 950
918 920
918 925
919 921
920 922
920 923
921 923
921 924
923 924
925 927
925 929
925 930
925 933
926 928
926 930
926 933
927 929
927 934
927 935
927 941
928 933
928 934
928 935
928 941
928 950
928 959
928 968
929 931
930 932
933 935
933 937
933 941
934 936
934 938
934 940
934 941
935 937
935 942
935 943
935 950
936 941
936 942
936 943
936 959
937 939
937 940
937 941
939 940
941 943
941 945
941 950
942 944
942 946
942 950
943 945
943 951
944 950
944 951
945 947
945 948
946 948
946 949
948 949
950 952
950 954
950 955
950 959
951 953
951 955
951 959
952 954
952 960
952 961
952 968
953 954
953 959
953 960
953 961
954 956
954 958
955 957
955 958
957 958
959 961
959 963
959 964
959 968
960 962
960 964
960 968
961 963
961 969
962 963
962 968
962 969
963 965
964 966
965 967
968 970
968 972
968 973
968 979
969 971
969 973
969 979
970 972
970 980
970 981
971 972
971 979
971 980
971 981
971 1010
972 974
973 975
973 976
973 977
974 976
974 977
975 977
975 978
977 978
979 981
979 983
979 984
979 993
980 982
980 984
980 993
981 983
981 994
981 995
982 993
982 994
982 995
982 1015
983 985
983 986
983 993
984 987
984 988
984 989
985 986
985 988
986 987
986 990
986 991
986 992
987 990
988 989
988 991
988 992
989 990
989 992
990 991
993 995
993 997
993 998
993 999
993 1001
994 996
994 998
994 999
994 1001
995 997
995 1002
995 1003
996 1001
996 1002
996 1003
996 1020
997 999
997 1000
999 1000
1001 1003
1001 1005
1001 1006
1001 1010
1002 1004
1002 1006
1002 1010
1003 1005
1003 1011
1003 1012
1003 1015
1004 1010
1004 1011
1004 1012
1004 1027
1005 1007
1005 1008
1005 1010
1006 1008
1006 1009
1008 1009
1010 1012
1010 1014
1010 1015
1011 1013
1011 1015
1012 1014
1012 1016
1012 1017
1013 1015
1013 1016
1013 1017
1013 1035
1014 1015
1015 1017
1015 1019
1015 1020
1016 1018
1016 1020
1017 1019
1017 1021
1017 1022
1018 1020
1018 1021
1018 1022
1019 1020
1020 1022
1020 1024
1020 1026
1020 1027
1021 1023
1021 1025
1021 1026
1021 1027
1022 1024
1022 1025
1022 1028
1022 1029
1023 1025
1023 1027
1023 1028
1023 1029
1024 1027
1025 1026
1027 1029
1027 1031
1027 1035
1028 1030
1028 1032
1028 1035
1029 1031
1029 1032
1029 1033
1029 1036
1029 1037
1029 1039
1030 1035
1030 1036
1030 1037
1030 1039
1030 1044
1031 1033
1031 1034
1031 1035
1033 1034
1035 1037
1035 1039
1036 1038
1036 1039
1037 1040
1037 1041
1037 1044
1038 1039
1038 1040
1038 1041
1038 1058
1039 1041
1039 1043
1039 1044
1040 1042
1040 1044
1041 1043
1041 1045
1041 1046
1042 1043
1042 1044
1042 1045
1042 1053
1044 1046
1044 1048
1044 1049
1044 1053
1045 1047
1045 1049
1045 1053
1046 1048
1046 1054
1046 1057
1047 1048
1047 1053
1047 1054
1048 1050
1049 1051
1050 1052
1053 1055
1053 1056
1053 1057
1053 1058
1054 1056
1054 1058
1054 1059
1055 1057
1055 1058
1055 1060
1055 1061
1055 1070
1056 1058
1056 1059
1056 1060
1056 1061
1056 1084
1056 1096
1056 1102
1057 1059
1058 1084
1059 1061
1059 1063
1059 1070
1060 1062
1060 1064
1060 1070
1061 1063
1061 1064
1061 1071
1061 1072
1061 1084
1062 1070
1062 1071
1062 1072
1062 1073
1062 1084
1062 1096
1062 1104
1063 1065
1063 1070
1064 1066
1065 1067
1065 1068
1066 1068
1066 1069
1068 1069
1070 1072
1070 1074
1070 1084
1071 1073
1071 1075
1071 1084
1072 1074
1072 1075
1072 1085
1072 1086
1073 1084
1073 1085
1073 1086
1073 1113
1073 1118
1074 1076
1074 1077
1074 1084
1075 1078
1075 1079
1075 1080
1076 1077
1076 1079
1077 1078
1077 1081
1077 1082
1077 1083
1078 1081
1079 1080
1079 1082
1079 1083
1080 1081
1080 1083
1081 1082
1084 1086
1084 1088
1084 1096
1085 1087
1085 1089
1085 1096
1086 1088
1086 1089
1086 1091
1086 1097
1086 1098
1087 1088
1087 1089
1087 1091
1087 1096
1087 1097
1087 1098
1087 1120
1087 1121
1088 1090
1088 1091
1088 1096
1089 1092
1089 1093
1089 1094
1090 1091
1090 1093
1090 1094
1091 1092
1091 1094
1092 1093
1092 1095
1093 1095
1095 1158
1096 1098
1096 1100
1096 1101
1096 1104
1097 1099
1097 1101
1097 1103
1097 1104
1098 1100
1098 1105
1099 1100
1099 1104
1099 1105
1100 1102
1100 1103
1102 1103
1104 1106
1104 1108
1104 1109
1104 1113
1105 1107
1105 1109
1105 1110
1105 1113
1106 1108
1106 1114
1107 1113
1107 1114
1108 1110
1108 1112
1109 1111
1109 1112
1111 1112
1113 1115
1113 1117
1113 1118
1113 1119
1113 1120
1113 1126
1114 1116
1114 1118
1114 1119
1114 1120
1114 1126
1115 1117
1115 1118
1115 1121
1115 1122
1115 1126
1116 1117
1116 1118
1116 1120
1116 1121
1116 1122
1116 1146
1118 1119
1120 1122
1120 1124
1120 1125
1120 1127
1121 1123
1121 1125
1121 1126
1121 1127
1122 1124
1122 1128
1122 1129
1123 1127
1123 1128
1123 1129
1123 1151
1123 1156
1124 1126
1124 1127
1127 1129
1127 1131
1127 1132
1127 1135
1128 1130
1128 1132
1128 1133
1128 1135
1129 1131
1129 1136
1129 1137
1130 1135
1130 1136
1130 1137
1130 1160
1131 1133
1131 1134
1131 1135
1133 1134
1135 1137
1135 1139
1135 1146
1136 1138
1136 1140
1136 1146
1137 1139
1137 1140
1137 1147
1137 1148
1138 1146
1138 1147
1138 1148
1138 1160
1138 1171
1139 1141
1139 1146
1140 1142
1141 1143
1141 1144
1142 1144
1142 1145
1144 1145
1146 1148
1146 1150
1146 1151
1147 1149
1147 1151
1148 1150
1148 1152
1148 1153
1149 1151
1149 1152
1149 1153
1149 1178
1151 1153
1151 1155
1151 1156
1151 1160
1152 1154
1152 1156
1152 1160
1153 1155
1153 1161
1153 1162
1154 1155
1154 1160
1154 1161
1154 1162
1154 1186
1154 1191
1155 1157
1156 1158
1157 1159
1160 1162
1160 1164
1160 1165
1160 1171
1161 1163
1161 1165
1161 1171
1162 1164
1162 1172
1162 1173
1163 1171
1163 1172
1163 1173
1163 1193
1163 1198
1164 1166
1164 1167
1164 1171
1165 1167
1166 1168
1166 1169
1167 1169
1167 1170
1169 1170
1171 1173
1171 1175
1171 1177
1171 1178
1172 1174
1172 1176
1172 1177
1172 1178
1173 1175
1173 1176
1173 1179
1173 1180
1174 1176
1174 1178
1174 1179
1174 1180
1174 1200
1175 1178
1176 1177
1178 1180
1178 1182
1178 1183
1178 1186
1179 1181
1179 1183
1179 1184
1179 1186
1180 1182
1180 1184
1180 1187
1180 1188
1181 1184
1181 1186
1181 1187
1181 1188
1181 1211
1182 1185
1183 1184
1184 1185
1186 1188
1186 1190
1186 1191
1186 1193
1187 1189
1187 1191
1187 1192
1187 1193
1188 1190
1188 1192
1188 1194
1188 1195
1189 1190
1189 1192
1189 1193
1189 1194
1189 1195
1189 1222
1189 1227
1190 1193
1191 1192
1193 1195
1193 1197
1193 1198
1193 1200
1194 1196
1194 1198
1194 1199
1194 1200
1195 1197
1195 1199
1195 1201
1195 1202
1196 1200
1196 1201
1196 1202
1196 1229
1197 1200
1198 1199
1200 1202
1200 1204
1200 1211
1201 1203
1201 1205
1201 1206
1201 1211
1202 1204
1202 1212
1202 1213
1203 1211
1203 1212
1203 1213
1204 1206
1204 1207
1204 1211
1205 1208
1205 1209
1205 1210
1206 1207
1206 1209
1206 1210
1207 1208
1207 1210
1208 1209
1211 1213
1211 1215
1211 1222
1212 1214
1212 1216
1212 1222
1213 1215
1213 1216
1213 1223
1214 1215
1214 1216
1214 1222
1214 1223
1215 1217
1215 1218
1215 1222
1216 1218
1217 1219
1217 1220
1218 1220
1218 1221
1220 1221
1222 1224
1222 1226
1222 1227
1222 1228
1222 1229
1223 1225
1223 1227
1223 1228
1223 1229
1224 1226
1224 1227
1224 1230
1224 1231
1224 1233
1225 1226
1225 1229
1225 1230
1225 1231
1225 1233
1227 1228
1227 1229
1227 1233
1227 1238
1229 1231
1229 1233
1230 1232
1230 1233
1231 1234
1232 1233
1232 1234
1233 1235
1233 1236
1233 1237
1233 1238
1233 1239
1234 1236
1234 1238
1234 1239
1234 1240
1235 1237
1235 1238
1235 1241
1235 1254
1236 1238
1236 1240
1236 1241
1237 1240
1238 1239
1238 1240
1238 1254
1238 1259
1238 1260
1238 1261
1240 1242
1240 1244
1240 1245
1240 1254
1241 1243
1241 1245
1241 1254
1242 1244
1242 1255
1242 1256
1242 1262
1243 1244
1243 1254
1243 1255
1243 1256
1243 1262
1243 1267
1244 1246
1244 1247
1245 1248
1245 1249
1245 1250
1246 1247
1246 1249
1247 1248
1247 1251
1247 1252
1247 1253
1248 1251
1249 1250
1249 1252
1249 1253
1250 1251
1250 1253
1251 1252
1254 1256
1254 1258
1254 1259
1254 1260
1254 1262
1255 1257
1255 1259
1255 1260
1255 1262
1256 1258
1256 1263
1256 1264
1256 1267
1257 1258
1257 1262
1257 1263
1257 1264
1257 1267
1257 1279
1258 1260
1258 1261
1260 1261
1260 1287
1262 1264
1262 1266
1262 1267
1263 1265
1263 1267
1264 1266
1264 1268
1265 1266
1265 1267
1265 1268
1267 1269
1267 1271
1267 1272
1267 1279
1268 1270
1268 1272
1268 1279
1269 1271
1269 1280
1270 1271
1270 1279
1270 1280
1271 1273
1271 1274
1272 1275
1272 1276
1272 1277
1273 1274
1273 1276
1273 1277
1274 1275
1274 1277
1275 1276
1275 1278
1276 1278
1279 1281
1279 1283
1279 1284
1280 1282
1280 1284
1281 1283
1283 1285
1283 1286
1284 1286
1285 1287
1 1 43.986000 -3.347000 8.732000 N
2 1 43.622002 -1.983000 8.935000 C
3 1 42.224998 -1.961000 9.500000 C
4 1 41.424999 -2.846000 9.212000 O
5 1 43.606998 -1.294000 7.557000 C
6 1 43.037998 0.101000 7.615000 C
7 1 44.353001 1.323000 7.701000 S
8 1 45.608002 0.536000 6.673000 C
9 2 41.917000 -0.929000 10.255000 N
10 2 40.594002 -0.803000 10.813000 C
11 2 40.212002 0.636000 10.877000 C
12 2 41.014999 1.481000 10.584000 O
13 2 40.500000 -1.466000 12.190000 C
14 2 41.431999 -0.845000 13.173000 C
15 2 41.389000 0.364000 13.391000 O
16 2 42.279999 -1.664000 13.767000 N
17 3 38.993000 0.901000 11.324000 N
18 3 38.458000 2.250000 11.337000 C
19 3 39.299000 3.263000 12.117000 C
20 3 39.508999 4.429000 11.733000 O
21 3 36.971001 2.217000 11.733000 C
22 3 36.279999 3.573000 11.582000 C
23 3 36.813999 1.676000 13.148000 C
24 3 36.349998 4.202000 10.170000 C
25 4 39.768002 2.828000 13.265000 N
26 4 40.583000 3.729000 14.074000 C
27 4 41.880001 4.057000 13.385000 C
28 4 42.328999 5.192000 13.420000 O
29 4 40.896000 3.142000 15.469000 C
30 4 39.664001 3.046000 16.309000 C
31 4 38.852001 1.918000 16.224001 C
32 4 39.261002 4.105000 17.125000 C
33 4 37.682999 1.821000 16.979000 C
34 4 38.089001 4.025000 17.872000 C
35 4 37.305000 2.880000 17.802000 C
36 5 42.508999 3.043000 12.796000 N
37 5 43.768002 3.267000 12.126000 C
38 5 43.543999 4.147000 10.935000 C
39 5 44.333000 5.020000 10.652000 O
40 5 44.436001 1.960000 11.685000 C
41 5 45.098999 1.164000 12.836000 C
42 5 45.521000 -0.236000 12.412000 C
43 5 45.278000 -0.693000 11.322000 O
44 5 46.139000 -0.931000 13.342000 O
45 6 42.411999 3.938000 10.278000 N
46 6 42.050999 4.739000 9.123000 C
47 6 41.860001 6.179000 9.507000 C
48 6 42.365002 7.089000 8.874000 O
49 6 40.687000 4.294000 8.611000 C
50 6 40.303001 4.882000 7.283000 C
51 6 38.595001 4.487000 6.885000 S
52 6 38.439999 4.524000 5.065000 C
53 7 41.021999 6.388000 10.490000 N
54 7 40.766998 7.756000 10.892000 C
55 7 41.993000 8.417000 11.472000 C
56 7 42.183998 9.625000 11.311000 O
57 7 39.589001 7.876000 11.854000 C
58 7 38.258999 7.876000 11.123000 C
59 7 37.157001 7.620000 12.131000 C
60 7 38.026001 9.216000 10.415000 C
61 8 42.820999 7.641000 12.165000 N
62 8 44.023998 8.218000 12.721000 C
63 8 44.938000 8.755000 11.615000 C
64 8 45.594002 9.788000 11.777000 O
65 8 44.733002 7.308000 13.706000 C
66 8 46.117001 7.808000 14.102000 C
67 8 46.108002 8.781000 15.275000 C
68 8 47.386002 8.830000 15.982000 N
69 8 48.480000 9.386000 15.466000 C
70 8 48.488998 9.956000 14.260000 N
71 8 49.597000 9.379000 16.188999 N
72 9 44.965000 8.092000 10.452000 N
73 9 45.786999 8.569000 9.315000 C
74 9 45.210999 9.851000 8.706000 C
75 9 45.929001 10.792000 8.396000 O
76 9 45.945000 7.494000 8.242000 C
77 9 47.018002 6.503000 8.677000 C
78 9 46.327999 8.148000 6.899000 C
79 9 46.796001 5.123000 8.062000 C
80 10 43.877998 9.889000 8.551000 N
81 10 43.212002 11.015000 7.946000 C
82 10 43.147999 12.260000 8.816000 C
83 10 43.080002 13.349000 8.308000 O
84 10 41.785999 10.610000 7.547000 C
85 10 41.785999 9.760000 6.299000 C
86 10 42.658001 9.823000 5.460000 O
87 10 40.755001 8.966000 6.198000 O
88 11 43.097000 12.112000 10.137000 N
89 11 42.923000 13.263000 11.059000 C
90 11 44.167999 13.741000 11.795000 C
91 11 44.209999 14.869000 12.282000 O
92 11 41.876999 12.935000 12.164000 C
93 11 40.532001 12.572000 11.572000 C
94 11 39.806000 13.740000 10.960000 C
95 11 40.344002 14.908000 11.212000 O
96 11 38.768002 13.606000 10.357000 O
97 12 45.105000 12.838000 12.003000 N
98 12 46.294998 13.128000 12.760000 C
99 12 46.006001 13.136000 14.246000 C
100 12 44.896999 12.829000 14.688000 O
101 13 47.014999 13.483000 15.020000 N
102 13 46.855000 13.550000 16.474001 C
103 13 47.556999 14.777000 17.024000 C
104 13 48.778999 14.859000 16.962000 O
105 13 47.439999 12.302000 17.129000 C
106 13 47.695000 12.466000 18.617001 C
107 13 46.363998 12.582000 19.334999 C
108 13 48.397999 11.213000 19.093000 C
109 14 46.789001 15.716000 17.569000 N
110 14 47.319000 16.966000 18.128000 C
111 14 46.832001 17.127001 19.533001 C
112 14 45.643002 17.044001 19.775000 O
113 14 46.895000 18.157000 17.273001 C
114 14 47.279999 17.898001 15.819000 C
115 14 47.597000 19.108999 14.925000 C
116 14 48.376999 20.191000 15.517000 N
117 14 48.394001 21.402000 14.969000 1
18 14 47.687000 21.669001 13.867000 N
119 14 49.118999 22.370001 15.532000 N
120 15 47.766998 17.336000 20.444000 N
121 15 47.493000 17.459000 21.868999 C
122 15 47.171001 18.856001 22.360001 C
123 15 46.898998 19.052999 23.547001 O
124 15 48.620998 16.853001 22.722000 C
125 15 48.814999 15.362000 22.480000 C
126 15 49.696999 14.774000 23.558001 C
127 15 47.469002 14.640000 22.469000 C
128 16 47.209999 19.809999 21.441000 N
129 16 46.963001 21.198000 21.757999 C
130 16 45.887001 21.742001 20.830000 C
131 16 45.806999 21.292999 19.673000 O
132 16 48.279999 21.976000 21.613001 C
133 16 48.130001 23.474001 21.797001 1
34 16 48.473999 23.933001 23.209999 1
35 16 47.255001 24.406000 23.999001 1
36 16 47.338001 25.806000 24.466999 1
37 17 45.025002 22.667999 21.337000 N
138 17 43.936001 23.209000 20.497000 C
139 17 44.491001 23.663000 19.146000 C
140 17 45.520000 24.327000 19.105000 O
141 17 43.118000 24.330000 21.166000 C
142 17 42.333000 23.827999 22.372000 C
143 17 42.145000 25.016001 20.187000 C
144 17 41.384998 24.893999 22.909000 C
145 18 43.824001 23.320999 18.046000 N
146 18 44.299999 23.733000 16.749001 C
147 18 43.155998 24.056000 15.833000 C
148 18 42.025002 23.719000 16.134001 O
149 18 45.291000 22.716000 16.142000 C
150 18 44.599998 21.464001 15.656000 C
151 18 44.397999 20.391001 16.527000 C
152 18 44.125999 21.365999 14.344000 C
153 18 43.761002 19.236000 16.075001 C
154 18 43.507000 20.205999 13.868000 C
155 18 43.306999 19.149000 14.755000 C
156 18 42.691002 17.997999 14.326000 O
157 19 43.418999 24.747999 14.722000 N
158 19 42.341000 25.041000 13.796000 C
159 19 42.324001 24.006001 12.714000 C
160 19 43.349998 23.719999 12.095000 O
161 19 42.428001 26.391001 13.145000 C
162 19 42.372002 27.530001 14.138000 C
163 19 41.664001 28.757000 13.572000 C
164 19 42.247002 30.073999 14.071000 C
165 19 41.494999 31.264000 13.645000 1
66 20 41.154999 23.427000 12.502000 N
167 20 41.037998 22.431999 11.471000 C
168 20 41.140999 23.100000 10.097000 C
169 20 41.467999 24.285000 10.012000 O
170 20 39.785000 21.566999 11.614000 C
171 20 38.473000 22.200001 11.226000 C
172 20 38.528000 23.441999 10.847000 O
173 20 37.438999 21.589001 11.296000 O
174 21 40.801998 22.372000 9.029000 N
175 21 40.896999 22.954000 7.692000 C
176 21 39.929001 24.059000 7.371000 C
177 21 40.181000 24.830999 6.456000 O
178 21 41.161999 21.990999 6.528000 C
179 21 40.966000 22.667000 5.300000 O
180 21 40.250000 20.785000 6.639000 C
181 22 38.842999 24.150000 8.128000 N
182 22 37.858002 25.212000 7.901000 C
183 22 38.035000 26.381001 8.858000 C
184 22 37.213001 27.278000 8.895000 O
185 22 36.449001 24.662001 8.048000 C
186 22 36.287998 23.316999 7.337000 C
187 22 35.731998 23.530001 5.977000 C
188 22 35.138000 24.691000 5.884000 O
189 22 35.845001 22.729000 5.064000 1
90 23 39.105000 26.299000 9.661000 N
191 23 39.431999 27.287001 10.666000 C
192 23 38.716999 27.004999 11.993000 C
193 23 38.616001 27.886000 12.820000 O
194 24 38.222000 25.784000 12.220000 N
195 24 37.560001 25.532000 13.486000 C
196 24 38.472000 24.938999 14.546000 C
197 24 39.353001 24.113001 14.285000 O
198 24 36.333000 24.650999 13.363000 C
199 24 35.289001 25.112000 12.394000 C
200 24 34.896000 26.448000 12.331000 C
201 24 34.636002 24.179001 11.585000 C
202 24 33.891998 26.844999 11.448000 C
203 24 33.627998 24.559999 10.701000 C
204 24 33.261002 25.905001 10.636000 2
5 24 32.271999 26.327999 9.786000 O
206 25 38.221001 25.364000 15.773000 N
207 25 38.950001 24.878000 16.910000 C
208 25 38.662998 23.365999 17.146000 C
209 25 37.512001 22.922001 17.341999 O
210 25 38.522999 25.739000 18.098000 C
211 25 39.150002 27.094999 18.011000 C
212 25 40.535000 27.190001 17.879999 C
213 25 38.393002 28.263000 18.108000 C
214 25 41.167000 28.431000 17.820000 C
215 25 39.015999 29.513000 18.046000 C
216 25 40.401001 29.591999 17.924000 C
217 25 41.049000 30.799999 17.865000 O
218 26 39.750000 22.604000 17.145000 N
219 26 39.758999 21.156000 17.266001 C
220 26 40.891998 20.738001 18.170000 C
221 26 41.796001 21.503000 18.441000 O
222 26 39.986000 20.604000 15.806000 C
223 26 39.091000 21.226999 14.933000 O
224 26 39.860001 19.094000 15.666000 C
225 27 40.860001 19.490000 18.601999 N
226 27 41.911999 18.917000 19.396000 C
227 27 41.923000 17.400000 19.184999 C
228 27 40.994999 16.837999 18.639999 O
229 27 41.789001 19.311001 20.879000 C
230 27 43.108002 19.068001 21.643000 C
231 27 40.623001 18.540001 21.496000 C
232 27 43.265999 19.945999 22.878000 C
233 28 42.999001 16.753000 19.556999 N
234 28 43.102001 15.316000 19.480000 C
235 28 43.145000 14.773000 18.072001 C
236 28 43.939999 15.212000 17.252001 O
237 29 42.283001 13.784000 17.858999 N
238 29 42.146000 13.119000 16.594999 C
239 29 40.873001 13.560000 15.922000 C
240 29 39.868999 12.868000 15.922000 O
241 29 42.199001 11.605000 16.768999 C
242 29 43.581001 11.189000 17.327999 C
243 29 41.943001 10.955000 15.419000 C
244 29 43.568001 9.887000 18.150000 C
245 30 40.907001 14.774000 15.417000 N
246 30 39.775002 15.336000 14.725000 C
247 30 38.558998 15.628000 15.585000 C
248 30 37.449001 15.626000 15.088000 O
249 31 38.735001 15.952000 16.857000 N
250 31 37.554001 16.242001 17.665001 C
251 31 37.201000 17.726999 17.639999 C
252 31 37.900002 18.535000 18.247000 O
253 31 37.773998 15.758000 19.108999 C
254 31 36.580002 16.017000 19.969000 C
255 31 35.507000 15.118000 20.062000 N
256 31 36.293999 17.083000 20.750000 C
257 31 34.620998 15.661000 20.886000 C
258 31 35.074001 16.834999 21.329000 N
259 32 36.125999 18.101000 16.927000 N
260 32 35.703999 19.497000 16.820000 C
261 32 35.248001 20.049999 18.160000 C
262 32 34.441002 19.455999 18.879000 O
263 32 34.594002 19.679001 15.782000 C
264 32 33.938999 21.066000 15.867000 C
265 32 34.894001 22.131001 15.350000 C
266 32 32.632000 21.110001 15.073000 C
267 33 35.813999 21.146000 18.556999 N
268 33 35.396000 21.676001 19.834000 C
269 33 34.270000 22.653999 19.653000 C
270 33 33.271000 22.593000 20.363001 O
271 33 36.535999 22.374001 20.556999 C
272 33 37.530998 21.357000 21.069000 C
273 33 38.828999 22.080999 21.452000 C
274 33 36.945000 20.731001 22.320999 C
275 34 34.458000 23.576000 18.705999 N
276 34 33.466999 24.618000 18.464001 C
277 34 33.682999 25.278999 17.125999 C
278 34 34.808998 25.315001 16.642000 O
279 34 33.504002 25.702000 19.598000 C
280 34 32.457001 26.624001 19.431000 O
281 34 34.827999 26.466999 19.688000 C
282 35 32.597000 25.820999 16.569000 N
283 35 32.609001 26.539000 15.288000 C
284 35 32.727001 28.051001 15.480000 C
285 35 32.652000 28.816000 14.534000 O
286 35 31.364000 26.247000 14.478000 C
287 35 31.284000 24.816000 13.939000 C
288 35 30.230000 24.632000 12.841000 C
289 35 30.152000 23.212000 12.286000 2
90 35 28.856001 22.886999 11.657000 N
291 36 32.900002 28.454000 16.731001 N
292 36 33.014000 29.829000 17.150000 C
293 36 34.456001 30.312000 17.153999 C
294 36 35.379002 29.666000 17.615000 O
295 36 32.286999 30.096001 18.471001 C
296 36 33.153000 30.722000 19.403000 O
297 37 34.622002 31.485001 16.601999 2
98 37 35.887001 32.168999 16.440001 C
299 37 36.683998 32.341999 17.709999 C
300 37 37.868000 32.672001 17.648001 O
301 37 35.515999 33.562000 15.949000 C
302 37 34.004002 33.693001 16.007000 C
303 37 33.445000 32.353001 16.424000 C
304 38 36.027000 32.140999 18.856001 N
305 38 36.667999 32.359001 20.156000 C
306 38 37.416000 31.200001 20.782000 C
307 38 36.866001 30.132000 21.063999 O
308 38 35.721001 32.974998 21.183001 C
309 38 36.470001 33.386002 22.313000 3
10 39 38.676998 31.464001 21.063000 N
311 39 39.507999 30.485001 21.672001 C
312 39 39.037998 30.205000 23.080000 C
313 39 39.316002 29.169001 23.681999 O
314 39 40.957001 30.952999 21.677000 C
315 39 41.896999 29.896000 22.238001 C
316 39 41.882999 28.658001 21.350000 C
317 39 43.300999 30.445000 22.316000 C
318 40 38.320999 31.155001 23.627001 N
319 40 37.853001 30.961000 24.976999 C
320 40 36.736000 29.982000 25.003000 C
321 40 36.619999 29.150999 25.910999 O
322 40 37.382000 32.273998 25.613001 3
23 40 38.539001 33.091999 26.131001 3
24 40 39.508999 32.542000 26.688999 O
325 40 38.455002 34.403999 25.906000 3
26 41 35.880001 30.153000 24.023001 N
327 41 34.783001 29.261999 23.914000 C
328 41 35.339001 27.857000 23.687000 C
329 41 34.797001 26.865000 24.165001 O
330 41 33.900002 29.687000 22.764999 C
331 42 36.449001 27.785999 22.959000 N
332 42 37.070000 26.521000 22.636999 C
333 42 37.609001 25.891001 23.879999 C
334 42 37.424999 24.702999 24.167000 O
335 42 38.174000 26.702000 21.591000 C
336 43 38.313000 26.711000 24.620001 N
337 43 38.893002 26.271999 25.877001 C
338 43 37.792000 25.846001 26.868999 C
339 43 37.932999 24.907000 27.636000 O
340 43 39.751999 27.363001 26.480000 C
341 43 41.208000 27.266001 26.080999 C
342 43 41.925999 28.604000 26.090000 C
343 43 43.192001 28.566000 26.940001 C
344 43 44.264999 29.447001 26.462000 N
345 44 36.660000 26.525000 26.850000 N
346 44 35.612000 26.149000 27.752001 C
347 44 35.116001 24.761000 27.385000 C
348 44 35.063000 23.833000 28.211000 O
349 44 34.480000 27.180000 27.839001 C
350 44 33.299999 26.587999 28.379999 O
351 45 34.775002 24.643000 26.118999 N
352 45 34.296001 23.407000 25.547001 C
353 45 35.243000 22.278000 25.856001 C
354 45 34.827000 21.191000 26.240000 O
355 45 34.105999 23.540001 24.035000 C
356 45 32.891998 24.438000 23.680000 C
357 45 31.561001 23.881001 24.153000 C
358 45 31.278999 22.709999 24.145000 O
359 45 30.700001 24.782000 24.532000 O
360 46 36.522999 22.518000 25.743000 N
361 46 37.459000 21.445999 26.044001 C
362 46 37.402000 20.952000 27.490999 C
363 46 37.422001 19.752001 27.784000 O
364 46 38.875000 21.912001 25.705999 C
365 46 39.983002 20.899000 26.007000 C
366 46 39.772999 19.591000 25.247000 C
367 46 41.318001 21.507000 25.563000 C
368 47 37.366001 21.896000 28.424000 N
369 47 37.353001 21.538000 29.830000 C
370 47 36.143002 20.730000 30.181000 C
371 47 36.229000 19.780001 30.952999 O
372 47 37.430000 22.782000 30.715000 C
373 47 38.787998 23.412001 30.694000 C
374 47 39.794998 22.847000 30.301001 O
375 47 38.775002 24.624001 31.160999 O
376 48 35.037998 21.132000 29.561001 N
377 48 33.738998 20.496000 29.731001 C
378 48 33.738998 19.073999 29.139999 C
379 48 33.148998 18.125000 29.671000 O
380 48 32.693001 21.370001 29.045000 C
381 48 31.377001 20.669001 28.750999 C
382 48 30.254999 21.618999 28.344999 C
383 48 30.429001 22.170000 26.952000 C
384 48 29.677000 21.389000 25.981001 N
385 49 34.426998 18.910000 28.020000 N
386 49 34.486000 17.598000 27.389000 C
387 49 35.387001 16.639000 28.146999 C
388 49 35.109001 15.449000 28.219000 O
389 49 34.957001 17.721001 25.944000 C
390 50 36.472000 17.184999 28.712999 N
391 50 37.492001 16.409000 29.426001 C
392 50 37.182999 16.215000 30.884001 C
393 50 37.541000 15.224000 31.527000 O
394 50 38.856998 17.080999 29.304001 C
395 50 39.298000 16.995001 27.857000 C
396 50 39.852001 16.336000 30.173000 C
397 50 39.160000 15.589000 27.282000 C
398 51 36.521999 17.181000 31.441999 N
399 51 36.240002 17.009001 32.847000 C
400 51 37.314999 17.605000 33.750000 C
401 51 37.384998 17.275000 34.918999 O
402 52 38.145000 18.492001 33.226002 N
403 52 39.171001 19.124001 34.039001 C
404 52 39.605000 20.400000 33.405998 C
405 52 39.159000 20.700001 32.291000 O
406 52 40.362000 18.226000 34.327999 C
407 52 41.334000 18.035999 33.167000 C
408 52 42.257999 16.879000 33.481998 C
409 52 43.291000 16.622000 32.481998 N
410 52 44.057999 17.552000 31.968000 C
411 52 43.939999 18.834000 32.284000 N
412 52 44.952000 17.188999 31.073000 N
413 53 40.431000 21.155001 34.126999 N
414 53 40.964001 22.407000 33.611000 C
415 53 42.174000 22.054001 32.805000 C
416 53 43.223000 21.695000 33.333000 O
417 53 41.276001 23.427000 34.712002 C
418 53 40.289001 24.561001 34.612999 4
19 53 39.076000 24.340000 34.804001 O
420 53 40.783001 25.736000 34.209000 N
421 54 41.966000 22.055000 31.517000 N
422 54 42.969002 21.615999 30.604000 C
423 54 43.862999 22.704000 30.156000 C
424 54 45.000000 22.450001 29.760000 O
425 54 42.278000 20.997999 29.362000 C
426 54 41.597000 19.409000 29.851999 S
427 55 43.307999 23.898001 30.110001 N
428 55 44.092999 24.980000 29.608000 C
429 55 44.619999 24.604000 28.209999 C
430 55 45.828999 24.528999 27.958000 O
431 55 45.223999 25.349001 30.620001 C
432 55 46.032001 26.608000 30.302000 4
33 55 45.514999 27.643999 29.808001 O
434 55 47.331001 26.507000 30.599001 N
435 56 43.679001 24.337999 27.311001 N
436 56 43.958000 24.025000 25.902000 C
437 56 44.870998 22.851000 25.652000 C
438 56 45.235001 22.561001 24.524000 O
439 57 45.214001 22.115000 26.674000 N
440 57 46.108002 20.988001 26.399000 C
441 57 45.605999 19.680000 26.965000 C
442 57 45.123001 19.643999 28.098000 O
443 57 47.483002 21.261000 26.993999 C
444 57 48.402000 20.083000 26.760000 C
445 57 48.067001 22.493999 26.348000 C
446 58 45.757999 18.593000 26.193001 N
447 58 45.327999 17.302000 26.687000 C
448 58 46.421001 16.294001 26.535999 C
449 58 47.445000 16.577999 25.915001 O
450 58 44.056999 16.791000 26.046000 C
451 58 44.285000 16.554001 24.551001 C
452 58 42.887001 17.750000 26.294001 C
453 58 43.018002 16.047001 23.850000 C
454 59 46.186001 15.119000 27.125999 N
455 59 47.112999 14.038000 27.056999 C
456 59 46.667999 13.049000 25.993000 C
457 59 45.534000 13.075000 25.573999 O
458 59 47.263000 13.329000 28.417999 C
459 59 46.150002 12.479000 28.677999 O
460 59 47.432999 14.361000 29.514999 C
461 60 47.580002 12.171000 25.577999 N
462 60 47.319000 11.156000 24.570999 C
463 60 46.140999 10.326000 24.959999 C
464 60 45.250000 10.044000 24.174000 O
465 60 48.521999 10.234000 24.388000 C
466 60 48.443001 9.421000 23.099001 C
467 60 49.692001 8.617000 22.770000 C
468 60 49.425999 7.527000 21.739000 4
69 60 50.508999 7.348000 20.743999 4
70 61 46.174000 9.940000 26.226999 N
471 61 45.133999 9.161000 26.787001 C
472 61 43.793999 9.827000 26.598000 C
473 61 42.830002 9.172000 26.205000 O
474 61 45.387001 8.917000 28.274000 C
475 61 45.894001 7.534000 28.459000 4
76 61 46.865002 7.260000 27.620001 O
477 61 45.395000 6.735000 29.229000 4
78 62 43.750999 11.125000 26.910000 N
479 62 42.537998 11.915000 26.763000 C
480 62 42.095001 12.005000 25.296000 C
481 62 40.928001 11.944000 24.999001 O
482 62 42.689999 13.329000 27.341000 C
483 62 42.700001 13.332000 28.882000 C
484 62 43.271999 14.578000 29.493999 C
485 62 43.819000 15.456000 28.847000 O
486 62 43.122002 14.593000 30.794001 O
487 63 43.040001 12.163000 24.391001 N
488 63 42.699001 12.235000 22.983999 C
489 63 42.061001 10.927000 22.504000 C
490 63 41.140999 10.918000 21.684000 O
491 63 43.951000 12.556000 22.181999 C
492 64 42.584999 9.821000 23.000999 N
493 64 42.090000 8.542000 22.615000 C
494 64 40.729000 8.276000 23.190001 C
495 64 39.938000 7.580000 22.593000 O
496 64 43.088001 7.415000 22.875000 C
497 64 44.103001 7.299000 21.737000 C
498 64 45.375000 6.645000 22.181000 C
499 64 45.535000 6.238000 23.327000 O
500 64 46.278999 6.571000 21.222000 O
501 65 40.423000 8.867000 24.318001 N
502 65 39.088001 8.689000 24.910000 C
503 65 38.068001 9.413000 24.089001 C
504 65 37.000000 8.899000 23.756001 O
505 65 39.026001 9.252000 26.318001 C
506 65 37.734001 8.853000 27.000000 C
507 65 37.805000 8.985000 28.509001 C
508 65 37.148998 7.823000 29.229000 C
509 65 36.702999 8.196000 30.579000 N
510 66 38.407001 10.642000 23.731001 N
511 66 37.500999 11.394000 22.888000 C
512 66 37.294998 10.673000 21.569000 C
513 66 36.189999 10.647000 21.065001 O
514 66 38.007999 12.802000 22.545000 C
515 66 38.057999 13.745000 23.756001 C
516 66 38.669998 15.096000 23.356001 C
517 66 36.666000 13.924000 24.356001 C
518 67 38.361000 10.087000 21.027000 N
519 67 38.297001 9.379000 19.743000 C
520 67 37.365002 8.164000 19.834000 C
521 67 36.487000 7.928000 18.995001 O
522 67 39.726002 8.993000 19.334000 C
523 67 39.882999 8.421000 17.912001 C
524 67 39.042999 8.781000 16.858000 C
525 67 40.952999 7.572000 17.636000 C
526 67 39.243999 8.301000 15.563000 C
527 67 41.185001 7.090000 16.347000 C
528 67 40.317001 7.453000 15.316000 C
529 68 37.521000 7.400000 20.910999 N
530 68 36.658001 6.271000 21.118999 C
531 68 35.206001 6.719000 21.186001 C
532 68 34.300999 6.083000 20.620001 O
533 68 37.061001 5.533000 22.419001 C
534 68 38.216999 4.586000 22.194000 C
535 68 38.410000 4.079000 21.087000 O
536 68 38.981998 4.321000 23.243000 N
537 69 34.941002 7.814000 21.909000 N
538 69 33.542000 8.292000 21.976999 C
539 69 33.019001 8.746000 20.608000 C
540 69 31.851999 8.535000 20.250999 O
541 69 33.356998 9.488000 22.936001 C
542 69 33.676998 9.047000 24.368999 C
543 69 33.839001 10.162000 25.386000 C
544 69 33.924000 9.868000 26.579000 O
545 69 33.865002 11.413000 24.951000 N
546 70 33.862999 9.464000 19.851000 N
547 70 33.395000 9.972000 18.561001 C
548 70 33.118000 8.864000 17.548000 C
549 70 32.174000 8.968000 16.753000 O
550 70 34.397999 10.965000 17.966999 C
551 70 34.444000 12.218000 18.780001 C
552 70 33.562000 12.519000 19.555000 O
553 70 35.555000 12.902000 18.624001 O
554 71 33.972000 7.817000 17.547001 N
555 71 33.763000 6.740000 16.582001 C
556 71 32.450001 6.023000 16.931999 C
557 71 31.622000 5.764000 16.070999 O
558 71 34.972000 5.788000 16.466999 C
559 71 34.612999 4.493000 15.719000 C
560 71 36.188999 6.418000 15.797000 C
561 72 32.237000 5.741000 18.233000 N
562 72 31.007000 5.097000 18.670000 C
563 72 29.832001 5.955000 18.274000 C
564 72 28.818001 5.486000 17.757000 O
565 72 31.052000 4.951000 20.198000 C
566 72 29.921000 4.148000 20.802999 C
567 72 29.775000 2.947000 20.320000 O
568 72 29.305000 4.544000 21.739000 O
569 73 29.955999 7.251000 18.521000 N
570 73 28.860001 8.148000 18.200001 C
571 73 28.527000 8.112000 16.712999 C
572 73 27.358999 8.134000 16.334999 O
573 73 29.202000 9.584000 18.582001 C
574 74 29.559999 8.083000 15.868000 N
575 74 29.341999 8.033000 14.402000 C
576 74 28.596001 6.736000 14.007000 C
577 74 27.576000 6.769000 13.321000 O
578 74 30.650000 8.183000 13.610000 C
579 75 29.099001 5.580000 14.454000 N
580 75 28.424999 4.325000 14.169000 C
581 75 26.962000 4.347000 14.610000 C
582 75 26.049999 4.018000 13.832000 O
583 75 29.143000 3.162000 14.810000 C
584 75 28.302999 1.882000 14.694000 C
585 75 30.441999 2.973000 14.054000 C
586 76 26.718000 4.731000 15.869000 N
587 76 25.344999 4.766000 16.364000 C
588 76 24.518000 5.763000 15.574000 C
589 76 23.355000 5.520000 15.277000 O
590 76 25.274000 4.971000 17.877001 C
591 76 25.434999 3.639000 18.596001 C
592 76 25.392000 3.756000 20.117001 C
593 76 26.485001 4.560000 20.663000 N
594 76 26.344999 5.868000 20.896999 5
95 76 25.197001 6.492000 20.674999 N
596 76 27.364000 6.582000 21.363001 N
597 77 25.125999 6.877000 15.180000 N
598 77 24.406000 7.842000 14.377000 C
599 77 23.952000 7.229000 13.039000 C
600 77 22.816000 7.353000 12.586000 O
601 78 24.851999 6.541000 12.385000 N
602 78 24.499001 5.892000 11.125000 C
603 78 23.337999 4.920000 11.329000 C
604 78 22.374001 4.867000 10.561000 O
605 78 25.705999 5.106000 10.565000 C
606 78 26.777000 6.050000 9.966000 C
607 78 25.216000 4.131000 9.494000 C
608 78 28.062000 5.328000 9.509000 C
609 79 23.454000 4.115000 12.369000 N
610 79 22.472000 3.063000 12.627000 C
611 79 21.090000 3.540000 12.996000 C
612 79 20.132000 2.808000 12.922000 O
613 79 22.997999 1.989000 13.591000 C
614 79 24.274000 1.313000 13.076000 C
615 79 24.799999 0.345000 14.119000 C
616 79 24.004000 0.537000 11.782000 C
617 80 21.011000 4.777000 13.396000 N
618 80 19.761000 5.415000 13.768000 C
619 80 19.187000 6.219000 12.610000 C
620 80 18.042999 6.641000 12.640000 O
621 80 20.066000 6.471000 14.833000 C
622 80 20.025999 5.977000 16.263000 C
623 80 19.825001 7.148000 17.237000 6
24 80 21.056000 7.642000 17.886000 6
25 80 21.664000 8.817000 17.634001 6
26 80 21.201000 9.703000 16.733000 N
627 80 22.777000 9.104000 18.315001 6
28 81 20.018999 6.518000 11.626000 N
629 81 19.621000 7.349000 10.531000 C
630 81 18.882999 6.578000 9.446000 C
631 81 19.408001 5.647000 8.854000 O
632 81 20.805000 8.160000 10.036000 C
633 81 20.375999 9.217000 9.072000 C
634 81 19.899000 8.923000 7.971000 O
635 81 20.593000 10.451000 9.460000 N
636 82 17.625000 6.948000 9.227000 N
637 82 16.750000 6.281000 8.256000 C
638 82 17.344999 6.185000 6.877000 C
639 82 17.105000 5.233000 6.168000 O
640 82 15.397000 6.963000 8.174000 C
641 83 18.096001 7.202000 6.504000 N
642 83 18.732000 7.273000 5.216000 C
643 83 20.025000 6.497000 5.151000 C
644 83 20.389999 5.929000 4.110000 O
645 83 19.084000 8.727000 4.913000 C
646 83 18.002001 9.471000 4.149000 6
47 83 17.507000 10.714000 4.877000 6
48 83 16.334999 11.397000 4.163000 6
49 83 16.594000 12.801000 3.767000 6
50 84 20.750000 6.522000 6.262000 N
651 84 22.054001 5.899000 6.266000 C
652 84 22.084000 4.430000 6.556000 C
653 84 22.889000 3.693000 6.021000 O
654 84 23.041000 6.656000 7.155000 C
655 84 23.226000 8.136000 6.831000 C
656 84 24.253000 8.726000 7.783000 C
657 84 23.743000 8.326000 5.420000 C
658 85 21.230000 4.003000 7.455000 N
659 85 21.222000 2.627000 7.870000 C
660 85 21.167999 1.588000 6.746000 C
661 85 21.941999 0.665000 6.706000 O
662 85 20.152000 2.410000 8.939000 C
663 85 20.325001 1.077000 9.606000 C
664 85 19.160000 0.710000 10.484000 C
665 85 19.444000 -0.538000 11.295000 C
666 85 19.709000 -1.716000 10.467000 N
667 86 20.216999 1.695000 5.852000 N
668 86 20.066000 0.732000 4.776000 C
669 86 21.298000 0.653000 3.913000 C
670 86 21.677000 -0.402000 3.413000 O
671 86 18.913000 1.253000 3.893000 C
672 86 18.402000 2.534000 4.522000 C
673 86 19.266001 2.830000 5.741000 C
674 87 21.931000 1.801000 3.721000 N
675 87 23.150000 1.833000 2.924000 C
676 87 24.218000 1.033000 3.638000 C
677 87 24.862000 0.128000 3.089000 O
678 87 23.632000 3.268000 2.613000 C
679 87 24.850000 3.229000 1.705000 C
680 87 22.541000 4.112000 1.939000 C
681 88 24.379999 1.378000 4.904000 N
682 88 25.337000 0.733000 5.777000 C
683 88 25.134001 -0.770000 5.780000 C
684 88 26.076000 -1.536000 5.543000 O
685 88 25.292999 1.344000 7.206000 C
686 88 26.378000 0.849000 8.106000 C
687 88 27.617001 1.482000 8.153000 C
688 88 26.181000 -0.292000 8.883000 C
689 88 28.618999 1.012000 9.008000 C
690 88 27.181999 -0.787000 9.718000 C
691 88 28.410999 -0.131000 9.779000 C
692 88 29.417999 -0.622000 10.588000 O
693 89 23.875999 -1.180000 5.981000 N
694 89 23.549000 -2.600000 6.021000 C
695 89 23.865999 -3.287000 4.735000 C
696 89 24.181000 -4.460000 4.732000 O
697 89 22.044001 -2.853000 6.274000 C
698 89 21.573000 -2.557000 7.682000 C
699 89 22.516001 -2.582000 8.566000 O
700 89 20.427000 -2.293000 7.959000 O
701 90 23.743000 -2.570000 3.633000 N
702 90 24.013000 -3.182000 2.346000 C
703 90 25.480000 -3.330000 2.011000 C
704 90 25.837999 -3.992000 1.032000 O
705 90 23.354000 -2.385000 1.219000 C
706 90 24.167000 -1.243000 0.936000 O
707 91 26.356001 -2.696000 2.761000 N
708 91 27.778999 -2.747000 2.389000 C
709 91 28.598000 -3.821000 3.059000 C
710 91 28.238001 -4.274000 4.150000 O
711 91 28.455999 -1.386000 2.696000 C
712 91 27.840000 -0.178000 1.924000 C
713 91 28.333000 1.151000 2.512000 C
714 91 28.156000 -0.229000 0.422000 C
715 92 29.729000 -4.156000 2.401000 N
716 92 30.745001 -5.060000 2.891000 C
717 92 31.558001 -4.352000 3.976000 C
718 92 31.395000 -3.157000 4.219000 O
719 92 31.672001 -5.506000 1.767000 C
720 92 32.379002 -4.321000 1.137000 C
721 92 33.452000 -3.857000 1.563000 O
722 92 31.698000 -3.819000 0.124000 O
723 93 32.424000 -5.077000 4.675000 N
724 93 33.153999 -4.475000 5.776000 C
725 93 34.000000 -3.248000 5.501000 C
726 93 33.959000 -2.281000 6.285000 O
727 93 33.764000 -5.463000 6.785000 C
728 94 34.794998 -3.278000 4.427000 N
729 94 35.674999 -2.151000 4.140000 C
730 94 34.889999 -0.901000 3.787000 C
731 94 35.115002 0.201000 4.298000 O
732 94 36.678001 -2.546000 3.054000 C
733 94 37.601002 -1.394000 2.751000 C
734 94 37.526001 -3.661000 3.617000 C
735 95 33.941002 -1.078000 2.900000 N
736 95 33.125999 0.055000 2.513000 C
737 95 32.384998 0.646000 3.686000 C
738 95 32.153999 1.843000 3.722000 O
739 95 32.209000 -0.257000 1.352000 C
740 95 32.994999 -0.540000 0.076000 C
741 95 32.034000 -0.675000 -1.101000 C
742 95 32.698002 -0.898000 -2.383000 N
743 95 33.074001 -2.083000 -2.878000 C
744 95 32.923000 -3.247000 -2.238000 N
745 95 33.637001 -2.087000 -4.067000 N
746 96 32.000999 -0.178000 4.665000 N
747 96 31.325001 0.367000 5.850000 C
748 96 32.230000 1.375000 6.544000 C
749 96 31.796000 2.440000 7.012000 O
750 96 30.962999 -0.741000 6.840000 C
751 96 29.684000 -1.445000 6.423000 C
752 96 29.306000 -2.600000 7.333000 C
753 96 28.153999 -3.261000 6.744000 N
754 96 27.591000 -4.334000 7.266000 C
755 96 28.066999 -4.855000 8.387000 N
756 96 26.521000 -4.883000 6.671000 N
757 97 33.494999 1.005000 6.623000 N
758 97 34.452999 1.902000 7.221000 C
759 97 34.473999 3.228000 6.497000 C
760 97 34.536999 4.282000 7.118000 O
761 97 35.849998 1.313000 7.190000 C
762 97 36.095001 -0.089000 8.333000 S
763 98 34.428001 3.196000 5.173000 N
764 98 34.458000 4.456000 4.422000 C
765 98 33.277000 5.350000 4.774000 C
766 98 33.389999 6.580000 4.872000 O
767 98 34.497002 4.187000 2.919000 C
768 99 32.112000 4.729000 4.971000 N
769 99 30.933001 5.503000 5.337000 C
770 99 31.122000 6.036000 6.750000 C
771 99 30.718000 7.158000 7.069000 O
772 99 29.622999 4.638000 5.249000 C
773 99 28.309999 5.387000 5.400000 C
774 99 28.080999 6.294000 4.214000 C
775 99 27.136000 4.412000 5.498000 C
776 100 31.729000 5.238000 7.628000 N
777 100 31.908001 5.749000 8.980000 C
778 100 32.818001 6.950000 8.959000 C
779 100 32.591000 7.940000 9.643000 O
780 100 32.446999 4.682000 9.936000 C
781 100 31.452999 3.521000 10.143000 C
782 100 32.851002 5.311000 11.275000 C
783 100 32.085999 2.366000 10.946000 C
784 101 33.868000 6.885000 8.142000 N
785 101 34.838001 8.012000 7.981000 C
786 101 34.160000 9.331000 7.584000 C
787 101 34.373001 10.387000 8.153000 O
788 101 35.879002 7.611000 6.914000 C
789 101 37.105000 8.463000 6.853000 C
790 101 37.028000 9.684000 6.669000 O
791 101 38.247002 7.824000 6.979000 N
792 102 33.334000 9.277000 6.567000 N
793 102 32.679001 10.475000 6.150000 C
794 102 31.818001 11.079000 7.246000 C
795 102 31.809999 12.291000 7.458000 O
796 102 31.820999 10.205000 4.900000 C
797 102 32.651001 9.901000 3.678000 C
798 102 31.608000 9.877000 2.190000 S
799 102 31.188999 11.632000 2.133000 C
800 103 31.027000 10.232000 7.900000 N
801 103 30.132000 10.696000 8.962000 C
802 103 30.903999 11.343000 10.105000 C
803 103 30.476999 12.325000 10.686000 O
804 103 29.169001 9.625000 9.470000 C
805 103 28.409000 10.114000 10.721000 C
806 103 28.166000 9.236000 8.383000 C
807 104 32.058998 10.784000 10.425000 N
808 104 32.896000 11.304000 11.489000 C
809 104 33.341999 12.699000 11.102000 C
810 104 33.341000 13.616000 11.896000 O
811 104 34.124001 10.372000 11.632000 C
812 104 35.124001 10.787000 12.691000 C
813 104 36.110001 11.735000 12.409000 C
814 104 35.127998 10.165000 13.940000 C
815 104 37.028000 12.120000 13.388000 C
816 104 36.050999 10.524000 14.924000 C
817 104 37.000000 11.507000 14.642000 C
818 105 33.674000 12.850000 9.835000 N
819 105 34.155998 14.104000 9.286000 C
820 105 33.101002 15.167000 9.109000 C
821 105 33.292999 16.323000 9.397000 O
822 105 34.827000 13.884000 7.895000 C
823 105 35.448002 15.199000 7.368000 C
824 105 36.145000 15.176000 6.005000 C
825 105 36.245998 14.159000 5.315000 O
826 105 36.664001 16.322001 5.608000 N
827 106 31.986000 14.806000 8.551000 N
828 106 31.028000 15.829000 8.236000 C
829 106 29.676001 15.665000 8.856000 C
830 106 28.799999 16.459000 8.591000 O
831 106 30.948000 16.014999 6.690000 C
832 106 30.242001 14.889000 5.966000 C
833 106 30.281000 15.119000 4.159000 S
834 106 32.054001 15.281000 3.873000 C
835 107 29.493000 14.672000 9.698000 N
836 107 28.212999 14.508000 10.329000 C
837 107 27.201000 13.810000 9.434000 C
838 107 27.296000 13.787000 8.215000 O
839 108 26.201000 13.250000 10.079000 N
840 108 25.118000 12.495000 9.447000 C
841 108 24.367001 13.258000 8.377000 C
842 108 23.943001 12.730000 7.342000 O
843 108 24.056000 12.214000 10.518000 C
844 108 24.086000 10.822000 11.139000 C
845 108 23.070000 10.703000 12.239000 8
46 108 21.874001 10.793000 12.047000 O
847 108 23.605000 10.530000 13.424000 O
848 109 24.101999 14.507000 8.723000 N
849 109 23.368999 15.415000 7.871000 C
850 109 24.117001 15.655000 6.584000 C
851 109 23.549999 15.521000 5.499000 O
852 109 23.030001 16.747000 8.585000 C
853 109 23.283001 16.652000 9.971000 O
854 109 21.569000 17.086000 8.354000 C
855 110 25.399000 15.984000 6.734000 N
856 110 26.230000 16.205000 5.590000 C
857 110 26.264999 14.963000 4.709000 C
858 110 26.051001 15.048000 3.511000 O
859 111 26.548000 13.794000 5.290000 N
860 111 26.600000 12.589000 4.474000 C
861 111 25.247000 12.273000 3.866000 C
862 111 25.145000 11.879000 2.710000 O
863 111 27.073000 11.436000 5.317000 C
864 111 27.264999 10.232000 4.432000 C
865 111 28.405001 11.838000 5.909000 C
866 112 24.188999 12.468000 4.658000 N
867 112 22.851999 12.209000 4.158000 C
868 112 22.530001 13.041000 2.913000 C
869 112 21.636000 12.668000 2.151000 O
870 112 21.785000 12.302000 5.241000 C
871 113 23.277000 14.145000 2.693000 N
872 113 23.125999 14.999000 1.503000 C
873 113 23.687000 14.375000 0.174000 C
874 113 23.400999 14.800000 -0.943000 O
875 114 24.502001 13.344000 0.254000 N
876 114 25.018999 12.752000 -0.962000 C
877 114 24.006001 11.719000 -1.478000 C
878 114 24.285000 10.551000 -1.720000 O
879 114 26.426001 12.163000 -0.686000 C
880 114 27.563999 13.181000 -0.515000 C
881 114 27.658001 13.985000 0.621000 C
882 114 28.589001 13.297000 -1.458000 C
883 114 28.711000 14.886000 0.800000 C
884 114 29.660000 14.177000 -1.290000 C
885 114 29.712999 14.995000 -0.158000 C
886 115 22.795000 12.185000 -1.656000 N
887 115 21.683001 11.357000 -2.099000 C
888 115 21.951000 10.454000 -3.275000 C
889 115 21.677999 9.240000 -3.279000 O
890 115 20.549000 12.276000 -2.518000 C
891 115 19.927000 12.781000 -1.374000 O
892 115 19.568001 11.498000 -3.369000 C
893 116 22.414000 11.062000 -4.339000 N
894 116 22.660000 10.275000 -5.517000 C
895 116 23.790001 9.270000 -5.321000 C
896 116 23.698999 8.127000 -5.729000 O
897 116 22.809000 11.165000 -6.772000 C
898 116 21.652000 12.159000 -6.893000 C
899 116 20.507999 11.795000 -6.651000 O
900 116 21.910999 13.421000 -7.253000 N
901 117 24.868000 9.692000 -4.689000 N
902 117 25.990000 8.804000 -4.425000 C
903 117 25.566999 7.634000 -3.550000 C
904 117 26.014000 6.504000 -3.754000 O
905 117 27.073000 9.536000 -3.667000 C
906 117 27.725000 10.396000 -4.547000 O
907 118 24.767000 7.930000 -2.513000 N
908 118 24.306000 6.882000 -1.594000 C
909 118 23.464001 5.887000 -2.371000 C
910 118 23.549999 4.692000 -2.216000 O
911 118 23.438000 7.433000 -0.419000 C
912 118 24.162001 8.428000 0.511000 C
913 118 23.171000 9.023000 1.518000 C
914 118 25.224001 7.694000 1.295000 C
915 119 22.652000 6.392000 -3.258000 N
916 119 21.823000 5.488000 -4.008000 C
917 119 22.656000 4.566000 -4.871000 C
918 119 22.400999 3.366000 -4.976000 O
919 119 20.875000 6.307000 -4.846000 C
920 119 19.955000 5.493000 -5.725000 C
921 119 19.101999 6.404000 -6.606000 9
22 119 19.716999 6.695000 -7.908000 9
23 119 20.344999 7.834000 -8.238000 9
24 119 20.476999 8.864000 -7.395000 9
25 119 20.863001 7.938000 -9.463000 9
26 120 23.681999 5.136000 -5.489000 N
927 120 24.524000 4.323000 -6.333000 C
928 120 25.270000 3.300000 -5.488000 C
929 120 25.458000 2.141000 -5.874000 O
930 120 25.504000 5.173000 -7.164000 C
931 120 24.848000 5.975000 -8.294000 C
932 120 25.952000 7.302000 -8.893000 S
933 120 24.837000 8.679000 -9.285000 C
934 121 25.718000 3.735000 -4.305000 N
935 121 26.417999 2.791000 -3.437000 C
936 121 25.504999 1.601000 -3.185000 C
937 121 25.874001 0.416000 -3.160000 O
938 121 26.681999 3.442000 -2.066000 C
939 121 28.041000 4.095000 -1.923000 C
940 121 28.263000 4.403000 -0.437000 C
941 121 29.118000 3.166000 -2.444000 C
942 122 24.264999 1.947000 -2.948000 N
943 122 23.299999 0.940000 -2.649000 C
944 122 23.077000 0.017000 -3.828000 C
945 122 22.812000 -1.163000 -3.659000 O
946 122 22.011000 1.500000 -2.033000 C
947 122 21.599001 0.602000 -0.865000 C
948 122 20.254000 0.937000 -0.299000 9
49 122 19.785000 2.081000 -0.425000 O
950 122 19.643999 -0.062000 0.337000 9
51 123 23.250000 0.525000 -5.039000 N
952 123 23.082001 -0.348000 -6.181000 C
953 123 24.368000 -1.056000 -6.613000 C
954 123 24.389000 -1.723000 -7.651000 O
955 123 22.415001 0.323000 -7.390000 C
956 123 21.145000 1.112000 -7.050000 C
957 123 20.702999 1.965000 -8.230000 C
958 123 19.865000 1.532000 -9.023000 9
59 123 21.297001 3.147000 -8.389000 N
960 124 25.445000 -0.902000 -5.822000 N
961 124 26.736000 -1.542000 -6.098000 C
962 124 27.391001 -1.117000 -7.398000 C
963 124 28.165001 -1.865000 -8.010000 O
964 124 26.806000 -3.033000 -5.787000 C
965 124 26.417000 -3.295000 -4.325000 C
966 124 26.705000 -4.701000 -3.799000 C
967 124 26.187000 -4.890000 -2.368000 C
968 124 27.111000 -4.341000 -1.367000 N
969 125 27.087999 0.143000 -7.766000 N
970 125 27.624001 0.801000 -8.954000 C
971 125 28.809000 1.647000 -8.483000 C
972 125 28.771999 2.884000 -8.404000 O
973 125 26.562000 1.702000 -9.596000 C
974 125 25.320999 1.023000 -10.191000 C
975 125 24.218000 2.060000 -10.386000 C
976 125 23.511000 1.998000 -11.658000 N
977 125 22.733999 0.977000 -12.022000 9
78 125 22.570000 -0.107000 -11.263000 9
79 125 22.112000 1.030000 -13.192000 9
80 126 29.854000 0.962000 -8.120000 N
981 126 31.007000 1.583000 -7.544000 C
982 126 31.646000 2.727000 -8.309000 C
983 126 31.926001 3.795000 -7.757000 O
984 126 32.028999 0.508000 -7.135000 C
985 126 31.427999 -0.686000 -6.418000 C
986 126 31.603001 -1.963000 -6.796000 C
987 126 30.629000 -0.756000 -5.212000 C
988 126 30.993999 -2.820000 -5.931000 N
989 126 30.370001 -2.119000 -4.953000 C
990 126 30.108000 0.165000 -4.332000 C
991 126 29.622000 -2.570000 -3.857000 C
992 126 29.341999 -0.283000 -3.248000 C
993 126 29.101000 -1.636000 -3.005000 C
994 127 31.938999 2.496000 -9.565000 N
995 127 32.592999 3.530000 -10.359000 C
996 127 31.729000 4.763000 -10.506000 C
997 127 32.181999 5.920000 -10.418000 O
998 127 33.022999 2.979000 -11.732000 C
999 127 34.240002 2.073000 -11.662000 C
1000 127 34.337002 1.125000 -10.906000 O
1001 127 35.188000 2.423000 -12.493000 1
2 128 30.430000 4.549000 -10.693000 N
1003 128 29.587000 5.724000 -10.849000 C
1004 128 29.510000 6.552000 -9.593000 C
1005 128 29.471001 7.778000 -9.621000 O
1006 128 28.172001 5.386000 -11.324000 C
1007 128 28.165001 4.797000 -12.743000 C
1008 128 27.381001 3.524000 -12.861000 1
9 128 26.091000 3.731000 -13.009000 O
1010 128 27.910999 2.424000 -12.814000 1
11 129 29.433001 5.857000 -8.473000 N
1012 129 29.350000 6.535000 -7.204000 C
1013 129 30.579000 7.409000 -6.979000 C
1014 129 30.482000 8.538000 -6.511000 O
1015 129 29.186001 5.510000 -6.077000 C
1016 130 31.733000 6.867000 -7.327000 N
1017 130 32.990002 7.563000 -7.136000 C
1018 130 33.074001 8.832000 -7.958000 C
1019 130 33.609001 9.864000 -7.557000 O
1020 130 34.145000 6.640000 -7.482000 C
1021 131 32.548000 8.748000 -9.141000 N
1022 131 32.570999 9.909000 -9.983000 C
1023 131 31.599001 10.945000 -9.479000 C
1024 131 31.917000 12.121000 -9.447000 O
1025 131 32.229000 9.602000 -11.430000 C
1026 131 31.872000 10.917000 -12.108000 C
1027 131 33.424999 8.977000 -12.129000 C
1028 132 30.407000 10.509000 -9.063000 N
1029 132 29.441999 11.463000 -8.532000 C
1030 132 29.899000 12.115000 -7.197000 C
1031 132 29.766001 13.312000 -6.959000 O
1032 132 28.083000 10.760000 -8.339000 C
1033 132 27.024000 11.678000 -7.780000 C
1034 132 26.865000 11.803000 -6.549000 O
1035 132 26.322001 12.361000 -8.670000 N
1036 133 30.440001 11.321000 -6.294000 N
1037 133 30.872000 11.857000 -5.012000 C
1038 133 31.992001 12.861000 -5.140000 C
1039 133 32.145000 13.712000 -4.262000 O
1040 134 32.743000 12.784000 -6.255000 N
1041 134 33.849998 13.700000 -6.492000 C
1042 134 33.368999 15.100000 -6.850000 C
1043 134 34.102001 16.077000 -6.746000 O
1044 134 34.794998 13.136000 -7.541000 C
1045 135 32.109001 15.199000 -7.238000 N
1046 135 31.558001 16.497999 -7.561000 C
1047 135 30.952999 17.121000 -6.332000 C
1048 135 29.743000 17.230000 -6.204000 O
1049 135 30.516001 16.398001 -8.642000 C
1050 135 31.077999 15.729000 -9.889000 C
1051 135 30.145000 15.921000 -11.069000 C
1052 135 30.356001 14.906000 -12.180000 C
1053 135 29.117001 14.233000 -12.601000 N
1054 136 31.801001 17.549999 -5.430000 N
1055 136 31.295000 18.084000 -4.205000 C
1056 136 32.324001 18.985001 -3.603000 C
1057 136 33.525002 18.886000 -3.873000 O
1058 136 31.075001 16.920000 -3.256000 C
1059 136 32.331001 16.232000 -3.051000 O
1060 137 31.816999 19.879000 -2.801000 N
1061 137 32.638000 20.792999 -2.087000 C
1062 137 33.647999 20.009001 -1.258000 C
1063 137 34.827000 20.332001 -1.183000 O
1064 137 31.768999 21.594000 -1.130000 C
1065 137 32.617001 22.635000 -0.427000 C
1066 137 31.893000 23.382999 0.665000 C
1067 137 32.432999 24.714001 0.879000 1
68 137 33.341999 24.959000 1.799000 1
69 137 33.811001 23.975000 2.583000 N
1070 137 33.789001 26.207001 1.933000 1
71 138 33.146999 18.952000 -0.624000 N
1072 138 33.972000 18.086000 0.202000 C
1073 138 35.259998 17.684999 -0.560000 C
1074 138 36.391998 17.802000 -0.055000 O
1075 138 33.164001 16.792999 0.510000 C
1076 138 33.966000 15.654000 1.081000 C
1077 138 34.598000 15.643000 2.294000 C
1078 138 34.102001 14.320000 0.539000 C
1079 138 35.168999 14.409000 2.516000 N
1080 138 34.844002 13.561000 1.471000 C
1081 138 33.618999 13.701000 -0.607000 C
1082 138 35.127998 12.216000 1.268000 C
1083 138 33.907001 12.362000 -0.811000 C
1084 138 34.666000 11.633000 0.116000 C
1085 139 35.066002 17.208000 -1.790000 N
1086 139 36.175999 16.767000 -2.590000 C
1087 139 37.113998 17.881001 -2.927000 C
1088 139 38.316002 17.709000 -2.921000 O
1089 139 35.652000 16.257999 -3.904000 C
1090 139 36.776001 15.734000 -4.744000 C
1091 139 37.196999 14.414000 -4.595000 C
1092 139 37.379002 16.521999 -5.721000 C
1093 139 38.202000 13.879000 -5.402000 C
1094 139 38.382999 16.004000 -6.540000 C
1095 139 38.796001 14.682000 -6.373000 C
1096 139 39.772999 14.164000 -7.175000 O
1097 140 36.546001 19.024000 -3.271000 N
1098 140 37.349998 20.179001 -3.662000 C
1099 140 38.098000 20.830000 -2.520000 C
1100 140 39.140999 21.441999 -2.719000 O
1101 140 36.484001 21.222000 -4.397000 C
1102 140 36.183998 20.787001 -5.811000 C
1103 140 35.032001 20.483999 -6.156000 O
1104 140 37.228001 20.643000 -6.610000 N
1105 141 37.576000 20.708000 -1.304000 N
1106 141 38.243000 21.292000 -0.134000 C
1107 141 39.374001 20.443001 0.458000 C
1108 141 40.380001 20.971001 0.957000 O
1109 141 37.237999 21.694000 0.986000 C
1110 141 36.320999 22.867001 0.571000 C
1111 141 37.014000 24.027000 -0.122000 1
112 141 36.743000 24.381001 -1.298000 O
1113 141 37.887001 24.660999 0.636000 N
1114 142 39.195999 19.118000 0.470000 N
1115 142 40.188000 18.205000 1.025000 C
1116 142 40.321999 17.077999 0.051000 C
1117 142 39.867001 15.985000 0.330000 O
1118 142 39.699001 17.622000 2.387000 C
1119 142 38.389999 17.052000 2.241000 O
1120 142 39.591999 18.764000 3.401000 C
1121 143 40.862000 17.378000 -1.118000 N
1122 143 40.990002 16.403000 -2.222000 C
1123 143 41.729000 15.089000 -1.869000 C
1124 143 41.304001 14.001000 -2.245000 O
1125 143 41.755001 17.141001 -3.339000 C
1126 143 42.137001 18.540001 -2.784000 C
1127 143 41.598999 18.646000 -1.363000 C
1128 144 42.874001 15.182000 -1.179000 N
1129 144 43.647999 13.994000 -0.830000 C
1130 144 42.889999 13.030000 0.072000 C
1131 144 42.860001 11.832000 -0.171000 O
1132 144 45.014000 14.344000 -0.226000 C
1133 144 45.991001 14.867000 -1.279000 C
1134 144 45.891998 14.554000 -2.472000 O
1135 144 46.980000 15.593000 -0.814000 N
1136 145 42.272999 13.566000 1.122000 N
1137 145 41.484001 12.720000 2.008000 C
1138 145 40.319000 12.128000 1.234000 C
1139 145 40.094002 10.923000 1.262000 O
1140 145 40.939999 13.473000 3.199000 C
1141 145 40.165001 12.517000 4.086000 C
1142 145 39.299999 13.235000 5.065000 C
1143 145 38.680000 12.347000 6.028000 N
1144 145 38.748001 12.604000 7.308000 C
1145 145 39.422001 13.646000 7.703000 N
1146 145 38.146999 11.821000 8.199000 N
1147 146 39.591999 13.022000 0.523000 N
1148 146 38.472000 12.616000 -0.297000 C
1149 146 38.858002 11.526000 -1.261000 C
1150 146 38.144001 10.526000 -1.377000 O
1151 146 37.778000 13.779000 -0.996000 C
1152 147 39.998001 11.670000 -1.939000 N
1153 147 40.397999 10.613000 -2.876000 C
1154 147 40.609001 9.262000 -2.180000 C
1155 147 40.319000 8.213000 -2.740000 O
1156 147 41.655998 10.943000 -3.680000 C
1157 147 41.469002 12.107000 -4.639000 C
1158 147 42.758999 12.422000 -5.399000 C
1159 147 42.588001 13.556000 -6.398000 C
1160 147 42.801998 14.883000 -5.802000 1
161 148 41.147999 9.282000 -0.972000 N
1162 148 41.389000 8.058000 -0.256000 C
1163 148 40.068001 7.380000 0.116000 C
1164 148 39.943001 6.159000 -0.007000 O
1165 148 42.208000 8.312000 1.012000 C
1166 148 43.666000 8.671000 0.757000 C
1167 148 44.469002 8.448000 2.011000 C
1168 148 44.167999 9.429000 3.051000 N
1169 148 44.720001 10.631000 3.118000 C
1170 148 45.612000 11.007000 2.195000 N
1171 148 44.394001 11.482000 4.071000 N
1172 149 39.091000 8.171000 0.582000 N
1173 149 37.799999 7.561000 0.950000 C
1174 149 37.055000 7.042000 -0.276000 C
1175 149 36.411999 5.995000 -0.278000 O
1176 149 36.962002 8.566000 1.693000 C
1177 149 35.639999 7.934000 2.023000 C
1178 149 37.700001 8.909000 2.968000 C
1179 150 37.161999 7.814000 -1.346000 N
1180 150 36.533001 7.484000 -2.600000 C
1181 150 37.090000 6.217000 -3.195000 C
1182 150 36.327999 5.399000 -3.704000 O
1183 150 36.501999 8.631000 -3.600000 C
1184 150 35.508999 9.704000 -3.149000 C
1185 150 36.081001 8.083000 -4.968000 C
1186 150 35.567001 10.945000 -4.028000 C
1187 151 38.417000 6.041000 -3.126000 N
1188 151 39.021000 4.828000 -3.629000 C
1189 151 38.589001 3.616000 -2.837000 C
1190 151 38.459000 2.518000 -3.385000 O
1191 151 40.542000 4.884000 -3.636000 C
1192 151 40.933998 5.737000 -4.651000 O
1193 151 41.110001 3.509000 -3.943000 C
1194 152 38.422001 3.812000 -1.536000 N
1195 152 37.992001 2.749000 -0.619000 C
1196 152 36.562000 2.300000 -1.002000 C
1197 152 36.259998 1.095000 -1.104000 O
1198 152 38.070999 3.281000 0.834000 C
1199 152 39.389999 3.757000 1.089000 O
1200 152 37.687000 2.215000 1.842000 C
1201 153 35.682999 3.282000 -1.291000 N
1202 153 34.317001 2.960000 -1.729000 C
1203 153 34.356998 2.278000 -3.079000 C
1204 153 33.598000 1.347000 -3.378000 O
1205 153 33.487999 4.226000 -1.958000 C
1206 153 32.826000 4.754000 -0.727000 C
1207 153 31.982000 3.936000 0.023000 C
1208 153 33.023998 6.078000 -0.335000 C
1209 153 31.350000 4.419000 1.167000 C
1210 153 32.404999 6.582000 0.807000 C
1211 153 31.562000 5.746000 1.542000 C
1212 154 35.208000 2.802000 -3.948000 N
1213 154 35.283001 2.243000 -5.294000 C
1214 154 35.787998 0.829000 -5.348000 C
1215 154 35.269001 0.016000 -6.086000 O
1216 154 36.113998 3.071000 -6.287000 C
1217 154 35.794998 2.702000 -7.738000 C
1218 154 36.643002 3.467000 -8.753000 C
1219 154 37.964001 3.740000 -8.202000 N
1220 154 39.050999 2.953000 -8.341000 1
221 154 39.034000 1.808000 -9.043000 N
1222 154 40.198002 3.338000 -7.767000 N
1223 155 36.837002 0.546000 -4.590000 N
1224 155 37.459000 -0.765000 -4.637000 C
1225 155 37.147999 -1.735000 -3.527000 C
1226 155 37.445000 -2.905000 -3.683000 O
1227 155 38.983002 -0.625000 -4.690000 C
1228 155 39.412998 -0.171000 -3.408000 O
1229 155 39.341000 0.369000 -5.785000 C
1230 156 36.648998 -1.289000 -2.380000 N
1231 156 36.405998 -2.251000 -1.315000 C
1232 156 37.700001 -2.804000 -0.706000 C
1233 156 37.686001 -3.785000 0.015000 O
1234 157 38.839001 -2.158000 -0.973000 N
1235 157 40.103001 -2.576000 -0.374000 C
1236 157 40.717999 -1.381000 0.361000 C
1237 157 40.243999 -0.266000 0.225000 O
1238 157 41.109001 -3.042000 -1.434000 C
1239 157 41.686001 -1.884000 -2.024000 O
1240 157 40.395000 -3.886000 -2.485000 C
1241 158 41.785999 -1.622000 1.105000 N
1242 158 42.464001 -0.588000 1.851000 C
1243 158 43.646000 -0.052000 1.080000 C
1244 158 44.523998 0.618000 1.589000 O
1245 158 43.014999 -1.217000 3.130000 C
1246 158 41.964001 -1.599000 4.113000 C
1247 158 41.688000 -2.864000 4.504000 C
1248 158 41.089001 -0.731000 4.860000 C
1249 158 40.709999 -2.862000 5.450000 N
1250 158 40.327000 -1.560000 5.705000 C
1251 158 40.910999 0.657000 4.939000 C
1252 158 39.397999 -1.041000 6.609000 C
1253 158 39.971001 1.165000 5.820000 C
1254 158 39.223000 0.319000 6.647000 C
1255 159 43.694000 -0.342000 -0.180000 N
1256 159 44.847000 0.149000 -0.916000 C
1257 159 45.255001 1.611000 -0.720000 C
1258 159 46.432999 1.930000 -0.717000 O
1259 159 44.740002 -0.199000 -2.396000 C
1260 159 44.570000 -1.689000 -2.575000 C
1261 159 44.798000 -2.374000 -1.475000 O
1262 159 44.224998 -2.189000 -3.625000 O
1263 160 44.290001 2.504000 -0.596000 N
1264 160 44.556000 3.926000 -0.515000 C
1265 160 45.264000 4.268000 0.735000 C
1266 160 45.834999 5.339000 0.843000 O
1267 160 43.258999 4.717000 -0.615000 C
1268 161 45.191002 3.357000 1.671000 N
1269 161 45.770000 3.585000 2.966000 C
1270 161 47.053001 2.811000 3.208000 C
1271 161 47.654999 2.932000 4.279000 O
1272 161 44.747002 3.252000 4.082000 C
1273 161 43.686001 4.291000 4.140000 C
1274 161 42.551998 4.161000 3.347000 C
1275 161 43.847000 5.424000 4.942000 C
1276 161 41.575001 5.151000 3.353000 C
1277 161 42.881001 6.432000 4.946000 C
1278 161 41.729000 6.260000 4.179000 C
1279 161 40.743000 7.210000 4.210000 O
1280 162 47.469002 2.000000 2.239000 N
1281 162 48.696999 1.256000 2.439000 C
1282 162 49.752998 1.739000 1.467000 C
1283 162 50.744999 2.357000 1.856000 O
1284 162 48.493999 -0.243000 2.368000 C
1285 162 47.373001 -0.730000 3.272000 C
1286 162 46.994999 -2.165000 2.956000 C
1287 162 47.390999 -2.558000 1.536000 C
1288 162 46.409000 -3.443000 0.889000 N
