240 580
0 2
0 3
0 4
1 3
1 4
2 5
2 6
2 7
3 4
3 6
3 8
3 9
4 7
4 8
4 19
4 21
5 6
5 20
5 21
5 22
6 8
7 9
7 17
7 18
8 10
8 11
8 17
9 11
9 18
10 12
10 13
10 18
11 13
11 14
11 15
11 17
12 15
12 17
12 18
13 14
14 16
14 17
14 18
14 235
15 18
16 17
16 234
19 23
20 21
20 22
20 23
21 22
22 24
22 25
22 26
23 25
23 26
23 27
24 27
24 28
24 29
25 26
25 28
25 30
25 37
26 29
26 30
26 38
26 40
27 28
27 39
27 40
27 41
27 42
28 30
29 31
29 32
29 37
30 32
30 33
30 34
30 36
31 34
31 36
31 37
32 33
32 218
33 35
33 36
33 37
33 216
34 37
35 36
35 215
38 42
39 40
39 41
39 42
40 41
41 43
41 44
41 45
42 44
42 45
42 46
43 46
43 47
43 48
44 45
44 47
44 49
44 56
45 48
45 49
45 57
45 59
45 60
46 47
46 58
46 59
46 60
46 61
47 49
48 50
48 51
48 56
49 51
49 52
49 53
49 55
50 53
50 55
50 56
51 52
51 194
51 196
52 54
52 55
52 56
52 70
52 194
53 56
54 55
54 193
57 61
58 59
58 60
58 61
59 60
60 62
60 63
60 64
61 63
61 64
62 65
62 66
62 67
63 64
63 66
63 68
63 69
64 67
64 68
64 79
64 81
64 82
65 66
65 80
65 81
65 82
66 68
66 78
66 82
67 69
67 77
67 78
68 70
68 71
68 77
69 71
69 78
70 72
70 73
70 78
71 73
71 74
71 75
71 77
72 75
72 77
72 78
73 74
73 174
74 76
74 77
74 78
74 172
75 78
76 77
76 171
79 83
80 81
80 82
80 83
81 82
82 84
82 85
82 86
83 85
83 86
84 87
84 88
84 89
85 86
85 88
85 90
85 91
86 89
86 90
86 101
86 103
87 88
87 102
87 103
87 104
88 90
88 99
88 100
89 91
89 99
89 100
90 92
90 93
90 99
91 93
91 100
92 94
92 100
93 95
93 96
93 97
93 99
94 97
94 99
94 100
94 116
94 117
95 96
95 117
95 155
96 98
96 99
96 100
96 153
97 100
98 99
98 152
101 105
102 103
102 104
103 104
104 106
104 107
104 108
105 107
105 108
106 109
106 110
106 111
107 108
107 110
107 112
107 119
108 111
108 112
109 110
110 112
110 113
110 114
111 113
111 114
111 119
112 114
112 115
112 116
112 118
113 116
113 118
113 119
114 115
114 136
115 117
115 118
115 119
115 133
115 134
116 119
117 118
117 133
120 122
120 123
120 124
121 123
121 124
121 125
122 125
122 126
122 127
123 124
123 126
123 128
123 129
124 127
124 139
124 141
124 142
125 126
125 140
125 141
125 142
125 143
126 128
127 129
127 137
127 138
128 130
128 131
128 137
129 131
129 138
130 132
130 133
130 138
131 133
131 134
131 135
131 137
132 135
132 137
132 138
133 134
134 136
134 137
134 138
135 138
136 137
139 143
140 141
140 142
140 143
141 142
142 144
142 145
142 146
142 157
143 145
143 146
143 147
144 147
144 148
144 149
145 146
145 148
145 150
145 157
146 149
146 150
146 158
146 160
146 161
147 148
147 159
147 160
147 161
147 162
148 150
148 161
149 151
149 152
149 157
150 152
150 153
150 154
150 156
151 154
151 156
151 157
152 153
153 155
153 156
153 157
154 157
155 156
158 162
159 160
159 161
159 162
160 161
161 163
161 164
161 165
162 164
162 165
162 166
163 166
163 167
163 168
164 165
164 167
164 169
164 176
165 168
165 169
165 177
165 179
165 180
166 167
166 178
166 179
166 180
167 169
167 180
168 170
168 171
168 176
169 171
169 172
169 173
169 175
170 173
170 175
170 176
171 172
172 174
172 175
172 176
173 176
174 175
177 181
178 179
178 180
178 181
179 180
180 182
180 183
180 184
181 183
181 184
182 185
182 186
182 187
183 184
183 186
183 188
183 189
184 187
184 188
184 199
184 201
184 202
185 186
185 200
185 201
185 202
185 203
186 188
186 198
186 202
187 189
187 197
187 198
188 190
188 191
188 197
189 191
189 198
190 192
190 198
191 193
191 194
191 195
191 197
192 195
192 197
192 198
193 194
194 196
194 197
194 198
195 198
196 197
199 203
200 201
200 202
200 203
201 202
202 204
202 205
202 206
203 205
203 206
203 207
204 207
204 208
204 209
205 206
205 208
205 210
205 211
206 209
206 210
206 221
207 208
207 222
207 223
207 224
208 210
208 220
208 224
209 211
209 219
209 220
210 212
210 213
210 219
211 213
211 220
212 214
212 220
213 215
213 216
213 217
213 219
214 217
214 219
214 220
215 216
215 237
216 218
216 219
216 220
217 220
218 219
221 225
222 223
222 224
222 225
223 224
224 226
224 227
224 228
224 239
225 227
225 228
226 229
226 230
226 231
227 228
227 230
227 232
227 239
228 231
229 230
230 232
231 233
231 234
231 239
232 234
232 235
232 236
232 238
233 236
233 238
233 239
234 235
235 237
235 238
235 239
236 239
237 238
1 1 21.792000 12.500000 3.537000 O
2 1 22.681999 13.476000 2.978000 C
3 1 22.533001 13.651000 1.467000 C
4 1 22.771999 12.419000 0.798000 O
5 1 21.197001 14.142000 1.000000 C
6 1 21.229000 15.561000 0.914000 O
7 1 21.285000 13.658000 -0.398000 C
8 1 21.917999 12.304000 -0.335000 C
9 1 20.923000 11.239000 -0.225000 N
10 1 20.584000 10.519000 0.876000 C
11 1 19.642000 9.626000 0.714000 N
12 1 19.323000 9.766000 -0.628000 C
13 1 18.353001 9.074000 -1.376000 C
14 1 17.559000 8.210000 -1.018000 O
15 1 18.361000 9.517000 -2.696000 N
16 1 19.177999 10.492000 -3.190000 C
17 1 19.042999 10.779000 -4.471000 N
18 1 20.093000 11.170000 -2.490000 N
19 1 20.103001 10.746000 -1.219000 C
20 2 19.941000 16.527000 0.714000 P
21 2 20.416000 17.910999 0.774000 O
22 2 18.846001 16.040001 1.595000 O
23 2 19.443001 16.315001 -0.763000 O
24 2 20.056999 17.021999 -1.840000 C
25 2 19.285999 16.697001 -3.059000 C
26 2 19.365999 15.302000 -3.244000 O
27 2 17.794001 16.966999 -2.919000 C
28 2 17.500999 18.329000 -3.190000 O
29 2 17.326000 16.100000 -4.028000 C
30 2 18.103001 14.843000 -3.777000 C
31 2 17.419001 13.839000 -2.927000 N
32 2 16.514000 12.989000 -3.509000 C
33 2 16.250999 13.064000 -4.711000 O
34 2 15.884000 12.063000 -2.729000 N
35 2 16.146000 11.972000 -1.407000 C
36 2 15.575000 10.986000 -0.679000 N
37 2 17.066999 12.886000 -0.780000 C
38 2 17.664000 13.777000 -1.593000 C
39 3 16.230000 19.090000 -2.571000 P
40 3 16.304001 20.500000 -3.014000 O
41 3 16.219000 18.763000 -1.123000 O
42 3 14.940000 18.382999 -3.245000 O
43 3 14.682000 18.545000 -4.670000 C
44 3 13.688000 17.535999 -5.275000 C
45 3 14.103000 16.195000 -5.041000 O
46 3 12.363000 17.591000 -4.636000 C
47 3 11.598000 18.664000 -5.141000 O
48 3 11.801000 16.316999 -5.070000 C
49 3 12.949000 15.401000 -4.784000 C
50 3 12.945000 14.784000 -3.428000 N
51 3 12.173000 13.673000 -3.207000 C
52 3 11.438000 13.190000 -4.066000 O
53 3 12.197000 13.074000 -2.007000 N
54 3 12.933000 13.570000 -1.028000 C
55 3 12.830000 12.978000 0.161000 N
56 3 13.751000 14.721000 -1.219000 C
57 3 13.718000 15.288000 -2.436000 C
58 4 10.610000 19.440001 -4.105000 P
59 4 10.081000 20.635000 -4.787000 O
60 4 11.276000 19.573000 -2.796000 O
61 4 9.461000 18.343000 -3.992000 O
62 4 8.517000 18.214001 -5.077000 C
63 4 7.496000 17.186001 -4.719000 C
64 4 8.255000 16.056999 -4.474000 O
65 4 6.808000 17.400999 -3.373000 C
66 4 5.654000 18.205999 -3.500000 O
67 4 6.322000 16.054001 -3.115000 C
68 4 7.538000 15.295000 -3.519000 C
69 4 8.334000 15.032000 -2.349000 N
70 4 9.476000 15.625000 -1.909000 C
71 4 9.984000 15.039000 -0.847000 N
72 4 9.070000 13.998000 -0.583000 C
73 4 9.053000 12.981000 0.419000 C
74 4 9.855000 12.731000 1.316000 O
75 4 7.937000 12.144000 0.300000 N
76 4 6.999000 12.261000 -0.652000 C
77 4 6.025000 11.403000 -0.630000 N
78 4 6.980000 13.161000 -1.616000 N
79 4 8.051000 13.995000 -1.502000 C
80 5 5.020000 19.004000 -2.292000 P
81 5 3.925000 19.794001 -2.898000 O
82 5 6.083000 19.684999 -1.496000 O
83 5 4.367000 17.813000 -1.427000 O
84 5 3.066000 17.343000 -1.810000 C
85 5 2.634000 16.222000 -0.939000 C
86 5 3.793000 15.408000 -0.864000 O
87 5 2.431000 16.540001 0.509000 C
88 5 1.157000 17.089001 0.786000 O
89 5 2.471000 15.150000 1.032000 C
90 5 3.648000 14.646000 0.297000 C
91 5 4.825000 14.856000 1.072000 N
92 5 5.906000 15.690000 0.918000 C
93 5 6.883000 15.453000 1.776000 N
94 5 6.370000 14.378000 2.541000 C
95 5 6.925000 13.610000 3.625000 C
96 5 7.986000 13.707000 4.228000 O
97 5 6.059000 12.611000 4.039000 N
98 5 4.820000 12.399000 3.517000 C
99 5 4.094000 11.414000 3.968000 N
100 5 4.249000 13.079000 2.563000 N
101 5 5.104000 14.041000 2.117000 C
102 6 0.975000 18.356001 1.814000 P
103 6 -0.193000 19.158001 1.344000 O
104 6 2.259000 19.052000 2.094000 O
105 6 0.687000 17.593000 3.200000 O
106 6 -0.482000 16.877001 3.594000 C
107 6 -0.103000 15.871000 4.657000 C
108 6 1.103000 15.266000 4.192000 O
109 6 0.367000 16.365999 5.968000 C
110 6 -0.678000 16.687000 6.846000 O
111 6 0.998000 15.167000 6.481000 C
112 6 1.790000 14.735000 5.311000 C
113 6 3.175000 15.107000 5.419000 N
114 6 3.974000 14.413000 6.295000 C
115 6 3.579000 13.465000 6.996000 O
116 6 5.261000 14.776000 6.358000 N
117 6 5.765000 15.735000 5.631000 C
118 6 7.083000 15.913000 5.677000 N
119 6 4.961000 16.495001 4.766000 C
120 6 3.672000 16.120001 4.685000 C
122 7 12.591000 9.117000 11.223000 O
123 7 12.096000 8.549000 12.439000 C
124 7 10.610000 8.767000 12.559000 C
125 7 10.251000 10.140000 12.714000 O
126 7 9.871000 8.272000 11.342000 C
127 7 9.728000 6.860000 11.395000 O
128 7 8.548000 8.957000 11.569000 C
129 7 8.964000 10.359000 12.041000 C
130 7 9.071000 11.376000 10.964000 N
131 7 10.136000 12.145000 10.663000 C
132 7 9.962000 13.049000 9.747000 N
133 7 8.647000 12.861000 9.383000 C
134 7 7.847000 13.536000 8.428000 C
135 7 8.099000 14.450000 7.666000 O
136 7 6.576000 13.076000 8.373000 N
137 7 6.105000 12.090000 9.152000 C
138 7 4.817000 11.878000 9.072000 N
139 7 6.820000 11.382000 10.037000 N
140 7 8.084000 11.835000 10.109000 C
141 8 9.901000 5.989000 10.071000 P
142 8 9.986000 4.584000 10.468000 O
143 8 10.938000 6.630000 9.217000 O
144 8 8.500000 6.215000 9.386000 O
145 8 7.322000 5.844000 10.103000 C
146 8 6.096000 6.365000 9.386000 C
147 8 6.031000 7.787000 9.381000 O
148 8 6.165000 6.009000 7.952000 C
149 8 5.730000 4.692000 7.769000 O
150 8 5.240000 6.990000 7.355000 C
151 8 5.655000 8.205000 8.082000 C
152 8 6.717000 8.994000 7.457000 N
153 8 6.339000 9.961000 6.614000 C
154 8 5.169000 10.062000 6.248000 O
155 8 7.261000 10.832000 6.170000 N
156 8 8.518000 10.739000 6.537000 C
157 8 9.362000 11.714000 6.169000 N
158 8 8.959000 9.670000 7.341000 C
159 8 8.010000 8.843000 7.786000 C
160 9 6.342000 3.813000 6.592000 P
161 9 5.626000 2.516000 6.588000 O
162 9 7.815000 3.838000 6.606000 O
163 9 5.861000 4.700000 5.339000 O
164 9 4.513000 4.521000 4.847000 C
165 9 4.225000 5.409000 3.648000 C
166 9 4.412000 6.786000 3.990000 O
167 9 5.142000 5.178000 2.506000 C
168 9 4.774000 4.026000 1.759000 O
169 9 4.795000 6.399000 1.747000 C
170 9 4.790000 7.456000 2.798000 C
171 9 6.084000 8.127000 2.892000 N
172 9 6.271000 9.261000 2.166000 C
173 9 5.460000 9.606000 1.304000 O
174 9 7.378000 9.965000 2.334000 N
175 9 8.348000 9.514000 3.126000 C
176 9 9.487000 10.220000 3.186000 N
177 9 8.207000 8.323000 3.865000 C
178 9 7.041000 7.683000 3.719000 C
179 10 5.747000 3.440000 0.591000 P
180 10 5.176000 2.170000 0.086000 O
181 10 7.152000 3.483000 1.078000 O
182 10 5.694000 4.549000 -0.559000 O
183 10 4.712000 4.665000 -1.587000 C
184 10 5.144000 5.769000 -2.554000 C
185 10 5.329000 6.961000 -1.832000 O
186 10 6.532000 5.609000 -3.157000 C
187 10 6.614000 4.640000 -4.170000 O
188 10 6.680000 6.948000 -3.730000 C
189 10 6.276000 7.750000 -2.537000 C
190 10 7.462000 8.038000 -1.749000 N
191 10 7.951000 7.438000 -0.636000 C
192 10 9.073000 7.955000 -0.206000 N
193 10 9.330000 8.990000 -1.134000 C
194 10 10.403000 9.973000 -1.235000 C
195 10 11.374000 10.220000 -0.510000 O
196 10 10.227000 10.804000 -2.331000 N
197 10 9.190000 10.730000 -3.180000 C
198 10 9.157000 11.604000 -4.141000 N
199 10 8.196000 9.872000 -3.122000 N
200 10 8.334000 9.035000 -2.073000 C
201 11 8.019000 4.030000 -4.607000 P
202 11 7.690000 2.846000 -5.420000 O
203 11 8.953000 3.877000 -3.457000 O
204 11 8.587000 5.235000 -5.498000 O
205 11 8.136000 5.529000 -6.826000 C
206 11 9.056000 6.528000 -7.452000 C
207 11 9.010000 7.615000 -6.574000 O
208 11 10.498000 6.056000 -7.388000 C
209 11 10.804000 5.249000 -8.504000 O
210 11 11.128000 7.373000 -7.516000 C
211 11 10.314000 8.189000 -6.550000 C
212 11 10.987000 8.137000 -5.259000 N
213 11 10.811000 7.306000 -4.194000 C
214 11 11.673000 7.530000 -3.211000 N
215 11 12.440000 8.621000 -3.667000 C
216 11 13.550000 9.364000 -3.072000 C
217 11 14.155000 9.205000 -2.023000 O
218 11 14.027000 10.387000 -3.891000 N
219 11 13.513000 10.674000 -5.109000 C
220 11 14.053000 11.660000 -5.788000 N
221 11 12.503000 10.025000 -5.682000 N
222 11 12.015000 9.004000 -4.911000 C
223 12 12.165000 4.419000 -8.729000 P
224 12 11.968000 3.803000 -10.044000 O
225 12 12.496000 3.546000 -7.568000 O
226 12 13.301000 5.581000 -8.939000 O
227 12 13.693000 6.083000 -10.235000 C
228 12 14.874000 6.981000 -10.063000 C
229 12 14.552000 7.800000 -8.948000 O
230 12 16.136999 6.354000 -9.606000 C
231 12 16.896000 5.729000 -10.643000 O
232 12 16.806000 7.526000 -8.948000 C
233 12 15.696000 8.138000 -8.149000 C
234 12 15.558000 7.758000 -6.709000 N
235 12 16.332001 8.377000 -5.745000 C
236 12 17.059000 9.344000 -5.976000 O
237 12 16.233000 7.934000 -4.481000 N
238 12 15.408000 6.957000 -4.134000 C
239 12 15.392000 6.521000 -2.859000 N
240 12 14.552000 6.367000 -5.088000 C
241 12 14.692000 6.783000 -6.347000 C
