240
1 1 2.078 18.005 17.885 O
2 1 1.966 16.650 18.311 C
3 1 3.317 16.035 18.004 C
4 1 4.384 16.665 18.724 O
5 1 3.523 14.516 18.144 C
6 1 2.917 13.839 17.077 O
7 1 5.031 14.436 18.105 C
8 1 5.398 15.954 18.030 C
9 1 6.733 16.601 18.140 N
10 1 7.919 15.880 18.149 C
11 1 7.935 14.662 18.087 O
12 1 9.095 16.548 18.236 N
13 1 9.115 17.884 18.298 C
14 1 10.278 18.546 18.386 N
15 1 7.891 18.635 18.285 C
16 1 6.740 17.952 18.197 C
17 2 2.022 12.518 17.279 P
18 2 2.569 11.810 18.438 O
19 2 1.954 11.820 15.974 O
20 2 0.547 13.060 17.705 O
21 2 -0.217 13.944 16.875 C
22 2 -1.430 13.434 16.005 C
23 2 -1.942 14.569 15.237 O
24 2 -1.075 12.389 14.947 C
25 2 -2.093 11.411 14.652 O
26 2 -0.789 13.261 13.756 C
27 2 -1.123 14.692 14.117 C
28 2 -0.117 15.803 14.345 N
29 2 1.275 15.654 14.472 C
30 2 1.904 14.612 14.398 O
31 2 2.046 16.752 14.670 N
32 2 1.513 17.952 14.758 C
33 2 2.354 18.945 14.955 N
34 2 0.110 18.162 14.639 C
35 2 -0.664 17.074 14.446 C
36 3 -1.583 9.884 14.433 P
37 3 -2.739 8.978 14.341 O
38 3 -0.531 9.624 15.443 O
39 3 -0.815 9.757 13.036 O
40 3 -1.252 9.627 11.657 C
41 3 -0.124 10.171 10.783 C
42 3 0.050 11.581 10.884 O
43 3 1.206 9.652 11.332 C
44 3 1.405 8.316 10.875 O
45 3 2.260 10.703 11.068 C
46 3 1.457 11.869 10.642 C
47 3 1.846 13.316 10.853 N
48 3 3.171 13.755 10.888 C
49 3 4.127 12.988 10.774 O
50 3 3.404 15.107 11.055 N
51 3 2.396 15.976 11.178 C
52 3 2.679 17.250 11.345 N
53 3 1.043 15.565 11.130 C
54 3 0.830 14.244 10.967 C
55 4 2.729 7.422 11.002 P
56 4 2.997 7.153 12.430 O
57 4 3.786 7.994 10.133 O
58 4 2.276 5.996 10.335 O
59 4 2.247 5.746 8.894 C
60 4 0.888 5.870 8.183 C
61 4 0.265 7.159 8.389 O
62 4 1.181 5.771 6.694 C
63 4 0.092 5.236 5.872 O
64 4 1.402 7.243 6.435 C
65 4 0.261 7.855 7.137 C
66 4 -0.030 9.312 7.199 N
67 4 -1.307 9.834 7.252 C
68 4 -1.418 11.136 7.322 N
69 4 -0.094 11.516 7.317 C
70 4 0.403 12.797 7.361 C
71 4 -0.265 13.842 7.414 O
72 4 1.794 12.809 7.335 N
73 4 2.594 11.690 7.269 C
74 4 3.896 11.857 7.256 N
75 4 2.117 10.462 7.212 N
76 4 0.767 10.440 7.247 C
77 5 0.387 4.472 4.445 P
78 5 -0.863 4.574 3.663 O
79 5 0.984 3.148 4.656 O
80 5 1.570 5.381 3.755 O
81 5 2.961 4.933 3.637 C
82 5 4.127 5.993 3.408 C
83 5 3.693 7.172 2.732 O
84 5 4.974 6.485 4.603 C
85 5 6.342 6.432 4.142 O
86 5 4.425 7.870 4.915 C
87 5 3.876 8.344 3.593 C
88 5 2.652 9.206 3.694 N
89 5 1.338 8.845 3.782 C
90 5 0.481 9.825 3.865 N
91 5 1.300 10.941 3.795 C
92 5 0.941 12.308 3.826 C
93 5 -0.181 12.787 3.905 O
94 5 2.054 13.121 3.751 N
95 5 3.354 12.648 3.650 C
96 5 4.318 13.533 3.580 N
97 5 3.709 11.374 3.615 N
98 5 2.626 10.573 3.694 C
99 6 7.651 7.434 4.274 P
100 6 8.321 7.178 5.578 O
101 6 7.299 8.845 3.918 O
102 6 8.550 6.717 3.061 O
103 6 8.232 6.618 1.612 C
104 6 7.663 5.229 1.028 C
105 6 6.203 5.096 1.076 O
106 6 7.965 5.001 -0.461 C
107 6 7.766 3.640 -0.896 O
108 6 6.834 5.768 -1.054 C
109 6 5.649 5.322 -0.228 C
110 6 4.551 6.293 -0.119 N
111 6 3.235 5.975 -0.075 C
112 6 2.446 6.998 0.035 N
113 6 3.315 8.084 0.057 C
114 6 3.029 9.457 0.167 C
115 6 1.934 9.995 0.268 O
116 6 4.159 10.227 0.154 N
117 6 5.423 9.732 0.061 C
118 6 6.386 10.626 0.070 N
119 6 5.718 8.443 -0.035 N
120 6 4.612 7.672 -0.031 C
122 7 1.647 19.910 -0.435 O
123 7 2.562 18.784 -0.663 C
124 7 3.851 18.728 0.264 C
125 7 4.203 17.510 1.041 O
126 7 5.008 19.090 -0.615 C
127 7 5.624 20.383 -0.184 O
128 7 5.747 17.674 -0.663 C
129 7 5.104 16.647 0.334 C
130 7 4.199 15.388 0.198 N
131 7 4.631 14.024 0.312 C
132 7 5.782 13.622 0.483 O
133 7 3.677 13.057 0.211 N
134 7 2.396 13.344 0.013 C
135 7 1.482 12.423 -0.088 N
136 7 1.934 14.655 -0.092 C
137 7 2.862 15.617 0.013 C
138 8 4.736 21.771 0.242 P
139 8 3.453 21.818 -0.470 O
140 8 5.599 22.980 0.206 O
141 8 4.260 21.502 1.722 O
142 8 5.017 21.657 2.925 C
143 8 4.732 20.590 3.997 C
144 8 3.334 20.188 4.067 O
145 8 5.571 19.316 3.821 C
146 8 6.940 19.446 4.265 O
147 8 4.810 18.453 4.766 C
148 8 3.365 18.951 4.770 C
149 8 2.231 18.057 4.401 N
150 8 2.414 16.752 3.935 C
151 8 3.501 16.214 3.790 O
152 8 1.336 16.004 3.628 N
153 8 0.121 16.508 3.751 C
154 8 -0.883 15.716 3.426 N
155 8 -0.112 17.831 4.212 C
156 8 0.977 18.561 4.528 C
157 9 8.067 18.329 3.927 P
158 9 8.990 18.867 2.899 O
159 9 7.400 17.027 3.698 O
160 9 8.919 18.292 5.310 O
161 9 8.527 18.676 6.645 C
162 9 7.617 17.714 7.375 C
163 9 6.240 18.076 7.366 O
164 9 7.775 16.248 6.935 C
165 9 8.616 15.394 7.735 O
166 9 6.370 15.793 7.054 C
167 9 5.605 16.882 7.809 C
168 9 4.084 16.897 7.752 N
169 9 3.352 15.725 7.533 C
170 9 3.832 14.618 7.370 O
171 9 2.011 15.750 7.493 N
172 9 1.347 16.873 7.651 C
173 9 0.028 16.774 7.590 N
174 9 2.041 18.113 7.888 C
175 9 3.400 18.073 7.937 C
176 10 9.784 14.389 7.181 P
177 10 9.601 14.182 5.727 O
178 10 9.784 13.171 8.033 O
179 10 11.197 15.206 7.348 O
180 10 11.291 16.205 8.367 C
181 10 12.389 16.044 9.456 C
182 10 12.225 17.145 10.383 O
183 10 12.287 14.779 10.295 C
184 10 13.547 14.188 10.730 O
185 10 11.440 15.212 11.459 C
186 10 11.284 16.712 11.371 C
187 10 9.898 17.296 11.257 N
188 10 9.584 18.638 11.209 C
189 10 8.290 18.895 11.117 N
190 10 7.686 17.624 11.103 C
191 10 6.296 17.250 11.020 C
192 10 5.269 17.930 10.932 O
193 10 6.159 15.899 11.042 N
194 10 7.187 15.008 11.125 C
195 10 6.866 13.731 11.130 N
196 10 8.465 15.314 11.209 N
197 10 8.660 16.644 11.187 C
198 11 13.604 12.552 11.007 P
199 11 14.989 12.073 10.739 O
200 11 12.474 11.897 10.282 O
201 11 13.250 12.503 12.610 O
202 11 12.138 11.690 13.054 C
203 11 11.385 11.999 14.341 C
204 11 10.696 13.282 14.551 O
205 11 10.266 11.099 14.130 C
206 11 10.323 10.292 15.250 O
207 11 9.005 11.949 13.989 C
208 11 9.319 13.057 14.881 C
209 11 8.459 14.281 14.789 N
210 11 8.886 15.583 14.780 C
211 11 7.921 16.455 14.692 N
212 11 6.747 15.707 14.644 C
213 11 5.370 16.130 14.547 C
214 11 4.926 17.290 14.494 O
215 11 4.494 15.020 14.521 N
216 11 4.903 13.675 14.582 C
217 11 3.990 12.719 14.547 N
218 11 6.184 13.301 14.679 N
219 11 7.056 14.358 14.705 C
220 12 9.374 9.030 15.469 P
221 12 9.967 7.790 14.933 O
222 12 7.978 9.386 15.131 O
223 12 9.600 9.089 17.072 O
224 12 10.836 8.841 17.780 C
225 12 11.953 9.902 17.635 C
226 12 11.532 11.247 17.885 O
227 12 13.145 9.673 18.579 C
228 12 14.261 9.089 17.898 O
229 12 13.478 11.074 19.093 C
230 12 12.779 11.971 18.087 C
231 12 12.444 13.341 18.535 N
232 12 11.184 13.737 18.865 C
233 12 11.097 14.980 19.220 N
234 12 12.401 15.456 19.115 C
235 12 12.900 16.758 19.383 C
236 12 12.303 17.763 19.761 O
237 12 14.209 16.842 19.163 N
238 12 14.991 15.837 18.746 C
239 12 16.240 16.239 18.632 N
240 12 14.570 14.584 18.478 N
241 12 13.245 14.464 18.689 C
