202
1 1 -10.011 20.685 16.037 O
2 1 -10.346 19.253 15.867 C
3 1 -9.196 18.732 15.021 C
4 1 -9.560 19.016 13.680 O
5 1 -7.838 19.365 15.223 C
6 1 -6.982 18.796 16.200 O
7 1 -7.201 19.128 13.835 C
8 1 -8.360 19.382 12.935 C
9 1 -8.473 20.783 12.540 N
10 1 -9.239 21.725 13.176 C
11 1 -9.181 22.882 12.586 N
12 1 -8.346 22.723 11.516 C
13 1 -7.963 23.603 10.493 C
14 1 -8.375 24.859 10.438 N
15 1 -7.107 23.109 9.546 N
16 1 -6.667 21.826 9.601 C
17 1 -7.105 20.905 10.508 N
18 1 -7.899 21.420 11.454 C
19 2 -5.592 19.524 16.735 P
20 2 -5.188 18.674 17.860 O
21 2 -6.186 20.783 17.170 O
22 2 -4.501 19.456 15.704 O
23 2 -4.429 18.437 14.735 C
24 2 -3.432 18.918 13.680 C
25 2 -4.175 19.507 12.617 O
26 2 -2.473 19.998 14.137 C
27 2 -1.407 19.480 14.913 O
28 2 -2.080 20.611 12.765 C
29 2 -3.393 20.658 12.113 C
30 2 -4.132 21.904 12.439 N
31 2 -4.116 22.859 11.477 C
32 2 -3.491 22.696 10.423 O
33 2 -4.814 24.000 11.702 N
34 2 -5.473 24.226 12.873 C
35 2 -6.135 25.394 12.974 N
36 2 -5.498 23.234 13.874 C
37 2 -4.812 22.080 13.610 C
38 3 -0.115 20.418 15.068 P
39 3 1.073 19.450 15.370 O
40 3 -0.360 21.240 16.262 O
41 3 0.203 20.814 13.626 O
42 3 1.644 20.865 13.277 C
43 3 1.712 21.985 12.245 C
44 3 0.467 22.517 11.966 O
45 3 2.467 23.224 12.679 C
46 3 3.874 23.109 12.741 O
47 3 2.000 24.230 11.586 C
48 3 0.590 23.895 11.439 C
49 3 -0.352 24.721 12.175 N
50 3 -0.618 26.027 11.749 C
51 3 0.051 26.542 10.841 O
52 3 -1.597 26.715 12.400 N
53 3 -2.291 26.197 13.439 C
54 3 -3.260 26.874 14.060 N
55 3 -2.048 24.870 13.812 C
56 3 -1.110 24.193 13.168 C
57 4 4.611 23.857 13.943 P
58 4 5.774 23.001 14.137 O
59 4 3.466 23.715 14.921 O
60 4 4.871 25.459 13.835 O
61 4 5.275 25.672 12.439 C
62 4 5.152 27.151 12.253 C
63 4 3.874 27.476 11.764 O
64 4 5.285 27.917 13.587 C
65 4 6.702 28.055 13.843 O
66 4 4.521 29.159 13.261 C
67 4 3.370 28.628 12.424 C
68 4 2.240 28.370 13.354 N
69 4 1.919 27.361 14.161 C
70 4 0.833 27.564 14.890 N
71 4 0.420 28.841 14.525 C
72 4 -0.616 29.687 14.975 C
73 4 -1.542 29.491 15.781 O
74 4 -0.579 30.923 14.455 N
75 4 0.309 31.322 13.517 C
76 4 0.166 32.592 13.075 N
77 4 1.312 30.608 13.090 N
78 4 1.298 29.366 13.618 C
79 5 7.451 29.108 14.696 P
80 5 8.931 29.288 14.277 O
81 5 7.494 28.580 16.076 O
82 5 6.714 30.493 14.254 O
83 5 7.703 31.576 14.130 C
84 5 6.931 32.873 14.075 C
85 5 5.584 32.680 13.657 O
86 5 6.837 33.584 15.409 C
87 5 7.959 34.505 15.619 O
88 5 5.539 34.349 15.386 C
89 5 4.728 33.547 14.386 C
90 5 3.821 32.727 15.192 N
91 5 3.999 31.444 15.557 C
92 5 3.051 30.960 16.324 N
93 5 2.195 32.098 16.464 C
94 5 0.938 32.182 17.131 C
95 5 0.410 31.194 17.712 O
96 5 0.410 33.448 17.108 N
97 5 0.956 34.474 16.386 C
98 5 0.332 35.649 16.479 N
99 5 2.099 34.403 15.688 N
100 5 2.650 33.164 15.774 C
101 6 8.479 34.430 17.154 P
102 6 9.982 34.454 17.038 O
103 6 8.071 33.012 17.495 O
104 6 7.746 35.578 17.891 O
105 6 7.089 36.661 17.216 C
106 6 5.958 37.125 18.085 C
107 6 4.834 36.289 17.767 O
108 6 6.040 36.922 19.581 C
109 6 7.009 37.734 20.241 O
110 6 4.564 37.223 19.915 C
111 6 3.897 36.468 18.845 C
112 6 3.528 35.104 19.287 N
113 6 2.299 34.972 19.876 C
114 6 1.585 35.964 20.062 O
115 6 1.937 33.689 20.210 N
116 6 2.717 32.629 19.961 C
117 6 2.338 31.458 20.388 N
118 6 4.009 32.802 19.364 C
119 6 4.314 34.034 18.992 C
120 7 7.500 37.853 21.761 P
121 7 8.047 39.146 22.226 O
122 7 8.190 36.563 22.009 O
123 7 6.081 37.778 22.590 O
124 7 5.492 39.028 23.079 C
125 7 4.222 38.540 23.800 C
126 7 3.612 37.504 22.994 O
127 7 4.449 37.822 25.103 C
128 7 4.863 38.601 26.212 O
129 7 3.049 37.186 25.266 C
130 7 2.772 36.705 23.893 C
131 7 3.088 35.277 23.676 N
132 7 2.222 34.346 24.172 C
133 7 1.208 34.660 24.808 O
134 7 2.488 33.059 23.916 N
135 7 3.618 32.646 23.257 C
136 7 3.774 31.319 23.149 N
137 7 4.517 33.580 22.776 C
138 7 4.202 34.891 22.970 C
139 8 5.604 38.313 27.546 P
140 8 5.324 39.454 28.414 O
141 8 6.996 37.982 27.236 O
142 8 5.016 37.023 28.368 O
143 8 4.124 37.206 29.500 C
144 8 3.053 36.170 29.547 C
145 8 2.819 35.581 28.259 O
146 8 3.364 34.887 30.345 C
147 8 3.422 35.097 31.710 O
148 8 2.089 34.095 29.981 C
149 8 2.144 34.339 28.507 C
150 8 2.899 33.303 27.809 N
151 8 4.058 33.448 27.111 C
152 8 4.429 32.270 26.561 N
153 8 3.424 31.397 26.902 C
154 8 3.239 30.019 26.615 C
155 8 4.013 29.308 25.917 O
156 8 2.054 29.511 27.142 N
157 8 1.224 30.219 27.918 C
158 8 0.141 29.575 28.399 N
159 8 1.382 31.495 28.236 N
160 8 2.488 32.016 27.678 C
161 9 4.470 34.515 32.711 P
162 9 4.376 35.354 33.889 O
163 9 5.676 34.322 31.904 O
164 9 3.698 33.090 32.695 O
165 9 2.736 32.798 33.672 C
166 9 2.189 31.404 33.354 C
167 9 2.154 31.092 31.989 O
168 9 3.063 30.283 33.967 C
169 9 2.994 30.341 35.378 O
170 9 2.435 29.081 33.277 C
171 9 2.246 29.619 31.904 C
172 9 3.360 29.389 30.989 N
173 9 4.322 30.263 30.570 C
174 9 5.105 29.772 29.678 N
175 9 4.636 28.485 29.430 C
176 9 5.064 27.446 28.569 C
177 9 6.053 27.460 27.778 O
178 9 4.306 26.281 28.639 N
179 9 3.215 26.220 29.438 C
180 9 2.492 25.076 29.477 N
181 9 2.750 27.168 30.229 N
182 9 3.559 28.258 30.221 C
183 10 3.905 29.318 36.231 P
184 10 3.237 29.196 37.550 O
185 10 5.182 29.931 35.867 O
186 10 3.649 27.933 35.433 O
187 10 2.586 27.141 36.053 C
188 10 2.969 25.706 35.720 C
189 10 3.022 25.472 34.347 O
190 10 4.365 25.320 36.208 C
191 10 4.382 25.127 37.643 O
192 10 4.650 24.088 35.355 C
193 10 4.009 24.460 34.029 C
194 10 4.973 25.059 33.106 N
195 10 5.375 24.396 31.974 C
196 10 4.969 23.272 31.718 O
197 10 6.263 25.005 31.160 N
198 10 6.775 26.231 31.377 C
199 10 7.662 26.691 30.555 O
200 10 6.331 26.931 32.540 C
201 10 6.818 28.302 32.881 C
202 10 5.461 26.312 33.346 C
