1293 3046
0 2
0 3
0 4
1 3
1 5
1 8
1 42
2 4
2 5
2 9
3 4
3 8
3 9
4 6
4 7
5 7
5 1255
8 10
8 11
8 12
8 13
9 11
9 13
9 14
9 16
10 12
10 13
10 14
10 17
10 18
11 16
11 17
11 18
11 44
12 14
12 15
12 16
14 15
14 24
14 35
16 18
16 20
16 22
16 24
17 19
17 21
17 22
17 23
17 24
18 20
18 21
18 22
18 25
18 26
19 24
19 25
19 26
19 52
20 23
21 22
24 26
24 28
24 29
24 35
25 27
25 29
25 35
26 28
26 36
26 37
27 35
27 36
27 37
27 60
28 30
28 31
28 35
29 32
29 33
29 34
30 31
30 33
30 34
31 32
31 34
32 33
35 37
35 39
35 40
35 44
36 38
36 40
36 44
37 39
37 45
37 46
38 39
38 44
38 45
38 46
38 71
39 41
39 42
39 44
40 42
40 43
42 43
44 46
44 48
44 52
45 47
45 49
45 52
46 48
46 49
46 53
46 54
47 52
47 53
47 54
47 79
48 50
48 52
49 51
52 54
52 56
52 57
52 60
53 55
53 57
53 60
54 56
54 61
54 62
54 71
55 56
55 60
55 61
55 62
55 87
56 58
56 59
58 59
60 62
60 64
60 71
61 63
61 65
61 71
62 64
62 65
62 72
62 73
63 65
63 71
63 72
63 73
63 96
64 66
65 67
65 68
65 69
66 68
66 69
67 69
67 70
69 70
71 73
71 75
71 79
72 74
72 76
72 77
72 79
73 75
73 77
73 80
73 81
74 79
74 80
74 81
75 78
75 79
76 77
79 81
79 83
79 84
79 87
80 82
80 84
80 85
80 87
81 83
81 88
82 87
82 88
83 85
83 86
85 86
85 1172
85 1175
86 791
86 1283
87 89
87 91
87 92
87 96
88 90
88 92
88 93
88 94
88 96
89 91
89 97
89 98
89 99
90 91
90 96
90 97
90 98
90 99
91 93
91 94
92 94
92 95
94 95
95 1148
95 1149
95 1150
96 98
96 99
97 99
97 100
98 101
99 100
99 101
100 102
100 103
100 104
101 103
101 105
101 108
102 104
102 105
102 109
103 104
103 108
103 109
104 106
104 107
106 107
108 110
108 111
108 112
108 113
108 235
109 111
109 113
109 119
110 112
110 120
111 112
111 119
111 120
111 232
111 233
112 114
112 115
113 115
114 116
114 117
115 117
115 118
117 118
119 121
119 123
119 124
119 127
120 122
120 124
120 126
120 127
121 123
121 128
122 123
122 127
122 128
122 447
123 125
123 126
125 126
127 129
127 130
127 131
128 130
128 132
128 136
129 131
129 132
129 137
129 138
129 139
130 136
130 137
130 138
130 139
131 133
132 134
133 135
134 439
136 138
136 139
136 140
136 141
136 439
137 139
137 141
137 142
137 144
138 140
138 142
138 145
139 140
139 144
139 145
140 143
141 142
142 143
144 146
144 147
144 148
144 149
144 220
145 147
145 149
145 156
146 148
146 149
146 157
147 156
147 157
147 217
148 150
148 151
148 156
149 152
149 153
149 154
150 151
150 153
150 154
151 152
151 154
152 153
152 155
153 155
155 223
156 158
156 159
156 160
156 161
157 159
157 161
157 165
158 160
158 166
158 167
158 168
159 160
159 165
159 166
159 167
159 168
160 162
161 163
162 164
165 167
165 168
165 169
165 170
165 171
165 196
166 168
166 170
166 171
166 173
167 169
167 170
167 171
167 174
167 175
167 180
168 173
168 174
168 175
168 189
169 171
169 172
169 173
171 172
171 173
171 180
171 189
171 193
173 175
173 177
173 178
173 179
173 180
174 176
174 178
174 179
174 180
175 177
175 178
175 181
176 177
176 180
176 181
178 179
180 182
180 184
180 185
180 189
181 183
181 185
181 186
181 189
182 184
182 190
183 184
183 189
183 190
184 186
184 187
185 187
185 188
187 188
189 191
189 193
190 192
190 193
191 194
192 193
192 194
193 195
193 196
193 197
193 198
194 196
194 198
194 199
194 205
195 197
195 206
195 207
196 197
196 205
196 206
196 207
196 222
197 199
197 200
197 205
198 201
198 202
198 203
199 200
199 202
199 203
200 201
200 203
201 202
201 204
202 204
205 207
205 208
205 209
205 210
206 208
206 210
206 211
206 217
207 209
207 218
207 222
208 209
208 217
208 218
208 266
209 211
209 212
210 213
210 214
210 215
211 212
211 214
211 215
212 213
212 215
213 214
213 216
214 216
217 219
217 220
217 221
217 222
218 220
218 222
218 223
218 224
219 221
219 223
219 225
220 224
220 225
221 224
222 223
223 224
224 226
224 227
224 228
224 230
224 251
225 227
225 229
225 230
225 232
226 228
226 229
226 230
226 233
226 234
227 232
227 233
227 234
227 248
228 231
228 232
229 230
229 232
232 234
232 235
233 235
233 236
234 237
235 236
235 237
236 238
236 240
236 241
236 244
237 239
237 241
237 242
237 244
238 240
238 242
238 245
238 246
239 240
239 242
239 244
239 245
239 246
240 243
241 242
244 246
244 248
245 247
245 248
246 249
247 248
247 249
248 250
248 251
248 252
249 251
249 253
249 258
250 252
250 253
250 259
250 260
251 252
251 258
251 259
251 260
252 254
252 255
253 256
253 257
254 255
254 257
254 554
255 256
258 260
258 261
258 262
259 261
259 263
259 264
259 266
260 262
260 263
260 267
261 262
261 266
261 267
262 264
262 265
264 265
266 268
266 270
266 271
266 274
267 269
267 271
267 273
267 274
268 270
268 275
268 278
269 274
269 275
270 272
270 273
270 274
272 273
274 276
274 277
274 278
274 280
275 277
275 279
275 280
275 281
276 278
276 279
276 280
276 282
276 290
277 281
277 282
279 280
279 281
281 283
281 285
281 286
281 290
282 284
282 286
282 290
283 285
283 291
283 292
284 285
284 290
284 291
284 292
285 287
286 288
287 289
290 292
290 293
290 294
291 293
291 295
291 296
291 302
292 294
292 295
292 297
292 298
292 302
292 303
293 296
293 297
293 298
293 303
295 296
296 298
296 300
296 301
296 303
297 299
297 301
297 302
297 303
298 300
298 304
299 300
299 303
299 304
300 302
303 305
303 306
303 307
304 306
304 308
304 309
305 307
305 308
305 310
305 311
305 317
306 307
306 309
306 310
306 311
306 325
306 330
309 311
309 313
309 317
310 312
310 314
310 315
310 317
311 313
311 314
311 318
311 319
312 314
312 317
312 318
312 319
312 330
312 335
312 336
313 315
313 316
315 316
317 319
317 321
317 322
317 325
318 320
318 322
318 323
318 325
319 321
319 326
319 327
319 330
320 321
320 325
320 326
320 327
320 345
321 323
321 324
321 325
323 324
325 327
325 329
325 330
326 328
326 330
327 329
327 331
327 332
328 330
328 331
328 332
328 351
330 332
330 334
330 335
330 336
331 333
331 335
331 336
332 334
332 335
332 337
332 338
332 345
333 336
333 337
333 338
333 360
335 336
336 338
336 340
336 345
337 339
337 341
337 345
338 340
338 346
338 347
339 345
339 346
339 347
339 368
340 342
340 345
341 343
342 344
345 347
345 349
345 351
346 348
346 350
346 351
347 349
347 350
347 352
347 353
347 360
348 351
348 352
348 353
348 376
351 353
351 355
351 360
352 354
352 356
352 357
352 360
353 355
353 361
353 362
354 355
354 360
354 361
354 362
354 385
355 357
355 358
355 360
356 358
356 359
358 359
358 384
360 362
360 364
360 368
361 363
361 365
361 366
361 368
362 364
362 365
362 369
362 370
362 376
363 368
363 369
363 370
363 385
363 390
364 366
364 367
364 368
366 367
367 426
368 370
368 372
368 373
368 376
369 371
369 373
369 374
369 376
369 405
370 372
370 377
370 378
371 376
371 377
371 378
371 398
372 374
372 375
372 376
372 405
373 405
374 375
374 405
374 421
374 425
374 426
374 427
376 378
376 380
376 385
377 379
377 381
377 385
378 380
378 381
378 386
378 387
379 385
379 386
379 387
380 382
380 383
380 385
381 383
382 384
385 387
385 389
385 390
386 388
386 390
387 389
387 391
388 390
388 391
390 392
390 394
390 395
390 398
391 393
391 395
391 396
391 397
391 398
392 394
392 396
392 399
393 396
393 398
393 399
394 397
395 396
396 397
398 400
398 402
399 401
399 402
400 403
401 402
401 403
402 404
402 405
402 406
403 405
403 407
403 413
404 406
404 407
404 414
404 415
405 413
405 414
405 421
406 408
406 413
407 409
407 410
407 411
408 410
408 411
409 411
409 412
409 487
411 412
412 486
413 415
413 416
413 417
413 421
414 416
414 418
414 419
414 421
415 417
415 422
415 423
416 417
416 421
416 422
417 419
417 420
419 420
421 423
421 425
421 426
421 427
421 428
422 424
422 426
422 427
422 428
423 425
423 426
423 429
423 430
423 432
423 436
424 425
424 428
424 429
424 430
424 432
425 428
426 427
426 428
426 436
428 430
428 432
428 436
429 431
429 433
429 434
429 436
430 432
430 433
430 437
431 432
431 433
431 434
431 436
431 437
432 434
432 435
434 435
436 438
436 440
437 439
437 440
438 441
439 440
439 441
440 442
440 443
440 444
440 446
441 443
441 445
441 446
441 447
442 444
442 445
442 448
443 444
443 447
443 448
445 446
445 447
447 449
447 450
447 451
447 452
447 453
448 450
448 452
448 453
448 455
449 451
449 452
449 456
449 457
450 455
450 456
451 454
451 455
452 453
453 454
455 457
455 458
455 459
455 460
455 461
455 486
456 458
456 460
456 461
456 462
457 459
457 460
457 463
457 464
458 460
458 462
458 463
458 464
458 488
459 462
460 461
462 464
462 466
462 471
463 465
463 467
463 471
464 466
464 467
464 472
464 473
465 471
465 472
465 473
465 488
465 493
466 468
467 469
468 470
469 501
471 473
471 475
471 476
471 477
471 479
472 474
472 476
472 477
472 479
473 475
473 480
473 481
474 475
474 479
474 480
474 481
474 502
475 477
475 478
475 479
477 478
479 481
479 483
479 488
480 482
480 484
480 488
481 483
481 489
481 490
482 488
482 489
482 490
482 502
482 511
483 485
483 486
483 488
484 486
484 487
486 487
488 490
488 492
488 493
489 491
489 493
490 492
490 494
490 495
490 502
491 493
491 494
491 495
491 519
492 493
493 495
493 497
493 502
494 496
494 498
494 502
495 497
495 503
495 504
496 502
496 503
496 504
496 530
497 499
497 500
498 500
498 501
500 501
502 504
502 506
502 511
503 505
503 507
503 511
504 506
504 507
504 512
504 513
504 519
505 507
505 511
505 512
505 513
505 538
506 508
507 509
508 510
511 513
511 515
511 516
511 519
512 514
512 516
512 518
512 519
513 515
513 520
513 521
514 519
514 520
514 521
514 547
514 552
515 517
515 518
515 519
517 518
519 521
519 523
519 530
520 522
520 524
520 525
520 530
521 523
521 524
521 531
521 532
521 538
522 530
522 531
522 532
522 547
522 555
523 525
523 526
523 530
524 527
524 528
524 529
525 526
525 528
525 529
526 527
526 529
527 528
530 532
530 534
530 538
531 533
531 535
531 536
531 538
532 534
532 539
532 540
533 538
533 539
533 540
533 562
534 536
534 537
534 538
536 537
538 540
538 542
538 543
538 547
539 541
539 543
539 547
540 542
540 548
540 549
541 542
541 547
541 548
541 549
541 570
542 544
542 546
542 547
543 545
543 546
545 546
547 549
547 551
547 552
547 553
547 555
548 550
548 552
548 553
548 555
549 551
549 556
549 557
550 551
550 555
550 556
550 557
550 575
551 553
551 554
553 554
555 557
555 559
555 561
555 562
556 558
556 560
556 561
556 562
557 559
557 560
557 563
557 564
558 562
558 563
558 564
558 575
558 580
559 562
560 561
562 564
562 566
562 570
563 565
563 567
563 568
563 570
564 566
564 567
564 571
564 572
565 570
565 571
565 572
565 587
566 568
566 569
568 569
569 597
570 572
570 574
570 575
571 573
571 575
572 574
572 576
572 577
573 575
573 576
573 577
573 598
574 575
575 577
575 579
575 580
576 578
576 580
577 579
577 581
577 582
578 580
578 581
578 582
578 602
579 580
580 582
580 584
580 586
580 587
581 583
581 585
581 586
581 587
582 584
582 585
582 588
582 589
583 585
583 587
583 588
583 589
583 610
584 587
585 586
587 589
587 591
587 598
588 590
588 592
588 598
589 591
589 599
589 600
590 598
590 599
590 600
590 618
591 593
591 594
591 595
591 596
592 594
593 595
593 596
594 596
594 597
596 597
598 600
598 602
599 601
599 602
600 603
600 604
601 602
601 603
601 604
601 629
602 604
602 606
602 607
602 610
603 605
603 607
603 608
603 610
604 606
604 608
604 611
604 612
604 618
605 608
605 610
605 611
605 612
605 629
606 609
606 610
607 608
608 609
610 612
610 614
610 615
610 618
611 613
611 615
611 617
611 618
612 614
612 619
613 614
613 618
613 619
613 665
614 616
614 617
616 617
618 620
618 622
618 629
619 621
619 623
619 629
620 622
620 630
621 622
621 629
621 630
622 624
623 625
624 626
624 627
625 627
625 628
627 628
629 631
629 632
629 633
630 632
630 634
630 635
630 637
631 633
631 634
631 635
631 638
631 639
631 642
632 633
632 637
632 638
632 639
632 642
632 651
632 659
633 635
633 636
635 636
635 642
635 651
636 847
637 639
637 641
637 642
638 640
638 642
639 641
639 643
640 641
640 642
640 643
641 642
642 644
642 646
642 651
643 645
643 647
643 651
644 646
644 652
645 646
645 651
645 652
646 648
646 651
647 649
648 650
651 653
651 655
651 656
651 659
652 654
652 656
652 658
652 659
653 655
653 660
653 661
654 655
654 659
654 660
654 661
654 662
654 675
654 682
655 657
655 658
655 659
657 658
659 661
659 663
659 668
659 674
660 662
660 664
660 668
660 674
661 663
661 664
661 669
661 670
661 674
661 675
662 668
662 669
662 670
662 682
662 694
663 665
663 668
664 666
664 667
665 667
667 701
668 670
668 672
668 673
668 675
669 671
669 673
669 674
669 675
670 672
670 676
670 677
671 675
671 676
671 677
671 702
672 674
672 675
675 677
675 679
675 681
675 682
676 678
676 680
676 681
676 682
677 679
677 680
677 683
677 684
677 694
678 682
678 683
678 684
678 685
678 694
678 702
678 707
679 682
680 681
682 684
682 686
682 694
683 685
683 687
683 694
684 686
684 687
684 695
684 696
684 702
685 694
685 695
685 696
685 702
685 708
685 754
686 688
686 689
686 694
687 690
687 691
687 692
688 689
688 691
688 692
689 690
689 692
690 691
690 693
691 693
694 696
694 698
694 702
695 697
695 699
695 700
695 702
696 698
696 703
696 704
697 698
697 702
697 703
697 704
697 757
698 700
698 701
700 701
702 704
702 706
702 707
702 708
703 705
703 707
703 708
704 706
704 707
704 709
705 706
705 708
705 709
705 968
707 708
708 710
708 711
708 712
708 713
709 711
709 713
709 715
709 716
710 712
710 717
710 718
710 719
711 716
711 717
711 754
711 757
712 714
712 715
712 716
714 715
716 718
716 719
716 720
716 721
716 722
717 719
717 721
717 722
717 724
718 720
718 721
718 723
718 725
718 726
719 724
719 725
719 726
719 747
720 722
720 723
720 724
722 723
722 742
722 745
723 736
724 726
724 728
724 729
725 727
725 729
726 728
726 730
726 731
727 729
727 730
727 731
729 731
729 733
729 735
729 736
730 732
730 734
730 735
730 736
731 733
731 734
731 737
731 738
731 747
732 736
732 737
732 738
732 758
733 736
734 735
736 738
736 740
736 741
736 747
737 739
737 741
737 747
738 740
738 748
738 749
738 758
739 740
739 747
739 748
739 749
739 763
739 768
740 742
741 743
742 744
742 745
743 745
743 746
743 1208
745 746
747 749
747 751
747 758
748 750
748 752
748 758
749 751
749 759
749 760
750 751
750 758
750 759
750 760
750 768
750 776
751 753
751 758
752 754
753 755
753 756
754 756
754 757
756 757
758 760
758 762
758 763
759 761
759 763
760 762
760 764
760 765
760 768
761 763
761 764
761 765
761 784
763 765
763 767
763 768
764 766
764 768
765 767
765 769
765 770
766 768
766 769
766 770
767 768
768 770
768 772
768 776
769 771
769 773
769 774
769 776
770 772
770 773
770 777
770 778
771 776
771 777
771 778
771 800
772 774
772 775
774 775
776 778
776 780
776 781
776 784
777 779
777 781
777 782
777 784
778 780
778 782
778 785
778 786
779 782
779 784
779 785
779 786
779 800
779 807
780 783
781 782
782 783
784 786
784 788
784 792
785 787
785 789
785 790
785 792
786 788
786 789
786 790
786 793
786 794
787 790
787 792
787 793
787 794
787 818
788 790
788 791
788 792
790 791
790 1147
790 1150
792 794
792 796
792 797
792 800
793 795
793 797
793 800
794 796
794 801
794 802
795 800
795 801
795 802
795 827
796 798
796 799
796 800
797 799
800 802
800 804
800 806
800 807
801 803
801 805
801 806
801 807
802 804
802 805
802 808
802 809
802 818
803 805
803 807
803 808
803 809
803 835
805 806
807 809
807 811
807 818
808 810
808 812
808 818
809 811
809 812
809 819
810 818
810 819
811 813
811 814
811 818
812 815
812 816
812 817
813 814
813 816
813 817
814 815
814 817
815 816
818 820
818 822
818 827
819 821
819 823
819 827
820 822
820 823
820 828
821 827
821 828
822 824
822 825
822 827
823 825
823 826
825 826
825 1083
827 829
827 831
827 835
828 830
828 832
828 835
829 831
829 836
829 837
829 838
830 831
830 835
830 836
830 837
830 838
831 833
832 834
835 837
835 838
836 838
836 839
837 840
837 841
838 839
838 840
838 841
838 855
838 859
839 841
839 843
839 848
840 842
840 844
840 848
841 843
841 844
841 849
841 850
842 848
842 849
842 850
842 866
842 870
843 845
843 846
843 848
844 846
844 847
846 847
848 850
848 852
848 853
848 855
849 851
849 853
849 854
849 855
850 852
850 854
850 856
850 857
851 855
851 856
851 857
852 855
853 854
855 857
855 859
856 858
856 859
857 860
857 861
858 859
858 860
858 861
859 861
859 863
859 865
859 866
860 862
860 864
860 865
860 866
861 863
861 864
861 867
861 868
861 871
862 866
862 867
862 868
862 871
862 875
864 865
866 868
866 870
866 871
867 869
867 871
868 870
868 872
869 871
869 872
871 873
871 875
872 874
872 875
873 876
873 877
873 886
874 875
874 876
874 886
875 877
875 879
875 886
876 878
876 880
876 886
877 879
877 887
877 888
878 879
878 886
878 887
878 888
878 889
878 901
878 907
878 912
879 881
879 882
880 883
880 884
880 885
881 882
881 884
881 885
882 883
882 885
883 884
886 888
886 890
886 891
886 893
887 889
887 891
887 892
887 893
888 890
888 892
888 894
888 895
889 893
889 894
889 895
889 915
890 893
891 892
893 895
893 897
893 898
893 899
893 901
894 896
894 898
894 899
894 901
895 897
895 902
895 903
896 901
896 902
896 903
896 926
897 899
897 900
899 900
901 903
901 905
901 906
901 907
902 904
902 906
902 907
903 905
903 908
903 909
903 915
904 907
904 908
904 909
904 926
904 934
905 907
906 1034
907 909
907 911
907 912
907 915
908 910
908 912
908 914
908 915
909 911
909 916
909 917
910 915
910 916
910 917
910 942
911 913
911 914
911 915
913 914
915 917
915 919
915 926
916 918
916 920
916 926
917 919
917 920
917 927
917 928
918 926
918 927
918 928
918 951
919 921
919 926
920 922
921 923
921 924
922 924
922 925
924 925
926 928
926 930
926 931
926 934
927 929
927 931
927 934
928 930
928 935
928 936
929 930
929 934
929 935
929 936
929 951
929 960
929 969
930 932
930 934
931 933
934 936
934 938
934 939
934 942
935 937
935 939
935 942
936 938
936 943
936 944
936 951
937 942
937 943
937 944
937 951
937 960
938 940
938 941
938 942
940 941
942 944
942 946
942 951
943 945
943 947
943 951
944 946
944 947
944 952
945 951
945 952
946 948
946 949
947 949
947 950
949 950
951 953
951 955
951 956
951 960
952 954
952 956
952 960
953 955
953 961
953 962
953 964
954 955
954 960
954 961
954 962
954 964
955 957
955 959
956 958
956 959
958 959
959 975
960 962
960 964
960 965
960 969
961 963
961 965
961 969
962 964
962 970
963 964
963 969
963 970
964 966
965 967
965 968
966 968
969 971
969 972
969 973
969 974
969 980
970 972
970 974
970 980
971 973
971 981
971 982
972 973
972 980
972 981
972 982
972 1011
973 975
974 976
975 977
975 978
976 978
976 979
978 979
980 982
980 984
980 985
980 994
981 983
981 985
981 994
982 984
982 995
982 996
983 994
983 995
983 996
983 1016
984 986
984 987
985 988
985 989
985 990
986 987
986 989
987 988
987 991
987 992
987 993
988 991
989 990
989 992
989 993
990 991
990 993
991 992
994 996
994 998
994 999
994 1000
994 1002
995 997
995 999
995 1000
995 1002
996 998
996 1003
996 1004
997 1002
997 1003
997 1004
997 1021
998 1000
998 1001
1000 1001
1002 1004
1002 1006
1002 1007
1002 1011
1003 1005
1003 1007
1003 1011
1004 1006
1004 1012
1004 1013
1005 1006
1005 1011
1005 1012
1005 1013
1005 1028
1006 1008
1006 1009
1006 1011
1007 1009
1007 1010
1009 1010
1011 1013
1011 1015
1011 1016
1012 1014
1012 1016
1013 1015
1013 1017
1013 1018
1013 1021
1014 1016
1014 1017
1014 1018
1014 1028
1014 1036
1015 1016
1016 1018
1016 1020
1016 1021
1017 1019
1017 1021
1018 1020
1018 1022
1018 1023
1019 1021
1019 1022
1019 1023
1021 1023
1021 1025
1021 1027
1021 1028
1022 1024
1022 1026
1022 1027
1022 1028
1023 1025
1023 1026
1023 1029
1023 1030
1024 1026
1024 1028
1024 1029
1024 1030
1025 1028
1026 1027
1028 1030
1028 1032
1028 1036
1029 1031
1029 1033
1029 1036
1030 1032
1030 1033
1030 1037
1030 1038
1030 1044
1031 1036
1031 1037
1031 1038
1031 1044
1031 1049
1032 1034
1032 1035
1032 1036
1034 1035
1036 1038
1036 1040
1036 1044
1037 1039
1037 1041
1037 1044
1038 1040
1038 1045
1038 1046
1039 1044
1039 1045
1039 1063
1040 1042
1040 1043
1042 1043
1044 1046
1044 1048
1044 1049
1045 1047
1045 1049
1046 1048
1046 1050
1046 1051
1046 1058
1047 1048
1047 1049
1047 1050
1047 1058
1049 1051
1049 1053
1049 1054
1049 1058
1050 1052
1050 1054
1050 1058
1051 1053
1051 1059
1051 1062
1052 1053
1052 1058
1052 1059
1053 1055
1054 1056
1055 1057
1058 1060
1058 1061
1058 1062
1058 1063
1059 1061
1059 1063
1059 1064
1060 1062
1060 1063
1060 1065
1060 1066
1060 1075
1061 1063
1061 1064
1061 1065
1061 1066
1061 1101
1061 1107
1062 1064
1063 1089
1064 1066
1064 1068
1064 1075
1065 1067
1065 1069
1065 1075
1066 1068
1066 1069
1066 1076
1066 1077
1067 1075
1067 1076
1067 1077
1067 1078
1067 1101
1067 1109
1068 1070
1068 1075
1069 1071
1070 1072
1070 1073
1071 1073
1071 1074
1073 1074
1075 1077
1075 1079
1075 1089
1076 1078
1076 1080
1076 1081
1076 1089
1077 1079
1077 1080
1077 1090
1077 1091
1078 1089
1078 1090
1078 1091
1078 1118
1079 1081
1079 1082
1079 1089
1080 1083
1080 1084
1080 1085
1081 1082
1081 1084
1082 1083
1082 1086
1082 1087
1082 1088
1083 1086
1084 1085
1084 1087
1084 1088
1085 1086
1085 1088
1086 1087
1089 1091
1089 1093
1089 1101
1090 1092
1090 1094
1090 1101
1091 1093
1091 1094
1091 1102
1091 1103
1092 1101
1092 1102
1092 1103
1092 1125
1092 1126
1093 1095
1093 1096
1093 1101
1094 1097
1094 1098
1094 1099
1095 1096
1095 1098
1095 1099
1096 1097
1096 1099
1097 1098
1097 1100
1098 1100
1100 1163
1101 1103
1101 1105
1101 1106
1101 1109
1102 1104
1102 1106
1102 1108
1102 1109
1103 1105
1103 1110
1104 1105
1104 1109
1104 1110
1105 1107
1105 1108
1107 1108
1109 1111
1109 1113
1109 1114
1109 1118
1110 1112
1110 1114
1110 1115
1110 1118
1111 1113
1111 1119
1112 1118
1112 1119
1113 1115
1113 1117
1114 1116
1114 1117
1116 1117
1118 1120
1118 1122
1118 1123
1118 1124
1118 1125
1118 1131
1119 1121
1119 1123
1119 1124
1119 1125
1119 1131
1120 1122
1120 1123
1120 1126
1120 1127
1120 1131
1121 1122
1121 1123
1121 1125
1121 1126
1121 1127
1121 1151
1121 1155
1123 1124
1125 1127
1125 1129
1125 1130
1125 1132
1126 1128
1126 1130
1126 1131
1126 1132
1127 1129
1127 1133
1127 1134
1128 1132
1128 1133
1128 1134
1128 1156
1128 1161
1129 1131
1132 1134
1132 1136
1132 1137
1132 1140
1133 1135
1133 1137
1133 1138
1133 1140
1134 1136
1134 1141
1134 1142
1135 1140
1135 1141
1135 1142
1135 1165
1136 1138
1136 1139
1136 1140
1138 1139
1140 1142
1140 1144
1140 1151
1141 1143
1141 1145
1141 1151
1142 1144
1142 1145
1142 1152
1142 1153
1142 1156
1143 1151
1143 1152
1143 1153
1143 1165
1143 1176
1144 1146
1144 1151
1145 1147
1146 1148
1146 1149
1147 1149
1147 1150
1149 1150
1151 1153
1151 1155
1151 1156
1152 1154
1152 1156
1153 1155
1153 1157
1153 1158
1154 1156
1154 1157
1154 1158
1154 1183
1156 1158
1156 1160
1156 1161
1156 1165
1157 1159
1157 1161
1157 1165
1158 1160
1158 1166
1158 1167
1159 1165
1159 1166
1159 1167
1159 1191
1159 1196
1160 1162
1161 1163
1162 1164
1165 1167
1165 1169
1165 1170
1165 1176
1166 1168
1166 1170
1166 1176
1167 1169
1167 1177
1167 1178
1168 1176
1168 1177
1168 1178
1168 1203
1169 1171
1169 1172
1169 1176
1170 1172
1171 1173
1171 1174
1172 1174
1172 1175
1174 1175
1176 1178
1176 1180
1176 1182
1176 1183
1177 1179
1177 1181
1177 1182
1177 1183
1178 1180
1178 1181
1178 1184
1178 1185
1179 1183
1179 1184
1179 1185
1179 1198
1179 1205
1181 1182
1183 1185
1183 1187
1183 1188
1183 1191
1184 1186
1184 1188
1184 1189
1184 1191
1185 1187
1185 1189
1185 1192
1185 1193
1185 1198
1186 1189
1186 1191
1186 1192
1186 1193
1186 1216
1187 1190
1188 1189
1191 1193
1191 1195
1191 1196
1191 1198
1192 1194
1192 1196
1192 1197
1192 1198
1193 1195
1193 1197
1193 1199
1193 1200
1194 1195
1194 1197
1194 1198
1194 1199
1194 1200
1194 1227
1194 1232
1195 1198
1196 1197
1198 1200
1198 1202
1198 1203
1198 1205
1199 1201
1199 1203
1199 1204
1199 1205
1200 1202
1200 1204
1200 1206
1200 1207
1201 1205
1201 1206
1201 1207
1201 1234
1203 1204
1205 1207
1205 1209
1205 1216
1206 1208
1206 1210
1206 1216
1207 1209
1207 1217
1207 1218
1208 1216
1208 1217
1208 1218
1209 1211
1209 1212
1209 1216
1210 1213
1210 1214
1210 1215
1211 1212
1211 1214
1211 1215
1212 1213
1212 1215
1213 1214
1216 1218
1216 1220
1216 1227
1217 1219
1217 1221
1217 1227
1218 1220
1218 1228
1219 1227
1219 1228
1220 1222
1220 1223
1220 1227
1221 1223
1222 1224
1222 1225
1223 1225
1223 1226
1225 1226
1227 1229
1227 1231
1227 1232
1227 1233
1227 1234
1228 1230
1228 1232
1228 1233
1228 1234
1229 1231
1229 1232
1229 1235
1229 1236
1229 1238
1230 1231
1230 1234
1230 1235
1230 1236
1231 1234
1232 1233
1232 1234
1232 1238
1232 1243
1234 1236
1234 1238
1235 1237
1235 1238
1236 1239
1237 1238
1237 1239
1238 1240
1238 1241
1238 1242
1238 1243
1238 1244
1239 1241
1239 1243
1239 1244
1239 1245
1240 1242
1240 1243
1240 1246
1240 1259
1241 1243
1241 1245
1241 1246
1242 1245
1243 1244
1243 1264
1243 1266
1245 1247
1245 1249
1245 1250
1245 1259
1246 1248
1246 1250
1246 1259
1247 1249
1247 1260
1247 1261
1247 1267
1248 1249
1248 1259
1248 1260
1248 1261
1248 1267
1248 1272
1249 1251
1249 1252
1250 1253
1250 1254
1250 1255
1251 1252
1251 1254
1252 1253
1252 1256
1252 1257
1252 1258
1253 1256
1254 1255
1254 1257
1254 1258
1255 1256
1255 1258
1256 1257
1259 1261
1259 1263
1259 1264
1259 1265
1259 1267
1260 1262
1260 1264
1260 1265
1260 1267
1261 1263
1261 1268
1261 1269
1261 1272
1262 1267
1262 1268
1262 1269
1263 1265
1263 1266
1265 1266
1267 1269
1267 1271
1267 1272
1268 1270
1268 1272
1269 1271
1269 1273
1270 1271
1270 1272
1270 1273
1272 1274
1272 1276
1272 1277
1272 1284
1273 1275
1273 1277
1273 1284
1274 1276
1274 1285
1275 1276
1275 1284
1275 1285
1276 1278
1276 1279
1277 1280
1277 1281
1277 1282
1278 1279
1278 1281
1278 1282
1279 1280
1279 1282
1280 1281
1280 1283
1281 1283
1284 1286
1284 1288
1284 1289
1285 1287
1285 1289
1286 1288
1288 1290
1289 1291
1290 1292
1 1 44.141998 -3.162000 9.114000 N
2 1 43.612000 -1.825000 9.130000 C
3 1 42.201000 -1.881000 9.644000 C
4 1 41.500000 -2.860000 9.430000 O
5 1 43.646999 -1.284000 7.681000 C
6 1 43.001999 0.077000 7.506000 C
7 1 44.097000 1.386000 8.091000 S
8 1 45.625999 0.754000 7.372000 C
9 2 41.776001 -0.842000 10.320000 N
10 2 40.418999 -0.770000 10.813000 C
11 2 40.013000 0.696000 10.862000 C
12 2 40.820999 1.540000 10.553000 O
13 2 40.202000 -1.468000 12.163000 C
14 2 41.118999 -0.923000 13.237000 C
15 2 41.042000 0.264000 13.583000 O
16 2 42.035000 -1.763000 13.725000 N
17 3 38.763000 0.982000 11.270000 N
18 3 38.237999 2.346000 11.321000 C
19 3 39.066002 3.320000 12.186000 C
20 3 39.249001 4.506000 11.874000 O
21 3 36.735001 2.358000 11.642000 C
22 3 36.084000 3.744000 11.476000 C
23 3 36.484001 1.798000 13.052000 C
24 3 36.222000 4.368000 10.081000 C
25 4 39.577000 2.822000 13.285000 N
26 4 40.355000 3.655000 14.171000 C
27 4 41.664001 4.077000 13.549000 C
28 4 42.033001 5.247000 13.566000 O
29 4 40.588001 2.975000 15.542000 C
30 4 39.320000 2.909000 16.357000 C
31 4 38.942001 3.977000 17.177000 C
32 4 38.500999 1.781000 16.295000 C
33 4 37.775002 3.920000 17.938000 C
34 4 37.323002 1.720000 17.038000 C
35 4 36.976002 2.778000 17.875999 C
36 5 42.351002 3.100000 12.988000 N
37 5 43.610001 3.346000 12.310000 C
38 5 43.400002 4.217000 11.088000 C
39 5 44.235001 5.056000 10.774000 O
40 5 44.230000 2.046000 11.811000 C
41 5 44.611000 1.065000 12.932000 C
42 5 45.285000 -0.218000 12.483000 C
43 5 45.452999 -0.543000 11.318000 O
44 5 45.698002 -0.943000 13.496000 O
45 6 42.283001 3.981000 10.396000 N
46 6 41.963001 4.750000 9.209000 C
47 6 41.778999 6.208000 9.586000 C
48 6 42.376999 7.105000 9.001000 O
49 6 40.658001 4.228000 8.581000 C
50 6 40.254002 4.943000 7.292000 C
51 6 38.537998 4.546000 6.923000 S
52 6 38.432999 4.655000 5.118000 C
53 7 40.929001 6.455000 10.549000 N
54 7 40.714001 7.839000 10.929000 C
55 7 41.935001 8.473000 11.584000 C
56 7 42.160999 9.679000 11.496000 O
57 7 39.485001 7.979000 11.832000 C
58 7 38.194000 7.997000 11.045000 C
59 7 37.062000 7.611000 11.989000 C
60 7 37.953999 9.384000 10.413000 C
61 8 42.747002 7.688000 12.253000 N
62 8 43.917000 8.295000 12.862000 C
63 8 44.873001 8.822000 11.786000 C
64 8 45.541000 9.846000 11.972000 O
65 8 44.622002 7.326000 13.777000 C
66 8 45.980999 7.856000 14.126000 C
67 8 45.983002 8.665000 15.410000 C
68 8 47.344002 8.839000 15.933000 N
69 8 48.337002 9.499000 15.313000 7
0 8 48.195999 10.086000 14.122000 N
71 8 49.520000 9.581000 15.916000 N
72 9 44.926998 8.128000 10.646000 N
73 9 45.770000 8.576000 9.556000 C
74 9 45.173000 9.871000 8.964000 C
75 9 45.869999 10.863000 8.720000 O
76 9 45.918999 7.491000 8.482000 C
77 9 46.964001 6.435000 8.824000 C
78 9 46.194000 8.087000 7.104000 C
79 9 46.553001 5.077000 8.250000 C
80 10 43.851002 9.885000 8.733000 N
81 10 43.146000 11.027000 8.148000 C
82 10 43.127998 12.322000 8.967000 C
83 10 43.248001 13.406000 8.416000 O
84 10 41.738998 10.649000 7.660000 C
85 10 41.783001 9.822000 6.399000 C
86 10 42.681999 9.939000 5.600000 O
87 10 40.737999 9.042000 6.208000 O
88 11 42.955002 12.195000 10.278000 N
89 11 42.875999 13.347000 11.160000 C
90 11 44.155998 13.754000 11.876000 C
91 11 44.265999 14.876000 12.336000 O
92 11 41.796001 13.069000 12.212000 C
93 11 40.464001 12.700000 11.553000 C
94 11 39.754002 13.895000 10.986000 C
95 11 40.341999 15.037000 11.258000 O
96 11 38.734001 13.803000 10.357000 O
97 12 45.092999 12.838000 12.030000 N
98 12 46.303001 13.111000 12.769000 C
99 12 45.976002 13.150000 14.268000 C
100 12 44.854000 12.829000 14.678000 O
101 13 46.966999 13.538000 15.079000 N
102 13 46.806999 13.684000 16.535999 C
103 13 47.512001 14.951000 17.035000 C
104 13 48.715000 15.066000 16.849001 O
105 13 47.368999 12.478000 17.320000 C
106 13 47.477001 12.715000 18.834000 C
107 13 46.132000 12.456000 19.502001 C
108 13 48.497002 11.746000 19.421000 C
109 14 46.782001 15.887000 17.670000 N
110 14 47.325001 17.127001 18.235001 C
111 14 46.773998 17.278999 19.632000 C
112 14 45.577999 17.131001 19.854000 O
113 14 47.097000 18.368999 17.388000 C
114 14 47.490002 18.040001 15.957000 C
115 14 47.702999 19.247999 15.071000 C
116 14 48.297001 20.368000 15.781000 N
117 14 48.396999 21.568001 15.240000 1
18 14 47.964001 21.799000 14.005000 N
119 14 48.945999 22.554001 15.945000 1
20 15 47.676998 17.516001 20.563999 N
121 15 47.312000 17.600000 21.955999 C
122 15 47.063000 19.003000 22.443001 C
123 15 46.745998 19.243000 23.606001 O
124 15 48.393002 16.919001 22.806999 C
125 15 48.570999 15.429000 22.485001 C
126 15 49.641998 14.860000 23.399000 C
127 15 47.271000 14.654000 22.672001 C
128 16 47.185001 19.927000 21.535000 N
129 16 46.948002 21.294001 21.851999 C
130 16 45.868999 21.849001 20.900999 C
131 16 45.797001 21.424000 19.746000 O
132 16 48.299999 22.004000 21.830999 C
133 16 48.209000 23.474001 21.531000 C
134 16 48.368000 24.355000 22.760000 1
35 16 47.042999 24.858999 23.329000 1
36 16 46.591000 26.141001 22.756001 N
137 17 44.958000 22.740999 21.379000 N
138 17 43.873001 23.288000 20.531000 C
139 17 44.428001 23.760000 19.190001 C
140 17 45.459000 24.424999 19.162001 O
141 17 43.081001 24.419001 21.215000 C
142 17 42.335999 23.879000 22.421000 C
143 17 42.085999 25.066000 20.254000 C
144 17 41.486000 24.924999 23.132000 C
145 18 43.771999 23.429001 18.077000 N
146 18 44.296001 23.878000 16.792999 C
147 18 43.122002 24.205000 15.897000 C
148 18 41.984001 23.966000 16.294001 O
149 18 45.275002 22.844999 16.173000 C
150 18 44.574001 21.569000 15.775000 C
151 18 44.347000 20.561001 16.714001 C
152 18 44.105999 21.403999 14.468000 C
153 18 43.674000 19.399000 16.346001 C
154 18 43.439999 20.245001 14.075000 C
155 18 43.214001 19.261999 15.034000 C
156 18 42.562000 18.141001 14.657000 O
157 19 43.366001 24.766001 14.712000 N
158 19 42.265999 25.062000 13.813000 C
159 19 42.254002 24.024000 12.716000 C
160 19 43.299000 23.683001 12.143000 O
161 19 42.388000 26.416000 13.167000 C
162 19 41.904999 27.514999 14.067000 C
163 19 42.012001 28.870001 13.387000 C
164 19 41.749001 30.030001 14.340000 C
165 19 41.869999 31.358999 13.715000 N
166 20 41.068001 23.495001 12.441000 N
167 20 40.978001 22.483999 11.414000 C
168 20 41.067001 23.090000 10.004000 C
169 20 41.404999 24.267000 9.853000 O
170 20 39.785000 21.539000 11.612000 C
171 20 38.416000 22.129000 11.326000 C
172 20 38.417000 23.330999 10.846000 O
173 20 37.389000 21.525999 11.482000 O
174 21 40.737000 22.290001 8.973000 N
175 21 40.784000 22.729000 7.572000 C
176 21 39.820999 23.864000 7.238000 C
177 21 40.043999 24.607000 6.276000 O
178 21 40.675999 21.566000 6.554000 C
179 21 39.416000 20.955999 6.686000 O
180 21 41.757999 20.503000 6.827000 C
181 22 38.757999 23.997000 8.046000 N
182 22 37.722000 25.024000 7.864000 C
183 22 37.921001 26.253000 8.722000 C
184 22 37.173000 27.198999 8.599000 O
185 22 36.346001 24.478001 8.206000 C
186 22 35.870998 23.385000 7.246000 C
187 22 35.686001 23.871000 5.830000 C
188 22 34.967999 24.966000 5.755000 O
189 22 36.181999 23.313999 4.864000 O
190 23 38.917000 26.202000 9.594000 N
191 23 39.250000 27.281000 10.492000 C
192 23 38.594002 27.118999 11.852000 C
193 23 38.505001 28.089001 12.589000 O
194 24 38.140999 25.892000 12.182000 N
195 24 37.477001 25.673000 13.465000 C
196 24 38.325001 25.011999 14.486000 C
197 24 39.091999 24.100000 14.183000 O
198 24 36.221001 24.818001 13.418000 C
199 24 35.209999 25.302999 12.443000 C
200 24 34.820999 26.639999 12.399000 C
201 24 34.629002 24.382999 11.578000 C
202 24 33.881001 27.059000 11.459000 C
203 24 33.705002 24.790001 10.621000 C
204 24 33.328999 26.132000 10.572000 C
205 24 32.394001 26.528999 9.648000 O
206 25 38.090000 25.466000 15.718000 N
207 25 38.783001 24.975000 16.881001 C
208 25 38.511002 23.503000 17.084999 C
209 25 37.358002 23.093000 17.209999 O
210 25 38.403999 25.778999 18.129999 C
211 25 39.011002 27.150999 18.062000 C
212 25 40.382999 27.273001 17.846001 C
213 25 38.244999 28.312000 18.190001 C
214 25 40.994999 28.525000 17.783001 C
215 25 38.835999 29.577000 18.101000 C
216 25 40.216000 29.676001 17.903000 C
217 25 40.827000 30.906000 17.841999 O
218 26 39.620998 22.766001 17.132999 N
219 26 39.647999 21.319000 17.261000 C
220 26 40.768002 20.889999 18.195000 C
221 26 41.651001 21.666000 18.509001 O
222 26 39.912998 20.811001 15.803000 C
223 26 38.874001 21.291000 14.992000 O
224 26 40.015999 19.285000 15.637000 C
225 27 40.743999 19.628000 18.622999 N
226 27 41.792999 19.066000 19.448000 C
227 27 41.831001 17.552000 19.280001 C
228 27 40.861000 16.945000 18.818001 O
229 27 41.657001 19.433001 20.929001 C
230 27 42.933998 19.065001 21.715000 C
231 27 40.421001 18.729000 21.496000 C
232 27 43.272999 20.028999 22.829000 C
233 28 42.951000 16.936001 19.645000 N
234 28 43.090000 15.488000 19.608000 C
235 28 43.082001 14.907000 18.214001 C
236 28 43.886002 15.328000 17.396999 O
237 29 42.210999 13.908000 18.010000 N
238 29 42.058998 13.217000 16.742001 C
239 29 40.813999 13.682000 16.028999 C
240 29 39.828999 12.975000 15.963000 O
241 29 42.029999 11.696000 16.933001 C
242 29 43.380001 11.297000 17.528000 C
243 29 41.874001 11.017000 15.572000 C
244 29 43.337002 10.025000 18.368999 C
245 30 40.838001 14.916000 15.546000 N
246 30 39.730999 15.499000 14.834000 C
247 30 38.500999 15.802000 15.666000 C
248 30 37.409000 15.811000 15.120000 O
249 31 38.660000 16.066000 16.958000 N
250 31 37.509998 16.357000 17.806000 C
251 31 37.159000 17.851000 17.731001 C
252 31 37.834000 18.705000 18.325001 O
253 31 37.723999 15.903000 19.288000 C
254 31 36.478001 16.171000 20.087000 C
255 31 35.431000 15.259000 20.122000 N
256 31 36.084999 17.268999 20.802999 C
257 31 34.451000 15.788000 20.855000 C
258 31 34.813000 16.999001 21.274000 N
259 32 36.103001 18.155001 16.989000 N
260 32 35.660000 19.523001 16.823000 C
261 32 35.150002 20.090000 18.139999 C
262 32 34.333000 19.473000 18.819000 O
263 32 34.560001 19.611000 15.762000 C
264 32 33.935001 21.006001 15.746000 C
265 32 34.901001 22.002001 15.128000 C
266 32 32.612000 21.010000 14.998000 C
267 33 35.644001 21.243000 18.527000 N
268 33 35.162998 21.795000 19.775999 C
269 33 33.987999 22.716999 19.573999 C
270 33 32.955002 22.598000 20.242001 O
271 33 36.263000 22.548000 20.545000 C
272 33 37.355000 21.615000 21.052999 C
273 33 38.613998 22.426001 21.340000 C
274 33 36.882000 20.929001 22.327999 C
275 34 34.174999 23.674999 18.666000 N
276 34 33.174000 24.688000 18.393999 C
277 34 33.390999 25.320000 17.016001 C
278 34 34.512001 25.358000 16.506001 O
279 34 33.272999 25.780001 19.521999 C
280 34 32.194000 26.691999 19.504999 O
281 34 34.605000 26.552000 19.558001 C
282 35 32.327000 25.844000 16.434000 N
283 35 32.442001 26.516001 15.158000 C
284 35 32.571999 28.009001 15.418000 C
285 35 32.723999 28.834999 14.540000 O
286 35 31.247000 26.223000 14.281000 C
287 35 31.360001 24.843000 13.656000 C
288 35 30.032000 24.289000 13.163000 C
289 35 30.170000 22.990000 12.372000 C
290 35 28.926001 22.565001 11.700000 2
91 36 32.508999 28.360001 16.674999 N
292 36 32.626999 29.743000 17.025000 C
293 36 34.063999 30.247999 16.997999 C
294 36 35.043999 29.570999 17.337000 O
295 36 31.818001 30.105000 18.254999 C
296 36 32.601002 30.856001 19.146000 O
297 37 34.181999 31.466000 16.542000 N
298 37 35.459999 32.111000 16.392000 C
299 37 36.137001 32.498001 17.693001 C
300 37 37.167000 33.154999 17.664000 O
301 37 35.174000 33.382000 15.590000 C
302 37 33.667999 33.534000 15.485000 C
303 37 33.054001 32.250000 15.997000 C
304 38 35.591999 32.103001 18.839001 N
305 38 36.206001 32.491001 20.106001 C
306 38 37.097000 31.423000 20.736000 C
307 38 36.623001 30.357000 21.098000 O
308 38 35.165001 32.962002 21.129999 C
309 38 35.828999 33.251999 22.361000 O
310 39 38.381001 31.716000 20.910999 N
311 39 39.264000 30.747999 21.521000 C
312 39 38.800999 30.363001 22.924000 C
313 39 38.862000 29.219999 23.365000 O
314 39 40.733002 31.202000 21.511999 C
315 39 41.629002 30.184999 22.216999 C
316 39 41.706001 28.886999 21.430000 C
317 39 43.026001 30.747000 22.405001 C
318 40 38.310001 31.327999 23.643999 N
319 40 37.834000 31.042000 24.985001 C
320 40 36.632000 30.163000 25.000999 C
321 40 36.428001 29.367001 25.910000 O
322 40 37.396000 32.326000 25.673000 C
323 40 38.623001 33.008999 26.162001 3
24 40 39.528000 32.334000 26.680000 O
325 40 38.758999 34.287998 25.820999 3
26 41 35.794998 30.353001 24.023001 N
327 41 34.631001 29.528999 23.999001 C
328 41 35.083000 28.094000 23.763000 C
329 41 34.500999 27.138000 24.264000 O
330 41 33.691002 29.993999 22.910999 C
331 42 36.150002 27.936001 22.990999 N
332 42 36.623001 26.601999 22.711000 C
333 42 37.313000 25.983999 23.906000 C
334 42 37.202000 24.785999 24.162001 O
335 42 37.424000 26.568001 21.424000 C
336 42 38.755001 26.921000 21.712000 O
337 43 38.004002 26.811001 24.687000 N
338 43 38.646999 26.309999 25.879999 C
339 43 37.580002 25.874001 26.879000 C
340 43 37.714001 24.902000 27.600000 O
341 43 39.502998 27.368999 26.541000 C
342 43 40.893002 27.422001 25.941000 C
343 43 41.602001 28.731001 26.235001 C
344 43 43.116001 28.607000 26.167999 C
345 43 43.778000 28.841000 27.464001 3
46 44 36.487000 26.580000 26.895000 N
347 44 35.431999 26.195000 27.796000 C
348 44 34.762001 24.872999 27.377001 C
349 44 34.509998 23.990000 28.202000 O
350 44 34.529999 27.365000 28.176001 C
351 44 33.176998 27.077000 27.903000 O
352 45 34.547001 24.702000 26.069000 N
353 45 33.985001 23.469999 25.565001 C
354 45 34.929001 22.332001 25.872999 C
355 45 34.502998 21.232000 26.197001 O
356 45 33.854000 23.478001 24.031000 C
357 45 32.634998 24.257999 23.525999 C
358 45 31.332001 23.750000 24.083000 C
359 45 30.952000 22.608000 24.021000 O
360 45 30.596001 24.691999 24.572001 O
361 46 36.228001 22.580000 25.738001 N
362 46 37.195999 21.546000 26.011999 C
363 46 37.158001 21.083000 27.469999 C
364 46 37.175999 19.903000 27.761000 O
365 46 38.598000 22.034000 25.636000 C
366 46 39.702999 21.065001 26.002001 C
367 46 39.498001 19.801001 25.200001 C
368 46 41.063000 21.674999 25.618000 C
369 47 37.103001 22.021000 28.400999 N
370 47 37.094002 21.666000 29.804001 C
371 47 35.891998 20.861000 30.179001 C
372 47 35.977001 19.936001 30.990999 O
373 47 37.251999 22.907000 30.694000 C
374 47 38.639000 23.513000 30.697001 C
375 47 39.624001 22.981001 30.209000 O
376 47 38.659000 24.681999 31.281000 O
377 48 34.773998 21.249001 29.556999 N
378 48 33.494999 20.601000 29.722000 C
379 48 33.562000 19.149000 29.155001 C
380 48 33.070999 18.188000 29.752001 O
381 48 32.452999 21.433001 28.996000 C
382 48 31.139000 20.715000 28.805000 C
383 48 29.964001 21.635000 28.539000 C
384 48 30.065001 22.389999 27.232000 C
385 48 29.607000 21.587999 26.104000 N
386 49 34.223999 18.969999 28.000999 N
387 49 34.355999 17.638000 27.382000 C
388 49 35.290001 16.684000 28.146000 C
389 49 35.035999 15.481000 28.228001 O
390 49 34.717999 17.761999 25.896999 C
391 50 36.362000 17.233000 28.735001 N
392 50 37.369999 16.466999 29.492001 C
393 50 37.021999 16.252001 30.976000 C
394 50 37.304001 15.214000 31.599001 O
395 50 38.742001 17.129999 29.327000 C
396 50 39.125000 17.090000 27.844000 C
397 50 39.792999 16.389000 30.129000 C
398 50 39.283001 15.670000 27.319000 C
399 51 36.387001 17.238001 31.552999 N
400 51 36.025002 17.132999 32.958000 C
401 51 37.099998 17.718000 33.879002 C
402 51 37.216000 17.367001 35.061001 O
403 52 37.909000 18.612000 33.320999 N
404 52 38.966000 19.292999 34.063000 C
405 52 39.319000 20.590000 33.393002 C
406 52 38.879002 20.832001 32.272999 O
407 52 40.202999 18.468000 34.419998 C
408 52 41.143002 18.191000 33.256001 C
409 52 42.210999 17.172001 33.612000 C
410 52 43.105999 16.877001 32.498001 N
411 52 43.863998 17.798000 31.948999 C
412 52 43.841000 19.056000 32.377998 N
413 52 44.654999 17.462999 30.941000 N
414 53 40.074001 21.399000 34.132000 N
415 53 40.574001 22.684999 33.708000 C
416 53 41.768002 22.329000 32.895000 C
417 53 42.820000 22.014999 33.438999 O
418 53 41.063999 23.431999 34.956001 C
419 53 40.381001 24.757999 35.091000 4
20 53 39.160999 24.809999 35.292000 O
421 53 41.146000 25.827999 34.889999 N
422 54 41.597000 22.275000 31.599001 N
423 54 42.691002 21.825001 30.799999 C
424 54 43.671001 22.888000 30.412001 C
425 54 44.845001 22.594000 30.200001 O
426 54 42.159000 21.184000 29.518999 C
427 54 41.612999 22.177999 28.698000 O
428 54 41.085999 20.164000 29.843000 C
429 55 43.180000 24.100000 30.245001 N
430 55 44.061001 25.153000 29.819000 C
431 55 44.495998 24.957001 28.343000 C
432 55 45.560001 25.420000 27.924000 O
433 55 45.237999 25.291000 30.818001 C
434 55 46.203999 26.417000 30.530001 4
35 55 45.803001 27.570000 30.281000 O
436 55 47.493999 26.080000 30.598000 N
437 56 43.653000 24.278000 27.542999 N
438 56 43.876999 24.073000 26.099001 C
439 56 44.851002 22.988001 25.684000 C
440 56 45.236000 22.922001 24.516001 O
441 57 45.229000 22.145000 26.645000 N
442 57 46.134998 21.018000 26.443001 C
443 57 45.577999 19.740999 27.068001 C
444 57 45.068001 19.767000 28.190001 O
445 57 47.470001 21.302000 27.108000 C
446 57 48.445999 20.153000 26.861000 C
447 57 48.026001 22.613001 26.566999 C
448 58 45.698002 18.612000 26.365000 N
449 58 45.202999 17.356001 26.882000 C
450 58 46.263000 16.298000 26.730000 C
451 58 47.259998 16.481001 26.042000 O
452 58 43.901001 16.923000 26.198999 C
453 58 44.110001 16.716999 24.673000 C
454 58 42.794998 17.936001 26.478001 C
455 58 42.938000 15.983000 24.020000 C
456 59 46.062000 15.183000 27.365999 N
457 59 47.034000 14.159000 27.223000 C
458 59 46.618999 13.206000 26.108999 C
459 59 45.486000 13.251000 25.625999 O
460 59 47.109001 13.366000 28.541000 C
461 59 45.889000 12.655000 28.729000 O
462 59 47.379002 14.300000 29.722000 C
463 60 47.519001 12.275000 25.759001 N
464 60 47.241001 11.265000 24.743999 C
465 60 46.015999 10.385000 25.084999 C
466 60 45.136002 10.163000 24.257999 O
467 60 48.476002 10.432000 24.396999 C
468 60 48.201000 9.381000 23.313000 C
469 60 49.348999 9.181000 22.323000 C
470 60 49.289001 7.871000 21.534000 4
71 60 50.465000 7.650000 20.669001 N
472 61 45.943001 9.888000 26.334999 N
473 61 44.814999 9.065000 26.757999 C
474 61 43.515999 9.825000 26.652000 C
475 61 42.502998 9.259000 26.323000 O
476 61 44.908001 8.595000 28.218000 C
477 61 45.937000 7.553000 28.504000 C
478 61 46.438000 6.992000 27.427000 O
479 61 46.271999 7.272000 29.639000 4
80 62 43.546001 11.104000 27.003000 N
481 62 42.355999 11.924000 26.933001 C
482 62 41.922001 12.079000 25.471001 C
483 62 40.738998 12.085000 25.160000 O
484 62 42.637001 13.327000 27.493999 C
485 62 42.270000 13.462000 28.982000 C
486 62 42.938000 14.619000 29.688999 C
487 62 43.648998 15.438000 29.142000 O
488 62 42.693001 14.617000 30.968000 O
489 63 42.902000 12.241000 24.576000 N
490 63 42.601002 12.398000 23.158001 C
491 63 41.945000 11.133000 22.625999 C
492 63 40.987000 11.152000 21.841999 O
493 63 43.874001 12.728000 22.374001 C
494 64 42.483002 10.017000 23.089001 N
495 64 41.992001 8.723000 22.702000 C
496 64 40.634998 8.435000 23.252001 C
497 64 39.830002 7.714000 22.642000 O
498 64 43.008999 7.627000 23.024000 C
499 64 44.019001 7.483000 21.867001 C
500 64 45.252998 6.728000 22.257999 C
501 64 45.308998 6.047000 23.264000 O
502 64 46.261002 6.906000 21.434000 O
503 65 40.367001 9.003000 24.402000 N
504 65 39.070999 8.789000 24.958000 C
505 65 38.000000 9.547000 24.145000 C
506 65 36.922001 9.028000 23.868000 O
507 65 39.051998 9.155000 26.422001 C
508 65 37.625000 9.137000 26.919001 C
509 65 37.516998 8.986000 28.423000 C
510 65 36.362000 8.091000 28.846001 C
511 65 36.171001 8.089000 30.302999 N
512 66 38.294998 10.783000 23.711000 N
513 66 37.377998 11.561000 22.881001 C
514 66 37.147999 10.846000 21.558001 C
515 66 36.037998 10.844000 21.032000 O
516 66 37.939999 12.962000 22.525999 C
517 66 38.004002 13.933000 23.695999 C
518 66 38.463001 15.288000 23.195000 C
519 66 36.646999 14.068000 24.377001 C
520 67 38.214001 10.239000 21.034000 N
521 67 38.143002 9.510000 19.770000 C
522 67 37.202999 8.316000 19.849001 C
523 67 36.354000 8.127000 18.976999 O
524 67 39.554001 9.072000 19.393999 C
525 67 39.719002 8.546000 17.981001 C
526 67 38.929001 8.999000 16.922001 C
527 67 40.699001 7.588000 17.729000 C
528 67 39.118999 8.530000 15.623000 C
529 67 40.895000 7.095000 16.437000 C
530 67 40.103001 7.572000 15.394000 C
531 68 37.332001 7.493000 20.892000 N
532 68 36.444000 6.351000 21.045000 C
533 68 34.978001 6.805000 21.103001 C
534 68 34.063000 6.203000 20.525999 O
535 68 36.796001 5.527000 22.316999 C
536 68 38.053001 4.656000 22.201000 C
537 68 38.316002 4.050000 21.153999 O
538 68 38.851002 4.600000 23.278999 N
539 69 34.747002 7.895000 21.830000 N
540 69 33.397999 8.409000 21.945000 C
541 69 32.903999 8.884000 20.608000 C
542 69 31.747999 8.651000 20.270000 O
543 69 33.249001 9.598000 22.919001 C
544 69 33.410000 9.158000 24.379000 C
545 69 33.667000 10.253000 25.414000 C
546 69 33.772999 9.925000 26.596001 O
547 69 33.755001 11.524000 25.004000 N
548 70 33.778000 9.572000 19.858000 N
549 70 33.386002 10.087000 18.559000 C
550 70 33.115002 9.006000 17.535000 C
551 70 32.186001 9.124000 16.759001 O
552 70 34.298000 11.163000 17.969000 C
553 70 34.346001 12.400000 18.812000 C
554 70 33.480999 12.719000 19.586000 O
555 70 35.458000 13.058000 18.669001 O
556 71 33.911999 7.954000 17.525000 N
557 71 33.650002 6.888000 16.576000 C
558 71 32.326000 6.199000 16.926001 C
559 71 31.483000 5.962000 16.056000 O
560 71 34.813999 5.879000 16.534000 C
561 71 34.451000 4.664000 15.689000 C
562 71 36.126999 6.515000 16.065001 C
563 72 32.141998 5.886000 18.223000 N
564 72 30.922001 5.255000 18.694000 C
565 72 29.702000 6.122000 18.315001 C
566 72 28.684000 5.666000 17.792999 O
567 72 31.072001 4.930000 20.190001 C
568 72 29.886000 4.230000 20.792000 C
569 72 29.417999 3.250000 20.066000 O
570 72 29.412001 4.567000 21.850000 O
571 73 29.823000 7.426000 18.499001 N
572 73 28.754999 8.324000 18.150000 C
573 73 28.392000 8.259000 16.663000 C
574 73 27.225000 8.254000 16.294001 O
575 73 29.160999 9.759000 18.497000 C
576 74 29.399000 8.266000 15.799000 N
577 74 29.211000 8.231000 14.354000 C
578 74 28.464001 6.971000 13.942000 C
579 74 27.545000 7.015000 13.121000 O
580 74 30.548000 8.298000 13.589000 C
581 75 28.871000 5.855000 14.519000 N
582 75 28.226000 4.601000 14.185000 C
583 75 26.783001 4.623000 14.608000 C
584 75 25.892000 4.246000 13.839000 O
585 75 28.936001 3.422000 14.815000 C
586 75 28.120001 2.149000 14.540000 C
587 75 30.316999 3.304000 14.168000 C
588 76 26.552000 5.062000 15.843000 N
589 76 25.188999 5.106000 16.337999 C
590 76 24.309999 6.105000 15.540000 C
591 76 23.118999 5.896000 15.290000 O
592 76 25.120001 5.153000 17.882999 C
593 76 24.957001 3.767000 18.551001 C
594 76 24.982000 3.766000 20.094000 C
595 76 26.097000 4.548000 20.632999 N
596 76 26.046000 5.874000 20.841000 5
97 76 24.945000 6.579000 20.583000 5
98 76 27.114000 6.530000 21.319000 N
599 77 24.919001 7.188000 15.066000 N
600 77 24.253000 8.202000 14.266000 C
601 77 23.787001 7.634000 12.939000 C
602 77 22.690001 7.908000 12.473000 O
603 78 24.643999 6.821000 12.339000 N
604 78 24.336000 6.160000 11.096000 C
605 78 23.152000 5.209000 11.283000 C
606 78 22.212999 5.192000 10.478000 O
607 78 25.542000 5.329000 10.658000 C
608 78 26.583000 6.255000 10.023000 C
609 78 25.100000 4.243000 9.653000 C
610 78 27.947001 5.587000 9.782000 C
611 79 23.202999 4.401000 12.357000 N
612 79 22.167999 3.399000 12.643000 C
613 79 20.804001 3.959000 12.976000 C
614 79 19.782000 3.300000 12.805000 O
615 79 22.618000 2.350000 13.675000 C
616 79 23.889999 1.616000 13.244000 C
617 79 24.372000 0.726000 14.382000 C
618 79 23.625999 0.771000 12.013000 C
619 80 20.804001 5.186000 13.445000 N
620 80 19.577999 5.868000 13.778000 C
621 80 19.048000 6.689000 12.599000 C
622 80 17.940001 7.215000 12.637000 O
623 80 19.865999 6.868000 14.896000 C
624 80 19.559999 6.395000 16.313000 6
25 80 19.365000 7.571000 17.275000 6
26 80 20.625999 8.109000 17.798000 6
27 80 21.208000 9.255000 17.420000 6
28 80 20.686001 10.075000 16.499001 N
629 80 22.364000 9.580000 17.993000 N
630 81 19.850000 6.877000 11.560000 N
631 81 19.389000 7.704000 10.475000 C
632 81 18.698000 6.911000 9.372000 C
633 81 19.260000 5.965000 8.835000 O
634 81 20.549000 8.585000 9.982000 C
635 81 20.155001 9.478000 8.845000 C
636 81 19.896000 8.995000 7.743000 O
637 81 20.177000 10.781000 9.089000 N
638 82 17.455000 7.273000 9.054000 N
639 82 16.665001 6.588000 8.027000 C
640 82 17.313000 6.523000 6.662000 C
641 82 17.038000 5.604000 5.895000 O
642 82 15.325000 7.288000 7.849000 C
643 83 18.125000 7.524000 6.322000 N
644 83 18.761999 7.528000 5.013000 C
645 83 20.058001 6.738000 4.987000 C
646 83 20.455999 6.185000 3.968000 O
647 83 19.091000 8.933000 4.526000 C
648 83 17.923000 9.717000 3.951000 C
649 83 17.358999 10.736000 4.940000 6
50 83 18.194000 12.011000 5.112000 6
51 83 18.368000 12.447000 6.519000 N
652 84 20.746000 6.717000 6.105000 N
653 84 22.028999 6.041000 6.152000 C
654 84 22.006001 4.589000 6.502000 C
655 84 22.795000 3.808000 5.978000 O
656 84 22.995001 6.766000 7.103000 C
657 84 23.098000 8.251000 6.777000 C
658 84 24.003000 8.967000 7.771000 C
659 84 23.577000 8.462000 5.338000 C
660 85 21.160000 4.241000 7.435000 N
661 85 21.111000 2.872000 7.886000 C
662 85 21.042999 1.835000 6.776000 C
663 85 21.813999 0.875000 6.771000 O
664 85 19.997999 2.675000 8.905000 C
665 85 20.077999 1.306000 9.537000 C
666 85 19.045000 1.143000 10.630000 C
667 85 19.096001 -0.215000 11.311000 C
668 85 19.715000 -1.276000 10.508000 N
669 86 20.108000 2.022000 5.833000 N
670 86 19.940001 1.072000 4.742000 C
671 86 21.197001 0.921000 3.908000 C
672 86 21.563999 -0.177000 3.492000 O
673 86 18.763000 1.540000 3.887000 C
674 86 18.160000 2.732000 4.623000 C
675 86 19.169001 3.160000 5.686000 C
676 87 21.902000 2.019000 3.705000 N
677 87 23.150999 1.933000 2.957000 C
678 87 24.171000 1.141000 3.759000 C
679 87 24.770000 0.183000 3.300000 O
680 87 23.702000 3.319000 2.653000 C
681 87 24.964001 3.226000 1.793000 C
682 87 22.629999 4.129000 1.934000 C
683 88 24.372000 1.580000 4.987000 N
684 88 25.316000 0.939000 5.864000 C
685 88 25.096001 -0.572000 5.882000 C
686 88 26.033001 -1.353000 5.706000 O
687 88 25.171000 1.545000 7.272000 C
688 88 26.205000 1.087000 8.242000 C
689 88 27.461000 1.690000 8.296000 C
690 88 25.924999 0.020000 9.092000 C
691 88 28.409000 1.274000 9.233000 C
692 88 26.878000 -0.442000 9.996000 C
693 88 28.115000 0.202000 10.076000 C
694 88 29.061001 -0.219000 10.975000 O
695 89 23.849001 -0.980000 6.063000 N
696 89 23.507999 -2.399000 6.107000 C
697 89 23.815001 -3.135000 4.813000 C
698 89 24.069000 -4.337000 4.789000 O
699 89 22.021000 -2.599000 6.397000 C
700 89 21.612000 -2.430000 7.838000 C
701 89 22.594999 -2.367000 8.696000 O
702 89 20.461000 -2.294000 8.130000 O
703 90 23.792000 -2.449000 3.711000 N
704 90 24.055000 -3.145000 2.462000 C
705 90 25.520000 -3.336000 2.130000 C
706 90 25.896000 -4.110000 1.233000 O
707 90 23.393000 -2.356000 1.335000 C
708 90 24.138000 -1.191000 1.035000 O
709 91 26.381001 -2.598000 2.827000 N
710 91 27.790001 -2.643000 2.522000 C
711 91 28.579000 -3.725000 3.222000 C
712 91 28.128000 -4.196000 4.282000 O
713 91 28.434000 -1.288000 2.902000 C
714 91 27.947001 -0.073000 2.085000 C
715 91 28.417000 1.231000 2.731000 C
716 91 28.450001 -0.178000 0.639000 C
717 92 29.764999 -4.041000 2.637000 N
718 92 30.736000 -4.963000 3.210000 C
719 92 31.489000 -4.201000 4.303000 C
720 92 31.349001 -2.989000 4.446000 O
721 92 31.778999 -5.499000 2.208000 C
722 92 32.480999 -4.369000 1.499000 C
723 92 31.740999 -3.851000 0.523000 O
724 92 33.557999 -3.909000 1.884000 O
725 93 32.303001 -4.917000 5.073000 N
726 93 33.050999 -4.352000 6.179000 C
727 93 33.956001 -3.167000 5.869000 C
728 93 33.949001 -2.171000 6.595000 O
729 93 33.706001 -5.436000 7.051000 C
730 94 34.717999 -3.274000 4.807000 N
731 94 35.598999 -2.213000 4.416000 C
732 94 34.848999 -0.938000 4.005000 C
733 94 35.169998 0.134000 4.449000 O
734 94 36.549999 -2.718000 3.352000 C
735 94 37.508999 -1.622000 2.880000 C
736 94 37.326000 -3.867000 3.936000 C
737 95 33.861000 -1.039000 3.136000 N
738 95 33.125999 0.143000 2.699000 C
739 95 32.341999 0.729000 3.822000 C
740 95 32.118000 1.918000 3.860000 O
741 95 32.231998 -0.187000 1.530000 C
742 95 33.056999 -0.683000 0.375000 C
743 95 32.146000 -0.992000 -0.807000 C
744 95 32.856998 -1.105000 -2.080000 N
745 95 33.188000 -2.287000 -2.604000 C
746 95 32.896000 -3.439000 -1.988000 N
747 95 33.825001 -2.311000 -3.783000 N
748 96 31.941999 -0.103000 4.796000 N
749 96 31.226999 0.446000 5.962000 C
750 96 32.129002 1.452000 6.661000 C
751 96 31.664000 2.483000 7.140000 O
752 96 30.853001 -0.605000 7.007000 C
753 96 29.580000 -1.314000 6.630000 C
754 96 29.127001 -2.365000 7.644000 C
755 96 27.924000 -2.976000 7.112000 N
756 96 27.469999 -4.157000 7.459000 C
757 96 28.108999 -4.883000 8.358000 N
758 96 26.360001 -4.621000 6.874000 N
759 97 33.431999 1.116000 6.721000 N
760 97 34.409000 2.007000 7.334000 C
761 97 34.509998 3.326000 6.568000 C
762 97 34.639999 4.391000 7.186000 O
763 97 35.765999 1.351000 7.475000 C
764 98 34.407001 3.271000 5.238000 N
765 98 34.464001 4.494000 4.428000 C
766 98 33.271999 5.397000 4.760000 C
767 98 33.370998 6.626000 4.766000 O
768 98 34.432999 4.152000 2.949000 C
769 99 32.117001 4.781000 5.022000 N
770 99 30.924000 5.550000 5.337000 C
771 99 31.051001 6.178000 6.715000 C
772 99 30.624001 7.313000 6.954000 O
773 99 29.618999 4.702000 5.190000 C
774 99 28.287001 5.440000 5.387000 C
775 99 28.054001 6.395000 4.241000 C
776 99 27.153999 4.430000 5.375000 C
777 100 31.636000 5.439000 7.639000 N
778 100 31.819000 5.982000 8.964000 C
779 100 32.757999 7.203000 8.898000 C
780 100 32.535999 8.234000 9.553000 O
781 100 32.340000 4.905000 9.927000 C
782 100 31.330999 3.752000 10.150000 C
783 100 32.773998 5.567000 11.242000 C
784 100 31.955000 2.535000 10.823000 C
785 101 33.833000 7.096000 8.077000 N
786 101 34.826000 8.176000 7.903000 C
787 101 34.153999 9.480000 7.474000 C
788 101 34.355000 10.555000 8.048000 O
789 101 35.866001 7.748000 6.855000 C
790 101 37.119999 8.572000 6.851000 C
791 101 37.061001 9.793000 6.716000 O
792 101 38.257000 7.900000 6.909000 N
793 102 33.321999 9.388000 6.464000 N
794 102 32.631001 10.567000 5.999000 C
795 102 31.739000 11.189000 7.073000 C
796 102 31.657000 12.404000 7.202000 O
797 102 31.764000 10.304000 4.747000 C
798 102 32.516998 9.851000 3.503000 C
799 102 31.363001 9.629000 2.125000 S
800 102 30.857000 11.339000 1.863000 C
801 103 31.021999 10.356000 7.824000 N
802 103 30.127001 10.873000 8.856000 C
803 103 30.924999 11.515000 9.961000 C
804 103 30.514999 12.524000 10.513000 O
805 103 29.194000 9.802000 9.428000 C
806 103 28.511000 10.290000 10.699000 C
807 103 28.127001 9.418000 8.402000 C
808 104 32.071999 10.921000 10.273000 N
809 104 32.930000 11.470000 11.311000 C
810 104 33.382000 12.878000 10.910000 C
811 104 33.432999 13.806000 11.708000 O
812 104 34.143002 10.525000 11.496000 C
813 104 35.112999 10.932000 12.607000 C
814 104 36.089001 11.903000 12.385000 C
815 104 35.056000 10.301000 13.850000 C
816 104 36.974998 12.246000 13.410000 C
817 104 35.931999 10.631000 14.882000 C
818 104 36.889999 11.613000 14.650000 C
819 105 33.671001 13.060000 9.620000 N
820 105 34.131001 14.339000 9.075000 C
821 105 33.075001 15.413000 8.904000 C
822 105 33.259998 16.562000 9.281000 O
823 105 34.882999 14.133000 7.737000 C
824 105 35.404999 15.472000 7.135000 C
825 105 36.210999 15.315000 5.848000 C
826 105 36.168999 14.257000 5.207000 O
827 105 36.931999 16.368000 5.457000 N
828 106 31.972000 15.030000 8.296000 N
829 106 30.927999 15.968000 7.977000 C
830 106 29.618000 15.900000 8.723000 C
831 106 28.757000 16.746000 8.513000 O
832 106 30.785000 16.174000 6.444000 C
833 106 30.316999 15.033000 5.551000 C
834 106 30.726999 15.392000 3.814000 S
835 106 32.013000 14.167000 3.565000 C
836 107 29.466999 14.917000 9.588000 N
837 107 28.245001 14.798000 10.335000 C
838 107 27.216999 14.119000 9.474000 C
839 107 27.294001 14.140000 8.256000 O
840 108 26.351999 13.411000 10.159000 N
841 108 25.306000 12.591000 9.608000 C
842 108 24.415001 13.336000 8.615000 C
843 108 24.044001 12.833000 7.552000 O
844 108 24.562000 12.056000 10.835000 C
845 108 23.208000 11.434000 10.545000 C
846 108 22.358999 11.488000 11.770000 C
847 108 23.080000 11.520000 12.866000 O
848 108 21.141001 11.534000 11.739000 O
849 109 24.076000 14.570000 8.968000 N
850 109 23.250000 15.388000 8.100000 C
851 109 23.921000 15.598000 6.777000 C
852 109 23.298000 15.457000 5.711000 O
853 109 23.049999 16.802000 8.652000 C
854 109 22.693001 16.725000 9.999000 O
855 109 21.985001 17.531000 7.836000 C
856 110 25.195999 15.990000 6.896000 N
857 110 26.040001 16.278999 5.762000 C
858 110 26.016001 15.149000 4.765000 C
859 110 25.702999 15.349000 3.589000 O
860 111 26.340000 13.955000 5.252000 N
861 111 26.384001 12.791000 4.409000 C
862 111 25.013000 12.383000 3.852000 C
863 111 24.903000 11.971000 2.704000 O
864 111 27.047001 11.686000 5.189000 C
865 111 27.214001 10.442000 4.308000 C
866 111 28.398001 12.182000 5.691000 C
867 112 23.975000 12.496000 4.690000 N
868 112 22.611000 12.143000 4.322000 C
869 112 22.170000 12.838000 3.027000 C
870 112 21.309000 12.341000 2.288000 O
871 112 21.663000 12.387000 5.502000 C
872 113 22.809000 13.992000 2.754000 N
873 113 22.587999 14.824000 1.563000 C
874 113 23.226999 14.330000 0.245000 C
875 113 22.959999 14.869000 -0.830000 O
876 114 24.089001 13.327000 0.292000 N
877 114 24.684000 12.846000 -0.927000 C
878 114 23.732000 11.787000 -1.452000 C
879 114 24.065001 10.623000 -1.672000 O
880 114 26.063000 12.255000 -0.654000 C
881 114 27.228001 13.217000 -0.414000 C
882 114 27.246000 14.168000 0.607000 C
883 114 28.372999 13.143000 -1.211000 C
884 114 28.344000 15.010000 0.811000 C
885 114 29.483999 13.972000 -1.025000 C
886 114 29.476999 14.913000 0.004000 C
887 115 22.517000 12.223000 -1.619000 N
888 115 21.455999 11.363000 -2.064000 C
889 115 21.773001 10.447000 -3.195000 C
890 115 21.587000 9.238000 -3.117000 O
891 115 20.242001 12.170000 -2.461000 C
892 115 19.959999 13.052000 -1.411000 O
893 115 19.097000 11.197000 -2.619000 C
894 116 22.198000 11.039000 -4.272000 N
895 116 22.509001 10.257000 -5.436000 C
896 116 23.632000 9.259000 -5.226000 C
897 116 23.562000 8.129000 -5.706000 O
898 116 22.781000 11.134000 -6.677000 C
899 116 21.614000 12.064000 -6.927000 C
900 116 20.447001 11.671000 -6.769000 O
901 116 21.906000 13.328000 -7.220000 N
902 117 24.686001 9.668000 -4.546000 N
903 117 25.802000 8.767000 -4.304000 C
904 117 25.393000 7.591000 -3.439000 C
905 117 25.839001 6.464000 -3.655000 O
906 117 26.919001 9.476000 -3.573000 C
907 117 27.356001 10.596000 -4.317000 O
908 118 24.566000 7.888000 -2.428000 N
909 118 24.055000 6.878000 -1.499000 C
910 118 23.254999 5.837000 -2.244000 C
911 118 23.309999 4.644000 -1.980000 O
912 118 23.179001 7.477000 -0.375000 C
913 118 23.916000 8.462000 0.543000 C
914 118 22.927000 9.164000 1.464000 C
915 118 24.958000 7.736000 1.381000 C
916 119 22.504999 6.279000 -3.197000 N
917 119 21.723000 5.309000 -3.958000 C
918 119 22.622999 4.418000 -4.809000 C
919 119 22.420000 3.206000 -4.942000 O
920 119 20.763000 6.112000 -4.800000 C
921 119 20.007999 5.321000 -5.832000 C
922 119 19.237000 6.295000 -6.712000 C
923 119 19.655001 6.283000 -8.116000 9
24 119 20.493000 7.147000 -8.714000 9
25 119 21.076000 8.162000 -8.065000 N
926 119 20.756001 6.979000 -10.017000 9
27 120 23.663000 5.020000 -5.395000 N
928 120 24.573000 4.259000 -6.201000 C
929 120 25.334999 3.272000 -5.370000 C
930 120 25.635000 2.164000 -5.798000 O
931 120 25.584999 5.106000 -6.988000 C
932 120 24.906000 5.940000 -8.054000 C
933 120 26.042999 7.125000 -8.780000 S
934 120 24.882000 8.266000 -9.554000 C
935 121 25.702000 3.692000 -4.177000 N
936 121 26.429001 2.770000 -3.340000 C
937 121 25.533001 1.567000 -2.974000 C
938 121 25.941000 0.415000 -2.982000 O
939 121 26.954000 3.462000 -2.067000 C
940 121 28.084000 4.460000 -2.267000 C
941 121 28.179001 5.268000 -0.956000 C
942 121 29.392000 3.726000 -2.524000 C
943 122 24.291000 1.856000 -2.617000 N
944 122 23.379999 0.831000 -2.269000 C
945 122 23.181000 -0.133000 -3.427000 C
946 122 22.961000 -1.329000 -3.235000 O
947 122 22.063999 1.472000 -1.861000 C
948 122 21.260000 0.473000 -1.054000 C
949 122 19.999001 1.101000 -0.570000 C
950 122 19.985001 2.302000 -0.270000 O
951 122 18.941999 0.298000 -0.519000 9
52 123 23.287001 0.390000 -4.644000 N
953 123 23.132000 -0.441000 -5.827000 C
954 123 24.415001 -1.173000 -6.204000 C
955 123 24.423000 -1.939000 -7.168000 O
956 123 22.716999 0.437000 -7.032000 C
957 123 21.226999 0.767000 -7.058000 C
958 123 20.820999 1.740000 -8.157000 C
959 123 19.674000 1.716000 -8.610000 O
960 123 21.739000 2.620000 -8.564000 N
961 124 25.514000 -0.926000 -5.487000 N
962 124 26.798000 -1.554000 -5.798000 C
963 124 27.400000 -1.164000 -7.131000 C
964 124 28.128000 -1.965000 -7.730000 O
965 124 26.829000 -3.063000 -5.565000 C
966 124 26.263000 -3.377000 -4.180000 C
967 124 26.629000 -4.750000 -3.687000 C
968 124 26.204000 -4.985000 -2.234000 C
969 124 26.920000 -4.154000 -1.285000 N
970 125 27.113001 0.088000 -7.573000 N
971 125 27.674999 0.653000 -8.813000 C
972 125 28.844999 1.505000 -8.366000 C
973 125 28.736000 2.724000 -8.218000 O
974 125 26.660999 1.523000 -9.514000 C
975 125 25.438999 0.757000 -9.999000 C
976 125 24.240000 1.675000 -9.941000 C
977 125 23.441000 1.700000 -11.149000 N
978 125 22.445999 0.847000 -11.355000 9
79 125 22.129999 -0.095000 -10.467000 9
80 125 21.746000 0.929000 -12.481000 N
981 126 29.938999 0.817000 -8.092000 N
982 126 31.139000 1.399000 -7.542000 C
983 126 31.795000 2.508000 -8.318000 C
984 126 32.082001 3.581000 -7.775000 O
985 126 32.136002 0.378000 -6.967000 C
986 126 31.521000 -0.788000 -6.247000 C
987 126 31.702999 -2.080000 -6.601000 C
988 126 30.730000 -0.809000 -5.035000 C
989 126 31.046000 -2.907000 -5.735000 N
990 126 30.438999 -2.167000 -4.760000 C
991 126 30.200001 0.175000 -4.183000 C
992 126 29.695999 -2.577000 -3.640000 C
993 126 29.430000 -0.228000 -3.090000 C
994 126 29.173000 -1.591000 -2.828000 C
995 127 32.032001 2.251000 -9.570000 N
996 127 32.661999 3.259000 -10.373000 C
997 127 31.822001 4.512000 -10.496000 C
998 127 32.327999 5.638000 -10.389000 O
999 127 33.193001 2.714000 -11.715000 C
1000 127 34.362999 1.774000 -11.517000 C
1001 127 34.553001 1.150000 -10.487000 O
1002 127 35.131001 1.664000 -12.569000 O
1003 128 30.514000 4.330000 -10.700000 N
1004 128 29.646999 5.480000 -10.817000 C
1005 128 29.542999 6.254000 -9.529000 C
1006 128 29.476999 7.480000 -9.537000 O
1007 128 28.247999 5.121000 -11.292000 C
1008 128 28.291000 4.675000 -12.757000 C
1009 128 27.370001 3.531000 -13.010000 1
10 128 27.636000 2.392000 -12.695000 O
1011 128 26.226999 3.902000 -13.533000 O
1012 129 29.490000 5.531000 -8.417000 N
1013 129 29.408001 6.239000 -7.149000 C
1014 129 30.683001 7.075000 -6.937000 C
1015 129 30.625999 8.200000 -6.451000 O
1016 129 29.254999 5.240000 -6.001000 C
1017 130 31.855000 6.525000 -7.291000 N
1018 130 33.096001 7.258000 -7.076000 C
1019 130 33.129002 8.545000 -7.882000 C
1020 130 33.654999 9.578000 -7.457000 O
1021 130 34.283001 6.369000 -7.376000 C
1022 131 32.548000 8.468000 -9.068000 N
1023 131 32.521999 9.639000 -9.903000 C
1024 131 31.599001 10.681000 -9.288000 C
1025 131 31.923000 11.848000 -9.208000 O
1026 131 32.144001 9.322000 -11.370000 C
1027 131 31.796000 10.590000 -12.134000 C
1028 131 33.278000 8.600000 -12.087000 C
1029 132 30.427999 10.251000 -8.848000 N
1030 132 29.466999 11.171000 -8.261000 C
1031 132 29.976999 11.808000 -6.981000 C
1032 132 29.767000 12.996000 -6.711000 O
1033 132 28.113001 10.477000 -8.012000 C
1034 132 27.002001 11.420000 -7.573000 C
1035 132 26.702999 11.543000 -6.381000 O
1036 132 26.358000 12.085000 -8.535000 N
1037 133 30.646999 10.993000 -6.185000 N
1038 133 31.174999 11.474000 -4.925000 C
1039 133 32.139999 12.631000 -5.133000 C
1040 133 32.220001 13.512000 -4.288000 O
1041 133 31.886000 10.331000 -4.121000 C
1042 133 30.969000 9.359000 -3.342000 C
1043 133 31.726000 8.106000 -2.886000 C
1044 133 30.261000 10.038000 -2.172000 C
1045 134 32.896000 12.596000 -6.236000 N
1046 134 33.918999 13.598000 -6.529000 C
1047 134 33.384998 14.957000 -6.909000 C
1048 134 34.077999 15.978000 -6.833000 O
1049 134 34.894001 13.078000 -7.582000 C
1050 135 32.145000 14.990000 -7.337000 N
1051 135 31.559000 16.271999 -7.703000 C
1052 135 30.954000 16.884001 -6.447000 C
1053 135 29.743999 16.879999 -6.258000 O
1054 135 30.466000 16.090000 -8.752000 C
1055 135 30.913000 15.341000 -10.005000 C
1056 135 29.996000 15.689000 -11.181000 C
1057 135 29.497000 14.505000 -12.003000 C
1058 135 28.118999 14.676000 -12.507000 N
1059 136 31.799999 17.378000 -5.558000 N
1060 136 31.311001 17.899000 -4.325000 C
1061 136 32.283001 18.885000 -3.731000 C
1062 136 33.477001 18.872000 -4.026000 O
1063 136 31.180000 16.722000 -3.339000 C
1064 136 32.459000 16.094000 -3.115000 O
1065 137 31.766001 19.691999 -2.841000 N
1066 137 32.618000 20.615000 -2.151000 C
1067 137 33.674000 19.834000 -1.367000 C
1068 137 34.866001 20.166000 -1.348000 O
1069 137 31.808001 21.455000 -1.194000 C
1070 137 32.735001 22.386000 -0.430000 C
1071 137 31.997000 23.166000 0.620000 C
1072 137 32.748001 24.308001 1.115000 N
1073 137 33.549000 24.240000 2.163000 C
1074 137 33.714001 23.101999 2.829000 N
1075 137 34.202000 25.337000 2.561000 N
1076 138 33.216000 18.763000 -0.700000 N
1077 138 34.058998 17.881001 0.086000 C
1078 138 35.333000 17.500999 -0.667000 C
1079 138 36.449001 17.663000 -0.174000 O
1080 138 33.282001 16.586000 0.323000 C
1081 138 34.066002 15.499000 0.985000 C
1082 138 34.763000 15.592000 2.155000 C
1083 138 34.158001 14.131000 0.549000 C
1084 138 35.320999 14.369000 2.463000 N
1085 138 34.939999 13.439000 1.512000 C
1086 138 33.622002 13.426000 -0.536000 C
1087 138 35.194000 12.063000 1.420000 C
1088 138 33.889000 12.077000 -0.628000 C
1089 138 34.679001 11.416000 0.335000 C
1090 139 35.165001 17.000999 -1.891000 N
1091 139 36.303001 16.594000 -2.687000 C
1092 139 37.210999 17.763000 -3.042000 C
1093 139 38.445999 17.674000 -3.011000 O
1094 139 35.773998 15.991000 -3.983000 C
1095 139 36.847000 15.565000 -4.931000 C
1096 139 37.426998 14.307000 -4.782000 C
1097 139 37.301998 16.402000 -5.955000 C
1098 139 38.402000 13.866000 -5.677000 C
1099 139 38.289001 15.983000 -6.849000 C
1100 139 38.832001 14.705000 -6.707000 C
1101 139 39.806000 14.271000 -7.568000 O
1102 140 36.588001 18.871000 -3.414000 N
1103 140 37.354000 20.052999 -3.811000 C
1104 140 38.117001 20.709999 -2.665000 C
1105 140 39.185001 21.277000 -2.872000 O
1106 140 36.507999 21.083000 -4.573000 C
1107 140 36.150002 20.636000 -5.983000 C
1108 140 35.044998 20.138000 -6.237000 O
1109 140 37.123001 20.716999 -6.880000 N
1110 141 37.584999 20.639999 -1.452000 N
1111 141 38.282001 21.245001 -0.321000 C
1112 141 39.351002 20.346001 0.306000 C
1113 141 40.414001 20.834000 0.705000 O
1114 141 37.339001 21.781000 0.772000 C
1115 141 36.396000 22.830999 0.197000 C
1116 141 37.056000 24.080000 -0.370000 C
1117 141 36.720001 24.528999 -1.489000 O
1118 141 37.889999 24.709999 0.456000 N
1119 142 39.063000 19.041000 0.418000 N
1120 142 40.030998 18.087000 0.979000 C
1121 142 40.189999 16.947001 -0.007000 C
1122 142 39.730000 15.848000 0.222000 O
1123 142 39.652000 17.537001 2.368000 C
1124 142 38.332001 17.011000 2.345000 O
1125 142 39.707001 18.653000 3.378000 C
1126 143 40.820999 17.246000 -1.131000 N
1127 143 41.002998 16.264999 -2.193000 C
1128 143 41.793999 14.991000 -1.838000 C
1129 143 41.428001 13.881000 -2.219000 O
1130 143 41.646000 17.014999 -3.367000 C
1131 143 42.263000 18.291000 -2.768000 C
1132 143 41.588001 18.504999 -1.410000 C
1133 144 42.884998 15.101000 -1.108000 N
1134 144 43.611000 13.870000 -0.838000 C
1135 144 42.856998 12.898000 0.068000 C
1136 144 42.884998 11.687000 -0.133000 O
1137 144 45.007000 14.135000 -0.231000 C
1138 144 45.951000 14.695000 -1.273000 C
1139 144 45.911999 14.281000 -2.440000 O
1140 144 46.741001 15.680000 -0.883000 N
1141 145 42.237000 13.441000 1.110000 N
1142 145 41.492001 12.609000 2.010000 C
1143 145 40.271999 12.050000 1.261000 C
1144 145 39.917999 10.867000 1.350000 O
1145 145 41.036999 13.401000 3.221000 C
1146 145 40.438000 12.481000 4.275000 C
1147 145 39.472000 13.209000 5.161000 C
1148 145 38.797001 12.344000 6.115000 N
1149 145 38.770000 12.715000 7.380000 C
1150 145 39.382999 13.823000 7.743000 N
1151 145 38.143002 11.985000 8.287000 N
1152 146 39.612999 12.933000 0.512000 N
1153 146 38.458000 12.498000 -0.246000 C
1154 146 38.841000 11.357000 -1.189000 C
1155 146 38.091999 10.383000 -1.331000 O
1156 146 37.794998 13.666000 -0.981000 C
1157 147 39.998001 11.485000 -1.874000 N
1158 147 40.448002 10.448000 -2.796000 C
1159 147 40.668999 9.108000 -2.089000 C
1160 147 40.395000 8.044000 -2.654000 O
1161 147 41.720001 10.830000 -3.541000 C
1162 147 41.550999 12.079000 -4.375000 C
1163 147 42.709999 12.329000 -5.328000 C
1164 147 42.403999 13.460000 -6.306000 C
1165 147 43.544998 13.820000 -7.165000 1
166 148 41.178001 9.154000 -0.853000 N
1167 148 41.409000 7.925000 -0.105000 C
1168 148 40.112000 7.195000 0.202000 C
1169 148 40.047001 5.976000 0.083000 O
1170 148 42.144001 8.165000 1.197000 C
1171 148 43.567001 8.591000 0.927000 C
1172 148 44.445999 8.413000 2.136000 C
1173 148 44.103001 9.402000 3.160000 N
1174 148 44.632999 10.637000 3.152000 C
1175 148 45.491001 10.953000 2.171000 N
1176 148 44.318001 11.556000 4.081000 N
1177 149 39.098000 7.970000 0.600000 N
1178 149 37.770000 7.457000 0.956000 C
1179 149 37.034000 6.920000 -0.260000 C
1180 149 36.444000 5.841000 -0.205000 O
1181 149 36.971001 8.479000 1.759000 C
1182 149 35.563000 7.983000 2.049000 C
1183 149 37.708000 8.809000 3.077000 C
1184 150 37.098000 7.693000 -1.365000 N
1185 150 36.492001 7.295000 -2.637000 C
1186 150 37.146000 6.016000 -3.171000 C
1187 150 36.466000 5.149000 -3.680000 O
1188 150 36.514999 8.401000 -3.712000 C
1189 150 35.597000 9.566000 -3.315000 C
1190 150 36.049999 7.801000 -5.050000 C
1191 150 35.928001 10.891000 -3.996000 C
1192 151 38.474998 5.876000 -3.053000 N
1193 151 39.118000 4.656000 -3.536000 C
1194 151 38.659000 3.448000 -2.750000 C
1195 151 38.562000 2.356000 -3.264000 O
1196 151 40.639000 4.708000 -3.402000 C
1197 151 41.159000 5.664000 -4.318000 O
1198 151 41.210999 3.322000 -3.686000 C
1199 152 38.388000 3.699000 -1.486000 N
1200 152 37.942001 2.671000 -0.554000 C
1201 152 36.563999 2.148000 -0.957000 C
1202 152 36.271999 0.942000 -0.950000 O
1203 152 38.019001 3.185000 0.920000 C
1204 152 39.334999 3.577000 1.211000 O
1205 152 37.604000 2.107000 1.908000 C
1206 153 35.705002 3.066000 -1.334000 N
1207 153 34.374001 2.677000 -1.782000 C
1208 153 34.412998 1.976000 -3.134000 C
1209 153 33.646999 1.048000 -3.417000 O
1210 153 33.458000 3.912000 -1.931000 C
1211 153 32.778000 4.438000 -0.677000 C
1212 153 31.934999 3.645000 0.107000 C
1213 153 32.942001 5.781000 -0.320000 C
1214 153 31.273001 4.180000 1.211000 C
1215 153 32.317001 6.330000 0.801000 C
1216 153 31.478001 5.515000 1.560000 C
1217 154 35.298000 2.460000 -4.006000 N
1218 154 35.412998 1.913000 -5.326000 C
1219 154 35.970001 0.514000 -5.324000 C
1220 154 35.480999 -0.315000 -6.070000 O
1221 154 36.235001 2.796000 -6.268000 C
1222 154 35.737999 2.815000 -7.726000 C
1223 154 36.807999 3.259000 -8.736000 C
1224 154 38.084000 3.573000 -8.098000 N
1225 154 39.201000 2.828000 -8.199000 1
226 154 39.250999 1.703000 -8.928000 N
1227 154 40.310001 3.215000 -7.552000 N
1228 155 36.987999 0.252000 -4.496000 N
1229 155 37.620998 -1.046000 -4.512000 C
1230 155 37.245998 -1.975000 -3.414000 C
1231 155 37.438000 -3.177000 -3.538000 O
1232 155 39.147999 -0.925000 -4.411000 C
1233 155 39.501999 -0.405000 -3.131000 O
1234 155 39.692001 -0.081000 -5.537000 C
1235 156 36.791000 -1.441000 -2.314000 N
1236 156 36.480000 -2.324000 -1.250000 C
1237 156 37.747002 -2.875000 -0.590000 C
1238 156 37.693001 -3.881000 0.110000 O
1239 157 38.896999 -2.229000 -0.793000 N
1240 157 40.146999 -2.660000 -0.160000 C
1241 157 40.728001 -1.490000 0.626000 C
1242 157 40.277000 -0.380000 0.490000 O
1243 157 41.224998 -3.042000 -1.190000 C
1244 157 41.584999 -1.849000 -1.853000 O
1245 157 40.661999 -4.037000 -2.184000 C
1246 158 41.759998 -1.720000 1.413000 N
1247 158 42.403000 -0.658000 2.179000 C
1248 158 43.634998 -0.139000 1.438000 C
1249 158 44.521000 0.504000 1.984000 O
1250 158 42.893002 -1.248000 3.509000 C
1251 158 41.814999 -1.652000 4.465000 C
1252 158 41.563000 -2.924000 4.836000 C
1253 158 40.929001 -0.813000 5.227000 C
1254 158 40.569000 -2.944000 5.758000 N
1255 158 40.151001 -1.665000 6.023000 C
1256 158 40.723000 0.563000 5.339000 C
1257 158 39.188999 -1.194000 6.914000 C
1258 158 39.766998 1.020000 6.214000 C
1259 158 39.006001 0.153000 6.993000 C
1260 159 43.714001 -0.453000 0.163000 N
1261 159 44.854000 -0.033000 -0.632000 C
1262 159 45.291000 1.443000 -0.518000 C
1263 159 46.474998 1.730000 -0.575000 O
1264 159 44.672001 -0.467000 -2.095000 C
1265 159 44.667000 -1.970000 -2.313000 C
1266 159 45.261002 -2.647000 -1.355000 O
1267 159 44.167000 -2.496000 -3.297000 O
1268 160 44.352001 2.387000 -0.383000 N
1269 160 44.654999 3.817000 -0.313000 C
1270 160 45.313000 4.195000 1.007000 C
1271 160 45.866001 5.265000 1.166000 O
1272 160 43.384998 4.640000 -0.530000 C
1273 161 45.230999 3.303000 1.967000 N
1274 161 45.789001 3.559000 3.274000 C
1275 161 47.085999 2.777000 3.551000 C
1276 161 47.659000 2.911000 4.637000 O
1277 161 44.726002 3.306000 4.379000 C
1278 161 43.659000 4.362000 4.372000 C
1279 161 42.563999 4.215000 3.524000 C
1280 161 43.776001 5.498000 5.180000 C
1281 161 41.583000 5.203000 3.480000 C
1282 161 42.793999 6.488000 5.168000 C
1283 161 41.702999 6.322000 4.309000 C
1284 161 40.713001 7.262000 4.276000 O
1285 162 47.551998 1.964000 2.589000 N
1286 162 48.784000 1.190000 2.781000 C
1287 162 49.939999 1.791000 1.987000 C
1288 162 51.011002 2.063000 2.536000 O
1289 162 48.631001 -0.316000 2.563000 C
1290 162 47.708000 -0.972000 3.591000 C
1291 162 47.453999 -2.470000 3.393000 1
292 162 46.608002 -2.814000 2.165000 1
293 162 45.492001 -3.742000 2.443000 1
