161 368
0 2
0 3
0 4
1 3
1 4
2 5
2 6
2 7
3 4
3 6
3 8
3 9
4 7
4 8
4 18
4 20
5 6
5 19
5 20
5 21
6 8
7 9
7 16
7 17
8 10
8 11
8 16
9 11
9 17
10 12
10 13
10 17
11 13
11 14
11 15
11 16
12 15
12 16
12 17
13 14
14 16
14 17
15 17
18 22
19 20
19 21
19 22
20 21
21 23
21 24
21 25
22 24
22 25
22 26
23 26
23 27
23 28
24 25
24 27
24 29
24 36
25 28
25 37
25 39
26 27
26 38
26 39
26 40
26 41
27 29
27 30
28 30
28 31
28 36
29 31
29 32
29 33
29 35
30 33
30 35
30 36
31 32
32 34
32 35
32 36
33 36
34 35
37 41
38 39
38 40
38 41
39 40
40 42
40 43
40 44
41 43
41 44
41 45
42 45
42 46
42 47
43 44
43 46
43 48
43 49
44 47
44 59
44 61
44 62
45 46
45 60
45 61
45 62
46 48
46 62
47 49
47 57
47 58
48 50
48 51
48 57
49 51
49 58
50 52
50 53
50 58
51 53
51 54
51 55
51 57
52 55
52 57
52 58
53 54
54 56
54 57
54 58
55 58
56 57
59 63
60 61
60 62
60 63
61 62
62 64
62 65
62 66
63 65
63 66
63 67
64 67
64 68
64 69
65 66
65 68
65 70
65 78
66 69
66 79
66 81
67 68
67 80
67 81
67 82
68 70
69 71
69 72
69 78
70 72
70 73
70 74
70 76
71 74
71 76
71 78
72 73
73 75
73 76
73 78
74 77
74 78
75 76
75 77
77 78
79 83
80 81
80 82
81 82
81 83
82 84
82 85
83 85
83 86
83 87
84 87
84 88
84 89
85 86
85 88
85 90
85 91
86 89
86 90
86 100
86 102
86 103
87 88
87 101
87 102
87 103
87 104
88 90
89 91
89 98
89 99
90 92
90 93
90 98
91 93
91 99
92 94
92 95
92 99
93 95
93 96
93 97
93 98
94 97
94 98
94 99
95 96
96 98
96 99
96 114
97 99
100 104
101 102
101 103
101 104
102 103
103 105
103 106
103 107
104 106
104 107
105 108
105 109
105 110
106 107
106 109
106 111
106 118
107 110
107 111
107 119
107 121
108 109
108 120
108 121
108 122
109 111
110 112
110 113
110 118
111 113
111 114
111 115
111 117
112 115
112 117
112 118
113 114
114 116
114 117
114 118
115 118
116 117
119 123
120 121
120 122
120 123
121 122
122 124
122 125
122 126
123 125
123 126
123 127
124 127
124 128
124 129
125 126
125 128
125 130
125 131
126 129
126 130
126 141
126 143
127 128
127 142
127 143
127 144
128 130
128 140
129 131
129 139
129 140
130 132
130 133
130 139
131 133
131 140
132 134
132 135
132 140
133 135
133 136
133 137
133 139
134 137
134 139
134 140
135 136
136 138
136 139
136 140
137 140
138 139
141 145
142 143
142 144
142 145
143 144
144 146
144 147
144 148
145 147
145 148
146 149
146 150
146 151
147 148
147 150
147 152
147 160
148 151
149 150
150 152
151 153
151 154
151 160
152 154
152 155
152 156
152 158
153 156
153 158
153 160
154 155
155 157
155 158
155 160
156 159
156 160
157 158
157 159
159 160
1 1 28.627001 19.841999 -6.403000 O
2 1 28.368000 18.617001 -5.726000 C
3 1 29.625999 18.070000 -5.095000 C
4 1 30.722000 18.159000 -6.030000 O
5 1 30.075001 18.801001 -3.829000 C
6 1 29.368000 18.403000 -2.640000 O
7 1 31.486000 18.245001 -3.815000 C
8 1 31.910000 18.382000 -5.256000 C
9 1 32.423000 19.733999 -5.537000 N
10 1 31.820999 20.735001 -6.268000 C
11 1 32.585999 21.773001 -6.444000 N
12 1 33.800999 21.405001 -5.855000 C
13 1 35.053001 22.041000 -5.781000 C
14 1 35.257999 23.267000 -6.269000 N
15 1 36.070999 21.382999 -5.199000 N
16 1 35.824001 20.177999 -4.700000 C
17 1 34.733002 19.427999 -4.765000 N
18 1 33.734001 20.129000 -5.367000 C
19 2 28.996000 19.358999 -1.396000 P
20 2 28.165001 18.538000 -0.491000 O
21 2 28.497999 20.643999 -1.923000 O
22 2 30.333000 19.695000 -0.636000 O
23 2 30.981001 18.729000 0.156000 C
24 2 32.394001 19.162001 0.375000 C
25 2 32.979000 19.389000 -0.909000 O
26 2 32.479000 20.483999 1.121000 C
27 2 32.306000 20.309999 2.528000 O
28 2 33.895000 20.820000 0.755000 C
29 2 33.971001 20.400000 -0.715000 C
30 2 33.766998 21.540001 -1.632000 N
31 2 34.874001 22.356001 -1.825000 C
32 2 35.978001 22.025000 -1.406000 O
33 2 34.715000 23.516001 -2.507000 N
34 2 33.563000 23.763000 -3.119000 C
35 2 33.539001 24.771999 -3.973000 N
36 2 32.386002 22.945000 -2.929000 C
37 2 32.540001 21.851999 -2.155000 C
38 3 31.862000 21.545000 3.466000 P
39 3 31.568001 20.997999 4.815000 O
40 3 30.861000 22.330000 2.709000 O
41 3 33.174999 22.458000 3.553000 O
42 3 34.340000 21.962000 4.193000 C
43 3 35.550999 22.847000 3.936000 C
44 3 35.722000 22.973000 2.533000 O
45 3 35.358002 24.254999 4.409000 C
46 3 35.602001 24.315001 5.802000 O
47 3 36.445000 24.927000 3.604000 C
48 3 36.261002 24.267000 2.254000 C
49 3 35.376999 24.948000 1.277000 N
50 3 34.146000 24.549000 0.816000 C
51 3 33.647999 25.367001 -0.047000 N
52 3 34.667999 26.294001 -0.269000 C
53 3 34.702000 27.445000 -1.116000 C
54 3 33.865002 27.798000 -1.953000 O
55 3 35.887001 28.176001 -0.930000 N
56 3 36.896999 27.847000 -0.035000 C
57 3 37.985001 28.621000 0.038000 N
58 3 36.866001 26.754999 0.703000 N
59 3 35.749001 26.004999 0.500000 C
60 4 35.105999 25.622999 6.596000 P
61 4 35.480999 25.441000 7.994000 O
62 4 33.691002 25.806999 6.220000 O
63 4 35.974998 26.874001 6.059000 O
64 4 37.369999 27.077999 6.350000 C
65 4 37.971001 28.339001 5.707000 C
66 4 37.820999 28.320999 4.277000 O
67 4 37.221001 29.537001 6.182000 C
68 4 37.722000 29.959000 7.429000 O
69 4 37.500000 30.521999 5.064000 C
70 4 37.520000 29.649000 3.805000 C
71 4 36.205002 29.622999 3.090000 N
72 4 35.928001 30.621000 2.169000 C
73 4 36.605999 31.618000 1.995000 O
74 4 34.759998 30.483000 1.456000 N
75 4 33.782001 29.534000 1.665000 C
76 4 32.794998 29.489000 0.930000 O
77 4 34.080002 28.607000 2.721000 C
78 4 33.105000 27.497999 3.028000 C
79 4 35.278999 28.625999 3.337000 C
80 5 36.872002 31.054001 8.285000 P
81 5 37.490002 30.971001 9.635000 O
82 5 35.432999 30.799000 8.093000 O
83 5 37.257999 32.472000 7.633000 O
84 5 36.304001 33.504002 7.384000 C
85 5 36.717999 34.353001 6.168000 C
86 5 36.710999 33.651001 4.873000 O
87 5 35.772999 35.541000 6.006000 C
88 5 36.175999 36.582001 6.909000 O
89 5 36.020000 35.863998 4.528000 C
90 5 36.087002 34.501999 3.886000 C
91 5 34.750000 33.981998 3.598000 N
92 5 34.181999 32.841000 4.125000 C
93 5 33.140999 32.419998 3.468000 N
94 5 32.931000 33.419998 2.505000 C
95 5 32.027000 33.528000 1.447000 C
96 5 31.080000 32.620998 1.246000 N
97 5 32.146999 34.577000 0.610000 N
98 5 33.192001 35.372002 0.710000 C
99 5 34.160000 35.321999 1.601000 N
100 5 33.932999 34.347000 2.532000 C
101 6 35.085999 37.589001 7.595000 P
102 6 35.831001 38.507999 8.479000 O
103 6 33.928001 36.791000 8.101000 O
104 6 34.528000 38.377998 6.338000 O
105 6 35.320000 39.334999 5.640000 C
106 6 34.563999 39.672001 4.330000 C
107 6 34.307999 38.483002 3.552000 O
108 6 33.167999 40.213001 4.609000 C
109 6 33.148998 41.612999 4.979000 O
110 6 32.612000 39.985001 3.239000 C
111 6 33.071999 38.613998 2.880000 C
112 6 32.144001 37.541000 3.325000 N
113 6 31.099001 37.202000 2.461000 C
114 6 30.875000 37.855999 1.449000 O
115 6 30.341000 36.110001 2.736000 N
116 6 30.521999 35.458000 3.895000 C
117 6 29.677999 34.486000 4.166000 N
118 6 31.570000 35.782001 4.821000 C
119 6 32.370998 36.817001 4.476000 C
120 7 31.921000 42.198002 5.890000 P
121 7 32.362000 43.569000 6.264000 O
122 7 31.586000 41.202000 6.932000 O
123 7 30.621000 42.243999 4.973000 O
124 7 30.493999 43.145000 3.906000 C
125 7 29.368999 42.743999 2.991000 C
126 7 29.556000 41.448002 2.407000 O
127 7 27.995001 42.785999 3.644000 C
128 7 27.579000 44.146000 3.694000 O
129 7 27.270000 42.033001 2.563000 C
130 7 28.253000 40.911999 2.221000 C
131 7 28.034000 39.750999 3.092000 N
132 7 28.813999 39.208000 4.089000 C
133 7 28.365000 38.053001 4.499000 N
134 7 27.171000 37.839001 3.780000 C
135 7 26.250999 36.768002 3.763000 C
136 7 26.237000 35.752998 4.457000 O
137 7 25.261000 36.931999 2.822000 N
138 7 25.117001 38.015999 2.009000 C
139 7 24.048000 38.048000 1.201000 N
140 7 25.968000 39.026001 1.989000 N
141 7 26.959999 38.879002 2.910000 C
142 8 26.344000 44.666000 4.578000 P
143 8 26.316999 46.147999 4.461000 O
144 8 26.488001 43.988998 5.877000 O
145 8 25.070999 44.103001 3.845000 O
146 8 24.487000 44.612000 2.637000 C
147 8 23.281000 43.763000 2.231000 C
148 8 23.624001 42.361000 2.125000 O
149 8 22.186001 43.812000 3.277000 C
150 8 21.316000 44.909000 3.043000 O
151 8 21.475000 42.543999 3.027000 C
152 8 22.559000 41.577000 2.656000 C
153 8 22.997999 40.674999 3.741000 N
154 8 22.339001 39.456001 3.806000 C
155 8 21.433001 39.162998 3.048000 O
156 8 22.763000 38.549000 4.729000 N
157 8 23.879000 38.705002 5.533000 C
158 8 24.273001 37.756001 6.193000 O
159 8 24.518999 40.013000 5.429000 C
160 8 25.705999 40.351002 6.318000 C
161 8 24.094000 40.921001 4.527000 C
