183 446
0 2
0 4
1 3
1 4
2 5
2 6
2 7
3 4
3 5
3 6
3 8
3 9
4 7
4 19
4 21
5 6
5 7
5 20
5 21
5 22
5 23
6 8
6 9
7 9
7 17
7 18
8 10
8 11
8 17
9 11
9 18
10 12
10 13
10 18
11 13
11 14
11 15
11 17
12 15
12 17
12 18
13 14
14 16
14 17
14 18
15 18
16 17
16 32
17 25
19 23
20 21
20 22
20 23
21 22
22 24
22 25
22 26
23 25
23 26
24 27
24 28
24 29
25 26
25 28
25 30
25 37
26 29
26 38
26 40
27 28
27 29
27 39
27 40
27 41
27 42
28 30
28 37
29 31
29 32
29 37
30 32
30 33
30 34
30 36
31 34
31 36
31 37
32 33
33 35
33 36
33 37
34 37
35 36
38 42
39 40
39 41
39 42
40 41
41 43
41 44
41 45
41 47
42 44
42 45
43 46
43 47
43 48
44 45
44 47
44 49
44 50
45 48
45 60
45 62
46 47
46 61
46 62
46 63
46 64
47 49
47 50
47 60
47 62
48 50
48 58
48 59
49 51
49 52
49 58
50 52
50 59
51 53
51 54
51 59
52 54
52 55
52 56
52 58
53 56
53 58
53 59
54 55
55 57
55 58
55 59
56 59
57 58
60 64
61 62
61 63
61 64
62 63
63 65
63 66
63 67
64 66
64 67
65 68
65 69
65 70
66 67
66 69
66 71
66 79
67 70
67 80
67 82
68 69
68 70
68 81
68 82
68 83
68 84
69 71
69 79
70 72
70 73
70 79
71 73
71 74
71 75
71 77
72 75
72 77
72 79
73 74
74 76
74 77
74 79
75 78
75 79
76 77
76 78
78 79
80 84
81 82
81 83
81 84
82 83
83 85
83 86
83 87
83 89
84 86
84 87
85 88
85 89
85 90
86 87
86 89
86 91
86 92
87 90
87 101
87 103
88 89
88 90
88 102
88 103
88 104
88 105
89 91
89 92
89 101
89 103
90 92
90 99
90 100
91 93
91 94
91 99
92 94
92 100
93 95
93 96
93 100
94 96
94 97
94 98
94 99
95 98
95 99
95 100
96 97
97 99
97 100
98 100
101 105
102 103
102 104
103 104
104 106
104 108
105 107
105 108
106 109
106 110
106 111
107 108
107 109
107 110
107 112
107 119
108 111
108 120
108 122
109 110
109 111
109 121
109 122
109 123
109 124
110 112
110 119
110 120
110 123
111 113
111 114
111 119
112 114
112 115
112 116
112 118
113 116
113 118
113 119
114 115
115 117
115 118
115 119
116 119
117 118
120 124
121 122
121 123
121 124
122 123
123 125
123 126
123 127
123 129
124 126
124 127
125 128
125 129
125 130
126 127
126 129
126 131
126 141
127 130
127 142
127 144
128 129
128 130
128 143
128 144
128 145
128 146
129 131
129 132
129 142
129 144
130 132
130 140
130 141
131 133
131 134
131 140
132 134
132 141
133 135
133 136
133 141
134 136
134 137
134 138
134 140
135 138
135 140
135 141
136 137
137 139
137 140
137 141
138 141
139 140
142 146
143 144
143 145
143 146
144 145
144 178
145 147
145 148
145 149
145 151
146 148
146 149
146 151
147 150
147 151
147 152
148 149
148 150
148 151
148 153
148 160
149 152
149 161
149 163
149 164
150 151
150 152
150 162
150 163
150 164
150 165
151 153
151 160
151 181
152 154
152 155
152 160
153 155
153 156
153 157
153 159
154 157
154 159
154 160
155 156
156 158
156 159
156 160
157 160
158 159
160 180
161 165
162 163
162 164
162 165
163 164
164 166
164 167
164 168
164 171
164 172
165 167
165 168
166 169
166 170
166 171
167 168
167 170
167 172
167 181
167 182
168 171
169 170
170 172
170 173
171 173
171 181
171 182
172 174
172 175
172 181
173 175
173 182
174 176
174 177
174 182
175 177
175 178
175 179
175 181
176 179
176 181
176 182
177 178
178 180
178 181
178 182
179 182
180 181
1 1 26.936001 6.184000 5.813000 O
2 1 25.826000 5.320000 5.532000 C
3 1 25.382000 5.640000 4.124000 C
4 1 24.322001 4.778000 3.658000 O
5 1 24.868000 7.055000 3.949000 C
6 1 25.393000 7.497000 2.708000 O
7 1 23.357000 6.889000 3.951000 C
8 1 23.193001 5.549000 3.266000 C
9 1 22.025000 4.763000 3.605000 N
10 1 21.650999 4.375000 4.859000 C
11 1 20.688999 3.491000 4.853000 N
12 1 20.375000 3.320000 3.512000 C
13 1 19.487000 2.430000 2.904000 C
14 1 18.787001 1.573000 3.426000 O
15 1 19.469000 2.581000 1.523000 N
16 1 20.239000 3.465000 0.823000 C
17 1 20.017000 3.480000 -0.495000 N
18 1 21.136999 4.271000 1.375000 N
19 1 21.146000 4.146000 2.726000 C
20 2 25.099001 8.982000 2.204000 P
21 2 26.243999 9.362000 1.318000 O
22 2 24.733999 9.846000 3.363000 O
23 2 23.823000 8.791000 1.284000 O
24 2 23.822001 7.767000 0.312000 C
25 2 22.573999 7.860000 -0.520000 C
26 2 21.577999 6.986000 0.043000 O
27 2 21.927000 9.240000 -0.641000 C
28 2 21.611000 9.427000 -2.031000 O
29 2 20.691000 9.117000 0.222000 C
30 2 20.341000 7.647000 0.074000 C
31 2 19.583000 7.083000 1.172000 N
32 2 18.547001 6.223000 0.905000 C
33 2 18.304001 5.964000 -0.241000 O
34 2 17.830000 5.689000 1.923000 N
35 2 18.143000 6.015000 3.184000 C
36 2 17.429001 5.485000 4.191000 N
37 2 19.204000 6.895000 3.479000 C
38 2 19.898001 7.398000 2.455000 C
39 3 21.419001 10.896000 -2.664000 P
40 3 22.601999 11.242000 -3.471000 O
41 3 20.875999 11.863000 -1.694000 O
42 3 20.277000 10.653000 -3.726000 O
43 3 20.339001 9.531000 -4.551000 C
44 3 18.961000 9.246000 -5.081000 C
45 3 18.152000 8.652000 -4.049000 O
46 3 18.235001 10.501000 -5.538000 C
47 3 17.688000 10.227000 -6.843000 O
48 3 17.233999 10.766000 -4.419000 C
49 3 16.985001 9.398000 -3.804000 C
50 3 16.764000 9.364000 -2.339000 N
51 3 17.339001 10.166000 -1.387000 C
52 3 16.978001 9.854000 -0.166000 N
53 3 16.117001 8.783000 -0.323000 C
54 3 15.420000 8.025000 0.632000 C
55 3 15.449000 8.115000 1.865000 O
56 3 14.616000 7.071000 0.037000 N
57 3 14.529000 6.856000 -1.317000 C
58 3 13.686000 5.907000 -1.729000 N
59 3 15.202000 7.522000 -2.205000 N
60 3 15.959000 8.477000 -1.653000 C
61 4 16.629999 11.238000 -7.523000 P
62 4 16.764000 11.193000 -9.012000 O
63 4 16.697001 12.555000 -6.802000 O
64 4 15.221000 10.561000 -7.192000 O
65 4 14.947000 9.203000 -7.573000 C
66 4 13.608000 8.771000 -7.025000 C
67 4 13.609000 8.862000 -5.568000 O
68 4 12.387000 9.572000 -7.503000 C
69 4 11.389000 8.601000 -7.868000 O
70 4 12.039000 10.447000 -6.299000 C
71 4 12.474000 9.589000 -5.110000 C
72 4 12.877000 10.301000 -3.855000 N
73 4 12.473000 9.803000 -2.593000 C
74 4 11.771000 8.816000 -2.409000 O
75 4 12.933000 10.503000 -1.541000 N
76 4 13.734000 11.589000 -1.562000 C
77 4 14.084000 12.072000 -0.511000 O
78 4 14.112000 12.076000 -2.870000 C
79 4 14.985000 13.281000 -2.954000 C
80 4 13.663000 11.420000 -3.951000 C
81 5 10.013000 9.037000 -8.611000 P
82 5 9.828000 8.090000 -9.760000 O
83 5 9.934000 10.520000 -8.846000 O
84 5 8.938000 8.587000 -7.519000 O
85 5 9.047000 7.278000 -6.936000 C
86 5 7.989000 7.070000 -5.879000 C
87 5 8.351000 7.857000 -4.725000 O
88 5 6.593000 7.530000 -6.284000 C
89 5 5.589000 6.634000 -5.835000 O
90 5 6.435000 8.893000 -5.636000 C
91 5 7.378000 8.871000 -4.455000 C
92 5 8.121000 10.122000 -4.283000 N
93 5 8.639000 10.926000 -5.269000 C
94 5 9.361000 11.921000 -4.814000 N
95 5 9.280000 11.776000 -3.435000 C
96 5 9.838000 12.498000 -2.408000 C
97 5 10.615000 13.553000 -2.626000 N
98 5 9.576000 12.101000 -1.132000 N
99 5 8.775000 11.040000 -0.942000 C
100 5 8.190000 10.271000 -1.852000 N
101 5 8.497000 10.693000 -3.091000 C
102 6 4.050000 7.069000 -5.949000 P
103 6 3.262000 5.852000 -6.229000 O
104 6 3.956000 8.242000 -6.838000 O
105 6 3.722000 7.627000 -4.493000 O
106 6 4.451000 7.147000 -3.377000 C
107 6 3.834000 7.640000 -2.091000 C
108 6 4.548000 8.799000 -1.609000 O
109 6 2.361000 8.036000 -2.159000 C
110 6 1.718000 7.512000 -0.988000 O
111 6 2.391000 9.558000 -2.205000 C
112 6 3.673000 9.916000 -1.471000 C
113 6 4.385000 11.084000 -2.007000 N
114 6 4.953000 11.998000 -1.129000 C
115 6 4.785000 11.840000 0.095000 O
116 6 5.672000 13.041000 -1.633000 N
117 6 5.810000 13.181000 -2.943000 C
118 6 6.520000 14.196000 -3.386000 N
119 6 5.222000 12.279000 -3.862000 C
120 6 4.515000 11.256000 -3.359000 C
121 7 0.190000 7.861000 -0.679000 P
122 7 -0.210000 6.958000 0.444000 O
123 7 -0.615000 7.878000 -1.927000 O
124 7 0.300000 9.309000 -0.047000 O
125 7 1.028000 9.465000 1.173000 C
126 7 0.622000 10.736000 1.870000 C
127 7 1.375000 11.819000 1.283000 O
128 7 -0.860000 11.110000 1.747000 C
129 7 -1.310000 11.606000 3.033000 O
130 7 -0.867000 12.084000 0.578000 C
131 7 0.501000 12.743000 0.660000 C
132 7 1.104000 13.133000 -0.603000 N
133 7 0.835000 12.670000 -1.865000 C
134 7 1.536000 13.286000 -2.794000 N
135 7 2.311000 14.202000 -2.088000 C
136 7 3.207000 15.198000 -2.532000 C
137 7 3.517000 15.499000 -3.684000 O
138 7 3.754000 15.901000 -1.467000 N
139 7 3.464000 15.692000 -0.178000 C
140 7 4.083000 16.440001 0.675000 N
141 7 2.623000 14.806000 0.261000 N
142 7 2.079000 14.097000 -0.742000 C
143 8 -2.635000 12.519000 3.184000 P
144 8 -3.321000 11.971000 4.377000 O
145 8 -3.392000 12.709000 1.921000 O
146 8 -2.068000 13.927000 3.630000 O
147 8 -1.020000 13.977000 4.542000 C
148 8 -0.623000 15.407000 4.752000 C
149 8 0.035000 15.881000 3.561000 O
150 8 -1.797000 16.344999 4.959000 C
151 8 -1.311000 17.402000 5.798000 O
152 8 -2.104000 16.797001 3.538000 C
153 8 -0.710000 16.917999 2.970000 C
154 8 -0.544000 16.816000 1.513000 N
155 8 0.407000 17.642000 0.893000 C
156 8 1.083000 18.422001 1.592000 O
157 8 0.571000 17.575001 -0.468000 N
158 8 -0.174000 16.737000 -1.188000 C
159 8 -0.017000 16.764000 -2.500000 N
160 8 -1.132000 15.858000 -0.581000 C
161 8 -1.284000 15.935000 0.769000 C
162 9 -2.319000 18.259001 6.699000 P
163 9 -1.512000 19.132000 7.630000 O
164 9 -3.333000 17.316000 7.255000 O
165 9 -2.972000 19.211000 5.612000 O
166 9 -2.142000 20.098000 4.872000 C
167 9 -2.998000 20.948000 3.977000 C
168 9 -3.784000 19.980000 3.269000 O
169 9 -3.977000 21.841000 4.745000 C
170 9 -3.997000 23.261999 4.481000 O
171 9 -5.324000 21.160000 4.615000 C
172 9 -5.160000 20.108999 3.545000 C
173 9 -5.599000 18.819000 3.981000 N
174 9 -6.247000 18.521999 5.142000 C
175 9 -6.509000 17.249001 5.260000 N
176 9 -6.009000 16.674999 4.095000 C
177 9 -5.950000 15.299000 3.675000 C
178 9 -6.415000 14.265000 4.253000 O
179 9 -5.274000 15.175000 2.464000 N
180 9 -4.738000 16.222000 1.763000 C
181 9 -4.153000 15.925000 0.610000 N
182 9 -4.774000 17.473000 2.153000 N
183 9 -5.428000 17.628000 3.308000 C
