1652
1 1 -3.026 21.766 -6.551 N
2 1 -1.813 21.006 -6.160 C
3 1 -1.827 19.622 -6.794 C
4 1 -2.952 19.190 -7.108 O
5 1 -1.735 20.912 -4.640 C
6 2 -0.680 18.977 -6.948 N
7 2 -0.670 17.627 -7.547 C
8 2 -0.996 16.599 -6.463 C
9 2 -1.039 16.931 -5.279 O
10 2 0.580 17.304 -8.313 C
11 2 1.842 17.088 -7.553 C
12 2 1.894 16.662 -6.385 O
13 2 2.918 17.344 -8.187 O
14 3 -1.215 15.382 -6.900 N
15 3 -1.612 14.297 -5.984 C
16 3 -0.606 14.049 -4.871 C
17 3 -1.045 13.854 -3.709 O
18 3 -1.876 13.044 -6.836 C
19 3 -2.404 11.847 -6.052 C
20 3 -3.784 12.175 -5.488 C
21 3 -2.507 10.682 -7.070 C
22 4 0.668 14.021 -5.226 N
23 4 1.682 13.767 -4.183 C
24 4 1.704 14.880 -3.126 C
25 4 1.822 14.576 -1.945 O
26 4 3.076 13.584 -4.772 C
27 4 4.341 13.976 -4.041 C
28 4 5.612 13.420 -4.626 C
29 4 6.614 13.022 -4.029 O
30 4 5.526 13.355 -5.891 O
31 5 1.581 16.125 -3.569 N
32 5 1.618 17.242 -2.612 C
33 5 0.390 17.200 -1.705 C
34 5 0.506 17.524 -0.515 O
35 5 1.838 18.572 -3.344 C
36 5 3.236 18.635 -3.963 C
37 5 4.207 17.986 -3.554 O
38 5 3.319 19.415 -4.923 O
39 6 -0.751 16.823 -2.285 N
40 6 -1.971 16.731 -1.470 C
41 6 -1.821 15.583 -0.469 C
42 6 -2.334 15.777 0.650 O
43 6 -3.219 16.550 -2.303 C
44 6 -3.606 17.844 -2.973 C
45 6 -3.674 18.879 -2.253 O
46 6 -3.893 17.839 -4.262 N
47 7 -1.180 14.499 -0.846 N
48 7 -0.983 13.362 0.110 C
49 7 -0.090 13.827 1.283 C
50 7 -0.312 13.478 2.438 O
51 7 -0.445 12.163 -0.671 C
52 7 -1.529 11.521 -1.526 C
53 7 -2.915 10.872 -0.509 S
54 7 -4.225 10.866 -1.729 C
55 8 0.931 14.621 0.973 N
56 8 1.813 15.144 2.056 C
57 8 1.000 16.035 2.966 C
58 8 1.200 15.956 4.171 O
59 8 2.995 15.872 1.442 C
60 8 4.028 14.919 0.835 C
61 8 4.748 14.124 1.885 C
62 8 4.907 14.483 3.033 O
63 8 5.163 13.018 1.483 O
64 9 0.121 16.860 2.389 N
65 9 -0.700 17.728 3.249 C
66 9 -1.581 16.906 4.174 C
67 9 -1.793 17.275 5.338 O
68 9 -1.574 18.720 2.390 C
69 9 -0.563 19.484 1.660 O
70 9 -2.571 19.569 3.175 C
71 10 -2.157 15.808 3.655 N
72 10 -3.036 14.974 4.510 C
73 10 -2.203 14.403 5.662 C
74 10 -2.666 14.332 6.793 O
75 10 -3.642 13.840 3.675 C
76 10 -4.641 14.175 2.603 C
77 10 -4.919 12.989 1.676 C
78 10 -5.920 14.618 3.308 C
79 11 -1.002 13.954 5.350 N
80 11 -0.102 13.346 6.342 C
81 11 0.301 14.372 7.393 C
82 11 0.284 14.052 8.580 O
83 11 1.106 12.726 5.611 C
84 11 1.820 11.686 6.441 C
85 11 1.113 10.824 6.996 O
86 11 3.136 11.766 6.550 N
87 12 0.639 15.566 6.941 N
88 12 1.054 16.665 7.838 C
89 12 -0.052 16.933 8.856 C
90 12 0.243 17.072 10.061 O
91 12 1.304 17.995 7.124 C
92 12 2.541 18.006 6.218 C
93 12 3.382 17.146 6.346 O
94 12 2.519 18.968 5.410 O
95 13 -1.270 17.059 8.410 N
96 13 -2.405 17.398 9.314 C
97 13 -2.816 16.243 10.208 C
98 13 -3.282 16.474 11.337 O
99 13 -3.498 18.062 8.476 C
100 13 -3.050 19.447 8.016 C
101 13 -2.685 19.689 6.855 O
102 13 -3.108 20.389 8.934 N
103 14 -2.691 14.993 9.728 N
104 14 -3.049 13.853 10.594 C
105 14 -2.144 13.885 11.827 C
106 14 -2.599 13.627 12.955 O
107 14 -2.945 12.585 9.745 C
108 14 -3.494 11.291 10.323 C
109 14 -4.994 11.433 10.585 C
110 14 -3.210 10.166 9.319 C
111 15 -0.880 14.187 11.639 N
112 15 0.091 14.247 12.759 C
113 15 -0.241 15.426 13.654 C
114 15 -0.183 15.276 14.890 O
115 15 1.514 14.218 12.263 C
116 15 2.175 15.565 12.118 C
117 15 3.332 15.708 13.117 C
118 15 2.942 16.462 14.386 C
119 15 4.039 16.279 15.399 N
120 16 -0.638 16.576 13.114 N
121 16 -1.032 17.726 13.946 C
122 16 -2.202 17.323 14.843 C
123 16 -2.286 17.674 16.035 O
124 16 -1.418 18.934 13.073 C
125 16 -2.133 20.049 13.815 C
126 16 -0.144 19.416 12.377 C
127 17 -3.188 16.632 14.268 N
128 17 -4.358 16.218 15.053 C
129 17 -3.919 15.283 16.184 C
130 17 -4.445 15.436 17.286 O
131 17 -5.429 15.511 14.143 C
132 17 -6.036 16.562 13.200 C
133 17 -6.493 14.772 15.008 C
134 17 -6.733 15.886 11.987 C
135 18 -3.023 14.383 15.918 N
136 18 -2.582 13.425 16.944 C
137 18 -1.953 14.092 18.139 C
138 18 -2.230 13.618 19.268 O
139 18 -1.661 12.371 16.327 C
140 18 -2.417 11.474 15.317 C
141 18 -1.625 10.503 14.511 C
142 18 -0.409 10.521 14.347 O
143 18 -2.331 9.613 13.973 O
144 19 -1.166 15.130 17.934 N
145 19 -0.477 15.844 19.007 C
146 19 -1.169 17.097 19.498 C
147 19 -0.581 17.774 20.379 O
148 19 0.875 16.362 18.509 C
149 19 2.021 15.496 18.119 C
150 19 1.769 14.011 17.986 C
151 19 2.443 13.220 19.098 C
152 19 2.164 11.745 18.989 N
153 20 -2.308 17.468 18.980 N
154 20 -3.043 18.665 19.324 C
155 20 -3.481 18.759 20.791 C
156 20 -3.848 17.756 21.406 O
157 20 -4.279 18.841 18.430 C
158 21 -3.433 20.015 21.217 N
159 21 -3.777 20.429 22.568 C
160 21 -5.137 21.109 22.639 C
161 21 -5.619 21.142 23.789 O
162 21 -2.698 21.281 23.264 C
163 21 -1.730 22.100 22.450 C
164 21 -0.750 21.606 21.830 O
165 21 -1.873 23.356 22.409 O
166 22 -5.706 21.590 21.542 N
167 22 -7.006 22.266 21.689 C
168 22 -7.916 22.074 20.494 C
169 22 -7.472 21.444 19.511 O
170 22 -6.750 23.744 21.994 C
171 22 -5.980 24.411 20.872 C
172 22 -6.261 24.203 19.687 O
173 22 -5.024 25.260 21.228 N
174 23 -9.117 22.603 20.558 N
175 23 -10.059 22.426 19.457 C
176 23 -9.628 23.191 18.223 C
177 23 -9.875 22.614 17.155 O
178 23 -11.459 22.862 19.865 C
179 24 -9.074 24.396 18.353 N
180 24 -8.699 25.137 17.115 C
181 24 -7.696 24.367 16.275 C
182 24 -7.807 24.295 15.014 O
183 24 -8.193 26.533 17.449 C
184 25 -6.688 23.774 16.906 N
185 25 -5.675 23.001 16.203 C
186 25 -6.326 21.809 15.476 C
187 25 -5.911 21.525 14.336 O
188 25 -4.553 22.479 17.098 C
189 25 -3.659 23.623 17.612 C
190 25 -2.824 23.078 18.764 C
191 25 -3.219 22.172 19.511 O
192 25 -1.643 23.669 18.964 N
193 26 -7.254 21.123 16.141 N
194 26 -7.886 19.963 15.478 C
195 26 -8.792 20.444 14.367 C
196 26 -8.762 19.907 13.233 O
197 26 -8.663 19.125 16.523 C
198 26 -9.508 18.057 15.823 C
199 26 -7.737 18.512 17.547 C
200 27 -9.622 21.446 14.580 N
201 27 -10.516 21.961 13.558 C
202 27 -9.757 22.437 12.324 C
203 27 -10.101 22.151 11.157 O
204 27 -11.405 23.091 14.046 C
205 27 -12.491 22.628 15.016 C
206 27 -13.505 23.702 15.394 C
207 27 -12.916 24.964 15.978 C
208 27 -14.072 25.801 16.464 N
209 28 -8.684 23.219 12.549 N
210 28 -7.890 23.773 11.441 C
211 28 -7.249 22.631 10.651 C
212 28 -7.247 22.669 9.416 O
213 28 -6.846 24.760 11.953 C
214 28 -7.540 26.025 12.462 C
215 28 -8.739 26.236 12.402 O
216 28 -6.665 26.818 12.925 O
217 29 -6.728 21.659 11.352 N
218 29 -6.063 20.523 10.670 C
219 29 -7.071 19.753 9.837 C
220 29 -6.783 19.418 8.671 O
221 29 -5.387 19.628 11.692 C
222 30 -8.236 19.417 10.387 N
223 30 -9.267 18.681 9.631 C
224 30 -9.725 19.518 8.429 C
225 30 -10.013 18.997 7.340 O
226 30 -10.461 18.377 10.550 C
227 30 -10.205 17.318 11.606 C
228 30 -11.278 17.402 12.696 C
229 30 -10.275 15.900 11.033 C
230 31 -9.828 20.831 8.561 N
231 31 -10.248 21.719 7.504 C
232 31 -9.281 21.653 6.320 C
233 31 -9.721 21.581 5.141 O
234 31 -10.344 23.221 8.021 C
235 31 -11.392 23.276 9.018 O
236 31 -10.635 24.219 6.909 C
237 32 -7.994 21.646 6.650 N
238 32 -6.988 21.597 5.580 C
239 32 -7.013 20.196 4.960 C
240 32 -6.838 20.128 3.746 O
241 32 -5.610 21.921 6.131 C
242 32 -5.524 23.400 6.539 C
243 32 -4.243 23.667 7.351 C
244 32 -4.405 24.924 8.192 C
245 32 -3.184 25.292 8.953 N
246 33 -7.213 19.152 5.742 N
247 33 -7.273 17.795 5.150 C
248 33 -8.441 17.723 4.172 C
249 33 -8.329 17.075 3.098 O
250 33 -7.496 16.748 6.245 C
251 33 -6.235 16.589 7.044 C
252 33 -6.463 15.314 8.339 S
253 33 -6.319 13.828 7.350 C
254 34 -9.590 18.258 4.526 N
255 34 -10.768 18.202 3.658 C
256 34 -10.480 18.861 2.315 C
257 34 -10.787 18.263 1.242 O
258 34 -11.958 18.866 4.295 C
259 34 -13.321 18.415 3.793 C
260 34 -14.333 19.265 4.519 C
261 34 -15.698 18.851 4.203 N
262 34 -16.500 19.132 3.199 C
263 34 -17.743 18.660 3.121 N
264 34 -16.044 19.939 2.232 N
265 35 -9.876 20.050 2.326 N
266 35 -9.559 20.773 1.073 C
267 35 -8.539 19.977 0.266 C
268 35 -8.726 19.869 -0.970 O
269 35 -9.070 22.203 1.353 C
270 36 -7.533 19.401 0.893 N
271 36 -6.555 18.609 0.139 C
272 36 -7.240 17.369 -0.451 C
273 36 -6.853 16.942 -1.575 O
274 36 -5.448 18.155 1.065 C
275 37 -8.155 16.730 0.255 N
276 37 -8.828 15.484 -0.237 C
277 37 -9.640 15.852 -1.457 C
278 37 -9.673 15.091 -2.467 O
279 37 -9.657 14.894 0.899 C
280 38 -10.314 16.972 -1.471 N
281 38 -11.128 17.400 -2.606 C
282 38 -10.216 17.752 -3.789 C
283 38 -10.655 17.527 -4.931 O
284 38 -12.079 18.521 -2.204 C
285 38 -13.225 18.081 -1.294 C
286 38 -14.034 19.321 -0.965 C
287 38 -14.082 17.029 -1.988 C
288 39 -9.054 18.286 -3.541 N
289 39 -8.093 18.650 -4.596 C
290 39 -7.534 17.361 -5.190 C
291 39 -7.301 17.244 -6.405 O
292 39 -7.022 19.613 -4.048 C
293 39 -6.296 20.304 -5.209 C
294 39 -6.992 20.830 -6.098 O
295 39 -5.060 20.321 -5.177 O
296 40 -7.288 16.381 -4.341 N
297 40 -6.722 15.096 -4.782 C
298 40 -7.727 14.297 -5.628 C
299 40 -7.293 13.564 -6.542 O
300 40 -6.228 14.279 -3.585 C
301 41 -8.977 14.450 -5.277 N
302 41 -10.078 13.719 -5.969 C
303 41 -10.116 13.955 -7.465 C
304 41 -10.608 13.081 -8.211 O
305 41 -11.403 14.121 -5.294 C
306 41 -12.587 13.323 -5.833 C
307 41 -13.818 13.717 -5.035 C
308 41 -14.142 14.882 -4.927 O
309 41 -14.474 12.730 -4.460 N
310 42 -9.638 15.088 -7.957 N
311 42 -9.660 15.412 -9.398 C
312 42 -8.482 14.808 -10.159 C
313 42 -8.435 14.903 -11.412 O
314 42 -9.670 16.950 -9.568 C
315 42 -8.304 17.584 -9.399 C
316 42 -8.212 19.105 -9.401 C
317 42 -6.732 19.492 -9.417 C
318 42 -6.530 20.878 -8.922 N
319 43 -7.506 14.230 -9.477 N
320 43 -6.316 13.663 -10.095 C
321 43 -6.506 12.233 -10.615 C
322 43 -7.443 11.527 -10.239 O
323 43 -5.168 13.674 -9.076 C
324 44 -5.563 11.852 -11.449 N
325 44 -5.499 10.494 -11.999 C
326 44 -4.256 9.883 -11.372 C
327 44 -3.155 10.402 -11.652 O
328 44 -5.350 10.436 -13.565 C
329 44 -6.532 11.098 -14.112 O
330 44 -5.173 8.981 -14.039 C
331 45 -4.407 8.869 -10.569 N
332 45 -3.229 8.234 -9.944 C
333 45 -2.449 7.445 -11.001 C
334 45 -3.067 6.899 -11.943 O
335 45 -3.858 7.341 -8.893 C
336 45 -5.143 6.903 -9.542 C
337 45 -5.669 8.197 -10.185 C
338 46 -1.139 7.370 -10.810 N
339 46 -0.260 6.638 -11.726 C
340 46 -0.790 5.272 -12.129 C
341 46 -0.831 4.944 -13.333 O
342 46 1.056 6.520 -10.951 C
343 46 1.089 7.780 -10.143 C
344 46 -0.366 8.020 -9.725 C
345 47 -1.194 4.480 -11.153 N
346 47 -1.695 3.130 -11.421 C
347 47 -2.937 3.086 -12.308 C
348 47 -3.211 1.967 -12.817 O
349 47 -2.036 2.362 -10.157 C
350 47 -0.795 1.860 -9.415 C
351 47 -1.273 0.832 -8.390 C
352 47 -2.579 0.209 -8.839 C
353 47 -2.695 -1.168 -8.260 N
354 48 -3.670 4.163 -12.446 N
355 48 -4.882 4.126 -13.264 C
356 48 -4.740 4.988 -14.515 C
357 48 -5.796 5.231 -15.117 O
358 48 -6.073 4.546 -12.384 C
359 48 -6.377 3.740 -11.129 C
360 48 -7.642 4.274 -10.461 C
361 48 -6.546 2.258 -11.478 C
362 49 -3.515 5.353 -14.868 N
363 49 -3.345 6.207 -16.053 C
364 49 -3.799 5.643 -17.383 C
365 49 -4.052 6.413 -18.328 O
366 49 -1.864 6.593 -16.248 C
367 49 -1.385 7.556 -15.175 C
368 49 0.008 8.098 -15.270 C
369 49 0.333 9.023 -14.521 O
370 49 0.750 7.553 -16.118 O
371 50 -3.872 4.343 -17.490 N
372 50 -4.262 3.665 -18.740 C
373 50 -5.715 3.246 -18.728 C
374 50 -6.099 2.468 -19.621 O
375 50 -3.328 2.465 -18.911 C
376 50 -1.864 2.837 -18.906 C
377 50 -1.083 2.176 -18.174 O
378 50 -1.514 3.804 -19.629 O
379 51 -6.478 3.671 -17.745 N
380 51 -7.905 3.332 -17.653 C
381 51 -8.658 4.582 -18.112 C
382 51 -8.013 5.641 -18.059 O
383 51 -8.415 3.170 -16.219 C
384 51 -7.700 2.094 -15.426 C
385 51 -7.934 0.790 -16.181 C
386 51 -8.395 -0.299 -15.221 C
387 51 -7.907 -1.603 -15.752 N
388 52 -9.914 4.419 -18.473 N
389 52 -10.662 5.644 -18.854 C
390 52 -11.005 6.387 -17.545 C
391 52 -11.177 5.800 -16.452 O
392 52 -11.914 5.363 -19.677 C
393 52 -12.744 4.387 -19.059 O
394 53 -11.130 7.693 -17.676 N
395 53 -11.470 8.568 -16.563 C
396 53 -12.802 8.227 -15.922 C
397 53 -13.008 8.565 -14.734 O
398 53 -11.544 9.979 -17.175 C
399 53 -10.805 9.888 -18.472 C
400 53 -10.925 8.445 -18.927 C
401 54 -13.690 7.598 -16.667 N
402 54 -15.027 7.261 -16.181 C
403 54 -15.194 5.768 -15.909 C
404 54 -16.350 5.317 -15.785 O
405 54 -16.092 7.799 -17.149 C
406 54 -15.921 7.296 -18.554 C
407 54 -16.762 7.616 -19.429 O
408 54 -14.971 6.543 -18.879 O
409 55 -14.087 5.070 -15.817 N
410 55 -14.140 3.619 -15.537 C
411 55 -14.587 3.370 -14.095 C
412 55 -14.438 4.268 -13.214 O
413 55 -12.731 3.076 -15.710 C
414 55 -11.770 3.718 -14.849 O
415 56 -15.082 2.188 -13.815 N
416 56 -15.450 1.802 -12.454 C
417 56 -14.291 2.021 -11.469 C
418 56 -14.526 2.436 -10.310 O
419 56 -15.774 0.300 -12.563 C
420 56 -16.158 0.124 -14.003 C
421 56 -15.298 1.092 -14.810 C
422 57 -13.058 1.763 -11.887 N
423 57 -11.877 1.939 -11.026 C
424 57 -11.675 3.414 -10.685 C
425 57 -11.438 3.726 -9.498 O
426 57 -10.610 1.319 -11.609 C
427 57 -10.635 -0.196 -11.773 C
428 57 -11.236 -0.801 -13.001 C
429 57 -11.147 -2.017 -13.211 O
430 57 -11.818 -0.019 -13.779 O
431 58 -11.758 4.272 -11.716 N
432 58 -11.597 5.729 -11.452 C
433 58 -12.729 6.212 -10.567 C
434 58 -12.529 7.058 -9.655 O
435 58 -11.410 6.544 -12.711 C
436 58 -10.030 6.451 -13.308 C
437 58 -8.768 7.269 -12.251 S
438 58 -9.440 8.928 -12.112 C
439 59 -13.952 5.757 -10.761 N
440 59 -15.093 6.133 -9.925 C
441 59 -14.826 5.669 -8.482 C
442 59 -15.169 6.434 -7.550 O
443 59 -16.398 5.514 -10.453 C
444 59 -16.893 6.323 -11.667 C
445 59 -17.955 5.499 -12.390 C
446 59 -19.206 6.292 -12.663 C
447 59 -18.955 7.641 -13.252 N
448 60 -14.275 4.484 -8.296 N
449 60 -13.990 3.971 -6.952 C
450 60 -12.908 4.835 -6.300 C
451 60 -13.008 5.146 -5.086 O
452 60 -13.646 2.480 -6.915 C
453 60 -13.438 1.994 -5.484 C
454 60 -14.420 2.062 -4.731 O
455 60 -12.329 1.563 -5.150 O
456 61 -11.889 5.188 -7.062 N
457 61 -10.785 6.054 -6.557 C
458 61 -11.416 7.360 -6.055 C
459 61 -11.141 7.805 -4.917 O
460 61 -9.721 6.288 -7.623 C
461 61 -8.729 7.392 -7.347 C
462 61 -7.619 7.127 -6.532 C
463 61 -8.895 8.637 -7.951 C
464 61 -6.696 8.130 -6.272 C
465 61 -7.951 9.659 -7.711 C
466 61 -6.851 9.360 -6.878 C
467 62 -12.294 7.970 -6.828 N
468 62 -12.947 9.223 -6.433 C
469 62 -13.802 9.006 -5.199 C
470 62 -13.853 9.850 -4.263 O
471 62 -13.712 9.887 -7.571 C
472 62 -12.803 10.447 -8.671 C
473 62 -13.522 11.331 -9.653 C
474 62 -14.404 10.596 -10.579 N
475 62 -13.928 10.050 -11.716 C
476 62 -12.654 10.183 -12.086 N
477 62 -14.724 9.318 -12.495 N
478 63 -14.489 7.890 -5.088 N
479 63 -15.372 7.530 -3.965 C
480 63 -14.557 7.424 -2.682 C
481 63 -15.103 7.778 -1.611 O
482 63 -16.130 6.224 -4.312 C
483 63 -16.943 5.694 -3.170 C
484 63 -16.633 4.557 -2.471 N
485 63 -18.071 6.221 -2.636 C
486 63 -17.569 4.384 -1.553 C
487 63 -18.446 5.367 -1.622 N
488 64 -13.326 6.985 -2.752 N
489 64 -12.444 6.891 -1.565 C
490 64 -12.346 8.305 -0.951 C
491 64 -12.343 8.344 0.295 O
492 65 -12.257 9.360 -1.738 N
493 65 -12.188 10.726 -1.149 C
494 65 -13.553 11.093 -0.607 C
495 65 -13.555 11.852 0.396 O
496 65 -11.623 11.776 -2.091 C
497 65 -10.199 11.419 -2.461 C
498 65 -9.967 10.824 -3.704 C
499 65 -9.171 11.654 -1.536 C
500 65 -8.660 10.486 -4.026 C
501 65 -7.857 11.322 -1.873 C
502 65 -7.602 10.746 -3.137 C
503 66 -14.669 10.697 -1.165 N
504 66 -15.973 10.997 -0.569 C
505 66 -16.079 10.325 0.813 C
506 66 -16.645 10.971 1.730 O
507 66 -17.121 10.530 -1.457 C
508 66 -17.156 11.361 -2.747 C
509 66 -16.833 12.544 -2.773 O
510 66 -17.549 10.637 -3.693 O
511 67 -15.549 9.132 0.970 N
512 67 -15.600 8.443 2.295 C
513 67 -14.747 9.240 3.283 C
514 67 -15.177 9.549 4.393 O
515 67 -15.124 6.951 2.229 C
516 67 -16.221 6.174 1.416 C
517 67 -14.810 6.252 3.571 C
518 67 -15.779 4.705 1.161 C
519 68 -13.538 9.577 2.828 N
520 68 -12.617 10.349 3.678 C
521 68 -13.240 11.669 4.090 C
522 68 -13.155 12.018 5.304 O
523 68 -11.313 10.547 2.887 C
524 68 -10.141 10.894 3.804 C
525 68 -9.609 9.657 4.521 C
526 68 -9.002 11.501 2.973 C
527 69 -13.861 12.405 3.172 N
528 69 -14.466 13.685 3.540 C
529 69 -15.576 13.457 4.546 C
530 69 -15.780 14.257 5.477 O
531 69 -14.919 14.395 2.255 C
532 69 -15.886 15.525 2.548 C
533 69 -13.652 14.814 1.493 C
534 70 -16.308 12.376 4.422 N
535 70 -17.426 12.102 5.368 C
536 70 -16.859 11.863 6.759 C
537 70 -17.424 12.359 7.778 O
538 71 -15.773 11.159 6.867 N
539 71 -15.101 10.851 8.143 C
540 71 -14.523 12.130 8.742 C
541 71 -14.592 12.335 9.968 O
542 71 -14.039 9.794 7.925 C
543 71 -14.628 8.481 7.419 C
544 71 -13.475 7.527 7.303 C
545 71 -12.522 7.751 6.577 O
546 71 -13.484 6.438 8.092 N
547 72 -13.965 12.999 7.895 N
548 72 -13.431 14.281 8.385 C
549 72 -14.595 15.119 8.879 C
550 72 -14.491 15.745 9.969 O
551 72 -12.696 14.975 7.183 C
552 72 -11.352 14.291 6.910 C
553 72 -12.550 16.509 7.465 C
554 72 -10.622 14.833 5.631 C
555 73 -15.707 15.198 8.172 N
556 73 -16.879 15.974 8.578 C
557 73 -17.330 15.463 9.959 C
558 73 -17.690 16.281 10.828 O
559 73 -17.982 15.933 7.534 C
560 73 -17.636 16.819 6.347 C
561 73 -16.687 17.627 6.455 O
562 73 -18.309 16.700 5.325 O
563 74 -17.380 14.162 10.157 N
564 74 -17.820 13.612 11.483 C
565 74 -16.895 14.076 12.626 C
566 74 -17.353 14.428 13.755 O
567 74 -17.895 12.088 11.478 C
568 74 -18.919 11.460 10.555 C
569 74 -19.943 12.075 10.235 O
570 74 -18.612 10.296 10.161 O
571 75 -15.606 14.031 12.401 N
572 75 -14.625 14.450 13.391 C
573 75 -14.719 15.950 13.597 C
574 75 -14.556 16.409 14.722 O
575 75 -13.216 14.083 12.969 C
576 76 -14.967 16.729 12.567 N
577 76 -15.055 18.195 12.643 C
578 76 -16.260 18.540 13.517 C
579 76 -16.177 19.503 14.309 O
580 76 -15.076 18.840 11.254 C
581 76 -15.014 20.361 11.176 C
582 76 -13.804 20.926 11.882 C
583 76 -14.934 20.748 9.687 C
584 77 -17.325 17.805 13.363 N
585 77 -18.553 17.994 14.132 C
586 77 -18.250 17.869 15.638 C
587 77 -18.649 18.800 16.376 O
588 77 -19.640 17.008 13.709 C
589 77 -20.849 17.156 14.644 C
590 77 -22.036 16.279 14.286 C
591 77 -23.214 16.932 15.036 C
592 77 -22.984 16.680 16.491 N
593 78 -17.562 16.806 15.988 N
594 78 -17.200 16.583 17.409 C
595 78 -16.279 17.685 17.921 C
596 78 -16.522 18.184 19.034 O
597 78 -16.570 15.206 17.531 C
598 78 -17.381 13.942 17.351 C
599 78 -16.362 12.804 17.207 C
600 78 -18.268 13.729 18.560 C
601 79 -15.264 18.060 17.160 N
602 79 -14.328 19.109 17.575 C
603 79 -15.097 20.420 17.732 C
604 79 -14.736 21.144 18.685 O
605 79 -13.172 19.246 16.599 C
606 80 -16.065 20.740 16.932 N
607 80 -16.802 22.010 17.027 C
608 80 -17.726 22.030 18.244 C
609 80 -18.144 23.127 18.661 O
610 80 -17.485 22.241 15.676 C
611 80 -17.746 23.713 15.412 C
612 80 -16.862 24.528 15.741 O
613 80 -18.925 24.013 14.844 N
614 81 -18.032 20.844 18.757 N
615 81 -18.916 20.699 19.920 C
616 81 -18.105 20.637 21.212 C
617 81 -18.671 20.335 22.272 O
618 81 -19.753 19.427 19.872 C
619 81 -20.819 19.306 18.795 C
620 81 -21.601 18.036 18.730 C
621 81 -22.768 18.101 18.368 O
622 81 -21.018 16.958 19.026 O
623 82 -16.823 20.890 21.115 N
624 82 -15.905 20.856 22.246 C
625 82 -15.482 19.439 22.653 C
626 82 -14.823 19.299 23.701 O
627 83 -15.803 18.431 21.859 N
628 83 -15.435 17.034 22.177 C
629 83 -14.096 16.787 21.475 C
630 83 -13.993 16.001 20.518 O
631 83 -16.543 16.092 21.762 C
632 83 -17.898 16.343 22.447 C
633 83 -18.987 15.489 21.809 C
634 83 -20.220 15.394 22.692 C
635 83 -21.154 14.377 22.122 N
636 84 -13.046 17.414 21.991 N
637 84 -11.714 17.318 21.386 C
638 84 -11.106 15.920 21.359 C
639 84 -10.652 15.451 20.285 O
640 84 -10.717 18.363 21.942 C
641 84 -9.429 18.399 21.129 C
642 84 -11.395 19.727 21.996 C
643 85 -11.050 15.264 22.497 N
644 85 -10.476 13.923 22.586 C
645 85 -11.255 12.923 21.717 C
646 85 -10.659 12.016 21.123 O
647 85 -10.471 13.427 24.024 C
648 85 -9.471 14.019 24.994 C
649 85 -8.650 15.213 24.654 C
650 85 -7.787 15.588 25.883 C
651 85 -8.444 14.918 27.054 N
652 86 -12.555 13.103 21.653 N
653 86 -13.420 12.215 20.840 C
654 86 -13.082 12.468 19.383 C
655 86 -12.972 11.490 18.633 O
656 86 -14.890 12.498 21.066 C
657 86 -15.496 11.986 22.384 C
658 86 -16.994 11.866 22.230 C
659 86 -17.794 12.528 22.885 O
660 86 -17.280 11.020 21.342 O
661 87 -12.921 13.741 18.992 N
662 87 -12.532 14.059 17.609 C
663 87 -11.181 13.434 17.254 C
664 87 -10.976 12.918 16.126 O
665 87 -12.464 15.577 17.366 C
666 88 -10.189 13.475 18.128 N
667 88 -8.880 12.894 17.905 C
668 88 -9.018 11.386 17.738 C
669 88 -8.332 10.844 16.832 O
670 88 -7.896 13.251 19.040 C
671 88 -7.599 14.772 19.082 C
672 88 -6.665 15.126 20.216 C
673 88 -7.120 15.190 21.360 O
674 88 -5.377 15.321 19.956 N
675 89 -9.861 10.750 18.545 N
676 89 -10.040 9.283 18.406 C
677 89 -10.741 8.990 17.061 C
678 89 -10.312 8.042 16.382 O
679 89 -10.873 8.677 19.522 C
680 90 -11.735 9.801 16.729 N
681 90 -12.481 9.625 15.472 C
682 90 -11.553 9.784 14.268 C
683 90 -11.699 9.096 13.235 O
684 90 -13.670 10.569 15.363 C
685 91 -10.612 10.689 14.362 N
686 91 -9.659 10.935 13.272 C
687 91 -8.832 9.686 13.000 C
688 91 -8.355 9.505 11.872 O
689 91 -8.801 12.161 13.556 C
690 92 -8.633 8.802 13.964 N
691 92 -7.858 7.586 13.717 C
692 92 -8.532 6.719 12.656 C
693 92 -7.824 5.924 11.994 O
694 92 -7.727 6.746 14.995 C
695 92 -6.629 7.179 15.973 C
696 92 -5.234 6.994 15.439 C
697 92 -4.700 5.953 15.069 O
698 92 -4.633 8.092 15.403 O
699 93 -9.844 6.838 12.515 N
700 93 -10.555 6.026 11.504 C
701 93 -10.086 6.360 10.092 C
702 93 -10.225 5.508 9.183 O
703 93 -12.071 6.226 11.533 C
704 93 -12.561 6.367 12.957 C
705 93 -13.340 5.182 13.443 C
706 93 -14.260 5.415 14.237 O
707 93 -12.923 4.006 12.969 N
708 94 -9.547 7.559 9.884 N
709 94 -9.058 7.960 8.569 C
710 94 -7.943 7.015 8.114 C
711 94 -7.732 6.851 6.919 O
712 94 -8.529 9.406 8.693 C
713 94 -9.559 10.458 9.029 C
714 94 -8.936 11.856 9.172 C
715 94 -10.562 10.499 7.891 C
716 95 -7.233 6.440 9.074 N
717 95 -6.141 5.514 8.734 C
718 95 -6.685 4.247 8.105 C
719 95 -6.030 3.662 7.220 O
720 95 -5.308 5.201 9.967 C
721 95 -4.540 6.461 10.427 C
722 95 -3.664 6.114 11.644 C
723 95 -2.966 7.396 12.115 C
724 95 -2.217 7.050 13.350 N
725 96 -7.872 3.826 8.510 N
726 96 -8.459 2.604 7.908 C
727 96 -8.706 2.905 6.440 C
728 96 -8.429 2.068 5.569 O
729 96 -9.839 2.156 8.545 C
730 96 -9.548 1.974 9.954 O
731 96 -10.387 0.839 7.948 C
732 97 -9.277 4.056 6.157 N
733 97 -9.592 4.442 4.775 C
734 97 -8.304 4.585 3.973 C
735 97 -8.234 4.123 2.821 O
736 97 -10.472 5.736 4.807 C
737 97 -11.638 5.478 5.650 O
738 97 -10.979 6.157 3.419 C
739 98 -7.292 5.210 4.551 N
740 98 -6.006 5.387 3.875 C
741 98 -5.478 3.989 3.520 C
742 98 -5.057 3.726 2.387 O
743 98 -4.993 6.090 4.804 C
744 98 -3.550 6.102 4.294 C
745 98 -2.545 6.429 5.358 C
746 98 -2.467 5.368 6.347 N
747 98 -1.831 5.385 7.514 C
748 98 -1.814 4.371 8.386 N
749 98 -1.131 6.496 7.850 N
750 99 -5.507 3.099 4.522 N
751 99 -4.957 1.756 4.297 C
752 99 -5.720 0.994 3.200 C
753 99 -4.991 0.346 2.412 O
754 99 -4.873 0.963 5.575 C
755 99 -3.872 1.430 6.612 C
756 99 -3.787 0.786 7.685 O
757 99 -3.105 2.467 6.366 N
758 100 -7.014 1.072 3.226 N
759 100 -7.790 0.335 2.215 C
760 100 -7.585 0.898 0.813 C
761 100 -7.514 0.120 -0.160 O
762 100 -9.256 0.371 2.540 C
763 101 -7.522 2.216 0.673 N
764 101 -7.373 2.841 -0.647 C
765 101 -5.942 2.773 -1.120 C
766 101 -5.706 2.617 -2.331 O
767 101 -8.045 4.207 -0.680 C
768 101 -9.534 3.973 -0.905 C
769 101 -10.024 3.908 -2.224 C
770 101 -10.405 3.788 0.154 C
771 101 -11.370 3.650 -2.462 C
772 101 -11.756 3.517 -0.066 C
773 101 -12.216 3.461 -1.382 C
774 101 -13.561 3.246 -1.520 O
775 102 -4.973 2.857 -0.228 N
776 102 -3.576 2.685 -0.644 C
777 102 -3.408 1.230 -1.190 C
778 102 -2.692 1.005 -2.159 O
779 102 -2.547 2.967 0.473 C
780 102 -2.388 4.471 0.643 C
781 102 -1.484 4.964 1.563 N
782 102 -3.025 5.510 0.033 C
783 102 -1.565 6.303 1.506 C
784 102 -2.463 6.632 0.638 N
785 103 -4.034 0.289 -0.473 N
786 103 -3.950 -1.142 -0.887 C
787 103 -4.356 -1.278 -2.360 C
788 103 -3.695 -1.972 -3.156 O
789 103 -4.769 -2.043 0.032 C
790 103 -5.065 -3.405 -0.603 C
791 103 -3.859 -4.261 -0.880 C
792 103 -3.908 -5.203 -1.702 O
793 103 -2.751 -4.000 -0.228 N
794 104 -5.429 -0.618 -2.719 N
795 104 -5.962 -0.661 -4.072 C
796 104 -5.236 0.157 -5.126 C
797 104 -4.989 -0.344 -6.243 O
798 104 -7.383 -0.065 -4.104 C
799 104 -8.433 -1.011 -3.530 C
800 104 -9.764 -0.284 -3.529 C
801 104 -10.856 -1.021 -2.798 C
802 104 -12.090 -0.197 -2.836 N
803 105 -4.930 1.408 -4.830 N
804 105 -4.354 2.309 -5.834 C
805 105 -2.994 2.910 -5.645 C
806 105 -2.577 3.612 -6.607 O
807 105 -5.396 3.488 -5.946 C
808 105 -6.809 2.991 -6.177 C
809 105 -7.894 3.247 -5.349 C
810 105 -7.053 2.177 -7.299 C
811 105 -9.152 2.726 -5.631 C
812 105 -8.300 1.666 -7.599 C
813 105 -9.365 1.944 -6.764 C
814 105 -10.591 1.383 -7.050 O
815 106 -2.338 2.704 -4.535 N
816 106 -1.017 3.333 -4.351 C
817 106 0.069 2.495 -4.988 C
818 106 0.090 1.277 -4.736 O
819 106 -0.797 3.732 -2.907 C
820 106 0.442 4.588 -2.635 C
821 106 1.341 3.782 -1.788 C
822 106 1.337 4.098 -0.383 N
823 106 1.833 3.258 0.542 C
824 106 1.982 3.717 1.782 N
825 106 2.139 1.961 0.369 N
826 106 0.859 3.115 -5.733 O
828 1 11.232 -19.181 -1.883 N
829 1 10.800 -18.350 -3.003 C
830 1 10.958 -16.842 -2.785 C
831 1 11.084 -16.383 -1.639 O
832 1 9.317 -18.645 -3.279 C
833 2 10.893 -16.103 -3.883 N
834 2 10.970 -14.638 -3.911 C
835 2 9.785 -14.111 -3.062 C
836 2 8.743 -14.758 -2.939 O
837 2 10.663 -14.061 -5.297 C
838 2 11.744 -13.946 -6.313 C
839 2 12.738 -14.702 -6.365 O
840 2 11.581 -13.023 -7.157 O
841 3 9.981 -12.896 -2.581 N
842 3 8.939 -12.237 -1.810 C
843 3 7.698 -12.140 -2.689 C
844 3 6.580 -12.405 -2.204 O
845 3 9.424 -10.857 -1.319 C
846 3 8.444 -10.121 -0.410 C
847 3 8.146 -10.946 0.840 C
848 3 9.115 -8.791 -0.016 C
849 4 7.892 -11.697 -3.928 N
850 4 6.738 -11.519 -4.830 C
851 4 5.995 -12.836 -5.109 C
852 4 4.757 -12.790 -5.176 O
853 4 7.243 -10.898 -6.122 C
854 4 6.442 -9.873 -6.906 C
855 4 7.142 -9.412 -8.172 C
856 4 7.435 -8.246 -8.451 O
857 4 7.434 -10.374 -8.945 O
858 5 6.729 -13.929 -5.218 N
859 5 6.122 -15.250 -5.499 C
860 5 5.302 -15.669 -4.264 C
861 5 4.180 -16.189 -4.431 O
862 5 7.155 -16.276 -5.893 C
863 5 7.885 -15.952 -7.218 C
864 5 7.348 -15.139 -7.978 O
865 5 8.965 -16.560 -7.379 O
866 6 5.863 -15.470 -3.069 N
867 6 5.119 -15.797 -1.838 C
868 6 3.853 -14.950 -1.728 C
869 6 2.842 -15.450 -1.217 O
870 6 6.019 -15.596 -0.612 C
871 6 7.007 -16.749 -0.541 C
872 6 6.547 -17.918 -0.624 O
873 6 8.298 -16.535 -0.395 N
874 7 3.887 -13.708 -2.182 N
875 7 2.709 -12.829 -2.130 C
876 7 1.632 -13.354 -3.093 C
877 7 0.434 -13.308 -2.746 O
878 7 3.093 -11.377 -2.378 C
879 7 3.922 -10.755 -1.258 C
880 7 2.957 -10.636 0.304 S
881 7 4.278 -10.844 1.528 C
882 8 2.022 -13.848 -4.258 N
883 8 1.084 -14.465 -5.212 C
884 8 0.437 -15.678 -4.501 C
885 8 -0.819 -15.801 -4.589 O
886 8 1.797 -14.977 -6.445 C
887 8 1.134 -16.019 -7.365 C
888 8 1.928 -16.373 -8.590 C
889 8 2.199 -15.488 -9.409 O
890 8 2.369 -17.531 -8.736 O
891 9 1.230 -16.509 -3.859 N
892 9 0.632 -17.670 -3.164 C
893 9 -0.348 -17.233 -2.101 C
894 9 -1.432 -17.836 -1.921 O
895 9 1.746 -18.578 -2.535 C
896 9 2.586 -18.923 -3.677 O
897 9 1.115 -19.811 -1.873 C
898 10 -0.023 -16.211 -1.325 N
899 10 -0.951 -15.726 -0.307 C
900 10 -2.260 -15.264 -0.940 C
901 10 -3.378 -15.562 -0.502 O
902 10 -0.224 -14.529 0.354 C
903 10 0.848 -14.910 1.366 C
904 10 1.491 -13.673 1.983 C
905 10 0.194 -15.723 2.498 C
906 11 -2.139 -14.483 -2.016 N
907 11 -3.300 -13.921 -2.712 C
908 11 -4.241 -14.999 -3.275 C
909 11 -5.459 -14.953 -3.082 O
910 11 -2.809 -12.905 -3.753 C
911 11 -3.954 -11.992 -4.169 C
912 11 -4.724 -11.432 -3.383 O
913 11 -4.072 -11.900 -5.502 N
914 12 -3.654 -15.930 -3.971 N
915 12 -4.415 -17.035 -4.608 C
916 12 -5.158 -17.866 -3.557 C
917 12 -6.329 -18.201 -3.793 O
918 12 -3.489 -17.900 -5.436 C
919 12 -3.015 -17.228 -6.737 C
920 12 -3.532 -16.187 -7.144 O
921 12 -2.043 -17.840 -7.248 O
922 13 -4.446 -18.201 -2.486 N
923 13 -5.111 -19.032 -1.448 C
924 13 -6.157 -18.244 -0.692 C
925 13 -7.153 -18.834 -0.197 O
926 13 -4.073 -19.747 -0.597 C
927 13 -3.418 -20.832 -1.416 C
928 13 -2.292 -20.805 -1.956 O
929 13 -4.164 -21.937 -1.467 N
930 14 -6.018 -16.915 -0.553 N
931 14 -7.081 -16.190 0.179 C
932 14 -8.364 -16.297 -0.615 C
933 14 -9.469 -16.399 -0.049 O
934 14 -6.601 -14.751 0.362 C
935 14 -7.489 -13.852 1.220 C
936 14 -7.810 -14.518 2.542 C
937 14 -6.706 -12.554 1.457 C
938 15 -8.219 -16.197 -1.935 N
939 15 -9.395 -16.282 -2.827 C
940 15 -10.061 -17.662 -2.730 C
941 15 -11.292 -17.721 -2.757 O
942 15 -9.060 -15.951 -4.271 C
943 15 -8.504 -14.530 -4.450 C
944 15 -8.271 -14.259 -5.937 C
945 15 -7.245 -13.191 -6.215 C
946 15 -6.984 -13.122 -7.701 N
947 16 -9.292 -18.706 -2.596 N
948 16 -9.809 -20.083 -2.455 C
949 16 -10.689 -20.158 -1.200 C
950 16 -11.811 -20.711 -1.214 O
951 16 -8.674 -21.125 -2.451 C
952 16 -9.151 -22.531 -2.047 C
953 16 -7.958 -21.195 -3.787 C
954 17 -10.192 -19.583 -0.100 N
955 17 -10.917 -19.586 1.156 C
956 17 -12.247 -18.861 1.020 C
957 17 -13.263 -19.400 1.515 O
958 17 -10.022 -19.021 2.322 C
959 17 -8.797 -19.953 2.502 C
960 17 -10.862 -18.847 3.615 C
961 17 -7.751 -19.237 3.421 C
962 18 -12.242 -17.683 0.386 N
963 18 -13.480 -16.919 0.228 C
964 18 -14.591 -17.684 -0.468 C
965 18 -15.775 -17.598 -0.078 O
966 18 -13.227 -15.620 -0.554 C
967 18 -12.434 -14.548 0.228 C
968 18 -12.349 -13.222 -0.477 C
969 18 -13.279 -12.550 -0.953 O
970 18 -11.189 -12.800 -0.558 O
971 19 -14.221 -18.439 -1.489 N
972 19 -15.180 -19.217 -2.286 C
973 19 -15.378 -20.654 -1.824 C
974 19 -16.263 -21.320 -2.415 O
975 19 -14.632 -19.250 -3.723 C
976 19 -14.732 -17.901 -4.444 C
977 19 -13.915 -16.808 -3.768 C
978 19 -13.677 -15.593 -4.645 C
979 19 -12.379 -14.922 -4.327 N
980 20 -14.657 -21.164 -0.861 N
981 20 -14.733 -22.535 -0.394 C
982 20 -16.104 -23.001 0.079 C
983 20 -16.853 -22.270 0.727 O
984 20 -13.781 -22.747 0.793 C
985 21 -16.293 -24.277 -0.251 N
986 21 -17.486 -25.034 0.100 C
987 21 -17.262 -25.851 1.386 C
988 21 -18.164 -25.931 2.234 O
989 21 -17.860 -26.031 -1.018 C
990 21 -18.224 -25.376 -2.348 C
991 21 -19.160 -24.555 -2.431 O
992 21 -17.497 -25.716 -3.320 O
993 22 -16.069 -26.446 1.496 N
994 22 -15.885 -27.324 2.673 C
995 22 -14.591 -27.106 3.429 C
996 22 -13.714 -26.334 2.998 O
997 22 -16.080 -28.763 2.145 C
998 22 -15.108 -29.075 1.029 C
999 22 -13.879 -28.997 1.189 O
1000 22 -15.597 -29.467 -0.148 N
1001 23 -14.489 -27.828 4.541 N
1002 23 -13.329 -27.710 5.425 C
1003 23 -12.049 -28.177 4.777 C
1004 23 -11.009 -27.537 5.071 O
1005 23 -13.597 -28.373 6.761 C
1006 24 -12.089 -29.197 3.963 N
1007 24 -10.869 -29.709 3.318 C
1008 24 -10.262 -28.610 2.437 C
1009 24 -9.013 -28.441 2.461 O
1010 24 -11.216 -30.940 2.510 C
1011 25 -11.093 -27.891 1.748 N
1012 25 -10.601 -26.785 0.903 C
1013 25 -9.968 -25.677 1.765 C
1014 25 -8.873 -25.160 1.417 O
1015 25 -11.758 -26.183 0.107 C
1016 25 -12.197 -27.009 -1.092 C
1017 25 -13.567 -26.571 -1.567 C
1018 25 -14.381 -25.913 -0.922 O
1019 25 -13.886 -26.971 -2.802 N
1020 26 -10.636 -25.290 2.823 N
1021 26 -10.158 -24.198 3.692 C
1022 26 -8.846 -24.573 4.361 C
1023 26 -7.895 -23.759 4.404 O
1024 26 -11.262 -23.748 4.655 C
1025 26 -10.772 -22.749 5.706 C
1026 26 -12.412 -23.118 3.877 C
1027 27 -8.751 -25.763 4.940 N
1028 27 -7.571 -26.253 5.640 C
1029 27 -6.385 -26.267 4.679 C
1030 27 -5.259 -25.859 5.046 O
1031 27 -7.752 -27.656 6.209 C
1032 27 -8.854 -27.819 7.268 C
1033 27 -8.857 -29.278 7.782 C
1034 27 -7.454 -29.822 7.833 C
1035 27 -6.986 -30.361 6.522 N
1036 28 -6.601 -26.753 3.469 N
1037 28 -5.519 -26.826 2.476 C
1038 28 -5.000 -25.422 2.173 C
1039 28 -3.778 -25.173 2.249 O
1040 28 -6.026 -27.577 1.244 C
1041 28 -4.918 -27.768 0.193 C
1042 28 -3.887 -28.363 0.446 O
1043 28 -5.120 -27.223 -0.909 O
1044 29 -5.893 -24.541 1.813 N
1045 29 -5.546 -23.159 1.449 C
1046 29 -4.835 -22.467 2.617 C
1047 29 -3.782 -21.844 2.372 O
1048 29 -6.768 -22.332 1.064 C
1049 30 -5.330 -22.588 3.819 N
1050 30 -4.702 -21.934 4.973 C
1051 30 -3.297 -22.441 5.190 C
1052 30 -2.387 -21.688 5.576 O
1053 30 -5.585 -22.190 6.205 C
1054 30 -6.838 -21.367 6.355 C
1055 30 -7.715 -21.835 7.497 C
1056 30 -6.449 -19.894 6.621 C
1057 31 -3.048 -23.733 5.020 N
1058 31 -1.755 -24.327 5.279 C
1059 31 -0.737 -23.911 4.222 C
1060 31 0.457 -23.741 4.480 O
1061 31 -1.767 -25.879 5.647 C
1062 31 -2.955 -26.063 6.476 O
1063 31 -0.490 -26.241 6.374 C
1064 32 -1.221 -23.748 3.014 N
1065 32 -0.376 -23.268 1.900 C
1066 32 -0.047 -21.795 2.251 C
1067 32 1.098 -21.401 1.975 O
1068 32 -1.126 -23.355 0.569 C
1069 32 -1.217 -24.818 0.087 C
1070 32 -2.101 -24.957 -1.136 C
1071 32 -1.993 -26.369 -1.693 C
1072 32 -3.083 -26.611 -2.687 N
1073 33 -0.981 -21.025 2.749 N
1074 33 -0.701 -19.617 3.107 C
1075 33 0.327 -19.575 4.243 C
1076 33 1.233 -18.716 4.269 O
1077 33 -1.995 -18.958 3.570 C
1078 33 -2.863 -18.666 2.391 C
1079 33 -4.357 -17.786 2.955 S
1080 33 -3.718 -16.121 3.214 C
1081 34 0.234 -20.503 5.183 N
1082 34 1.149 -20.551 6.312 C
1083 34 2.561 -20.760 5.799 C
1084 34 3.506 -20.079 6.293 O
1085 34 0.798 -21.700 7.286 C
1086 34 1.273 -21.538 8.724 C
1087 34 0.858 -22.737 9.593 C
1088 34 1.052 -22.377 11.025 N
1089 34 2.229 -22.362 11.625 C
1090 34 3.340 -22.677 11.000 N
1091 34 2.362 -21.944 12.885 N
1092 35 2.769 -21.639 4.837 N
1093 35 4.126 -21.896 4.285 C
1094 35 4.660 -20.649 3.562 C
1095 35 5.857 -20.317 3.747 O
1096 35 4.135 -23.110 3.356 C
1097 36 3.790 -20.020 2.802 N
1098 36 4.253 -18.802 2.068 C
1099 36 4.578 -17.702 3.070 C
1100 36 5.559 -16.944 2.778 O
1101 36 3.224 -18.385 1.043 C
1102 37 3.857 -17.577 4.153 N
1103 37 4.138 -16.527 5.160 C
1104 37 5.477 -16.759 5.809 C
1105 37 6.241 -15.788 6.029 O
1106 37 3.002 -16.459 6.164 C
1107 38 5.822 -17.990 6.133 N
1108 38 7.092 -18.301 6.777 C
1109 38 8.236 -18.056 5.806 C
1110 38 9.350 -17.657 6.240 O
1111 38 7.119 -19.772 7.263 C
1112 38 6.116 -20.136 8.355 C
1113 38 6.249 -21.615 8.681 C
1114 38 6.354 -19.286 9.595 C
1115 39 7.993 -18.332 4.556 N
1116 39 9.056 -18.158 3.545 C
1117 39 9.248 -16.652 3.315 C
1118 39 10.420 -16.240 3.229 O
1119 39 8.750 -18.937 2.270 C
1120 39 10.030 -19.189 1.487 C
1121 39 10.939 -19.826 2.016 O
1122 39 10.048 -18.722 0.340 O
1123 40 8.185 -15.918 3.246 N
1124 40 8.277 -14.455 3.011 C
1125 40 9.036 -13.770 4.142 C
1126 40 9.727 -12.744 3.901 O
1127 40 6.871 -13.916 2.800 C
1128 41 8.925 -14.302 5.340 N
1129 41 9.593 -13.714 6.527 C
1130 41 11.106 -13.666 6.411 C
1131 41 11.751 -12.853 7.131 O
1132 41 9.074 -14.468 7.749 C
1133 41 9.393 -13.862 9.072 C
1134 41 8.800 -14.721 10.166 C
1135 41 9.004 -15.925 10.183 O
1136 41 8.065 -14.090 11.054 N
1137 42 11.718 -14.459 5.541 N
1138 42 13.170 -14.416 5.401 C
1139 42 13.627 -13.382 4.369 C
1140 42 14.854 -13.199 4.264 O
1141 42 13.738 -15.784 5.102 C
1142 42 13.565 -16.330 3.696 C
1143 42 13.849 -17.842 3.772 C
1144 42 13.912 -18.406 2.367 C
1145 42 13.885 -19.891 2.445 N
1146 43 12.719 -12.750 3.645 N
1147 43 13.132 -11.779 2.618 C
1148 43 13.403 -10.380 3.158 C
1149 43 13.136 -10.039 4.312 O
1150 43 12.035 -11.698 1.545 C
1151 44 13.920 -9.540 2.265 N
1152 44 14.200 -8.122 2.534 C
1153 44 13.371 -7.348 1.505 C
1154 44 13.622 -7.528 0.296 O
1155 44 15.713 -7.737 2.374 C
1156 44 16.485 -8.544 3.290 O
1157 44 15.921 -6.235 2.612 C
1158 45 12.389 -6.600 1.943 N
1159 45 11.549 -5.829 1.005 C
1160 45 12.398 -4.711 0.396 C
1161 45 13.313 -4.190 1.061 O
1162 45 10.432 -5.314 1.888 C
1163 45 11.048 -5.195 3.260 C
1164 45 12.036 -6.347 3.342 C
1165 46 12.076 -4.357 -0.836 N
1166 46 12.825 -3.306 -1.534 C
1167 46 13.003 -2.043 -0.711 C
1168 46 14.130 -1.488 -0.712 O
1169 46 11.997 -3.056 -2.791 C
1170 46 11.324 -4.391 -3.049 C
1171 46 11.010 -4.959 -1.664 C
1172 47 11.969 -1.575 -0.054 N
1173 47 11.994 -0.353 0.744 C
1174 47 13.036 -0.357 1.853 C
1175 47 13.478 0.728 2.264 O
1176 47 10.672 -0.046 1.466 C
1177 47 9.428 -0.166 0.603 C
1178 47 9.421 0.832 -0.545 C
1179 47 9.175 2.246 -0.043 C
1180 47 7.992 2.263 0.869 N
1181 48 13.390 -1.524 2.352 N
1182 48 14.328 -1.700 3.450 C
1183 48 15.683 -2.230 3.047 C
1184 48 16.452 -2.607 3.938 O
1185 48 13.614 -2.601 4.488 C
1186 48 12.292 -2.107 5.058 C
1187 48 11.819 -2.994 6.206 C
1188 48 12.417 -0.655 5.522 C
1189 49 15.965 -2.247 1.760 N
1190 49 17.254 -2.749 1.271 C
1191 49 18.471 -2.084 1.896 C
1192 49 19.513 -2.756 2.005 O
1193 49 17.345 -2.626 -0.255 C
1194 49 16.521 -3.660 -1.006 C
1195 49 16.595 -3.700 -2.502 C
1196 49 16.410 -4.743 -3.137 O
1197 49 16.832 -2.584 -3.020 O
1198 50 18.374 -0.859 2.333 N
1199 50 19.476 -0.087 2.935 C
1200 50 19.703 -0.308 4.428 C
1201 50 20.734 0.112 4.979 O
1202 50 19.192 1.411 2.659 C
1203 50 17.954 1.907 3.381 C
1204 50 18.012 2.691 4.361 O
1205 50 16.806 1.544 2.986 O
1206 51 18.756 -0.930 5.100 N
1207 51 18.824 -1.177 6.543 C
1208 51 19.576 -2.447 6.901 C
1209 51 19.670 -3.367 6.067 O
1210 51 17.399 -1.311 7.090 C
1211 51 16.447 -0.215 6.624 C
1212 51 16.068 0.681 7.794 C
1213 51 15.388 1.951 7.276 C
1214 51 16.242 2.486 6.163 N
1215 52 20.073 -2.474 8.129 N
1216 52 20.796 -3.694 8.595 C
1217 52 19.734 -4.783 8.807 C
1218 52 18.571 -4.453 9.110 O
1219 52 21.597 -3.431 9.861 C
1220 52 20.721 -3.110 10.934 O
1221 53 20.143 -6.020 8.678 N
1222 53 19.212 -7.150 8.814 C
1223 53 18.509 -7.253 10.136 C
1224 53 17.391 -7.796 10.260 O
1225 53 20.030 -8.387 8.426 C
1226 53 21.455 -7.960 8.636 C
1227 53 21.482 -6.475 8.301 C
1228 54 19.125 -6.741 11.181 N
1229 54 18.677 -6.731 12.560 C
1230 54 18.154 -5.374 12.986 C
1231 54 18.039 -5.179 14.210 O
1232 54 19.816 -7.212 13.491 C
1233 54 21.081 -6.380 13.381 C
1234 54 22.143 -6.769 13.908 O
1235 54 21.097 -5.295 12.754 O
1236 55 17.848 -4.485 12.076 N
1237 55 17.317 -3.158 12.439 C
1238 55 15.883 -3.280 12.970 C
1239 55 15.173 -4.282 12.673 O
1240 55 17.322 -2.286 11.177 C
1241 55 16.545 -2.938 10.163 O
1242 56 15.401 -2.280 13.657 N
1243 56 14.034 -2.219 14.162 C
1244 56 13.033 -2.392 13.018 C
1245 56 12.012 -3.088 13.226 O
1246 56 13.904 -0.809 14.755 C
1247 56 15.329 -0.526 15.159 C
1248 56 16.159 -1.040 14.006 C
1249 57 13.279 -1.785 11.881 N
1250 57 12.398 -1.860 10.715 C
1251 57 12.308 -3.306 10.193 C
1252 57 11.185 -3.778 9.978 O
1253 57 12.851 -0.989 9.551 C
1254 57 12.962 0.510 9.763 C
1255 57 13.947 1.064 10.748 C
1256 57 13.770 2.205 11.234 O
1257 57 14.950 0.407 11.068 O
1258 58 13.424 -3.954 10.021 N
1259 58 13.428 -5.357 9.545 C
1260 58 12.717 -6.230 10.576 C
1261 58 11.962 -7.139 10.177 O
1262 58 14.834 -5.856 9.236 C
1263 58 15.304 -5.289 7.925 C
1264 58 14.323 -5.870 6.506 S
1265 58 14.423 -7.662 6.779 C
1266 59 12.945 -5.984 11.849 N
1267 59 12.260 -6.827 12.883 C
1268 59 10.762 -6.585 12.790 C
1269 59 9.967 -7.560 12.944 O
1270 59 12.809 -6.572 14.279 C
1271 59 14.214 -7.147 14.482 C
1272 59 14.763 -6.546 15.786 C
1273 59 16.063 -7.207 16.178 C
1274 59 15.893 -8.639 16.551 N
1275 60 10.317 -5.369 12.542 N
1276 60 8.882 -5.064 12.430 C
1277 60 8.314 -5.751 11.170 C
1278 60 7.163 -6.245 11.231 O
1279 60 8.524 -3.592 12.450 C
1280 60 7.008 -3.401 12.470 C
1281 60 6.305 -3.889 13.376 O
1282 60 6.458 -2.747 11.564 O
1283 61 9.069 -5.770 10.104 N
1284 61 8.633 -6.428 8.852 C
1285 61 8.386 -7.902 9.153 C
1286 61 7.309 -8.438 8.789 O
1287 61 9.687 -6.217 7.762 C
1288 61 9.494 -7.084 6.547 C
1289 61 8.540 -6.674 5.603 C
1290 61 10.253 -8.237 6.373 C
1291 61 8.350 -7.428 4.446 C
1292 61 10.061 -9.013 5.212 C
1293 61 9.110 -8.583 4.282 C
1294 62 9.337 -8.533 9.824 N
1295 62 9.179 -9.966 10.172 C
1296 62 7.999 -10.191 11.111 C
1297 62 7.259 -11.199 10.939 O
1298 62 10.481 -10.531 10.741 C
1299 62 11.535 -10.645 9.631 C
1300 62 12.754 -11.375 10.072 C
1301 62 13.542 -10.665 11.064 N
1302 62 14.569 -9.865 10.752 C
1303 62 14.929 -9.598 9.515 N
1304 62 15.300 -9.363 11.754 N
1305 63 7.818 -9.323 12.070 N
1306 63 6.710 -9.415 13.028 C
1307 63 5.355 -9.445 12.326 C
1308 63 4.384 -10.112 12.764 O
1309 63 6.825 -8.253 14.046 C
1310 63 5.718 -8.322 15.053 C
1311 63 4.647 -7.468 15.043 N
1312 63 5.503 -9.207 16.024 C
1313 63 3.822 -7.788 16.036 C
1314 63 4.320 -8.835 16.639 N
1315 64 5.215 -8.743 11.205 N
1316 64 3.972 -8.716 10.415 C
1317 64 3.584 -10.177 10.024 C
1318 64 2.388 -10.532 10.043 O
1319 65 4.582 -10.979 9.702 N
1320 65 4.308 -12.387 9.328 C
1321 65 3.944 -13.200 10.564 C
1322 65 3.181 -14.202 10.461 O
1323 65 5.461 -13.017 8.535 C
1324 65 5.567 -12.339 7.181 C
1325 65 6.581 -11.409 6.967 C
1326 65 4.615 -12.544 6.178 C
1327 65 6.668 -10.734 5.757 C
1328 65 4.680 -11.852 4.957 C
1329 65 5.739 -10.949 4.757 C
1330 66 4.478 -12.890 11.729 N
1331 66 4.123 -13.623 12.980 C
1332 66 2.644 -13.351 13.270 C
1333 66 1.891 -14.249 13.718 O
1334 66 4.992 -13.236 14.163 C
1335 66 6.415 -13.719 13.964 C
1336 66 6.628 -14.810 13.431 O
1337 66 7.322 -12.978 14.411 O
1338 67 2.214 -12.111 13.066 N
1339 67 0.799 -11.786 13.272 C
1340 67 -0.054 -12.580 12.273 C
1341 67 -1.046 -13.228 12.678 O
1342 67 0.526 -10.252 13.106 C
1343 67 1.265 -9.472 14.238 C
1344 67 -0.985 -9.959 13.010 C
1345 67 1.217 -7.930 14.026 C
1346 68 0.356 -12.570 11.004 N
1347 68 -0.410 -13.265 9.951 C
1348 68 -0.480 -14.770 10.258 C
1349 68 -1.594 -15.304 10.163 O
1350 68 0.262 -12.953 8.609 C
1351 68 -0.621 -13.214 7.377 C
1352 68 -1.566 -12.039 7.153 C
1353 68 0.323 -13.317 6.180 C
1354 69 0.627 -15.362 10.657 N
1355 69 0.624 -16.798 10.997 C
1356 69 -0.300 -17.084 12.189 C
1357 69 -1.017 -18.092 12.187 O
1358 69 2.043 -17.317 11.234 C
1359 69 2.038 -18.686 11.913 C
1360 69 2.764 -17.330 9.893 C
1361 70 -0.295 -16.257 13.228 N
1362 70 -1.179 -16.494 14.388 C
1363 70 -2.627 -16.429 13.891 C
1364 70 -3.467 -17.187 14.396 O
1365 71 -2.973 -15.572 12.974 N
1366 71 -4.342 -15.468 12.448 C
1367 71 -4.677 -16.732 11.644 C
1368 71 -5.824 -17.226 11.761 O
1369 71 -4.533 -14.211 11.579 C
1370 71 -4.477 -12.990 12.528 C
1371 71 -4.566 -11.742 11.687 C
1372 71 -3.825 -11.524 10.740 O
1373 71 -5.476 -10.845 12.062 N
1374 72 -3.753 -17.166 10.831 N
1375 72 -3.949 -18.397 10.058 C
1376 72 -4.185 -19.547 11.047 C
1377 72 -5.091 -20.353 10.757 O
1378 72 -2.716 -18.634 9.156 C
1379 72 -2.692 -17.605 7.986 C
1380 72 -2.690 -20.121 8.691 C
1381 72 -1.357 -17.529 7.202 C
1382 73 -3.429 -19.644 12.119 N
1383 73 -3.596 -20.759 13.091 C
1384 73 -4.988 -20.735 13.732 C
1385 73 -5.568 -21.812 13.982 O
1386 73 -2.462 -20.760 14.108 C
1387 73 -1.143 -21.259 13.520 C
1388 73 -1.204 -21.847 12.406 O
1389 73 -0.107 -21.067 14.178 O
1390 74 -5.486 -19.559 14.029 N
1391 74 -6.821 -19.427 14.637 C
1392 74 -7.861 -19.978 13.674 C
1393 74 -8.812 -20.679 14.089 O
1394 74 -7.095 -17.960 14.956 C
1395 74 -6.342 -17.475 16.175 C
1396 74 -5.788 -18.273 16.929 O
1397 74 -6.357 -16.226 16.280 O
1398 75 -7.732 -19.642 12.405 N
1399 75 -8.682 -20.123 11.370 C
1400 75 -8.472 -21.621 11.176 C
1401 75 -9.473 -22.307 10.927 O
1402 75 -8.452 -19.317 10.104 C
1403 76 -7.256 -22.119 11.251 N
1404 76 -7.058 -23.566 11.071 C
1405 76 -7.737 -24.371 12.189 C
1406 76 -8.246 -25.474 11.936 O
1407 76 -5.568 -23.865 11.059 C
1408 76 -4.873 -24.023 9.745 C
1409 76 -3.394 -24.286 10.003 C
1410 76 -5.512 -25.231 9.048 C
1411 77 -7.699 -23.838 13.395 N
1412 77 -8.327 -24.518 14.545 C
1413 77 -9.806 -24.697 14.227 C
1414 77 -10.377 -25.799 14.379 O
1415 77 -8.135 -23.669 15.797 C
1416 77 -8.194 -24.478 17.099 C
1417 77 -6.804 -24.552 17.737 C
1418 77 -6.202 -23.167 17.966 C
1419 77 -5.187 -23.287 19.065 N
1420 78 -10.453 -23.668 13.703 N
1421 78 -11.882 -23.725 13.340 C
1422 78 -12.130 -24.701 12.206 C
1423 78 -13.068 -25.527 12.332 O
1424 78 -12.293 -22.288 13.029 C
1425 78 -12.379 -21.413 14.265 C
1426 78 -12.503 -19.947 13.839 C
1427 78 -13.577 -21.796 15.126 C
1428 79 -11.386 -24.630 11.129 N
1429 79 -11.546 -25.541 9.988 C
1430 79 -11.398 -26.992 10.476 C
1431 79 -12.174 -27.825 9.950 O
1432 79 -10.491 -25.237 8.910 C
1433 80 -10.453 -27.278 11.330 N
1434 80 -10.266 -28.636 11.837 C
1435 80 -11.490 -29.114 12.619 C
1436 80 -11.635 -30.355 12.751 O
1437 80 -8.973 -28.728 12.635 C
1438 80 -7.793 -28.983 11.717 C
1439 80 -6.739 -28.327 11.766 O
1440 80 -7.972 -29.984 10.859 N
1441 81 -12.317 -28.255 13.121 N
1442 81 -13.536 -28.618 13.860 C
1443 81 -14.732 -28.740 12.916 C
1444 81 -15.856 -29.066 13.335 O
1445 81 -13.863 -27.575 14.917 C
1446 81 -12.867 -27.411 16.076 C
1447 81 -13.108 -26.133 16.835 C
1448 81 -12.268 -25.346 17.225 O
1449 81 -14.308 -25.890 17.031 O
1450 82 -14.491 -28.503 11.640 N
1451 82 -15.469 -28.572 10.571 C
1452 82 -16.299 -27.290 10.514 C
1453 82 -17.273 -27.303 9.747 O
1454 83 -15.932 -26.263 11.259 N
1455 83 -16.647 -24.987 11.289 C
1456 83 -16.140 -24.049 10.178 C
1457 83 -15.365 -23.095 10.410 O
1458 83 -16.542 -24.295 12.638 C
1459 83 -17.150 -25.147 13.787 C
1460 83 -16.959 -24.412 15.090 C
1461 83 -17.171 -25.244 16.341 C
1462 83 -18.397 -26.057 16.204 N
1463 84 -16.609 -24.358 8.995 N
1464 84 -16.224 -23.622 7.791 C
1465 84 -16.531 -22.143 7.835 C
1466 84 -15.623 -21.317 7.544 O
1467 84 -16.753 -24.332 6.526 C
1468 84 -16.308 -23.589 5.261 C
1469 84 -16.264 -25.777 6.506 C
1470 85 -17.755 -21.801 8.167 N
1471 85 -18.155 -20.381 8.192 C
1472 85 -17.288 -19.574 9.118 C
1473 85 -16.801 -18.465 8.801 O
1474 85 -19.603 -20.274 8.655 C
1475 85 -20.226 -18.919 8.301 C
1476 85 -21.016 -19.065 6.993 C
1477 85 -22.274 -19.924 7.153 C
1478 85 -22.686 -20.537 5.851 N
1479 86 -17.095 -20.111 10.307 N
1480 86 -16.270 -19.426 11.323 C
1481 86 -14.831 -19.292 10.834 C
1482 86 -14.218 -18.230 11.110 O
1483 86 -16.362 -20.160 12.656 C
1484 86 -17.795 -20.272 13.198 C
1485 86 -18.838 -21.144 12.587 C
1486 86 -20.051 -21.065 12.911 O
1487 86 -18.500 -21.990 11.727 O
1488 87 -14.319 -20.313 10.155 N
1489 87 -12.938 -20.256 9.628 C
1490 87 -12.841 -19.162 8.562 C
1491 87 -11.802 -18.448 8.518 O
1492 87 -12.521 -21.594 9.042 C
1493 88 -13.822 -19.049 7.696 N
1494 88 -13.829 -18.032 6.644 C
1495 88 -13.855 -16.653 7.282 C
1496 88 -13.152 -15.782 6.754 O
1497 88 -14.958 -18.186 5.628 C
1498 88 -14.721 -19.428 4.764 C
1499 88 -15.976 -19.852 4.047 C
1500 88 -17.061 -19.986 4.616 O
1501 88 -15.822 -20.014 2.737 N
1502 89 -14.630 -16.459 8.325 N
1503 89 -14.713 -15.129 8.984 C
1504 89 -13.361 -14.791 9.581 C
1505 89 -12.913 -13.638 9.477 O
1506 89 -15.885 -15.141 9.954 C
1507 90 -12.696 -15.756 10.206 N
1508 90 -11.375 -15.537 10.805 C
1509 90 -10.351 -15.174 9.719 C
1510 90 -9.435 -14.347 9.939 O
1511 90 -10.913 -16.709 11.644 C
1512 91 -10.481 -15.776 8.540 N
1513 91 -9.557 -15.537 7.417 C
1514 91 -9.789 -14.129 6.889 C
1515 91 -8.814 -13.509 6.395 O
1516 91 -9.691 -16.636 6.360 C
1517 92 -10.968 -13.569 6.967 N
1518 92 -11.184 -12.197 6.480 C
1519 92 -10.292 -11.230 7.241 C
1520 92 -9.905 -10.194 6.651 O
1521 92 -12.623 -11.715 6.650 C
1522 92 -13.627 -12.120 5.568 C
1523 92 -13.249 -11.696 4.176 C
1524 92 -13.383 -10.566 3.723 O
1525 92 -12.755 -12.639 3.501 O
1526 93 -9.944 -11.539 8.466 N
1527 93 -9.083 -10.624 9.276 C
1528 93 -7.676 -10.498 8.723 C
1529 93 -6.895 -9.566 9.042 O
1530 93 -9.152 -11.009 10.759 C
1531 93 -10.485 -10.486 11.336 C
1532 93 -11.147 -11.425 12.274 C
1533 93 -10.486 -11.981 13.148 O
1534 93 -12.453 -11.712 12.158 N
1535 94 -7.286 -11.456 7.889 N
1536 94 -5.964 -11.431 7.256 C
1537 94 -5.816 -10.177 6.371 C
1538 94 -4.681 -9.720 6.193 O
1539 94 -5.716 -12.685 6.422 C
1540 94 -5.750 -14.000 7.203 C
1541 94 -5.791 -15.182 6.222 C
1542 94 -4.536 -14.095 8.085 C
1543 95 -6.928 -9.732 5.811 N
1544 95 -6.866 -8.539 4.941 C
1545 95 -6.509 -7.292 5.735 C
1546 95 -5.865 -6.381 5.193 O
1547 95 -8.196 -8.302 4.245 C
1548 95 -8.520 -9.509 3.345 C
1549 95 -9.912 -9.333 2.746 C
1550 95 -10.229 -10.535 1.876 C
1551 95 -11.649 -10.436 1.460 N
1552 96 -6.959 -7.190 6.959 N
1553 96 -6.608 -5.989 7.773 C
1554 96 -5.113 -5.993 7.980 C
1555 96 -4.441 -4.936 7.851 O
1556 96 -7.345 -6.097 9.157 C
1557 96 -8.748 -6.161 8.807 O
1558 96 -7.001 -4.907 10.068 C
1559 97 -4.499 -7.108 8.292 N
1560 97 -3.063 -7.254 8.499 C
1561 97 -2.351 -6.877 7.208 C
1562 97 -1.333 -6.143 7.178 O
1563 97 -2.654 -8.718 8.939 C
1564 97 -3.465 -8.951 10.124 O
1565 97 -1.167 -8.885 9.222 C
1566 98 -2.821 -7.429 6.088 N
1567 98 -2.297 -7.142 4.769 C
1568 98 -2.302 -5.608 4.542 C
1569 98 -1.253 -5.053 4.141 O
1570 98 -3.184 -7.777 3.660 C
1571 98 -2.742 -7.446 2.227 C
1572 98 -3.759 -7.735 1.165 C
1573 98 -4.962 -6.934 1.397 N
1574 98 -6.182 -7.126 0.870 C
1575 98 -7.199 -6.345 1.154 N
1576 98 -6.350 -8.155 0.015 N
1577 99 -3.440 -4.983 4.787 N
1578 99 -3.539 -3.535 4.511 C
1579 99 -2.561 -2.716 5.361 C
1580 99 -1.963 -1.738 4.823 O
1581 99 -4.971 -3.038 4.650 C
1582 99 -5.989 -3.605 3.674 C
1583 99 -7.198 -3.279 3.792 O
1584 99 -5.528 -4.403 2.755 N
1585 100 -2.451 -3.123 6.590 N
1586 100 -1.558 -2.409 7.541 C
1587 100 -0.093 -2.537 7.159 C
1588 100 0.632 -1.534 7.222 O
1589 100 -1.737 -2.909 8.971 C
1590 101 0.366 -3.725 6.827 N
1591 101 1.766 -3.986 6.510 C
1592 101 2.126 -3.511 5.133 C
1593 101 3.297 -3.139 4.905 O
1594 101 2.124 -5.467 6.806 C
1595 101 2.372 -5.525 8.313 C
1596 101 3.678 -5.338 8.830 C
1597 101 1.325 -5.719 9.215 C
1598 101 3.914 -5.338 10.204 C
1599 101 1.552 -5.706 10.595 C
1600 101 2.838 -5.502 11.064 C
1601 101 3.008 -5.537 12.431 O
1602 102 1.192 -3.517 4.193 N
1603 102 1.426 -3.000 2.856 C
1604 102 1.607 -1.468 2.973 C
1605 102 2.432 -0.901 2.215 O
1606 102 0.319 -3.307 1.821 C
1607 102 0.428 -4.710 1.250 C
1608 102 -0.507 -5.233 0.401 N
1609 102 1.343 -5.665 1.518 C
1610 102 -0.103 -6.470 0.087 C
1611 102 0.975 -6.756 0.729 N
1612 103 0.794 -0.876 3.821 N
1613 103 0.894 0.597 4.024 C
1614 103 2.313 0.909 4.457 C
1615 103 2.909 1.910 3.970 O
1616 103 -0.168 1.043 5.029 C
1617 103 0.166 2.416 5.603 C
1618 103 0.170 3.578 4.639 C
1619 103 0.727 4.673 4.929 O
1620 103 -0.486 3.413 3.531 N
1621 104 2.883 0.103 5.343 N
1622 104 4.251 0.377 5.825 C
1623 104 5.409 -0.012 4.902 C
1624 104 6.422 0.701 4.810 O
1625 104 4.601 -0.363 7.116 C
1626 104 3.618 -0.261 8.267 C
1627 104 4.266 -0.812 9.541 C
1628 104 3.345 -1.671 10.386 C
1629 104 3.802 -1.699 11.797 N
1630 105 5.312 -1.159 4.249 N
1631 105 6.413 -1.660 3.449 C
1632 105 6.256 -1.960 1.979 C
1633 105 7.296 -2.337 1.392 O
1634 105 6.884 -2.977 4.168 C
1635 105 7.169 -2.800 5.638 C
1636 105 6.508 -3.459 6.660 C
1637 105 8.162 -1.898 6.021 C
1638 105 6.807 -3.230 8.002 C
1639 105 8.495 -1.648 7.357 C
1640 105 7.798 -2.326 8.347 C
1641 105 8.117 -2.044 9.633 O
1642 106 5.094 -1.848 1.412 N
1643 106 4.902 -2.135 -0.025 C
1644 106 5.275 -0.880 -0.816 C
1645 106 4.881 0.214 -0.369 O
1646 106 3.502 -2.636 -0.329 C
1647 106 3.287 -3.382 -1.639 C
1648 106 2.450 -2.617 -2.599 C
1649 106 1.071 -3.039 -2.662 N
1650 106 -0.069 -2.369 -2.629 C
1651 106 -1.220 -3.049 -2.759 N
1652 106 -0.183 -1.049 -2.448 N
1653 106 5.960 -0.998 -1.852 O
