120 283
0 2
0 3
0 4
0 6
1 3
1 4
2 5
2 6
2 7
3 4
3 5
3 6
3 8
3 15
4 7
4 16
4 18
5 6
5 7
5 17
5 18
5 19
5 20
6 8
6 15
7 9
7 10
7 15
8 10
8 11
8 12
8 14
9 12
9 14
9 15
10 11
11 13
11 14
11 15
12 15
13 14
16 20
17 18
17 19
17 20
18 19
19 21
19 22
19 23
19 25
20 22
20 23
21 24
21 25
21 26
22 23
22 24
22 25
22 27
23 26
23 38
23 39
23 40
24 25
24 26
24 39
24 40
24 41
24 42
25 27
25 28
26 28
26 36
26 37
27 29
27 30
27 36
28 30
28 37
29 31
29 32
29 37
30 32
30 33
30 34
30 36
31 34
31 36
31 37
32 33
33 35
33 36
33 37
34 37
35 36
38 42
39 40
39 41
39 42
40 41
41 43
41 44
41 45
42 44
42 45
43 46
43 47
43 48
44 45
44 47
44 49
44 50
45 48
45 59
45 61
46 47
46 60
46 61
46 62
46 63
47 49
47 50
47 61
48 50
48 57
48 58
49 51
49 52
49 57
50 52
50 58
51 53
51 54
51 58
52 54
52 55
52 56
52 57
53 56
53 57
53 58
54 55
55 57
55 58
56 58
59 63
60 61
60 62
61 62
62 64
62 65
62 66
63 65
63 66
64 67
64 68
64 69
65 66
65 68
65 70
65 78
66 69
66 79
66 81
67 68
67 69
67 80
67 81
67 82
68 70
68 78
69 71
69 72
69 78
70 72
70 73
70 74
70 76
71 74
71 76
71 78
72 73
73 75
73 76
73 78
74 77
74 78
75 76
75 77
77 78
79 83
80 81
80 82
80 83
81 82
82 84
82 85
82 86
82 88
83 85
83 86
84 87
84 88
84 89
85 86
85 88
85 90
86 89
86 98
86 99
86 100
87 88
87 89
87 99
87 100
87 101
87 102
88 90
88 97
89 91
89 92
89 97
90 92
90 93
90 94
90 96
91 94
91 96
91 97
92 93
93 95
93 96
93 97
94 97
95 96
98 102
99 100
99 101
99 102
100 101
101 103
101 104
101 105
101 107
102 104
102 105
103 106
103 107
103 108
104 105
104 106
104 107
104 109
104 119
105 108
106 107
106 108
107 109
107 110
108 110
108 118
108 119
109 111
109 112
109 118
110 112
110 119
111 113
111 114
111 119
112 114
112 115
112 116
112 118
113 116
113 118
113 119
114 115
115 117
115 118
115 119
116 119
117 118
1 1 9.551000 20.455999 23.136999 O
2 1 9.895000 21.263000 24.288000 C
3 1 11.416000 21.218000 24.421000 C
4 1 11.751000 20.112000 25.229000 O
5 1 12.180000 21.040001 23.115999 C
6 1 13.368000 21.813000 23.084000 O
7 1 12.538000 19.565001 23.089001 C
8 1 12.646000 19.224001 24.582001 C
9 1 12.234000 17.833000 24.732000 N
10 1 13.224000 16.891001 24.945999 C
11 1 14.392000 17.246000 25.037001 O
12 1 12.821000 15.605000 25.037001 N
13 1 11.537000 15.227000 24.945999 C
14 1 11.196000 13.949000 25.031000 N
15 1 10.502000 16.205999 24.742001 C
16 1 10.925000 17.458000 24.618999 C
17 2 13.765000 22.893999 21.966000 P
18 2 14.668000 23.627001 22.881001 O
19 2 12.612000 23.266001 21.083000 O
20 2 14.691000 22.049999 20.917000 O
21 2 15.943000 21.520000 21.447001 C
22 2 16.479000 20.688000 20.297001 C
23 2 15.729000 19.478001 20.291000 O
24 2 16.349001 21.274000 18.900000 C
25 2 17.365000 20.857000 17.996000 O
26 2 15.001000 20.671000 18.430000 C
27 2 15.314000 19.246000 18.933001 C
28 2 14.149000 18.389000 18.783001 N
29 2 12.832000 18.736000 18.697001 C
30 2 12.036000 17.719999 18.552999 N
31 2 12.863000 16.620001 18.473000 C
32 2 12.595000 15.232000 18.312000 C
33 2 11.450000 14.742000 18.247999 O
34 2 13.698000 14.440000 18.382000 N
35 2 14.953000 14.947000 18.525999 C
36 2 16.002001 14.115000 18.514999 N
37 2 15.246000 16.225000 18.681000 N
38 2 14.175000 17.004000 18.638000 C
39 3 18.346001 21.870001 17.194000 P
40 3 18.992001 22.645000 18.268999 O
41 3 17.382000 22.191000 16.108000 O
42 3 19.472000 20.871000 16.632000 O
43 3 20.231001 20.076000 17.584000 C
44 3 20.440001 18.726999 16.926001 C
45 3 19.299999 17.934999 17.098000 O
46 3 20.707001 18.792000 15.429000 C
47 3 21.959999 18.208000 15.129000 O
48 3 19.562000 18.052999 14.776000 C
49 3 18.987000 17.224001 15.905000 C
50 3 17.537001 17.131001 15.701000 N
51 3 16.617001 18.155001 15.733000 C
52 3 15.385000 17.763000 15.503000 N
53 3 15.520000 16.382999 15.316000 C
54 3 14.555000 15.390000 15.017000 C
55 3 13.258000 15.605000 14.904000 N
56 3 15.072000 14.129000 14.926000 N
57 3 16.393999 13.850000 15.054000 C
58 3 17.354000 14.744000 15.300000 N
59 3 16.832001 15.994000 15.423000 C
60 4 22.594999 18.222000 13.631000 P
61 4 24.004999 18.417000 14.011000 O
62 4 21.716999 19.142000 12.887000 O
63 4 22.306999 16.757999 13.107000 O
64 4 22.465000 15.551000 13.866000 C
65 4 22.002001 14.414000 12.973000 C
66 4 20.603001 14.287000 13.080000 O
67 4 22.309999 14.513000 11.475000 C
68 4 22.908001 13.286000 11.085000 O
69 4 20.975000 14.733000 10.790000 C
70 4 20.021999 14.129000 11.780000 C
71 4 18.739000 14.860000 11.801000 N
72 4 17.624001 14.028000 11.796000 C
73 4 17.757000 12.801000 11.748000 O
74 4 16.426001 14.626000 11.844000 N
75 4 16.250999 15.966000 11.908000 C
76 4 15.072000 16.417000 11.946000 O
77 4 17.413000 16.806000 11.962000 C
78 4 17.260000 18.290001 12.048000 C
79 4 18.617001 16.200001 11.898000 C
80 5 23.733999 12.993000 9.742000 P
81 5 24.535000 11.782000 10.138000 O
82 5 24.365999 14.251000 9.389000 O
83 5 22.606001 12.474000 8.763000 O
84 5 22.216999 11.074000 8.768000 C
85 5 20.990000 11.049000 7.885000 C
86 5 20.025000 11.921000 8.522000 O
87 5 21.139000 11.568000 6.473000 C
88 5 20.454000 10.753000 5.526000 O
89 5 20.459000 12.950000 6.527000 C
90 5 19.322001 12.598000 7.527000 C
91 5 18.608999 13.822000 7.880000 N
92 5 17.235001 13.689000 8.094000 C
93 5 16.730000 12.572000 8.030000 O
94 5 16.527000 14.804000 8.340000 N
95 5 17.091000 16.031000 8.394000 C
96 5 16.306999 17.100000 8.618000 N
97 5 18.479000 16.177000 8.180000 C
98 5 19.181000 15.077000 7.912000 C
99 6 21.148001 9.574000 4.724000 P
100 6 21.761999 8.620000 5.697000 O
101 6 21.940001 10.462000 3.825000 O
102 6 20.025000 8.838000 3.868000 O
103 6 18.874001 8.265000 4.515000 C
104 6 17.976999 7.721000 3.435000 C
105 6 17.117001 8.713000 2.958000 O
106 6 18.634001 7.193000 2.167000 C
107 6 17.861000 6.076000 1.717000 O
108 6 18.608999 8.375000 1.209000 C
109 6 17.294001 9.004000 1.557000 C
110 6 17.323000 10.471000 1.482000 N
111 6 18.424999 11.280000 1.519000 C
112 6 18.149000 12.550000 1.541000 N
113 6 16.747000 12.586000 1.541000 C
114 6 15.864000 13.687000 1.509000 C
115 6 16.183001 14.868000 1.546000 O
116 6 14.541000 13.340000 1.525000 N
117 6 14.141000 12.048000 1.530000 C
118 6 12.843000 11.805000 1.509000 N
119 6 14.936000 10.970000 1.519000 N
120 6 16.239000 11.331000 1.514000 C
