2635
1 1 19.417 30.346 31.974 N
2 1 20.836 30.450 32.135 C
3 1 21.323 31.688 32.833 C
4 1 20.720 32.758 32.821 O
5 1 21.614 30.236 30.847 C
6 1 22.952 29.658 31.203 C
7 1 23.469 28.287 30.119 S
8 1 21.887 27.616 29.524 C
9 2 22.482 31.490 33.412 N
10 2 23.160 32.494 34.122 C
11 2 24.579 32.025 34.295 C
12 2 24.964 30.967 33.792 O
13 2 22.483 32.707 35.481 C
14 2 22.323 31.390 36.224 C
15 2 23.289 30.745 36.678 O
16 2 21.091 30.965 36.340 N
17 3 25.328 32.799 35.051 N
18 3 26.757 32.579 35.296 C
19 3 27.089 31.231 35.897 C
20 3 28.074 30.541 35.532 O
21 3 27.418 33.797 35.991 C
22 3 28.949 33.802 35.966 C
23 3 26.966 33.962 37.453 C
24 3 29.609 33.177 34.746 C
25 4 26.262 30.824 36.822 N
26 4 26.522 29.568 37.446 C
27 4 26.349 28.424 36.487 C
28 4 27.224 27.568 36.345 O
29 4 25.642 29.381 38.670 C
30 4 26.124 30.233 39.817 C
31 4 27.132 29.774 40.659 C
32 4 25.553 31.479 40.087 C
33 4 27.594 30.535 41.732 C
34 4 26.028 32.273 41.131 C
35 4 27.035 31.792 41.965 C
36 5 25.185 28.390 35.861 N
37 5 24.931 27.330 34.929 C
38 5 25.899 27.380 33.778 C
39 5 26.238 26.378 33.219 O
40 5 23.510 27.339 34.400 C
41 5 22.520 26.815 35.458 C
42 5 21.465 27.828 35.757 
43 5 20.778 28.342 34.890 
44 5 21.368 28.123 37.031 
45 6 26.310 28.551 33.403 N
46 6 27.246 28.645 32.310 C
47 6 28.614 28.086 32.703 C
48 6 29.217 27.321 31.967 O
49 6 27.346 30.130 31.936 C
50 6 28.376 30.436 30.850 C
51 6 28.973 32.133 30.911 S
52 6 29.701 32.276 29.276 C
53 7 29.119 28.447 33.876 N
54 7 30.397 27.943 34.257 C
55 7 30.356 26.490 34.547 C
56 7 31.369 25.840 34.417 O
57 7 30.983 28.641 35.486 C
58 7 31.734 29.865 35.071 C
59 7 31.765 30.869 36.220 C
60 7 33.155 29.502 34.684 C
61 8 29.226 25.991 34.995 N
62 8 29.166 24.581 35.310 C
63 8 29.306 23.819 34.007 C
64 8 29.879 22.753 33.926 O
65 8 27.918 24.212 36.107 C
66 8 28.177 23.168 37.178 C
67 8 26.934 22.767 37.984 C
68 8 26.259 23.917 38.588 N
69 8 26.049 24.122 39.892 
70 8 26.448 23.270 40.865 N
71 8 25.411 25.256 40.230 N
72 9 28.835 24.400 32.943 N
73 9 29.014 23.723 31.679 C
74 9 30.475 23.807 31.243 C
75 9 31.098 22.802 30.908 O
76 9 28.079 24.232 30.601 C
77 9 26.660 23.739 30.843 C
78 9 28.581 23.823 29.219 C
79 9 25.623 24.582 30.089 C
80 10 31.062 25.006 31.271 N
81 10 32.440 25.145 30.874 C
82 10 33.478 24.404 31.707 C
83 10 34.507 23.993 31.209 O
84 10 32.824 26.615 30.665 C
85 10 32.077 27.166 29.479 C
86 10 31.662 26.479 28.597 O
87 10 31.904 28.452 29.508 O
88 11 33.218 24.245 33.006 N
89 11 34.149 23.616 33.900 C
90 11 33.890 22.160 34.227 C
91 11 34.800 21.455 34.643 O
92 11 34.203 24.369 35.242 C
93 11 34.623 25.816 35.052 C
94 11 36.078 25.992 34.758 C
95 11 36.758 24.871 34.757 O
96 11 36.590 27.087 34.488 O
97 12 32.641 21.726 34.104 N
98 12 32.283 20.373 34.472 C
99 12 32.255 20.252 35.996 C
100 12 32.646 21.151 36.715 O
101 13 31.752 19.141 36.478 N
102 13 31.691 18.881 37.903 C
103 13 32.460 17.614 38.177 C
104 13 32.058 16.543 37.735 O
105 13 30.248 18.835 38.463 C
106 13 30.098 18.471 39.972 C
107 13 30.924 19.328 40.856 C
108 13 28.640 18.489 40.398 C
109 14 33.591 17.768 38.863 N
110 14 34.450 16.657 39.215 C
111 14 34.651 16.537 40.705 C
112 14 35.260 17.378 41.341 O
113 14 35.750 16.690 38.443 C
114 14 35.501 16.062 37.069 C
115 14 36.710 16.187 36.149 C
116 14 36.724 17.506 35.551 N
117 14 37.648 17.980 34.726 C
118 14 38.706 17.271 34.344 N
119 14 37.484 19.229 34.284 N
120 15 34.095 15.470 41.258 N
121 15 34.176 15.314 42.687 C
122 15 35.499 14.849 43.236 C
123 15 35.645 14.795 44.449 O
124 15 32.987 14.580 43.307 C
125 15 31.613 15.118 42.926 C
126 15 30.537 14.160 43.428 C
127 15 31.376 16.507 43.524 C
128 16 36.443 14.515 42.352 N
129 16 37.751 14.033 42.757 C
130 16 38.829 14.863 42.159 C
131 16 38.689 15.402 41.072 O
132 16 37.961 12.619 42.277 C
133 16 37.734 11.553 43.327 C
134 16 36.976 10.340 42.813 
135 16 35.749 9.980 43.656 
136 16 34.659 9.360 42.897 N
137 17 39.923 14.910 42.858 N
138 17 41.037 15.699 42.403 C
139 17 41.418 15.421 40.966 C
140 17 41.460 14.280 40.545 O
141 17 42.179 15.564 43.365 C
142 17 41.691 15.942 44.755 C
143 17 43.374 16.429 42.953 C
144 17 42.815 16.011 45.782 C
145 18 41.595 16.481 40.191 N
146 18 41.908 16.300 38.798 C
147 18 42.932 17.304 38.338 C
148 18 43.305 18.191 39.092 O
149 18 40.599 16.360 37.933 C
150 18 39.828 17.675 37.934 C
151 18 40.111 18.643 36.967 C
152 18 38.798 17.926 38.848 C
153 18 39.408 19.848 36.930 C
154 18 38.087 19.128 38.836 C
155 18 38.399 20.081 37.864 C
156 18 37.709 21.258 37.814 O
157 19 43.393 17.191 37.088 N
158 19 44.329 18.173 36.587 C
159 19 43.701 19.088 35.549 C
160 19 43.026 18.649 34.634 O
161 19 45.668 17.621 36.115 C
162 19 46.421 16.907 37.193 C
163 19 47.905 17.190 37.128 C
164 19 48.744 15.958 36.792 C
165 19 49.884 16.241 35.927 N
166 20 43.943 20.372 35.703 N
167 20 43.356 21.321 34.802 C
168 20 43.996 21.394 33.431 C
169 20 44.984 20.706 33.164 O
170 20 43.227 22.687 35.480 C
171 20 44.498 23.485 35.593 C
172 20 45.577 22.877 35.157 O
173 20 44.506 24.612 36.043 O
174 21 43.388 22.238 32.596 
175 21 43.860 22.465 31.260 C
176 21 45.391 22.651 31.249 C
177 21 46.068 22.092 30.388 O
178 21 43.045 23.540 30.514 
179 21 42.589 24.551 31.422 
180 21 41.845 22.870 29.863 C
181 22 45.921 23.343 32.308 
182 22 47.354 23.667 32.554 C
183 22 48.220 22.646 33.333 C
184 22 49.414 22.867 33.528 O
185 22 47.576 25.081 33.167 C
186 22 46.448 26.104 32.922 C
187 22 46.548 26.786 31.587 
188 22 47.763 27.172 31.309 
189 22 45.596 26.952 30.858 
190 23 47.638 21.548 33.804 N
191 23 48.413 20.556 34.549 C
192 23 48.309 20.723 36.077 C
193 23 49.008 20.011 36.810 O
194 24 47.432 21.643 36.568 N
195 24 47.240 21.936 38.018 C
196 24 46.115 21.213 38.737 C
197 24 44.987 21.125 38.249 O
198 24 47.027 23.435 38.323 C
199 24 48.082 24.331 37.750 C
200 24 49.425 24.021 37.941 C
201 24 47.766 25.503 37.062 C
202 24 50.426 24.830 37.403 C
203 24 48.751 26.334 36.530 C
204 24 50.092 25.990 36.706 
205 24 51.086 26.785 36.204 O
206 25 46.419 20.742 39.966 N
207 25 45.424 20.099 40.796 C
208 25 44.265 21.023 41.139 C
209 25 44.429 22.075 41.750 O
210 25 46.013 19.526 42.078 C
211 25 47.005 18.483 41.738 C
212 25 46.594 17.174 41.489 C
213 25 48.352 18.829 41.620 C
214 25 47.534 16.209 41.139 C
215 25 49.304 17.866 41.289 C
216 25 48.890 16.552 41.062 C
217 25 49.802 15.593 40.736 O
218 26 43.083 20.580 40.735 N
219 26 41.823 21.273 40.887 C
220 26 40.816 20.258 41.299 C
221 26 41.057 19.053 41.192 O
222 26 41.438 21.774 39.491 C
223 26 42.500 22.571 39.016 O
224 26 40.083 22.493 39.404 C
225 27 39.684 20.753 41.753 N
226 27 38.623 19.883 42.129 C
227 27 37.337 20.633 41.947 C
228 27 37.330 21.851 41.820 O
229 27 38.808 19.286 43.523 C
230 27 37.893 18.090 43.797 C
231 27 38.614 20.404 44.548 C
232 27 38.335 17.210 44.992 C
233 28 36.278 19.842 41.898 N
234 28 34.923 20.299 41.709 C
235 28 34.713 21.017 40.398 C
236 28 34.997 20.497 39.306 O
237 29 34.194 22.240 40.569 N
238 29 33.875 23.144 39.484 C
239 29 34.971 24.115 39.168 C
240 29 34.817 25.322 39.244 O
241 29 32.469 23.743 39.517 C
242 29 31.510 22.576 39.674 C
243 29 32.205 24.354 38.112 C
244 29 30.212 22.820 40.429 C
245 30 36.120 23.579 38.828 N
246 30 37.212 24.466 38.513 C
247 30 37.876 25.046 39.739 C
248 30 38.537 26.080 39.654 O
249 31 37.766 24.388 40.887 N
250 31 38.441 24.961 42.035 C
251 31 39.925 24.569 42.127 C
252 31 40.259 23.462 42.553 O
253 31 37.677 24.698 43.343 C
254 31 38.400 25.267 44.515 C
255 31 38.123 26.535 44.970 N
256 31 39.398 24.740 45.283 C
257 31 38.917 26.751 46.020 C
258 31 39.696 25.696 46.220 N
259 32 40.826 25.463 41.736 N
260 32 42.258 25.162 41.807 C
261 32 42.674 24.938 43.233 C
262 32 42.481 25.812 44.064 O
263 32 43.157 26.271 41.286 C
264 32 44.635 25.892 41.351 C
265 32 45.110 25.361 40.000 C
266 32 45.476 27.101 41.774 C
267 33 43.304 23.809 43.503 N
268 33 43.764 23.578 44.834 C
269 33 45.198 24.011 45.038 C
270 33 45.569 24.523 46.111 O
271 33 43.641 22.116 45.165 C
272 33 42.197 21.761 45.159 C
273 33 42.163 20.254 45.019 C
274 33 41.599 22.206 46.489 C
275 34 46.024 23.792 44.013 N
276 34 47.423 24.165 44.127 C
277 34 48.243 23.988 42.864 C
278 34 48.159 22.973 42.159 O
279 34 48.136 23.475 45.322 C
280 34 49.509 23.279 45.053 O
281 34 47.485 22.134 45.645 C
282 35 49.085 24.987 42.643 N
283 35 50.005 24.973 41.547 C
284 35 51.177 24.018 41.840 
285 35 52.039 23.867 40.991 O
286 35 50.514 26.363 41.213 C
287 35 49.435 27.291 40.668 C
288 35 49.742 27.734 39.244 
289 35 49.165 29.091 38.853 C
290 35 49.965 29.756 37.801 N
291 36 51.234 23.357 43.029 N
292 36 52.339 22.409 43.297 C
293 36 52.128 21.051 42.615 
294 36 50.981 20.638 42.398 O
295 36 52.877 22.337 44.746 C
296 36 52.225 21.328 45.512 O
297 37 53.234 20.368 42.242 N
298 37 53.117 19.076 41.571 C
299 37 52.797 17.934 42.512 C
300 37 52.724 16.764 42.100 O
301 37 54.437 18.789 40.861 C
302 37 55.344 19.996 41.074 C
303 37 54.567 20.985 41.938 
304 38 52.489 18.235 43.751 N
305 38 52.222 17.128 44.613 C
306 38 50.770 16.843 44.916 C
307 38 50.055 17.671 45.478 O
308 38 53.009 17.209 45.918 C
309 38 52.263 16.522 46.940 O
310 39 50.340 15.615 44.643 N
311 39 48.975 15.282 44.991 C
312 39 48.732 15.428 46.504 C
313 39 47.612 15.708 46.931 O
314 39 48.457 13.928 44.440 C
315 39 46.987 13.649 44.813 
316 39 46.030 14.265 43.800 C
317 39 46.718 12.148 44.949 C
318 40 49.786 15.237 47.314 N
319 40 49.714 15.358 48.772 C
320 40 49.546 16.799 49.185 C
321 40 48.856 17.129 50.157 O
322 40 50.989 14.818 49.414 C
323 40 50.931 13.347 49.740 
324 40 49.887 12.813 50.162 O
325 40 52.069 12.679 49.573 N
326 41 50.256 17.619 48.416 N
327 41 50.245 19.045 48.529 C
328 41 48.772 19.469 48.323 
329 41 48.161 20.070 49.214 O
330 41 51.228 19.606 47.492 C
331 42 48.179 19.023 47.186 N
332 42 46.785 19.236 46.801 C
333 42 45.807 18.768 47.865 C
334 42 44.867 19.481 48.220 O
335 42 46.464 18.438 45.524 C
336 43 45.985 17.547 48.368 N
337 43 45.034 17.038 49.353 C
338 43 45.031 17.817 50.637 C
339 43 44.033 17.873 51.365 O
340 43 45.250 15.590 49.740 C
341 43 45.652 14.663 48.609 C
342 43 44.958 13.313 48.794 C
343 43 45.110 12.392 47.599 
344 43 44.965 10.976 47.969 N
345 44 46.197 18.351 50.914 N
346 44 46.436 19.111 52.105 C
347 44 45.609 20.377 52.071 C
348 44 44.848 20.659 52.979 O
349 44 47.919 19.420 52.215 C
350 44 48.215 20.005 53.462 O
351 45 45.763 21.096 50.967 N
352 45 45.064 22.345 50.703 C
353 45 43.572 22.175 50.769 C
354 45 42.833 23.040 51.248 O
355 45 45.402 22.818 49.294 C
356 45 46.790 23.469 49.246 C
357 45 46.806 24.654 50.156 
358 45 45.785 25.236 50.502 
359 45 48.008 24.972 50.545 O
360 46 43.136 21.065 50.238 N
361 46 41.739 20.775 50.201 C
362 46 41.208 20.586 51.595 C
363 46 40.148 21.120 51.949 O
364 46 41.490 19.522 49.330 C
365 46 40.074 18.954 49.409 C
366 46 39.050 19.983 48.942 C
367 46 39.980 17.681 48.568 C
368 47 41.956 19.792 52.377 N
369 47 41.523 19.499 53.710 C
370 47 41.432 20.725 54.592 C
371 47 40.623 20.768 55.513 O
372 47 42.248 18.286 54.343 C
373 47 42.033 17.004 53.569 C
374 47 41.049 16.809 52.865 O
375 47 42.970 16.102 53.742 O
376 48 42.238 21.741 54.230 N
377 48 42.362 23.035 54.921 C
378 48 41.480 24.221 54.437 
379 48 41.513 25.306 55.028 O
380 48 43.830 23.425 55.030 C
381 48 44.298 24.223 53.828 C
382 48 45.723 24.730 53.970 
383 48 46.161 24.871 55.414 C
384 48 47.174 23.876 55.818 
385 48A 40.677 24.062 53.367 N
386 48A 39.826 25.154 52.931 C
387 48A 38.667 25.228 53.898 C
388 48A 38.059 24.214 54.206 O
389 48A 39.283 24.973 51.492 C
390 48A 38.378 26.082 51.058 C
391 48A 37.164 26.325 51.688 N
392 48A 38.531 27.009 50.074 C
393 48A 36.616 27.369 51.085 C
394 48A 37.416 27.800 50.108 N
395 48B 38.397 26.406 54.390 N
396 48B 37.310 26.602 55.310 C
397 48B 35.983 25.968 54.861 C
398 48B 35.225 25.498 55.686 O
399 48B 37.145 28.117 55.413 C
400 48B 37.992 28.755 54.327 
401 48B 38.919 27.669 53.817 C
402 49 35.662 25.960 53.575 N
403 49 34.381 25.380 53.218 C
404 49 34.324 23.889 53.485 C
405 49 33.243 23.319 53.584 O
406 49 34.025 25.666 51.786 C
407 50 35.499 23.273 53.542 N
408 50 35.628 21.843 53.752 C
409 50 36.112 21.527 55.183 C
410 50 35.360 20.989 55.991 O
411 50 36.484 21.179 52.657 C
412 50 35.968 21.482 51.235 C
413 50 36.595 19.684 52.895 C
414 50 34.629 20.792 50.899 C
415 51 37.375 21.914 55.475 N
416 51 38.036 21.731 56.747 C
417 51 37.796 20.366 57.368 C
418 51 37.444 20.247 58.529 O
419 52 37.980 19.317 56.567 N
420 52 37.799 17.947 57.012 C
421 52 38.787 17.098 56.255 C
422 52 39.606 17.635 55.500 O
423 52 36.371 17.448 56.785 C
424 52 36.075 16.666 55.473 C
425 52 34.580 16.315 55.374 C
426 52 34.019 15.903 54.068 N
427 52 34.672 15.262 53.114 C
428 52 35.939 14.955 53.267 N
429 52 34.039 14.917 51.982 N
430 53 38.681 15.791 56.450 N
431 53 39.553 14.873 55.740 C
432 53 38.858 14.093 54.657 
433 53 38.259 13.039 54.886 O
434 53 40.561 14.083 56.571 
435 53 41.933 14.674 56.377 
436 53 42.209 15.799 56.841 O
437 53 42.776 13.985 55.599 
438 54 38.977 14.675 53.479 N
439 54 38.396 14.240 52.225 C
440 54 39.144 13.129 51.512 C
441 54 38.523 12.209 50.983 O
442 54 38.355 15.450 51.282 C
443 54 39.677 15.706 50.878 O
444 54 37.816 16.669 52.018 C
445 55 40.471 13.250 51.473 N
446 55 41.335 12.310 50.760 
447 55 41.089 12.422 49.261 C
448 55 40.955 11.422 48.567 O
449 55 41.202 10.834 51.205 
450 55 42.492 10.054 50.969 
451 55 43.542 10.636 50.637 
452 55 42.420 8.742 51.180 N
453 56 40.994 13.643 48.767 N
454 56 40.746 13.861 47.354 C
455 56 39.273 13.621 46.951 C
456 56 38.961 13.474 45.769 O
457 57 38.353 13.613 47.896 N
458 57 36.985 13.423 47.483 C
459 57 36.035 14.286 48.289 C
460 57 36.102 14.314 49.509 O
461 57 36.598 11.945 47.456 C
462 57 35.197 11.809 46.881 C
463 57 37.587 11.183 46.569 C
464 58 35.178 15.017 47.562 N
465 58 34.185 15.916 48.119 C
466 58 32.765 15.596 47.663 C
467 58 32.526 14.895 46.680 O
468 58 34.523 17.371 47.824 C
469 58 34.480 17.634 46.305 C
470 58 35.903 17.653 48.368 C
471 58 34.522 19.119 45.977 C
472 59 31.809 16.112 48.410 N
473 59 30.417 15.922 48.104 C
474 59 30.014 16.920 47.057 C
475 59 30.774 17.801 46.714 O
476 59 29.576 16.163 49.355 C
477 59 29.636 17.532 49.766 O
478 59 30.122 15.262 50.455 C
479 60 28.798 16.791 46.598 N
480 60 28.297 17.721 45.622 C
481 60 27.968 19.077 46.292 C
482 60 27.964 20.118 45.661 O
483 60 27.116 17.086 44.914 C
484 60 26.760 17.678 43.552 C
485 60 25.326 18.176 43.507 C
486 60 24.759 18.344 42.099 
487 60 24.012 17.161 41.634 
488 61 27.804 19.076 47.611 N
489 61 27.483 20.309 48.299 C
490 61 28.677 21.218 48.490 C
491 61 28.580 22.424 48.283 O
492 61 26.905 19.973 49.658 C
493 61 25.406 20.001 49.696 C
494 61 24.826 19.730 48.553 O
495 61 24.795 20.241 50.716 O
496 62 29.776 20.605 48.893 N
497 62 31.055 21.261 49.112 C
498 62 31.610 21.870 47.847 C
499 62 32.323 22.859 47.843 O
500 62 32.039 20.177 49.520 C
501 62 31.573 19.537 50.813 C
502 62 32.582 18.583 51.368 C
503 62 33.150 17.753 50.694 O
504 62 32.731 18.710 52.661 O
505 63 31.289 21.195 46.758 N
506 63 31.676 21.603 45.447 C
507 63 30.992 22.929 45.150 C
508 63 31.626 23.949 44.891 O
509 63 31.169 20.536 44.474 C
510 64 29.670 22.905 45.253 N
511 64 28.909 24.104 44.996 C
512 64 29.213 25.218 45.917 C
513 64 29.019 26.380 45.597 O
514 64 27.427 23.878 45.040 C
515 64 26.903 23.601 43.626 C
516 64 26.041 22.432 43.776 
517 64 25.796 21.942 44.857 O
518 64 25.576 22.003 42.648 
519 65 29.691 24.854 47.088 N
520 65 30.028 25.835 48.093 C
521 65 31.327 26.514 47.777 C
522 65 31.507 27.730 47.971 O
523 65 29.986 25.230 49.484 C
524 65 31.041 25.845 50.372 C
525 65 30.672 25.826 51.850 
526 65 29.950 27.091 52.320 
527 65 30.706 27.865 53.303 
528 66 32.235 25.758 47.195 N
529 66 33.460 26.384 46.763 C
530 66 33.179 27.205 45.508 C
531 66 33.728 28.285 45.324 O
532 66 34.506 25.362 46.421 C
533 66 34.942 24.545 47.602 C
534 66 35.606 23.355 46.979 C
535 66 35.997 25.323 48.349 C
536 67 32.318 26.663 44.655 N
537 67 31.887 27.298 43.411 C
538 67 31.298 28.663 43.695 C
539 67 31.633 29.660 43.068 O
540 67 30.814 26.436 42.737 C
541 67 30.458 26.881 41.355 C
542 67 31.412 27.517 40.553 C
543 67 29.192 26.640 40.826 C
544 67 31.113 27.949 39.260 C
545 67 28.886 27.055 39.527 C
546 67 29.852 27.684 38.739 C
547 68 30.400 28.702 44.652 N
548 68 29.826 29.974 44.988 C
549 68 30.872 30.985 45.391 C
550 68 30.840 32.132 44.986 O
551 68 28.852 29.797 46.147 C
552 68 27.808 30.852 46.209 C
553 68 27.961 31.876 46.861 O
554 68 26.670 30.484 45.740 N
555 69 31.805 30.556 46.226 N
556 69 32.847 31.464 46.648 C
557 69 33.729 31.989 45.508 C
558 69 34.191 33.130 45.546 O
559 69 33.832 30.764 47.602 C
560 69 33.191 29.860 48.666 C
561 69 33.971 29.885 49.971 
562 69 35.174 30.222 49.989 O
563 69 33.286 29.563 51.068 N
564 70 34.057 31.089 44.561 N
565 70 34.975 31.340 43.437 C
566 70 34.436 32.391 42.474 C
567 70 35.157 33.278 41.970 O
568 70 35.371 29.988 42.747 C
569 70 36.288 29.145 43.609 C
570 70 36.898 29.598 44.581 O
571 70 36.335 27.880 43.276 O
572 71 33.120 32.256 42.241 N
573 71 32.320 33.162 41.412 C
574 71 32.332 34.556 42.060 C
575 71 32.657 35.571 41.443 O
576 71 30.899 32.630 41.164 C
577 71 30.045 33.727 40.500 C
578 71 30.988 31.412 40.202 C
579 72 32.022 34.603 43.346 N
580 72 32.063 35.862 44.069 C
581 72 33.450 36.519 44.006 C
582 72 33.623 37.746 43.777 O
583 72 31.626 35.571 45.510 C
584 72 31.704 36.785 46.373 C
585 72 30.746 37.667 46.156 O
586 72 32.628 36.947 47.122 O
587 73 34.472 35.668 44.177 N
588 73 35.856 36.085 44.085 C
589 73 36.089 36.677 42.693 C
590 73 36.663 37.756 42.566 O
591 73 36.829 34.941 44.391 C
592 74 35.589 36.002 41.633 N
593 74 35.727 36.543 40.282 C
594 74 35.109 37.949 40.172 C
595 74 35.752 38.915 39.757 O
596 74 35.152 35.598 39.216 C
597 75 33.837 38.073 40.581 N
598 75 33.140 39.350 40.536 C
599 75 33.939 40.408 41.330 C
600 75 34.076 41.566 40.960 O
601 75 31.685 39.193 41.025 C
602 75 30.939 40.512 40.972 C
603 75 30.923 38.093 40.231 C
604 76 34.524 39.983 42.430 N
605 76 35.291 40.951 43.174 C
606 76 36.474 41.438 42.404 C
607 76 36.796 42.621 42.463 O
608 76 35.817 40.420 44.487 C
609 76 34.701 40.225 45.485 C
610 76 35.201 39.695 46.824 C
611 76 34.128 39.089 47.602 N
612 76 34.015 39.193 48.923 
613 76 34.898 39.876 49.653 
614 76 32.987 38.602 49.551 N
615 77 37.161 40.501 41.759 N
616 77 38.351 40.837 41.012 C
617 77 38.006 41.845 39.936 C
618 77 38.716 42.808 39.661 O
619 78 36.868 41.634 39.335 N
620 78 36.451 42.551 38.306 C
621 78 36.184 43.964 38.844 C
622 78 36.622 44.969 38.252 O
623 78 35.187 42.026 37.653 C
624 78 35.469 40.863 36.711 C
625 78 34.407 43.155 36.956 C
626 78 34.203 40.084 36.314 C
627 79 35.429 44.025 39.944 N
628 79 35.024 45.283 40.555 C
629 79 36.188 46.006 41.136 C
630 79 36.162 47.216 41.317 O
631 79 33.963 45.079 41.624 C
632 79 32.702 44.515 41.028 C
633 79 31.898 43.893 42.143 C
634 79 31.908 45.665 40.415 C
635 80 37.209 45.248 41.424 N
636 80 38.369 45.851 41.989 C
637 80 39.435 46.153 40.925 C
638 80 40.472 46.757 41.199 O
639 80 38.790 45.106 43.272 C
640 80 40.287 44.923 43.460 C
641 80 40.803 43.510 43.170 C
642 80 42.265 43.593 43.053 
643 80 43.077 43.588 44.115 
644 80 42.532 43.477 45.323 
645 80 44.403 43.625 44.016 
646 81 39.172 45.792 39.682 N
647 81 40.149 46.086 38.663 C
648 81 39.762 47.308 37.853 C
649 81 38.645 47.418 37.332 O
650 81 40.394 44.875 37.774 C
651 81 41.677 44.975 36.964 C
652 81 41.804 45.832 36.089 O
653 81 42.608 44.092 37.262 N
654 82 40.710 48.219 37.714 N
655 82 40.489 49.463 37.004 C
656 82 40.246 49.345 35.517 C
657 82 39.620 50.196 34.909 O
658 82 41.643 50.428 37.273 C
659 83 40.775 48.319 34.912 N
660 83 40.587 48.195 33.495 C
661 83 39.306 47.462 33.180 C
662 83 38.641 47.735 32.189 O
663 83 41.782 47.529 32.822 C
664 83 43.029 48.440 32.646 C
665 83 44.378 47.720 32.758 
666 83 45.428 48.404 33.645 
667 83 46.828 48.053 33.350 N
668 84 38.957 46.553 34.095 N
669 84 37.798 45.699 33.988 C
670 84 36.461 46.322 34.376 C
671 84 35.437 46.128 33.713 O
672 84 38.049 44.421 34.813 C
673 84 39.201 43.578 34.261 C
674 84 39.465 42.365 35.160 C
675 84 38.856 43.115 32.844 C
676 85 36.464 47.057 35.473 N
677 85 35.254 47.663 35.986 C
678 85 34.411 48.477 34.982 C
679 85 33.186 48.271 34.798 O
680 85 35.510 48.368 37.312 C
681 85 34.188 48.466 38.026 C
682 85 34.257 49.174 39.370 C
683 85 32.866 49.517 39.879 
684 85 32.192 50.518 39.050 N
685 86 35.114 49.392 34.298 N
686 86 34.514 50.219 33.304 C
687 86 33.818 49.353 32.294 C
688 86 32.696 49.662 31.896 O
689 86 35.662 50.985 32.574 C
690 86 36.947 50.636 33.288 C
691 86 36.587 49.618 34.395 C
692 87 34.492 48.267 31.913 N
693 87 33.934 47.304 30.962 C
694 87 32.664 46.630 31.486 C
695 87 31.635 46.508 30.811 O
696 87 34.960 46.252 30.555 C
697 87 34.334 45.335 29.507 C
698 87 36.208 46.910 30.001 C
699 88 32.728 46.189 32.726 N
700 88 31.618 45.513 33.295 C
701 88 30.402 46.401 33.401 C
702 88 29.296 46.000 33.051 O
703 88 32.049 45.036 34.681 C
704 88 31.074 44.178 35.455 C
705 88 30.934 42.827 35.140 C
706 88 30.384 44.654 36.570 C
707 88 30.093 41.982 35.862 C
708 88 29.539 43.824 37.311 C
709 88 29.399 42.477 36.967 C
710 88 28.558 41.665 37.684 O
711 89 30.624 47.591 33.885 N
712 89 29.538 48.511 34.080 C
713 89 28.726 48.754 32.813 C
714 89 27.504 48.951 32.837 O
715 89 30.107 49.826 34.639 C
716 89 30.664 49.759 36.034 C
717 89 30.101 48.831 36.794 O
718 89 31.497 50.539 36.443 O
719 90 29.451 48.717 31.711 N
720 90 28.920 48.972 30.385 C
721 90 28.224 47.811 29.654 C
722 90 27.570 48.058 28.662 O
723 90 30.016 49.445 29.471 C
724 90 30.363 48.323 28.686 O
725 91 28.379 46.544 30.098 N
726 91 27.758 45.382 29.446 C
727 91 26.422 45.037 30.053 C
728 91 26.176 45.338 31.221 O
729 91 28.627 44.118 29.705 C
730 91 30.002 44.128 29.078 C
731 91 30.890 43.083 29.755 C
732 91 29.905 43.805 27.570 C
733 92 25.592 44.317 29.310 N
734 92 24.295 43.890 29.808 C
735 92 24.442 42.606 30.607 C
736 92 25.532 42.028 30.681 O
737 92 23.401 43.616 28.635 C
738 92 24.118 42.598 27.803 C
739 92 24.112 41.409 28.044 O
740 92 24.817 43.154 26.878 O
741 93 23.360 42.192 31.234 N
742 93 23.333 41.014 32.082 C
743 93 23.921 39.728 31.478 C
744 93 24.520 38.965 32.204 O
745 93 21.934 40.822 32.626 C
746 94 23.716 39.454 30.166 N
747 94 24.275 38.248 29.558 C
748 94 25.768 38.394 29.309 C
749 94 26.531 37.526 29.679 O
750 94 23.538 37.860 28.297 C
751 94 24.202 36.650 27.598 C
752 94 22.100 37.516 28.734 C
753 95 26.175 39.528 28.695 N
754 95 27.565 39.758 28.449 C
755 95 28.368 39.853 29.714 C
756 95 29.538 39.564 29.694 O
757 95 27.800 40.971 27.538 C
758 95 27.030 40.846 26.240 C
759 95 27.522 41.816 25.153 C
760 95 27.039 41.478 23.803 N
761 95 25.828 41.788 23.324 C
762 95 24.917 42.435 24.036 N
763 95 25.502 41.426 22.074 N
764 96 27.751 40.285 30.831 N
765 96 28.513 40.322 32.055 C
766 96 28.928 38.940 32.416 C
767 96 30.021 38.774 32.894 O
768 96 27.892 40.940 33.289 C
769 96 27.625 42.411 33.082 C
770 96 26.682 42.925 34.122 C
771 96 26.813 44.355 34.250 N
772 96 26.607 44.936 35.406 C
773 96 26.241 44.230 36.476 N
774 96 26.706 46.250 35.500 N
775 97 28.068 37.966 32.141 N
776 97 28.398 36.573 32.414 C
777 97 29.601 36.136 31.599 C
778 97 30.408 35.346 32.054 O
779 97 27.209 35.620 32.211 C
780 98 29.747 36.672 30.389 N
781 98 30.878 36.284 29.589 C
782 98 32.170 36.794 30.179 C
783 98 33.170 36.086 30.229 O
784 98 30.686 36.586 28.101 C
785 99 32.132 37.996 30.698 N
786 99 33.309 38.577 31.309 C
787 99 33.689 37.858 32.581 C
788 99 34.854 37.548 32.820 O
789 99 33.078 40.077 31.581 C
790 99 34.309 40.823 32.040 C
791 99 35.437 40.691 31.008 C
792 99 33.984 42.305 32.323 C
793 100 32.703 37.551 33.408 N
794 100 33.008 36.808 34.614 C
795 100 33.624 35.476 34.262 C
796 100 34.536 35.048 34.954 O
797 100 31.777 36.621 35.493 C
798 100 31.221 37.993 35.883 C
799 100 32.026 35.752 36.751 C
800 100 29.766 37.947 36.286 C
801 101 33.114 34.795 33.236 N
802 101 33.661 33.493 32.820 C
803 101 35.204 33.569 32.574 C
804 101 35.974 32.782 33.127 O
805 101 32.879 32.913 31.637 C
806 101 33.049 31.420 31.333 C
807 101 34.147 30.858 31.247 O
808 101 31.939 30.791 31.107 N
809 102 35.653 34.557 31.793 N
810 102 37.076 34.797 31.522 C
811 102 37.898 35.053 32.784 C
812 102 39.005 34.576 32.921 O
813 102 37.306 35.953 30.551 C
814 102 36.700 35.698 29.198 C
815 102 37.000 37.095 28.114 S
816 102 38.730 36.747 27.672 C
817 103 37.400 35.838 33.700 N
818 103 38.137 36.115 34.919 C
819 103 38.195 34.866 35.769 C
820 103 39.234 34.533 36.311 O
821 103 37.406 37.196 35.661 C
822 103 37.984 37.460 37.076 C
823 103 37.391 38.431 34.767 C
824 104 37.061 34.169 35.847 N
825 104 37.012 32.908 36.583 C
826 104 38.035 31.953 36.005 C
827 104 38.763 31.268 36.701 O
828 104 35.618 32.213 36.537 C
829 104 35.469 30.935 37.361 C
830 104 35.974 29.699 36.934 C
831 104 34.754 30.972 38.560 C
832 104 35.789 28.552 37.706 C
833 104 34.552 29.836 39.344 C
834 104 35.074 28.616 38.907 C
835 105 38.093 31.885 34.704 N
836 105 39.027 30.974 34.116 C
837 105 40.469 31.389 34.277 C
838 105 41.335 30.594 34.630 O
839 105 38.768 30.887 32.609 C
840 105 39.823 30.081 31.871 C
841 105 39.445 29.902 30.413 C
842 105 38.906 30.818 29.796 O
843 105 39.727 28.715 29.874 N
844 106 40.727 32.640 33.939 N
845 106 42.085 33.118 33.896 C
846 106 42.551 34.176 34.847 C
847 106 43.715 34.567 34.818 O
848 106 42.521 33.423 32.437 C
849 106 41.783 34.484 31.658 C
850 106 41.872 34.232 29.846 S
851 106 40.110 34.335 29.428 C
852 107 41.662 34.633 35.686 N
853 107 42.059 35.629 36.635 C
854 107 41.923 37.003 36.086 C
855 107 41.926 37.220 34.868 O
856 108 41.774 37.895 37.038 N
857 108 41.606 39.304 36.845 C
858 108 42.725 39.948 36.000 C
859 108 42.468 40.700 35.032 O
860 108 41.443 39.933 38.230 C
861 108 42.238 41.261 38.339 C
862 108 42.377 41.777 39.735 
863 108 42.539 40.851 40.645 O
864 108 42.367 42.960 39.969 O
865 109 43.980 39.642 36.385 N
866 109 45.217 40.119 35.753 C
867 109 45.363 39.694 34.287 C
868 109 45.790 40.488 33.423 O
869 109 46.489 39.716 36.546 C
870 109 46.323 40.008 37.925 O
871 109 47.673 40.504 36.020 C
872 110 45.036 38.435 33.989 N
873 110 45.150 37.948 32.639 C
874 110 44.129 38.635 31.694 C
875 110 44.466 39.185 30.645 O
876 111 42.874 38.625 32.115 N
877 111 41.812 39.257 31.346 C
878 111 42.079 40.762 31.167 C
879 111 41.791 41.359 30.126 O
880 111 40.431 38.962 32.013 C
881 111 39.284 39.540 31.176 C
882 111 40.225 37.474 32.238 C
883 112 42.644 41.402 32.198 N
884 112 42.938 42.829 32.100 C
885 112 43.895 43.136 30.964 C
886 112 43.939 44.239 30.426 O
887 112 43.485 43.396 33.443 C
888 113 44.698 42.148 30.573 N
889 113 45.618 42.398 29.508 C
890 113 45.029 42.206 28.116 C
891 113 45.792 42.097 27.171 O
892 114 43.699 42.163 27.972 N
893 114 43.056 41.961 26.652 C
894 114 42.668 43.294 26.059 C
895 114 41.571 43.484 25.571 O
896 114 41.784 41.085 26.723 C
897 114 42.081 39.603 26.656 C
898 114 42.525 38.904 27.777 C
899 114 41.957 38.903 25.456 C
900 114 42.827 37.542 27.709 C
901 114 42.246 37.541 25.360 C
902 114 42.700 36.867 26.494 C
903 115 43.587 44.189 26.177 N
904 115 43.497 45.567 25.765 C
905 115 42.547 45.972 24.668 C
906 115 41.533 46.687 24.907 O
907 115 44.905 46.145 25.664 C
908 115 45.315 46.394 27.003 O
909 115 44.887 47.439 24.902 C
910 116 42.879 45.574 23.462 N
911 116 42.076 45.922 22.325 C
912 116 40.693 45.362 22.379 C
913 116 39.734 46.016 21.994 O
914 116 42.723 45.597 20.976 C
915 116 44.076 46.255 20.836 
916 116 44.385 47.267 21.486 O
917 116 44.913 45.654 20.000 N
918 117 40.584 44.139 22.892 N
919 117 39.287 43.528 23.022 C
920 117 38.426 44.232 24.095 C
921 117 37.242 44.470 23.903 O
922 117 39.417 42.028 23.216 C
923 117 39.966 41.403 22.053 O
924 118 39.002 44.629 25.230 N
925 118 38.232 45.334 26.233 C
926 118 37.729 46.681 25.662 C
927 118 36.591 47.119 25.848 O
928 118 39.106 45.490 27.498 C
929 118 39.360 44.147 28.222 C
930 118 40.542 44.246 29.177 C
931 118 38.138 43.749 29.008 C
932 119 38.574 47.334 24.893 N
933 119 38.161 48.585 24.303 C
934 119 37.014 48.396 23.340 C
935 119 36.046 49.145 23.325 O
936 119 39.346 49.297 23.679 C
937 119 39.060 50.160 22.458 
938 119 40.333 50.903 22.032 C
939 119 41.188 51.188 23.183 N
940 119 42.316 50.534 23.448 
941 119 42.705 49.572 22.622 N
942 119 43.068 50.828 24.519 N
943 120 37.100 47.363 22.521 N
944 120 36.007 47.190 21.617 C
945 120 34.752 46.860 22.364 C
946 120 33.667 47.158 21.898 O
947 120 36.284 46.095 20.580 C
948 120 37.148 46.531 19.411 C
949 120 37.946 45.107 18.595 S
950 120 39.591 45.149 19.355 
951 121 34.904 46.152 23.513 N
952 121 33.745 45.777 24.315 C
953 121 33.142 47.003 24.936 C
954 121 31.939 47.136 25.007 O
955 121 33.939 44.705 25.414 C
956 121 34.283 43.298 24.930 C
957 121 34.830 42.476 26.070 C
958 121 33.090 42.597 24.278 C
959 122 33.979 47.918 25.372 N
960 122 33.439 49.130 25.948 C
961 122 32.719 49.999 24.901 C
962 122 31.769 50.741 25.199 O
963 122 34.561 49.907 26.589 C
964 122 34.081 50.832 27.703 C
965 122 35.298 51.172 28.502 
966 122 36.363 50.563 28.269 O
967 122 35.175 52.131 29.407 N
968 123 33.153 49.929 23.651 N
969 123 32.484 50.743 22.675 C
970 123 31.345 50.049 22.029 C
971 123 30.805 50.565 21.084 O
972 123 33.372 51.316 21.594 C
973 123 34.702 51.783 22.157 C
974 123 35.633 52.117 21.033 C
975 123 35.636 51.427 19.994 O
976 123 36.374 53.205 21.199 N
977 124 31.003 48.884 22.549 N
978 124 29.922 48.101 22.013 C
979 124 30.146 47.552 20.625 C
980 124 29.202 47.332 19.873 O
981 124 28.531 48.652 22.251 C
982 124 28.361 48.993 23.706 C
983 124 26.917 49.189 24.088 C
984 124 26.779 49.393 25.594 C
985 124 26.851 48.122 26.332 N
986 125 31.389 47.270 20.285 N
987 125 31.666 46.717 18.970 C
988 125 31.787 45.183 19.017 C
989 125 32.874 44.625 18.994 O
990 125 32.883 47.395 18.371 C
991 125 32.542 48.795 17.833 C
992 125 33.629 49.800 18.117 C
993 125 34.781 49.609 17.257 N
994 125 35.208 50.537 16.417 
995 125 34.603 51.719 16.330 N
996 125 36.272 50.279 15.654 
997 126 30.631 44.518 19.118 N
998 126 30.534 43.094 19.291 C
999 126 31.268 42.213 18.313 C
1000 126 32.182 41.502 18.685 O
1001 126 29.108 42.622 19.596 C
1002 126 28.294 43.553 20.454 C
1003 126 27.072 44.062 20.158 C
1004 126 28.599 44.032 21.770 C
1005 126 26.601 44.827 21.199 N
1006 126 27.527 44.795 22.211 C
1007 126 29.634 43.790 22.664 C
1008 126 27.516 45.417 23.458 C
1009 126 29.643 44.413 23.882 C
1010 126 28.583 45.187 24.305 C
1011 127 30.884 42.268 17.067 N
1012 127 31.581 41.419 16.128 C
1013 127 33.076 41.689 16.026 C
1014 127 33.839 40.803 15.656 O
1015 127 30.917 41.413 14.742 C
1016 127 29.434 41.564 14.819 C
1017 127 28.833 40.525 15.359 O
1018 127 28.844 42.552 14.427 O
1019 128 33.503 42.925 16.293 N
1020 128 34.914 43.222 16.171 C
1021 128 35.609 42.694 17.379 C
1022 128 36.759 42.269 17.300 O
1023 128 35.287 44.720 15.975 C
1024 128 34.168 45.693 15.541 C
1025 128 34.661 47.123 15.356 
1026 128 35.960 47.233 15.474 
1027 128 33.914 48.076 15.147 O
1028 129 34.891 42.774 18.498 N
1029 129 35.470 42.264 19.710 C
1030 129 35.664 40.786 19.479 C
1031 129 36.715 40.217 19.748 O
1032 129 34.562 42.475 20.894 C
1033 130 34.608 40.180 18.945 N
1034 130 34.617 38.752 18.669 C
1035 130 35.728 38.369 17.726 C
1036 130 36.517 37.478 18.008 O
1037 130 33.260 38.247 18.180 C
1038 131 35.820 39.055 16.607 N
1039 131 36.885 38.740 15.698 C
1040 131 38.228 38.888 16.350 C
1041 131 39.182 38.184 16.131 O
1042 131 36.859 39.671 14.507 C
1043 131 38.227 39.681 13.862 C
1044 131 35.813 39.193 13.532 C
1045 132 38.287 39.839 17.212 N
1046 132 39.541 40.028 17.809 C
1047 132 39.932 38.959 18.860 C
1048 132 41.108 38.558 18.948 O
1049 132 39.530 41.447 18.376 C
1050 132 40.904 41.865 18.763 C
1051 132 41.222 41.923 19.962 O
1052 132 41.739 42.068 17.760 N
1053 133 38.968 38.534 19.684 N
1054 133 39.231 37.547 20.747 C
1055 133 39.611 36.199 20.173 C
1056 133 40.332 35.425 20.757 O
1057 133 38.071 37.374 21.768 C
1058 133 37.732 38.627 22.589 C
1059 133 36.239 38.676 22.923 C
1060 133 38.559 38.605 23.860 C
1061 134 39.057 35.936 18.998 N
1062 134 39.276 34.682 18.323 C
1063 134 40.706 34.496 17.857 C
1064 134 41.101 33.400 17.489 O
1065 134 38.286 34.520 17.180 C
1066 135 41.496 35.557 17.928 N
1067 135 42.878 35.401 17.540 C
1068 135 43.864 35.460 18.690 C
1069 135 45.056 35.704 18.502 O
1070 135 43.327 36.283 16.393 C
1071 135 42.239 37.177 15.888 C
1072 135 42.809 38.498 15.428 C
1073 135 43.077 38.559 13.934 C
1074 135 43.728 39.792 13.536 
1075 136 43.366 35.214 19.885 N
1076 136 44.201 35.190 21.063 C
1077 136 44.753 33.792 21.288 C
1078 136 44.262 32.810 20.680 O
1079 136 43.350 35.577 22.264 C
1080 136 42.106 34.887 22.191 O
1081 137 45.763 33.687 22.157 N
1082 137 46.315 32.403 22.508 C
1083 137 45.304 31.658 23.396 C
1084 137 45.245 30.436 23.394 O
1085 137 47.681 32.513 23.183 C
1086 137 47.763 31.694 24.467 
1087 137 49.131 31.061 24.758 
1088 137 49.155 30.393 26.090 
1089 137 50.016 30.569 27.116 
1090 137 51.066 31.406 27.065 N
1091 137 49.825 29.857 28.234 
1092 138 44.473 32.410 24.144 N
1093 138 43.413 31.829 24.963 C
1094 138 42.518 30.966 24.061 C
1095 138 42.132 29.837 24.355 O
1096 138 42.552 32.991 25.525 C
1097 138 41.184 32.629 26.082 C
1098 138 40.937 31.826 27.144 C
1099 138 39.880 33.158 25.686 C
1100 138 39.588 31.757 27.429 N
1101 138 38.907 32.572 26.539 C
1102 138 39.421 34.028 24.685 C
1103 138 37.536 32.871 26.430 C
1104 138 38.066 34.323 24.552 C
1105 138 37.129 33.760 25.424 C
1106 139 42.184 31.539 22.903 N
1107 139 41.335 30.890 21.939 C
1108 139 41.916 29.598 21.360 C
1109 139 41.189 28.642 21.102 O
1110 139 40.867 31.872 20.844 C
1111 139 39.957 31.175 19.879 C
1112 139 40.461 30.321 18.897 C
1113 139 38.580 31.369 19.967 C
1114 139 39.611 29.605 18.059 C
1115 139 37.709 30.692 19.120 C
1116 139 38.233 29.810 18.175 C
1117 139 37.395 29.160 17.321 O
1118 140 43.230 29.589 21.087 N
1119 140 43.870 28.409 20.544 C
1120 140 44.007 27.325 21.584 C
1121 140 43.895 26.152 21.275 O
1122 140 45.247 28.687 19.902 C
1123 140 45.102 29.576 18.697 C
1124 140 45.721 30.645 18.629 O
1125 140 44.217 29.173 17.773 N
1126 141 44.225 27.762 22.832 N
1127 141 44.406 26.929 24.008 C
1128 141 43.174 26.160 24.459 C
1129 141 43.298 24.972 24.704 O
1130 141 45.038 27.731 25.156 C
1131 141 46.562 27.917 24.991 C
1132 141 47.220 26.871 24.099 
1133 141 47.638 27.163 22.965 O
1134 141 47.351 25.648 24.621 N
1135 142 42.000 26.826 24.552 N
1136 142 40.715 26.202 24.963 C
1137 142 39.641 26.651 23.971 C
1138 142 38.791 27.441 24.319 O
1139 142 40.299 26.711 26.356 C
1140 142 40.355 28.119 26.316 O
1141 142 41.279 26.228 27.406 C
1142 143 39.744 26.180 22.714 N
1143 143 38.870 26.579 21.609 C
1144 143 37.377 26.421 21.828 C
1145 143 36.597 27.340 21.584 O
1146 143 39.311 25.799 20.374 C
1147 143 40.529 24.966 20.789 C
1148 143 40.634 25.068 22.307 C
1149 144 36.975 25.234 22.284 N
1150 144 35.585 24.980 22.534 C
1151 144 34.978 26.026 23.454 C
1152 144 33.962 26.593 23.136 O
1153 144 35.349 23.593 23.159 C
1154 144 35.559 22.444 22.204 C
1155 144 35.513 22.603 20.975 O
1156 144 35.800 21.270 22.771 N
1157 145 35.596 26.197 24.633 N
1158 145 35.102 27.130 25.625 C
1159 145 35.110 28.532 25.107 C
1160 145 34.121 29.261 25.177 O
1161 145 35.931 27.061 26.907 C
1162 145 35.173 27.627 28.112 C
1163 145 36.155 28.221 29.113 C
1164 145 35.539 28.815 30.269 N
1165 145 35.925 28.434 31.472 C
1166 145 36.837 27.499 31.606 N
1167 145 35.378 28.984 32.546 N
1168 146 36.259 28.908 24.596 N
1169 146 36.426 30.235 24.080 C
1170 146 35.375 30.582 23.052 C
1171 146 34.863 31.686 23.036 O
1172 146 37.822 30.408 23.542 C
1173 147 35.053 29.636 22.185 N
1174 147 34.050 29.869 21.166 C
1175 147 32.680 30.244 21.732 C
1176 147 31.966 31.085 21.171 O
1177 147 33.865 28.643 20.300 C
1178 147 34.373 28.793 18.879 C
1179 147 34.423 27.458 18.127 
1180 147 35.733 26.690 18.283 C
1181 147 35.925 25.649 17.261 N
1182 148 32.271 29.570 22.797 N
1183 148 30.972 29.847 23.394 C
1184 148 30.959 31.210 24.100 C
1185 148 29.953 31.934 24.112 O
1186 148 30.573 28.763 24.397 C
1187 148 30.500 27.344 23.845 C
1188 148 29.852 26.358 24.841 C
1189 148 30.794 25.874 25.842 N
1190 148 31.601 24.790 25.777 C
1191 148 31.653 24.028 24.682 N
1192 148 32.409 24.475 26.766 N
1193 149 32.059 31.522 24.754 N
1194 149 32.154 32.769 25.455 C
1195 149 32.057 33.910 24.419 C
1196 149 31.270 34.860 24.531 O
1197 149 33.459 32.810 26.239 C
1198 149 33.588 34.193 26.818 C
1199 149 33.422 31.764 27.377 C
1200 150 32.831 33.775 23.354 N
1201 150 32.856 34.787 22.289 C
1202 150 31.516 34.951 21.608 C
1203 150 31.031 36.042 21.306 O
1204 150 33.941 34.447 21.297 C
1205 150 35.309 34.697 21.925 C
1206 150 33.747 35.235 20.007 C
1207 150 36.438 33.938 21.222 C
1208 151 30.909 33.837 21.343 N
1209 151 29.581 33.884 20.801 C
1210 151 28.676 34.621 21.810 C
1211 151 27.718 35.334 21.449 O
1212 151 29.151 32.419 20.593 C
1213 151 30.003 31.843 19.634 O
1214 151 27.682 32.231 20.198 C
1215 152 28.968 34.469 23.107 N
1216 152 28.151 35.157 24.109 C
1217 152 28.308 36.683 24.022 C
1218 152 27.328 37.440 23.977 O
1219 152 28.266 34.536 25.518 C
1220 152 28.134 33.132 25.380 O
1221 152 27.112 35.064 26.416 C
1222 153 29.565 37.133 23.907 N
1223 153 29.851 38.549 23.755 C
1224 153 29.228 39.068 22.461 C
1225 153 28.590 40.104 22.398 O
1226 153 31.363 38.778 23.706 C
1227 153 32.037 38.824 25.057 C
1228 153 31.649 39.707 26.065 C
1229 153 33.107 37.970 25.314 C
1230 153 32.334 39.754 27.285 C
1231 153 33.786 37.979 26.532 C
1232 153 33.405 38.887 27.521 C
1233 154 29.387 38.300 21.408 N
1234 154 28.851 38.726 20.141 C
1235 154 27.345 38.943 20.065 C
1236 154 26.870 39.969 19.581 O
1237 154 29.353 37.851 18.992 C
1238 154 28.948 38.334 17.615 C
1239 154 29.434 37.434 16.487 C
1240 154 30.654 38.000 15.932 
1241 154 31.185 37.699 14.767 
1242 154 30.651 36.790 13.944 N
1243 154 32.314 38.323 14.389 N
1244 155 26.572 37.959 20.486 N
1245 155 25.130 38.045 20.374 C
1246 155 24.425 38.542 21.582 C
1247 155 23.265 38.879 21.511 O
1248 155 24.514 36.650 20.132 C
1249 155 24.780 35.752 21.212 O
1250 155 25.100 36.044 18.868 C
1251 156 25.066 38.410 22.719 N
1252 156 24.360 38.761 23.909 C
1253 156 23.203 37.770 24.162 C
1254 156 22.200 38.143 24.800 O
1255 157 23.324 36.500 23.672 N
1256 157 22.343 35.418 23.887 C
1257 157 23.049 34.180 24.421 C
1258 157 24.261 34.047 24.320 O
1259 157 21.578 34.940 22.643 C
1260 157 22.534 34.348 21.826 O
1261 157 20.859 36.089 21.897 C
1262 158 22.271 33.254 24.964 N
1263 158 22.784 32.053 25.515 C
1264 158 22.853 30.963 24.469 C
1265 158 23.075 29.798 24.797 O
1266 158 21.893 31.652 26.676 C
1267 158 22.004 32.586 27.840 C
1268 158 20.992 33.332 28.355 C
1269 158 23.143 32.787 28.725 C
1270 158 21.408 33.977 29.475 N
1271 158 22.720 33.659 29.739 C
1272 158 24.433 32.235 28.817 C
1273 158 23.579 34.090 30.749 C
1274 158 25.282 32.663 29.809 C
1275 158 24.860 33.576 30.769 C
1276 159 22.678 31.367 23.216 N
1277 159 22.662 30.420 22.110 C
1278 159 23.751 29.411 22.135 C
1279 159 23.505 28.232 21.948 O
1280 159 22.548 31.042 20.724 C
1281 159 21.174 31.581 20.472 C
1282 159 20.245 30.895 21.077 O
1283 159 20.972 32.587 19.828 O
1284 160 24.954 29.866 22.339 N
1285 160 26.012 28.904 22.327 C
1286 160 25.889 27.825 23.380 C
1287 160 26.474 26.768 23.218 O
1288 160 27.400 29.520 22.320 C
1289 161 25.145 28.088 24.454 N
1290 161 24.982 27.134 25.527 C
1291 161 23.641 26.397 25.477 C
1292 161 23.330 25.617 26.359 O
1293 161 25.077 27.882 26.861 C
1294 161 26.468 28.347 27.144 C
1295 161 26.878 29.599 26.711 C
1296 161 27.348 27.536 27.857 C
1297 161 28.198 30.007 26.903 C
1298 161 28.660 27.945 28.094 C
1299 161 29.070 29.192 27.620 C
1300 161 30.354 29.647 27.845 O
1301 162 22.825 26.701 24.474 N
1302 162 21.522 26.088 24.339 C
1303 162 21.527 25.221 23.101 C
1304 162 21.639 24.006 23.190 O
1305 162 20.415 27.115 24.189 C
1306 162 20.233 27.984 25.413 C
1307 162 18.941 28.777 25.370 C
1308 162 18.672 29.391 24.005 C
1309 162 17.662 30.458 24.055 N
1311 1 16.743 -1.163 10.610 N
1312 1 17.742 -0.119 10.638 C
1313 1 17.181 1.226 10.968 C
1314 1 16.031 1.528 10.706 O
1315 1 18.472 0.036 9.325 C
1316 1 19.775 0.726 9.564 C
1317 1 21.126 -0.380 9.226 S
1318 1 20.323 -1.202 7.820 C
1319 2 18.027 2.060 11.513 N
1320 2 17.608 3.352 11.926 C
1321 2 18.822 4.260 12.034 C
1322 2 19.930 3.878 11.825 O
1323 2 16.979 3.203 13.324 C
1324 2 17.901 2.585 14.333 C
1325 2 18.939 3.156 14.643 O
1326 2 17.513 1.411 14.843 N
1327 3 18.614 5.497 12.405 N
1328 3 19.760 6.395 12.470 C
1329 3 20.870 5.967 13.400 C
1330 3 22.042 6.207 13.129 O
1331 3 19.333 7.845 12.635 C
1332 3 20.524 8.811 12.625 C
1333 3 18.479 8.006 13.884 C
1334 3 21.503 8.553 11.460 C
1335 4 20.525 5.280 14.483 N
1336 4 21.577 4.876 15.357 C
1337 4 22.433 3.809 14.725 C
1338 4 23.649 3.804 14.842 O
1339 4 21.041 4.418 16.747 C
1340 4 20.523 5.583 17.548 C
1341 4 21.372 6.351 18.362 C
1342 4 19.174 5.961 17.489 C
1343 4 20.902 7.455 19.082 C
1344 4 18.681 7.051 18.201 C
1345 4 19.556 7.809 18.974 C
1346 5 21.791 2.848 14.121 N
1347 5 22.580 1.781 13.543 C
1348 5 23.408 2.246 12.391 C
1349 5 24.482 1.742 12.157 O
1350 5 21.719 0.627 13.022 C
1351 5 21.015 -0.142 14.148 C
1352 5 21.977 -0.962 14.948 C
1353 5 22.392 -2.021 14.281 
1354 5 22.378 -0.662 16.057 
1355 6 22.832 3.183 11.644 N
1356 6 23.463 3.773 10.484 C
1357 6 24.761 4.448 10.873 C
1358 6 25.805 4.126 10.337 O
1359 6 22.471 4.716 9.834 C
1360 6 23.042 5.372 8.607 C
1361 6 21.986 6.721 8.185 S
1362 6 22.108 6.746 6.366 C
1363 7 24.698 5.339 11.908 N
1364 7 25.863 6.038 12.433 C
1365 7 26.925 5.120 13.021 C
1366 7 28.112 5.386 12.975 O
1367 7 25.463 7.172 13.420 C
1368 7 24.881 8.357 12.659 C
1369 7 24.354 9.423 13.572 C
1370 7 26.009 8.961 11.833 C
1371 8 26.491 4.006 13.630 N
1372 8 27.450 3.060 14.180 C
1373 8 28.291 2.478 13.056 C
1374 8 29.462 2.222 13.212 O
1375 8 26.716 1.881 14.829 C
1376 8 27.045 1.638 16.313 C
1377 8 26.097 0.657 17.033 C
1378 8 25.636 1.108 18.355 N
1379 8 24.388 1.516 18.613 C
1380 8 23.464 1.520 17.660 N
1381 8 24.068 1.934 19.836 N
1382 9 27.667 2.210 11.943 N
1383 9 28.399 1.620 10.854 C
1384 9 29.344 2.645 10.266 C
1385 9 30.519 2.361 10.021 O
1386 9 27.424 1.156 9.817 C
1387 9 26.868 -0.196 10.182 C
1388 9 28.155 0.995 8.498 C
1389 9 25.689 -0.511 9.234 C
1390 10 28.831 3.866 10.105 N
1391 10 29.619 4.974 9.548 C
1392 10 30.719 5.509 10.441 C
1393 10 31.785 5.936 9.958 O
1394 10 28.692 6.130 9.081 C
1395 10 27.928 5.755 7.853 C
1396 10 28.353 4.940 7.063 O
1397 10 26.781 6.376 7.672 O
1398 11 30.474 5.571 11.739 N
1399 11 31.459 6.147 12.632 C
1400 11 32.406 5.189 13.293 C
1401 11 33.532 5.536 13.683 O
1402 11 30.769 7.035 13.680 C
1403 11 29.924 8.118 12.999 C
1404 11 30.760 9.247 12.424 C
1405 11 32.005 9.215 12.811 O
1406 11 30.318 10.100 11.692 O
1407 12 31.936 3.978 13.511 N
1408 12 32.746 3.057 14.209 C
1409 12 32.581 3.295 15.721 C
1410 12 31.775 4.114 16.179 O
1411 13 33.351 2.509 16.492 N
1412 13 33.370 2.530 17.937 C
1413 13 34.780 2.352 18.419 C
1414 13 35.438 1.378 18.070 O
1415 13 32.528 1.412 18.585 C
1416 13 32.634 1.326 20.117 C
1417 13 31.881 2.487 20.760 C
1418 13 32.081 0.004 20.602 C
1419 14 35.197 3.293 19.236 N
1420 14 36.487 3.254 19.874 C
1421 14 36.243 3.673 21.292 C
1422 14 35.614 4.643 21.539 O
1423 14 37.555 4.120 19.182 C
1424 14 37.333 4.204 17.667 C
1425 14 38.460 3.651 16.778 C
1426 14 39.704 3.374 17.508 
1427 14 40.947 3.591 17.074 C
1428 14 41.218 4.105 15.870 N
1429 14 41.957 3.282 17.888 
1430 15 36.764 2.890 22.224 N
1431 15 36.568 3.208 23.597 C
1432 15 37.740 3.972 24.115 C
1433 15 37.845 4.201 25.319 O
1434 15 36.427 1.913 24.393 C
1435 15 35.197 1.162 23.946 C
1436 15 34.934 -0.025 24.878 C
1437 15 33.994 2.116 23.960 C
1438 16 38.639 4.344 23.201 N
1439 16 39.851 5.104 23.529 C
1440 16 40.062 6.265 22.571 C
1441 16 39.767 6.164 21.365 O
1442 16 41.107 4.229 23.642 C
1443 16 42.310 4.944 24.244 C
1444 16 43.610 4.175 24.090 C
1445 16 44.626 4.598 25.132 
1446 16 45.475 3.478 25.609 
1447 17 40.609 7.371 23.114 N
1448 17 40.827 8.569 22.329 C
1449 17 41.671 8.317 21.118 C
1450 17 42.789 7.842 21.211 O
1451 17 41.489 9.765 23.035 C
1452 17 40.854 10.175 24.355 C
1453 17 41.548 10.979 22.089 C
1454 17 41.711 11.227 25.066 C
1455 18 41.161 8.760 19.986 N
1456 18 41.964 8.649 18.797 C
1457 18 41.788 9.828 17.842 C
1458 18 40.769 10.522 17.823 O
1459 18 41.857 7.297 18.100 C
1460 18 40.539 7.321 17.473 C
1461 18 39.429 6.996 18.252 C
1462 18 40.386 7.786 16.168 C
1463 18 38.153 7.071 17.708 C
1464 18 39.110 7.865 15.619 C
1465 18 37.998 7.497 16.391 C
1466 18 36.732 7.571 15.880 O
1467 19 42.845 10.066 17.071 N
1468 19 42.867 11.147 16.114 C
1469 19 42.033 10.770 14.920 C
1470 19 42.112 9.628 14.444 O
1471 19 44.292 11.474 15.698 C
1472 19 44.995 12.334 16.733 C
1473 19 46.212 13.061 16.198 
1474 19 46.981 13.781 17.296 
1475 19 47.906 14.817 16.781 
1476 20 41.208 11.684 14.419 N
1477 20 40.454 11.323 13.246 C
1478 20 41.321 11.605 12.017 C
1479 20 42.543 11.710 12.136 O
1480 20 39.058 11.983 13.153 C
1481 20 38.997 13.446 12.750 C
1482 20 40.150 14.036 12.571 O
1483 20 37.936 14.031 12.649 O
1484 21 40.670 11.784 10.842 N
1485 21 41.280 12.102 9.531 
1486 21 41.999 13.424 9.635 
1487 21 43.197 13.564 9.381 
1488 21 40.207 12.255 8.430 C
1489 21 39.438 13.441 8.652 O
1490 21 39.285 11.043 8.452 
1491 22 41.190 14.380 10.002 N
1492 22 41.566 15.731 10.256 C
1493 22 42.645 15.752 11.321 C
1494 22 43.334 16.752 11.504 
1495 22 40.323 16.396 10.850 C
1496 22 39.127 16.121 9.946 C
1497 22 39.296 16.838 8.645 
1498 22 39.271 18.132 8.779 
1499 22 39.466 16.269 7.585 
1500 23 42.754 14.638 12.064 N
1501 23 43.713 14.512 13.146 C
1502 23 43.161 15.107 14.435 C
1503 23 43.891 15.383 15.390 
1504 24 41.848 15.304 14.427 N
1505 24 41.098 15.841 15.529 C
1506 24 40.798 14.758 16.543 C
1507 24 40.495 13.630 16.138 O
1508 24 39.827 16.463 14.956 C
1509 24 40.189 17.699 14.180 C
1510 24 41.340 18.429 14.476 
1511 24 39.376 18.153 13.143 C
1512 24 41.666 19.584 13.770 
1513 24 39.679 19.315 12.435 C
1514 24 40.831 20.036 12.747 C
1515 24 41.148 21.175 12.042 O
1516 25 40.899 15.061 17.842 N
1517 25 40.687 14.039 18.873 C
1518 25 39.258 13.561 18.898 C
1519 25 38.383 14.378 18.865 O
1520 25 41.191 14.490 20.253 C
1521 25 42.703 14.658 20.277 C
1522 25 43.521 13.544 20.145 C
1523 25 43.308 15.906 20.438 C
1524 25 44.917 13.649 20.171 C
1525 25 44.701 16.040 20.455 
1526 25 45.500 14.906 20.333 C
1527 25 46.856 15.035 20.361 O
1528 26 39.030 12.253 18.918 N
1529 26 37.667 11.723 18.848 C
1530 26 37.532 10.543 19.747 C
1531 26 38.522 9.937 20.093 O
1532 26 37.371 11.267 17.405 C
1533 26 37.536 12.360 16.572 O
1534 26 35.932 10.809 17.285 C
1535 27 36.319 10.182 20.123 N
1536 27 36.171 9.042 20.993 C
1537 27 34.759 8.518 20.831 C
1538 27 33.895 9.220 20.279 O
1539 27 36.532 9.339 22.476 C
1540 27 36.623 8.041 23.273 C
1541 27 35.468 10.223 23.132 C
1542 27 37.137 8.165 24.693 C
1543 28 34.517 7.289 21.262 N
1544 28 33.174 6.674 21.168 C
1545 28 32.685 6.407 19.749 C
1546 28 33.326 5.734 18.949 O
1547 29 31.505 6.924 19.453 N
1548 29 30.977 6.753 18.151 C
1549 29 30.926 8.089 17.490 C
1550 29 29.883 8.765 17.403 O
1551 29 29.609 6.079 18.103 C
1552 29 29.701 4.615 18.455 C
1553 29 28.971 6.187 16.708 C
1554 29 28.682 4.282 19.535 C
1555 30 32.072 8.444 16.973 N
1556 30 32.164 9.693 16.290 C
1557 30 31.956 10.894 17.208 C
1558 30 31.558 11.956 16.766 O
1559 31 32.303 10.773 18.477 N
1560 31 32.183 11.932 19.342 C
1561 31 33.420 12.845 19.289 C
1562 31 34.462 12.577 19.880 O
1563 31 32.032 11.476 20.772 C
1564 31 31.803 12.664 21.624 C
1565 31 30.616 13.351 21.560 N
1566 31 32.646 13.320 22.475 C
1567 31 30.728 14.377 22.406 C
1568 31 31.942 14.385 22.960 N
1569 32 33.312 13.972 18.618 N
1570 32 34.421 14.875 18.557 C
1571 32 34.673 15.575 19.882 C
1572 32 33.784 16.167 20.451 O
1573 32 34.105 15.930 17.515 C
1574 32 35.316 16.792 17.344 C
1575 32 36.439 15.934 16.823 C
1576 32 35.004 17.914 16.392 C
1577 33 35.898 15.473 20.348 N
1578 33 36.342 16.035 21.582 C
1579 33 36.763 17.456 21.367 C
1580 33 36.129 18.389 21.828 O
1581 33 37.478 15.143 22.109 C
1582 33 36.871 13.899 22.752 C
1583 33 37.881 12.807 23.025 C
1584 33 36.192 14.279 24.053 C
1585 34 37.829 17.622 20.624 N
1586 34 38.278 18.966 20.343 C
1587 34 39.176 19.074 19.123 C
1588 34 39.803 18.103 18.674 O
1589 34 39.050 19.528 21.528 C
1590 34 39.401 20.877 21.222 O
1591 34 40.312 18.691 21.660 C
1592 35 39.289 20.285 18.612 N
1593 35 40.172 20.487 17.499 C
1594 35 41.551 20.854 17.998 C
1595 35 42.541 20.820 17.273 O
1596 35 39.649 21.468 16.481 C
1597 35 38.675 20.792 15.558 C
1598 35 38.033 21.817 14.633 C
1599 35 36.984 21.224 13.702 C
1600 35 36.459 22.210 12.751 
1601 36 41.607 21.187 19.277 N
1602 36 42.869 21.519 19.925 C
1603 36 43.939 20.439 19.673 C
1604 36 43.648 19.277 19.381 O
1605 36 42.669 21.772 21.418 C
1606 36 43.854 21.488 22.138 O
1607 37 45.209 20.792 19.790 N
1608 37 46.228 19.806 19.546 C
1609 37 46.629 19.124 20.843 C
1610 37 47.231 18.064 20.845 O
1611 37 47.429 20.612 19.028 C
1612 37 47.233 22.037 19.532 C
1613 37 45.845 22.090 20.145 
1614 38 46.353 19.758 21.956 N
1615 38 46.721 19.150 23.212 C
1616 38 45.954 17.869 23.437 C
1617 38 44.729 17.808 23.303 O
1618 38 46.376 20.090 24.352 C
1619 38 47.376 20.080 25.353 O
1620 39 46.621 16.833 23.851 N
1621 39 45.865 15.673 24.117 C
1622 39 45.283 15.782 25.523 C
1623 39 44.301 15.149 25.861 O
1624 39 46.639 14.401 23.900 C
1625 39 46.219 13.302 24.847 C
1626 39 45.443 12.260 24.109 C
1627 39 47.456 12.652 25.457 C
1628 40 45.893 16.616 26.346 N
1629 40 45.321 16.807 27.641 C
1630 40 44.019 17.531 27.410 C
1631 40 43.113 17.438 28.218 O
1632 40 46.127 17.774 28.507 C
1633 40 47.582 17.432 28.665 
1634 40 47.937 16.313 29.050 O
1635 40 48.435 18.419 28.408 
1636 41 43.993 18.336 26.334 N
1637 41 42.810 19.122 26.001 C
1638 41 41.641 18.201 25.684 C
1639 41 40.525 18.381 26.171 O
1640 41 43.094 20.082 24.867 C
1641 42 41.942 17.182 24.873 N
1642 42 40.977 16.165 24.512 C
1643 42 40.500 15.472 25.796 C
1644 42 39.296 15.389 26.058 O
1645 42 41.580 15.198 23.493 C
1646 43 41.429 15.025 26.648 N
1647 43 41.014 14.388 27.903 C
1648 43 40.112 15.273 28.773 C
1649 43 39.158 14.825 29.430 O
1650 43 42.209 13.963 28.709 C
1651 43 42.976 12.830 28.074 C
1652 43 44.166 12.477 28.935 C
1653 43 45.069 11.429 28.330 C
1654 43 46.248 11.169 29.135 N
1655 44 40.447 16.546 28.773 N
1656 44 39.724 17.506 29.546 C
1657 44 38.304 17.657 29.045 C
1658 44 37.323 17.598 29.799 O
1659 44 40.468 18.817 29.602 C
1660 44 39.676 19.704 30.333 O
1661 45 38.190 17.791 27.749 N
1662 45 36.861 17.899 27.186 C
1663 45 36.104 16.626 27.422 C
1664 45 34.876 16.577 27.480 O
1665 45 36.905 18.202 25.689 C
1666 45 37.374 19.641 25.402 C
1667 45 36.347 20.656 25.856 C
1668 45 35.232 20.710 25.369 O
1669 45 36.760 21.410 26.835 O
1670 46 36.839 15.568 27.594 N
1671 46 36.134 14.343 27.787 C
1672 46 35.603 14.187 29.182 C
1673 46 34.401 13.968 29.386 O
1674 46 37.002 13.166 27.300 C
1675 46 36.468 11.780 27.598 C
1676 46 35.266 11.513 26.712 C
1677 46 37.584 10.814 27.240 C
1678 47 36.526 14.281 30.135 N
1679 47 36.233 14.088 31.550 C
1680 47 35.115 14.967 32.077 C
1681 47 34.307 14.527 32.954 O
1682 47 37.485 14.236 32.453 C
1683 47 38.611 13.291 32.135 C
1684 47 38.454 12.306 31.455 O
1685 47 39.780 13.644 32.673 O
1686 48 35.128 16.188 31.562 N
1687 48 34.204 17.251 31.945 C
1688 48 32.828 17.128 31.366 C
1689 48 31.886 17.755 31.840 O
1690 48 34.801 18.650 31.817 C
1691 48 34.726 19.249 30.423 C
1692 48 35.881 20.222 30.201 
1693 48 36.108 21.093 31.418 C
1694 48 37.114 22.145 31.253 N
1695 48A 32.703 16.269 30.369 N
1696 48A 31.398 16.061 29.791 C
1697 48A 30.451 15.467 30.839 C
1698 48A 30.815 14.553 31.551 O
1699 48A 31.448 15.188 28.532 C
1700 48A 30.097 14.967 27.882 C
1701 48A 29.062 14.287 28.518 N
1702 48A 29.648 15.311 26.636 C
1703 48A 28.025 14.232 27.679 C
1704 48A 28.345 14.852 26.533 N
1705 48B 29.222 16.002 30.919 N
1706 48B 28.187 15.576 31.875 C
1707 48B 27.896 14.086 31.943 C
1708 48B 27.550 13.530 32.981 O
1709 48B 26.903 16.279 31.432 C
1710 48B 27.156 16.865 30.045 C
1711 48B 28.662 16.848 29.836 C
1712 49 27.948 13.441 30.816 N
1713 49 27.679 12.046 30.838 C
1714 49 28.870 11.281 31.378 C
1715 49 28.797 10.094 31.578 O
1716 49 27.420 11.581 29.407 C
1717 50 29.985 11.977 31.572 N
1718 50 31.242 11.362 31.994 C
1719 50 31.662 11.764 33.406 C
1720 50 31.608 10.974 34.340 O
1721 50 32.268 11.721 30.911 C
1722 50 31.833 11.124 29.560 C
1723 50 33.634 11.183 31.270 C
1724 50 32.048 9.607 29.486 C
1725 51 32.021 13.027 33.537 N
1726 51 32.429 13.612 34.781 C
1727 51 33.314 12.696 35.637 C
1728 51 32.959 12.378 36.761 O
1729 52 34.428 12.226 35.100 N
1730 52 35.335 11.384 35.873 C
1731 52 36.689 11.413 35.230 C
1732 52 36.795 11.872 34.105 O
1733 52 34.898 9.951 36.088 C
1734 52 34.503 9.205 34.821 C
1735 52 34.329 7.735 35.135 C
1736 52 34.316 6.943 33.932 N
1737 52 35.356 6.246 33.507 C
1738 52 36.469 6.214 34.217 N
1739 52 35.275 5.542 32.370 N
1740 53 37.734 10.940 35.932 N
1741 53 39.075 10.910 35.349 C
1742 53 39.182 9.628 34.519 C
1743 53 39.454 8.553 35.076 O
1744 53 40.200 11.033 36.412 C
1745 53 40.103 12.315 37.216 C
1746 53 39.973 13.416 36.643 O
1747 53 40.133 12.182 38.544 N
1748 54 38.903 9.708 33.228 N
1749 54 38.904 8.526 32.359 C
1750 54 40.290 8.166 31.947 C
1751 54 40.593 7.031 31.655 O
1752 54 38.202 8.847 31.050 C
1753 54 38.962 9.894 30.434 O
1754 54 36.814 9.318 31.319 C
1755 55 41.112 9.162 31.867 N
1756 55 42.420 8.854 31.401 C
1757 55 42.385 8.457 29.941 C
1758 55 43.307 7.824 29.450 O
1759 55 43.177 7.867 32.298 C
1760 55 43.815 8.617 33.452 
1761 55 44.762 9.399 33.232 
1762 55 43.263 8.451 34.646 N
1763 56 41.325 8.898 29.253 N
1764 56 41.208 8.645 27.824 C
1765 56 40.512 7.349 27.476 C
1766 56 40.468 6.942 26.323 O
1767 57 39.961 6.725 28.486 N
1768 57 39.287 5.471 28.259 C
1769 57 37.864 5.478 28.789 C
1770 57 37.654 5.695 29.978 O
1771 57 40.104 4.332 28.843 C
1772 57 39.328 3.015 28.732 C
1773 57 41.433 4.214 28.100 C
1774 58 36.870 5.196 27.925 N
1775 58 35.469 5.152 28.384 C
1776 58 34.834 3.770 28.227 C
1777 58 35.395 2.871 27.678 O
1778 58 34.638 6.151 27.632 C
1779 58 34.655 5.722 26.183 C
1780 58 35.298 7.511 27.762 C
1781 58 33.761 6.598 25.362 C
1782 59 33.629 3.578 28.734 N
1783 59 32.992 2.283 28.601 C
1784 59 32.058 2.284 27.411 C
1785 59 31.717 3.344 26.914 O
1786 59 32.170 1.989 29.855 C
1787 59 31.340 3.097 30.130 O
1788 59 33.111 1.746 31.027 C
1789 60 31.625 1.122 26.959 N
1790 60 30.701 1.142 25.839 C
1791 60 29.444 1.907 26.232 C
1792 60 28.747 2.482 25.391 O
1793 60 30.286 -0.244 25.436 C
1794 60 29.099 -0.175 24.448 C
1795 60 29.060 -1.300 23.436 C
1796 60 28.261 -0.944 22.204 C
1797 60 26.850 -0.604 22.508 N
1798 61 29.148 1.896 27.544 N
1799 61 27.953 2.564 28.068 C
1800 61 28.027 4.092 27.996 C
1801 61 27.077 4.802 27.657 O
1802 61 27.359 1.923 29.348 C
1803 61 26.735 0.576 29.070 
1804 61 26.152 0.530 27.894 
1805 61 26.792 -0.380 29.834 
1806 62 29.232 4.549 28.272 N
1807 62 29.600 5.927 28.158 C
1808 62 29.539 6.291 26.716 C
1809 62 28.917 7.295 26.391 O
1810 62 31.023 6.156 28.637 C
1811 62 30.989 6.508 30.122 C
1812 62 32.233 6.171 30.862 C
1813 62 33.271 5.771 30.358 O
1814 62 32.074 6.339 32.125 O
1815 63 30.153 5.477 25.849 N
1816 63 30.115 5.809 24.440 C
1817 63 28.684 5.979 23.961 C
1818 63 28.349 6.895 23.198 O
1819 63 30.902 4.845 23.552 C
1820 64 27.825 5.113 24.460 N
1821 64 26.442 5.142 24.069 C
1822 64 25.710 6.326 24.600 C
1823 64 24.760 6.759 23.979 O
1824 64 25.684 3.875 24.435 C
1825 64 26.189 2.620 23.718 C
1826 64 25.834 2.607 22.262 C
1827 64 24.983 3.339 21.802 O
1828 64 26.538 1.752 21.542 O
1829 65 26.170 6.842 25.731 N
1830 65 25.565 8.008 26.344 C
1831 65 25.882 9.240 25.514 C
1832 65 25.049 10.121 25.237 O
1833 65 26.098 8.167 27.764 C
1834 65 25.068 7.941 28.867 C
1835 65 25.103 8.983 29.995 
1836 65 23.843 9.815 30.252 
1837 65 23.600 10.096 31.690 N
1838 66 27.135 9.334 25.105 N
1839 66 27.519 10.449 24.303 C
1840 66 26.844 10.458 22.955 C
1841 66 26.528 11.529 22.428 O
1842 66 29.005 10.480 24.037 C
1843 66 29.750 10.530 25.329 C
1844 66 31.201 10.255 25.020 C
1845 66 29.606 11.910 25.926 C
1846 67 26.718 9.268 22.372 N
1847 67 26.089 9.074 21.059 C
1848 67 24.647 9.527 21.129 C
1849 67 24.175 10.345 20.322 O
1850 67 26.209 7.584 20.670 C
1851 67 25.782 7.176 19.281 C
1852 67 26.040 7.989 18.175 C
1853 67 25.138 5.950 19.099 C
1854 67 25.619 7.593 16.908 C
1855 67 24.752 5.514 17.834 C
1856 67 25.009 6.349 16.748 C
1857 68 23.940 9.057 22.140 N
1858 68 22.552 9.489 22.300 C
1859 68 22.425 11.006 22.313 C
1860 68 21.509 11.585 21.723 O
1861 68 21.918 8.940 23.602 C
1862 68 20.458 9.290 23.755 C
1863 68 20.032 9.795 24.809 O
1864 68 19.677 9.037 22.723 N
1865 69 23.372 11.647 22.984 N
1866 69 23.364 13.072 23.090 C
1867 69 23.697 13.751 21.805 C
1868 69 23.129 14.769 21.478 O
1869 69 24.417 13.454 24.084 C
1870 69 23.727 14.101 25.262 C
1871 69 24.723 14.621 26.245 C
1872 69 25.337 13.845 26.998 O
1873 69 24.872 15.937 26.253 N
1874 70 24.698 13.158 21.122 N
1875 70 25.144 13.658 19.837 C
1876 70 24.037 13.551 18.777 C
1877 70 23.847 14.454 17.970 O
1878 70 26.468 12.992 19.402 C
1879 70 27.588 13.437 20.287 C
1880 70 27.458 14.390 21.000 O
1881 70 28.712 12.768 20.168 O
1882 71 23.289 12.457 18.752 N
1883 71 22.212 12.317 17.771 C
1884 71 21.099 13.365 17.995 C
1885 71 20.584 14.006 17.085 O
1886 71 21.718 10.873 17.689 C
1887 71 20.435 10.820 16.874 C
1888 71 22.804 9.952 17.088 C
1889 72 20.768 13.589 19.251 N
1890 72 19.774 14.578 19.655 C
1891 72 20.152 15.994 19.267 C
1892 72 19.324 16.854 18.870 O
1893 72 19.768 14.551 21.190 C
1894 72 18.740 15.474 21.774 C
1895 72 17.528 15.209 21.340 O
1896 72 19.027 16.381 22.526 O
1897 73 21.443 16.257 19.429 N
1898 73 21.996 17.548 19.097 C
1899 73 21.908 17.816 17.618 C
1900 73 21.736 18.964 17.192 O
1901 73 23.464 17.614 19.479 C
1902 74 22.118 16.729 16.852 N
1903 74 22.051 16.747 15.403 C
1904 74 20.631 17.130 14.982 C
1905 74 20.415 18.022 14.180 O
1906 74 22.439 15.389 14.827 C
1907 75 19.650 16.450 15.580 N
1908 75 18.251 16.671 15.280 C
1909 75 17.811 18.075 15.632 C
1910 75 17.168 18.749 14.853 O
1911 75 17.414 15.591 15.929 C
1912 75 15.946 15.880 15.732 C
1913 75 17.734 14.259 15.259 C
1914 76 18.229 18.533 16.808 N
1915 76 17.902 19.866 17.186 C
1916 76 18.533 20.825 16.227 C
1917 76 18.053 21.916 16.030 O
1918 76 18.437 20.199 18.579 C
1919 76 17.503 19.561 19.611 C
1920 76 17.799 20.057 21.010 C
1921 76 19.128 19.594 21.358 N
1922 76 19.568 19.143 22.516 C
1923 76 18.825 19.087 23.625 
1924 76 20.829 18.756 22.582 N
1925 77 19.673 20.461 15.645 N
1926 77 20.263 21.399 14.723 C
1927 77 19.338 21.599 13.531 C
1928 77 19.009 22.709 13.121 O
1929 78 18.908 20.472 12.986 N
1930 78 17.997 20.458 11.855 C
1931 78 16.765 21.336 12.065 C
1932 78 16.439 22.164 11.238 O
1933 78 17.609 19.008 11.551 C
1934 78 18.784 18.324 10.891 C
1935 78 16.395 18.930 10.646 C
1936 78 18.658 16.803 10.819 C
1937 79 16.094 21.106 13.183 N
1938 79 14.873 21.778 13.602 C
1939 79 15.019 23.291 13.723 C
1940 79 14.116 24.081 13.431 O
1941 79 14.462 21.143 14.949 C
1942 79 14.027 19.684 14.799 C
1943 79 13.417 19.142 16.110 C
1944 79 12.968 19.606 13.704 C
1945 80 16.201 23.652 14.149 N
1946 80 16.598 25.006 14.398 C
1947 80 16.877 25.833 13.132 C
1948 80 16.666 27.032 13.124 O
1949 80 17.783 24.930 15.375 C
1950 80 18.588 26.218 15.478 C
1951 80 20.064 26.043 15.931 C
1952 80 20.324 26.475 17.332 
1953 80 21.204 27.392 17.813 
1954 80 21.996 28.135 17.045 
1955 80 21.250 27.544 19.139 N
1956 81 17.372 25.170 12.075 N
1957 81 17.763 25.778 10.807 C
1958 81 16.662 25.906 9.774 C
1959 81 15.964 24.930 9.465 O
1960 81 18.886 24.908 10.217 C
1961 81 19.743 25.646 9.206 C
1962 81 19.270 26.062 8.139 O
1963 81 21.012 25.818 9.555 N
1964 82 16.593 27.121 9.206 N
1965 82 15.640 27.562 8.183 C
1966 82 15.762 26.833 6.856 C
1967 82 14.768 26.630 6.164 O
1968 82 15.689 29.073 7.968 C
1969 83 16.992 26.444 6.510 N
1970 83 17.252 25.706 5.286 C
1971 83 17.012 24.215 5.446 C
1972 83 16.525 23.561 4.543 O
1973 83 18.692 25.910 4.797 C
1974 83 19.011 27.369 4.594 C
1975 83 19.918 27.915 5.670 C
1976 83 20.506 29.272 5.277 
1977 83 21.328 29.885 6.334 
1978 84 17.350 23.697 6.630 N
1979 84 17.259 22.287 6.972 C
1980 84 15.878 21.748 7.344 C
1981 84 15.465 20.700 6.873 O
1982 84 18.284 21.973 8.065 C
1983 84 19.731 22.346 7.726 C
1984 84 20.670 21.715 8.742 C
1985 84 20.103 21.861 6.337 C
1986 85 15.160 22.448 8.203 N
1987 85 13.850 21.964 8.656 C
1988 85 12.818 21.545 7.607 C
1989 85 12.221 20.466 7.656 O
1990 85 13.252 22.917 9.670 C
1991 85 12.067 22.297 10.351 C
1992 85 11.210 23.326 11.064 C
1993 85 9.752 22.912 11.214 C
1994 85 9.597 21.483 11.532 
1995 86 12.548 22.447 6.687 N
1996 86 11.628 22.253 5.594 C
1997 86 12.032 21.042 4.784 C
1998 86 11.221 20.326 4.227 O
1999 86 11.798 23.481 4.705 C
2000 86 12.719 24.455 5.433 C
2001 86 13.193 23.777 6.688 C
2002 87 13.318 20.789 4.739 N
2003 87 13.720 19.641 4.001 C
2004 87 13.375 18.401 4.809 C
2005 87 12.770 17.462 4.335 O
2006 87 15.205 19.717 3.724 C
2007 87 15.666 18.430 3.106 C
2008 87 15.486 20.862 2.761 C
2009 88 13.776 18.428 6.050 N
2010 88 13.536 17.342 6.968 C
2011 88 12.065 17.087 7.054 C
2012 88 11.616 15.937 7.050 O
2013 88 14.045 17.775 8.339 C
2014 88 13.817 16.787 9.444 C
2015 88 14.665 15.691 9.639 C
2016 88 12.798 17.018 10.366 C
2017 88 14.483 14.816 10.708 C
2018 88 12.586 16.137 11.427 C
2019 88 13.442 15.055 11.611 C
2020 88 13.197 14.232 12.685 O
2021 89 11.326 18.183 7.150 N
2022 89 9.884 18.073 7.241 C
2023 89 9.341 17.215 6.126 C
2024 89 8.440 16.367 6.303 O
2025 89 9.161 19.431 7.125 C
2026 89 9.079 20.232 8.381 C
2027 89 9.321 19.531 9.458 O
2028 89 8.799 21.416 8.392 O
2029 90 9.864 17.413 4.958 N
2030 90 9.293 16.662 3.875 C
2031 90 9.899 15.294 3.582 C
2032 90 9.459 14.586 2.671 O
2033 90 9.288 17.523 2.649 C
2034 90 10.625 17.757 2.279 O
2035 91 10.921 14.893 4.286 N
2036 91 11.496 13.609 3.975 C
2037 91 10.733 12.503 4.671 C
2038 91 9.975 12.760 5.592 O
2039 91 12.969 13.560 4.434 C
2040 91 13.928 14.460 3.675 C
2041 91 15.364 14.278 4.166 C
2042 91 13.833 14.195 2.174 C
2043 92 10.980 11.271 4.244 N
2044 92 10.389 10.100 4.872 C
2045 92 11.335 9.596 5.960 C
2046 92 12.474 10.056 6.087 O
2047 92 10.163 8.998 3.830 C
2048 92 11.397 8.760 3.013 C
2049 92 12.269 7.983 3.343 O
2050 92 11.470 9.500 1.926 O
2051 93 10.893 8.625 6.739 N
2052 93 11.729 8.131 7.819 C
2053 93 13.147 7.744 7.497 C
2054 93 14.055 8.116 8.222 O
2055 93 11.034 7.113 8.745 C
2056 94 13.352 6.969 6.438 N
2057 94 14.671 6.520 6.095 C
2058 94 15.528 7.633 5.555 C
2059 94 16.719 7.695 5.818 O
2060 94 14.561 5.411 5.069 C
2061 94 15.912 5.131 4.495 C
2062 94 14.007 4.173 5.735 C
2063 95 14.910 8.506 4.782 N
2064 95 15.635 9.625 4.227 C
2065 95 16.016 10.647 5.275 C
2066 95 17.024 11.311 5.122 O
2067 95 14.905 10.316 3.080 C
2068 95 14.929 9.446 1.825 C
2069 95 14.381 10.139 0.595 C
2070 95 14.673 9.387 -0.624 N
2071 95 13.813 8.542 -1.179 C
2072 95 12.607 8.344 -0.648 N
2073 95 14.166 7.909 -2.294 N
2074 96 15.200 10.790 6.321 N
2075 96 15.517 11.740 7.372 C
2076 96 16.824 11.370 7.998 C
2077 96 17.605 12.208 8.428 O
2078 96 14.451 11.695 8.419 C
2079 96 13.182 12.263 7.866 C
2080 96 12.110 12.331 8.929 C
2081 96 10.992 13.168 8.544 N
2082 96 10.193 13.755 9.423 C
2083 96 10.386 13.614 10.731 N
2084 96 9.186 14.509 8.984 N
2085 97 17.036 10.056 8.067 N
2086 97 18.233 9.473 8.612 C
2087 97 19.516 9.890 7.874 C
2088 97 20.575 10.092 8.487 O
2089 97 18.088 7.959 8.657 C
2090 98 19.425 9.993 6.544 N
2091 98 20.543 10.393 5.741 C
2092 98 20.844 11.866 6.004 C
2093 98 22.009 12.262 6.058 O
2094 98 20.320 10.070 4.282 C
2095 99 19.812 12.643 6.259 N
2096 99 20.016 14.043 6.589 C
2097 99 20.652 14.237 7.970 C
2098 99 21.541 15.022 8.167 O
2099 99 18.668 14.701 6.522 C
2100 99 18.782 16.198 6.658 C
2101 99 19.695 16.725 5.572 C
2102 99 17.389 16.810 6.561 C
2103 100 20.172 13.484 8.956 N
2104 100 20.718 13.618 10.264 C
2105 100 22.147 13.186 10.242 C
2106 100 23.001 13.740 10.928 O
2107 100 19.999 12.652 11.168 C
2108 100 18.579 13.160 11.463 C
2109 100 20.846 12.559 12.426 C
2110 100 17.596 12.064 11.895 C
2111 101 22.404 12.146 9.437 N
2112 101 23.740 11.619 9.332 C
2113 101 24.757 12.697 8.902 C
2114 101 25.855 12.824 9.448 O
2115 101 23.746 10.423 8.341 C
2116 101 25.096 9.735 8.227 C
2117 101 26.156 10.389 8.128 O
2118 101 25.100 8.397 8.269 N
2119 102 24.359 13.462 7.875 N
2120 102 25.133 14.534 7.276 C
2121 102 25.416 15.651 8.284 C
2122 102 26.522 16.190 8.382 O
2123 102 24.366 15.085 6.055 C
2124 102 24.545 14.287 4.771 C
2125 102 23.880 15.156 3.304 S
2126 102 25.261 16.203 2.854 C
2127 103 24.370 15.991 9.048 N
2128 103 24.455 17.000 10.088 C
2129 103 25.326 16.468 11.205 C
2130 103 26.159 17.186 11.799 O
2131 103 23.076 17.402 10.627 C
2132 103 23.265 18.291 11.852 C
2133 103 22.286 18.142 9.567 C
2134 104 25.167 15.175 11.497 N
2135 104 25.996 14.588 12.520 C
2136 104 27.467 14.715 12.119 C
2137 104 28.358 15.088 12.895 O
2138 104 25.606 13.127 12.828 C
2139 104 26.422 12.428 13.909 C
2140 104 27.734 11.970 13.737 C
2141 104 25.816 12.172 15.136 C
2142 104 28.426 11.294 14.748 C
2143 104 26.480 11.484 16.149 C
2144 104 27.793 11.047 15.965 C
2145 105 27.727 14.419 10.863 N
2146 105 29.084 14.500 10.383 C
2147 105 29.586 15.900 10.223 C
2148 105 30.682 16.260 10.648 O
2149 105 29.186 13.799 9.015 C
2150 105 30.631 13.577 8.625 C
2151 105 30.742 13.188 7.156 C
2152 105 29.744 12.879 6.494 O
2153 105 31.954 13.272 6.625 N
2154 106 28.820 16.713 9.539 N
2155 106 29.386 18.011 9.362 C
2156 106 28.751 19.227 10.005 C
2157 106 29.195 20.363 9.818 O
2158 106 29.871 18.231 7.943 C
2159 106 28.703 18.239 6.992 C
2160 106 29.264 17.937 5.297 S
2161 106 27.660 17.560 4.548 C
2162 107 27.733 19.044 10.808 N
2163 107 27.218 20.231 11.418 C
2164 107 26.141 20.888 10.627 C
2165 107 26.019 20.803 9.403 O
2166 108 25.352 21.580 11.405 N
2167 108 24.215 22.283 10.950 C
2168 108 24.522 23.227 9.789 C
2169 108 23.860 23.219 8.756 O
2170 108 23.653 23.042 12.167 C
2171 108 22.349 23.757 11.858 C
2172 108 22.195 25.001 12.688 C
2173 108 22.895 24.967 13.777 O
2174 108 21.531 25.949 12.338 O
2175 109 25.551 24.019 10.022 N
2176 109 26.054 25.079 9.183 C
2177 109 26.625 24.590 7.874 C
2178 109 26.333 25.151 6.799 O
2179 109 27.035 25.907 10.023 C
2180 109 26.258 26.708 10.924 O
2181 109 27.914 26.785 9.151 C
2182 110 27.369 23.507 7.987 N
2183 110 27.952 22.851 6.854 C
2184 110 26.872 22.269 5.968 C
2185 110 26.856 22.478 4.759 O
2186 111 25.965 21.522 6.546 N
2187 111 24.951 20.973 5.700 C
2188 111 24.093 22.085 5.096 C
2189 111 23.729 22.041 3.913 O
2190 111 24.150 19.908 6.440 C
2191 111 23.166 19.274 5.496 C
2192 111 25.068 18.852 6.996 C
2193 112 23.778 23.127 5.881 N
2194 112 22.975 24.215 5.347 C
2195 112 23.583 24.904 4.095 C
2196 112 22.876 25.582 3.370 O
2197 112 22.512 25.194 6.399 C
2198 113 24.889 24.693 3.836 N
2199 113 25.589 25.268 2.683 C
2200 113 25.253 24.605 1.330 C
2201 113 25.504 25.187 0.299 O
2202 114 24.667 23.404 1.331 N
2203 114 24.315 22.691 0.110 C
2204 114 23.021 23.112 -0.473 C
2205 114 22.139 22.283 -0.680 O
2206 114 24.050 21.244 0.464 C
2207 114 25.325 20.563 0.730 C
2208 114 25.975 20.766 1.942 C
2209 114 25.890 19.740 -0.238 C
2210 114 27.172 20.110 2.221 C
2211 114 27.084 19.068 0.022 C
2212 114 27.718 19.265 1.251 C
2213 115 22.944 24.393 -0.745 N
2214 115 21.792 25.092 -1.262 C
2215 115 20.974 24.425 -2.346 C
2216 115 19.745 24.304 -2.273 O
2217 115 22.201 26.526 -1.616 C
2218 115 22.225 27.228 -0.394 O
2219 115 21.202 27.127 -2.575 C
2220 116 21.672 24.041 -3.382 N
2221 116 21.046 23.418 -4.498 C
2222 116 20.575 22.010 -4.175 C
2223 116 19.429 21.674 -4.437 O
2224 116 21.950 23.527 -5.735 C
2225 116 22.055 24.990 -6.109 C
2226 116 21.113 25.754 -5.875 O
2227 116 23.205 25.391 -6.635 N
2228 117 21.441 21.196 -3.600 N
2229 117 21.058 19.835 -3.236 C
2230 117 19.787 19.778 -2.394 C
2231 117 18.825 19.055 -2.686 O
2232 117 22.223 19.119 -2.595 C
2233 117 23.213 19.037 -3.564 O
2234 118 19.775 20.579 -1.335 N
2235 118 18.648 20.612 -0.425 C
2236 118 17.345 20.876 -1.134 C
2237 118 16.338 20.228 -0.875 O
2238 118 18.829 21.633 0.708 C
2239 118 20.046 21.324 1.580 C
2240 118 20.310 22.451 2.571 C
2241 118 19.749 20.043 2.329 C
2242 119 17.385 21.891 -1.979 N
2243 119 16.251 22.319 -2.775 C
2244 119 15.697 21.098 -3.491 C
2245 119 14.517 20.767 -3.450 O
2246 119 16.737 23.394 -3.748 C
2247 119 15.661 24.197 -4.473 C
2248 119 16.069 24.750 -5.862 C
2249 119 17.314 25.513 -5.884 
2250 119 17.735 26.369 -4.954 
2251 119 17.032 26.628 -3.855 
2252 119 18.909 26.995 -5.121 N
2253 120 16.604 20.389 -4.126 N
2254 120 16.190 19.227 -4.836 C
2255 120 15.597 18.198 -3.931 C
2256 120 14.587 17.573 -4.271 O
2257 120 17.367 18.564 -5.573 C
2258 120 17.663 19.240 -6.907 C
2259 120 19.299 18.734 -7.379 S
2260 120 20.084 20.360 -7.470 C
2261 121 16.261 17.974 -2.820 N
2262 121 15.713 16.990 -1.925 C
2263 121 14.345 17.440 -1.502 C
2264 121 13.449 16.633 -1.369 O
2265 121 16.544 16.759 -0.672 C
2266 121 17.811 15.939 -0.895 C
2267 121 18.721 16.163 0.286 C
2268 121 17.494 14.460 -1.025 C
2269 122 14.172 18.743 -1.330 N
2270 122 12.876 19.214 -0.916 C
2271 122 11.781 18.893 -1.909 C
2272 122 10.642 18.676 -1.537 O
2273 122 12.873 20.684 -0.515 C
2274 122 11.602 21.045 0.245 C
2275 122 11.609 22.500 0.657 C
2276 122 12.681 23.098 0.816 O
2277 122 10.419 23.080 0.824 N
2278 123 12.177 18.852 -3.182 N
2279 123 11.308 18.555 -4.302 C
2280 123 11.244 17.086 -4.676 C
2281 123 10.642 16.681 -5.655 O
2282 123 11.704 19.440 -5.504 C
2283 123 11.506 20.920 -5.109 C
2284 123 11.909 21.896 -6.199 C
2285 123 11.974 21.536 -7.381 
2286 123 12.142 23.142 -5.795 N
2287 124 11.882 16.273 -3.869 N
2288 124 11.819 14.879 -4.133 C
2289 124 12.402 14.494 -5.458 C
2290 124 12.033 13.491 -6.032 O
2291 124 10.419 14.352 -3.950 C
2292 124 9.774 15.000 -2.738 C
2293 124 8.524 14.265 -2.237 C
2294 124 8.314 14.504 -0.757 C
2295 124 9.577 14.752 -0.032 
2296 125 13.367 15.286 -5.878 N
2297 125 14.115 15.023 -7.079 C
2298 125 15.379 14.216 -6.703 C
2299 125 16.530 14.691 -6.778 O
2300 125 14.408 16.338 -7.794 C
2301 125 13.122 17.185 -7.835 C
2302 125 13.366 18.556 -8.424 C
2303 125 14.206 18.518 -9.597 N
2304 125 14.554 19.628 -10.238 C
2305 125 14.107 20.774 -9.764 N
2306 125 15.349 19.644 -11.320 N
2307 126 15.139 12.964 -6.285 N
2308 126 16.155 12.026 -5.793 C
2309 126 17.424 11.803 -6.582 C
2310 126 18.494 11.712 -6.007 O
2311 126 15.592 10.695 -5.299 C
2312 126 14.270 10.825 -4.605 C
2313 126 13.143 10.201 -4.963 C
2314 126 13.958 11.589 -3.419 C
2315 126 12.109 10.526 -4.093 N
2316 126 12.584 11.368 -3.136 C
2317 126 14.688 12.412 -2.591 C
2318 126 11.947 11.971 -2.041 C
2319 126 14.058 13.026 -1.523 C
2320 126 12.714 12.783 -1.233 C
2321 127 17.268 11.673 -7.880 N
2322 127 18.332 11.414 -8.803 C
2323 127 19.100 12.707 -9.113 C
2324 127 20.345 12.737 -9.194 O
2325 127 17.687 10.755 -10.078 C
2326 127 16.203 11.022 -10.172 
2327 127 15.685 12.090 -9.916 
2328 127 15.520 9.966 -10.609 O
2329 128 18.355 13.806 -9.241 N
2330 128 19.044 15.049 -9.495 C
2331 128 19.887 15.336 -8.285 C
2332 128 21.094 15.597 -8.377 O
2333 128 18.131 16.211 -9.887 C
2334 128 17.224 15.765 -11.078 C
2335 128 16.223 16.795 -11.477 C
2336 128 16.779 17.936 -11.868 O
2337 128 15.027 16.594 -11.466 O
2338 129 19.259 15.182 -7.130 N
2339 129 19.999 15.403 -5.904 C
2340 129 21.239 14.516 -5.760 C
2341 129 22.339 15.022 -5.486 O
2342 129 19.116 15.405 -4.653 C
2343 130 21.075 13.192 -5.970 N
2344 130 22.186 12.259 -5.836 C
2345 130 23.311 12.629 -6.742 C
2346 130 24.458 12.600 -6.342 O
2347 130 21.794 10.811 -6.075 C
2348 131 22.940 12.998 -7.957 N
2349 131 23.867 13.379 -8.996 C
2350 131 24.711 14.576 -8.536 C
2351 131 25.938 14.661 -8.685 O
2352 131 23.029 13.709 -10.259 C
2353 131 23.550 14.898 -11.023 C
2354 131 22.778 12.516 -11.201 C
2355 132 24.039 15.514 -7.952 N
2356 132 24.716 16.700 -7.498 C
2357 132 25.609 16.523 -6.310 C
2358 132 26.677 17.129 -6.175 O
2359 132 23.634 17.631 -7.015 C
2360 132 23.586 18.851 -7.857 C
2361 132 23.987 19.928 -7.411 O
2362 132 23.056 18.697 -9.068 N
2363 133 25.093 15.763 -5.363 N
2364 133 25.833 15.551 -4.159 C
2365 133 27.142 14.826 -4.442 C
2366 133 28.141 15.049 -3.756 O
2367 133 24.995 14.781 -3.113 C
2368 133 23.955 15.567 -2.311 C
2369 133 22.956 14.572 -1.756 C
2370 133 24.605 16.333 -1.130 C
2371 134 27.125 13.955 -5.462 N
2372 134 28.306 13.184 -5.802 C
2373 134 29.434 14.040 -6.349 C
2374 134 30.591 13.633 -6.339 O
2375 134 27.988 11.931 -6.645 C
2376 135 29.110 15.265 -6.736 N
2377 135 30.129 16.180 -7.266 C
2378 135 30.695 17.092 -6.184 C
2379 135 31.437 18.029 -6.456 O
2380 135 29.547 17.114 -8.323 C
2381 135 28.621 16.549 -9.382 C
2382 135 28.350 17.581 -10.469 C
2383 135 27.251 17.192 -11.434 
2384 135 26.081 18.076 -11.357 N
2385 136 30.320 16.856 -4.947 N
2386 136 30.770 17.736 -3.920 C
2387 136 32.116 17.386 -3.311 C
2388 136 32.647 16.301 -3.489 O
2389 136 29.690 17.896 -2.843 C
2390 136 29.644 16.691 -2.078 O
2391 137 32.650 18.338 -2.546 N
2392 137 33.880 18.130 -1.836 C
2393 137 33.643 17.129 -0.710 C
2394 137 34.506 16.337 -0.412 O
2395 137 34.429 19.446 -1.277 C
2396 137 35.957 19.526 -1.246 
2397 137 36.443 20.922 -0.870 
2398 137 36.894 20.999 0.518 N
2399 137 38.178 20.947 0.815 C
2400 137 39.044 20.813 -0.184 
2401 137 38.640 21.045 2.063 N
2402 138 32.450 17.152 -0.074 N
2403 138 32.153 16.202 0.971 C
2404 138 32.329 14.822 0.404 C
2405 138 32.961 13.939 0.957 O
2406 138 30.695 16.358 1.410 C
2407 138 30.039 15.174 2.086 C
2408 138 30.396 14.649 3.290 C
2409 138 28.837 14.477 1.685 C
2410 138 29.505 13.670 3.673 N
2411 138 28.513 13.554 2.731 C
2412 138 27.980 14.520 0.577 C
2413 138 27.431 12.677 2.640 C
2414 138 26.881 13.680 0.507 C
2415 138 26.601 12.761 1.523 C
2416 139 31.787 14.664 -0.761 N
2417 139 31.925 13.387 -1.389 C
2418 139 33.387 13.037 -1.652 C
2419 139 33.851 11.924 -1.399 O
2420 139 31.019 13.324 -2.617 C
2421 139 31.056 12.002 -3.332 C
2422 139 32.047 11.749 -4.277 C
2423 139 30.091 11.018 -3.107 C
2424 139 32.090 10.513 -4.925 C
2425 139 30.101 9.787 -3.768 C
2426 139 31.105 9.546 -4.702 C
2427 139 31.142 8.340 -5.353 O
2428 140 34.163 13.983 -2.168 N
2429 140 35.534 13.665 -2.430 C
2430 140 36.371 13.202 -1.242 C
2431 140 37.183 12.290 -1.325 O
2432 140 36.196 14.728 -3.293 C
2433 140 35.851 14.278 -4.680 C
2434 140 34.724 14.457 -5.132 O
2435 140 36.729 13.469 -5.248 
2436 141 36.134 13.898 -0.128 N
2437 141 36.774 13.651 1.151 C
2438 141 36.413 12.324 1.829 C
2439 141 37.287 11.667 2.345 O
2440 141 36.587 14.811 2.129 C
2441 141 37.370 16.048 1.659 C
2442 141 36.619 17.281 2.074 
2443 141 36.010 17.965 1.236 
2444 141 36.614 17.546 3.379 N
2445 142 35.139 11.923 1.847 N
2446 142 34.749 10.637 2.458 C
2447 142 33.778 9.921 1.540 C
2448 142 32.589 9.794 1.865 O
2449 142 34.062 10.784 3.825 C
2450 142 32.854 11.510 3.668 O
2451 142 34.966 11.491 4.826 C
2452 143 34.290 9.468 0.381 N
2453 143 33.551 8.799 -0.710 C
2454 143 32.654 7.556 -0.409 C
2455 143 31.509 7.427 -0.858 O
2456 143 34.634 8.438 -1.753 C
2457 143 35.999 8.676 -1.109 C
2458 143 35.774 9.356 0.241 C
2459 144 33.200 6.597 0.361 N
2460 144 32.498 5.390 0.740 C
2461 144 31.257 5.724 1.554 C
2462 144 30.144 5.315 1.244 O
2463 144 33.459 4.518 1.576 C
2464 144 34.624 3.977 0.760 C
2465 144 34.619 4.019 -0.469 O
2466 144 35.605 3.406 1.446 N
2467 145 31.494 6.502 2.603 N
2468 145 30.433 6.940 3.462 C
2469 145 29.467 7.824 2.713 C
2470 145 28.240 7.698 2.832 O
2471 145 31.001 7.730 4.596 C
2472 145 29.873 8.380 5.401 C
2473 145 30.396 9.173 6.557 C
2474 145 29.356 9.575 7.480 N
2475 145 29.685 9.856 8.712 C
2476 145 30.945 9.762 9.126 N
2477 145 28.747 10.208 9.570 N
2478 146 30.011 8.762 1.919 N
2479 146 29.121 9.635 1.155 C
2480 146 28.269 8.855 0.161 C
2481 146 27.072 9.114 -0.055 O
2482 146 29.868 10.819 0.502 C
2483 147 28.875 7.852 -0.478 N
2484 147 28.115 7.038 -1.409 C
2485 147 26.891 6.419 -0.710 C
2486 147 25.760 6.352 -1.241 O
2487 147 29.002 5.927 -1.944 C
2488 147 29.040 5.831 -3.467 C
2489 147 30.275 5.073 -4.003 
2490 147 31.630 5.717 -3.661 C
2491 147 32.671 4.777 -3.192 N
2492 148 27.158 5.922 0.480 N
2493 148 26.153 5.242 1.252 C
2494 148 25.087 6.211 1.590 C
2495 148 23.919 5.926 1.462 O
2496 148 26.762 4.662 2.523 C
2497 148 27.588 3.424 2.303 C
2498 148 27.886 2.641 3.597 C
2499 148 28.705 3.362 4.604 N
2500 148 30.020 3.205 4.753 C
2501 148 30.662 2.360 3.927 N
2502 148 30.734 3.858 5.675 N
2503 149 25.508 7.367 2.066 N
2504 149 24.523 8.340 2.397 C
2505 149 23.839 8.742 1.127 C
2506 149 22.617 8.820 1.097 O
2507 149 25.066 9.561 3.134 C
2508 149 23.991 10.640 3.262 C
2509 149 25.557 9.153 4.482 C
2510 150 24.579 8.949 0.045 N
2511 150 23.819 9.330 -1.135 C
2512 150 22.828 8.232 -1.634 C
2513 150 21.758 8.554 -2.081 O
2514 150 24.694 9.886 -2.259 C
2515 150 25.227 11.295 -1.952 C
2516 150 23.966 9.804 -3.610 C
2517 150 26.757 11.389 -2.210 C
2518 151 23.146 6.927 -1.559 N
2519 151 22.205 5.887 -2.017 C
2520 151 20.906 5.965 -1.267 C
2521 151 19.811 5.844 -1.812 O
2522 151 22.842 4.492 -1.830 C
2523 151 24.014 4.461 -2.562 O
2524 151 21.927 3.359 -2.274 C
2525 152 21.060 6.220 0.034 N
2526 152 19.942 6.325 0.919 C
2527 152 18.983 7.409 0.460 C
2528 152 17.790 7.162 0.341 O
2529 152 20.311 6.364 2.426 C
2530 152 21.309 5.388 2.728 O
2531 152 19.093 6.115 3.250 C
2532 153 19.493 8.591 0.142 N
2533 153 18.620 9.634 -0.381 C
2534 153 18.027 9.250 -1.725 C
2535 153 16.945 9.620 -2.114 O
2536 153 19.422 10.905 -0.634 C
2537 153 19.613 11.807 0.572 C
2538 153 18.537 12.174 1.371 C
2539 153 20.884 12.277 0.905 C
2540 153 18.697 13.023 2.467 C
2541 153 21.071 13.131 1.991 C
2542 153 19.969 13.523 2.753 C
2543 154 18.801 8.516 -2.476 N
2544 154 18.321 8.193 -3.758 C
2545 154 17.264 7.136 -3.710 C
2546 154 16.254 7.221 -4.380 O
2547 154 19.472 7.737 -4.632 C
2548 154 19.026 7.682 -6.082 C
2549 154 20.121 7.297 -7.053 C
2550 154 21.149 6.419 -6.480 N
2551 154 21.049 5.097 -6.483 
2552 154 19.979 4.484 -6.979 
2553 154 22.024 4.357 -5.955 N
2554 155 17.482 6.142 -2.898 N
2555 155 16.529 5.068 -2.913 C
2556 155 15.475 5.038 -1.836 C
2557 155 14.390 4.509 -2.067 O
2558 155 17.276 3.750 -2.878 C
2559 155 17.875 3.627 -1.607 O
2560 155 18.337 3.718 -3.995 C
2561 156 15.797 5.525 -0.656 N
2562 156 14.801 5.460 0.422 C
2563 156 14.877 4.119 1.118 C
2564 156 14.019 3.771 1.892 O
2565 157 15.961 3.399 0.856 N
2566 157 16.172 2.106 1.444 C
2567 157 17.514 2.096 2.122 C
2568 157 18.282 3.028 1.938 O
2569 157 16.170 1.045 0.359 C
2570 157 17.436 1.082 -0.284 O
2571 157 15.047 1.339 -0.620 C
2572 158 17.782 1.041 2.892 N
2573 158 19.021 0.923 3.644 C
2574 158 19.994 -0.007 2.977 C
2575 158 20.973 -0.480 3.568 O
2576 158 18.750 0.341 5.054 C
2577 158 17.880 1.152 5.957 C
2578 158 16.610 0.831 6.333 C
2579 158 18.201 2.350 6.663 C
2580 158 16.104 1.766 7.201 N
2581 158 17.056 2.703 7.441 C
2582 158 19.326 3.157 6.705 C
2583 158 16.992 3.837 8.219 C
2584 158 19.269 4.280 7.493 C
2585 158 18.132 4.609 8.244 C
2586 159 19.676 -0.305 1.749 N
2587 159 20.472 -1.222 0.959 C
2588 159 21.997 -1.028 1.005 C
2589 159 22.717 -2.037 1.050 O
2590 159 19.964 -1.321 -0.494 C
2591 159 18.679 -2.077 -0.645 C
2592 159 18.365 -2.773 0.431 O
2593 159 17.983 -2.032 -1.651 O
2594 160 22.506 0.233 0.954 N
2595 160 23.956 0.513 0.978 C
2596 160 24.627 0.081 2.261 C
2597 160 25.854 -0.118 2.324 O
2598 160 24.334 1.946 0.603 C
2599 161 23.801 -0.142 3.278 N
2600 161 24.258 -0.550 4.590 C
2601 161 24.059 -2.032 4.839 C
2602 161 24.743 -2.613 5.665 O
2603 161 23.482 0.211 5.684 C
2604 161 23.942 1.651 5.766 C
2605 161 23.410 2.599 4.902 C
2606 161 24.992 2.021 6.604 C
2607 161 23.876 3.916 4.916 C
2608 161 25.466 3.335 6.634 C
2609 161 24.915 4.268 5.763 C
2610 161 25.356 5.586 5.758 O
2611 162 23.074 -2.624 4.157 N
2612 162 22.779 -4.050 4.337 C
2613 162 23.764 -4.979 3.609 C
2614 162 23.882 -6.166 3.933 O
2615 162 21.272 -4.479 4.340 C
2616 162 20.403 -4.056 5.536 C
2617 162 18.883 -4.056 5.271 C
2618 162 17.995 -4.221 6.514 C
2619 162 16.556 -4.107 6.206 
2620 163 24.563 -4.434 2.646 N
2621 163 25.555 -5.189 1.884 C
2622 163 26.952 -4.617 2.049 C
2623 163 27.362 -3.715 1.286 O
2624 163 25.282 -5.139 0.378 C
2625 163 24.424 -6.216 -0.248 C
2626 163 23.736 -5.933 -1.223 O
2627 163 24.449 -7.437 0.272 N
2628 164 27.690 -5.094 3.040 N
2629 164 29.033 -4.582 3.286 C
2630 164 30.158 -5.607 3.346 C
2631 164 31.341 -5.109 3.318 O
2632 164 29.106 -3.659 4.526 C
2633 164 28.267 -2.398 4.384 C
2634 164 27.713 -1.998 5.744 C
2635 164 29.130 -1.272 3.843 C
2636 164 29.892 -6.832 3.459 O
