1289 3099
0 2
0 3
0 4
1 3
1 5
1 8
2 4
2 5
2 9
3 8
3 9
4 6
4 7
5 7
5 8
8 10
8 11
8 12
8 13
9 11
9 13
9 14
9 16
10 12
10 13
10 14
10 17
10 18
11 16
11 17
11 18
11 44
12 14
12 15
12 16
14 15
14 24
14 35
16 18
16 20
16 22
16 24
17 19
17 21
17 22
17 23
17 24
18 20
18 21
18 25
18 26
19 24
19 25
19 26
19 52
20 23
21 22
24 26
24 28
24 29
24 35
25 27
25 29
25 35
26 28
26 36
26 37
27 35
27 36
27 37
27 60
28 30
28 31
28 35
29 32
29 33
29 34
30 31
30 33
30 34
31 32
31 34
32 33
35 37
35 39
35 40
35 44
36 38
36 40
36 44
37 39
37 45
37 46
38 44
38 45
38 46
38 71
39 41
39 42
39 44
40 42
40 43
42 43
44 46
44 48
44 52
45 47
45 49
45 52
46 48
46 49
46 53
46 54
47 52
47 53
47 54
47 71
47 79
48 50
48 52
49 51
52 54
52 56
52 60
53 55
53 57
53 59
53 60
54 56
54 61
54 62
54 71
55 56
55 60
55 61
55 62
55 87
56 58
56 59
58 59
60 62
60 64
60 71
61 63
61 65
61 71
62 64
62 65
62 72
62 73
63 65
63 71
63 72
63 73
63 96
64 66
65 67
66 68
66 69
67 69
67 70
69 70
71 73
71 75
71 76
71 79
72 74
72 76
72 77
72 79
73 75
73 77
73 80
73 81
74 77
74 79
74 80
74 81
75 78
75 79
76 77
77 78
79 81
79 83
79 84
79 85
79 87
80 82
80 84
80 85
80 87
81 83
81 88
82 83
82 87
82 88
83 85
83 86
85 86
85 1168
85 1171
86 790
86 1279
87 89
87 91
87 92
87 96
88 90
88 92
88 93
88 94
88 96
89 91
89 97
89 98
89 99
90 91
90 96
90 97
90 98
91 93
91 94
92 94
92 95
94 95
95 1145
95 1146
96 98
96 99
97 99
97 100
98 101
99 100
99 101
100 102
100 103
100 104
101 103
101 105
101 108
102 104
102 105
102 109
102 113
103 104
103 108
103 109
104 106
104 107
106 107
108 110
108 111
108 112
108 113
108 235
109 111
109 113
109 119
110 112
110 120
111 112
111 119
111 120
111 232
111 233
112 114
112 115
113 115
114 116
114 117
115 117
115 118
117 118
119 121
119 123
119 124
119 127
120 122
120 124
120 126
120 127
121 123
121 128
122 123
122 127
122 128
122 446
123 125
123 126
125 126
127 129
127 130
127 131
128 130
128 132
128 136
129 131
129 137
129 138
129 139
130 131
130 136
130 137
130 138
130 139
131 133
131 136
132 134
133 135
136 138
136 139
136 140
136 141
136 438
137 139
137 141
137 142
137 144
138 140
138 142
138 145
139 140
139 144
139 145
140 143
141 142
142 143
142 144
144 146
144 147
144 148
144 149
144 220
145 147
145 149
145 156
146 148
146 149
146 157
147 156
147 157
147 206
147 217
148 150
148 151
148 156
149 152
149 153
149 154
150 151
150 153
150 154
151 152
151 154
152 153
152 155
153 155
156 158
156 159
156 160
156 161
157 159
157 161
157 165
157 196
158 160
158 166
158 167
158 168
159 160
159 165
159 166
159 168
160 162
161 163
162 164
162 192
165 167
165 168
165 169
165 171
165 196
166 168
166 170
166 171
166 173
167 169
167 170
167 171
167 174
167 175
167 180
168 173
168 174
168 175
168 180
169 171
169 172
169 173
171 172
171 180
171 193
173 175
173 177
173 178
173 179
173 180
174 176
174 178
174 179
174 180
175 177
175 178
175 181
176 177
176 180
176 181
178 179
180 182
180 184
180 185
180 189
181 183
181 185
181 189
182 184
182 190
183 184
183 189
183 190
184 186
184 187
185 187
185 188
187 188
189 191
189 193
190 192
190 193
191 194
192 193
192 194
193 195
193 196
193 197
193 198
194 196
194 198
194 199
194 205
195 197
195 206
195 207
196 197
196 205
196 206
196 207
196 222
197 199
197 200
197 205
198 201
198 202
198 203
199 200
199 202
199 203
200 201
200 203
201 202
201 204
202 204
205 207
205 208
205 209
205 210
206 208
206 210
206 211
206 217
207 209
207 218
207 222
208 209
208 217
208 218
208 222
208 266
209 211
209 212
210 213
210 214
210 215
211 212
211 214
211 215
212 213
212 215
213 214
213 216
213 315
214 216
217 219
217 220
217 221
217 222
218 220
218 222
218 223
218 224
219 221
219 223
219 225
219 228
220 224
220 225
221 224
222 223
223 224
224 226
224 227
224 228
224 230
224 251
225 227
225 229
225 230
225 232
226 228
226 229
226 230
226 233
226 234
227 232
227 233
227 234
227 248
228 231
228 232
229 230
229 232
232 234
232 235
233 235
233 236
234 237
235 236
235 237
236 238
236 240
236 241
236 244
237 239
237 241
237 242
237 244
238 240
238 242
238 245
238 246
239 240
239 242
239 244
239 245
239 246
240 243
241 242
244 246
244 248
245 247
245 248
246 249
247 248
247 249
248 250
248 251
248 252
249 251
249 253
249 258
250 252
250 253
250 259
250 260
251 252
251 258
251 259
251 260
252 254
252 255
253 256
253 257
254 255
254 257
254 553
255 256
258 260
258 261
258 262
259 261
259 263
259 264
259 266
260 262
260 263
260 267
260 268
261 262
261 266
261 267
262 264
262 265
264 265
266 268
266 270
266 271
266 274
267 269
267 271
267 274
268 270
268 275
268 278
269 274
269 275
270 272
270 273
270 274
272 273
274 276
274 277
274 278
274 280
275 277
275 279
275 280
275 281
276 278
276 279
276 280
276 282
277 281
277 282
278 281
279 280
279 281
279 290
281 283
281 285
281 286
281 290
282 284
282 286
282 290
283 285
283 291
283 292
284 285
284 290
284 291
284 292
285 287
286 288
287 289
290 292
290 293
290 294
291 293
291 295
291 296
291 302
292 294
292 295
292 297
292 298
292 302
292 303
293 295
293 296
293 297
293 298
293 303
295 296
295 303
296 298
296 300
296 301
296 303
297 299
297 301
297 302
297 303
298 300
298 304
299 300
299 303
299 304
300 302
303 305
303 306
303 307
304 306
304 308
304 309
305 307
305 308
305 310
305 311
306 307
306 309
306 310
306 311
306 325
306 330
309 311
309 313
309 317
310 312
310 314
310 315
310 317
311 313
311 314
311 318
311 319
312 314
312 317
312 318
312 319
312 335
312 340
313 315
313 316
315 316
317 319
317 321
317 322
317 323
317 325
318 320
318 322
318 323
318 325
319 321
319 326
319 327
319 330
320 325
320 326
320 327
320 328
320 330
320 335
320 344
321 323
321 324
321 325
323 324
325 327
325 329
325 330
326 328
326 330
327 329
327 331
327 332
328 330
328 331
328 332
328 350
329 330
330 332
330 334
330 335
331 333
331 335
332 334
332 336
332 337
332 344
333 335
333 336
333 337
333 350
333 359
335 337
335 339
335 340
335 344
336 338
336 340
336 344
337 339
337 345
337 346
338 344
338 345
338 346
338 359
338 367
339 341
340 342
341 343
344 346
344 348
344 350
345 347
345 349
345 350
346 348
346 349
346 351
346 352
347 349
347 350
347 351
347 352
347 375
350 352
350 354
350 355
350 359
351 353
351 355
351 356
351 359
352 354
352 360
352 361
353 359
353 360
353 361
353 384
354 356
354 357
354 359
355 357
355 358
357 358
357 383
359 361
359 363
359 367
360 362
360 364
360 365
360 367
361 363
361 364
361 368
361 369
362 367
362 368
362 369
362 384
362 389
362 394
363 365
363 366
363 367
365 366
366 425
367 369
367 371
367 372
367 373
367 375
368 370
368 372
368 373
368 375
369 371
369 376
369 377
370 375
370 376
370 377
370 397
370 398
370 401
371 373
371 374
371 375
371 404
372 404
373 374
373 404
373 420
373 424
373 425
375 377
375 379
375 384
376 378
376 380
376 384
377 379
377 380
377 385
377 386
378 384
378 385
378 386
379 381
379 384
380 382
380 383
381 383
384 386
384 388
384 389
385 387
385 389
386 388
386 390
387 389
387 390
388 389
389 391
389 393
389 394
389 397
390 392
390 394
390 395
390 396
390 397
391 393
391 395
391 398
392 395
392 397
392 398
393 396
394 395
395 396
397 399
397 401
398 400
398 401
399 402
399 405
400 401
400 402
400 405
401 403
401 404
401 405
402 404
402 406
402 412
403 405
403 406
403 413
403 414
404 412
404 413
404 414
404 420
405 407
405 412
406 408
406 409
406 410
407 409
407 410
408 410
408 411
408 486
410 411
411 485
412 414
412 415
412 416
413 415
413 417
413 418
413 420
414 416
414 421
415 416
415 420
415 421
416 418
416 419
418 419
420 422
420 424
420 425
420 426
420 427
421 423
421 425
421 426
421 427
422 424
422 425
422 428
422 429
422 431
422 435
423 424
423 427
423 428
423 429
423 431
423 435
424 427
425 426
425 427
425 435
427 429
427 431
427 435
428 430
428 432
428 435
429 431
429 432
429 436
430 431
430 432
430 433
430 435
430 436
431 433
431 434
433 434
435 437
435 439
436 438
436 439
437 440
438 439
438 440
439 441
439 442
439 443
439 445
440 442
440 444
440 445
440 446
441 443
441 444
441 447
442 443
442 446
442 447
444 445
446 448
446 449
446 450
446 451
446 452
447 449
447 451
447 452
447 454
448 450
448 451
448 455
449 454
449 455
450 453
450 454
450 485
451 452
452 453
454 456
454 457
454 458
454 459
454 460
454 485
455 457
455 459
455 460
455 461
456 458
456 459
456 462
456 463
456 470
457 459
457 461
457 462
457 463
457 478
457 487
458 461
459 460
459 478
461 463
461 465
461 470
462 464
462 466
462 470
463 465
463 466
463 471
463 472
463 478
464 470
464 471
464 472
464 492
465 467
465 470
466 468
467 469
470 472
470 474
470 475
470 476
470 478
471 473
471 475
471 476
471 478
472 474
472 479
472 480
473 478
473 479
473 480
473 501
474 476
474 477
474 478
476 477
478 480
478 482
478 483
478 487
479 481
479 483
479 487
480 482
480 488
480 489
481 487
481 488
481 489
481 501
481 510
482 484
482 485
482 487
483 485
483 486
485 486
487 489
487 491
487 492
488 490
488 492
489 491
489 493
489 494
490 492
490 493
490 494
490 518
491 492
492 494
492 496
492 497
492 501
493 495
493 497
493 501
494 496
494 502
494 503
495 496
495 501
495 502
495 503
495 529
496 498
496 499
497 499
497 500
499 500
501 503
501 505
501 510
502 504
502 506
502 510
503 505
503 506
503 511
503 512
504 510
504 511
504 512
504 537
505 507
505 510
506 508
507 509
510 512
510 514
510 515
510 518
511 513
511 515
511 517
511 518
512 514
512 519
512 520
513 518
513 519
513 520
513 537
513 546
514 516
514 517
514 518
516 517
518 520
518 522
518 529
519 521
519 523
519 524
519 529
520 522
520 523
520 530
520 531
521 529
521 530
521 531
521 546
521 554
522 524
522 525
523 526
523 527
523 528
524 525
524 527
524 528
525 526
525 528
526 527
529 531
529 533
529 537
530 532
530 534
530 535
530 537
531 533
531 538
531 539
532 537
532 538
532 539
532 561
533 535
533 536
533 537
535 536
537 539
537 541
537 542
537 546
538 540
538 542
538 546
539 541
539 547
539 548
540 546
540 547
540 548
540 569
541 543
541 545
541 546
542 544
542 545
544 545
546 548
546 550
546 551
546 552
546 554
547 549
547 551
547 552
547 554
548 550
548 555
548 556
549 554
549 555
549 556
549 574
550 552
550 553
550 554
552 553
554 556
554 558
554 560
554 561
555 557
555 559
555 560
555 561
556 558
556 559
556 562
556 563
556 569
557 561
557 562
557 563
557 564
557 569
557 574
557 579
558 561
559 560
561 563
561 565
561 569
562 564
562 566
562 567
562 569
563 565
563 566
563 570
563 571
563 574
564 569
564 570
564 571
564 586
565 567
565 568
565 569
567 568
568 593
568 594
568 596
569 571
569 573
569 574
570 572
570 574
571 573
571 575
571 576
572 573
572 574
572 575
572 576
572 597
573 574
574 576
574 578
574 579
575 577
575 579
576 578
576 580
576 581
577 579
577 580
577 581
577 601
578 579
579 581
579 583
579 585
579 586
580 582
580 584
580 585
580 586
581 583
581 584
581 587
581 588
581 597
582 584
582 586
582 587
582 588
582 601
582 609
583 586
584 585
586 588
586 590
586 591
586 597
587 589
587 591
587 597
588 590
588 598
588 599
588 601
589 597
589 598
589 599
589 601
589 617
590 592
590 595
591 593
591 594
591 595
592 594
592 595
593 595
593 596
595 596
597 599
597 601
598 600
598 601
599 602
599 603
600 601
600 602
600 603
600 628
601 603
601 605
601 609
602 604
602 606
602 607
602 609
603 605
603 607
603 610
603 611
603 617
604 607
604 609
604 610
604 611
604 617
604 628
605 608
605 609
606 607
609 611
609 613
609 614
609 617
610 612
610 614
610 616
610 617
611 613
611 618
612 613
612 617
612 618
613 615
613 616
615 616
617 619
617 621
617 628
618 620
618 622
618 628
619 621
619 629
619 630
620 621
620 628
620 629
621 623
622 624
623 625
623 626
624 626
624 627
626 627
628 630
628 631
628 632
629 631
629 633
629 634
629 636
630 632
630 633
630 634
630 637
630 638
631 636
631 637
631 638
631 658
632 634
632 635
634 635
634 636
634 641
634 648
634 649
634 650
635 649
636 638
636 640
636 641
637 639
637 641
638 640
638 642
638 643
639 640
639 641
639 642
639 643
639 673
641 643
641 645
641 646
641 650
642 644
642 646
642 650
643 645
643 651
644 650
644 651
645 647
645 648
646 648
647 649
650 652
650 654
650 655
650 658
651 653
651 655
651 657
651 658
652 654
652 659
652 660
653 658
653 659
653 660
653 674
653 681
654 656
654 657
656 657
658 660
658 662
658 667
658 673
659 661
659 663
659 667
659 673
660 662
660 663
660 668
660 669
660 673
660 674
661 667
661 668
661 669
661 693
662 664
662 667
663 665
663 666
664 666
666 699
666 700
667 669
667 671
667 672
667 674
668 670
668 672
668 673
668 674
669 671
669 675
669 676
670 674
670 675
670 676
670 677
670 701
671 673
671 674
674 676
674 678
674 680
674 681
675 677
675 679
675 680
675 681
676 678
676 679
676 682
676 683
676 693
677 681
677 682
677 683
677 701
677 706
678 681
679 680
681 683
681 685
681 693
682 684
682 686
682 693
683 685
683 686
683 694
683 695
683 701
684 693
684 694
684 695
684 701
684 707
684 753
685 687
685 688
685 693
686 689
686 690
686 691
687 688
687 690
687 691
688 689
688 691
689 690
689 692
690 692
693 695
693 697
693 698
693 701
694 696
694 698
694 699
694 701
695 697
695 702
696 697
696 701
696 702
696 756
697 699
697 700
699 700
701 703
701 705
701 706
701 707
702 704
702 706
702 707
703 705
703 706
703 708
704 705
704 707
704 708
704 964
707 709
707 710
707 711
707 712
708 710
708 712
708 715
709 711
709 716
709 717
709 718
710 715
710 716
710 753
711 713
711 714
711 715
713 714
715 717
715 718
715 719
715 720
715 721
716 718
716 720
716 721
716 723
717 719
717 720
717 722
717 724
717 725
718 723
718 724
718 725
718 746
719 721
719 722
719 723
721 722
721 744
722 728
722 735
723 725
723 727
723 728
724 726
724 728
725 727
725 729
725 730
726 727
726 728
726 729
726 730
728 730
728 732
728 734
728 735
729 731
729 733
729 734
729 735
730 732
730 733
730 736
730 737
730 746
731 735
731 736
731 737
731 746
731 757
731 762
732 735
733 734
735 737
735 739
735 740
735 746
736 738
736 740
736 746
737 739
737 747
737 748
737 757
738 739
738 746
738 747
738 748
738 762
738 767
739 741
740 742
741 743
741 744
742 744
742 745
742 1204
744 745
745 984
745 1215
746 748
746 750
746 757
747 749
747 751
747 757
748 750
748 758
748 759
748 762
749 757
749 758
749 759
749 767
749 775
750 752
750 757
751 753
752 754
752 755
753 755
753 756
755 756
757 759
757 761
757 762
758 760
758 762
759 761
759 763
759 764
759 767
760 762
760 763
760 764
760 783
761 762
762 764
762 766
762 767
763 765
763 767
764 766
764 768
764 769
765 767
765 768
765 769
766 767
767 769
767 771
767 775
768 770
768 772
768 773
768 775
769 771
769 772
769 776
769 777
770 775
770 776
770 777
770 799
771 773
771 774
773 774
775 777
775 779
775 780
775 783
776 778
776 780
776 781
776 783
777 779
777 781
777 784
777 785
778 781
778 783
778 784
778 785
778 806
779 782
779 783
780 781
781 782
783 785
783 787
783 791
784 786
784 788
784 789
784 791
785 787
785 788
785 789
785 792
785 793
786 789
786 791
786 792
786 793
786 817
787 789
787 790
787 791
789 790
789 1143
789 1146
791 793
791 795
791 799
792 794
792 796
792 799
793 795
793 800
793 801
793 806
794 799
794 800
794 801
794 826
795 797
795 799
796 798
799 801
799 803
799 805
799 806
800 802
800 804
800 805
800 806
801 803
801 804
801 807
801 808
802 804
802 806
802 807
802 808
802 834
804 805
806 808
806 810
806 817
807 809
807 811
807 817
808 810
808 811
808 818
808 819
809 817
809 818
809 819
810 812
810 813
810 817
811 814
811 815
811 816
812 813
812 815
812 816
813 814
813 816
814 815
817 819
817 821
817 826
818 820
818 822
818 826
819 821
819 822
819 827
820 822
820 826
820 827
821 823
821 824
821 826
822 824
822 825
824 825
824 1079
826 828
826 830
826 831
826 834
827 829
827 831
827 834
828 830
828 831
828 835
828 836
828 837
829 830
829 834
829 835
829 836
829 837
830 832
831 833
834 836
834 837
835 837
835 838
836 839
836 840
836 847
837 838
837 839
837 840
837 858
837 864
838 840
838 842
838 847
839 841
839 843
839 847
840 842
840 848
840 849
841 847
841 848
841 849
841 865
841 869
842 844
842 845
842 847
843 845
843 846
845 846
847 849
847 851
847 852
847 854
848 850
848 852
848 853
848 854
849 851
849 855
849 856
849 858
850 854
850 855
850 856
850 857
850 865
850 870
851 854
852 853
854 856
854 858
855 857
855 858
856 859
856 860
857 858
857 859
857 860
857 870
858 860
858 862
858 864
858 865
859 861
859 863
859 864
859 865
860 862
860 863
860 866
860 867
860 870
861 862
861 863
861 865
861 866
861 867
861 870
861 874
862 865
863 864
865 867
865 869
865 870
866 868
866 870
867 869
867 871
868 870
868 871
870 872
870 874
871 873
871 874
872 875
872 876
872 885
873 874
873 875
873 885
874 876
874 878
874 879
874 880
874 885
875 877
875 879
875 885
876 878
876 886
876 887
877 878
877 885
877 886
877 887
877 900
877 906
877 910
878 880
878 881
879 882
879 883
879 884
880 881
880 883
880 884
881 882
881 884
882 883
885 887
885 889
885 890
885 892
886 888
886 890
886 891
886 892
887 889
887 891
887 893
887 894
888 891
888 892
888 893
888 894
888 914
889 892
890 891
891 892
892 894
892 896
892 897
892 898
892 900
893 895
893 897
893 898
893 900
894 896
894 901
894 902
894 906
895 900
895 901
895 902
895 914
895 925
896 898
896 899
896 900
898 899
900 902
900 904
900 905
900 906
901 903
901 905
901 906
902 904
902 907
902 908
903 904
903 906
903 907
903 908
903 933
904 906
905 1030
906 908
906 910
906 914
907 909
907 911
907 912
907 914
908 910
908 915
908 916
909 914
909 915
909 916
909 938
910 912
910 913
910 914
912 913
914 916
914 918
914 925
915 917
915 919
915 925
916 918
916 919
916 926
916 927
917 925
917 926
917 927
917 947
918 920
919 921
920 922
920 923
921 923
921 924
923 924
925 927
925 929
925 930
925 933
926 928
926 930
926 933
927 929
927 934
927 935
927 938
928 933
928 934
928 935
928 947
928 956
928 965
929 931
929 933
930 932
933 935
933 937
933 938
934 936
934 938
935 937
935 939
935 940
935 947
936 938
936 939
936 940
936 941
936 947
936 956
937 938
938 940
938 942
938 947
939 941
939 943
939 947
940 942
940 948
940 949
940 956
941 947
941 948
941 956
942 944
942 945
943 945
943 946
945 946
947 949
947 951
947 952
947 956
948 950
948 952
948 956
949 951
949 957
949 958
950 951
950 956
950 957
950 958
951 953
951 954
951 974
952 954
952 955
954 955
954 973
954 974
956 958
956 960
956 961
956 965
957 959
957 961
957 965
958 960
958 966
959 960
959 965
959 966
959 976
960 962
961 963
961 964
962 964
965 967
965 969
965 970
965 976
966 968
966 970
966 976
967 969
967 977
967 978
968 969
968 976
968 977
968 978
968 990
968 1007
969 971
970 972
970 973
970 974
971 973
971 974
972 974
972 975
974 975
976 978
976 980
976 981
976 990
977 979
977 981
977 983
977 990
978 980
978 991
978 992
979 990
979 991
979 992
979 1012
980 982
980 983
980 1215
981 984
981 985
981 986
981 1215
982 983
982 985
983 984
983 987
983 988
983 989
984 987
985 986
985 988
985 989
986 987
986 989
987 988
990 992
990 994
990 995
990 996
990 998
991 993
991 995
991 996
991 998
992 994
992 999
992 1000
992 1007
993 998
993 999
993 1000
993 1017
994 996
994 997
996 997
998 1000
998 1002
998 1003
998 1007
999 1001
999 1003
999 1007
1000 1002
1000 1008
1000 1009
1001 1007
1001 1008
1001 1009
1001 1024
1002 1004
1002 1005
1003 1005
1003 1006
1005 1006
1007 1009
1007 1011
1007 1012
1008 1010
1008 1012
1009 1011
1009 1013
1009 1014
1010 1012
1010 1013
1010 1014
1010 1032
1010 1037
1011 1012
1012 1014
1012 1016
1012 1017
1013 1015
1013 1017
1014 1016
1014 1018
1014 1019
1015 1017
1015 1018
1015 1019
1015 1040
1016 1017
1017 1019
1017 1021
1017 1023
1017 1024
1018 1020
1018 1022
1018 1023
1018 1024
1019 1021
1019 1022
1019 1025
1019 1026
1020 1024
1020 1025
1020 1026
1020 1040
1021 1024
1022 1023
1024 1026
1024 1028
1024 1032
1025 1027
1025 1029
1025 1032
1026 1028
1026 1029
1026 1033
1026 1034
1026 1040
1027 1032
1027 1033
1027 1034
1027 1045
1028 1030
1028 1031
1028 1032
1030 1031
1032 1034
1032 1036
1032 1040
1033 1035
1033 1037
1033 1039
1033 1040
1034 1036
1034 1041
1034 1042
1034 1045
1035 1040
1035 1041
1035 1042
1035 1059
1036 1038
1036 1039
1036 1040
1038 1039
1040 1042
1040 1044
1040 1045
1041 1043
1041 1045
1042 1044
1042 1046
1042 1047
1042 1054
1043 1044
1043 1045
1043 1046
1043 1054
1045 1047
1045 1049
1045 1050
1045 1054
1046 1048
1046 1050
1046 1054
1047 1049
1047 1055
1047 1058
1048 1049
1048 1054
1048 1055
1049 1051
1050 1052
1051 1053
1054 1056
1054 1057
1054 1058
1054 1059
1055 1057
1055 1059
1055 1060
1056 1058
1056 1059
1056 1061
1056 1062
1056 1071
1057 1058
1057 1059
1057 1060
1057 1061
1057 1062
1057 1085
1057 1097
1057 1103
1058 1060
1059 1085
1060 1062
1060 1064
1060 1071
1061 1063
1061 1065
1061 1071
1062 1064
1062 1065
1062 1072
1062 1073
1063 1071
1063 1072
1063 1073
1063 1074
1063 1097
1063 1105
1064 1066
1064 1071
1065 1067
1066 1068
1066 1069
1067 1069
1067 1070
1069 1070
1071 1073
1071 1075
1071 1085
1072 1074
1072 1076
1072 1077
1072 1085
1073 1075
1073 1076
1073 1086
1073 1087
1074 1085
1074 1086
1074 1087
1074 1114
1075 1077
1075 1078
1075 1085
1076 1079
1076 1080
1076 1081
1077 1078
1077 1080
1078 1079
1078 1082
1078 1083
1078 1084
1079 1082
1080 1081
1080 1083
1080 1084
1081 1082
1081 1084
1082 1083
1085 1087
1085 1089
1085 1097
1086 1088
1086 1090
1086 1097
1087 1089
1087 1090
1087 1098
1087 1099
1088 1097
1088 1098
1088 1099
1088 1121
1088 1122
1089 1091
1089 1092
1089 1097
1090 1093
1090 1094
1090 1095
1091 1092
1091 1094
1091 1095
1092 1093
1092 1095
1093 1094
1093 1096
1094 1096
1097 1099
1097 1101
1097 1102
1097 1105
1098 1100
1098 1102
1098 1104
1098 1105
1099 1101
1099 1106
1099 1107
1100 1105
1100 1106
1100 1107
1101 1103
1101 1104
1103 1104
1105 1107
1105 1109
1105 1110
1105 1114
1106 1108
1106 1110
1106 1111
1106 1114
1107 1109
1107 1115
1108 1109
1108 1114
1108 1115
1109 1111
1109 1113
1110 1112
1110 1113
1112 1113
1114 1116
1114 1118
1114 1119
1114 1120
1114 1121
1114 1127
1115 1117
1115 1119
1115 1120
1115 1121
1115 1127
1116 1118
1116 1119
1116 1122
1116 1123
1116 1127
1117 1118
1117 1119
1117 1121
1117 1122
1117 1123
1117 1147
1119 1120
1121 1123
1121 1125
1121 1126
1121 1128
1122 1124
1122 1126
1122 1127
1122 1128
1123 1125
1123 1129
1123 1130
1124 1128
1124 1129
1124 1130
1124 1152
1124 1156
1125 1127
1125 1128
1128 1130
1128 1132
1128 1133
1128 1134
1128 1136
1129 1131
1129 1133
1129 1134
1129 1136
1130 1132
1130 1137
1130 1138
1131 1136
1131 1137
1131 1138
1131 1161
1132 1134
1132 1135
1132 1136
1134 1135
1136 1138
1136 1140
1136 1147
1137 1139
1137 1141
1137 1147
1138 1140
1138 1141
1138 1148
1138 1149
1138 1152
1139 1147
1139 1148
1139 1149
1139 1152
1139 1161
1139 1172
1140 1142
1140 1147
1141 1143
1142 1144
1142 1145
1143 1145
1143 1146
1145 1146
1147 1149
1147 1151
1147 1152
1148 1150
1148 1152
1149 1151
1149 1153
1149 1154
1150 1152
1150 1153
1150 1154
1150 1179
1151 1152
1152 1154
1152 1156
1152 1161
1153 1155
1153 1157
1153 1161
1154 1156
1154 1162
1154 1163
1155 1161
1155 1162
1155 1163
1155 1187
1155 1192
1156 1158
1156 1161
1157 1159
1158 1160
1161 1163
1161 1165
1161 1166
1161 1172
1162 1164
1162 1166
1162 1172
1163 1165
1163 1173
1163 1174
1164 1172
1164 1173
1164 1174
1164 1194
1164 1199
1165 1167
1165 1168
1165 1172
1166 1168
1167 1169
1167 1170
1168 1170
1168 1171
1170 1171
1172 1174
1172 1176
1172 1178
1172 1179
1173 1175
1173 1177
1173 1178
1173 1179
1174 1176
1174 1177
1174 1180
1174 1181
1175 1177
1175 1179
1175 1180
1175 1181
1175 1201
1175 1205
1176 1179
1177 1178
1179 1181
1179 1183
1179 1184
1179 1187
1180 1182
1180 1184
1180 1185
1180 1187
1181 1183
1181 1185
1181 1188
1181 1189
1182 1185
1182 1187
1182 1188
1182 1189
1182 1212
1183 1186
1184 1185
1185 1186
1187 1189
1187 1191
1187 1192
1187 1194
1188 1190
1188 1192
1188 1193
1188 1194
1189 1191
1189 1193
1189 1195
1189 1196
1189 1201
1190 1193
1190 1194
1190 1195
1190 1196
1190 1223
1190 1228
1191 1194
1192 1193
1194 1196
1194 1198
1194 1199
1194 1201
1195 1197
1195 1199
1195 1200
1195 1201
1196 1198
1196 1200
1196 1202
1196 1203
1197 1201
1197 1202
1197 1203
1197 1230
1198 1201
1199 1200
1201 1203
1201 1205
1201 1212
1202 1204
1202 1206
1202 1207
1202 1212
1203 1205
1203 1206
1203 1208
1203 1213
1203 1214
1204 1212
1204 1213
1204 1214
1205 1207
1205 1208
1205 1212
1206 1209
1206 1210
1206 1211
1207 1208
1207 1210
1207 1211
1208 1209
1208 1211
1209 1210
1212 1214
1212 1216
1212 1223
1213 1215
1213 1217
1213 1223
1214 1216
1214 1217
1214 1224
1215 1223
1215 1224
1216 1218
1216 1219
1216 1223
1217 1219
1217 1220
1218 1220
1218 1221
1219 1221
1219 1222
1221 1222
1223 1225
1223 1227
1223 1228
1223 1229
1223 1230
1224 1226
1224 1228
1224 1229
1224 1230
1225 1227
1225 1228
1225 1231
1225 1232
1225 1234
1226 1227
1226 1230
1226 1231
1226 1232
1228 1229
1228 1239
1230 1232
1230 1234
1231 1233
1231 1234
1232 1235
1233 1234
1233 1235
1234 1236
1234 1237
1234 1238
1234 1239
1234 1240
1235 1237
1235 1239
1235 1240
1235 1241
1236 1238
1236 1239
1236 1242
1237 1239
1237 1241
1237 1242
1238 1241
1239 1240
1239 1262
1241 1243
1241 1245
1241 1246
1241 1255
1242 1244
1242 1246
1242 1255
1243 1245
1243 1256
1243 1257
1243 1286
1244 1245
1244 1255
1244 1256
1244 1257
1244 1263
1244 1268
1244 1286
1245 1247
1245 1248
1246 1249
1246 1250
1246 1251
1247 1248
1247 1250
1248 1249
1248 1252
1248 1253
1248 1254
1249 1252
1250 1251
1250 1253
1250 1254
1251 1252
1251 1254
1252 1253
1255 1257
1255 1259
1255 1260
1255 1261
1255 1263
1256 1258
1256 1260
1256 1261
1256 1263
1257 1259
1257 1264
1257 1265
1257 1268
1258 1263
1258 1264
1258 1265
1258 1268
1258 1280
1259 1261
1259 1262
1261 1262
1261 1287
1261 1288
1263 1265
1263 1267
1263 1268
1264 1266
1264 1268
1265 1267
1265 1269
1266 1267
1266 1268
1266 1269
1268 1270
1268 1272
1268 1273
1268 1274
1268 1280
1269 1271
1269 1273
1269 1280
1270 1272
1270 1281
1271 1272
1271 1280
1271 1281
1272 1274
1272 1275
1273 1276
1273 1277
1273 1278
1274 1275
1274 1277
1274 1278
1275 1276
1275 1278
1276 1277
1276 1279
1277 1279
1280 1282
1280 1284
1280 1285
1281 1283
1281 1285
1282 1284
1284 1286
1284 1287
1285 1287
1286 1288
1 1 43.914001 -3.403000 8.754000 N
2 1 43.520000 -2.018000 8.895000 C
3 1 42.097000 -2.002000 9.425000 C
4 1 41.435001 -2.993000 9.298000 O
5 1 43.693001 -1.264000 7.552000 C
6 1 42.903000 0.020000 7.457000 C
7 1 43.931999 1.487000 7.661000 S
8 1 45.484001 0.739000 7.149000 C
9 2 41.660999 -0.889000 10.039000 N
10 2 40.332001 -0.753000 10.606000 C
11 2 39.944000 0.729000 10.691000 C
12 2 40.750999 1.572000 10.393000 O
13 2 40.208000 -1.491000 11.989000 C
14 2 41.127998 -0.942000 13.041000 C
15 2 41.131001 0.268000 13.300000 O
16 2 41.929001 -1.811000 13.632000 N
17 3 38.721001 1.023000 11.112000 N
18 3 38.176998 2.386000 11.200000 C
19 3 39.041000 3.345000 11.994000 C
20 3 39.310001 4.504000 11.602000 O
21 3 36.654999 2.439000 11.530000 C
22 3 36.099998 3.854000 11.447000 C
23 3 36.340000 1.856000 12.911000 C
24 3 36.245998 4.562000 10.062000 C
25 4 39.514000 2.831000 13.127000 N
26 4 40.361000 3.595000 14.018000 C
27 4 41.646000 4.001000 13.350000 C
28 4 41.999001 5.166000 13.350000 O
29 4 40.613998 2.835000 15.327000 C
30 4 39.367001 2.876000 16.191000 C
31 4 39.111000 3.983000 17.009001 C
32 4 38.431999 1.836000 16.165001 C
33 4 37.973000 4.048000 17.813999 C
34 4 37.282001 1.886000 16.958000 C
35 4 37.066002 2.989000 17.789000 C
36 5 42.367001 3.039000 12.797000 N
37 5 43.638000 3.367000 12.116000 C
38 5 43.396000 4.259000 10.918000 C
39 5 44.129002 5.167000 10.655000 O
40 5 44.390999 2.123000 11.620000 C
41 5 44.570999 1.056000 12.729000 C
42 5 45.299999 -0.214000 12.335000 C
43 5 45.278000 -0.679000 11.214000 O
44 5 45.980000 -0.758000 13.323000 4
5 6 42.316002 3.992000 10.213000 N
46 6 41.955002 4.766000 9.046000 C
47 6 41.741001 6.217000 9.400000 C
48 6 42.287998 7.142000 8.758000 O
49 6 40.653000 4.195000 8.445000 C
50 6 40.202000 4.950000 7.219000 C
51 6 38.485001 4.587000 6.820000 S
52 6 38.493000 4.662000 5.009000 C
53 7 40.917000 6.450000 10.419000 N
54 7 40.680000 7.857000 10.778000 C
55 7 41.915001 8.511000 11.405000 C
56 7 42.126999 9.712000 11.311000 O
57 7 39.435001 8.068000 11.662000 C
58 7 38.150002 8.014000 10.875000 C
59 7 37.035000 7.679000 11.870000 C
60 7 37.937000 9.383000 10.209000 C
61 8 42.736000 7.693000 12.060000 N
62 8 43.898998 8.255000 12.668000 C
63 8 44.819000 8.749000 11.584000 C
64 8 45.500999 9.735000 11.754000 O
65 8 44.581001 7.285000 13.627000 C
66 8 45.984001 7.706000 14.070000 C
67 8 46.027000 8.841000 15.078000 C
68 8 47.341999 8.978000 15.715000 N
69 8 48.355000 9.610000 15.128000 7
0 8 48.249001 10.149000 13.895000 N
71 8 49.507000 9.694000 15.789000 N
72 9 44.798000 8.094000 10.446000 N
73 9 45.624001 8.520000 9.329000 C
74 9 45.077000 9.788000 8.701000 C
75 9 45.820999 10.720000 8.466000 O
76 9 45.806999 7.429000 8.288000 C
77 9 46.772999 6.386000 8.816000 C
78 9 46.375999 8.036000 7.014000 C
79 9 46.758999 5.125000 7.966000 C
80 10 43.763000 9.841000 8.464000 N
81 10 43.144001 11.002000 7.890000 C
82 10 43.125999 12.260000 8.758000 C
83 10 43.196999 13.350000 8.211000 O
84 10 41.696999 10.681000 7.449000 C
85 10 41.714001 9.778000 6.252000 C
86 10 42.657001 9.715000 5.517000 O
87 10 40.675999 9.034000 6.127000 O
88 11 42.951000 12.124000 10.085000 N
89 11 42.828999 13.271000 10.970000 C
90 11 44.098999 13.697000 11.660000 C
91 11 44.247002 14.850000 12.049000 O
92 11 41.765999 12.984000 12.044000 C
93 11 40.438999 12.680000 11.375000 C
94 11 39.823002 13.937000 10.811000 C
95 11 40.313000 15.024000 10.963000 O
96 11 38.676998 13.760000 10.208000 O
97 12 44.995998 12.750000 11.883000 N
98 12 46.208000 13.029000 12.625000 C
99 12 45.904999 13.126000 14.131000 C
100 12 44.794998 12.825000 14.557000 O
101 13 46.917000 13.496000 14.927000 N
102 13 46.789001 13.649000 16.367001 C
103 13 47.506001 14.882000 16.870001 C
104 13 48.707001 14.979000 16.766001 O
105 13 47.337002 12.455000 17.114000 C
106 13 47.403000 12.711000 18.611000 C
107 13 46.061001 12.419000 19.281000 C
108 13 48.425999 11.753000 19.145000 C
109 14 46.737999 15.801000 17.427000 N
110 14 47.223000 17.037001 17.997000 C
111 14 46.744999 17.216000 19.437000 C
112 14 45.584999 16.975000 19.733999 O
113 14 46.844002 18.162001 17.084000 C
114 14 47.426998 17.805000 15.734000 C
115 14 47.639000 18.989000 14.816000 C
116 14 48.509998 20.017000 15.381000 N
117 14 48.594002 21.257000 14.879000 C
118 14 47.865002 21.639999 13.819000 N
119 14 49.418999 22.138000 15.454000 N
120 15 47.660000 17.599001 20.340000 N
121 15 47.341999 17.716000 21.749001 C
122 15 47.098000 19.101000 22.268000 C
123 15 46.865002 19.271000 23.469000 O
124 15 48.424000 17.063999 22.587999 C
125 15 48.537998 15.617000 22.224001 C
126 15 49.664001 15.046000 23.052999 C
127 15 47.223000 14.916000 22.540001 C
128 16 47.169998 20.061001 21.368000 N
129 16 46.929001 21.447001 21.698000 C
130 16 45.837002 21.899000 20.783001 C
131 16 45.737999 21.424000 19.660999 O
132 16 48.132999 22.364000 21.423000 C
133 16 48.998001 22.674000 22.627001 C
134 16 50.418999 22.142000 22.469000 C
135 16 51.370998 22.558001 23.589001 1
36 16 51.823002 21.438000 24.455000 1
37 17 45.029999 22.832001 21.229000 N
138 17 43.973000 23.319000 20.379000 C
139 17 44.516998 23.802000 19.027000 C
140 17 45.553001 24.497999 18.955000 O
141 17 43.158001 24.419001 21.068001 C
142 17 42.373001 23.850000 22.259001 C
143 17 42.216999 25.125000 20.056999 C
144 17 41.456001 24.889999 22.908001 C
145 18 43.801998 23.473000 17.955000 N
146 18 44.248001 23.905001 16.645000 C
147 18 43.080002 24.298000 15.737000 C
148 18 41.922001 24.037001 16.035999 O
149 18 45.223999 22.844999 16.044001 C
150 18 44.540001 21.573999 15.538000 C
151 18 44.063000 21.506001 14.225000 C
152 18 44.360001 20.455000 16.358000 C
153 18 43.429001 20.371000 13.709000 C
154 18 43.701000 19.323999 15.876000 C
155 18 43.227001 19.292000 14.561000 C
156 18 42.611000 18.167999 14.087000 O
157 19 43.360001 24.979000 14.630000 N
158 19 42.304001 25.313000 13.689000 C
159 19 42.307999 24.295000 12.581000 C
160 19 43.363998 23.916000 12.074000 O
161 19 42.396000 26.679001 13.086000 C
162 19 42.134998 27.735001 14.131000 C
163 19 41.248001 28.864000 13.641000 C
164 19 41.799999 30.249001 13.992000 C
165 19 40.750999 31.257999 14.261000 1
66 20 41.125000 23.837000 12.204000 N
167 20 41.043999 22.841999 11.160000 C
168 20 41.191002 23.403000 9.746000 C
169 20 41.598000 24.577999 9.583000 O
170 20 39.946999 21.781000 11.365000 C
171 20 38.594002 22.309999 10.972000 C
172 20 38.431999 23.448999 10.604000 O
173 20 37.643002 21.416000 11.037000 O
174 21 40.890999 22.556000 8.725000 N
175 21 41.022999 22.955000 7.299000 C
176 21 40.099998 24.084999 6.860000 C
177 21 40.290001 24.586000 5.733000 O
178 21 40.838001 21.766001 6.329000 C
179 21 39.627998 21.099001 6.654000 O
180 21 41.986000 20.773001 6.466000 C
181 22 39.104000 24.399000 7.763000 1
82 22 38.011002 25.408001 7.659000 C
183 22 38.037998 26.547001 8.672000 C
184 22 37.153000 27.399000 8.631000 O
185 22 36.611000 24.818001 7.785000 C
186 22 36.509998 23.409000 7.185000 C
187 22 35.881001 23.452999 5.834000 C
188 22 35.276001 24.437000 5.448000 O
189 22 36.056999 22.337000 5.146000 O
190 23 39.032001 26.534000 9.571000 N
191 23 39.216999 27.566999 10.564000 C
192 23 38.560001 27.261000 11.910000 C
193 23 38.401001 28.139000 12.740000 O
194 24 38.179001 26.021999 12.146000 N
195 24 37.549000 25.743999 13.413000 C
196 24 38.476002 25.117001 14.421000 C
197 24 39.347000 24.297001 14.126000 O
198 24 36.361000 24.843000 13.231000 C
199 24 35.355999 25.391001 12.262000 C
200 24 34.945000 26.724001 12.299000 C
201 24 34.799999 24.535999 11.313000 C
202 24 34.000999 27.172001 11.372000 C
203 24 33.872002 24.972000 10.371000 C
204 24 33.472000 26.304001 10.411000 C
205 24 32.536999 26.736000 9.493000 O
206 25 38.222000 25.469000 15.644000 N
207 25 39.002998 24.941999 16.728001 C
208 25 38.729000 23.469000 16.905001 C
209 25 37.584000 23.017000 17.002001 O
210 25 38.641998 25.711000 17.968000 C
211 25 39.212002 27.082001 17.893000 C
212 25 40.598000 27.232000 17.854000 C
213 25 38.384998 28.208000 17.924999 C
214 25 41.165001 28.506001 17.895000 C
215 25 38.931999 29.490999 17.937000 C
216 25 40.324001 29.622000 17.903000 C
217 25 40.872002 30.875999 17.903999 O
218 26 39.804001 22.740999 16.966000 N
219 26 39.737000 21.322001 17.049000 C
220 26 40.823002 20.906000 17.948000 C
221 26 41.685001 21.701000 18.256001 O
222 26 40.028999 20.773001 15.602000 C
223 26 39.106998 21.372999 14.735000 O
224 26 39.925999 19.243999 15.480000 C
225 27 40.814999 19.627001 18.298000 N
226 27 41.853001 19.044001 19.125999 C
227 27 41.841999 17.518000 18.962000 C
228 27 40.926998 16.945999 18.410000 O
229 27 41.762001 19.455999 20.611000 C
230 27 43.061001 19.125000 21.378000 C
231 27 40.609001 18.683001 21.233000 C
232 27 43.236000 19.945999 22.634001 C
233 28 42.880001 16.874001 19.416000 N
234 28 43.007000 15.422000 19.384001 C
235 28 43.002998 14.855000 17.982000 C
236 28 43.762001 15.263000 17.089001 O
237 29 42.132999 13.900000 17.806000 N
238 29 42.006001 13.265000 16.525999 C
239 29 40.771999 13.721000 15.807000 C
240 29 39.764999 13.028000 15.725000 O
241 29 42.053001 11.754000 16.684999 C
242 29 43.417000 11.375000 17.281000 C
243 29 41.853001 11.111000 15.306000 C
244 29 43.436001 10.118000 18.167000 C
245 30 40.851002 14.921000 15.265000 N
246 30 39.723999 15.448000 14.544000 C
247 30 38.481998 15.776000 15.383000 C
248 30 37.373001 15.762000 14.868000 O
249 31 38.653999 16.129000 16.653999 N
250 31 37.507000 16.472000 17.500000 C
251 31 37.174999 17.993999 17.465000 C
252 31 37.844002 18.846001 18.086000 O
253 31 37.723000 15.945000 18.934000 C
254 31 36.529999 16.212000 19.804001 C
255 31 35.491001 15.283000 19.952000 N
256 31 36.224998 17.308001 20.549999 C
257 31 34.556999 15.857000 20.705000 C
258 31 34.973999 17.069000 21.114000 N
259 32 36.139000 18.347000 16.693001 N
260 32 35.759998 19.739000 16.537001 C
261 32 35.287998 20.295000 17.833000 C
262 32 34.421001 19.707001 18.469000 O
263 32 34.632000 19.886999 15.529000 C
264 32 34.021000 21.295000 15.490000 C
265 32 34.951000 22.264999 14.766000 C
266 32 32.673000 21.249001 14.773000 C
267 33 35.853001 21.386000 18.246000 N
268 33 35.395000 21.884001 19.514000 C
269 33 34.247002 22.819000 19.316999 C
270 33 33.181999 22.674000 19.945999 O
271 33 36.500000 22.504000 20.393999 C
272 33 37.549000 21.483000 20.837000 C
273 33 38.856998 22.204000 21.129000 C
274 33 37.056999 20.812000 22.110001 C
275 34 34.467999 23.783001 18.438999 N
276 34 33.441002 24.760000 18.162001 C
277 34 33.597000 25.458000 16.839001 C
278 34 34.714001 25.576000 16.346001 O
279 34 33.333000 25.827999 19.278000 C
280 34 32.404999 26.775999 18.823999 O
281 34 34.674999 26.500999 19.643000 C
282 35 32.471001 25.955000 16.301001 N
283 35 32.505001 26.712000 15.039000 C
284 35 32.784000 28.205000 15.295000 C
285 35 33.087002 28.982000 14.393000 O
286 35 31.264999 26.542999 14.179000 C
287 35 30.891001 25.101000 13.844000 C
288 35 30.417000 24.907000 12.399000 C
289 35 29.186001 24.017000 12.243000 C
290 35 28.205000 24.507000 11.245000 2
91 36 32.723000 28.587999 16.562000 N
292 36 32.979000 29.948000 17.033001 C
293 36 34.431000 30.395000 16.929001 C
294 36 35.396000 29.698000 17.267000 O
295 36 32.431999 30.219000 18.448000 C
296 36 33.321999 31.039000 19.200001 O
297 37 34.548000 31.643000 16.504000 N
298 37 35.797001 32.338001 16.292999 C
299 37 36.573002 32.566002 17.566999 C
300 37 37.761002 32.948002 17.549999 O
301 37 35.409000 33.672001 15.690000 C
302 37 33.929001 33.606998 15.334000 C
303 37 33.376999 32.340000 15.935000 C
304 38 35.903000 32.251999 18.674000 N
305 38 36.472000 32.426998 19.997000 C
306 38 37.300999 31.273001 20.627001 C
307 38 36.803001 30.167000 20.893999 O
308 38 35.383999 32.907001 20.951000 C
309 38 35.981998 33.188999 22.205000 O
310 39 38.567001 31.587999 20.959999 N
311 39 39.480000 30.650000 21.608000 C
312 39 39.041000 30.292000 23.020000 C
313 39 39.259998 29.183001 23.535000 O
314 39 40.948002 31.118000 21.579000 C
315 39 41.903999 29.997999 22.006001 C
316 39 41.979000 28.907000 20.952000 C
317 39 43.296001 30.548000 22.202000 C
318 40 38.417999 31.261000 23.653000 N
319 40 37.917999 31.047001 24.983000 C
320 40 36.736000 30.132000 24.893999 C
321 40 36.592999 29.176001 25.662001 O
322 40 37.562000 32.346001 25.719999 C
323 40 38.821999 33.069000 26.115000 C
324 40 39.910000 32.453999 26.194000 O
325 40 38.701000 34.380001 26.295000 3
26 41 35.918999 30.403999 23.902000 N
327 41 34.786999 29.540001 23.745001 C
328 41 35.292999 28.115000 23.552999 C
329 41 34.770000 27.156000 24.120001 O
330 41 33.898998 29.981001 22.608000 C
331 42 36.334999 28.000000 22.754000 N
332 42 36.914001 26.711000 22.483000 C
333 42 37.529999 26.107000 23.737000 C
334 42 37.382000 24.888000 23.976999 O
335 42 37.891998 26.768999 21.313999 C
336 43 38.222000 26.933001 24.562000 N
337 43 38.820999 26.364000 25.783001 C
338 43 37.741001 25.840000 26.718000 C
339 43 37.811001 24.750000 27.292999 O
340 43 39.821999 27.233000 26.504999 C
341 43 40.980000 27.742001 25.662001 C
342 43 41.824001 28.809000 26.377001 C
343 43 43.338001 28.622999 26.235001 3
44 43 44.127998 29.041000 27.416000 N
345 44 36.675999 26.594999 26.771999 N
346 44 35.558998 26.195000 27.586000 C
347 44 34.959999 24.879000 27.087999 C
348 44 34.646000 23.969000 27.865000 O
349 44 34.540001 27.329000 27.775999 C
350 44 33.269001 26.782000 28.083000 O
351 45 34.838001 24.773001 25.767000 N
352 45 34.338001 23.563999 25.179001 C
353 45 35.263000 22.420000 25.525999 C
354 45 34.811001 21.381001 25.924999 O
355 45 34.120998 23.688999 23.683001 C
356 45 32.890999 24.545000 23.370001 C
357 45 31.584000 23.933001 23.847000 C
358 45 31.261999 22.775999 23.677999 O
359 45 30.771999 24.791000 24.399000 O
360 46 36.556999 22.628000 25.451000 N
361 46 37.501999 21.577000 25.804001 C
362 46 37.382000 21.065001 27.261999 C
363 46 37.422001 19.853001 27.542999 O
364 46 38.951000 22.069000 25.535000 C
365 46 40.001999 21.017000 25.834000 C
366 46 39.695999 19.760000 25.055000 C
367 46 41.380001 21.530001 25.450001 C
368 47 37.273998 21.999001 28.222000 N
369 47 37.195999 21.612000 29.629999 C
370 47 35.970001 20.813999 29.952999 C
371 47 36.042000 19.822001 30.673000 O
372 47 37.375000 22.764000 30.606001 C
373 47 38.709999 23.431999 30.488001 C
374 47 39.723000 22.929001 30.024000 O
375 47 38.647999 24.639999 30.922001 O
376 48 34.855000 21.250999 29.364000 N
377 48 33.566002 20.583000 29.478001 C
378 48 33.648998 19.118999 28.893000 C
379 48 33.130001 18.124001 29.421000 O
380 48 32.608002 21.481001 28.698999 C
381 48 31.223000 20.945000 28.469999 C
382 48 30.186001 22.056999 28.388000 C
383 48 29.959000 22.620001 26.993000 C
384 48 29.794001 21.605000 25.937000 N
385 49 34.362000 18.986000 27.789000 N
386 49 34.528999 17.722000 27.121000 C
387 49 35.417999 16.794001 27.914000 C
388 49 35.161999 15.601000 28.003000 O
389 49 35.222000 17.978001 25.797001 C
390 50 36.495998 17.358000 28.441999 N
391 50 37.493000 16.593000 29.159000 C
392 50 37.113998 16.391001 30.625000 C
393 50 37.493000 15.409000 31.275000 O
394 50 38.879002 17.301001 29.035000 C
395 50 39.283001 17.340000 27.568001 C
396 50 39.932999 16.480000 29.756001 C
397 50 39.192001 15.925000 27.002001 C
398 51 36.402000 17.356001 31.166000 N
399 51 36.049000 17.264999 32.564999 C
400 51 37.133999 17.837000 33.490002 C
401 51 37.284000 17.392000 34.620998 O
402 52 37.893002 18.830000 33.035000 N
403 52 38.930000 19.423000 33.862000 C
404 52 39.433998 20.691000 33.242001 C
405 52 39.171001 20.985001 32.070999 O
406 52 40.091000 18.478001 34.146999 C
407 52 41.113998 18.330999 33.018002 C
408 52 42.115002 17.211000 33.279999 C
409 52 43.036999 16.975000 32.164001 N
410 52 43.910999 17.868000 31.714001 C
411 52 44.008999 19.073000 32.245998 N
412 52 44.715000 17.549999 30.708000 N
413 53 40.124001 21.465000 34.043999 N
414 53 40.681999 22.702000 33.557999 C
415 53 41.877998 22.329000 32.730000 C
416 53 42.889999 21.905001 33.272999 O
417 53 41.088001 23.653999 34.694000 C
418 53 40.241001 24.902000 34.661999 C
419 53 39.005001 24.837000 34.820000 O
420 53 40.890999 26.035000 34.389999 N
421 54 41.737000 22.402000 31.413000 N
422 54 42.824001 21.983999 30.572001 C
423 54 43.820000 23.032000 30.228001 C
424 54 44.979000 22.707001 29.996000 O
425 54 42.356998 21.350000 29.275999 C
426 54 41.592999 22.282000 28.535000 O
427 54 41.591000 20.090000 29.610001 C
428 55 43.384998 24.257000 30.084999 N
429 55 44.383999 25.188000 29.667000 C
430 55 44.790001 24.898001 28.201000 4
31 55 45.882999 25.232000 27.724001 O
432 55 45.521999 25.261000 30.722000 C
433 55 46.955002 25.509001 30.281000 4
34 55 47.339001 26.686001 30.108999 4
35 55 47.771000 24.423000 30.209999 N
436 56 43.867001 24.247999 27.466999 N
437 56 43.999001 23.966999 26.025000 C
438 56 44.959000 22.879000 25.540001 C
439 56 45.233002 22.790001 24.348000 O
440 57 45.445000 22.056999 26.454000 N
441 57 46.337002 20.979000 26.141001 C
442 57 45.786999 19.700001 26.764000 C
443 57 45.375999 19.697001 27.914000 O
444 57 47.733002 21.308001 26.690001 C
445 57 48.737000 20.212000 26.343000 C
446 57 48.193001 22.580999 26.007000 C
447 58 45.738998 18.604000 26.024000 N
448 58 45.242001 17.367001 26.615999 C
449 58 46.307999 16.340000 26.492001 C
450 58 47.360001 16.603001 25.882000 O
451 58 43.938999 16.881001 26.007000 C
452 58 44.168999 16.579000 24.525000 C
453 58 42.851002 17.954000 26.172001 C
454 58 43.006001 15.823000 23.893000 C
455 59 46.068001 15.184000 27.089001 N
456 59 47.016998 14.109000 26.979000 C
457 59 46.589001 13.149000 25.868000 C
458 59 45.443001 13.133000 25.406000 O
459 59 47.146000 13.320000 28.289000 C
460 59 46.000999 12.506000 28.490000 O
461 59 47.320999 14.290000 29.431999 C
462 60 47.521000 12.304000 25.490000 N
463 60 47.285999 11.325000 24.465000 C
464 60 46.141998 10.458000 24.857000 C
465 60 45.264000 10.118000 24.056999 O
466 60 48.532001 10.473000 24.207001 C
467 60 48.502998 9.664000 22.908001 C
468 60 49.879002 9.511000 22.245001 C
469 60 49.903999 8.515000 21.079000 4
70 60 50.412998 9.067000 19.799999 4
71 61 46.160999 10.076000 26.114000 N
472 61 45.103001 9.233000 26.597000 C
473 61 43.768002 9.960000 26.497000 C
474 61 42.737999 9.345000 26.179001 O
475 61 45.345001 8.786000 28.047001 C
476 61 46.590000 7.957000 28.129000 C
477 61 47.001999 7.267000 27.202999 O
478 61 47.212002 8.103000 29.277000 4
79 62 43.793999 11.277000 26.775000 N
480 62 42.577999 12.084000 26.698999 C
481 62 42.033001 12.152000 25.287001 C
482 62 40.832001 11.966000 25.079000 O
483 62 42.771999 13.469000 27.292999 C
484 62 42.793999 13.348000 28.819000 C
485 62 43.243000 14.610000 29.469999 C
486 62 43.794998 15.500000 28.853001 O
487 62 42.862000 14.691000 30.715000 O
488 63 42.966000 12.375000 24.337000 N
489 63 42.646000 12.439000 22.910000 C
490 63 41.999001 11.146000 22.403999 C
491 63 41.083000 11.160000 21.580999 O
492 63 43.880001 12.777000 22.091999 C
493 64 42.501999 10.027000 22.900999 N
494 64 42.028999 8.726000 22.531000 C
495 64 40.682999 8.419000 23.068001 C
496 64 39.884998 7.783000 22.389000 O
497 64 43.034000 7.629000 22.839001 C
498 64 44.077999 7.595000 21.722000 C
499 64 45.209999 6.742000 22.118999 C
500 64 45.290001 6.263000 23.235001 O
501 64 46.061001 6.571000 21.150000 O
502 65 40.383999 8.956000 24.235001 N
503 65 39.040001 8.747000 24.792999 C
504 65 38.012001 9.544000 24.003000 C
505 65 36.921001 9.053000 23.704000 O
506 65 38.935001 9.151000 26.263000 C
507 65 37.647999 8.649000 26.930000 C
508 65 37.382999 9.291000 28.297001 5
9 65 36.585999 8.415000 29.264000 5
10 65 36.534000 8.963000 30.629000 N
511 66 38.358002 10.789000 23.641001 N
512 66 37.431999 11.587000 22.827000 C
513 66 37.199001 10.869000 21.474001 C
514 66 36.098999 10.782000 20.987000 O
515 66 38.028999 12.961000 22.490000 C
516 66 38.069000 13.923000 23.658001 C
517 66 38.615002 15.264000 23.202000 C
518 66 36.658001 14.088000 24.179001 C
519 67 38.261002 10.358000 20.886000 N
520 67 38.214001 9.651000 19.621000 C
521 67 37.292999 8.409000 19.680000 C
522 67 36.438999 8.176000 18.790001 O
523 67 39.659000 9.330000 19.198999 C
524 67 39.837002 8.612000 17.875999 C
525 67 39.133999 9.016000 16.737000 C
526 67 40.741001 7.551000 17.771999 C
527 67 39.335999 8.395000 15.503000 C
528 67 40.993999 6.929000 16.552000 C
529 67 40.264000 7.351000 15.438000 C
530 68 37.422001 7.626000 20.754000 N
531 68 36.550999 6.471000 20.965000 C
532 68 35.082001 6.890000 20.988001 C
533 68 34.171001 6.298000 20.379000 O
534 68 36.856998 5.775000 22.319000 C
535 68 38.005001 4.801000 22.266001 C
536 68 38.125999 4.061000 21.296000 O
537 68 38.813000 4.759000 23.330000 N
538 69 34.844002 7.947000 21.705999 N
539 69 33.497002 8.411000 21.775999 C
540 69 32.943001 8.872000 20.431000 C
541 69 31.783001 8.613000 20.072001 O
542 69 33.384998 9.573000 22.795000 C
543 69 33.695000 9.142000 24.225000 C
544 69 33.854000 10.292000 25.238001 C
545 69 33.944000 10.042000 26.424999 O
546 69 33.870998 11.549000 24.804001 N
547 70 33.752998 9.613000 19.684999 N
548 70 33.333000 10.165000 18.398001 C
549 70 33.049999 9.074000 17.361000 C
550 70 32.125000 9.205000 16.565001 O
551 70 34.428001 11.105000 17.865000 C
552 70 34.463001 12.403000 18.589001 C
553 70 33.542000 12.732000 19.289000 O
554 70 35.595001 13.082000 18.423000 O
555 71 33.877998 8.004000 17.368000 N
556 71 33.665001 6.894000 16.458000 C
557 71 32.334999 6.242000 16.827999 C
558 71 31.391001 6.004000 15.999000 O
559 71 34.844002 5.894000 16.474001 C
560 71 34.519001 4.644000 15.633000 C
561 71 36.091000 6.565000 15.922000 C
562 72 32.237000 5.986000 18.118999 N
563 72 30.999001 5.399000 18.597000 C
564 72 29.813999 6.266000 18.216999 C
565 72 28.761999 5.810000 17.805000 O
566 72 31.030001 5.155000 20.118999 C
567 72 30.010000 4.121000 20.518000 C
568 72 29.805000 3.105000 19.906000 O
569 72 29.323999 4.450000 21.532000 O
570 73 29.938000 7.551000 18.388000 N
571 73 28.801001 8.381000 18.065001 C
572 73 28.490999 8.339000 16.587000 C
573 73 27.326000 8.416000 16.186001 O
574 73 29.013000 9.832000 18.502001 C
575 74 29.542000 8.278000 15.760000 N
576 74 29.377001 8.236000 14.302000 C
577 74 28.561001 7.002000 13.886000 C
578 74 27.587999 7.078000 13.128000 O
579 74 30.743000 8.255000 13.602000 C
580 75 28.959999 5.854000 14.410000 N
581 75 28.216000 4.644000 14.103000 C
582 75 26.775999 4.734000 14.531000 C
583 75 25.874001 4.418000 13.770000 O
584 75 28.820999 3.416000 14.739000 C
585 75 28.007000 2.170000 14.329000 C
586 75 30.271000 3.308000 14.284000 C
587 76 26.542000 5.148000 15.758000 N
588 76 25.177999 5.174000 16.179001 C
589 76 24.378000 6.229000 15.431000 C
590 76 23.236000 6.061000 15.070000 O
591 76 25.016001 4.989000 17.671000 C
592 76 25.784000 3.741000 18.150999 C
593 76 25.549999 3.343000 19.614000 C
594 76 26.438999 4.010000 20.580000 N
595 76 26.525999 5.351000 20.726999 5
96 76 25.792999 6.207000 20.028999 5
97 76 27.372000 5.883000 21.594000 N
598 77 25.028000 7.290000 15.054000 N
599 77 24.334000 8.273000 14.242000 C
600 77 23.860001 7.658000 12.919000 C
601 77 22.794001 7.955000 12.408000 O
602 78 24.672001 6.796000 12.341000 N
603 78 24.327999 6.138000 11.085000 C
604 78 23.138000 5.211000 11.289000 C
605 78 22.188999 5.202000 10.512000 O
606 78 25.492001 5.304000 10.480000 C
607 78 26.440001 6.203000 9.680000 C
608 78 24.973000 4.187000 9.565000 C
609 78 27.863001 5.645000 9.662000 C
610 79 23.237000 4.375000 12.322000 N
611 79 22.218000 3.350000 12.619000 C
612 79 20.870001 3.910000 13.000000 C
613 79 19.884001 3.182000 13.027000 O
614 79 22.698000 2.286000 13.628000 C
615 79 23.945999 1.565000 13.130000 C
616 79 24.409000 0.537000 14.150000 C
617 79 23.631001 0.848000 11.838000 C
618 80 20.864000 5.211000 13.291000 N
619 80 19.673000 5.953000 13.667000 C
620 80 19.170000 6.881000 12.549000 C
621 80 18.132000 7.518000 12.658000 O
622 80 19.871000 6.697000 15.000000 C
623 80 19.337999 5.873000 16.183001 C
624 80 20.330999 5.576000 17.322001 6
25 80 21.240999 4.429000 17.096001 6
26 80 21.688000 3.552000 18.034000 6
27 80 21.350000 3.614000 19.337000 6
28 80 22.551001 2.600000 17.646999 6
29 81 19.917000 6.993000 11.465000 N
630 81 19.469999 7.831000 10.406000 C
631 81 18.693001 6.959000 9.412000 C
632 81 19.075001 5.840000 9.068000 O
633 81 20.614000 8.663000 9.824000 C
634 81 20.118000 9.557000 8.729000 C
635 81 19.615999 9.070000 7.720000 O
636 81 20.280001 10.856000 8.904000 N
637 82 17.538000 7.423000 9.001000 N
638 82 16.695000 6.630000 8.116000 C
639 82 17.230000 6.507000 6.701000 C
640 82 17.003000 5.522000 6.006000 O
641 82 15.280000 7.189000 8.122000 C
642 83 17.921000 7.536000 6.239000 N
643 83 18.447001 7.415000 4.924000 C
644 83 19.714001 6.588000 4.974000 C
645 83 19.983999 5.804000 4.087000 O
646 83 18.716000 8.762000 4.271000 C
647 83 17.516001 9.698000 4.282000 C
648 83 17.809000 11.043000 4.948000 C
649 83 18.006001 10.968000 6.468000 6
50 83 18.840000 12.051000 7.045000 6
51 84 20.473000 6.751000 6.049000 N
652 84 21.754999 6.093000 6.175000 C
653 84 21.763000 4.608000 6.513000 C
654 84 22.583000 3.870000 5.992000 O
655 84 22.719000 6.873000 7.112000 C
656 84 22.966999 8.298000 6.675000 C
657 84 23.931999 8.951000 7.629000 C
658 84 23.566000 8.318000 5.291000 C
659 85 20.917999 4.197000 7.445000 N
660 85 20.917000 2.836000 7.936000 C
661 85 20.874001 1.762000 6.879000 C
662 85 21.646999 0.798000 6.902000 O
663 85 19.843000 2.639000 8.998000 C
664 85 20.150000 1.463000 9.898000 C
665 85 18.971001 0.957000 10.707000 C
666 85 18.898001 -0.563000 10.689000 C
667 85 20.226999 -1.190000 10.778000 N
668 86 19.922001 1.908000 5.970000 N
669 86 19.739000 0.926000 4.930000 C
670 86 20.962000 0.836000 4.036000 C
671 86 21.346001 -0.220000 3.587000 O
672 86 18.492001 1.345000 4.137000 C
673 86 18.024000 2.678000 4.698000 C
674 86 18.973000 3.036000 5.832000 C
675 87 21.613001 1.938000 3.790000 N
676 87 22.808001 1.828000 2.979000 C
677 87 23.847000 1.039000 3.717000 C
678 87 24.454000 0.121000 3.210000 O
679 87 23.420000 3.192000 2.713000 C
680 87 24.601999 3.085000 1.735000 C
681 87 22.323000 4.145000 2.263000 C
682 88 24.111000 1.475000 4.924000 N
683 88 25.101000 0.843000 5.741000 C
684 88 24.855000 -0.639000 5.844000 C
685 88 25.746000 -1.476000 5.707000 O
686 88 24.989000 1.443000 7.123000 C
687 88 26.056999 0.984000 8.062000 C
688 88 27.275999 1.656000 8.132000 C
689 88 25.813999 -0.099000 8.906000 C
690 88 28.216999 1.264000 9.087000 C
691 88 26.777000 -0.540000 9.809000 C
692 88 27.986000 0.151000 9.892000 C
693 88 28.941000 -0.248000 10.794000 O
694 89 23.625000 -0.978000 6.102000 N
695 89 23.316000 -2.400000 6.224000 C
696 89 23.618999 -3.159000 4.960000 C
697 89 23.854000 -4.343000 5.019000 O
698 89 21.818001 -2.669000 6.519000 C
699 89 21.433001 -2.358000 7.928000 C
700 89 22.202999 -2.357000 8.841000 O
701 89 20.198000 -2.027000 8.030000 O
702 90 23.540001 -2.514000 3.789000 N
703 90 23.764999 -3.206000 2.532000 C
704 90 25.261000 -3.401000 2.169000 C
705 90 25.614000 -4.135000 1.245000 O
706 90 23.051001 -2.414000 1.448000 C
707 90 23.863001 -1.311000 1.055000 O
708 91 26.169001 -2.723000 2.867000 N
709 91 27.575001 -2.797000 2.499000 C
710 91 28.427000 -3.865000 3.204000 C
711 91 28.073000 -4.334000 4.298000 O
712 91 28.215000 -1.410000 2.782000 C
713 91 27.572001 -0.161000 2.111000 C
714 91 28.165001 1.133000 2.687000 C
715 91 27.733999 -0.165000 0.592000 C
716 92 29.586000 -4.184000 2.591000 N
717 92 30.586000 -5.085000 3.196000 C
718 92 31.347000 -4.274000 4.263000 C
719 92 31.167999 -3.074000 4.376000 O
720 92 31.575001 -5.580000 2.169000 C
721 92 32.224998 -4.400000 1.525000 C
722 92 31.485001 -3.875000 0.575000 O
723 92 33.298000 -3.953000 1.903000 O
724 93 32.186001 -4.905000 5.085000 N
725 93 32.874001 -4.225000 6.178000 C
726 93 33.804001 -3.064000 5.807000 C
727 93 33.928001 -2.122000 6.577000 O
728 93 33.568001 -5.234000 7.131000 C
729 94 34.541000 -3.167000 4.694000 N
730 94 35.433998 -2.089000 4.335000 C
731 94 34.646999 -0.870000 3.908000 C
732 94 34.880001 0.255000 4.348000 O
733 94 36.375000 -2.559000 3.245000 C
734 94 37.373001 -1.469000 2.878000 C
735 94 37.104000 -3.747000 3.806000 C
736 95 33.678001 -1.078000 3.044000 N
737 95 32.896999 0.061000 2.588000 C
738 95 32.167000 0.737000 3.710000 C
739 95 31.962999 1.956000 3.689000 O
740 95 31.934000 -0.292000 1.473000 C
741 95 32.653999 -0.616000 0.185000 C
742 95 31.643000 -0.974000 -0.898000 C
743 95 32.282001 -1.184000 -2.191000 N
744 95 32.734001 -2.364000 -2.616000 C
745 95 32.648998 -3.472000 -1.875000 N
746 95 33.287998 -2.420000 -3.813000 N
747 96 31.740999 -0.061000 4.688000 N
748 96 31.063000 0.492000 5.873000 C
749 96 32.013000 1.472000 6.579000 C
750 96 31.594000 2.542000 7.008000 O
751 96 30.669001 -0.580000 6.882000 C
752 96 29.333000 -1.210000 6.584000 C
753 96 29.009001 -2.360000 7.556000 C
754 96 27.788000 -3.008000 7.106000 N
755 96 27.341999 -4.189000 7.501000 C
756 96 28.007000 -4.886000 8.382000 N
757 96 26.218000 -4.710000 6.986000 N
758 97 33.318001 1.131000 6.648000 N
759 97 34.285999 2.026000 7.262000 C
760 97 34.356998 3.326000 6.484000 C
761 97 34.539001 4.395000 7.046000 O
762 97 35.675999 1.408000 7.355000 C
763 98 34.247002 3.235000 5.176000 N
764 98 34.306000 4.460000 4.368000 C
765 98 33.130001 5.368000 4.728000 C
766 98 33.223000 6.577000 4.808000 O
767 98 34.269001 4.093000 2.887000 C
768 99 31.985001 4.772000 4.955000 N
769 99 30.805000 5.553000 5.329000 C
770 99 30.971001 6.185000 6.707000 C
771 99 30.587000 7.332000 6.913000 O
772 99 29.530001 4.659000 5.267000 C
773 99 28.205000 5.402000 5.404000 C
774 99 27.973000 6.317000 4.216000 C
775 99 27.070000 4.381000 5.430000 C
776 100 31.569000 5.429000 7.663000 N
777 100 31.792000 5.976000 8.980000 C
778 100 32.757999 7.163000 8.939000 C
779 100 32.556999 8.216000 9.605000 O
780 100 32.273998 4.916000 9.949000 C
781 100 31.212999 3.821000 10.084000 C
782 100 32.618000 5.575000 11.288000 C
783 100 31.846001 2.573000 10.698000 C
784 101 33.830002 7.026000 8.124000 N
785 101 34.799000 8.126000 7.941000 C
786 101 34.133999 9.444000 7.505000 C
787 101 34.407001 10.530000 8.043000 O
788 101 35.830002 7.688000 6.867000 C
789 101 37.021999 8.597000 6.776000 C
790 101 36.869999 9.827000 6.560000 O
791 101 38.213001 8.005000 6.967000 N
792 102 33.209000 9.323000 6.527000 N
793 102 32.499001 10.470000 5.993000 C
794 102 31.600000 11.105000 7.074000 C
795 102 31.525999 12.329000 7.222000 O
796 102 31.653000 10.077000 4.762000 C
797 102 32.411999 9.796000 3.460000 C
798 102 31.240000 9.227000 2.173000 S
799 102 30.681999 10.845000 1.629000 C
800 103 30.882000 10.259000 7.794000 N
801 103 30.003000 10.755000 8.835000 C
802 103 30.843000 11.386000 9.934000 C
803 103 30.502001 12.444000 10.456000 O
804 103 29.047001 9.693000 9.368000 C
805 103 28.492001 10.133000 10.711000 C
806 103 27.872000 9.521000 8.430000 C
807 104 32.000999 10.793000 10.228000 N
808 104 32.877998 11.366000 11.228000 C
809 104 33.271000 12.786000 10.821000 C
810 104 33.245998 13.722000 11.575000 O
811 104 34.133999 10.465000 11.357000 C
812 104 35.069000 10.848000 12.484000 C
813 104 36.035000 11.836000 12.311000 C
814 104 35.032001 10.227000 13.728000 C
815 104 36.917999 12.190000 13.333000 C
816 104 35.928001 10.545000 14.749000 C
817 104 36.889999 11.527000 14.556000 C
818 105 33.637001 12.960000 9.589000 N
819 105 34.105000 14.238000 9.094000 C
820 105 33.014000 15.256000 8.881000 C
821 105 33.185001 16.424000 9.156000 O
822 105 34.828999 14.048000 7.719000 C
823 105 35.426998 15.376000 7.195000 C
824 105 36.096001 15.289000 5.843000 C
825 105 36.098999 14.227000 5.217000 O
826 105 36.701000 16.393999 5.394000 N
827 106 31.909000 14.855000 8.300000 N
828 106 30.943001 15.864000 7.981000 C
829 106 29.586000 15.765000 8.615000 C
830 106 28.705999 16.570999 8.363000 O
831 106 30.885000 16.145000 6.475000 C
832 106 30.309000 15.085000 5.589000 C
833 106 30.943001 15.362000 3.903000 S
834 106 31.627001 13.744000 3.570000 C
835 107 29.400000 14.785000 9.441000 N
836 107 28.134001 14.697000 10.098000 C
837 107 27.098000 13.976000 9.305000 C
838 107 27.179001 13.860000 8.099000 O
839 108 26.138000 13.474000 10.084000 N
840 108 24.996000 12.699000 9.674000 C
841 108 24.197001 13.403000 8.593000 C
842 108 23.695000 12.802000 7.648000 O
843 108 24.118000 12.531000 10.933000 C
844 108 23.132000 11.355000 10.954000 C
845 108 22.475000 11.231000 12.313000 C
846 108 23.103001 11.314000 13.356000 8
47 108 21.177000 11.040000 12.266000 O
848 109 24.042999 14.699000 8.782000 N
849 109 23.299999 15.509000 7.841000 C
850 109 24.044001 15.727000 6.528000 C
851 109 23.476000 15.538000 5.445000 O
852 109 22.872000 16.856001 8.454000 C
853 109 22.742001 16.719000 9.842000 O
854 109 21.548000 17.304001 7.850000 C
855 110 25.313000 16.125000 6.638000 N
856 110 26.136999 16.356001 5.466000 C
857 110 26.059000 15.125000 4.635000 C
858 110 25.711000 15.171000 3.478000 O
859 111 26.333000 13.999000 5.259000 N
860 111 26.323999 12.745000 4.529000 C
861 111 24.990999 12.341000 3.991000 C
862 111 24.903000 11.802000 2.913000 O
863 111 26.915001 11.663000 5.323000 C
864 111 26.975000 10.432000 4.418000 C
865 111 28.296000 12.176000 5.725000 C
866 112 23.940001 12.631000 4.734000 N
867 112 22.597000 12.327000 4.290000 C
868 112 22.260000 13.070000 2.950000 C
869 112 21.347000 12.687000 2.206000 O
870 112 21.607000 12.525000 5.455000 C
871 113 23.062000 14.113000 2.618000 N
872 113 22.992001 14.918000 1.364000 C
873 113 23.718000 14.347000 0.097000 C
874 113 23.726000 14.931000 -0.990000 O
875 114 24.349001 13.206000 0.242000 N
876 114 24.989000 12.560000 -0.845000 C
877 114 24.009001 11.538000 -1.303000 C
878 114 24.287001 10.397000 -1.551000 O
879 114 26.252001 11.905000 -0.382000 C
880 114 27.327000 12.926000 -0.152000 C
881 114 27.343000 13.711000 0.994000 C
882 114 28.351999 13.102000 -1.080000 C
883 114 28.351999 14.646000 1.227000 C
884 114 29.379999 14.021000 -0.859000 C
885 114 29.384001 14.796000 0.302000 C
886 115 22.832001 12.016000 -1.411000 N
887 115 21.708000 11.229000 -1.760000 C
888 115 21.868000 10.372000 -2.950000 C
889 115 21.503000 9.206000 -2.966000 O
890 115 20.631001 12.217000 -2.133000 C
891 115 19.993000 12.636000 -0.956000 O
892 115 19.663000 11.513000 -3.063000 C
893 116 22.298000 11.018000 -3.993000 N
894 116 22.468000 10.358000 -5.244000 C
895 116 23.514999 9.289000 -5.146000 C
896 116 23.289000 8.160000 -5.548000 O
897 116 22.716999 11.364000 -6.395000 C
898 116 21.539000 12.333000 -6.603000 C
899 116 20.386000 11.982000 -6.353000 O
900 116 21.796000 13.567000 -7.039000 N
901 117 24.653999 9.644000 -4.581000 N
902 117 25.754999 8.704000 -4.441000 C
903 117 25.365999 7.515000 -3.630000 C
904 117 25.778999 6.419000 -3.932000 O
905 117 27.063999 9.266000 -3.877000 C
906 117 27.174999 10.656000 -4.037000 O
907 118 24.645000 7.794000 -2.559000 N
908 118 24.143999 6.832000 -1.593000 C
909 118 23.274000 5.806000 -2.323000 C
910 118 23.405001 4.616000 -2.159000 O
911 118 23.250999 7.566000 -0.521000 C
912 118 23.796000 7.836000 0.919000 C
913 118 25.320999 7.904000 1.042000 C
914 118 23.153000 9.105000 1.494000 C
915 119 22.365999 6.284000 -3.135000 N
916 119 21.465000 5.409000 -3.850000 C
917 119 22.202999 4.497000 -4.815000 C
918 119 21.898001 3.299000 -4.922000 O
919 119 20.399000 6.255000 -4.542000 C
920 119 19.547001 5.499000 -5.543000 C
921 119 18.933001 6.424000 -6.600000 9
22 119 19.047001 5.888000 -7.961000 9
23 119 19.438000 6.586000 -9.032000 9
24 119 19.761999 7.887000 -8.949000 9
25 119 19.506001 5.953000 -10.213000 N
926 120 23.216999 5.060000 -5.503000 N
927 120 24.042999 4.265000 -6.424000 C
928 120 24.789000 3.153000 -5.658000 C
929 120 24.825001 1.997000 -6.069000 O
930 120 25.049999 5.131000 -7.229000 C
931 120 24.409000 6.065000 -8.279000 C
932 120 25.556999 7.347000 -8.898000 S
933 120 24.466000 8.670000 -9.465000 C
934 121 25.379999 3.525000 -4.519000 N
935 121 26.128000 2.593000 -3.702000 C
936 121 25.202000 1.502000 -3.247000 C
937 121 25.552999 0.341000 -3.188000 O
938 121 26.775999 3.276000 -2.504000 C
939 122 23.989000 1.882000 -2.942000 N
940 122 23.079000 0.873000 -2.530000 C
941 122 22.933001 -0.135000 -3.650000 C
942 122 22.955000 -1.340000 -3.404000 O
943 122 21.737000 1.422000 -2.052000 C
944 122 21.129999 0.434000 -1.059000 C
945 122 19.826000 0.908000 -0.500000 9
46 122 19.621000 2.129000 -0.316000 O
947 122 18.945999 -0.065000 -0.233000 9
48 123 22.844000 0.382000 -4.885000 N
949 123 22.730000 -0.453000 -6.080000 C
950 123 24.028000 -1.100000 -6.456000 C
951 123 24.066999 -1.804000 -7.465000 O
952 123 22.261999 0.296000 -7.321000 C
953 123 20.910000 0.930000 -7.075000 C
954 123 20.421000 1.528000 -8.351000 C
955 123 20.260000 0.799000 -9.339000 O
956 123 20.246000 2.848000 -8.356000 N
957 124 25.087000 -0.813000 -5.665000 N
958 124 26.423000 -1.375000 -5.856000 C
959 124 27.113001 -0.947000 -7.160000 C
960 124 27.966000 -1.686000 -7.668000 O
961 124 26.531000 -2.898000 -5.583000 C
962 124 25.823000 -3.391000 -4.312000 C
963 124 26.292999 -4.758000 -3.780000 C
964 124 25.896999 -4.999000 -2.315000 C
965 124 26.665001 -4.159000 -1.371000 N
966 125 26.731001 0.238000 -7.688000 N
967 125 27.332001 0.832000 -8.911000 C
968 125 28.545000 1.624000 -8.472000 C
969 125 28.528999 2.842000 -8.463000 O
970 125 26.400000 1.830000 -9.597000 C
971 125 24.975000 1.368000 -9.868000 C
972 125 24.186001 2.513000 -10.512000 C
973 125 23.281000 2.084000 -11.571000 N
974 125 22.504999 0.978000 -11.472000 9
75 125 22.511999 0.171000 -10.387000 9
76 125 21.691999 0.661000 -12.491000 9
77 126 29.570999 0.920000 -8.049000 N
978 126 30.768000 1.540000 -7.519000 C
979 126 31.348000 2.716000 -8.284000 C
980 126 31.764000 3.696000 -7.680000 O
981 126 31.855000 0.510000 -7.091000 C
982 126 31.263000 -0.603000 -6.263000 C
983 126 31.354000 -1.941000 -6.507000 C
984 126 30.427000 -0.470000 -5.107000 C
985 126 30.672001 -2.657000 -5.555000 N
986 126 30.090000 -1.776000 -4.685000 C
987 126 29.971001 0.622000 -4.370000 C
988 126 29.294001 -1.998000 -3.566000 C
989 126 29.171000 0.402000 -3.264000 C
990 126 28.850000 -0.900000 -2.860000 C
991 127 31.416000 2.605000 -9.600000 N
992 127 32.060001 3.625000 -10.390000 C
993 127 31.299000 4.898000 -10.496000 C
994 127 31.839001 6.017000 -10.359000 O
995 127 32.667000 3.081000 -11.709000 C
996 127 33.631001 1.953000 -11.389000 C
997 127 33.271000 0.895000 -10.885000 9
98 127 34.888000 2.258000 -11.585000 O
999 128 30.024000 4.717000 -10.698000 N
1000 128 29.181999 5.858000 -10.834000 C
1001 128 29.035999 6.586000 -9.505000 C
1002 128 28.902000 7.795000 -9.452000 O
1003 128 27.858999 5.382000 -11.403000 C
1004 128 27.955000 3.859000 -11.622000 C
1005 128 27.367001 3.425000 -12.928000 C
1006 128 26.181000 3.956000 -13.155000 O
1007 128 27.934999 2.648000 -13.686000 1
8 129 29.073999 5.854000 -8.416000 N
1009 129 28.943001 6.491000 -7.120000 C
1010 129 30.188999 7.325000 -6.803000 C
1011 129 30.142000 8.449000 -6.286000 O
1012 129 28.775000 5.417000 -6.062000 C
1013 130 31.313000 6.733000 -7.142000 N
1014 130 32.591000 7.351000 -6.923000 C
1015 130 32.691002 8.655000 -7.672000 C
1016 130 33.096001 9.660000 -7.128000 O
1017 130 33.676998 6.390000 -7.336000 C
1018 131 32.257999 8.656000 -8.919000 N
1019 131 32.306000 9.881000 -9.695000 C
1020 131 31.413000 10.941000 -9.075000 C
1021 131 31.795000 12.090000 -8.936000 O
1022 131 31.912001 9.584000 -11.161000 C
1023 131 31.493999 10.840000 -11.914000 C
1024 131 33.070999 8.916000 -11.916000 C
1025 132 30.188999 10.536000 -8.734000 N
1026 132 29.224001 11.392000 -8.098000 C
1027 132 29.749001 11.922000 -6.756000 C
1028 132 29.549000 13.080000 -6.384000 O
1029 132 27.893000 10.651000 -7.910000 C
1030 132 26.778000 11.582000 -7.510000 C
1031 132 26.514999 11.798000 -6.304000 O
1032 132 26.132999 12.171000 -8.507000 N
1033 133 30.430000 11.084000 -6.010000 N
1034 133 30.957001 11.565000 -4.739000 C
1035 133 31.945000 12.707000 -4.966000 C
1036 133 32.033001 13.681000 -4.188000 O
1037 133 31.677000 10.392000 -3.998000 C
1038 133 30.707001 9.402000 -3.290000 C
1039 133 31.434000 8.165000 -2.729000 C
1040 133 29.952999 10.124000 -2.174000 C
1041 134 32.715000 12.576000 -6.031000 N
1042 134 33.723999 13.563000 -6.403000 C
1043 134 33.195999 14.959000 -6.780000 C
1044 134 33.891998 16.002001 -6.724000 O
1045 134 34.672001 12.993000 -7.454000 C
1046 135 31.958000 15.002000 -7.163000 N
1047 135 31.353001 16.278999 -7.523000 C
1048 135 30.780001 16.957001 -6.302000 C
1049 135 29.573999 17.080999 -6.125000 O
1050 135 30.298000 16.040001 -8.566000 C
1051 135 30.940001 15.716000 -9.905000 C
1052 135 29.957001 15.789000 -11.047000 C
1053 135 29.798000 14.460000 -11.759000 C
1054 135 28.386000 14.057000 -11.907000 N
1055 136 31.660999 17.367001 -5.414000 N
1056 136 31.198000 17.920000 -4.174000 C
1057 136 32.198002 18.896999 -3.659000 C
1058 136 33.386002 18.834000 -3.986000 O
1059 136 31.114000 16.777000 -3.144000 C
1060 136 32.389999 16.100000 -3.050000 O
1061 137 31.702000 19.774000 -2.803000 N
1062 137 32.563000 20.726000 -2.121000 C
1063 137 33.625999 19.972000 -1.349000 C
1064 137 34.824001 20.271000 -1.345000 O
1065 137 31.732000 21.542999 -1.113000 C
1066 137 32.639999 22.514999 -0.347000 C
1067 137 31.966000 23.330999 0.773000 C
1068 137 32.514000 24.684000 0.845000 N
1069 137 33.529999 25.021000 1.635000 1
70 137 34.088001 24.105000 2.437000 N
1071 137 33.993000 26.289000 1.630000 N
1072 138 33.137001 18.915001 -0.722000 N
1073 138 33.948002 18.006001 0.062000 C
1074 138 35.188000 17.594999 -0.714000 C
1075 138 36.306999 17.823000 -0.273000 O
1076 138 33.092999 16.759001 0.426000 C
1077 138 33.874001 15.619000 1.036000 C
1078 138 34.625999 15.702000 2.176000 C
1079 138 33.958000 14.236000 0.598000 C
1080 138 35.214001 14.487000 2.439000 N
1081 138 34.764999 13.548000 1.543000 C
1082 138 33.401001 13.527000 -0.450000 C
1083 138 35.043999 12.185000 1.455000 C
1084 138 33.681999 12.183000 -0.540000 C
1085 138 34.466000 11.509000 0.407000 C
1086 139 35.005001 17.018999 -1.908000 N
1087 139 36.186001 16.618000 -2.649000 C
1088 139 37.061001 17.791000 -2.994000 C
1089 139 38.273998 17.677999 -3.000000 O
1090 139 35.723000 15.955000 -3.933000 C
1091 139 36.821999 15.530000 -4.888000 C
1092 139 37.381001 14.255000 -4.800000 C
1093 139 37.224998 16.339001 -5.953000 C
1094 139 38.347000 13.803000 -5.703000 C
1095 139 38.185001 15.908000 -6.871000 C
1096 139 38.736000 14.632000 -6.755000 C
1097 139 39.685001 14.201000 -7.648000 O
1098 140 36.437000 18.915001 -3.366000 N
1099 140 37.198002 20.098000 -3.781000 C
1100 140 37.973999 20.763000 -2.651000 C
1101 140 39.062000 21.329000 -2.816000 O
1102 140 36.303001 21.110001 -4.526000 C
1103 140 36.074001 20.617001 -5.930000 C
1104 140 34.964001 20.202000 -6.294000 O
1105 140 37.152000 20.603001 -6.717000 N
1106 141 37.443001 20.662001 -1.461000 N
1107 141 38.160999 21.266001 -0.353000 C
1108 141 39.278000 20.409000 0.193000 C
1109 141 40.299000 20.961000 0.571000 O
1110 141 37.234001 21.674999 0.799000 C
1111 141 36.317001 22.844000 0.401000 C
1112 141 37.025002 24.077999 -0.154000 C
1113 141 36.804001 24.504000 -1.323000 O
1114 141 37.810001 24.707001 0.710000 N
1115 142 39.064999 19.077000 0.289000 N
1116 142 40.071999 18.134001 0.797000 C
1117 142 40.198002 16.945000 -0.137000 C
1118 142 39.808998 15.837000 0.193000 O
1119 142 39.708000 17.615000 2.218000 C
1120 142 38.403999 17.058001 2.209000 O
1121 142 39.658001 18.794001 3.165000 C
1122 143 40.736000 17.181000 -1.308000 N
1123 143 40.853001 16.158001 -2.342000 C
1124 143 41.604000 14.865000 -1.984000 C
1125 143 41.181000 13.757000 -2.330000 O
1126 143 41.553001 16.874001 -3.525000 C
1127 143 42.091000 18.228001 -3.023000 C
1128 143 41.491001 18.434000 -1.639000 C
1129 144 42.790001 15.006000 -1.390000 N
1130 144 43.549999 13.830000 -1.113000 C
1131 144 42.824001 12.923000 -0.172000 C
1132 144 42.798000 11.716000 -0.376000 O
1133 144 44.901001 14.170000 -0.529000 C
1134 144 45.823002 14.730000 -1.580000 C
1135 144 45.568001 14.643000 -2.783000 O
1136 144 46.877998 15.346000 -1.115000 N
1137 145 42.223000 13.513000 0.859000 N
1138 145 41.479000 12.709000 1.821000 C
1139 145 40.219002 12.139000 1.166000 C
1140 145 39.919998 10.939000 1.258000 O
1141 145 41.112999 13.441000 3.126000 C
1142 145 40.564999 12.482000 4.203000 C
1143 145 39.216000 12.924000 4.712000 C
1144 145 38.698002 12.182000 5.868000 N
1145 145 38.715000 12.643000 7.124000 C
1146 145 39.289001 13.781000 7.406000 N
1147 145 38.151001 11.971000 8.134000 N
1148 146 39.492001 13.017000 0.457000 N
1149 146 38.285999 12.591000 -0.205000 C
1150 146 38.599998 11.434000 -1.143000 C
1151 146 37.834000 10.486000 -1.259000 O
1152 146 37.584000 13.737000 -0.907000 C
1153 147 39.735001 11.555000 -1.829000 N
1154 147 40.220001 10.558000 -2.784000 C
1155 147 40.410999 9.180000 -2.123000 C
1156 147 40.095001 8.120000 -2.692000 O
1157 147 41.547001 11.046000 -3.360000 C
1158 147 41.800999 10.564000 -4.762000 C
1159 147 42.994999 11.248000 -5.394000 1
160 147 42.601002 12.241000 -6.471000 1
161 147 42.534000 13.619000 -5.971000 N
1162 148 40.966999 9.188000 -0.921000 N
1163 148 41.165001 7.952000 -0.214000 C
1164 148 39.875999 7.312000 0.194000 C
1165 148 39.715000 6.110000 0.052000 O
1166 148 41.994999 8.161000 1.006000 C
1167 148 43.437000 8.477000 0.693000 C
1168 148 44.327999 8.349000 1.914000 C
1169 148 44.042999 9.393000 2.916000 N
1170 148 44.688999 10.563000 2.966000 C
1171 148 45.612000 10.915000 2.075000 N
1172 148 44.396999 11.402000 3.929000 N
1173 149 38.951000 8.097000 0.683000 N
1174 149 37.662998 7.542000 1.103000 C
1175 149 36.837002 7.039000 -0.034000 C
1176 149 36.174999 5.998000 0.061000 O
1177 149 36.903999 8.563000 1.911000 C
1178 149 35.521999 8.026000 2.265000 C
1179 149 37.720001 8.844000 3.163000 C
1180 150 36.875000 7.788000 -1.132000 N
1181 150 36.125000 7.380000 -2.327000 C
1182 150 36.659000 6.073000 -2.946000 C
1183 150 35.903000 5.223000 -3.438000 O
1184 150 36.000000 8.449000 -3.422000 C
1185 150 35.191002 9.638000 -2.932000 C
1186 150 35.271999 7.814000 -4.607000 C
1187 150 35.398998 10.846000 -3.809000 C
1188 151 37.972000 5.923000 -2.941000 N
1189 151 38.563999 4.695000 -3.456000 C
1190 151 38.180000 3.497000 -2.615000 C
1191 151 37.981998 2.391000 -3.115000 O
1192 151 40.097000 4.789000 -3.503000 C
1193 151 40.416000 5.662000 -4.545000 O
1194 151 40.768002 3.410000 -3.706000 C
1195 152 38.132999 3.728000 -1.311000 N
1196 152 37.801998 2.687000 -0.359000 C
1197 152 36.352001 2.286000 -0.589000 C
1198 152 35.935001 1.146000 -0.591000 O
1199 152 38.001999 3.206000 1.099000 C
1200 152 39.351002 3.612000 1.326000 O
1201 152 37.695999 2.088000 2.082000 C
1202 153 35.569000 3.286000 -0.806000 N
1203 153 34.188999 3.071000 -1.038000 C
1204 153 33.931000 2.344000 -2.359000 C
1205 153 33.117001 1.453000 -2.493000 O
1206 153 33.606998 4.485000 -1.103000 C
1207 153 32.162998 4.346000 -0.934000 C
1208 153 31.627001 4.287000 0.350000 C
1209 153 31.333000 4.162000 -2.040000 C
1210 153 30.261000 4.084000 0.527000 C
1211 153 29.958000 3.976000 -1.881000 C
1212 153 29.434000 3.938000 -0.589000 C
1213 154 34.636002 2.748000 -3.366000 N
1214 154 34.460999 2.154000 -4.657000 C
1215 154 34.915001 0.712000 -4.735000 C
1216 154 34.216000 -0.128000 -5.251000 O
1217 154 35.299000 2.916000 -5.677000 C
1218 154 35.053001 2.408000 -7.103000 C
1219 154 35.539001 3.366000 -8.188000 C
1220 154 36.974998 3.598000 -8.094000 N
1221 154 37.890999 2.737000 -8.514000 1
222 154 37.561001 1.574000 -9.102000 N
1223 154 39.176998 3.065000 -8.343000 N
1224 155 36.122002 0.464000 -4.243000 N
1225 155 36.780998 -0.812000 -4.306000 C
1226 155 36.518002 -1.797000 -3.198000 C
1227 155 36.708000 -2.981000 -3.389000 O
1228 155 38.297001 -0.642000 -4.514000 C
1229 155 38.932999 -0.247000 -3.320000 O
1230 155 38.512001 0.411000 -5.577000 C
1231 156 36.139000 -1.315000 -2.033000 N
1232 156 35.933998 -2.183000 -0.926000 C
1233 156 37.254002 -2.797000 -0.453000 C
1234 156 37.233002 -3.860000 0.146000 O
1235 157 38.410999 -2.135000 -0.712000 N
1236 157 39.730999 -2.601000 -0.217000 C
1237 157 40.393002 -1.439000 0.507000 C
1238 157 39.943001 -0.341000 0.334000 O
1239 157 40.687000 -2.952000 -1.370000 C
1240 157 40.994999 -1.746000 -2.037000 O
1241 157 40.027000 -3.919000 -2.353000 C
1242 158 41.491001 -1.674000 1.211000 N
1243 158 42.224998 -0.643000 1.941000 C
1244 158 43.417000 -0.132000 1.180000 C
1245 158 44.299999 0.522000 1.738000 O
1246 158 42.798000 -1.220000 3.257000 C
1247 158 41.731998 -1.612000 4.245000 C
1248 158 41.431000 -2.869000 4.611000 C
1249 158 40.851002 -0.747000 4.994000 C
1250 158 40.380001 -2.874000 5.476000 N
1251 158 40.014000 -1.584000 5.774000 C
1252 158 40.709999 0.634000 5.128000 C
1253 158 39.061001 -1.093000 6.669000 C
1254 158 39.731998 1.099000 5.998000 C
1255 158 38.924999 0.260000 6.771000 C
1256 159 43.467999 -0.460000 -0.082000 N
1257 159 44.611000 -0.059000 -0.866000 C
1258 159 45.062000 1.385000 -0.722000 C
1259 159 46.249001 1.624000 -0.586000 O
1260 159 44.564999 -0.559000 -2.314000 C
1261 159 44.415001 -2.062000 -2.321000 C
1262 159 44.861000 -2.794000 -1.437000 O
1263 159 43.727001 -2.499000 -3.348000 O
1264 160 44.108002 2.333000 -0.742000 N
1265 160 44.396999 3.745000 -0.618000 C
1266 160 45.077999 4.049000 0.682000 C
1267 160 45.738998 5.058000 0.840000 O
1268 160 43.153000 4.602000 -0.797000 C
1269 161 44.970001 3.162000 1.634000 N
1270 161 45.633999 3.514000 2.841000 C
1271 161 46.889999 2.716000 3.036000 C
1272 161 47.490002 2.789000 4.098000 O
1273 161 44.720001 3.268000 4.024000 C
1274 161 43.674000 4.312000 4.103000 C
1275 161 42.500000 4.130000 3.386000 C
1276 161 43.856998 5.464000 4.872000 C
1277 161 41.471001 5.062000 3.476000 C
1278 161 42.830002 6.405000 4.945000 C
1279 161 41.648998 6.231000 4.216000 C
1280 161 40.603001 7.165000 4.293000 O
1281 162 47.277000 1.926000 2.049000 N
1282 162 48.477001 1.123000 2.213000 C
1283 162 49.640999 1.719000 1.439000 C
1284 162 50.529999 2.351000 2.017000 O
1285 162 48.215000 -0.325000 1.862000 1
286 162 47.174000 -0.938000 2.789000 C
1287 162 46.039001 -1.628000 2.049000 1
288 162 46.480999 -2.314000 0.767000 1
289 162 45.750999 -3.572000 0.513000 N
