364
1 1 -4.901 8.210 5.479 O
2 1 -4.313 9.404 4.950 C
3 1 -3.830 10.309 6.068 C
4 1 -4.886 10.501 7.024 O
5 1 -2.665 9.734 6.843 C
6 1 -1.462 9.862 6.075 O
7 1 -2.783 10.625 8.068 C
8 1 -4.289 10.611 8.347 C
9 1 -4.809 9.537 9.262 N
10 1 -4.537 9.600 10.610 C
11 1 -3.734 10.393 11.072 O
12 1 -5.124 8.730 11.456 N
13 1 -5.968 7.791 11.010 C
14 1 -6.524 6.916 11.867 N
15 1 -6.258 7.701 9.612 C
16 1 -5.658 8.588 8.792 C
17 2 -0.102 9.081 6.459 P
18 2 0.925 9.568 5.503 O
19 2 -0.735 7.748 6.301 O
20 2 0.548 9.227 7.938 O
21 2 0.995 10.525 8.396 C
22 2 1.032 10.641 9.935 C
23 2 -0.268 10.534 10.544 O
24 2 1.832 9.520 10.538 C
25 2 3.202 9.859 10.438 O
26 2 1.327 9.542 11.944 C
27 2 -0.136 9.814 11.780 C
28 2 -0.957 8.591 11.791 N
29 2 -1.328 8.104 13.020 C
30 2 -0.936 8.598 14.079 O
31 2 -2.151 7.033 13.078 N
32 2 -2.604 6.449 11.985 C
33 2 -3.473 5.474 12.133 N
34 2 -2.229 6.920 10.694 C
35 2 -1.405 7.985 10.647 C
36 3 4.356 8.814 10.779 P
37 3 5.706 9.408 10.636 O
38 3 3.855 7.883 9.737 O
39 3 4.292 8.012 12.186 O
40 3 4.708 8.623 13.370 C
41 3 4.089 8.028 14.631 C
42 3 2.692 7.786 14.531 O
43 3 4.674 6.773 15.151 C
44 3 5.885 7.161 15.757 O
45 3 3.640 6.579 16.248 C
46 3 2.306 7.039 15.685 C
47 3 1.485 5.913 15.247 N
48 3 1.058 5.589 13.985 C
49 3 0.333 4.492 13.959 N
50 3 0.289 4.076 15.304 C
51 3 -0.408 3.007 15.925 C
52 3 -1.177 2.196 15.440 O
53 3 -0.252 2.984 17.275 N
54 3 0.481 3.898 17.959 C
55 3 1.123 4.923 17.387 N
56 3 0.990 4.945 16.070 C
57 4 6.961 6.049 16.025 P
58 4 8.090 6.947 16.327 O
59 4 7.063 5.065 14.926 O
60 4 6.496 5.256 17.341 O
61 4 6.785 5.631 18.668 C
62 4 6.352 4.557 19.661 C
63 4 4.952 4.325 19.594 O
64 4 6.941 3.221 19.377 C
65 4 8.248 3.144 19.899 O
66 4 5.985 2.325 20.117 C
67 4 4.640 2.901 19.770 C
68 4 3.953 2.416 18.527 N
69 4 4.088 2.874 17.227 C
70 4 3.367 2.234 16.358 N
71 4 2.706 1.281 17.127 C
72 4 1.857 0.231 16.708 C
73 4 1.390 0.000 15.590 O
74 4 1.492 -0.578 17.757 N
75 4 1.868 -0.416 19.083 C
76 4 1.391 -1.296 19.975 N
77 4 2.671 0.586 19.493 N
78 4 3.055 1.390 18.451 C
79 5 9.208 2.082 19.246 P
80 5 10.342 2.493 20.113 O
81 5 9.232 2.267 17.783 O
82 5 8.668 0.653 19.674 O
83 5 8.648 -0.456 18.793 C
84 5 7.721 -1.524 19.355 C
85 5 6.359 -1.134 19.300 O
86 5 7.795 -2.803 18.568 C
87 5 8.801 -3.596 19.159 O
88 5 6.460 -3.395 18.873 C
89 5 5.562 -2.222 18.800 C
90 5 5.089 -1.984 17.416 N
91 5 5.394 -0.961 16.539 C
92 5 4.744 -1.027 15.403 N
93 5 3.955 -2.177 15.530 C
94 5 3.009 -2.747 14.640 C
95 5 2.652 -2.378 13.531 O
96 5 2.404 -3.868 15.163 N
97 5 2.653 -4.391 16.409 C
98 5 1.964 -5.472 16.749 N
99 5 3.538 -3.859 17.265 N
100 5 4.156 -2.761 16.760 C
101 6 9.889 -4.283 18.262 P
102 6 10.951 -4.639 19.220 O
103 6 10.214 -3.745 16.940 O
104 6 8.974 -5.574 18.031 O
105 6 8.721 -6.582 19.023 C
106 6 7.778 -7.728 18.557 C
107 6 6.451 -7.190 18.337 O
108 6 8.202 -8.409 17.217 C
109 6 9.223 -9.429 17.304 O
110 6 6.871 -8.932 16.752 C
111 6 5.910 -7.771 17.111 C
112 6 5.761 -6.803 15.969 N
113 6 4.819 -7.104 14.983 C
114 6 4.179 -8.157 14.977 O
115 6 4.663 -6.259 13.939 N
116 6 5.403 -5.159 13.858 C
117 6 5.136 -4.311 12.876 N
118 6 6.402 -4.834 14.842 C
119 6 6.538 -5.683 15.878 C
120 7 10.359 -9.445 16.165 P
121 7 10.797 -10.495 17.119 O
122 7 11.280 -8.354 15.747 O
123 7 9.763 -10.095 14.822 O
124 7 9.130 -11.354 14.797 C
125 7 8.203 -11.457 13.619 C
126 7 7.308 -10.360 13.659 O
127 7 8.861 -11.351 12.297 C
128 7 9.474 -12.589 12.016 O
129 7 7.613 -11.115 11.473 C
130 7 6.753 -10.178 12.346 C
131 7 6.830 -8.754 11.906 N
132 7 6.078 -8.385 10.783 C
133 7 5.378 -9.172 10.117 O
134 7 6.239 -7.118 10.345 N
135 7 7.077 -6.252 10.920 C
136 7 7.194 -5.038 10.358 N
137 7 7.851 -6.616 12.063 C
138 7 7.688 -7.871 12.520 C
159 9 10.636 -13.063 4.574 P
160 9 10.850 -14.459 4.147 O
161 9 11.702 -12.268 5.181 O
162 9 9.929 -12.250 3.414 O
163 9 8.980 -12.907 2.595 C
164 9 8.396 -11.960 1.591 C
165 9 7.720 -10.877 2.241 O
166 9 9.458 -11.325 0.725 C
167 9 9.802 -12.244 -0.329 O
168 9 8.641 -10.142 0.249 C
169 9 7.884 -9.692 1.460 C
170 9 8.729 -8.727 2.178 N
171 9 9.502 -8.853 3.311 C
172 9 10.077 -7.745 3.703 N
173 9 9.646 -6.812 2.749 C
174 9 9.978 -5.449 2.611 C
175 9 10.665 -4.795 3.387 O
176 9 9.427 -4.873 1.471 N
177 9 8.634 -5.539 0.557 C
178 9 8.221 -4.906 -0.545 N
179 9 8.295 -6.830 0.693 N
180 9 8.840 -7.403 1.814 C
181 10 11.176 -12.092 -1.144 P
182 10 11.063 -13.130 -2.211 O
183 10 12.348 -11.994 -0.274 O
184 10 11.034 -10.690 -1.901 O
185 10 10.181 -10.589 -3.053 C
186 10 10.313 -9.207 -3.683 C
187 10 9.893 -8.227 -2.735 O
188 10 11.775 -8.855 -4.014 C
189 10 12.159 -9.347 -5.298 O
190 10 11.671 -7.375 -4.046 C
191 10 10.681 -7.054 -2.948 C
192 10 11.318 -6.568 -1.723 N
193 10 11.753 -7.303 -0.652 C
194 10 12.332 -6.590 0.281 N
195 10 12.273 -5.281 -0.214 C
196 10 12.807 -4.077 0.328 C
197 10 13.534 -3.949 1.310 O
198 10 12.581 -2.989 -0.517 N
199 10 11.937 -3.054 -1.729 C
200 10 11.818 -1.932 -2.415 N
201 10 11.446 -4.175 -2.244 N
202 10 11.648 -5.257 -1.441 C
204 11 13.652 4.908 2.928 O
205 11 13.475 5.882 1.859 C
206 11 13.005 5.308 0.500 C
207 11 13.965 4.369 -0.067 O
208 11 11.762 4.503 0.703 C
209 11 10.597 5.333 0.818 O
210 11 11.801 3.629 -0.493 C
211 11 13.254 3.200 -0.540 C
212 11 13.578 1.961 0.251 N
213 11 13.143 0.719 -0.242 C
214 11 12.418 0.625 -1.246 O
215 11 13.534 -0.404 0.446 N
216 11 14.298 -0.328 1.557 C
217 11 14.601 -1.434 2.231 N
218 11 14.741 0.933 2.069 C
219 11 14.356 2.034 1.388 C
220 12 9.218 5.000 1.668 P
221 12 9.453 6.174 0.805 O
222 12 10.164 4.639 2.757 O
223 12 8.761 3.705 0.772 O
224 12 8.123 3.907 -0.503 C
225 12 7.793 2.628 -1.218 C
226 12 8.956 1.828 -1.341 O
227 12 6.784 1.834 -0.440 C
228 12 5.444 2.312 -0.655 O
229 12 7.063 0.472 -1.039 C
230 12 8.582 0.453 -1.118 C
231 12 9.230 -0.130 0.101 N
232 12 9.305 -1.512 0.218 C
233 12 8.785 -2.248 -0.613 O
234 12 9.949 -2.082 1.268 N
235 12 10.511 -1.308 2.196 C
236 12 11.193 -1.858 3.203 N
237 12 10.438 0.117 2.107 C
238 12 9.794 0.651 1.053 C
239 13 4.268 1.974 0.377 P
240 13 2.995 2.571 -0.086 O
241 13 4.851 2.440 1.659 O
242 13 4.034 0.397 0.474 O
243 13 3.347 -0.193 -0.633 C
244 13 3.293 -1.718 -0.575 C
245 13 4.588 -2.347 -0.520 O
246 13 2.585 -2.195 0.657 C
247 13 1.188 -1.936 0.512 O
248 13 2.974 -3.657 0.476 C
249 13 4.468 -3.613 0.127 C
250 13 5.299 -3.657 1.333 N
251 13 5.997 -2.656 1.938 C
252 13 6.618 -3.036 3.027 N
253 13 6.306 -4.381 3.151 C
254 13 6.666 -5.315 4.147 C
255 13 7.385 -5.149 5.118 O
256 13 6.134 -6.561 3.916 N
257 13 5.344 -6.873 2.840 C
258 13 4.999 -5.999 1.890 N
259 13 5.509 -4.773 2.111 C
260 14 0.166 -1.877 1.732 P
261 14 -1.225 -1.634 1.328 O
262 14 0.847 -0.916 2.628 O
263 14 0.159 -3.338 2.394 O
264 14 -0.428 -4.432 1.733 C
265 14 -0.068 -5.691 2.490 C
266 14 1.355 -5.970 2.530 O
267 14 -0.528 -5.665 3.949 C
268 14 -1.935 -5.950 4.000 O
269 14 0.317 -6.807 4.491 C
270 14 1.672 -6.630 3.790 C
271 14 2.570 -5.807 4.645 N
272 14 2.842 -4.457 4.610 C
273 14 3.664 -4.063 5.540 N
274 14 3.967 -5.227 6.256 C
275 14 4.749 -5.415 7.441 C
276 14 5.433 -4.620 8.079 O
277 14 4.701 -6.722 7.892 N
278 14 3.987 -7.741 7.290 C
279 14 3.971 -8.911 7.922 N
280 14 3.259 -7.578 6.170 N
281 14 3.297 -6.299 5.714 C
282 15 -2.873 -5.782 5.279 P
283 15 -4.303 -5.982 4.942 O
284 15 -2.417 -4.503 5.842 O
285 15 -2.468 -6.891 6.313 O
286 15 -2.911 -8.221 6.143 C
287 15 -2.367 -9.082 7.257 C
288 15 -0.942 -9.023 7.256 O
289 15 -2.792 -8.627 8.629 C
290 15 -4.141 -9.029 8.892 O
291 15 -1.757 -9.390 9.437 C
292 15 -0.475 -9.172 8.630 C
293 15 0.298 -7.960 9.015 N
294 15 0.317 -6.751 8.370 C
295 15 1.124 -5.874 8.878 N
296 15 1.696 -6.567 9.943 C
297 15 2.652 -6.115 10.861 C
298 15 3.244 -5.025 10.819 O
299 15 2.934 -7.081 11.820 N
300 15 2.364 -8.326 11.861 C
301 15 2.706 -9.151 12.848 N
302 15 1.476 -8.749 10.969 N
303 15 1.189 -7.830 10.047 C
304 16 -5.074 -8.071 9.761 P
305 16 -6.206 -9.023 9.551 O
306 16 -5.156 -6.667 9.330 O
307 16 -4.591 -8.111 11.301 O
308 16 -4.642 -9.297 12.138 C
309 16 -3.728 -9.134 13.349 C
310 16 -2.416 -8.874 12.869 O
311 16 -4.048 -7.912 14.174 C
312 16 -5.093 -8.211 15.084 O
313 16 -2.741 -7.777 14.888 C
314 16 -1.718 -8.072 13.813 C
315 16 -1.138 -6.831 13.217 N
316 16 -0.119 -6.227 13.939 C
317 16 0.257 -6.639 15.046 O
318 16 0.400 -5.075 13.456 N
319 16 -0.036 -4.508 12.347 C
320 16 0.547 -3.353 12.009 N
321 16 -1.089 -5.106 11.592 C
322 16 -1.607 -6.262 12.055 C
323 17 -5.928 -6.979 15.620 P
324 17 -7.058 -7.739 16.180 O
325 17 -6.185 -5.799 14.774 O
326 17 -5.043 -6.525 16.870 O
327 17 -4.932 -7.340 18.052 C
328 17 -3.895 -6.802 19.017 C
329 17 -2.635 -6.678 18.358 O
330 17 -4.223 -5.391 19.506 C
331 17 -5.177 -5.403 20.573 O
332 17 -2.837 -5.019 19.975 C
333 17 -1.936 -5.522 18.858 C
334 17 -1.651 -4.524 17.780 N
335 17 -0.682 -3.560 18.010 C
336 17 -0.061 -3.474 19.065 O
337 17 -0.377 -2.670 17.037 N
338 17 -0.997 -2.702 15.844 C
339 17 -0.654 -1.794 14.905 N
340 17 -2.012 -3.697 15.575 C
341 17 -2.297 -4.577 16.571 C
362 19 -6.114 1.662 22.769 P
363 19 -6.756 1.837 24.082 O
364 19 -6.886 1.511 21.517 O
365 19 -5.150 2.905 22.489 O
366 19 -4.298 3.497 23.442 C
367 19 -3.419 4.498 22.730 C
368 19 -2.867 3.852 21.571 O
369 19 -4.139 5.684 22.207 C
370 19 -4.222 6.651 23.250 O
371 19 -3.120 6.103 21.187 C
372 19 -2.567 4.860 20.606 C
373 19 -3.194 4.551 19.325 N
374 19 -4.126 3.575 18.994 C
375 19 -4.401 3.519 17.721 N
376 19 -3.577 4.542 17.179 C
377 19 -3.413 4.999 15.842 C
378 19 -3.887 4.547 14.802 O
379 19 -2.535 6.074 15.765 N
380 19 -1.869 6.648 16.815 C
381 19 -1.109 7.727 16.578 N
382 19 -1.996 6.206 18.057 N
383 19 -2.859 5.168 18.162 C
384 20 -5.250 7.875 23.040 P
385 20 -5.193 8.523 24.373 O
386 20 -6.526 7.489 22.404 O
387 20 -4.430 8.808 22.071 O
388 20 -3.252 9.521 22.480 C
389 20 -2.839 10.476 21.344 C
390 20 -2.539 9.723 20.159 O
391 20 -3.965 11.463 20.960 C
392 20 -3.886 12.661 21.750 O
393 20 -3.566 11.759 19.550 C
394 20 -2.999 10.448 19.016 C
395 20 -3.958 9.636 18.238 N
396 20 -4.805 8.666 18.665 C
397 20 -5.371 8.025 17.676 N
398 20 -4.872 8.606 16.531 C
399 20 -5.162 8.335 15.170 C
400 20 -5.874 7.443 14.689 O
401 20 -4.491 9.236 14.349 N
402 20 -3.645 10.256 14.788 C
403 20 -3.098 11.107 13.893 N
404 20 -3.383 10.463 16.070 N
405 20 -4.021 9.608 16.875 C
