724 3452
0 2
0 3
0 4
0 17
0 18
0 20
0 28
1 3
1 4
1 19
1 20
1 28
2 5
2 6
2 7
2 17
2 18
2 20
2 22
2 23
2 28
3 4
3 6
3 8
3 16
3 17
3 19
3 20
3 22
3 23
3 28
4 7
4 18
4 19
4 21
4 22
4 28
4 30
4 32
5 6
5 18
5 19
5 20
5 21
5 22
5 31
5 32
5 33
5 34
5 49
6 8
6 16
6 19
6 20
6 23
6 28
6 706
6 719
7 9
7 10
7 16
7 19
7 20
7 21
7 22
7 28
7 706
8 10
8 11
8 12
8 14
8 20
8 21
8 23
8 28
8 358
9 12
9 14
9 16
9 23
9 24
9 358
9 386
9 706
10 11
10 23
10 24
10 373
10 386
10 705
10 706
11 13
11 14
11 16
11 347
11 358
11 372
11 386
12 15
12 16
12 24
12 25
12 346
12 347
13 14
13 15
13 24
13 25
14 25
14 26
14 27
14 28
14 347
14 359
15 16
15 28
15 359
16 20
16 21
16 26
16 27
16 359
17 19
17 29
18 19
18 20
18 29
19 20
19 22
20 21
20 22
20 28
20 30
20 32
21 23
21 32
21 33
21 347
21 358
21 359
21 706
21 719
22 23
22 33
22 36
22 49
22 718
22 719
23 702
23 703
23 706
23 717
23 718
23 719
24 371
24 372
24 373
24 386
25 360
26 28
26 359
26 360
27 28
28 29
30 34
30 49
30 50
31 32
31 33
31 34
31 50
32 33
33 35
33 36
33 37
33 48
33 49
33 50
33 52
33 59
34 36
34 37
34 51
34 52
34 59
35 38
35 39
35 40
35 49
35 50
35 52
35 54
35 55
35 59
36 37
36 39
36 41
36 48
36 49
36 51
36 52
36 54
36 55
36 59
36 699
36 703
36 714
36 719
37 40
37 50
37 51
37 53
37 54
37 59
37 60
37 62
38 39
38 50
38 51
38 52
38 53
38 54
38 61
38 62
38 63
38 64
38 79
39 41
39 48
39 51
39 52
39 55
39 59
39 79
39 688
40 42
40 43
40 48
40 51
40 52
40 53
40 54
40 59
40 699
41 43
41 44
41 45
41 47
41 52
41 53
41 55
41 59
42 45
42 47
42 48
42 55
42 327
42 418
42 676
42 705
42 706
43 44
43 55
43 408
43 675
43 676
43 704
43 705
44 46
44 47
44 48
44 56
44 327
44 406
44 418
45 48
45 56
45 57
45 58
45 316
45 317
45 347
45 358
46 47
46 58
46 316
46 346
46 405
47 57
47 59
47 328
48 52
48 58
49 51
50 51
50 52
51 52
51 54
51 714
52 53
52 54
52 59
52 60
52 62
53 55
53 63
53 66
53 327
53 676
53 688
54 55
54 63
54 64
54 79
54 688
54 694
54 696
55 687
55 688
55 696
55 699
55 703
55 719
56 313
56 315
56 346
56 404
56 406
57 58
57 318
57 360
58 59
58 359
60 64
60 79
60 80
61 62
61 63
61 64
61 80
62 63
63 65
63 66
63 67
63 79
63 80
63 82
63 89
64 66
64 67
64 68
64 81
64 82
64 694
65 68
65 69
65 70
65 79
65 80
65 82
65 84
65 85
65 89
65 684
65 694
66 67
66 69
66 71
66 78
66 79
66 81
66 82
66 84
66 85
66 89
66 668
66 669
66 673
66 684
66 688
67 70
67 80
67 81
67 83
67 84
67 89
67 90
67 92
68 69
68 80
68 81
68 82
68 83
68 84
68 91
68 92
68 93
69 71
69 78
69 81
69 82
69 85
69 89
69 657
69 666
70 72
70 73
70 78
70 81
70 82
70 83
70 84
70 89
70 657
70 669
70 688
71 73
71 74
71 75
71 77
71 83
71 85
71 89
72 75
72 77
72 78
72 85
72 448
72 646
72 676
73 74
73 85
73 438
73 645
73 656
73 657
73 675
74 76
74 77
74 78
74 86
74 436
74 448
75 78
75 86
75 87
75 88
75 287
75 317
75 327
76 77
76 88
76 286
76 316
76 317
76 435
77 87
77 89
77 298
78 82
78 83
78 88
79 81
79 694
80 81
80 82
81 82
81 84
81 666
81 668
81 684
81 694
82 83
82 84
82 89
82 90
82 92
83 85
83 89
83 93
83 646
83 657
83 658
84 85
84 93
84 657
84 663
84 664
84 666
85 642
85 656
85 657
85 666
85 668
85 669
85 673
85 684
85 688
86 316
86 434
86 436
87 88
87 288
88 89
90 94
90 109
90 110
91 92
91 93
91 94
91 109
92 93
92 94
92 110
93 95
93 96
93 109
93 110
93 111
93 664
94 96
94 97
94 98
94 111
94 112
95 98
95 99
95 100
95 109
95 110
95 112
95 113
95 114
95 115
95 121
96 97
96 99
96 101
96 108
96 110
96 111
96 112
96 113
96 114
96 115
96 119
96 658
97 100
97 109
97 110
97 111
97 113
97 114
97 115
97 120
97 121
98 99
98 109
98 111
98 112
98 113
98 114
98 121
98 122
98 123
98 124
98 140
99 101
99 108
99 111
99 112
99 115
99 119
99 123
99 628
100 102
100 103
100 108
100 111
100 112
100 113
100 114
100 119
100 658
101 103
101 104
101 105
101 107
101 113
101 114
101 115
101 119
102 105
102 107
102 108
102 115
102 478
102 616
102 646
103 104
103 115
103 468
103 615
103 626
103 645
104 106
104 107
104 108
104 116
104 466
104 478
105 108
105 116
105 117
105 118
105 257
105 287
106 107
106 118
106 256
106 286
106 465
107 117
107 119
107 268
108 113
108 118
109 111
109 112
110 111
110 112
111 112
111 115
111 120
111 121
111 654
111 664
112 113
112 114
112 119
113 115
113 119
113 616
113 628
114 115
114 120
114 121
114 123
114 612
114 613
114 616
114 626
114 627
114 628
115 626
115 639
115 643
115 658
116 464
116 466
117 118
117 258
118 119
120 124
120 139
120 140
120 627
121 122
121 123
121 627
121 636
121 654
122 123
122 124
122 139
123 125
123 126
123 139
123 140
123 141
123 612
123 624
123 627
123 628
124 126
124 127
124 141
124 142
125 128
125 129
125 130
125 139
125 140
125 142
125 143
125 144
125 145
125 151
125 609
125 624
125 628
126 127
126 129
126 131
126 138
126 140
126 141
126 142
126 143
126 145
126 149
126 609
126 613
126 628
127 130
127 139
127 140
127 141
127 143
127 144
127 145
127 150
127 151
128 129
128 139
128 141
128 142
128 143
128 144
128 151
128 152
128 153
128 154
128 170
129 131
129 138
129 141
129 142
129 145
129 149
130 132
130 133
130 138
130 141
130 142
130 143
130 144
130 149
130 609
130 628
131 133
131 134
131 135
131 137
131 143
131 144
131 145
131 149
132 135
132 137
132 138
132 145
132 237
132 508
132 586
132 616
133 134
133 145
133 498
133 585
133 586
133 596
133 615
134 136
134 137
134 138
134 146
134 237
134 496
134 508
135 138
135 146
135 147
135 148
135 226
135 227
135 257
135 267
136 137
136 148
136 226
136 256
136 257
136 495
137 147
137 149
137 238
138 143
138 148
139 141
139 142
140 141
140 142
141 142
141 145
141 150
141 608
141 609
141 624
141 628
142 143
142 144
142 149
143 145
143 149
144 145
144 150
144 153
144 154
144 156
144 170
144 598
145 582
145 596
145 597
145 598
145 609
145 613
145 628
146 223
146 225
146 234
146 256
146 494
146 496
147 148
147 228
148 149
150 154
150 169
150 170
151 152
151 153
151 597
151 607
151 608
151 622
151 624
152 153
152 154
152 169
153 155
153 156
153 169
153 170
153 171
153 597
153 598
154 156
154 157
154 158
154 171
154 172
155 158
155 159
155 160
155 169
155 170
155 172
155 175
155 176
156 157
156 159
156 161
156 168
156 170
156 171
156 172
156 175
156 176
156 180
156 579
156 583
156 598
157 160
157 169
157 170
157 171
157 174
157 175
157 180
158 159
158 169
158 171
158 172
158 174
158 175
159 161
159 168
159 171
159 172
159 173
159 176
159 180
159 566
160 162
160 163
160 168
160 171
160 172
160 174
160 175
160 180
160 566
160 579
160 598
161 163
161 164
161 165
161 167
161 172
161 174
161 176
161 180
161 586
162 165
162 167
162 168
162 176
162 539
162 553
162 585
162 586
163 164
163 176
163 528
163 549
163 550
163 552
163 553
163 564
163 566
163 585
164 166
164 167
164 168
164 177
164 526
164 539
165 168
165 177
165 178
165 179
165 193
165 227
165 237
166 167
166 179
166 192
166 193
166 195
166 202
166 226
166 525
167 178
167 180
168 172
168 174
168 179
169 171
169 172
170 171
170 172
171 172
171 175
171 176
171 579
171 594
172 173
172 174
172 175
172 180
173 174
173 175
174 176
174 180
174 566
175 176
175 565
175 566
176 549
176 564
176 565
176 566
176 579
176 598
177 189
177 190
177 192
177 202
177 226
177 524
177 526
178 179
178 195
178 196
178 197
178 202
178 207
178 239
179 180
179 206
179 207
179 238
181 183
181 184
181 185
181 198
181 199
181 201
181 209
182 184
182 185
182 200
182 201
182 209
183 186
183 187
183 188
183 198
183 199
183 201
183 203
183 204
183 209
184 185
184 187
184 189
184 197
184 198
184 200
184 201
184 203
184 204
184 209
185 188
185 199
185 200
185 202
185 203
185 209
185 211
185 213
186 187
186 199
186 200
186 201
186 202
186 203
186 212
186 213
186 214
186 215
186 230
187 189
187 197
187 200
187 201
187 204
187 209
187 525
187 538
188 190
188 191
188 197
188 200
188 201
188 202
188 203
188 209
188 525
189 191
189 192
189 193
189 195
189 201
189 202
189 204
189 209
190 193
190 195
190 197
190 204
190 205
190 525
190 567
191 192
191 204
191 205
191 524
191 525
191 554
191 567
192 194
192 195
192 197
192 553
192 567
193 196
193 197
193 205
193 206
194 195
194 196
194 205
194 206
195 206
195 207
195 208
195 209
196 197
196 209
197 201
197 202
197 207
197 208
198 200
198 210
199 200
199 201
199 210
200 201
200 203
201 202
201 203
201 209
201 211
201 213
202 204
202 213
202 214
202 525
202 538
203 204
203 214
203 217
203 230
203 537
203 538
204 521
204 522
204 525
204 536
204 537
204 538
205 552
205 553
205 554
205 567
207 209
208 209
209 210
211 215
211 230
211 231
212 213
212 214
212 215
212 231
213 214
214 216
214 217
214 218
214 229
214 230
214 231
214 233
214 240
215 217
215 218
215 232
215 233
215 240
216 219
216 220
216 221
216 230
216 231
216 233
216 235
216 236
216 240
217 218
217 220
217 222
217 229
217 230
217 232
217 233
217 235
217 236
217 240
217 518
217 522
217 533
217 538
218 221
218 231
218 232
218 234
218 235
218 240
218 241
218 243
219 220
219 231
219 232
219 233
219 234
219 235
219 242
219 243
219 244
219 245
219 260
220 222
220 229
220 232
220 233
220 236
220 240
220 260
220 507
221 223
221 224
221 229
221 232
221 233
221 234
221 235
221 240
221 518
222 224
222 225
222 226
222 228
222 233
222 234
222 236
222 240
223 226
223 228
223 229
223 236
223 495
223 524
223 525
223 599
224 225
224 236
224 494
224 495
224 523
224 524
224 589
225 227
225 228
225 229
225 237
225 587
225 599
226 229
226 237
226 238
226 239
227 228
227 239
227 586
228 238
228 240
229 233
229 239
230 232
231 232
231 233
232 233
232 235
232 533
233 234
233 235
233 240
233 241
233 243
234 236
234 244
234 247
234 495
234 507
235 236
235 244
235 245
235 260
235 507
235 513
235 515
236 506
236 507
236 515
236 518
236 522
236 538
237 585
237 587
238 239
239 240
241 245
241 260
241 261
242 243
242 244
242 245
242 261
243 244
244 246
244 247
244 248
244 260
244 261
244 263
244 270
245 247
245 248
245 249
245 262
245 263
245 513
246 249
246 250
246 251
246 260
246 261
246 263
246 265
246 266
246 270
246 503
246 513
247 248
247 250
247 252
247 259
247 260
247 262
247 263
247 265
247 266
247 270
247 487
247 488
247 492
247 503
247 507
248 251
248 261
248 262
248 264
248 265
248 270
248 271
248 273
249 250
249 261
249 262
249 263
249 264
249 265
249 272
249 273
249 274
250 252
250 259
250 262
250 263
250 266
250 270
250 476
250 485
251 253
251 254
251 259
251 262
251 263
251 264
251 265
251 270
251 476
251 488
251 507
252 254
252 255
252 256
252 258
252 264
252 266
252 270
253 256
253 258
253 259
253 266
253 465
253 495
253 629
254 255
254 266
254 464
254 475
254 476
254 494
254 619
255 257
255 258
255 259
255 267
255 617
255 629
256 259
256 267
256 268
256 269
257 258
257 269
257 616
258 268
258 270
259 263
259 264
259 269
260 262
260 513
261 262
261 263
262 263
262 265
262 485
262 487
262 503
262 513
263 264
263 265
263 270
263 271
263 273
264 266
264 270
264 274
264 465
264 476
264 477
265 266
265 274
265 476
265 482
265 483
265 485
266 461
266 475
266 476
266 485
266 487
266 488
266 492
266 503
266 507
267 615
267 617
268 269
269 270
271 275
271 290
271 291
272 273
272 274
272 275
272 290
273 274
273 275
273 291
274 276
274 277
274 290
274 291
274 292
274 483
275 277
275 278
275 279
275 292
275 293
276 279
276 280
276 281
276 290
276 291
276 293
276 294
276 295
276 296
276 302
277 278
277 280
277 282
277 289
277 291
277 292
277 293
277 294
277 295
277 296
277 300
277 477
278 281
278 290
278 291
278 292
278 294
278 295
278 296
278 301
278 302
279 280
279 290
279 292
279 293
279 294
279 295
279 302
279 303
279 304
279 305
279 321
280 282
280 289
280 292
280 293
280 296
280 300
280 304
280 447
281 283
281 284
281 289
281 292
281 293
281 294
281 295
281 300
281 477
282 284
282 285
282 286
282 288
282 294
282 295
282 296
282 300
283 286
283 288
283 289
283 296
283 435
283 465
283 659
284 285
284 296
284 434
284 445
284 464
284 649
285 287
285 288
285 289
285 297
285 647
285 659
286 289
286 297
286 298
286 299
287 288
287 299
287 646
288 298
288 300
289 294
289 299
290 292
290 293
291 292
291 293
292 293
292 296
292 301
292 302
292 473
292 483
293 294
293 295
293 300
294 296
294 300
294 435
294 447
295 296
295 301
295 302
295 304
295 431
295 432
295 435
295 445
295 446
295 447
296 445
296 458
296 462
296 477
297 645
297 647
298 299
299 300
301 305
301 320
301 321
301 446
302 303
302 304
302 446
302 455
302 473
303 304
303 305
303 320
304 306
304 307
304 320
304 321
304 322
304 431
304 443
304 446
304 447
305 307
305 308
305 322
305 323
306 309
306 310
306 311
306 320
306 321
306 323
306 324
306 325
306 326
306 332
306 428
306 443
306 447
307 308
307 310
307 312
307 319
307 321
307 322
307 323
307 324
307 326
307 330
307 428
307 432
307 447
308 311
308 320
308 321
308 322
308 324
308 325
308 326
308 331
308 332
309 310
309 320
309 322
309 323
309 324
309 325
309 332
309 333
309 334
309 335
309 351
310 312
310 319
310 322
310 323
310 326
310 330
311 313
311 314
311 319
311 322
311 323
311 324
311 325
311 330
311 428
311 447
312 314
312 315
312 316
312 318
312 324
312 325
312 326
312 330
313 316
313 318
313 319
313 326
313 405
313 435
313 689
314 315
314 326
314 404
314 405
314 415
314 434
314 679
315 317
315 318
315 319
315 327
315 677
315 689
316 319
316 327
316 328
316 329
317 318
317 329
317 676
318 328
318 330
319 324
319 329
320 322
320 323
321 322
321 323
322 323
322 326
322 331
322 427
322 428
322 443
322 447
323 324
323 325
323 330
324 326
324 330
325 326
325 331
325 334
325 335
325 337
325 351
325 417
326 401
326 415
326 416
326 417
326 428
326 432
326 447
327 675
327 677
328 329
329 330
331 335
331 350
331 351
332 333
332 334
332 416
332 426
332 427
332 441
332 443
333 334
333 335
333 350
334 336
334 337
334 350
334 351
334 352
334 416
334 417
335 337
335 338
335 339
335 352
335 353
336 339
336 340
336 341
336 350
336 351
336 353
336 356
336 357
337 338
337 340
337 342
337 349
337 351
337 352
337 353
337 356
337 357
337 361
337 398
337 402
337 417
338 341
338 350
338 351
338 352
338 355
338 356
338 361
339 340
339 350
339 352
339 353
339 355
339 356
340 342
340 349
340 352
340 353
340 354
340 357
340 361
340 385
341 343
341 344
341 349
341 352
341 353
341 355
341 356
341 361
341 385
341 398
341 417
342 344
342 345
342 346
342 348
342 353
342 355
342 357
342 361
342 405
343 346
343 348
343 349
343 357
343 372
343 404
343 405
343 720
344 345
344 357
344 368
344 369
344 371
344 372
344 383
344 385
344 404
344 709
345 347
345 348
345 349
345 358
345 707
345 720
346 349
346 358
346 359
346 360
347 348
347 360
347 706
348 359
348 361
349 353
349 355
349 360
350 352
350 353
351 352
351 353
352 353
352 356
352 357
352 398
352 413
353 354
353 355
353 356
353 361
354 355
354 356
355 357
355 361
355 385
356 357
356 384
356 385
357 368
357 383
357 384
357 385
357 398
357 417
358 705
358 707
359 360
360 361
362 364
362 365
362 366
362 379
362 380
362 382
362 390
363 365
363 366
363 381
363 382
363 390
364 367
364 368
364 369
364 379
364 380
364 382
364 384
364 385
364 390
365 366
365 368
365 370
365 378
365 379
365 381
365 382
365 384
365 385
365 390
366 369
366 380
366 381
366 383
366 384
366 390
366 392
366 394
367 368
367 380
367 381
367 382
367 383
367 384
367 393
367 394
367 395
367 396
367 411
368 370
368 378
368 381
368 382
368 385
368 390
369 371
369 372
369 378
369 381
369 382
369 383
369 384
369 390
370 372
370 373
370 374
370 376
370 382
370 383
370 385
370 390
370 720
371 374
371 376
371 378
371 385
371 386
371 720
372 373
372 385
372 386
373 375
373 376
373 378
373 709
373 720
374 377
374 378
374 386
374 387
374 708
374 709
375 376
375 377
375 386
375 387
376 387
376 388
376 389
376 390
376 709
376 721
377 378
377 390
377 721
378 382
378 383
378 388
378 389
378 721
379 381
379 391
380 381
380 382
380 391
381 382
381 384
382 383
382 384
382 390
382 392
382 394
383 385
383 394
383 395
383 709
383 720
383 721
384 385
384 395
384 398
384 411
387 722
388 390
388 721
388 722
389 390
390 391
392 396
392 411
392 412
393 394
393 395
393 396
393 412
394 395
395 397
395 398
395 399
395 410
395 411
395 412
395 414
395 421
396 398
396 399
396 413
396 414
396 421
397 400
397 401
397 402
397 411
397 412
397 414
397 416
397 417
397 421
398 399
398 401
398 403
398 410
398 411
398 413
398 414
398 416
398 417
398 421
399 402
399 412
399 413
399 415
399 416
399 421
399 422
399 424
400 401
400 412
400 413
400 414
400 415
400 416
400 423
400 424
400 425
400 426
400 441
401 403
401 410
401 413
401 414
401 417
401 421
401 441
402 404
402 405
402 410
402 413
402 414
402 415
402 416
402 421
403 405
403 406
403 407
403 409
403 414
403 415
403 417
403 421
404 407
404 409
404 410
404 417
404 689
405 406
405 417
406 408
406 409
406 410
406 418
406 689
407 410
407 418
407 419
407 420
407 678
407 679
407 709
407 720
408 409
408 420
408 678
408 708
409 419
409 421
409 690
410 414
410 420
411 413
412 413
412 414
413 414
413 416
414 415
414 416
414 421
414 422
414 424
415 417
415 425
415 428
415 689
416 417
416 425
416 426
416 441
418 675
418 677
418 708
419 420
419 680
419 722
420 421
420 721
422 426
422 441
422 442
423 424
423 425
423 426
423 442
424 425
425 427
425 428
425 429
425 441
425 442
425 444
425 451
426 428
426 429
426 430
426 443
426 444
427 430
427 431
427 432
427 441
427 442
427 444
427 446
427 447
427 451
428 429
428 431
428 433
428 440
428 441
428 443
428 444
428 446
428 447
428 451
429 432
429 442
429 443
429 445
429 446
429 451
429 452
429 454
430 431
430 442
430 443
430 444
430 445
430 446
430 453
430 454
430 455
431 433
431 440
431 443
431 444
431 447
431 451
432 434
432 435
432 440
432 443
432 444
432 445
432 446
432 451
433 435
433 436
433 437
433 439
433 445
433 447
433 451
434 437
434 439
434 440
434 447
435 436
435 447
436 438
436 439
436 440
436 448
437 440
437 448
437 449
437 450
437 649
437 679
437 689
438 439
438 450
438 648
438 678
438 679
439 449
439 451
439 660
440 444
440 445
440 450
441 443
442 443
442 444
443 444
443 446
444 445
444 446
444 451
444 452
444 454
445 447
445 451
445 455
446 447
446 455
448 678
449 450
449 650
450 451
452 456
452 471
452 472
453 454
453 455
453 456
453 471
454 455
454 456
454 472
455 457
455 458
455 471
455 472
455 473
456 458
456 459
456 460
456 473
456 474
457 460
457 461
457 462
457 471
457 472
457 474
457 475
457 476
457 477
457 483
458 459
458 461
458 463
458 470
458 472
458 473
458 474
458 475
458 476
458 477
458 481
459 462
459 471
459 472
459 473
459 475
459 476
459 477
459 482
459 483
460 461
460 471
460 473
460 474
460 475
460 476
460 483
460 484
460 485
460 486
460 502
461 463
461 470
461 473
461 474
461 477
461 481
461 485
462 464
462 465
462 470
462 473
462 474
462 475
462 476
462 481
463 465
463 466
463 467
463 469
463 475
463 476
463 477
463 481
464 467
464 469
464 470
464 477
465 466
465 477
466 468
466 469
466 470
466 478
467 470
467 478
467 479
467 480
467 619
467 649
468 469
468 480
468 618
468 648
469 479
469 481
469 630
470 475
470 480
471 473
471 474
472 473
472 474
473 474
473 477
473 482
473 483
474 475
474 476
474 481
475 477
475 481
476 477
476 482
476 483
476 485
479 480
479 620
480 481
482 486
482 501
482 502
483 484
483 485
484 485
484 486
484 501
485 487
485 488
485 501
485 502
485 503
486 488
486 489
486 503
486 504
487 490
487 491
487 492
487 501
487 502
487 504
487 505
487 506
487 507
487 513
488 489
488 491
488 493
488 500
488 502
488 503
488 504
488 505
488 507
488 511
489 492
489 501
489 502
489 503
489 505
489 506
489 507
489 512
489 513
490 491
490 501
490 503
490 504
490 505
490 506
490 513
490 514
490 515
490 516
490 532
491 493
491 500
491 503
491 504
491 507
491 511
492 494
492 495
492 500
492 503
492 504
492 505
492 506
492 511
493 495
493 496
493 497
493 499
493 505
493 506
493 507
493 511
494 497
494 499
494 500
494 507
494 599
495 496
495 507
496 498
496 499
496 500
496 508
496 599
497 500
497 508
497 509
497 510
497 588
497 589
497 619
497 629
498 499
498 510
498 588
498 618
498 619
499 509
499 511
499 600
500 505
500 510
501 503
501 504
502 503
502 504
503 504
503 507
503 512
504 505
504 506
504 511
505 507
505 511
506 507
506 512
506 515
506 516
506 518
506 532
508 585
508 587
508 596
508 618
509 510
509 590
510 511
512 516
512 531
512 532
513 514
513 515
514 515
514 516
514 531
515 517
515 518
515 531
515 532
515 533
516 518
516 519
516 520
516 533
516 534
517 520
517 521
517 522
517 531
517 532
517 534
517 537
517 538
518 519
518 521
518 523
518 530
518 532
518 533
518 534
518 537
518 538
518 542
519 522
519 531
519 532
519 533
519 536
519 537
519 542
520 521
520 531
520 533
520 534
520 536
520 537
521 523
521 530
521 533
521 534
521 535
521 538
521 542
522 524
522 525
522 530
522 533
522 534
522 536
522 537
522 542
523 525
523 526
523 527
523 529
523 534
523 536
523 538
523 542
524 527
524 529
524 530
524 538
525 526
525 538
526 528
526 529
526 530
526 539
527 530
527 539
527 540
527 541
527 555
527 589
527 599
528 529
528 541
528 554
528 555
528 557
528 564
528 588
529 540
529 542
530 534
530 536
530 541
531 533
531 534
532 533
532 534
533 534
533 537
533 538
534 535
534 536
534 537
534 542
535 536
535 537
536 538
536 542
537 538
539 551
539 552
539 554
539 564
539 588
540 541
540 557
540 558
540 559
540 564
540 569
540 601
541 542
541 568
541 569
541 600
543 545
543 546
543 547
543 560
543 561
543 563
543 571
544 546
544 547
544 562
544 563
544 571
545 548
545 549
545 550
545 560
545 561
545 563
545 565
545 566
545 571
546 547
546 549
546 551
546 559
546 560
546 562
546 563
546 565
546 566
546 571
547 550
547 561
547 562
547 564
547 565
547 571
547 573
547 575
548 549
548 561
548 562
548 563
548 564
548 565
548 574
548 575
548 576
548 577
548 592
549 551
549 559
549 562
549 563
549 566
549 571
550 552
550 553
550 559
550 562
550 563
550 564
550 565
550 571
551 553
551 554
551 555
551 557
551 563
551 564
551 566
551 571
552 555
552 557
552 559
552 566
552 567
553 554
553 566
553 567
554 556
554 557
554 559
555 558
555 559
555 567
555 568
556 557
556 558
556 567
556 568
557 568
557 569
557 570
557 571
558 559
558 571
559 563
559 564
559 569
559 570
560 562
560 572
561 562
561 563
561 572
562 563
562 565
563 564
563 565
563 571
563 573
563 575
564 566
564 575
564 576
565 566
565 576
565 579
565 592
569 571
570 571
571 572
573 577
573 592
573 593
574 575
574 576
574 577
574 593
575 576
576 578
576 579
576 580
576 591
576 592
576 593
576 595
576 602
577 579
577 580
577 594
577 595
577 602
578 581
578 582
578 583
578 592
578 593
578 595
578 597
578 598
578 602
579 580
579 582
579 584
579 591
579 592
579 594
579 595
579 597
579 598
579 602
580 583
580 593
580 594
580 596
580 597
580 602
580 603
580 605
581 582
581 593
581 594
581 595
581 596
581 597
581 604
581 605
581 606
581 607
581 622
582 584
582 591
582 594
582 595
582 598
582 602
582 622
583 585
583 586
583 591
583 594
583 595
583 596
583 597
583 602
584 586
584 587
584 588
584 590
584 595
584 596
584 598
584 602
585 588
585 590
585 591
585 598
586 587
586 598
587 589
587 590
587 591
587 599
588 591
588 599
588 600
588 601
589 590
589 601
590 600
590 602
591 595
591 601
592 594
593 594
593 595
594 595
594 597
595 596
595 597
595 602
595 603
595 605
596 598
596 606
596 609
597 598
597 606
597 607
597 622
600 601
601 602
603 607
603 622
603 623
604 605
604 606
604 607
604 623
605 606
606 608
606 609
606 610
606 622
606 623
606 625
606 632
607 609
607 610
607 611
607 624
607 625
608 611
608 612
608 613
608 622
608 623
608 625
608 627
608 628
608 632
609 610
609 612
609 614
609 621
609 622
609 624
609 625
609 627
609 628
609 632
610 613
610 623
610 624
610 626
610 627
610 632
610 633
610 635
611 612
611 623
611 624
611 625
611 626
611 627
611 634
611 635
611 636
612 614
612 621
612 624
612 625
612 628
612 632
613 615
613 616
613 621
613 624
613 625
613 626
613 627
613 632
614 616
614 617
614 618
614 620
614 626
614 628
614 632
615 618
615 620
615 621
615 628
616 617
616 628
617 619
617 620
617 621
617 629
618 621
618 629
618 630
618 631
619 620
619 631
620 630
620 632
621 625
621 626
621 631
622 624
623 624
623 625
624 625
624 627
625 626
625 627
625 632
625 633
625 635
626 628
626 632
626 636
627 628
627 636
630 631
631 632
633 637
633 652
633 653
634 635
634 636
634 637
634 652
635 636
635 637
635 653
636 638
636 639
636 652
636 653
636 654
637 639
637 640
637 641
637 654
637 655
638 641
638 642
638 643
638 652
638 653
638 655
638 656
638 657
638 658
638 664
639 640
639 642
639 644
639 651
639 653
639 654
639 655
639 656
639 657
639 658
639 662
640 643
640 652
640 653
640 654
640 656
640 657
640 658
640 663
640 664
641 642
641 652
641 654
641 655
641 656
641 657
641 664
641 665
641 666
641 667
641 683
642 644
642 651
642 654
642 655
642 658
642 662
642 666
643 645
643 646
643 651
643 654
643 655
643 656
643 657
643 662
644 646
644 647
644 648
644 650
644 656
644 657
644 658
644 662
645 648
645 650
645 651
645 658
646 647
646 658
647 649
647 650
647 651
647 659
648 651
648 659
648 660
648 661
649 650
649 661
650 660
650 662
651 656
651 661
652 654
652 655
653 654
653 655
654 655
654 658
654 663
654 664
655 656
655 657
655 662
656 658
656 662
657 658
657 663
657 664
657 666
660 661
661 662
663 667
663 682
663 683
664 665
664 666
665 666
665 667
665 682
666 668
666 669
666 682
666 683
666 684
667 669
667 670
667 684
667 685
668 671
668 672
668 673
668 682
668 683
668 685
668 686
668 687
668 688
668 694
669 670
669 672
669 674
669 681
669 683
669 684
669 685
669 686
669 688
669 692
670 673
670 682
670 683
670 684
670 686
670 687
670 688
670 693
670 694
671 672
671 682
671 684
671 685
671 686
671 687
671 694
671 695
671 696
671 697
671 713
672 674
672 681
672 684
672 685
672 688
672 692
673 675
673 676
673 681
673 684
673 685
673 686
673 687
673 692
674 676
674 677
674 678
674 680
674 686
674 687
674 688
674 692
675 678
675 680
675 681
675 688
676 677
676 688
677 679
677 680
677 681
677 689
678 681
678 689
678 690
678 691
679 680
679 691
680 690
680 692
681 686
681 691
682 684
682 685
683 684
683 685
684 685
684 688
684 693
685 686
685 687
685 692
686 688
686 692
687 688
687 693
687 696
687 697
687 699
687 713
690 691
691 692
693 697
693 712
693 713
694 695
694 696
695 696
695 697
695 712
696 698
696 699
696 712
696 713
696 714
697 699
697 700
697 701
697 714
697 715
698 701
698 702
698 703
698 712
698 713
698 715
698 718
698 719
699 700
699 702
699 704
699 711
699 713
699 714
699 715
699 718
699 719
699 723
700 703
700 712
700 713
700 714
700 717
700 718
700 723
701 702
701 712
701 714
701 715
701 717
701 718
702 704
702 711
702 714
702 715
702 716
702 719
702 723
703 705
703 706
703 711
703 714
703 715
703 717
703 718
703 723
704 706
704 707
704 708
704 710
704 715
704 717
704 719
704 723
705 708
705 710
705 711
705 719
706 707
706 719
707 709
707 710
707 711
707 720
708 711
708 720
708 721
708 722
709 710
709 722
710 721
710 723
711 715
711 717
711 722
712 714
712 715
713 714
713 715
714 715
714 718
714 719
715 716
715 717
715 718
715 723
716 717
716 718
717 719
717 723
718 719
721 722
722 723
1 1 -5.444000 -3.882000 -27.274000 O
2 1 -4.975000 -5.193000 -26.943001 C
3 1 -3.861000 -5.152000 -25.898001 C
4 1 -2.738000 -4.387000 -26.382999 O
5 1 -4.324000 -4.508000 -24.586000 C
6 1 -4.947000 -5.483000 -23.740999 O
7 1 -2.985000 -4.008000 -24.084999 C
8 1 -2.272000 -3.512000 -25.341999 C
9 1 -2.478000 -2.073000 -25.683001 N
10 1 -1.358000 -1.256000 -25.798000 C
11 1 -0.205000 -1.685000 -25.775000 O
12 1 -1.613000 0.096000 -25.966000 N
13 1 -2.857000 0.699000 -25.989000 C
14 1 -2.954000 1.918000 -26.111000 O
15 1 -3.955000 -0.231000 -25.855000 C
16 1 -5.368000 0.283000 -25.580000 C
17 1 -3.733000 -1.556000 -25.872000 C
18 1 -4.594000 -5.667000 -27.848000 H
19 1 -5.809000 -5.781000 -26.559999 H
20 1 -3.531000 -6.170000 -25.684999 H
21 1 -4.981000 -3.657000 -24.743999 H
22 1 -3.043000 -3.243000 -23.309999 H
23 1 -2.460000 -4.883000 -23.698000 H
24 1 -1.204000 -3.694000 -25.215000 H
25 1 -0.819000 0.705000 -26.089001 H
26 1 -5.381000 1.373000 -25.594000 H
27 1 -5.685000 -0.067000 -24.597000 H
28 1 -6.051000 -0.098000 -26.340000 H
29 1 -4.556000 -2.210000 -26.150000 H
30 1 -6.131000 -3.985000 -27.936001 H
31 2 -5.581000 -5.134000 -22.297001 P
32 2 -6.554000 -6.195000 -21.951000 O
33 2 -6.007000 -3.716000 -22.297001 O
34 2 -4.310000 -5.271000 -21.320999 O
35 2 -3.628000 -6.521000 -21.159000 C
36 2 -2.412000 -6.380000 -20.253000 C
37 2 -1.529000 -5.379000 -20.791000 O
38 2 -2.784000 -5.941000 -18.832001 C
39 2 -3.089000 -7.092000 -18.034000 O
40 2 -1.488000 -5.253000 -18.455000 C
41 2 -1.063000 -4.536000 -19.726000 C
42 2 -1.534000 -3.130000 -19.858999 N
43 2 -0.574000 -2.122000 -19.863001 C
44 2 0.627000 -2.390000 -19.848000 O
45 2 -0.997000 -0.834000 -19.895000 N
46 2 -2.299000 -0.530000 -19.948000 C
47 2 -2.676000 0.747000 -19.917999 N
48 2 -3.294000 -1.554000 -20.018000 C
49 2 -2.864000 -2.831000 -19.993000 C
50 2 -3.289000 -6.868000 -22.136000 H
51 2 -4.309000 -7.260000 -20.736000 H
52 2 -1.884000 -7.333000 -20.197001 H
53 2 -3.591000 -5.210000 -18.815001 H
54 2 -1.554000 -4.585000 -17.594999 H
55 2 -0.757000 -6.035000 -18.261000 H
56 2 0.027000 -4.547000 -19.770000 H
57 2 -1.981000 1.478000 -19.865999 H
58 2 -3.657000 0.986000 -19.948000 H
59 2 -4.355000 -1.315000 -20.089001 H
60 2 -3.595000 -3.622000 -20.150999 H
61 3 -3.662000 -7.011000 -16.527000 P
62 3 -4.133000 -8.359000 -16.139999 O
63 3 -4.582000 -5.855000 -16.436001 O
64 3 -2.345000 -6.669000 -15.668000 O
65 3 -1.193000 -7.519000 -15.705000 C
66 3 -0.067000 -6.968000 -14.842000 C
67 3 0.233000 -5.608000 -15.208000 O
68 3 -0.434000 -6.967000 -13.365000 C
69 3 -0.062000 -8.251000 -12.853000 O
70 3 0.472000 -5.857000 -12.881000 C
71 3 0.487000 -4.841000 -14.017000 C
72 3 -0.436000 -3.682000 -13.864000 N
73 3 0.119000 -2.405000 -13.776000 C
74 3 1.338000 -2.245000 -13.712000 O
75 3 -0.721000 -1.336000 -13.763000 N
76 3 -2.046000 -1.496000 -13.814000 C
77 3 -2.830000 -0.418000 -13.812000 N
78 3 -2.633000 -2.800000 -13.862000 C
79 3 -1.793000 -3.856000 -13.883000 C
80 3 -0.836000 -7.598000 -16.729000 H
81 3 -1.456000 -8.520000 -15.360000 H
82 3 0.818000 -7.593000 -14.966000 H
83 3 -1.475000 -6.698000 -13.185000 H
84 3 0.193000 -5.415000 -11.924000 H
85 3 1.459000 -6.310000 -12.800000 H
86 3 1.505000 -4.461000 -14.102000 H
87 3 -2.420000 0.505000 -13.777000 H
88 3 -3.833000 -0.523000 -13.845000 H
89 3 -3.714000 -2.937000 -13.878000 H
90 3 -2.219000 -4.857000 -13.935000 H
91 4 -0.489000 -8.788000 -11.402000 P
92 4 -0.082000 -10.207000 -11.299000 O
93 4 -1.898000 -8.405000 -11.155000 O
94 4 0.451000 -7.923000 -10.427000 O
95 4 0.315000 -8.040000 -9.012000 C
96 4 1.076000 -6.945000 -8.280000 C
97 4 0.578000 -5.660000 -8.659000 O
98 4 0.818000 -7.044000 -6.779000 C
99 4 1.714000 -7.970000 -6.138000 O
100 4 0.917000 -5.595000 -6.324000 C
101 4 0.906000 -4.749000 -7.600000 C
102 4 -0.146000 -3.703000 -7.540000 N
103 4 0.235000 -2.367000 -7.506000 C
104 4 1.423000 -2.048000 -7.477000 O
105 4 -0.744000 -1.427000 -7.510000 N
106 4 -2.039000 -1.765000 -7.557000 C
107 4 -2.965000 -0.808000 -7.590000 N
108 4 -2.443000 -3.136000 -7.583000 C
109 4 -1.467000 -4.064000 -7.556000 C
110 4 0.678000 -9.016000 -8.687000 H
111 4 -0.744000 -7.951000 -8.761000 H
112 4 2.145000 -7.015000 -8.486000 H
113 4 -0.227000 -7.313000 -6.612000 H
114 4 0.020000 -5.391000 -5.738000 H
115 4 1.791000 -5.384000 -5.713000 H
116 4 1.898000 -4.324000 -7.763000 H
117 4 -2.687000 0.163000 -7.573000 H
118 4 -3.944000 -1.052000 -7.632000 H
119 4 -3.495000 -3.420000 -7.625000 H
120 4 -1.723000 -5.129000 -7.517000 H
121 5 3.288000 -7.718000 -5.856000 P
122 5 3.837000 -6.869000 -6.937000 O
123 5 3.921000 -9.020000 -5.548000 O
124 5 3.236000 -6.839000 -4.506000 O
125 5 2.800000 -7.398000 -3.260000 C
126 5 2.783000 -6.339000 -2.170000 C
127 5 1.820000 -5.322000 -2.453000 O
128 5 2.374000 -6.860000 -0.794000 C
129 5 3.455000 -7.486000 -0.077000 O
130 5 1.791000 -5.606000 -0.139000 C
131 5 1.744000 -4.549000 -1.249000 C
132 5 0.492000 -3.750000 -1.285000 N
133 5 0.586000 -2.361000 -1.283000 C
134 5 1.680000 -1.799000 -1.254000 O
135 5 -0.567000 -1.642000 -1.328000 N
136 5 -1.759000 -2.242000 -1.404000 C
137 5 -2.863000 -1.496000 -1.425000 N
138 5 -1.868000 -3.668000 -1.452000 C
139 5 -0.721000 -4.375000 -1.393000 C
140 5 3.483000 -8.198000 -2.971000 H
141 5 1.790000 -7.798000 -3.367000 H
142 5 3.775000 -5.895000 -2.101000 H
143 5 1.540000 -7.555000 -0.913000 H
144 5 0.776000 -5.865000 0.162000 H
145 5 2.342000 -5.256000 0.736000 H
146 5 2.620000 -3.903000 -1.163000 H
147 5 -2.793000 -0.489000 -1.388000 H
148 5 -3.771000 -1.936000 -1.478000 H
149 5 -2.836000 -4.162000 -1.532000 H
150 5 -0.752000 -5.467000 -1.461000 H
151 6 4.887000 -6.818000 0.287000 P
152 6 5.323000 -5.971000 -0.846000 O
153 6 5.778000 -7.891000 0.781000 O
154 6 4.539000 -5.845000 1.520000 O
155 6 4.102000 -6.350000 2.787000 C
156 6 4.142000 -5.248000 3.836000 C
157 6 3.298000 -4.145000 3.476000 O
158 6 3.647000 -5.676000 5.214000 C
159 6 4.550000 -6.519000 5.933000 O
160 6 3.481000 -4.301000 5.821000 C
161 6 2.893000 -3.470000 4.681000 C
162 6 1.427000 -3.239000 4.724000 N
163 6 0.993000 -1.919000 4.740000 C
164 6 1.793000 -0.985000 4.741000 O
165 6 -0.336000 -1.683000 4.738000 N
166 6 -1.223000 -2.687000 4.693000 C
167 6 -2.528000 -2.417000 4.685000 N
168 6 -0.796000 -4.050000 4.660000 C
169 6 0.530000 -4.278000 4.682000 C
170 6 4.743000 -7.174000 3.101000 H
171 6 3.078000 -6.710000 2.687000 H
172 6 5.171000 -4.896000 3.929000 H
173 6 2.671000 -6.156000 5.145000 H
174 6 4.140000 -6.720000 6.777000 H
175 6 2.872000 -4.262000 6.724000 H
176 6 4.488000 -3.943000 6.043000 H
177 6 3.400000 -2.500000 4.695000 H
178 6 -2.844000 -1.458000 4.711000 H
179 6 -3.201000 -3.169000 4.656000 H
180 6 -1.510000 -4.872000 4.619000 H
181 6 0.881000 -5.307000 4.644000 H
183 1 -7.373000 -2.867000 8.692000 O
184 1 -8.195000 -1.747000 8.348000 C
185 1 -7.492000 -0.804000 7.372000 C
186 1 -6.269000 -0.299000 7.947000 O
187 1 -7.127000 -1.502000 6.057000 C
188 1 -8.232000 -1.462000 5.145000 O
189 1 -5.951000 -0.639000 5.651000 C
190 1 -5.222000 -0.354000 6.964000 C
191 1 -4.151000 -1.325000 7.339000 N
192 1 -2.864000 -0.839000 7.545000 C
193 1 -2.593000 0.361000 7.577000 O
194 1 -1.882000 -1.796000 7.742000 N
195 1 -2.056000 -3.168000 7.711000 C
196 1 -1.096000 -3.920000 7.865000 O
197 1 -3.424000 -3.573000 7.482000 C
198 1 -3.748000 -5.027000 7.140000 C
199 1 -4.413000 -2.663000 7.469000 C
200 1 -8.437000 -1.198000 9.257000 H
201 1 -9.118000 -2.111000 7.897000 H
202 1 -8.151000 0.036000 7.146000 H
203 1 -6.780000 -2.523000 6.205000 H
204 1 -5.296000 -1.081000 4.900000 H
205 1 -6.373000 0.291000 5.269000 H
206 1 -4.785000 0.643000 6.895000 H
207 1 -0.947000 -1.469000 7.931000 H
208 1 -2.844000 -5.635000 7.188000 H
209 1 -4.155000 -5.070000 6.129000 H
210 1 -4.483000 -5.415000 7.845000 H
211 1 -5.427000 -3.002000 7.674000 H
212 1 -7.873000 -3.407000 9.309000 H
213 2 -8.200000 -2.137000 3.678000 P
214 2 -9.597000 -2.360000 3.241000 O
215 2 -7.246000 -3.270000 3.698000 O
216 2 -7.565000 -0.968000 2.775000 O
217 2 -8.229000 0.292000 2.614000 C
218 2 -7.395000 1.261000 1.786000 C
219 2 -6.108000 1.435000 2.408000 O
220 2 -7.147000 0.755000 0.361000 C
221 2 -8.228000 1.155000 -0.490000 O
222 2 -5.843000 1.475000 0.083000 C
223 2 -5.087000 1.397000 1.399000 C
224 2 -4.175000 0.230000 1.549000 N
225 2 -2.808000 0.482000 1.641000 C
226 2 -2.378000 1.633000 1.691000 O
227 2 -1.964000 -0.579000 1.691000 N
228 2 -2.423000 -1.835000 1.676000 C
229 2 -1.557000 -2.848000 1.665000 N
230 2 -3.825000 -2.109000 1.655000 C
231 2 -4.658000 -1.050000 1.617000 C
232 2 -8.393000 0.734000 3.597000 H
233 2 -9.194000 0.140000 2.127000 H
234 2 -7.902000 2.225000 1.731000 H
235 2 -6.972000 -0.320000 0.321000 H
236 2 -5.269000 1.082000 -0.757000 H
237 2 -6.090000 2.521000 -0.095000 H
238 2 -4.505000 2.314000 1.507000 H
239 2 -0.564000 -2.664000 1.678000 H
240 2 -1.894000 -3.800000 1.644000 H
241 2 -4.207000 -3.130000 1.670000 H
242 2 -5.728000 -1.233000 1.702000 H
243 3 -8.383000 0.680000 -2.025000 P
244 3 -9.745000 1.036000 -2.483000 O
245 3 -7.912000 -0.719000 -2.134000 O
246 3 -7.329000 1.622000 -2.794000 O
247 3 -7.415000 3.049000 -2.715000 C
248 3 -6.289000 3.718000 -3.493000 C
249 3 -5.010000 3.213000 -3.065000 O
250 3 -6.401000 3.457000 -4.988000 C
251 3 -7.242000 4.487000 -5.518000 O
252 3 -4.950000 3.624000 -5.381000 C
253 3 -4.160000 3.044000 -4.214000 C
254 3 -3.684000 1.643000 -4.384000 N
255 3 -2.307000 1.412000 -4.399000 C
256 3 -1.506000 2.346000 -4.385000 O
257 3 -1.870000 0.126000 -4.427000 N
258 3 -2.728000 -0.898000 -4.460000 C
259 3 -2.253000 -2.143000 -4.473000 N
260 3 -4.142000 -0.677000 -4.489000 C
261 3 -4.570000 0.601000 -4.451000 C
262 3 -7.344000 3.357000 -1.673000 H
263 3 -8.375000 3.388000 -3.107000 H
264 3 -6.337000 4.796000 -3.336000 H
265 3 -6.732000 2.445000 -5.220000 H
266 3 -4.675000 3.179000 -6.338000 H
267 3 -4.786000 4.700000 -5.418000 H
268 3 -3.292000 3.685000 -4.057000 H
269 3 -1.256000 -2.304000 -4.454000 H
270 3 -2.890000 -2.926000 -4.504000 H
271 3 -4.846000 -1.508000 -4.540000 H
272 3 -5.642000 0.792000 -4.457000 H
273 4 -7.838000 4.470000 -7.008000 P
274 4 -8.797000 5.591000 -7.132000 O
275 4 -8.270000 3.090000 -7.325000 O
276 4 -6.544000 4.815000 -7.897000 O
277 4 -6.632000 4.811000 -9.320000 C
278 4 -5.258000 4.872000 -9.971000 C
279 4 -4.477000 3.740000 -9.581000 O
280 4 -5.392000 4.759000 -11.486000 C
281 4 -5.641000 6.035000 -12.103000 O
282 4 -4.099000 4.063000 -11.889000 C
283 4 -3.474000 3.550000 -10.589000 C
284 4 -3.168000 2.100000 -10.677000 N
285 4 -1.841000 1.689000 -10.645000 C
286 4 -0.925000 2.509000 -10.594000 O
287 4 -1.588000 0.355000 -10.670000 N
288 4 -2.579000 -0.544000 -10.709000 C
289 4 -2.285000 -1.843000 -10.702000 N
290 4 -3.948000 -0.134000 -10.752000 C
291 4 -4.190000 1.192000 -10.754000 C
292 4 -7.231000 5.659000 -9.655000 H
293 4 -7.120000 3.885000 -9.631000 H
294 4 -4.747000 5.798000 -9.705000 H
295 4 -6.180000 4.043000 -11.727000 H
296 4 -4.383000 3.220000 -12.520000 H
297 4 -3.410000 4.699000 -12.440000 H
298 4 -2.588000 4.142000 -10.354000 H
299 4 -1.320000 -2.141000 -10.671000 H
300 4 -3.025000 -2.530000 -10.726000 H
301 4 -4.761000 -0.859000 -10.782000 H
302 4 -5.217000 1.555000 -10.837000 H
303 5 -4.556000 7.223000 -12.283000 P
304 5 -3.611000 7.183000 -11.144000 O
305 5 -5.282000 8.474000 -12.594000 O
306 5 -3.770000 6.742000 -13.605000 O
307 5 -4.401000 6.724000 -14.891000 C
308 5 -3.459000 6.165000 -15.946000 C
309 5 -3.150000 4.794000 -15.688000 O
310 5 -4.036000 6.151000 -17.360001 C
311 5 -3.929000 7.421000 -18.031000 O
312 5 -3.266000 4.999000 -18.007999 C
313 5 -2.473000 4.346000 -16.868999 C
314 5 -2.489000 2.860000 -16.882000 N
315 5 -1.276000 2.179000 -16.834999 C
316 5 -0.208000 2.788000 -16.780001 O
317 5 -1.305000 0.821000 -16.834000 N
318 5 -2.461000 0.148000 -16.848000 C
319 5 -2.440000 -1.184000 -16.868000 N
320 5 -3.715000 0.835000 -16.853001 C
321 5 -3.679000 2.183000 -16.867001 C
322 5 -4.681000 7.741000 -15.165000 H
323 5 -5.293000 6.096000 -14.856000 H
324 5 -2.543000 6.753000 -15.942000 H
325 5 -5.079000 5.831000 -17.315001 H
326 5 -4.020000 4.303000 -18.375999 H
327 5 -2.622000 5.295000 -18.836000 H
328 5 -1.451000 4.728000 -16.882000 H
329 5 -1.557000 -1.675000 -16.868999 H
330 5 -3.305000 -1.704000 -16.884001 H
331 5 -4.662000 0.294000 -16.846001 H
332 5 -4.613000 2.747000 -16.836000 H
333 6 -2.568000 8.265000 -18.288000 P
334 6 -1.690000 8.130000 -17.105000 O
335 6 -2.951000 9.614000 -18.763000 O
336 6 -1.871000 7.482000 -19.507999 O
337 6 -2.456000 7.433000 -20.813999 C
338 6 -1.451000 6.898000 -21.823000 C
339 6 -1.009000 5.576000 -21.478001 O
340 6 -1.996000 6.761000 -23.240999 C
341 6 -2.167000 8.001000 -23.931999 O
342 6 -0.901000 5.890000 -23.812000 C
343 6 -0.594000 4.907000 -22.683001 C
344 6 -1.196000 3.556000 -22.805000 N
345 6 -0.328000 2.469000 -22.805000 C
346 6 0.889000 2.629000 -22.728001 O
347 6 -0.859000 1.226000 -22.874001 N
348 6 -2.182000 1.036000 -22.915001 C
349 6 -2.665000 -0.204000 -22.975000 N
350 6 -3.089000 2.139000 -22.899000 C
351 6 -2.554000 3.374000 -22.849001 C
352 6 -2.778000 8.430000 -21.117001 H
353 6 -3.321000 6.771000 -20.787001 H
354 6 -0.590000 7.568000 -21.843000 H
355 6 -2.933000 6.206000 -23.245001 H
356 6 -2.509000 7.796000 -24.805000 H
357 6 -1.147000 5.388000 -24.747999 H
358 6 -0.040000 6.543000 -23.962000 H
359 6 0.492000 4.803000 -22.635000 H
360 6 -2.034000 -0.992000 -22.988001 H
361 6 -3.663000 -0.356000 -23.009001 H
362 6 -4.168000 1.989000 -22.927000 H
363 6 -3.228000 4.228000 -22.823999 H
365 1 5.772000 4.497000 -26.794001 O
366 1 5.284000 5.793000 -26.434000 C
367 1 4.115000 5.709000 -25.452999 C
368 1 3.021000 4.966000 -26.028999 O
369 1 4.509000 5.008000 -24.146999 C
370 1 5.084000 5.946000 -23.228001 O
371 1 3.146000 4.490000 -23.739000 C
372 1 2.501000 4.049000 -25.052999 C
373 1 2.727000 2.626000 -25.443001 N
374 1 1.616000 1.815000 -25.652000 C
375 1 0.463000 2.244000 -25.673000 O
376 1 1.881000 0.472000 -25.865000 N
377 1 3.125000 -0.132000 -25.847000 C
378 1 3.229000 -1.345000 -26.014999 O
379 1 4.213000 0.791000 -25.615000 C
380 1 5.610000 0.264000 -25.285999 C
381 1 3.991000 2.116000 -25.586000 C
382 1 4.951000 6.305000 -27.336000 H
383 1 6.096000 6.363000 -25.981001 H
384 1 3.774000 6.717000 -25.214001 H
385 1 5.173000 4.161000 -24.309000 H
386 1 3.163000 3.692000 -22.996000 H
387 1 2.600000 5.348000 -23.344000 H
388 1 1.428000 4.227000 -24.976000 H
389 1 1.095000 -0.131000 -26.056000 H
390 1 5.625000 -0.824000 -25.346001 H
391 1 5.872000 0.572000 -24.274000 H
392 1 6.332000 0.677000 -25.990999 H
393 1 4.827000 2.784000 -25.787001 H
394 1 6.493000 4.627000 -27.414000 H
395 2 5.641000 5.535000 -21.768000 P
396 2 6.592000 6.579000 -21.325001 O
397 2 6.068000 4.118000 -21.806000 O
398 2 4.319000 5.632000 -20.857000 O
399 2 3.628000 6.875000 -20.679001 C
400 2 2.365000 6.697000 -19.844999 C
401 2 1.513000 5.720000 -20.473000 O
402 2 2.661000 6.197000 -18.427000 C
403 2 2.922000 7.312000 -17.566000 O
404 2 1.348000 5.496000 -18.149000 C
405 2 0.992000 4.834000 -19.469999 C
406 2 1.471000 3.434000 -19.638000 N
407 2 0.514000 2.428000 -19.737000 C
408 2 -0.686000 2.696000 -19.775000 O
409 2 0.940000 1.141000 -19.801001 N
410 2 2.243000 0.840000 -19.797001 C
411 2 2.619000 -0.439000 -19.802000 N
412 2 3.239000 1.865000 -19.770000 C
413 2 2.807000 3.140000 -19.714001 C
414 2 3.342000 7.264000 -21.656000 H
415 2 4.285000 7.594000 -20.188000 H
416 2 1.834000 7.647000 -19.777000 H
417 2 3.467000 5.463000 -18.400000 H
418 2 1.368000 4.791000 -17.316999 H
419 2 0.608000 6.273000 -17.957001 H
420 2 -0.094000 4.847000 -19.570999 H
421 2 1.923000 -1.170000 -19.818001 H
422 2 3.601000 -0.677000 -19.788000 H
423 2 4.302000 1.627000 -19.794001 H
424 2 3.544000 3.937000 -19.796000 H
425 3 3.413000 7.167000 -16.034000 P
426 3 3.861000 8.497000 -15.565000 O
427 3 4.328000 6.007000 -15.944000 O
428 3 2.053000 6.790000 -15.262000 O
429 3 0.903000 7.642000 -15.326000 C
430 3 -0.267000 7.056000 -14.548000 C
431 3 -0.545000 5.713000 -14.987000 O
432 3 0.021000 6.992000 -13.054000 C
433 3 -0.379000 8.253000 -12.509000 O
434 3 -0.908000 5.863000 -12.668000 C
435 3 -0.861000 4.897000 -13.845000 C
436 3 0.054000 3.731000 -13.693000 N
437 3 -0.505000 2.452000 -13.689000 C
438 3 -1.725000 2.291000 -13.697000 O
439 3 0.334000 1.383000 -13.677000 N
440 3 1.661000 1.542000 -13.649000 C
441 3 2.444000 0.464000 -13.652000 N
442 3 2.248000 2.847000 -13.610000 C
443 3 1.410000 3.904000 -13.631000 C
444 3 0.602000 7.760000 -16.365999 H
445 3 1.146000 8.627000 -14.925000 H
446 3 -1.145000 7.687000 -14.692000 H
447 3 1.051000 6.714000 -12.831000 H
448 3 -0.681000 5.380000 -11.717000 H
449 3 -1.899000 6.313000 -12.620000 H
450 3 -1.873000 4.522000 -14.000000 H
451 3 2.034000 -0.458000 -13.679000 H
452 3 3.448000 0.570000 -13.626000 H
453 3 3.329000 2.983000 -13.563000 H
454 3 1.836000 4.906000 -13.618000 H
455 4 -0.031000 8.727000 -11.015000 P
456 4 -0.445000 10.141000 -10.874000 O
457 4 1.363000 8.332000 -10.711000 O
458 4 -1.021000 7.822000 -10.131000 O
459 4 -0.961000 7.879000 -8.707000 C
460 4 -1.759000 6.754000 -8.063000 C
461 4 -1.240000 5.486000 -8.469000 O
462 4 -1.583000 6.789000 -6.548000 C
463 4 -2.513000 7.688000 -5.917000 O
464 4 -1.704000 5.322000 -6.161000 C
465 4 -1.623000 4.531000 -7.469000 C
466 4 -0.575000 3.482000 -7.398000 N
467 4 -0.956000 2.147000 -7.441000 C
468 4 -2.143000 1.828000 -7.490000 O
469 4 0.024000 1.206000 -7.433000 N
470 4 1.318000 1.545000 -7.396000 C
471 4 2.245000 0.589000 -7.420000 N
472 4 1.722000 2.914000 -7.342000 C
473 4 0.745000 3.841000 -7.328000 C
474 4 -1.343000 8.840000 -8.360000 H
475 4 0.082000 7.778000 -8.403000 H
476 4 -2.816000 6.835000 -8.323000 H
477 4 -0.553000 7.058000 -6.310000 H
478 4 -0.840000 5.092000 -5.537000 H
479 4 -2.609000 5.086000 -5.607000 H
480 4 -2.605000 4.115000 -7.703000 H
481 4 1.968000 -0.381000 -7.460000 H
482 4 3.225000 0.834000 -7.400000 H
483 4 2.774000 3.199000 -7.315000 H
484 4 1.003000 4.898000 -7.234000 H
485 5 -4.099000 7.425000 -5.730000 P
486 5 -4.588000 6.624000 -6.875000 O
487 5 -4.748000 8.714000 -5.402000 O
488 5 -4.118000 6.490000 -4.418000 O
489 5 -3.751000 6.995000 -3.128000 C
490 5 -3.791000 5.891000 -2.085000 C
491 5 -2.812000 4.886000 -2.360000 O
492 5 -3.456000 6.352000 -0.668000 C
493 5 -4.574000 6.948000 0.016000 O
494 5 -2.908000 5.070000 -0.037000 C
495 5 -2.800000 4.062000 -1.187000 C
496 5 -1.547000 3.263000 -1.189000 N
497 5 -1.639000 1.875000 -1.252000 C
498 5 -2.733000 1.314000 -1.306000 O
499 5 -0.486000 1.158000 -1.266000 N
500 5 0.709000 1.759000 -1.252000 C
501 5 1.813000 1.013000 -1.246000 N
502 5 0.819000 3.184000 -1.233000 C
503 5 -0.330000 3.890000 -1.205000 C
504 5 -4.449000 7.783000 -2.843000 H
505 5 -2.739000 7.402000 -3.166000 H
506 5 -4.784000 5.445000 -2.089000 H
507 5 -2.620000 7.051000 -0.710000 H
508 5 -1.911000 5.318000 0.328000 H
509 5 -3.503000 4.683000 0.790000 H
510 5 -3.679000 3.413000 -1.176000 H
511 5 1.742000 0.006000 -1.256000 H
512 5 2.722000 1.455000 -1.232000 H
513 5 1.789000 3.682000 -1.240000 H
514 5 -0.290000 4.980000 -1.224000 H
515 6 -6.023000 6.266000 0.274000 P
516 6 -6.397000 5.469000 -0.916000 O
517 6 -6.941000 7.319000 0.765000 O
518 6 -5.741000 5.242000 1.482000 O
519 6 -5.374000 5.692000 2.790000 C
520 6 -5.468000 4.546000 3.787000 C
521 6 -4.604000 3.459000 3.426000 O
522 6 -5.047000 4.914000 5.207000 C
523 6 -5.989000 5.726000 5.912000 O
524 6 -4.913000 3.514000 5.763000 C
525 6 -4.264000 2.733000 4.621000 C
526 6 -2.802000 2.497000 4.733000 N
527 6 -2.367000 1.177000 4.717000 C
528 6 -3.165000 0.245000 4.634000 O
529 6 -1.037000 0.942000 4.775000 N
530 6 -0.152000 1.946000 4.821000 C
531 6 1.150000 1.673000 4.871000 N
532 6 -0.581000 3.308000 4.822000 C
533 6 -1.909000 3.535000 4.783000 C
534 6 -6.031000 6.502000 3.105000 H
535 6 -4.346000 6.055000 2.760000 H
536 6 -6.500000 4.191000 3.810000 H
537 6 -4.070000 5.395000 5.211000 H
538 6 -5.625000 5.891000 6.785000 H
539 6 -4.353000 3.436000 6.694000 H
540 6 -5.929000 3.148000 5.915000 H
541 6 -4.771000 1.768000 4.564000 H
542 6 1.466000 0.714000 4.873000 H
543 6 1.823000 2.426000 4.910000 H
544 6 0.134000 4.130000 4.856000 H
545 6 -2.255000 4.567000 4.770000 H
547 1 5.774000 1.946000 9.147000 O
548 1 6.614000 0.842000 8.800000 C
549 1 5.965000 -0.059000 7.749000 C
550 1 4.713000 -0.587000 8.236000 O
551 1 5.670000 0.696000 6.447000 C
552 1 6.822000 0.694000 5.595000 O
553 1 4.519000 -0.148000 5.943000 C
554 1 3.720000 -0.488000 7.201000 C
555 1 2.630000 0.467000 7.559000 N
556 1 1.334000 -0.026000 7.675000 C
557 1 1.064000 -1.226000 7.641000 O
558 1 0.342000 0.924000 7.860000 N
559 1 0.516000 2.294000 7.896000 C
560 1 -0.452000 3.041000 8.031000 O
561 1 1.894000 2.708000 7.759000 C
562 1 2.234000 4.175000 7.496000 C
563 1 2.884000 1.798000 7.760000 C
564 1 6.808000 0.254000 9.697000 H
565 1 7.560000 1.223000 8.415000 H
566 1 6.636000 -0.888000 7.523000 H
567 1 5.313000 1.709000 6.621000 H
568 1 3.905000 0.327000 5.177000 H
569 1 4.962000 -1.061000 5.544000 H
570 1 3.289000 -1.481000 7.066000 H
571 1 -0.601000 0.590000 7.984000 H
572 1 1.328000 4.780000 7.522000 H
573 1 2.695000 4.256000 6.511000 H
574 1 2.931000 4.530000 8.255000 H
575 1 3.886000 2.126000 8.030000 H
576 1 6.239000 2.459000 9.812000 H
577 2 6.869000 1.431000 4.158000 P
578 2 8.287000 1.670000 3.806000 O
579 2 5.914000 2.562000 4.175000 O
580 2 6.284000 0.301000 3.173000 O
581 2 6.958000 -0.951000 2.994000 C
582 2 6.170000 -1.883000 2.082000 C
583 2 4.852000 -2.082000 2.626000 O
584 2 5.997000 -1.316000 0.669000 C
585 2 7.123000 -1.681000 -0.139000 O
586 2 4.712000 -2.023000 0.291000 C
587 2 3.886000 -2.000000 1.567000 C
588 2 2.966000 -0.839000 1.718000 N
589 2 1.597000 -1.093000 1.725000 C
590 2 1.165000 -2.245000 1.703000 O
591 2 0.749000 -0.034000 1.775000 N
592 2 1.207000 1.221000 1.839000 C
593 2 0.342000 2.234000 1.825000 N
594 2 2.608000 1.493000 1.904000 C
595 2 3.443000 0.436000 1.866000 C
596 2 7.069000 -1.435000 3.965000 H
597 2 7.946000 -0.779000 2.567000 H
598 2 6.680000 -2.845000 2.014000 H
599 2 5.824000 -0.241000 0.667000 H
600 2 4.183000 -1.594000 -0.561000 H
601 2 4.970000 -3.061000 0.080000 H
602 2 3.300000 -2.920000 1.603000 H
603 2 -0.650000 2.051000 1.777000 H
604 2 0.679000 3.186000 1.862000 H
605 2 2.988000 2.512000 1.984000 H
606 2 4.507000 0.614000 2.015000 H
607 3 7.360000 -1.141000 -1.642000 P
608 3 8.744000 -1.479000 -2.041000 O
609 3 6.894000 0.262000 -1.716000 O
610 3 6.350000 -2.048000 -2.506000 O
611 3 6.432000 -3.478000 -2.482000 C
612 3 5.351000 -4.112000 -3.348000 C
613 3 4.050000 -3.624000 -2.969000 O
614 3 5.542000 -3.788000 -4.822000 C
615 3 6.412000 -4.795000 -5.350000 O
616 3 4.115000 -3.935000 -5.300000 C
617 3 3.262000 -3.405000 -4.153000 C
618 3 2.795000 -1.997000 -4.288000 N
619 3 1.421000 -1.765000 -4.367000 C
620 3 0.621000 -2.697000 -4.436000 O
621 3 0.984000 -0.479000 -4.363000 N
622 3 1.842000 0.546000 -4.307000 C
623 3 1.367000 1.791000 -4.292000 N
624 3 3.255000 0.325000 -4.269000 C
625 3 3.682000 -0.954000 -4.263000 C
626 3 6.305000 -3.828000 -1.459000 H
627 3 7.412000 -3.801000 -2.837000 H
628 3 5.392000 -5.195000 -3.235000 H
629 3 5.885000 -2.767000 -4.994000 H
630 3 3.891000 -3.450000 -6.250000 H
631 3 3.954000 -5.009000 -5.391000 H
632 3 2.388000 -4.051000 -4.070000 H
633 3 0.370000 1.952000 -4.320000 H
634 3 2.004000 2.574000 -4.255000 H
635 3 3.961000 1.156000 -4.247000 H
636 3 4.753000 -1.146000 -4.220000 H
637 4 7.087000 -4.715000 -6.804000 P
638 4 8.052000 -5.830000 -6.925000 O
639 4 7.534000 -3.323000 -7.038000 O
640 4 5.842000 -5.020000 -7.775000 O
641 4 6.007000 -4.955000 -9.190000 C
642 4 4.669000 -4.987000 -9.915000 C
643 4 3.868000 -3.871000 -9.520000 O
644 4 4.885000 -4.810000 -11.416000 C
645 4 5.167000 -6.059000 -12.071000 O
646 4 3.614000 -4.096000 -11.856000 C
647 4 2.919000 -3.638000 -10.571000 C
648 4 2.617000 -2.185000 -10.614000 N
649 4 1.290000 -1.775000 -10.635000 C
650 4 0.374000 -2.594000 -10.668000 O
651 4 1.037000 -0.440000 -10.616000 N
652 4 2.028000 0.459000 -10.564000 C
653 4 1.732000 1.756000 -10.517000 N
654 4 3.397000 0.049000 -10.552000 C
655 4 3.640000 -1.275000 -10.596000 C
656 4 6.624000 -5.789000 -9.528000 H
657 4 6.509000 -4.017000 -9.435000 H
658 4 4.146000 -5.923000 -9.716000 H
659 4 5.686000 -4.089000 -11.584000 H
660 4 3.930000 -3.227000 -12.435000 H
661 4 2.956000 -4.706000 -12.470000 H
662 4 2.023000 -4.239000 -10.410000 H
663 4 0.767000 2.054000 -10.525000 H
664 4 2.472000 2.443000 -10.472000 H
665 4 4.210000 0.774000 -10.507000 H
666 4 4.671000 -1.633000 -10.639000 H
667 5 4.095000 -7.236000 -12.360000 P
668 5 3.090000 -7.244000 -11.273000 O
669 5 4.839000 -8.474000 -12.685000 O
670 5 3.380000 -6.698000 -13.700000 O
671 5 4.079000 -6.626000 -14.949000 C
672 5 3.195000 -6.022000 -16.028000 C
673 5 2.871000 -4.662000 -15.728000 O
674 5 3.847000 -5.949000 -17.407000 C
675 5 3.777000 -7.188000 -18.136999 O
676 5 3.111000 -4.769000 -18.045000 C
677 5 2.258000 -4.164000 -16.924000 C
678 5 2.272000 -2.678000 -16.872999 N
679 5 1.057000 -1.999000 -16.862000 C
680 5 -0.011000 -2.609000 -16.889999 O
681 5 1.084000 -0.642000 -16.801001 N
682 5 2.239000 0.029000 -16.724001 C
683 5 2.217000 1.361000 -16.688999 N
684 5 3.493000 -0.658000 -16.691000 C
685 5 3.459000 -2.004000 -16.764999 C
686 5 4.374000 -7.632000 -15.251000 H
687 5 4.968000 -6.004000 -14.838000 H
688 5 2.281000 -6.609000 -16.098000 H
689 5 4.885000 -5.633000 -17.294001 H
690 5 3.883000 -4.059000 -18.341999 H
691 5 2.512000 -5.028000 -18.917999 H
692 5 1.238000 -4.544000 -17.007999 H
693 5 1.335000 1.852000 -16.716000 H
694 5 3.082000 1.880000 -16.636000 H
695 5 4.437000 -0.119000 -16.611000 H
696 5 4.392000 -2.567000 -16.709000 H
697 6 2.433000 -8.019000 -18.502001 P
698 6 1.492000 -7.934000 -17.363001 O
699 6 2.842000 -9.347000 -19.013000 O
700 6 1.801000 -7.184000 -19.723000 O
701 6 2.455000 -7.081000 -20.993000 C
702 6 1.505000 -6.501000 -22.030001 C
703 6 1.044000 -5.195000 -21.653000 O
704 6 2.125000 -6.305000 -23.410000 C
705 6 2.334000 -7.514000 -24.143000 O
706 6 1.061000 -5.409000 -24.000999 C
707 6 0.693000 -4.475000 -22.848000 C
708 6 1.299000 -3.119000 -22.881001 N
709 6 0.431000 -2.033000 -22.881001 C
710 6 -0.788000 -2.194000 -22.875999 O
711 6 0.965000 -0.788000 -22.868000 N
712 6 2.287000 -0.598000 -22.830000 C
713 6 2.771000 0.642000 -22.811001 N
714 6 3.193000 -1.702000 -22.813000 C
715 6 2.656000 -2.938000 -22.844000 C
716 6 2.794000 -8.064000 -21.320000 H
717 6 3.317000 -6.420000 -20.889999 H
718 6 0.647000 -7.169000 -22.125000 H
719 6 3.060000 -5.750000 -23.340000 H
720 6 2.722000 -7.272000 -24.987000 H
721 6 1.356000 -4.867000 -24.900000 H
722 6 0.210000 -6.054000 -24.225000 H
723 6 -0.393000 -4.374000 -22.851000 H
724 6 2.140000 1.431000 -22.825001 H
725 6 3.769000 0.794000 -22.785000 H
726 6 4.272000 -1.553000 -22.777000 H
727 6 3.330000 -3.793000 -22.819000 H
