202 478
0 2
0 3
0 4
0 6
1 3
1 4
2 5
2 6
2 7
3 4
3 5
3 6
3 8
3 15
3 33
4 7
4 16
4 17
4 19
5 6
5 7
5 17
5 18
5 19
6 8
7 9
7 10
7 15
8 10
8 11
8 12
8 14
9 12
9 14
9 15
10 11
10 199
11 13
11 14
11 15
11 197
12 15
13 14
13 196
16 20
17 18
17 19
18 19
18 20
19 21
19 22
20 22
20 23
20 24
21 24
21 25
21 26
22 23
22 25
22 27
22 37
23 26
23 38
23 40
23 41
24 25
24 39
24 40
24 41
25 27
25 37
26 28
26 36
26 37
27 29
27 30
27 36
28 30
28 37
29 31
29 32
29 37
30 32
30 33
30 34
30 36
31 34
31 36
31 37
32 33
33 35
33 36
33 37
34 37
35 36
38 42
39 40
39 41
39 42
40 41
41 43
41 44
41 45
41 47
42 44
42 45
43 46
43 47
43 48
44 45
44 46
44 47
44 49
44 56
44 75
45 48
45 57
45 58
45 60
46 47
46 48
46 58
46 59
46 60
47 49
48 50
48 51
48 56
49 51
49 52
49 53
49 55
50 53
50 55
50 56
51 52
51 177
52 54
52 55
52 56
52 175
53 56
54 55
54 174
57 61
58 59
58 60
59 60
59 61
60 62
60 63
61 63
61 64
61 65
62 65
62 66
62 67
63 64
63 66
63 68
63 77
63 78
64 67
65 66
66 68
66 77
66 78
67 69
67 77
67 78
68 70
68 71
68 77
69 71
69 78
70 72
70 73
70 78
71 73
71 74
71 75
71 77
72 75
72 77
72 78
73 74
73 155
74 76
74 77
74 78
74 153
75 78
76 77
76 152
79 83
80 81
80 82
81 82
81 83
82 84
82 85
83 85
83 86
84 87
84 88
84 89
85 86
85 87
85 88
85 90
85 100
86 89
87 88
87 89
88 90
88 99
88 100
89 91
89 99
89 100
90 92
90 93
90 99
91 93
91 100
92 94
92 95
92 100
93 95
93 96
93 97
93 99
94 97
94 99
94 100
95 96
95 114
96 98
96 99
96 100
96 112
97 100
98 99
98 111
101 103
101 104
102 104
102 105
102 107
103 106
103 107
103 108
104 105
104 106
104 107
104 109
104 116
104 135
105 108
105 117
105 118
106 107
106 108
106 118
106 119
106 120
106 121
107 109
107 116
108 110
108 111
108 116
109 111
109 112
109 113
109 115
110 113
110 115
110 116
111 112
112 114
112 115
112 116
113 116
114 115
117 121
118 119
118 120
119 120
119 121
120 122
120 123
121 123
121 124
121 125
122 125
122 126
122 127
123 124
123 126
123 128
123 138
124 127
124 139
124 141
124 142
125 126
125 140
125 141
125 142
126 128
126 138
127 129
127 137
127 138
128 130
128 131
128 137
129 131
129 138
130 132
130 133
130 138
131 133
131 134
131 135
131 137
132 135
132 137
132 138
133 134
134 136
134 137
134 138
135 138
136 137
139 143
140 141
140 142
140 143
141 142
142 144
142 145
142 146
142 148
143 145
143 146
144 147
144 148
144 149
145 146
145 148
145 150
145 157
145 175
145 176
146 149
146 158
146 159
147 148
147 149
147 159
147 160
147 161
147 162
148 150
149 151
149 152
149 157
150 152
150 153
150 154
150 156
151 154
151 156
151 157
152 153
153 155
153 156
153 157
154 157
155 156
158 162
159 160
159 161
160 161
160 162
161 163
161 164
162 164
162 165
162 166
162 178
163 166
163 167
163 168
164 165
164 167
164 169
164 170
164 178
164 179
165 168
165 178
166 167
167 169
167 179
168 170
168 178
168 179
169 171
169 172
169 178
170 172
170 179
171 173
171 174
171 179
172 174
172 175
172 176
172 178
173 176
173 178
173 179
174 175
175 177
175 178
175 179
176 179
177 178
180 184
181 182
181 183
182 183
182 184
183 185
183 186
184 186
184 187
184 189
184 190
185 188
185 189
185 190
186 187
186 188
186 189
186 191
187 190
188 189
188 190
189 191
189 201
190 192
190 200
190 201
191 193
191 194
191 200
192 194
192 201
193 195
193 196
193 201
194 196
194 197
194 198
194 200
195 198
195 200
195 201
196 197
197 199
197 200
197 201
198 201
199 200
1 1 18.497999 19.995001 31.193001 O
2 1 19.309000 19.049000 31.933001 C
3 1 18.208000 18.035000 32.265999 C
4 1 16.919001 18.271000 32.568001 O
5 1 18.020000 17.254000 30.952000 C
6 1 18.028999 15.872000 31.031000 O
7 1 16.598000 17.591000 30.414000 C
8 1 15.935000 17.664000 31.802000 C
9 1 14.803000 18.556000 31.863001 N
10 1 13.532000 17.989000 31.797001 C
11 1 13.428000 16.785000 31.691999 O
12 1 12.438000 18.788000 31.815001 N
13 1 12.568000 20.181999 31.780001 C
14 1 11.403000 20.837999 31.767000 N
15 1 13.866000 20.754999 31.955000 C
16 1 14.907000 19.927999 31.867001 C
17 2 19.396999 14.975000 30.650000 P
18 2 20.077000 15.784000 29.643000 O
19 2 18.961000 13.646000 30.576000 O
20 2 20.215000 15.303000 32.095001 O
21 2 20.017000 14.531000 33.259998 C
22 2 20.955000 15.257000 34.205002 C
23 2 20.830999 16.601000 34.266998 O
24 2 20.542000 14.742000 35.659000 C
25 2 21.216000 13.493000 35.868999 O
26 2 20.875000 15.998000 36.569000 C
27 2 20.884001 17.091999 35.602001 C
28 2 19.698999 17.948999 35.764000 N
29 2 19.836000 19.346001 35.820999 C
30 2 18.691000 19.974001 35.965000 N
31 2 17.778000 18.966000 35.807999 C
32 2 16.363001 18.969000 35.646000 C
33 2 15.669000 20.028999 35.650002 O
34 2 15.771000 17.750000 35.452999 N
35 2 16.549000 16.586000 35.382999 C
36 2 15.605000 15.572000 35.098000 N
37 2 17.837999 16.476000 35.417999 N
38 2 18.372000 17.695000 35.611000 C
39 3 20.516001 12.182000 36.376999 P
40 3 21.524000 11.109000 36.775002 O
41 3 19.513000 11.799000 35.326000 O
42 3 19.694000 12.531000 37.724998 O
43 3 19.393000 11.459000 38.613998 C
44 3 18.049999 11.777000 39.249001 C
45 3 17.599001 13.027000 39.773998 O
46 3 16.962999 11.603000 38.150002 C
47 3 15.727000 11.057000 38.535000 O
48 3 16.705999 13.107000 37.673000 C
49 3 16.636999 13.719000 39.109001 C
50 3 17.023001 15.177000 39.262001 N
51 3 15.928000 16.059000 39.147999 C
52 3 14.763000 15.643000 38.951000 O
53 3 16.271999 17.403999 39.091000 N
54 3 17.554001 17.805000 39.087002 C
55 3 17.716000 19.167999 39.169998 N
56 3 18.615999 16.934999 39.187000 C
57 3 18.294001 15.609000 39.174000 C
58 4 15.341000 9.483000 38.363998 P
59 4 15.842000 9.125000 37.050999 O
60 4 13.909000 9.397000 38.702000 O
61 4 16.283001 8.846000 39.573002 O
62 4 15.787000 8.815000 40.890999 C
63 4 17.051001 8.350000 41.599998 C
64 4 18.184000 9.140000 41.206001 O
65 4 16.777000 8.488000 43.088001 C
66 4 16.214001 7.391000 43.714001 O
67 4 18.230000 8.650000 43.587002 C
68 4 19.034000 9.005000 42.369999 C
69 4 19.583000 10.344000 42.497002 N
70 4 20.855000 10.742000 42.449001 C
71 4 20.976999 12.053000 42.466999 N
72 4 19.719000 12.549000 42.606998 C
73 4 19.236000 13.878000 42.646000 C
74 4 19.952999 14.935000 42.664001 O
75 4 17.858000 14.019000 42.834000 N
76 4 17.052000 12.929000 42.887001 C
77 4 15.774000 13.220000 42.909000 N
78 4 17.493999 11.612000 42.852001 N
79 4 18.792999 11.526000 42.619999 C
102 6 10.559000 10.451000 45.959999 P
103 6 10.652000 10.001000 44.598999 O
104 6 9.500000 11.410000 46.266998 O
105 6 10.539000 9.214000 47.071999 O
106 6 10.284000 9.459000 48.398998 C
107 6 10.364000 8.117000 49.063999 C
108 6 11.693000 7.664000 49.020000 O
109 6 9.990000 8.285000 50.543999 C
110 6 9.272000 7.097000 50.801998 O
111 6 11.277000 8.380000 51.262001 C
112 6 12.077000 7.455000 50.360001 C
113 6 13.487000 7.759000 50.403999 N
114 6 14.555000 6.895000 50.325001 C
115 6 15.723000 7.425000 50.351002 N
116 6 15.461000 8.815000 50.268002 C
117 6 16.318001 9.955000 50.293999 C
118 6 17.525999 9.890000 50.188999 O
119 6 15.683000 11.152000 50.320999 N
120 6 14.311000 11.250000 50.258999 C
121 6 13.747000 12.466000 50.198002 N
122 6 13.432000 10.221000 50.395000 N
123 6 14.092000 9.039000 50.430000 C
125 7 20.142000 19.118999 49.830002 O
126 7 18.988001 19.906000 50.167000 C
127 7 17.757999 19.377001 49.428001 C
128 7 17.514000 18.066000 48.972000 O
129 7 16.681999 19.377001 50.505001 C
130 7 15.346000 19.625000 50.325001 O
131 7 16.921000 17.781000 51.007999 C
132 7 16.781000 17.104000 49.689999 C
133 7 17.469999 15.836000 49.702999 N
134 7 16.684000 14.690000 49.756001 C
135 7 15.457000 14.785000 49.769001 O
136 7 17.333000 13.480000 49.764999 N
137 7 18.643999 13.382000 49.830002 C
138 7 19.194000 12.203000 49.861000 N
139 7 19.518999 14.571000 49.721001 C
140 7 18.812000 15.747000 49.734001 C
141 8 14.686000 21.167999 50.688000 P
142 8 15.643000 21.778000 51.652000 O
143 8 13.363000 20.830999 50.709999 O
144 8 15.175000 21.943001 49.243999 O
145 8 14.500000 21.600000 48.056999 C
146 8 15.266000 22.500999 47.116001 C
147 8 16.573000 22.264999 47.256001 O
148 8 14.744000 22.069000 45.675999 C
149 8 13.640000 22.813000 45.269001 O
150 8 15.973000 22.363001 45.022999 C
151 8 17.103001 22.207001 45.903000 C
152 8 17.910999 21.034000 45.776001 N
153 8 19.233999 20.929001 45.715000 C
154 8 19.785000 19.732000 45.680000 N
155 8 18.636999 18.896000 45.828999 C
156 8 18.496000 17.490000 45.903000 C
157 8 19.433001 16.709000 45.825001 O
158 8 17.243999 17.042999 45.930000 N
159 8 16.146000 17.827000 46.118000 C
160 8 14.961000 17.334000 46.354000 N
161 8 16.174999 19.216999 46.061001 N
162 8 17.466000 19.671000 45.855000 C
163 9 12.108000 22.256001 44.974998 P
164 9 11.042000 23.218000 44.542000 O
165 9 11.707000 21.533001 46.139999 O
166 9 12.641000 21.450001 43.605000 O
167 9 11.678000 21.159000 42.602001 C
168 9 11.950000 19.729000 42.120998 C
169 9 13.188000 19.297001 41.752998 O
170 9 11.521000 18.893000 43.382000 C
171 9 10.604000 17.827000 43.053001 O
172 9 12.810000 18.337999 43.846001 C
173 9 13.405000 18.181999 42.487999 C
174 9 14.859000 18.115000 42.452999 N
175 9 15.483000 16.850000 42.544998 C
176 9 14.672000 15.934000 42.602001 O
177 9 16.761999 16.816000 42.589001 N
178 9 17.605000 17.816999 42.544998 C
179 9 18.948000 17.764999 42.471001 N
180 9 17.009001 19.113001 42.439999 C
181 9 15.660000 19.230000 42.331001 C
182 10 8.966000 17.961000 43.285000 P
183 10 8.645000 18.608000 44.536999 O
184 10 8.512000 16.601000 42.922001 O
185 10 8.495000 19.003000 42.077000 O
186 10 8.767000 18.882999 40.758999 C
187 10 8.300000 20.237000 40.181000 C
188 10 9.193000 21.245001 40.374001 O
189 10 8.267000 19.851000 38.645000 C
190 10 6.966000 19.551001 38.421001 O
191 10 8.818000 21.061001 37.992001 C
192 10 9.429000 21.823999 39.099998 C
193 10 10.880000 21.787001 39.051998 N
194 10 11.602000 22.914000 39.112999 C
195 10 12.932000 22.770000 38.946999 N
196 10 12.998000 21.349001 38.894001 C
197 10 14.094000 20.473000 38.894001 C
198 10 15.319000 20.902000 38.959999 O
199 10 13.818000 19.153000 38.849998 N
200 10 12.550000 18.705999 38.884998 C
201 10 12.420000 17.340000 38.924999 N
202 10 11.377000 19.395000 38.986000 N
203 10 11.733000 20.749001 38.986000 C
226 12 8.811000 13.082000 35.834000 P
227 12 8.415000 12.895000 37.270000 O
228 12 9.831000 12.203000 35.273998 O
229 12 7.460000 13.067000 34.950001 O
230 12 7.556000 13.009000 33.521999 C
231 12 6.061000 13.039000 33.162998 C
232 12 5.606000 14.310000 33.119999 O
233 12 6.021000 12.393000 31.792999 C
234 12 4.789000 11.676000 31.885000 O
235 12 6.089000 13.615000 30.922001 C
236 12 5.504000 14.702000 31.767000 C
237 12 6.076000 16.025999 31.670000 N
238 12 5.407000 17.186001 31.556999 C
239 12 6.185000 18.240000 31.452000 N
240 12 7.511000 17.750000 31.417000 C
241 12 8.705000 18.409000 31.403000 C
242 12 8.986000 19.608999 31.320000 O
243 12 9.831000 17.535999 31.386000 N
244 12 9.713000 16.200001 31.465000 C
245 12 10.821000 15.560000 31.627001 N
246 12 8.530000 15.588000 31.649000 N
247 12 7.451000 16.393000 31.535000 C
