1306
1 1 44.041 -3.188 9.217 N
2 1 43.387 -1.895 9.176 C
3 1 41.948 -1.980 9.700 C
4 1 41.240 -2.975 9.525 O
5 1 43.468 -1.362 7.713 C
6 1 42.877 -0.005 7.458 C
7 1 43.901 1.329 8.125 S
8 1 45.473 0.924 7.342 C
9 2 41.504 -0.900 10.343 N
10 2 40.130 -0.790 10.856 C
11 2 39.744 0.719 10.916 C
12 2 40.610 1.616 10.676 O
13 2 39.957 -1.506 12.233 C
14 2 40.899 -0.938 13.286 C
15 2 40.893 0.285 13.550 O
16 2 41.690 -1.807 13.896 N
17 3 38.487 0.992 11.258 N
18 3 37.986 2.376 11.310 C
19 3 38.858 3.315 12.184 C
20 3 39.073 4.493 11.881 O
21 3 36.474 2.409 11.677 C
22 3 35.910 3.825 11.541 C
23 3 36.289 1.864 13.098 C
24 3 36.221 4.537 10.188 C
25 4 39.361 2.786 13.298 N
26 4 40.140 3.630 14.166 C
27 4 41.435 3.992 13.537 C
28 4 41.835 5.159 13.559 O
29 4 40.379 2.995 15.557 C
30 4 39.117 2.889 16.371 C
31 4 38.729 3.934 17.206 C
32 4 38.306 1.753 16.311 C
33 4 37.559 3.869 17.967 C
34 4 37.132 1.680 17.064 C
35 4 36.761 2.732 17.899 C
36 5 42.129 3.004 12.982 N
37 5 43.418 3.306 12.346 C
38 5 43.240 4.194 11.139 C
39 5 44.069 5.020 10.828 O
40 5 44.149 2.050 11.900 C
41 5 44.408 1.071 13.062 C
42 5 45.171 -0.187 12.636 C
43 5 45.414 -0.500 11.479 O
44 5 45.609 -0.882 13.651 O
45 6 42.159 3.988 10.448 N
46 6 41.851 4.764 9.248 C
47 6 41.627 6.232 9.609 C
48 6 42.227 7.169 9.051 O
49 6 40.560 4.193 8.612 C
50 6 40.237 4.792 7.271 C
51 6 38.463 4.546 6.959 S
52 6 38.388 4.653 5.141 C
53 7 40.786 6.472 10.574 N
54 7 40.569 7.887 10.944 C
55 7 41.804 8.523 11.602 C
56 7 42.042 9.723 11.491 O
57 7 39.333 8.021 11.865 C
58 7 37.997 7.971 11.109 C
59 7 36.850 7.601 12.066 C
60 7 37.757 9.323 10.430 C
61 8 42.594 7.737 12.319 N
62 8 43.791 8.299 12.933 C
63 8 44.719 8.766 11.824 C
64 8 45.385 9.761 11.955 O
65 8 44.502 7.292 13.791 C
66 8 45.877 7.777 14.208 C
67 8 45.834 8.679 15.434 C
68 8 47.166 9.062 15.916 N
69 8 48.075 9.735 15.201 C
70 8 47.833 10.142 13.939 N
71 8 49.241 10.025 15.747 N
72 9 44.718 8.088 10.694 N
73 9 45.576 8.549 9.630 C
74 9 45.030 9.812 8.999 C
75 9 45.747 10.781 8.687 O
76 9 45.703 7.467 8.550 C
77 9 46.707 6.388 8.952 C
78 9 46.102 8.073 7.202 C
79 9 46.492 5.083 8.172 C
80 10 43.730 9.832 8.790 N
81 10 43.102 10.960 8.158 C
82 10 43.032 12.236 8.991 C
83 10 43.077 13.327 8.464 O
84 10 41.697 10.619 7.696 C
85 10 41.745 9.821 6.437 C
86 10 42.656 9.889 5.650 O
87 10 40.720 9.050 6.293 O
88 11 42.881 12.113 10.287 N
89 11 42.723 13.304 11.145 C
90 11 43.964 13.708 11.908 C
91 11 44.049 14.829 12.399 O
92 11 41.650 12.965 12.203 C
93 11 40.329 12.628 11.517 C
94 11 39.589 13.818 10.944 C
95 11 40.131 14.985 11.157 O
96 11 38.570 13.696 10.356 O
97 12 44.910 12.789 12.097 N
98 12 46.120 13.117 12.861 C
99 12 45.830 13.149 14.336 C
100 12 44.745 12.737 14.751 O
101 13 46.797 13.621 15.128 N
102 13 46.599 13.704 16.584 C
103 13 47.309 14.944 17.087 C
104 13 48.496 15.085 16.822 O
105 13 47.200 12.454 17.241 C
106 13 47.288 12.565 18.752 C
107 13 45.894 12.810 19.285 C
108 13 47.774 11.235 19.297 C
109 14 46.573 15.840 17.742 N
110 14 47.101 17.071 18.284 C
111 14 46.576 17.266 19.650 C
112 14 45.380 17.162 19.865 O
113 14 46.835 18.271 17.421 C
114 14 47.524 18.102 16.058 C
115 14 47.386 19.320 15.139 C
116 14 48.319 20.383 15.527 N
117 14 48.433 21.568 14.915 
118 14 47.665 21.885 13.871 N
119 14 49.342 22.456 15.356 N
120 15 47.484 17.543 20.571 N
121 15 47.142 17.706 21.967 C
122 15 46.820 19.107 22.441 C
123 15 46.458 19.295 23.606 O
124 15 48.145 17.032 22.906 C
125 15 48.335 15.543 22.614 C
126 15 49.455 15.018 23.493 C
127 15 47.062 14.732 22.912 C
128 16 46.916 20.075 21.569 N
129 16 46.555 21.461 21.904 C
130 16 45.513 21.915 20.919 C
131 16 45.472 21.416 19.789 O
132 16 47.795 22.373 21.833 C
133 16 47.465 23.845 22.048 
134 16 47.120 24.205 23.495 
135 16 46.526 25.616 23.678 
136 16 47.188 26.427 24.737 
137 17 44.652 22.827 21.343 N
138 17 43.598 23.325 20.455 C
139 17 44.204 23.806 19.164 C
140 17 45.232 24.478 19.198 O
141 17 42.800 24.476 21.114 C
142 17 42.017 23.880 22.290 C
143 17 41.844 25.176 20.109 C
144 17 41.204 24.901 23.072 C
145 18 43.609 23.425 18.039 N
146 18 44.095 23.854 16.730 C
147 18 42.891 24.147 15.870 C
148 18 41.752 23.837 16.264 O
149 18 45.028 22.792 16.074 C
150 18 44.350 21.477 15.752 C
151 18 44.207 20.478 16.723 C
152 18 43.859 21.230 14.462 C
153 18 43.603 19.256 16.410 C
154 18 43.230 20.021 14.134 C
155 18 43.096 19.039 15.120 C
156 18 42.502 17.836 14.797 O
157 19 43.142 24.726 14.694 N
158 19 42.046 25.033 13.788 C
159 19 42.067 24.000 12.678 C
160 19 43.131 23.665 12.138 O
161 19 42.190 26.391 13.175 C
162 19 41.813 27.471 14.112 C
163 19 41.526 28.741 13.361 C
164 19 41.777 29.967 14.218 C
165 19 41.337 31.233 13.600 N
166 20 40.892 23.474 12.363 N
167 20 40.813 22.474 11.348 C
168 20 40.912 23.067 9.933 C
169 20 41.167 24.223 9.784 O
170 20 39.621 21.528 11.568 C
171 20 38.269 22.083 11.210 C
172 20 38.264 23.279 10.727 O
173 20 37.248 21.458 11.355 O
174 21 40.628 22.253 8.905 N
175 21 40.720 22.713 7.523 C
176 21 39.740 23.799 7.211 C
177 21 39.986 24.593 6.291 O
178 21 40.593 21.554 6.493 C
179 21 39.282 21.080 6.548 O
180 21 41.472 20.354 6.857 C
181 22 38.622 23.846 7.960 N
182 22 37.602 24.876 7.701 C
183 22 37.816 26.080 8.625 C
184 22 37.082 27.049 8.587 O
185 22 36.174 24.334 7.868 C
186 22 35.840 23.048 7.095 C
187 22 35.698 23.263 5.608 C
188 22 35.363 24.495 5.332 O
189 22 35.904 22.385 4.776 O
190 23 38.872 25.990 9.464 N
191 23 39.206 27.046 10.427 C
192 23 38.464 26.945 11.781 C
193 23 38.443 27.906 12.523 O
194 24 37.874 25.784 12.131 N
195 24 37.166 25.628 13.416 C
196 24 38.038 24.980 14.478 C
197 24 38.818 24.051 14.190 O
198 24 35.977 24.730 13.274 C
199 24 35.021 25.182 12.230 C
200 24 34.585 26.499 12.196 C
201 24 34.534 24.276 11.290 C
202 24 33.673 26.911 11.226 C
203 24 33.630 24.679 10.316 C
204 24 33.200 26.005 10.281 C
205 24 32.301 26.411 9.324 O
206 25 37.898 25.461 15.726 N
207 25 38.712 24.959 16.802 C
208 25 38.398 23.493 17.047 C
209 25 37.222 23.107 17.175 O
210 25 38.472 25.783 18.072 C
211 25 38.996 27.188 17.966 C
212 25 40.365 27.422 17.850 C
213 25 38.114 28.266 18.030 C
214 25 40.839 28.733 17.799 C
215 25 38.571 29.581 17.971 C
216 25 39.940 29.804 17.846 C
217 25 40.399 31.085 17.786 O
218 26 39.473 22.720 17.122 N
219 26 39.414 21.285 17.228 C
220 26 40.527 20.840 18.158 C
221 26 41.409 21.628 18.470 O
222 26 39.690 20.732 15.748 C
223 26 38.709 21.226 14.882 O
224 26 39.733 19.192 15.578 C
225 27 40.511 19.567 18.582 N
226 27 41.598 19.019 19.409 C
227 27 41.633 17.522 19.217 C
228 27 40.654 16.950 18.729 O
229 27 41.495 19.372 20.900 C
230 27 42.850 19.195 21.614 C
231 27 40.358 18.555 21.547 C
232 27 43.028 20.095 22.820 C
233 28 42.717 16.916 19.630 N
234 28 42.806 15.477 19.598 C
235 28 42.843 14.906 18.197 C
236 28 43.646 15.322 17.356 O
237 29 41.980 13.916 17.999 N
238 29 41.871 13.235 16.734 C
239 29 40.629 13.686 16.015 C
240 29 39.637 12.975 15.925 O
241 29 41.876 11.710 16.909 C
242 29 43.158 11.304 17.676 C
243 29 41.857 11.056 15.538 C
244 29 43.187 9.846 18.134 C
245 30 40.680 14.920 15.544 N
246 30 39.565 15.466 14.803 C
247 30 38.319 15.745 15.621 C
248 30 37.221 15.728 15.099 O
249 31 38.490 16.071 16.883 N
250 31 37.318 16.367 17.672 C
251 31 36.945 17.863 17.591 C
252 31 37.566 18.700 18.244 O
253 31 37.563 15.990 19.175 C
254 31 36.293 16.273 19.982 C
255 31 35.200 15.380 20.021 N
256 31 35.959 17.331 20.776 C
257 31 34.233 15.893 20.777 C
258 31 34.656 17.066 21.249 N
259 32 35.892 18.192 16.826 N
260 32 35.444 19.546 16.678 C
261 32 34.956 20.082 18.007 C
262 32 34.192 19.451 18.695 O
263 32 34.334 19.567 15.645 C
264 32 33.662 20.947 15.541 C
265 32 34.615 21.963 14.944 C
266 32 32.481 20.847 14.609 C
267 33 35.423 21.228 18.411 N
268 33 34.983 21.801 19.676 C
269 33 33.812 22.767 19.509 C
270 33 32.881 22.756 20.289 O
271 33 36.126 22.488 20.431 C
272 33 37.198 21.522 20.932 C
273 33 38.484 22.336 21.138 C
274 33 36.729 20.863 22.248 C
275 34 33.885 23.614 18.502 N
276 34 32.854 24.606 18.225 C
277 34 33.121 25.306 16.903 C
278 34 34.275 25.445 16.488 O
279 34 32.848 25.733 19.339 C
280 34 31.941 26.767 19.005 O
281 34 34.195 26.408 19.544 C
282 35 32.053 25.782 16.266 N
283 35 32.196 26.544 15.040 C
284 35 32.355 28.027 15.358 C
285 35 32.553 28.852 14.504 O
286 35 31.093 26.309 14.041 C
287 35 31.179 24.908 13.459 C
288 35 29.992 24.506 12.595 C
289 35 30.195 23.157 11.896 C
290 35 28.949 22.525 11.408 
291 36 32.315 28.374 16.616 N
292 36 32.491 29.766 16.987 C
293 36 33.940 30.251 16.941 C
294 36 34.938 29.579 17.273 O
295 36 31.799 30.130 18.277 C
296 36 32.708 30.817 19.106 O
297 37 34.063 31.486 16.531 N
298 37 35.346 32.141 16.371 C
299 37 36.096 32.398 17.662 C
300 37 37.282 32.722 17.685 O
301 37 35.034 33.464 15.686 C
302 37 33.528 33.607 15.641 C
303 37 32.919 32.328 16.142 C
304 38 35.401 32.215 18.740 N
305 38 35.950 32.453 20.054 C
306 38 36.813 31.333 20.661 C
307 38 36.335 30.222 20.927 O
308 38 34.766 32.767 20.991 C
309 38 35.256 33.245 22.224 O
310 39 38.069 31.648 20.942 N
311 39 38.969 30.695 21.583 C
312 39 38.538 30.360 23.005 C
313 39 38.774 29.258 23.522 O
314 39 40.419 31.167 21.589 C
315 39 41.351 30.145 22.198 C
316 39 41.243 28.819 21.441 C
317 39 42.762 30.697 22.095 C
318 40 37.909 31.335 23.634 N
319 40 37.416 31.162 24.993 C
320 40 36.310 30.177 24.980 C
321 40 36.266 29.283 25.801 O
322 40 36.899 32.477 25.578 C
323 40 38.061 33.398 25.802 
324 40 39.052 32.981 26.428 O
325 40 37.977 34.614 25.237 
326 41 35.406 30.359 24.024 N
327 41 34.308 29.423 23.881 C
328 41 34.867 28.037 23.622 C
329 41 34.357 27.063 24.111 O
330 41 33.369 29.824 22.756 C
331 42 35.933 27.950 22.866 N
332 42 36.513 26.654 22.554 C
333 42 37.108 26.040 23.768 C
334 42 36.955 24.840 23.995 O
335 42 37.528 26.746 21.418 C
336 43 37.766 26.851 24.586 N
337 43 38.367 26.326 25.822 C
338 43 37.288 25.889 26.782 C
339 43 37.415 24.938 27.498 O
340 43 39.253 27.307 26.536 C
341 43 40.556 27.486 25.812 C
342 43 41.363 28.684 26.293 C
343 43 42.866 28.538 26.045 
344 43 43.718 28.876 27.207 N
345 44 36.209 26.584 26.756 N
346 44 35.122 26.232 27.620 C
347 44 34.521 24.877 27.187 C
348 44 34.250 23.994 28.005 O
349 44 34.108 27.380 27.539 C
350 44 33.021 27.167 28.401 O
351 45 34.285 24.725 25.906 N
352 45 33.745 23.461 25.375 C
353 45 34.717 22.313 25.707 C
354 45 34.321 21.183 26.027 O
355 45 33.624 23.546 23.831 C
356 45 32.401 24.324 23.328 C
357 45 31.105 23.699 23.762 C
358 45 30.844 22.516 23.711 O
359 45 30.234 24.573 24.121 O
360 46 36.022 22.585 25.617 N
361 46 37.001 21.558 25.919 C
362 46 36.899 21.070 27.375 C
363 46 36.917 19.881 27.677 O
364 46 38.435 22.059 25.642 C
365 46 39.519 21.023 25.919 C
366 46 39.211 19.751 25.132 C
367 46 40.882 21.624 25.492 C
368 47 36.795 22.038 28.301 N
369 47 36.722 21.707 29.707 C
370 47 35.503 20.928 30.036 C
371 47 35.549 20.028 30.859 O
372 47 36.807 22.955 30.554 C
373 47 38.174 23.632 30.546 C
374 47 39.236 23.098 30.276 O
375 47 38.078 24.863 30.918 O
376 48 34.423 21.283 29.371 N
377 48 33.124 20.606 29.521 C
378 48 33.249 19.110 29.025 C
379 48 32.779 18.146 29.640 O
380 48 32.041 21.372 28.703 C
381 48 30.658 20.711 28.675 C
382 48 29.478 21.621 28.316 C
383 48 29.604 22.379 27.003 C
384 48 29.433 21.466 25.874 N
385 49 33.904 18.923 27.883 N
386 49 34.077 17.558 27.313 C
387 49 35.012 16.645 28.126 C
388 49 34.781 15.439 28.194 O
389 49 34.595 17.642 25.855 C
390 50 36.081 17.222 28.683 N
391 50 37.074 16.470 29.439 C
392 50 36.715 16.370 30.913 C
393 50 37.141 15.465 31.607 O
394 50 38.407 17.173 29.306 C
395 50 38.747 17.259 27.823 C
396 50 39.488 16.398 30.059 C
397 50 38.690 15.893 27.152 C
398 51 35.953 17.329 31.417 N
399 51 35.579 17.284 32.826 C
400 51 36.641 17.901 33.734 C
401 51 36.778 17.545 34.903 O
402 52 37.409 18.847 33.211 N
403 52 38.413 19.493 34.042 C
404 52 38.896 20.720 33.401 C
405 52 38.644 20.939 32.244 O
406 52 39.589 18.632 34.414 C
407 52 40.644 18.573 33.314 C
408 52 41.475 17.312 33.474 C
409 52 42.421 17.042 32.410 N
410 52 43.392 17.865 32.106 C
411 52 43.578 19.012 32.770 N
412 52 44.218 17.532 31.122 N
413 53 39.579 21.528 34.172 N
414 53 40.091 22.769 33.618 C
415 53 41.330 22.393 32.858 C
416 53 42.331 21.991 33.454 O
417 53 40.469 23.686 34.781 C
418 53 40.122 25.099 34.482 
419 53 39.391 25.729 35.256 
420 53 40.617 25.578 33.338 N
421 54 41.257 22.411 31.529 N
422 54 42.415 21.927 30.744 C
423 54 43.450 22.950 30.310 C
424 54 44.584 22.601 30.050 O
425 54 41.894 21.277 29.444 C
426 54 41.211 22.273 28.712 O
427 54 40.885 20.181 29.819 C
428 55 43.016 24.187 30.160 N
429 55 43.880 25.226 29.679 C
430 55 44.270 24.958 28.232 C
431 55 45.414 25.226 27.838 O
432 55 45.118 25.500 30.562 
433 55 45.740 26.888 30.335 
434 55 45.042 27.886 29.998 O
435 55 47.063 26.955 30.539 N
436 56 43.303 24.425 27.459 N
437 56 43.485 24.136 26.016 C
438 56 44.466 23.039 25.674 C
439 56 44.871 22.902 24.533 O
440 57 44.838 22.236 26.654 N
441 57 45.779 21.132 26.452 C
442 57 45.238 19.832 27.080 C
443 57 44.721 19.889 28.185 O
444 57 47.041 21.483 27.204 C
445 57 48.111 20.479 26.865 C
446 57 47.451 22.882 26.815 C
447 58 45.358 18.655 26.408 N
448 58 44.889 17.387 26.961 C
449 58 45.957 16.343 26.786 C
450 58 46.906 16.516 26.027 O
451 58 43.629 16.871 26.253 C
452 58 43.907 16.585 24.753 C
453 58 42.441 17.838 26.447 C
454 58 42.725 15.889 24.068 C
455 59 45.777 15.217 27.435 N
456 59 46.731 14.153 27.289 C
457 59 46.283 13.205 26.187 C
458 59 45.133 13.230 25.750 O
459 59 46.774 13.324 28.582 C
460 59 45.578 12.569 28.678 O
461 59 46.880 14.215 29.804 C
462 60 47.194 12.337 25.797 N
463 60 46.960 11.339 24.795 C
464 60 45.803 10.450 25.145 C
465 60 44.961 10.160 24.305 O
466 60 48.182 10.501 24.580 C
467 60 48.065 9.643 23.331 C
468 60 49.385 8.989 22.936 
469 60 49.268 8.037 21.748 
470 60 50.315 8.224 20.718 
471 61 45.733 10.011 26.401 N
472 61 44.603 9.165 26.793 C
473 61 43.287 9.907 26.651 C
474 61 42.281 9.331 26.292 O
475 61 44.680 8.683 28.244 C
476 61 46.017 8.126 28.566 C
477 61 46.523 7.385 27.599 O
478 61 46.587 8.380 29.601 
479 62 43.286 11.186 27.025 N
480 62 42.083 11.985 26.943 C
481 62 41.653 12.102 25.479 C
482 62 40.484 11.985 25.141 O
483 62 42.423 13.342 27.500 C
484 62 42.229 13.328 29.014 C
485 62 42.760 14.568 29.690 C
486 62 43.437 15.402 29.113 O
487 62 42.401 14.646 30.954 O
488 63 42.635 12.306 24.597 N
489 63 42.315 12.383 23.171 C
490 63 41.709 11.084 22.671 C
491 63 40.763 11.076 21.893 O
492 63 43.585 12.670 22.374 C
493 64 42.265 9.964 23.114 N
494 64 41.748 8.700 22.670 C
495 64 40.376 8.429 23.209 C
496 64 39.553 7.749 22.575 O
497 64 42.710 7.584 23.010 C
498 64 43.729 7.419 21.871 C
499 64 44.969 6.737 22.321 C
500 64 45.061 6.150 23.392 O
501 64 45.938 6.867 21.453 O
502 65 40.113 8.986 24.363 N
503 65 38.811 8.754 24.932 C
504 65 37.766 9.488 24.122 C
505 65 36.726 8.918 23.778 O
506 65 38.748 9.107 26.392 C
507 65 37.419 8.648 26.947 C
508 65 37.235 8.901 28.431 C
509 65 35.989 8.205 28.957 C
510 65 35.995 8.110 30.410 N
511 66 38.067 10.748 23.766 N
512 66 37.166 11.559 22.910 C
513 66 36.923 10.832 21.577 C
514 66 35.796 10.799 21.016 O
515 66 37.759 12.944 22.559 C
516 66 37.740 13.918 23.741 C
517 66 38.209 15.297 23.303 C
518 66 36.375 14.001 24.368 C
519 67 37.998 10.250 21.073 N
520 67 37.954 9.521 19.774 C
521 67 37.020 8.334 19.824 C
522 67 36.139 8.168 18.960 O
523 67 39.394 9.188 19.351 C
524 67 39.557 8.524 18.000 C
525 67 38.841 8.983 16.884 C
526 67 40.508 7.512 17.871 C
527 67 39.036 8.388 15.639 C
528 67 40.728 6.915 16.630 C
529 67 39.984 7.366 15.536 C
530 68 37.177 7.527 20.842 N
531 68 36.303 6.382 21.018 C
532 68 34.844 6.836 21.073 C
533 68 33.901 6.261 20.477 O
534 68 36.678 5.622 22.322 C
535 68 37.846 4.668 22.167 C
536 68 37.831 3.839 21.269 O
537 68 38.841 4.736 23.073 N
538 69 34.608 7.921 21.795 N
539 69 33.251 8.407 21.874 C
540 69 32.748 8.862 20.554 C
541 69 31.598 8.659 20.233 O
542 69 33.154 9.626 22.825 C
543 69 33.437 9.177 24.234 C
544 69 33.505 10.317 25.229 C
545 69 33.612 10.047 26.427 O
546 69 33.396 11.554 24.762 N
547 70 33.608 9.564 19.808 N
548 70 33.212 10.103 18.533 C
549 70 32.925 9.033 17.492 C
550 70 32.023 9.199 16.707 O
551 70 34.250 11.131 17.978 C
552 70 34.273 12.410 18.753 C
553 70 33.388 12.735 19.503 O
554 70 35.345 13.117 18.556 O
555 71 33.677 7.953 17.499 N
556 71 33.411 6.907 16.521 C
557 71 32.099 6.227 16.851 C
558 71 31.245 5.988 16.001 O
559 71 34.559 5.888 16.506 C
560 71 34.190 4.619 15.675 C
561 71 35.831 6.548 15.964 C
562 72 31.926 5.934 18.127 N
563 72 30.686 5.303 18.574 C
564 72 29.476 6.166 18.165 C
565 72 28.487 5.701 17.591 O
566 72 30.798 5.032 20.090 C
567 72 29.771 4.112 20.706 C
568 72 29.301 3.165 19.926 O
569 72 29.497 4.215 21.857 O
570 73 29.573 7.467 18.408 N
571 73 28.500 8.371 18.039 C
572 73 28.204 8.397 16.538 C
573 73 27.063 8.492 16.135 O
574 73 28.774 9.805 18.529 C
575 74 29.244 8.316 15.714 N
576 74 29.036 8.331 14.291 C
577 74 28.278 7.082 13.878 C
578 74 27.357 7.145 13.106 O
579 74 30.363 8.410 13.531 C
580 75 28.716 5.945 14.394 N
581 75 28.072 4.697 14.083 C
582 75 26.597 4.771 14.506 C
583 75 25.696 4.468 13.732 O
584 75 28.805 3.514 14.744 C
585 75 28.035 2.228 14.401 C
586 75 30.164 3.401 14.078 C
587 76 26.361 5.206 15.737 N
588 76 25.032 5.296 16.239 C
589 76 24.206 6.259 15.439 C
590 76 23.035 6.025 15.148 O
591 76 24.992 5.426 17.776 C
592 76 25.509 4.084 18.376 C
593 76 25.644 3.950 19.907 C
594 76 24.435 3.470 20.621 N
595 76 23.264 3.025 20.090 
596 76 23.007 2.936 18.768 N
597 76 22.281 2.691 20.936 N
598 77 24.833 7.309 14.996 N
599 77 24.143 8.280 14.164 C
600 77 23.677 7.675 12.831 C
601 77 22.577 7.919 12.376 O
602 78 24.550 6.896 12.176 N
603 78 24.208 6.225 10.934 C
604 78 23.002 5.303 11.166 C
605 78 22.031 5.330 10.408 O
606 78 25.425 5.396 10.423 C
607 78 26.474 6.296 9.750 C
608 78 24.974 4.369 9.415 C
609 78 27.840 5.615 9.585 C
610 79 23.071 4.492 12.250 N
611 79 22.011 3.526 12.557 C
612 79 20.676 4.121 12.808 C
613 79 19.678 3.449 12.653 O
614 79 22.359 2.522 13.668 C
615 79 23.605 1.730 13.298 C
616 79 24.056 0.877 14.456 C
617 79 23.362 0.852 12.080 C
618 80 20.675 5.374 13.215 N
619 80 19.454 6.082 13.503 C
620 80 18.987 6.880 12.293 C
621 80 17.847 7.312 12.235 O
622 80 19.552 6.988 14.753 C
623 80 20.142 6.332 16.035 
624 80 19.832 7.139 17.327 
625 80 20.632 6.851 18.550 
626 80 20.456 5.818 19.425 
627 80 19.492 4.890 19.222 
628 80 21.233 5.688 20.512 
629 81 19.863 7.094 11.321 N
630 81 19.476 7.852 10.153 C
631 81 18.702 7.003 9.137 C
632 81 19.167 5.983 8.654 O
633 81 20.693 8.534 9.560 C
634 81 20.318 9.351 8.348 C
635 81 19.888 8.798 7.348 O
636 81 20.464 10.669 8.428 N
637 82 17.492 7.409 8.818 N
638 82 16.670 6.638 7.905 C
639 82 17.217 6.513 6.488 C
640 82 16.923 5.571 5.752 O
641 82 15.245 7.143 7.911 C
642 83 18.013 7.459 6.090 N
643 83 18.567 7.409 4.759 C
644 83 19.882 6.665 4.759 C
645 83 20.223 5.978 3.834 O
646 83 18.752 8.808 4.175 
647 83 17.851 9.887 4.806 
648 83 18.557 10.794 5.844 
649 83 17.741 12.020 6.307 
650 83 18.587 13.154 6.751 
651 84 20.642 6.813 5.805 N
652 84 21.921 6.163 5.848 C
653 84 21.876 4.703 6.278 C
654 84 22.679 3.924 5.851 O
655 84 22.878 6.940 6.733 C
656 85 20.993 4.360 7.176 N
657 85 20.933 3.017 7.648 C
658 85 20.862 1.940 6.553 C
659 85 21.631 0.997 6.542 O
660 85 19.870 2.834 8.748 C
661 85 19.971 1.455 9.383 C
662 85 18.931 1.184 10.446 C
663 85 18.743 -0.310 10.714 C
664 85 20.000 -1.033 10.967 N
665 86 19.967 2.082 5.624 N
666 86 19.821 1.095 4.596 C
667 86 21.071 0.956 3.786 C
668 86 21.451 -0.126 3.340 O
669 86 18.653 1.542 3.728 C
670 86 17.972 2.655 4.485 C
671 86 18.974 3.160 5.500 C
672 87 21.744 2.044 3.599 N
673 87 22.986 1.952 2.838 C
674 87 24.063 1.186 3.629 C
675 87 24.719 0.280 3.156 O
676 87 23.488 3.365 2.432 C
677 87 24.802 3.259 1.647 C
678 87 22.410 4.073 1.603 C
679 88 24.220 1.574 4.882 N
680 88 25.203 0.977 5.759 C
681 88 24.998 -0.528 5.864 C
682 88 25.941 -1.319 5.753 O
683 88 25.130 1.681 7.147 C
684 88 26.127 1.170 8.159 C
685 88 27.399 1.738 8.232 C
686 88 25.787 0.149 9.048 C
687 88 28.322 1.295 9.185 C
688 88 26.714 -0.325 9.978 C
689 88 27.986 0.259 10.050 C
690 88 28.933 -0.182 10.954 O
691 89 23.753 -0.934 6.045 N
692 89 23.443 -2.374 6.130 C
693 89 23.723 -3.108 4.842 C
694 89 24.004 -4.299 4.810 O
695 89 21.965 -2.579 6.460 C
696 89 21.641 -2.277 7.896 C
697 89 22.699 -2.104 8.662 O
698 89 20.516 -2.219 8.272 O
699 90 23.674 -2.430 3.728 N
700 90 23.926 -3.135 2.479 C
701 90 25.381 -3.353 2.164 C
702 90 25.732 -4.150 1.302 O
703 90 23.268 -2.369 1.328 C
704 90 23.995 -1.184 1.016 O
705 91 26.254 -2.594 2.796 N
706 91 27.676 -2.661 2.485 C
707 91 28.449 -3.734 3.224 C
708 91 28.065 -4.157 4.339 O
709 91 28.314 -1.304 2.910 C
710 91 27.796 -0.095 2.082 C
711 91 28.276 1.243 2.697 C
712 91 28.339 -0.202 0.646 C
713 92 29.606 -4.105 2.624 N
714 92 30.561 -5.002 3.256 C
715 92 31.356 -4.216 4.354 C
716 92 31.286 -3.000 4.469 O
717 92 31.518 -5.528 2.229 C
718 92 32.223 -4.383 1.552 C
719 92 31.507 -3.824 0.591 O
720 92 33.318 -3.989 1.924 O
721 93 32.125 -4.900 5.186 N
722 93 32.816 -4.275 6.281 C
723 93 33.769 -3.125 5.919 C
724 93 33.852 -2.111 6.645 O
725 93 33.461 -5.325 7.171 C
726 94 34.511 -3.267 4.839 N
727 94 35.442 -2.197 4.477 C
728 94 34.706 -0.935 4.071 C
729 94 34.981 0.200 4.508 O
730 94 36.377 -2.687 3.402 C
731 94 37.416 -1.629 3.096 C
732 94 37.107 -3.939 3.904 C
733 95 33.724 -1.148 3.215 N
734 95 32.964 -0.037 2.742 C
735 95 32.237 0.635 3.852 C
736 95 32.071 1.848 3.860 O
737 95 32.094 -0.408 1.557 C
738 95 32.913 -0.770 0.337 C
739 95 31.983 -1.009 -0.863 C
740 95 32.718 -1.190 -2.105 N
741 95 33.135 -2.358 -2.631 C
742 95 32.908 -3.503 -1.995 N
743 95 33.812 -2.358 -3.808 N
744 96 31.745 -0.123 4.824 N
745 96 31.104 0.518 5.978 C
746 96 32.066 1.509 6.640 C
747 96 31.639 2.554 7.105 O
748 96 30.719 -0.500 7.072 C
749 96 29.471 -1.232 6.660 C
750 96 29.030 -2.276 7.701 C
751 96 27.835 -2.954 7.155 N
752 96 27.261 -4.045 7.613 C
753 96 27.734 -4.635 8.682 N
754 96 26.187 -4.560 6.972 N
755 97 33.349 1.165 6.725 N
756 97 34.283 2.049 7.357 C
757 97 34.376 3.336 6.559 C
758 97 34.469 4.432 7.132 O
759 97 35.634 1.368 7.522 C
760 98 34.302 3.231 5.257 N
761 98 34.354 4.466 4.471 C
762 98 33.195 5.388 4.763 C
763 98 33.332 6.631 4.802 O
764 98 34.417 4.137 2.997 C
765 99 32.008 4.819 4.950 N
766 99 30.804 5.634 5.250 C
767 99 30.936 6.265 6.635 C
768 99 30.571 7.421 6.860 O
769 99 29.505 4.769 5.167 C
770 99 28.189 5.492 5.366 C
771 99 27.996 6.544 4.319 C
772 99 27.044 4.498 5.295 C
773 100 31.520 5.529 7.582 N
774 100 31.723 6.083 8.924 C
775 100 32.672 7.298 8.864 C
776 100 32.431 8.383 9.458 O
777 100 32.230 5.025 9.942 C
778 100 31.185 3.856 10.113 C
779 100 32.575 5.742 11.282 C
780 100 31.736 2.611 10.791 C
781 101 33.769 7.106 8.120 N
782 101 34.736 8.180 7.951 C
783 101 34.047 9.462 7.447 C
784 101 34.276 10.551 7.983 O
785 101 35.792 7.714 6.926 C
786 101 37.009 8.620 6.837 C
787 101 36.894 9.839 6.741 O
788 101 38.176 8.015 6.945 N
789 102 33.179 9.360 6.426 N
790 102 32.495 10.562 5.915 C
791 102 31.648 11.199 6.988 C
792 102 31.604 12.418 7.148 O
793 102 31.582 10.280 4.686 C
794 102 32.352 9.847 3.445 C
795 102 31.163 9.619 2.088 S
796 102 30.684 11.333 1.756 C
797 103 30.932 10.349 7.712 N
798 103 30.047 10.880 8.758 C
799 103 30.831 11.533 9.881 C
800 103 30.453 12.572 10.419 O
801 103 29.108 9.797 9.295 C
802 103 28.373 10.363 10.495 C
803 103 28.076 9.405 8.252 C
804 104 31.946 10.921 10.244 N
805 104 32.754 11.497 11.270 C
806 104 33.242 12.872 10.817 C
807 104 33.259 13.824 11.555 O
808 104 33.965 10.580 11.420 C
809 104 34.925 10.958 12.534 C
810 104 35.937 11.885 12.306 C
811 104 34.848 10.347 13.790 C
812 104 36.833 12.226 13.341 C
813 104 35.746 10.642 14.815 C
814 104 36.738 11.600 14.589 C
815 105 33.650 13.010 9.566 N
816 105 34.169 14.281 9.067 C
817 105 33.106 15.346 8.875 C
818 105 33.261 16.477 9.236 O
819 105 34.946 14.066 7.718 C
820 105 35.523 15.385 7.098 C
821 105 36.232 15.248 5.745 C
822 105 36.223 14.209 5.077 O
823 105 36.861 16.323 5.324 N
824 106 32.026 15.002 8.251 N
825 106 31.044 15.988 7.908 C
826 106 29.705 15.938 8.607 C
827 106 28.866 16.763 8.347 O
828 106 30.914 15.975 6.337 C
829 106 30.113 14.846 5.714 C
830 106 30.274 14.865 3.897 S
831 106 31.624 16.028 3.762 C
832 106 32.027 14.505 3.673 C
833 107 29.490 14.959 9.446 N
834 107 28.265 14.827 10.163 C
835 107 27.134 14.386 9.287 C
836 107 27.281 14.349 8.078 O
837 108 25.996 14.077 9.918 N
838 108 24.791 13.637 9.197 C
839 108 24.292 14.699 8.211 C
840 108 23.711 14.410 7.158 O
841 108 23.660 13.198 10.151 C
842 108 22.263 13.411 9.518 
843 108 21.300 14.238 10.356 
844 108 20.981 13.639 11.493 
845 108 20.839 15.334 9.994 
846 109 24.552 15.939 8.582 N
847 109 24.181 17.107 7.809 C
848 109 24.911 17.196 6.490 C
849 109 24.369 17.629 5.468 
850 109 24.552 18.369 8.580 C
851 109 23.732 18.500 9.715 
852 109 24.394 19.551 7.642 C
853 110 26.177 16.842 6.539 N
854 110 26.989 16.905 5.358 C
855 110 26.653 15.727 4.484 C
856 110 26.521 15.856 3.276 O
857 111 26.524 14.570 5.125 N
858 111 26.280 13.339 4.408 C
859 111 24.943 13.338 3.742 C
860 111 24.697 12.561 2.827 O
861 111 26.594 12.086 5.219 C
862 111 26.206 10.827 4.449 C
863 111 28.094 12.054 5.477 C
864 112 24.118 14.275 4.194 N
865 112 22.779 14.465 3.665 C
866 112 22.804 14.946 2.214 C
867 112 21.933 14.634 1.415 O
868 112 21.993 15.439 4.542 C
869 113 23.817 15.715 1.827 N
870 113 23.855 16.171 0.429 C
871 113 24.324 15.075 -0.524 C
872 113 24.422 15.263 -1.739 O
873 114 24.631 13.914 0.032 N
874 114 25.135 12.849 -0.796 C
875 114 24.091 11.832 -1.197 C
876 114 24.407 10.686 -1.533 O
877 114 26.347 12.207 -0.119 C
878 114 27.552 13.077 -0.170 C
879 114 27.755 14.067 0.782 C
880 114 28.490 12.918 -1.186 C
881 114 28.883 14.878 0.722 C
882 114 29.628 13.717 -1.265 C
883 114 29.817 14.701 -0.292 C
884 115 22.853 12.262 -1.209 N
885 115 21.745 11.379 -1.591 C
886 115 21.945 10.508 -2.834 C
887 115 21.754 9.284 -2.848 O
888 115 20.483 12.237 -1.737 C
889 115 20.195 12.755 -0.473 O
890 115 19.355 11.340 -2.174 C
891 116 22.336 11.134 -3.919 N
892 116 22.532 10.368 -5.127 C
893 116 23.675 9.378 -5.039 C
894 116 23.625 8.286 -5.623 O
895 116 22.774 11.279 -6.367 C
896 116 21.590 12.201 -6.611 C
897 116 20.483 11.919 -6.161 O
898 116 21.835 13.342 -7.248 N
899 117 24.755 9.782 -4.368 N
900 117 25.892 8.887 -4.252 C
901 117 25.538 7.663 -3.416 C
902 117 25.973 6.549 -3.699 O
903 117 27.122 9.507 -3.627 C
904 117 27.418 10.762 -4.205 O
905 118 24.796 7.925 -2.345 N
906 118 24.355 6.869 -1.445 C
907 118 23.497 5.878 -2.195 C
908 118 23.634 4.679 -2.036 O
909 118 23.580 7.397 -0.235 C
910 118 24.402 8.282 0.686 C
911 118 23.463 8.858 1.733 C
912 118 25.440 7.452 1.380 C
913 119 22.633 6.371 -3.045 N
914 119 21.819 5.460 -3.800 C
915 119 22.671 4.595 -4.702 C
916 119 22.389 3.423 -4.852 O
917 119 20.748 6.230 -4.553 C
918 119 20.018 5.432 -5.599 C
919 119 19.318 6.329 -6.632 
920 119 19.818 6.177 -8.020 
921 119 20.780 6.943 -8.621 
922 119 21.418 7.974 -7.987 N
923 119 21.125 6.628 -9.904 
924 120 23.759 5.134 -5.302 N
925 120 24.578 4.290 -6.166 C
926 120 25.335 3.283 -5.337 C
927 120 25.623 2.172 -5.757 O
928 120 25.580 5.120 -7.011 C
929 120 24.847 6.024 -8.022 C
930 120 25.970 7.168 -8.836 S
931 120 24.860 8.522 -9.302 C
932 121 25.716 3.684 -4.130 N
933 121 26.469 2.723 -3.288 C
934 121 25.533 1.533 -2.920 C
935 121 25.906 0.360 -2.906 O
936 121 26.970 3.428 -1.996 C
937 121 28.168 4.382 -2.204 C
938 121 28.421 5.148 -0.892 C
939 121 29.405 3.601 -2.588 C
940 122 24.307 1.880 -2.593 N
941 122 23.372 0.862 -2.238 C
942 122 23.196 -0.084 -3.419 C
943 122 23.018 -1.283 -3.257 O
944 122 22.027 1.487 -1.868 C
945 122 21.067 0.449 -1.294 C
946 122 19.890 1.051 -0.558 C
947 122 19.840 2.270 -0.313 O
948 122 18.952 0.188 -0.186 
949 123 23.234 0.450 -4.634 N
950 123 23.076 -0.382 -5.821 C
951 123 24.330 -1.153 -6.163 C
952 123 24.302 -1.956 -7.091 O
953 123 22.657 0.456 -7.062 C
954 123 21.193 0.922 -7.018 C
955 123 20.826 1.774 -8.229 C
956 123 20.242 1.283 -9.205 O
957 123 21.265 3.028 -8.203 N
958 124 25.449 -0.894 -5.450 N
959 124 26.709 -1.545 -5.724 C
960 124 27.310 -1.155 -7.086 C
961 124 28.072 -1.913 -7.713 O
962 124 26.666 -3.051 -5.541 C
963 124 26.110 -3.406 -4.178 C
964 124 26.519 -4.780 -3.690 C
965 124 26.015 -5.026 -2.263 C
966 124 26.783 -4.318 -1.264 N
967 125 27.000 0.054 -7.533 N
968 125 27.582 0.519 -8.797 C
969 125 28.803 1.326 -8.385 C
970 125 28.775 2.564 -8.320 O
971 125 26.591 1.445 -9.481 C
972 125 25.226 0.848 -9.842 C
973 125 24.327 2.023 -10.204 C
974 125 23.550 1.857 -11.399 N
975 125 22.725 0.828 -11.513 
976 125 22.599 -0.094 -10.550 
977 125 22.005 0.706 -12.614 N
978 126 29.869 0.616 -8.058 N
979 126 31.055 1.244 -7.528 C
980 126 31.734 2.362 -8.323 C
981 126 32.055 3.423 -7.776 O
982 126 32.056 0.261 -6.937 C
983 126 31.455 -0.920 -6.218 C
984 126 31.639 -2.237 -6.544 C
985 126 30.677 -0.895 -5.019 C
986 126 30.986 -3.015 -5.651 N
987 126 30.400 -2.231 -4.685 C
988 126 30.202 0.125 -4.216 C
989 126 29.650 -2.575 -3.555 C
990 126 29.453 -0.197 -3.098 C
991 126 29.161 -1.543 -2.773 C
992 127 32.014 2.134 -9.583 N
993 127 32.676 3.180 -10.355 C
994 127 31.803 4.370 -10.533 C
995 127 32.274 5.504 -10.470 O
996 127 33.132 2.632 -11.688 C
997 127 34.261 1.617 -11.495 C
998 127 34.583 1.101 -10.435 O
999 127 34.873 1.369 -12.599 O
1000 128 30.510 4.137 -10.733 N
1001 128 29.649 5.240 -10.898 C
1002 128 29.593 6.057 -9.656 C
1003 128 29.627 7.304 -9.714 O
1004 128 28.243 4.797 -11.256 C
1005 128 28.262 4.147 -12.654 C
1006 128 27.188 3.124 -12.909 
1007 128 25.957 3.613 -12.961 O
1008 128 27.463 1.961 -13.095 O
1009 129 29.491 5.357 -8.514 N
1010 129 29.447 6.071 -7.246 C
1011 129 30.712 6.950 -6.993 C
1012 129 30.656 8.063 -6.456 O
1013 129 29.274 5.098 -6.078 C
1014 130 31.863 6.416 -7.351 N
1015 130 33.141 7.103 -7.173 C
1016 130 33.154 8.395 -7.978 C
1017 130 33.581 9.437 -7.532 O
1018 130 34.284 6.185 -7.574 C
1019 131 32.655 8.331 -9.187 N
1020 131 32.584 9.523 -9.983 C
1021 131 31.632 10.544 -9.356 C
1022 131 31.924 11.706 -9.278 O
1023 131 32.165 9.167 -11.429 C
1024 131 31.726 10.376 -12.211 C
1025 131 33.383 8.551 -12.102 C
1026 132 30.466 10.122 -8.912 N
1027 132 29.513 11.053 -8.311 C
1028 132 30.035 11.638 -7.000 C
1029 132 29.839 12.823 -6.671 O
1030 132 28.206 10.320 -8.026 C
1031 132 27.093 11.236 -7.664 C
1032 132 26.739 11.442 -6.496 O
1033 132 26.530 11.855 -8.671 N
1034 133 30.704 10.801 -6.222 N
1035 133 31.192 11.331 -4.951 C
1036 133 32.177 12.487 -5.154 C
1037 133 32.289 13.402 -4.303 O
1038 133 31.939 10.202 -4.150 C
1039 133 30.979 9.240 -3.388 C
1040 133 31.707 7.976 -2.969 C
1041 133 30.388 9.935 -2.167 C
1042 134 32.940 12.422 -6.260 N
1043 134 33.961 13.432 -6.543 C
1044 134 33.398 14.785 -6.942 C
1045 134 34.095 15.754 -6.886 O
1046 134 35.011 12.922 -7.525 C
1047 135 32.149 14.840 -7.376 N
1048 135 31.510 16.114 -7.777 C
1049 135 30.911 16.737 -6.528 C
1050 135 29.679 16.695 -6.317 O
1051 135 30.356 15.880 -8.746 C
1052 135 30.808 15.144 -10.001 C
1053 135 29.643 14.970 -10.955 C
1054 135 30.034 14.180 -12.194 C
1055 135 28.876 13.868 -13.047 
1056 136 31.785 17.214 -5.637 N
1057 136 31.293 17.717 -4.386 C
1058 136 32.261 18.732 -3.821 C
1059 136 33.461 18.733 -4.156 O
1060 136 31.179 16.524 -3.391 C
1061 136 32.489 15.959 -3.174 O
1062 137 31.743 19.591 -2.969 N
1063 137 32.621 20.548 -2.324 C
1064 137 33.674 19.810 -1.495 C
1065 137 34.824 20.212 -1.418 O
1066 137 31.836 21.402 -1.331 C
1067 137 32.794 22.207 -0.476 C
1068 137 32.068 23.128 0.478 C
1069 137 32.959 24.183 0.912 N
1070 137 33.705 24.092 1.993 C
1071 137 33.624 23.024 2.754 N
1072 137 34.521 25.093 2.343 N
1073 138 33.229 18.708 -0.833 N
1074 138 34.100 17.841 0.008 C
1075 138 35.354 17.434 -0.738 C
1076 138 36.490 17.602 -0.258 O
1077 138 33.324 16.575 0.342 C
1078 138 34.124 15.466 0.975 C
1079 138 34.828 15.503 2.169 C
1080 138 34.143 14.122 0.505 C
1081 138 35.335 14.250 2.448 N
1082 138 34.898 13.368 1.451 C
1083 138 33.538 13.501 -0.568 C
1084 138 35.057 11.965 1.316 C
1085 138 33.761 12.144 -0.748 C
1086 138 34.495 11.381 0.190 C
1087 139 35.155 16.927 -1.959 N
1088 139 36.294 16.504 -2.758 C
1089 139 37.179 17.671 -3.162 C
1090 139 38.393 17.564 -3.174 O
1091 139 35.818 15.785 -4.055 C
1092 139 36.955 15.381 -4.986 C
1093 139 37.533 14.124 -4.840 C
1094 139 37.397 16.213 -6.018 C
1095 139 38.548 13.687 -5.688 C
1096 139 38.428 15.801 -6.864 C
1097 139 39.012 14.547 -6.681 C
1098 139 40.014 14.129 -7.498 O
1099 140 36.586 18.795 -3.539 N
1100 140 37.430 19.954 -3.955 C
1101 140 38.186 20.605 -2.800 C
1102 140 39.216 21.171 -3.024 O
1103 140 36.612 21.008 -4.712 C
1104 140 36.240 20.506 -6.076 C
1105 140 35.096 20.097 -6.302 O
1106 140 37.197 20.518 -6.998 N
1107 141 37.647 20.552 -1.573 N
1108 141 38.283 21.131 -0.401 C
1109 141 39.329 20.223 0.238 C
1110 141 40.377 20.682 0.704 O
1111 141 37.233 21.572 0.656 C
1112 141 36.246 22.596 0.074 C
1113 141 36.925 23.867 -0.373 C
1114 141 36.652 24.392 -1.457 O
1115 141 37.838 24.359 0.454 N
1116 142 39.056 18.916 0.338 N
1117 142 40.024 17.984 0.945 C
1118 142 40.197 16.813 -0.010 C
1119 142 39.736 15.701 0.243 O
1120 142 39.551 17.457 2.347 C
1121 142 38.186 17.010 2.298 O
1122 142 39.656 18.571 3.392 C
1123 143 40.830 17.089 -1.137 N
1124 143 40.986 16.105 -2.198 C
1125 143 41.780 14.863 -1.801 C
1126 143 41.472 13.758 -2.198 O
1127 143 41.737 16.826 -3.327 C
1128 143 42.231 18.173 -2.776 C
1129 143 41.524 18.389 -1.434 C
1130 144 42.860 15.034 -1.087 N
1131 144 43.637 13.828 -0.791 C
1132 144 42.872 12.866 0.095 C
1133 144 42.864 11.682 -0.131 O
1134 144 45.054 14.063 -0.253 C
1135 144 45.970 14.769 -1.272 C
1136 144 45.879 14.603 -2.479 O
1137 144 46.855 15.592 -0.781 N
1138 145 42.221 13.398 1.113 N
1139 145 41.435 12.582 1.992 C
1140 145 40.247 12.011 1.220 C
1141 145 39.918 10.833 1.318 O
1142 145 40.888 13.372 3.169 C
1143 145 40.014 12.433 4.041 C
1144 145 39.431 13.115 5.181 C
1145 145 38.711 12.235 6.080 N
1146 145 38.618 12.637 7.320 C
1147 145 39.209 13.765 7.677 N
1148 145 37.936 11.930 8.203 N
1149 146 39.559 12.863 0.467 N
1150 146 38.416 12.351 -0.296 C
1151 146 38.844 11.222 -1.234 C
1152 146 38.141 10.179 -1.347 O
1153 146 37.637 13.455 -1.001 C
1154 147 40.011 11.379 -1.926 N
1155 147 40.474 10.329 -2.828 C
1156 147 40.659 8.994 -2.102 C
1157 147 40.355 7.906 -2.640 O
1158 147 41.772 10.690 -3.498 C
1159 147 41.532 11.775 -4.498 C
1160 147 42.750 12.065 -5.349 C
1161 147 42.697 13.492 -5.882 C
1162 147 43.919 13.913 -6.581 
1163 148 41.169 9.060 -0.866 N
1164 148 41.375 7.833 -0.083 C
1165 148 40.040 7.122 0.233 C
1166 148 39.904 5.895 0.107 O
1167 148 42.171 8.085 1.221 C
1168 148 43.624 8.378 0.979 C
1169 148 44.425 8.227 2.230 C
1170 148 44.055 9.267 3.176 N
1171 148 44.621 10.500 3.188 C
1172 148 45.550 10.806 2.252 N
1173 148 44.264 11.438 4.077 N
1174 149 39.047 7.895 0.652 N
1175 149 37.755 7.313 1.020 C
1176 149 37.030 6.781 -0.203 C
1177 149 36.441 5.690 -0.183 O
1178 149 36.921 8.356 1.745 C
1179 149 35.464 7.869 1.996 C
1180 149 37.667 8.682 3.041 C
1181 150 37.080 7.576 -1.302 N
1182 150 36.459 7.180 -2.567 C
1183 150 37.085 5.885 -3.070 C
1184 150 36.419 4.954 -3.514 O
1185 150 36.615 8.311 -3.617 C
1186 150 35.674 9.458 -3.234 C
1187 150 36.209 7.755 -4.981 C
1188 150 35.790 10.665 -4.142 C
1189 151 38.414 5.790 -2.999 N
1190 151 39.039 4.544 -3.484 C
1191 151 38.580 3.364 -2.660 C
1192 151 38.497 2.228 -3.154 O
1193 151 40.554 4.635 -3.339 C
1194 151 41.002 5.618 -4.222 O
1195 151 41.202 3.299 -3.693 C
1196 152 38.339 3.650 -1.388 N
1197 152 37.867 2.627 -0.448 C
1198 152 36.476 2.163 -0.898 C
1199 152 36.183 0.968 -0.967 O
1200 152 37.890 3.162 0.997 C
1201 152 39.232 3.539 1.265 O
1202 152 37.538 2.063 1.978 C
1203 153 35.607 3.105 -1.218 N
1204 153 34.287 2.695 -1.694 C
1205 153 34.336 1.980 -3.047 C
1206 153 33.544 1.091 -3.335 O
1207 153 33.384 3.886 -1.917 C
1208 153 32.726 4.415 -0.679 C
1209 153 31.910 3.606 0.117 C
1210 153 32.832 5.778 -0.367 C
1211 153 31.228 4.140 1.220 C
1212 153 32.165 6.327 0.737 C
1213 153 31.363 5.498 1.533 C
1214 154 35.245 2.407 -3.905 N
1215 154 35.377 1.820 -5.236 C
1216 154 35.857 0.405 -5.222 C
1217 154 35.318 -0.426 -5.952 O
1218 154 36.345 2.620 -6.154 C
1219 154 36.066 2.387 -7.667 C
1220 154 36.878 3.306 -8.606 C
1221 154 38.240 3.399 -8.112 N
1222 154 39.169 2.422 -8.173 
1223 154 38.940 1.218 -8.742 N
1224 154 40.380 2.679 -7.652 N
1225 155 36.916 0.162 -4.425 N
1226 155 37.539 -1.142 -4.394 C
1227 155 37.131 -2.079 -3.319 C
1228 155 37.327 -3.262 -3.482 O
1229 155 39.057 -1.028 -4.349 C
1230 155 39.399 -0.459 -3.099 O
1231 155 39.494 -0.133 -5.479 C
1232 156 36.641 -1.600 -2.199 N
1233 156 36.323 -2.519 -1.149 C
1234 156 37.583 -3.050 -0.455 C
1235 156 37.504 -4.019 0.279 O
1236 157 38.736 -2.388 -0.648 N
1237 157 39.998 -2.787 -0.007 C
1238 157 40.577 -1.610 0.737 C
1239 157 40.144 -0.499 0.565 O
1240 157 41.066 -3.127 -1.032 C
1241 157 41.467 -1.898 -1.635 O
1242 157 40.518 -4.078 -2.076 C
1243 158 41.617 -1.842 1.512 N
1244 158 42.241 -0.743 2.258 C
1245 158 43.451 -0.246 1.530 C
1246 158 44.338 0.328 2.132 O
1247 158 42.779 -1.281 3.590 C
1248 158 41.709 -1.694 4.558 C
1249 158 41.412 -2.951 4.924 C
1250 158 40.828 -0.838 5.307 C
1251 158 40.402 -2.939 5.825 N
1252 158 40.024 -1.661 6.090 C
1253 158 40.651 0.550 5.375 C
1254 158 39.051 -1.162 6.943 C
1255 158 39.719 1.040 6.229 C
1256 158 38.918 0.183 7.002 C
1257 159 43.502 -0.481 0.239 N
1258 159 44.700 -0.104 -0.485 C
1259 159 45.195 1.322 -0.384 C
1260 159 46.374 1.560 -0.415 O
1261 159 44.624 -0.563 -1.912 C
1262 159 44.546 -2.069 -2.042 C
1263 159 44.838 -2.743 -0.932 O
1264 159 44.251 -2.593 -3.101 O
1265 160 44.304 2.275 -0.287 N
1266 160 44.672 3.678 -0.215 C
1267 160 45.275 4.027 1.114 C
1268 160 45.795 5.111 1.305 O
1269 160 43.418 4.552 -0.456 C
1270 161 45.158 3.134 2.069 N
1271 161 45.677 3.476 3.357 C
1272 161 46.945 2.731 3.624 C
1273 161 47.599 2.965 4.620 O
1274 161 44.661 3.202 4.477 C
1275 161 43.595 4.242 4.457 C
1276 161 42.504 4.115 3.612 C
1277 161 43.706 5.386 5.233 C
1278 161 41.520 5.095 3.563 C
1279 161 42.739 6.389 5.195 C
1280 161 41.633 6.224 4.368 C
1281 161 40.653 7.194 4.331 O
1282 162 47.289 1.814 2.746 N
1283 162 48.536 1.078 2.944 C
1284 162 49.652 1.957 2.443 C
1285 162 49.531 2.539 1.355 O
1286 162 48.532 -0.321 2.392 C
1287 162 47.454 -1.169 3.067 C
1288 162 47.018 -2.364 2.202 
1289 162 45.794 -3.133 2.723 
1290 162 45.845 -3.449 4.170 
1291 163 50.652 2.117 3.326 N
1292 163 51.827 2.993 3.198 
1293 163 51.798 4.112 4.277 
1294 163 52.831 4.455 4.891 
1295 163 52.048 3.639 1.800 C
1296 163 52.286 2.649 0.666 
1297 163 51.770 2.836 -0.462 
1298 163 53.091 1.606 0.939 
1299 164 50.590 4.689 4.488 
1300 164 50.368 5.763 5.454 C
1301 164 50.479 5.252 6.903 C
1302 164 50.866 5.974 7.817 
1303 164 49.049 6.537 5.208 C
1304 164 48.470 6.458 3.790 C
1305 164 47.359 7.484 3.632 C
1306 164 49.528 6.741 2.746 C
