202 481
0 2
0 3
0 4
0 8
0 9
1 3
1 4
2 5
2 6
2 7
3 4
3 6
3 8
3 17
4 7
4 18
4 19
4 21
5 6
5 19
5 20
5 21
6 8
6 9
7 9
7 16
7 17
8 10
8 11
8 16
9 11
9 17
10 12
10 13
10 17
11 13
11 14
11 15
11 16
12 15
12 16
12 17
13 14
14 16
14 17
15 17
18 22
19 20
19 21
19 22
20 21
21 23
21 24
21 25
21 30
22 24
22 25
23 26
23 27
23 28
24 25
24 27
24 29
24 30
25 28
25 29
25 40
25 42
25 43
26 27
26 41
26 42
26 43
26 44
27 29
28 30
28 38
28 39
29 31
29 32
29 38
30 32
30 39
31 33
31 34
31 39
32 34
32 35
32 36
32 38
33 36
33 38
33 39
34 35
35 37
35 38
35 39
36 39
37 38
40 44
41 42
41 43
41 44
42 43
43 45
43 46
43 47
44 46
44 47
44 48
45 48
45 49
45 50
46 47
46 49
46 51
46 52
47 50
47 51
47 62
47 64
48 49
48 63
48 64
48 65
48 66
49 51
50 52
50 60
50 61
51 53
51 54
51 60
52 54
52 61
53 55
53 56
53 61
54 56
54 57
54 58
54 60
55 58
55 60
55 61
56 57
57 59
57 60
57 61
58 61
59 60
62 66
63 64
63 65
63 66
64 65
65 67
65 68
65 69
66 68
66 69
66 70
67 70
67 71
67 72
68 69
68 71
68 73
68 80
69 72
69 73
69 81
69 83
69 84
70 71
70 82
70 83
70 84
70 85
71 73
71 74
71 75
72 74
72 75
72 80
73 75
73 76
73 77
73 79
74 77
74 79
74 80
75 76
76 78
76 79
76 80
77 80
78 79
81 85
82 83
82 84
82 85
83 84
84 86
84 87
84 88
85 87
85 88
85 89
86 89
86 90
86 91
87 88
87 90
87 92
87 93
88 91
88 92
88 102
88 104
88 105
89 90
89 103
89 104
89 105
89 106
90 92
91 93
91 100
91 101
92 94
92 95
92 100
93 95
93 101
94 96
94 97
94 101
95 97
95 98
95 99
95 100
96 99
96 100
96 101
97 98
98 100
98 101
99 101
102 106
103 104
103 105
103 106
104 105
105 107
105 108
105 109
106 108
106 109
106 110
107 110
107 111
107 112
108 109
108 111
108 113
108 121
109 112
109 113
109 122
109 124
109 125
110 111
110 123
110 124
110 125
110 126
111 113
112 114
112 115
112 121
113 115
113 116
113 117
113 119
114 117
114 119
114 121
115 116
116 118
116 119
116 121
117 120
117 121
118 119
118 120
120 121
122 126
123 124
123 125
123 126
124 125
125 127
125 128
125 129
126 128
126 129
126 130
127 130
127 131
127 132
128 129
128 131
128 133
128 134
129 132
129 133
129 144
129 146
130 131
130 145
130 146
130 147
130 148
131 133
132 134
132 142
132 143
133 135
133 136
133 142
134 136
134 143
135 137
135 138
135 143
136 138
136 139
136 140
136 142
137 140
137 142
137 143
138 139
138 160
139 141
139 142
139 143
140 143
141 142
144 148
145 146
145 147
145 148
146 147
147 149
147 150
147 151
147 153
148 150
148 151
149 152
149 153
149 154
150 151
150 152
150 153
150 155
150 162
151 154
151 163
151 165
152 153
152 154
152 164
152 165
152 166
152 167
153 155
153 162
154 156
154 157
154 162
155 157
155 158
155 159
155 161
156 159
156 161
156 162
157 158
158 160
158 161
158 162
159 162
160 161
163 167
164 165
164 166
164 167
165 166
166 168
166 169
166 170
167 169
167 170
168 171
168 172
168 173
169 170
169 171
169 172
169 174
169 181
170 173
170 182
170 183
171 172
171 173
171 183
171 184
171 185
172 174
172 181
173 175
173 176
173 181
174 176
174 177
174 178
174 180
175 178
175 180
175 181
176 177
177 179
177 180
177 181
178 181
179 180
182 186
183 184
183 185
184 185
185 187
185 188
185 189
186 188
186 189
187 190
187 191
187 192
188 189
188 191
188 193
188 201
189 192
189 193
190 191
191 193
191 194
191 195
192 194
192 195
192 201
193 195
193 196
193 197
193 199
194 197
194 199
194 201
195 196
196 198
196 199
196 201
197 200
197 201
198 199
198 200
200 201
1 1 9.313000 14.181000 23.549999 O
2 1 9.283000 15.582000 23.982000 C
3 1 9.235000 16.392000 22.731001 C
4 1 10.541000 16.299999 22.128000 O
5 1 8.306000 15.948000 21.681000 C
6 1 7.289000 16.990999 21.448000 O
7 1 9.062000 15.720000 20.451000 C
8 1 10.434000 15.632000 20.908001 C
9 1 10.980000 14.284000 20.997999 N
10 1 10.429000 13.062000 21.077000 C
11 1 11.323000 12.055000 21.167999 N
12 1 12.524000 12.716000 21.141001 C
13 1 13.826000 12.188000 21.198999 C
14 1 14.037000 10.895000 21.285000 N
15 1 14.779000 13.102000 21.150000 N
16 1 14.445000 14.415000 21.061001 C
17 1 13.277000 15.027000 21.004999 N
18 1 12.327000 14.069000 21.048000 C
19 2 5.815000 16.525000 21.465000 P
20 2 5.527000 15.345000 20.671000 O
21 2 5.002000 17.733999 21.108000 O
22 2 5.457000 16.131001 22.961000 O
23 2 5.172000 14.816000 23.452999 C
24 2 4.710000 14.940000 24.858000 C
25 2 5.761000 15.523000 25.643999 O
26 2 3.563000 15.878000 25.125999 C
27 2 2.317000 15.118000 24.966000 O
28 2 3.764000 16.237000 26.569000 C
29 2 5.215000 16.374001 26.629000 C
30 2 5.755000 17.712999 26.348000 N
31 2 6.522000 18.073000 25.253000 C
32 2 6.841000 19.313000 25.302000 N
33 2 6.275000 19.820000 26.438999 C
34 2 6.297000 21.103001 26.980000 C
35 2 6.856000 22.107000 26.523001 O
36 2 5.598000 21.188000 28.159000 N
37 2 4.939000 20.165001 28.764000 C
38 2 4.301000 20.403999 29.900999 N
39 2 4.908000 18.924999 28.273001 N
40 2 5.586000 18.819000 27.120001 C
41 3 1.002000 15.884000 24.424000 P
42 3 0.013000 14.817000 24.402000 O
43 3 1.367000 16.643000 23.240000 O
44 3 0.689000 16.966000 25.521999 O
45 3 0.152000 16.563000 26.792999 C
46 3 -0.067000 17.768999 27.604000 C
47 3 1.233000 18.388000 27.879999 O
48 3 -0.821000 18.941999 27.070999 C
49 3 -2.236000 18.649000 27.180000 O
50 3 -0.395000 20.055000 27.966000 C
51 3 1.038000 19.785000 28.052000 C
52 3 1.897000 20.458000 27.066999 N
53 3 2.467000 19.966000 25.888000 C
54 3 3.162000 20.827000 25.229000 N
55 3 3.088000 21.959000 26.000999 C
56 3 3.642000 23.249001 25.830999 C
57 3 4.356000 23.677999 24.938999 O
58 3 3.286000 24.107000 26.861000 N
59 3 2.503000 23.782000 27.919001 C
60 3 2.295000 24.763000 28.795000 N
61 3 1.956000 22.587999 28.143999 N
62 3 2.312000 21.750999 27.117001 C
63 4 -3.294000 19.149000 26.118999 P
64 4 -4.535000 18.445999 26.447001 O
65 4 -2.694000 19.141001 24.795000 O
66 4 -3.475000 20.708000 26.458000 O
67 4 -4.057000 21.120001 27.687000 C
68 4 -3.813000 22.548000 27.931000 C
69 4 -2.379000 22.740999 28.065001 O
70 4 -4.145000 23.537001 26.834999 C
71 4 -5.588000 23.806999 26.987000 O
72 4 -3.289000 24.704000 27.219999 C
73 4 -2.028000 24.011999 27.570000 C
74 4 -1.136000 23.915001 26.414000 N
75 4 -0.323000 25.000999 26.108999 C
76 4 -0.410000 26.004999 26.782000 O
77 4 0.514000 24.924999 25.052999 N
78 4 0.588000 23.802999 24.318001 C
79 4 1.400000 23.792999 23.292000 N
80 4 -0.240000 22.646000 24.600000 C
81 4 -1.042000 22.809000 25.643999 C
82 5 -6.414000 24.348000 25.740000 P
83 5 -7.802000 24.268999 26.118000 O
84 5 -5.962000 23.653999 24.518000 O
85 5 -5.918000 25.827999 25.577999 O
86 5 -6.266000 26.861000 26.504000 C
87 5 -5.714000 28.156000 26.122000 C
88 5 -4.248000 28.066000 26.158001 O
89 5 -5.939000 28.618000 24.712000 C
90 5 -7.234000 29.306999 24.714001 O
91 5 -4.830000 29.579000 24.497999 C
92 5 -3.748000 28.875999 25.114000 C
93 5 -2.943000 27.988001 24.263000 N
94 5 -3.055000 26.646000 24.049000 C
95 5 -2.225000 26.136000 23.246000 N
96 5 -1.458000 27.222000 22.834999 C
97 5 -0.376000 27.278000 21.966999 C
98 5 0.122000 26.233000 21.316999 N
99 5 0.131000 28.540001 21.790001 N
100 5 -0.383000 29.556999 22.443001 C
101 5 -1.378000 29.608999 23.285000 N
102 5 -1.907000 28.365000 23.454000 C
103 6 -8.145000 29.264999 23.438999 P
104 6 -9.398000 29.924999 23.851000 O
105 6 -8.155000 27.943001 22.856001 O
106 6 -7.412000 30.242001 22.414000 O
107 6 -7.308000 31.643000 22.569000 C
108 6 -6.331000 32.280998 21.691000 C
109 6 -4.999000 31.725000 21.954000 O
110 6 -6.462000 31.997999 20.198000 C
111 6 -7.451000 32.957001 19.687000 O
112 6 -5.115000 32.394001 19.712000 C
113 6 -4.296000 31.732000 20.739000 C
114 6 -3.866000 30.372999 20.417000 N
115 6 -2.740000 30.223000 19.648001 C
116 6 -2.075000 31.188999 19.247000 O
117 6 -2.402000 28.920000 19.393000 N
118 6 -3.075000 27.806000 19.801001 C
119 6 -2.640000 26.726000 19.452999 O
120 6 -4.274000 28.038000 20.562000 C
121 6 -5.063000 26.813000 21.035000 C
122 6 -4.606000 29.306999 20.872000 C
123 7 -8.213000 32.549000 18.365000 P
124 7 -9.216000 33.605000 18.143999 O
125 7 -8.648000 31.158001 18.431000 O
126 7 -7.168000 32.605999 17.209000 O
127 7 -6.531000 33.834999 16.791000 C
128 7 -5.504000 33.556999 15.798000 C
129 7 -4.500000 32.727001 16.464001 O
130 7 -5.864000 32.719002 14.598000 C
131 7 -6.481000 33.646000 13.636000 O
132 7 -4.520000 32.261002 14.166000 C
133 7 -3.909000 31.934000 15.435000 C
134 7 -4.036000 30.531000 15.887000 N
135 7 -4.933000 29.966999 16.733999 C
136 7 -4.775000 28.714001 16.905001 N
137 7 -3.693000 28.410999 16.117001 C
138 7 -3.074000 27.167000 15.919000 C
139 7 -3.322000 26.054001 16.384001 O
140 7 -2.014000 27.320000 15.002000 N
141 7 -1.635000 28.495001 14.403000 C
142 7 -0.605000 28.440001 13.587000 N
143 7 -2.206000 29.680000 14.602000 N
144 7 -3.228000 29.518999 15.466000 C
145 8 -7.473000 33.133999 12.514000 P
146 8 -7.999000 34.341999 11.911000 O
147 8 -8.377000 32.162998 13.075000 O
148 8 -6.562000 32.307999 11.499000 O
149 8 -5.505000 33.043999 10.815000 C
150 8 -4.766000 32.070000 10.024000 C
151 8 -4.231000 31.007999 10.877000 O
152 8 -5.561000 31.306999 8.987000 C
153 8 -4.726000 31.198000 7.805000 O
154 8 -5.758000 29.952000 9.567000 C
155 8 -4.569000 29.777000 10.467000 C
156 8 -4.893000 28.841999 11.534000 N
157 8 -4.153000 27.674000 11.667000 C
158 8 -3.238000 27.441999 10.908000 O
159 8 -4.451000 26.767000 12.640000 N
160 8 -5.479000 27.042999 13.457000 C
161 8 -5.776000 26.165001 14.408000 N
162 8 -6.221000 28.229000 13.364000 C
163 8 -5.906000 29.084000 12.387000 C
164 9 -5.101000 30.454000 6.468000 P
165 9 -4.443000 31.156000 5.403000 O
166 9 -6.545000 30.254999 6.405000 O
167 9 -4.533000 28.976000 6.689000 O
168 9 -3.093000 28.808001 6.742000 C
169 9 -2.771000 27.385000 6.368000 C
170 9 -3.114000 26.556999 7.472000 O
171 9 -3.507000 26.801001 5.218000 C
172 9 -2.491000 26.115999 4.367000 O
173 9 -4.489000 25.825001 5.735000 C
174 9 -3.938000 25.458000 7.009000 C
175 9 -4.789000 25.238001 8.164000 N
176 9 -4.816000 23.969999 8.740000 C
177 9 -4.175000 23.031000 8.337000 O
178 9 -5.608000 23.787001 9.856000 N
179 9 -6.329000 24.789000 10.309000 C
180 9 -7.109000 24.618000 11.359000 N
181 9 -6.308000 26.065001 9.669000 C
182 9 -5.527000 26.249001 8.631000 C
183 10 -2.031000 26.627001 2.920000 P
184 10 -2.689000 27.896999 2.650000 O
185 10 -2.352000 25.482000 2.026000 O
186 10 -0.465000 26.694000 3.017000 O
187 10 0.363000 27.697001 3.614000 C
188 10 1.774000 27.254000 3.521000 C
189 10 1.885000 26.285999 4.638000 O
190 10 2.143000 26.368000 2.367000 C
191 10 2.463000 27.138000 1.195000 O
192 10 3.246000 25.548000 2.898000 C
193 10 2.719000 25.243999 4.222000 C
194 10 2.112000 23.948000 4.392000 N
195 10 2.986000 22.856001 4.549000 C
196 10 4.186000 22.999001 4.528000 O
197 10 2.331000 21.671000 4.718000 N
198 10 0.984000 21.407000 4.747000 C
199 10 0.478000 20.285999 4.895000 O
200 10 0.168000 22.584999 4.582000 C
201 10 -1.348000 22.415001 4.614000 C
202 10 0.762000 23.770000 4.421000 C
