404 929
0 2
0 3
0 4
1 3
1 4
1 5
2 5
2 6
2 7
3 4
3 6
3 8
3 15
4 7
4 16
4 18
4 19
5 6
5 17
5 18
5 19
6 8
7 9
7 10
7 15
8 10
8 11
8 12
8 14
9 12
9 14
9 15
10 11
10 401
11 13
11 14
11 15
11 399
12 15
13 14
13 398
16 20
17 18
17 19
17 20
18 19
19 21
19 22
19 23
20 22
20 23
21 24
21 25
21 26
22 23
22 25
22 27
22 34
23 26
23 35
23 37
24 25
24 36
24 37
24 38
25 27
25 29
26 28
26 29
26 34
27 29
27 30
27 31
27 33
28 31
28 33
28 34
29 30
29 379
30 32
30 33
30 34
30 377
31 34
32 33
32 376
35 39
36 37
36 38
36 39
37 38
38 40
38 41
38 42
39 41
39 42
40 43
40 44
40 45
41 42
41 44
41 46
41 47
42 45
42 57
42 59
43 44
43 58
43 59
43 60
44 46
45 47
45 55
45 56
46 48
46 49
46 55
47 49
47 56
48 50
48 56
49 51
49 52
49 53
49 55
50 53
50 55
50 56
51 52
51 355
51 357
52 54
52 55
52 56
52 355
53 56
54 55
54 354
57 61
58 59
58 60
58 61
59 60
60 62
60 63
60 64
61 63
61 64
61 65
62 65
62 66
62 67
63 64
63 66
63 68
63 69
64 67
64 79
64 81
64 82
65 66
65 80
65 81
65 82
66 68
66 82
67 69
67 77
67 78
68 70
68 71
68 77
69 71
69 78
70 72
70 73
70 78
71 73
71 74
71 75
71 77
72 75
72 77
72 78
73 74
73 338
74 76
74 77
74 78
74 336
75 78
76 77
76 335
79 83
80 81
80 82
81 82
81 83
82 84
82 85
83 85
83 86
83 87
84 87
84 88
84 89
85 86
85 88
85 90
85 91
86 89
86 90
86 101
86 103
87 88
87 102
87 103
87 104
88 90
89 91
89 99
89 100
90 92
90 93
90 99
91 93
91 100
92 94
92 95
92 100
93 95
93 96
93 97
93 99
94 97
94 99
94 100
94 117
95 96
95 319
96 98
96 99
96 100
96 317
97 100
98 99
98 316
101 105
102 103
102 104
102 105
103 104
104 106
104 107
104 108
104 119
105 107
105 108
106 109
106 110
106 111
107 108
107 110
107 112
107 119
108 111
108 120
108 122
109 110
109 121
109 122
109 123
110 112
111 113
111 114
111 119
112 114
112 115
112 116
112 118
113 116
113 118
113 119
114 115
114 300
115 117
115 118
115 119
115 298
116 119
117 118
117 297
120 124
121 122
121 123
121 124
122 123
123 125
123 126
123 127
124 126
124 127
125 128
125 129
125 130
126 127
126 129
126 131
126 138
127 130
127 139
127 141
128 129
128 140
128 141
128 142
128 143
129 131
129 132
130 132
130 133
130 138
131 133
131 134
131 135
131 137
132 135
132 137
132 138
133 134
133 278
134 136
134 137
134 138
134 276
135 138
136 137
136 275
139 143
140 141
140 142
140 143
141 142
142 144
142 145
142 146
143 145
143 146
143 147
144 147
144 148
144 149
145 146
145 148
145 150
145 157
146 149
146 158
147 148
147 159
147 160
147 161
148 150
149 151
149 152
149 157
150 152
150 153
150 154
150 156
151 154
151 156
151 157
152 153
152 256
153 155
153 156
153 157
153 254
154 157
155 156
158 162
159 160
159 161
159 162
160 161
161 163
161 164
161 165
162 164
162 165
162 166
163 166
163 167
163 168
164 165
164 167
164 169
164 170
165 168
165 180
165 182
166 167
166 181
166 182
166 183
166 184
167 169
168 170
168 178
168 179
169 171
169 172
169 178
170 172
170 179
171 173
171 174
171 179
172 174
172 175
172 176
172 178
173 176
173 178
173 179
174 175
174 234
175 177
175 178
175 179
175 232
176 179
177 178
177 231
180 184
181 182
181 183
181 184
182 183
183 185
183 186
183 187
184 186
184 187
185 188
185 189
185 190
186 187
186 189
186 191
186 192
187 190
188 189
189 191
190 192
190 200
190 201
191 193
191 194
191 200
192 194
192 201
193 195
193 196
193 201
194 196
194 197
194 198
194 200
195 198
195 200
195 201
196 197
196 215
197 199
197 200
197 201
197 213
198 201
199 200
199 212
202 204
202 205
202 206
203 205
203 206
203 207
204 207
204 208
204 209
205 206
205 208
205 210
205 217
206 209
206 218
206 220
207 208
207 219
207 220
207 221
208 210
208 211
209 211
209 212
209 217
210 212
210 213
210 214
210 216
211 214
211 216
211 217
212 213
213 215
213 216
213 217
214 217
215 216
218 222
219 220
219 221
219 222
220 221
221 223
221 224
221 225
222 224
222 225
223 226
223 227
223 228
224 225
224 227
224 229
224 236
225 228
225 237
225 239
226 227
226 238
226 239
226 240
227 229
228 230
228 231
228 236
229 231
229 232
229 233
229 235
230 233
230 235
230 236
231 232
232 234
232 235
232 236
233 236
234 235
237 241
238 239
238 240
238 241
239 240
240 242
240 243
240 244
241 243
241 244
241 245
242 245
242 246
242 247
243 244
243 246
243 248
243 249
244 247
244 248
244 259
244 261
245 246
245 261
245 262
246 248
247 249
247 257
247 258
248 250
248 251
248 257
249 251
249 258
250 252
250 253
250 258
251 253
251 254
251 255
251 257
252 255
252 257
252 258
253 254
254 256
254 257
254 258
255 258
256 257
259 263
260 261
260 262
260 263
261 262
262 264
262 265
262 266
263 265
263 266
264 267
264 268
264 269
265 266
265 268
265 270
265 271
266 269
266 281
267 268
267 282
267 283
267 284
268 270
269 271
269 279
269 280
270 272
270 273
270 279
271 273
271 280
272 274
272 275
272 280
273 275
273 276
273 277
273 279
274 277
274 279
274 280
275 276
276 278
276 279
276 280
277 280
278 279
281 285
282 283
282 284
282 285
283 284
284 286
284 287
284 288
285 287
285 288
285 289
286 289
286 290
286 291
287 288
287 290
287 292
287 293
288 291
288 303
288 305
289 290
289 304
289 305
289 306
289 307
290 292
291 293
291 301
291 302
292 294
292 295
292 301
293 295
293 302
294 296
294 297
294 302
295 297
295 298
295 299
295 301
296 299
296 301
296 302
297 298
298 300
298 301
298 302
299 302
300 301
303 307
304 305
304 306
304 307
305 306
306 308
306 309
306 310
307 309
307 310
308 311
308 312
308 313
309 310
309 312
309 314
309 321
310 313
310 322
310 324
311 312
311 323
311 324
311 325
312 314
313 315
313 316
313 321
314 316
314 317
314 318
314 320
315 318
315 320
315 321
316 317
317 319
317 320
317 321
318 321
319 320
322 326
323 324
323 325
323 326
324 325
325 327
325 328
325 329
326 328
326 329
326 330
327 330
327 331
327 332
328 329
328 331
328 333
328 340
329 332
329 341
329 343
330 331
330 342
330 343
330 344
331 333
332 334
332 335
332 340
333 335
333 336
333 337
333 339
334 337
334 339
334 340
335 336
336 338
336 339
336 340
337 340
338 339
341 345
342 343
342 344
342 345
343 344
344 346
344 347
344 348
345 347
345 348
345 349
346 349
346 350
346 351
347 348
347 350
347 352
347 359
348 351
348 360
349 350
349 361
349 362
349 363
350 352
351 353
351 354
351 359
352 354
352 355
352 356
352 358
353 356
353 358
353 359
354 355
355 357
355 358
355 359
356 359
357 358
360 364
361 362
361 363
361 364
362 363
363 365
363 366
364 366
364 367
364 368
365 368
365 369
365 370
366 367
366 369
366 371
366 372
367 370
367 371
367 382
367 384
368 369
368 383
368 384
368 385
369 371
370 372
370 380
370 381
371 373
371 374
371 380
372 374
372 381
373 375
373 376
373 381
374 376
374 377
374 378
374 380
375 378
375 380
375 381
376 377
377 379
377 380
377 381
378 381
379 380
382 386
383 384
383 385
383 386
384 385
385 387
385 388
385 389
386 388
386 389
386 390
387 390
387 391
387 392
388 389
388 391
388 393
388 394
389 392
390 391
391 393
392 394
392 402
392 403
393 395
393 396
393 402
394 396
394 403
395 397
395 398
395 403
396 398
396 399
396 400
396 402
397 400
397 402
397 403
398 399
399 401
399 402
399 403
400 403
401 402
1 1 -3.784000 7.242000 6.047000 O
2 1 -3.771000 8.453000 5.276000 C
3 1 -3.555000 9.693000 6.137000 C
4 1 -4.656000 10.064000 7.018000 O
5 1 -2.404000 9.405000 7.051000 C
6 1 -1.178000 9.442000 6.309000 O
7 1 -2.630000 10.457000 8.140000 C
8 1 -4.153000 10.448000 8.361000 C
9 1 -4.601000 9.481000 9.420000 N
10 1 -4.406000 9.705000 10.815000 C
11 1 -3.804000 10.703000 11.256000 O
12 1 -4.961000 8.771000 11.687000 N
13 1 -5.754000 7.764000 11.250000 C
14 1 -6.336000 6.885000 12.060000 N
15 1 -6.030000 7.605000 9.858000 C
16 1 -5.434000 8.471000 9.009000 C
17 2 0.098000 8.575000 6.788000 P
18 2 1.338000 8.859000 6.040000 O
19 2 -0.568000 7.240000 6.697000 O
20 2 0.421000 9.006000 8.307000 O
21 2 1.038000 10.279000 8.619000 C
22 2 1.022000 10.584000 10.130000 C
23 2 -0.315000 10.480000 10.663000 O
24 2 1.891000 9.612000 10.937000 C
25 2 3.295000 9.932000 10.918000 O
26 2 1.269000 9.725000 12.304000 C
27 2 -0.212000 9.835000 11.944000 C
28 2 -0.943000 8.538000 12.076000 N
29 2 -1.331000 8.170000 13.353000 C
30 2 -0.944000 8.796000 14.330000 O
31 2 -2.126000 7.083000 13.512000 N
32 2 -2.516000 6.358000 12.440000 C
33 2 -3.271000 5.263000 12.612000 N
34 2 -2.114000 6.715000 11.119000 C
35 2 -1.308000 7.789000 10.993000 C
36 3 4.388000 8.799000 11.347000 P
37 3 5.480000 9.768000 11.053000 O
38 3 4.080000 7.710000 10.381000 O
39 3 4.570000 8.147000 12.856000 O
40 3 4.786000 8.968000 14.005000 C
41 3 4.228000 8.402000 15.320000 C
42 3 2.824000 8.151000 15.240000 O
43 3 4.850000 7.082000 15.754000 C
44 3 6.117000 7.303000 16.407000 O
45 3 3.782000 6.626000 16.730000 C
46 3 2.460000 7.037000 16.099001 C
47 3 1.727000 5.869000 15.471000 N
48 3 1.448000 5.591000 14.127000 C
49 3 0.688000 4.528000 13.959000 N
50 3 0.391000 4.096000 15.288000 C
51 3 -0.367000 2.961000 15.782000 C
52 3 -1.082000 2.134000 15.219000 O
53 3 -0.253000 2.822000 17.142000 N
54 3 0.383000 3.705000 17.990999 C
55 3 0.257000 3.468000 19.299999 N
56 3 1.110000 4.743000 17.542999 N
57 3 1.085000 4.871000 16.188999 C
58 4 7.012000 6.055000 16.975000 P
59 4 8.229000 6.805000 17.393999 O
60 4 7.139000 4.992000 15.946000 O
61 4 6.405000 5.348000 18.291000 O
62 4 6.772000 5.625000 19.677000 C
63 4 6.341000 4.476000 20.527000 C
64 4 4.942000 4.219000 20.327999 O
65 4 6.978000 3.199000 20.068001 C
66 4 8.321000 3.106000 20.516001 O
67 4 6.014000 2.096000 20.487000 C
68 4 4.657000 2.758000 20.344000 C
69 4 3.943000 2.266000 19.136000 N
70 4 4.097000 2.739000 17.837000 C
71 4 3.363000 2.131000 16.952999 N
72 4 2.741000 1.115000 17.673000 C
73 4 1.827000 0.122000 17.202000 C
74 4 1.366000 0.003000 16.062000 O
75 4 1.426000 -0.737000 18.231001 N
76 4 1.854000 -0.640000 19.551001 C
77 4 1.529000 -1.651000 20.362000 N
78 4 2.640000 0.351000 20.004000 N
79 4 3.053000 1.198000 19.021999 C
80 5 9.241000 1.878000 20.027000 P
81 5 10.428000 2.107000 20.882999 O
82 5 9.353000 2.086000 18.572001 O
83 5 8.520000 0.463000 20.330000 O
84 5 8.644000 -0.723000 19.561001 C
85 5 7.629000 -1.752000 20.041000 C
86 5 6.253000 -1.354000 19.864000 O
87 5 7.789000 -3.037000 19.247999 C
88 5 8.902000 -3.746000 19.746000 O
89 5 6.475000 -3.690000 19.510000 C
90 5 5.522000 -2.521000 19.348000 C
91 5 5.136000 -2.393000 17.872999 N
92 5 5.339000 -1.296000 17.070000 C
93 5 4.569000 -1.264000 16.031000 N
94 5 3.880000 -2.479000 16.059000 C
95 5 2.965000 -3.052000 15.115000 C
96 5 2.681000 -2.686000 13.967000 O
97 5 2.374000 -4.188000 15.618000 N
98 5 2.629000 -4.726000 16.850000 C
99 5 1.927000 -5.789000 17.211000 N
100 5 3.566000 -4.260000 17.659000 N
101 5 4.185000 -3.153000 17.195999 C
102 6 9.907000 -4.673000 18.881001 P
103 6 11.152000 -5.021000 19.597000 O
104 6 10.005000 -3.814000 17.670000 O
105 6 9.072000 -6.009000 18.576000 O
106 6 9.002000 -7.121000 19.448999 C
107 6 8.019000 -8.193000 18.969999 C
108 6 6.747000 -7.585000 18.679001 O
109 6 8.489000 -8.856000 17.673000 C
110 6 9.542000 -9.856000 17.837999 O
111 6 7.156000 -9.347000 17.118000 C
112 6 6.175000 -8.219000 17.504999 C
113 6 5.988000 -7.230000 16.412001 N
114 6 4.998000 -7.489000 15.429000 C
115 6 4.347000 -8.540000 15.315000 O
116 6 4.789000 -6.528000 14.495000 N
117 6 5.536000 -5.406000 14.481000 C
118 6 5.274000 -4.536000 13.502000 N
119 6 6.534000 -5.117000 15.489000 C
120 6 6.731000 -6.072000 16.410000 C
121 7 10.514000 -10.023000 16.528999 P
122 7 11.213000 -11.192000 17.122999 O
123 7 11.255000 -8.763000 16.245001 O
124 7 9.781000 -10.533000 15.178000 O
125 7 9.244000 -11.865000 15.103000 C
126 7 8.328000 -12.042000 13.906000 C
127 7 7.389000 -10.966000 13.968000 O
128 7 8.917000 -11.907000 12.507000 C
129 7 9.447000 -13.115000 11.944000 O
130 7 7.665000 -11.577000 11.740000 C
131 7 6.901000 -10.657000 12.649000 C
132 7 7.081000 -9.239000 12.271000 N
133 7 6.292000 -8.764000 11.229000 C
134 7 5.504000 -9.475000 10.601000 O
135 7 6.400000 -7.461000 10.885000 N
136 7 7.267000 -6.642000 11.489000 C
137 7 7.271000 -5.368000 11.087000 N
138 7 8.139000 -7.117000 12.535000 C
139 7 7.995000 -8.414000 12.899000 C
140 8 10.768000 -12.965000 11.071000 P
141 8 11.611000 -14.185000 11.063000 O
142 8 11.404000 -11.662000 11.386000 O
143 8 10.124000 -12.753000 9.551000 O
144 8 9.410000 -13.801000 8.945000 C
145 8 8.497000 -13.237000 7.937000 C
146 8 7.783000 -12.124000 8.486000 O
147 8 9.218000 -12.691000 6.724000 C
148 8 9.834000 -13.704000 5.866000 O
149 8 8.020000 -11.967000 6.167000 C
150 8 7.428000 -11.245000 7.379000 C
151 8 7.930000 -9.813000 7.546000 N
152 8 7.378000 -8.778000 6.717000 C
153 8 6.527000 -9.011000 5.833000 O
154 8 7.805000 -7.473000 6.917000 N
155 8 8.624000 -7.191000 7.954000 C
156 8 8.903000 -5.926000 8.189000 N
157 8 9.225000 -8.206000 8.783000 C
158 8 8.867000 -9.492000 8.532000 C
159 9 11.022000 -13.276000 4.822000 P
160 9 11.294000 -14.680000 4.466000 O
161 9 12.130000 -12.405000 5.242000 O
162 9 10.354000 -12.577000 3.554000 O
163 9 9.440000 -13.260000 2.711000 C
164 9 8.725000 -12.244000 1.799000 C
165 9 8.180000 -11.183000 2.623000 O
166 9 9.671000 -11.496000 0.873000 C
167 9 10.083000 -12.310000 -0.205000 O
168 9 8.779000 -10.357000 0.504000 C
169 9 8.173000 -9.951000 1.865000 C
170 9 8.944000 -8.884000 2.580000 N
171 9 9.813000 -9.036000 3.629000 C
172 9 10.354000 -7.911000 3.989000 N
173 9 9.822000 -6.957000 3.132000 C
174 9 10.052000 -5.556000 3.049000 C
175 9 10.835000 -4.872000 3.704000 O
176 9 9.298000 -4.954000 2.044000 N
177 9 8.705000 -5.628000 1.000000 C
178 9 8.359000 -4.921000 -0.094000 N
179 9 8.548000 -6.961000 1.037000 N
180 9 9.037000 -7.547000 2.190000 C
181 10 11.548000 -12.072000 -0.908000 P
182 10 11.481000 -13.073000 -1.996000 O
183 10 12.673000 -12.117000 0.042000 O
184 10 11.471000 -10.648000 -1.646000 O
185 10 10.552000 -10.464000 -2.739000 C
186 10 10.619000 -9.038000 -3.365000 C
187 10 10.223000 -8.045000 -2.409000 O
188 10 11.989000 -8.541000 -3.872000 C
189 10 12.330000 -9.093000 -5.133000 O
190 10 11.687000 -7.060000 -3.973000 C
191 10 10.824000 -6.755000 -2.728000 C
192 10 11.590000 -6.300000 -1.536000 N
193 10 12.093000 -7.086000 -0.535000 C
194 10 12.755000 -6.437000 0.372000 N
195 10 12.555000 -5.109000 0.041000 C
196 10 13.052000 -3.958000 0.691000 C
197 10 13.645000 -3.910000 1.771000 O
198 10 12.741000 -2.798000 -0.022000 N
199 10 12.098000 -2.766000 -1.247000 C
200 10 11.935000 -1.565000 -1.789000 N
201 10 11.664000 -3.865000 -1.884000 N
202 10 11.893000 -4.998000 -1.161000 C
204 11 14.714000 5.520000 3.226000 O
205 11 14.168000 6.313000 2.154000 C
206 11 13.522000 5.480000 1.034000 C
207 11 14.402000 4.434000 0.544000 O
208 11 12.261000 4.771000 1.492000 C
209 11 11.154000 5.691000 1.653000 O
210 11 12.143000 3.790000 0.341000 C
211 11 13.577000 3.304000 0.113000 C
212 11 13.871000 2.025000 0.833000 N
213 11 13.303000 0.821000 0.390000 C
214 11 12.567000 0.746000 -0.598000 O
215 11 13.574000 -0.319000 1.078000 N
216 11 14.441000 -0.310000 2.090000 C
217 11 14.700000 -1.442000 2.718000 N
218 11 15.069000 0.888000 2.534000 C
219 11 14.730000 2.026000 1.892000 C
220 12 9.654000 5.247000 2.049000 P
221 12 8.608000 6.273000 2.184000 O
222 12 10.274000 4.678000 3.260000 O
223 12 8.973000 4.032000 1.217000 O
224 12 8.610000 4.245000 -0.202000 C
225 12 8.196000 2.973000 -0.986000 C
226 12 9.319000 2.051000 -0.955000 O
227 12 7.059000 2.185000 -0.351000 C
228 12 5.702000 2.666000 -0.534000 O
229 12 7.339000 0.786000 -0.885000 C
230 12 8.852000 0.674000 -0.850000 C
231 12 9.344000 0.014000 0.395000 N
232 12 9.314000 -1.386000 0.472000 C
233 12 8.878000 -2.113000 -0.434000 O
234 12 9.778000 -1.951000 1.630000 N
235 12 10.367000 -1.228000 2.574000 C
236 12 11.204000 -1.852000 3.378000 N
237 12 10.271000 0.193000 2.591000 C
238 12 9.722000 0.764000 1.504000 C
239 13 4.539000 2.534000 0.653000 P
240 13 3.314000 3.236000 0.228000 O
241 13 5.105000 2.860000 1.993000 O
242 13 4.067000 0.981000 0.787000 O
243 13 3.499000 0.305000 -0.328000 C
244 13 3.515000 -1.217000 -0.224000 C
245 13 4.829000 -1.796000 -0.150000 O
246 13 2.724000 -1.771000 0.942000 C
247 13 1.292000 -1.576000 0.839000 O
248 13 3.181000 -3.201000 0.774000 C
249 13 4.684000 -3.061000 0.533000 C
250 13 5.458000 -3.040000 1.821000 N
251 13 6.113000 -1.951000 2.322000 C
252 13 6.813000 -2.221000 3.378000 N
253 13 6.650000 -3.590000 3.600000 C
254 13 7.089000 -4.397000 4.698000 C
255 13 7.706000 -4.051000 5.709000 O
256 13 6.713000 -5.735000 4.539000 N
257 13 5.955000 -6.226000 3.487000 C
258 13 5.597000 -7.515000 3.543000 N
259 13 5.536000 -5.446000 2.477000 N
260 13 5.892000 -4.135000 2.598000 C
261 14 0.391000 -1.601000 2.223000 P
262 14 -0.625000 -1.448000 1.165000 O
263 14 0.802000 -0.493000 3.123000 O
264 14 0.266000 -3.013000 2.968000 O
265 14 -0.265000 -4.150000 2.263000 C
266 14 0.130000 -5.480000 2.891000 C
267 14 1.569000 -5.605000 2.987000 O
268 14 -0.418000 -5.698000 4.301000 C
269 14 -1.830000 -6.027000 4.331000 O
270 14 0.495000 -6.853000 4.671000 C
271 14 1.867000 -6.476000 4.100000 C
272 14 2.718000 -5.756000 5.074000 N
273 14 3.001000 -4.422000 5.127000 C
274 14 3.636000 -4.050000 6.219000 N
275 14 3.913000 -5.250000 6.872000 C
276 14 4.742000 -5.524000 8.017000 C
277 14 5.534000 -4.781000 8.613000 O
278 14 4.632000 -6.848000 8.422000 N
279 14 3.949000 -7.827000 7.730000 C
280 14 3.979000 -9.075000 8.221000 N
281 14 3.292000 -7.590000 6.584000 N
282 14 3.275000 -6.283000 6.231000 C
283 15 -2.787000 -5.693000 5.614000 P
284 15 -4.071000 -6.000000 4.944000 O
285 15 -2.683000 -4.392000 6.324000 O
286 15 -2.536000 -6.846000 6.688000 O
287 15 -2.901000 -8.213000 6.444000 C
288 15 -2.410000 -9.179000 7.540000 C
289 15 -0.965000 -9.251000 7.623000 O
290 15 -2.906000 -8.722000 8.903000 C
291 15 -4.244000 -9.202000 9.116000 O
292 15 -1.869000 -9.354000 9.791000 C
293 15 -0.546000 -9.275000 9.015000 C
294 15 0.317000 -8.111000 9.385000 N
295 15 0.398000 -6.887000 8.777000 C
296 15 1.189000 -6.047000 9.384000 N
297 15 1.720000 -6.777000 10.447000 C
298 15 2.612000 -6.360000 11.471000 C
299 15 3.159000 -5.262000 11.564000 O
300 15 2.809000 -7.344000 12.429000 N
301 15 2.340000 -8.642000 12.312000 C
302 15 2.811000 -9.566000 13.143000 N
303 15 1.510000 -9.039000 11.326000 N
304 15 1.211000 -8.048000 10.448000 C
305 16 -5.201000 -8.192000 9.905000 P
306 16 -6.420000 -9.016000 9.723000 O
307 16 -5.146000 -6.778000 9.429000 O
308 16 -4.808000 -8.258000 11.483000 O
309 16 -4.892000 -9.506000 12.215000 C
310 16 -3.973000 -9.470000 13.427000 C
311 16 -2.644000 -9.184000 12.972000 O
312 16 -4.279000 -8.328000 14.416000 C
313 16 -5.418000 -8.519000 15.291000 O
314 16 -2.964000 -8.304000 15.145000 C
315 16 -1.945000 -8.454000 14.010000 C
316 16 -1.367000 -7.135000 13.583000 N
317 16 -0.317000 -6.580000 14.332000 C
318 16 0.066000 -7.054000 15.391000 O
319 16 0.270000 -5.435000 13.906000 N
320 16 -0.237000 -4.756000 12.874000 C
321 16 0.369000 -3.626000 12.515000 N
322 16 -1.377000 -5.245000 12.155000 C
323 16 -1.900000 -6.432000 12.536000 C
324 17 -6.133000 -7.297000 16.129000 P
325 17 -7.428000 -7.747000 16.684000 O
326 17 -6.089000 -6.284000 15.043000 O
327 17 -5.161000 -6.820000 17.299999 O
328 17 -4.969000 -7.640000 18.464001 C
329 17 -4.002000 -7.032000 19.466000 C
330 17 -2.739000 -6.827000 18.829000 O
331 17 -4.445000 -5.640000 19.886000 C
332 17 -5.391000 -5.696000 20.941999 O
333 17 -3.127000 -5.056000 20.334000 C
334 17 -2.156000 -5.597000 19.298000 C
335 17 -1.881000 -4.612000 18.212999 N
336 17 -0.821000 -3.729000 18.441000 C
337 17 -0.284000 -3.655000 19.545000 O
338 17 -0.395000 -2.925000 17.417000 N
339 17 -1.114000 -2.854000 16.282000 C
340 17 -0.815000 -1.858000 15.472000 N
341 17 -2.249000 -3.722000 16.018000 C
342 17 -2.550000 -4.632000 16.981001 C
343 18 -6.331000 -4.411000 21.176001 P
344 18 -6.962000 -4.979000 22.403999 O
345 18 -7.122000 -4.119000 19.957001 O
346 18 -5.549000 -3.074000 21.615000 O
347 18 -4.908000 -2.967000 22.889000 C
348 18 -3.935000 -1.823000 22.796000 C
349 18 -3.009000 -2.030000 21.698999 O
350 18 -4.657000 -0.508000 22.474001 C
351 18 -5.399000 0.010000 23.593000 O
352 18 -3.425000 0.288000 22.046000 C
353 18 -2.596000 -0.719000 21.238001 C
354 18 -2.704000 -0.532000 19.750999 N
355 18 -1.881000 0.413000 19.149000 C
356 18 -0.955000 0.995000 19.712999 O
357 18 -2.075000 0.699000 17.850000 N
358 18 -3.006000 0.093000 17.114000 C
359 18 -3.104000 0.459000 15.831000 N
360 18 -3.860000 -0.911000 17.708000 C
361 18 -3.643000 -1.203000 19.014999 C
362 19 -6.261000 1.369000 23.480000 P
363 19 -6.408000 1.174000 24.948999 O
364 19 -7.438000 1.236000 22.618999 O
365 19 -5.613000 2.845000 23.160000 O
366 19 -4.596000 3.439000 23.959999 C
367 19 -3.604000 4.355000 23.231001 C
368 19 -3.016000 3.714000 22.094000 O
369 19 -4.089000 5.668000 22.677000 C
370 19 -4.440000 6.587000 23.701000 O
371 19 -2.846000 6.032000 21.891001 C
372 19 -2.521000 4.718000 21.180000 C
373 19 -3.209000 4.507000 19.868000 N
374 19 -4.091000 3.482000 19.523001 C
375 19 -4.402000 3.458000 18.243999 N
376 19 -3.647000 4.511000 17.683001 C
377 19 -3.466000 4.872000 16.302999 C
378 19 -4.022000 4.425000 15.286000 O
379 19 -2.543000 5.903000 16.169001 N
380 19 -1.930000 6.556000 17.216999 C
381 19 -1.256000 7.662000 16.886000 N
382 19 -2.005000 6.140000 18.516001 N
383 19 -2.896000 5.130000 18.667999 C
384 20 -5.245000 7.996000 23.547001 P
385 20 -5.313000 8.602000 24.896000 O
386 20 -6.491000 7.448000 22.941999 O
387 20 -4.528000 9.074000 22.615999 O
388 20 -3.302000 9.729000 22.921000 C
389 20 -2.900000 10.569000 21.712999 C
390 20 -2.672000 9.737000 20.542000 O
391 20 -4.013000 11.552000 21.273001 C
392 20 -4.145000 12.651000 22.202000 O
393 20 -3.565000 11.859000 19.836000 C
394 20 -2.978000 10.505000 19.363001 C
395 20 -3.859000 9.631000 18.548000 N
396 20 -4.576000 8.552000 18.968000 C
397 20 -5.253000 7.968000 18.014999 N
398 20 -4.896000 8.647000 16.855000 C
399 20 -5.268000 8.394000 15.488000 C
400 20 -5.966000 7.464000 15.056000 O
401 20 -4.712000 9.331000 14.622000 N
402 20 -3.810000 10.283000 15.008000 C
403 20 -3.354000 11.094000 14.075000 N
404 20 -3.363000 10.443000 16.264999 N
405 20 -3.974000 9.615000 17.152000 C
