404 1027
0 2
0 3
0 4
0 6
1 3
1 4
1 6
2 5
2 6
2 7
3 4
3 5
3 6
3 8
3 15
4 7
4 16
4 18
5 6
5 7
5 17
5 18
5 19
5 20
6 8
6 15
6 29
7 9
7 10
7 15
8 10
8 11
8 12
8 14
9 12
9 14
9 15
10 11
10 401
11 13
11 14
11 15
11 399
12 15
13 14
13 379
13 398
16 20
17 18
17 19
17 20
18 19
19 21
19 22
19 23
19 25
20 22
20 23
20 25
21 24
21 25
21 26
22 23
22 24
22 25
22 27
22 37
23 26
23 38
23 40
24 25
24 26
24 39
24 40
24 41
24 42
25 27
25 28
26 28
26 36
26 37
27 29
27 30
27 36
28 30
28 37
29 31
29 32
29 37
30 32
30 33
30 34
30 36
31 34
31 36
31 37
32 33
32 379
33 35
33 36
33 37
33 377
34 37
35 36
35 376
38 42
39 40
39 41
39 42
40 41
41 43
41 44
41 45
41 47
42 44
42 45
42 47
43 46
43 47
43 48
44 45
44 46
44 47
44 49
44 50
44 51
45 48
45 57
45 58
46 47
46 48
46 58
46 59
46 60
46 61
46 69
47 49
47 56
48 50
48 51
48 56
49 51
49 52
49 53
49 55
50 53
50 55
50 56
51 52
51 360
52 54
52 55
52 56
52 358
53 56
54 55
54 357
57 61
58 59
58 60
58 61
59 60
60 62
60 63
60 64
60 66
61 63
61 64
61 66
62 65
62 66
62 67
63 64
63 65
63 66
63 68
64 67
64 78
64 80
65 66
65 67
65 79
65 80
65 81
65 82
66 68
66 69
67 69
67 76
67 77
68 70
68 71
68 76
69 71
69 77
70 72
70 73
70 77
71 73
71 74
71 75
71 76
72 75
72 76
72 77
73 74
73 337
74 76
74 77
74 335
75 77
78 82
79 80
79 81
79 82
80 81
81 83
81 84
81 85
81 87
82 84
82 85
82 87
83 86
83 87
83 88
84 85
84 86
84 87
84 89
84 90
85 88
85 99
85 101
86 87
86 88
86 100
86 101
86 102
86 103
87 89
87 90
88 90
88 97
88 98
89 91
89 92
89 97
90 92
90 98
91 93
91 94
91 98
92 94
92 95
92 96
92 97
93 96
93 97
93 98
94 95
94 296
94 317
95 97
95 98
95 315
96 98
99 103
100 101
100 102
100 103
101 102
102 104
102 105
102 106
102 108
103 105
103 106
104 107
104 108
104 109
105 106
105 108
105 110
106 109
106 119
106 121
107 108
107 109
107 120
107 121
107 122
107 123
108 110
108 118
109 111
109 112
109 118
110 112
110 113
110 114
110 116
111 114
111 116
111 118
112 113
113 115
113 116
113 118
113 297
114 117
114 118
115 116
115 117
115 296
117 118
119 123
120 121
120 122
120 123
121 122
122 124
122 125
122 126
123 125
123 126
124 127
124 128
124 129
125 126
125 127
125 128
125 130
125 138
126 129
126 139
126 141
127 128
127 129
127 140
127 141
127 142
127 143
128 130
128 138
129 131
129 132
129 138
130 132
130 133
130 134
130 136
131 134
131 136
131 138
132 133
133 135
133 136
133 138
133 276
134 137
134 138
135 136
135 137
135 256
135 275
137 138
139 143
140 141
140 142
140 143
141 142
142 144
142 145
142 146
142 148
143 145
143 146
143 148
144 147
144 148
144 149
145 146
145 147
145 148
145 150
145 160
146 149
146 161
146 163
147 148
147 149
147 162
147 163
147 164
147 165
148 150
148 151
149 151
149 159
149 160
150 152
150 153
150 159
151 153
151 160
152 154
152 155
152 160
153 155
153 156
153 157
153 159
154 157
154 159
154 160
155 156
155 234
155 256
156 158
156 159
156 160
156 254
157 160
158 159
158 253
161 165
162 163
162 164
162 165
163 164
164 166
164 167
164 168
164 170
165 167
165 168
165 170
166 169
166 170
166 171
167 168
167 170
167 172
167 179
168 171
168 180
168 182
169 170
169 171
169 181
169 182
169 183
169 184
170 172
170 179
171 173
171 174
171 179
172 174
172 175
172 176
172 178
173 176
173 178
173 179
174 175
174 237
175 177
175 178
175 179
175 235
176 179
177 178
177 234
180 184
181 182
181 183
181 184
182 183
183 185
183 186
183 187
183 189
183 190
184 186
184 187
184 189
185 188
185 189
185 190
186 187
186 188
186 189
186 191
187 190
188 189
188 190
189 191
189 192
190 192
190 200
190 201
191 193
191 194
191 200
192 194
192 201
193 195
193 196
193 201
194 196
194 197
194 198
194 200
195 198
195 200
195 201
196 197
196 215
197 199
197 200
197 201
197 213
198 201
199 200
199 212
202 204
202 205
202 206
202 208
203 205
203 206
203 208
204 207
204 208
204 209
205 206
205 207
205 208
205 210
205 217
206 209
206 218
206 220
206 221
207 208
207 209
207 219
207 220
207 221
207 222
208 210
208 217
208 221
209 211
209 212
209 217
210 212
210 213
210 214
210 216
211 214
211 216
211 217
212 213
213 215
213 216
213 217
214 217
215 216
218 222
219 220
219 221
219 222
220 221
221 223
221 224
221 225
221 227
222 224
222 225
222 227
223 226
223 227
223 228
224 225
224 226
224 227
224 229
224 239
225 228
225 240
225 241
225 242
226 227
226 228
226 241
226 242
226 243
226 244
227 229
227 230
228 230
228 238
228 239
229 231
229 232
229 238
230 232
230 239
231 233
231 234
231 239
232 234
232 235
232 236
232 238
233 236
233 238
233 239
234 235
235 237
235 238
235 239
236 239
237 238
240 244
241 242
241 243
241 244
242 243
243 245
243 246
243 247
243 249
244 246
244 247
244 249
245 248
245 249
245 250
246 247
246 248
246 249
246 251
246 258
247 250
247 259
247 260
247 261
248 249
248 250
248 260
248 261
248 262
248 263
249 251
249 258
249 261
250 252
250 253
250 258
251 253
251 254
251 255
251 257
252 255
252 257
252 258
253 254
254 256
254 257
254 258
255 258
256 257
259 263
260 261
260 262
261 262
262 264
262 265
262 266
262 268
263 265
263 266
263 268
264 267
264 268
264 269
265 266
265 267
265 268
265 270
265 271
266 269
266 280
266 282
267 268
267 269
267 281
267 282
267 283
268 270
268 271
268 282
269 271
269 278
269 279
270 272
270 273
270 278
271 273
271 279
272 274
272 275
272 279
273 275
273 276
273 277
273 278
274 277
274 278
274 279
275 276
276 278
276 279
277 279
280 284
281 282
281 283
282 283
282 284
283 285
283 286
284 286
284 287
284 289
285 288
285 289
285 290
286 287
286 288
286 289
286 291
286 292
287 290
287 301
287 303
287 304
288 289
288 290
288 302
288 303
288 304
288 305
289 291
289 301
289 304
290 292
290 299
290 300
291 293
291 294
291 299
292 294
292 300
293 295
293 296
293 300
294 296
294 297
294 298
294 299
295 298
295 299
295 300
296 297
297 299
297 300
298 300
301 305
302 303
302 304
302 305
303 304
304 306
304 308
305 307
305 308
306 309
306 310
306 311
307 308
307 309
307 310
307 312
307 320
308 311
308 321
308 323
309 310
309 311
309 322
309 323
309 324
309 325
310 312
310 320
311 313
311 314
311 320
312 314
312 315
312 316
312 318
313 316
313 318
313 320
314 315
315 317
315 318
315 320
316 319
316 320
317 318
317 319
319 320
321 325
322 323
322 324
322 325
323 324
324 326
324 328
324 330
325 327
325 328
325 330
326 329
326 330
326 331
327 328
327 329
327 330
327 332
327 333
327 340
328 331
328 341
328 343
329 330
329 331
329 342
329 343
329 344
329 345
330 332
330 340
331 333
331 334
331 340
332 334
332 335
332 336
332 338
333 336
333 338
333 340
334 335
335 337
335 338
335 340
336 339
336 340
337 338
337 339
339 340
341 345
342 343
342 344
342 345
343 344
344 346
344 347
344 348
344 350
345 347
345 348
345 350
346 349
346 350
346 351
347 348
347 349
347 350
347 352
347 353
347 362
348 351
348 363
348 365
349 350
349 351
349 364
349 365
349 366
349 367
350 352
350 353
351 353
351 361
351 362
352 354
352 355
352 361
353 355
353 362
354 356
354 357
354 362
355 357
355 358
355 359
355 361
356 359
356 361
356 362
357 358
358 360
358 361
358 362
359 362
360 361
363 367
364 365
364 366
365 366
366 368
366 370
367 369
367 370
367 372
368 371
368 372
368 373
369 370
369 371
369 372
369 374
369 375
369 376
370 373
370 382
370 383
371 372
371 373
371 383
371 384
371 385
371 386
372 374
372 381
373 375
373 376
373 381
374 376
374 377
374 378
374 380
375 378
375 380
375 381
376 377
377 379
377 380
377 381
378 381
379 380
382 386
383 384
383 385
383 386
384 385
385 387
385 388
385 389
385 391
386 388
386 389
386 391
387 390
387 391
387 392
388 389
388 390
388 391
388 393
388 403
389 392
390 391
390 392
391 393
392 394
392 402
392 403
393 395
393 396
393 402
394 396
394 403
395 397
395 398
395 403
396 398
396 399
396 400
396 402
397 400
397 402
397 403
398 399
399 401
399 402
399 403
400 403
401 402
1 1 44.761002 1.291000 34.006001 O
2 1 46.051998 1.904000 33.868000 C
3 1 46.507000 2.460000 32.470001 C
4 1 46.416000 1.513000 31.382999 O
5 1 45.575001 3.558000 32.049999 C
6 1 46.268002 4.503000 31.233000 O
7 1 44.566002 2.830000 31.242001 C
8 1 45.380001 1.856000 30.468000 C
9 1 44.716999 0.596000 30.129999 N
10 1 44.757000 0.170000 28.811001 C
11 1 45.316002 0.829000 27.909000 O
12 1 44.132999 -1.023000 28.545000 N
13 1 43.514999 -1.748000 29.500000 C
14 1 42.929001 -2.904000 29.198999 N
15 1 43.480999 -1.303000 30.841999 C
16 1 44.091000 -0.134000 31.105000 C
17 2 45.658001 5.989000 31.228001 P
18 2 46.737000 7.012000 31.240999 O
19 2 44.549999 6.063000 32.210999 O
20 2 44.998001 5.994000 29.791000 O
21 2 45.833000 6.205000 28.667999 C
22 2 45.062000 6.330000 27.360001 C
23 2 44.362000 5.082000 27.113001 O
24 2 43.973000 7.415000 27.424999 C
25 2 43.826000 7.945000 26.084000 O
26 2 42.765999 6.625000 27.921000 C
27 2 42.964001 5.262000 27.283001 C
28 2 42.463001 4.158000 28.093000 N
29 2 42.242001 4.092000 29.433001 C
30 2 41.762001 2.928000 29.815001 N
31 2 41.661999 2.196000 28.653999 C
32 2 41.205002 0.895000 28.441000 C
33 2 40.786999 0.097000 29.257000 O
34 2 41.257999 0.521000 27.131001 N
35 2 41.707001 1.327000 26.129999 C
36 2 41.706001 0.815000 24.915001 N
37 2 42.141998 2.575000 26.309000 N
38 2 42.091000 2.942000 27.594999 C
39 3 42.876999 9.206000 25.805000 P
40 3 43.366001 10.014000 24.667000 O
41 3 42.464001 9.848000 27.075001 O
42 3 41.676998 8.314000 25.358000 O
43 3 41.832001 7.610000 24.132000 C
44 3 40.595001 6.851000 23.681999 C
45 3 40.308998 5.679000 24.481001 O
46 3 39.431000 7.787000 23.973000 C
47 3 38.412998 7.587000 23.000999 O
48 3 38.967999 7.331000 25.334999 C
49 3 39.078999 5.883000 25.114000 C
50 3 38.917000 5.078000 26.329000 N
51 3 38.848999 3.705000 26.160000 C
52 3 38.945000 3.178000 25.040001 O
53 3 38.661999 2.936000 27.274000 N
54 3 38.549000 3.512000 28.495001 C
55 3 38.375999 2.740000 29.577999 N
56 3 38.616001 4.922000 28.684000 C
57 3 38.800999 5.659000 27.572001 C
58 4 38.299000 8.658000 21.816999 P
59 4 39.636002 8.997000 21.283001 O
60 4 37.430000 9.751000 22.306999 O
61 4 37.470001 7.782000 20.792000 O
62 4 38.132999 6.691000 20.174999 C
63 4 37.292999 5.444000 20.070999 C
64 4 37.109001 4.851000 21.368999 O
65 4 35.865002 5.803000 19.535999 C
66 4 35.387001 4.616000 18.833000 O
67 4 35.127998 6.056000 20.853001 C
68 4 35.730999 4.952000 21.719000 C
69 4 35.644001 5.181000 23.152000 N
70 4 35.724998 6.323000 23.875999 C
71 4 35.602001 6.135000 25.181999 N
72 4 35.424000 4.736000 25.305000 C
73 4 35.227001 3.866000 26.402000 C
74 4 35.171001 4.299000 27.672001 N
75 4 35.080002 2.540000 26.157000 N
76 4 35.131001 2.135000 24.889999 C
77 4 35.312000 2.856000 23.788000 N
78 4 35.451000 4.165000 24.066000 C
79 5 34.118000 4.514000 17.830999 P
80 5 34.506001 3.837000 16.573999 O
81 5 33.527000 5.861000 17.778000 O
82 5 33.194000 3.478000 18.598000 O
83 5 33.660000 2.132000 18.629000 C
84 5 32.973000 1.145000 19.572001 C
85 5 33.053001 1.469000 20.995001 O
86 5 31.478001 1.261000 19.264999 C
87 5 30.910000 -0.027000 19.441999 O
88 5 30.959999 2.239000 20.292999 C
89 5 31.764000 1.822000 21.504000 C
90 5 31.882000 2.900000 22.472000 N
91 5 32.150002 4.232000 22.292000 C
92 5 32.181000 4.912000 23.434000 N
93 5 31.914000 3.936000 24.416000 C
94 5 31.806000 3.985000 25.812000 C
95 5 31.959999 5.070000 26.561001 N
96 5 31.530001 2.860000 26.441000 N
97 5 31.378000 1.756000 25.724001 C
98 5 31.455000 1.569000 24.427999 N
99 5 31.730000 2.725000 23.829000 C
100 6 29.504999 -0.365000 18.836000 P
101 6 29.448999 -1.814000 18.495001 O
102 6 29.134001 0.697000 17.865999 O
103 6 28.618000 -0.118000 20.096001 O
104 6 28.909000 -1.115000 21.061001 C
105 6 28.202999 -1.060000 22.356001 C
106 6 28.649000 0.088000 23.150000 O
107 6 26.670000 -0.745000 21.989000 C
108 6 25.761000 -1.564000 22.750999 O
109 6 26.549000 0.742000 22.316000 C
110 6 27.497999 0.875000 23.499001 C
111 6 27.882000 2.281000 23.823999 N
112 6 27.989000 2.574000 25.164000 C
113 6 27.797001 1.743000 26.035000 O
114 6 28.322001 3.853000 25.507999 N
115 6 28.562000 4.877000 24.615000 C
116 6 28.855000 6.008000 25.028999 O
117 6 28.434000 4.485000 23.205000 C
118 6 28.674000 5.514000 22.079000 C
119 6 28.106001 3.230000 22.870001 C
120 7 24.233000 -1.988000 22.433001 P
121 7 24.146000 -3.459000 22.393999 O
122 7 23.701000 -1.176000 21.302999 O
123 7 23.690001 -1.436000 23.843000 O
124 7 24.292999 -2.022000 24.993999 C
125 7 24.049999 -1.457000 26.382999 C
126 7 24.565001 -0.122000 26.572001 O
127 7 22.554001 -1.215000 26.521999 C
128 7 22.076000 -1.578000 27.804001 O
129 7 22.341999 0.245000 26.285000 C
130 7 23.565001 0.832000 26.895000 C
131 7 23.974001 2.098000 26.309999 N
132 7 24.261999 3.123000 27.166000 C
133 7 24.183001 3.035000 28.395000 O
134 7 24.632000 4.309000 26.587000 N
135 7 24.732000 4.541000 25.247999 C
136 7 25.093000 5.644000 24.837000 O
137 7 24.415001 3.433000 24.451000 C
138 7 24.482000 3.554000 22.993999 C
139 7 24.052999 2.264000 24.976000 C
140 8 20.601999 -2.250000 27.801001 P
141 8 20.577000 -3.574000 28.451000 O
142 8 19.990999 -2.036000 26.471001 O
143 8 20.035000 -1.172000 28.823999 O
144 8 20.514000 -1.193000 30.170000 C
145 8 20.142000 0.056000 30.924999 C
146 8 20.664000 1.271000 30.327999 O
147 8 18.629999 0.231000 30.818001 C
148 8 18.169001 0.973000 31.931000 O
149 8 18.458000 1.080000 29.613001 C
150 8 19.604000 2.020000 29.808001 C
151 8 19.975000 2.637000 28.562000 N
152 8 19.875999 2.183000 27.288000 C
153 8 20.309999 3.038000 26.417000 N
154 8 20.718000 4.123000 27.167999 C
155 8 21.259001 5.331000 26.764000 C
156 8 21.496000 5.684000 25.613001 O
157 8 21.533001 6.159000 27.825001 N
158 8 21.305000 5.844000 29.125999 C
159 8 21.634001 6.756000 30.021999 N
160 8 20.778000 4.689000 29.549000 N
161 8 20.514000 3.881000 28.487000 C
162 9 17.072001 0.278000 32.792999 P
163 9 17.683001 -0.562000 33.844002 O
164 9 16.087999 -0.259000 31.829000 O
165 9 16.563000 1.640000 33.417000 O
166 9 17.415001 2.280000 34.333000 C
167 9 17.533001 3.802000 34.263000 C
168 9 18.128000 4.297000 32.993000 O
169 9 16.089001 4.258000 34.202999 C
170 9 15.670000 5.454000 34.842999 O
171 9 15.942000 4.595000 32.748001 C
172 9 17.264999 5.215000 32.327000 C
173 9 17.284000 5.213000 30.840000 N
174 9 17.698000 6.334000 30.094000 C
175 9 18.103001 7.394000 30.563999 O
176 9 17.643000 6.252000 28.745001 N
177 9 17.209999 5.138000 28.149000 C
178 9 17.174999 5.076000 26.825001 N
179 9 16.791000 4.002000 28.878000 C
180 9 16.850000 4.089000 30.216000 C
181 10 14.126000 5.481000 35.380001 P
182 10 14.158000 5.134000 36.827999 O
183 10 13.186000 4.796000 34.456001 O
184 10 13.865000 6.980000 35.182999 O
185 10 14.574000 7.848000 36.021000 C
186 10 14.756000 9.165000 35.347000 C
187 10 15.221000 8.902000 33.988998 O
188 10 13.411000 9.879000 35.224998 C
189 10 13.568000 11.311000 35.167000 O
190 10 12.938000 9.380000 33.862000 C
191 10 14.210000 9.308000 33.035000 C
192 10 14.081000 8.353000 31.871000 N
193 10 13.577000 7.076000 31.791000 C
194 10 13.636000 6.555000 30.594000 N
195 10 14.218000 7.565000 29.820999 C
196 10 14.539000 7.617000 28.419001 C
197 10 14.393000 6.762000 27.554001 O
198 10 15.112000 8.829000 28.049999 N
199 10 15.351000 9.868000 28.914000 C
200 10 15.911000 10.975000 28.395000 N
201 10 15.052000 9.830000 30.224001 N
202 10 14.491000 8.656000 30.601999 C
204 11 17.069000 10.896000 19.598000 O
205 11 16.259001 12.082000 19.542000 C
206 11 16.292999 13.022000 20.759001 C
207 11 15.752000 12.469000 22.003000 O
208 11 17.686001 13.186000 21.094999 C
209 11 17.898001 14.505000 21.525000 O
210 11 17.964001 12.169000 22.177000 C
211 11 16.739000 12.097000 22.989000 C
212 11 16.400000 10.714000 23.452999 N
213 11 16.216000 10.504000 24.806000 C
214 11 16.368000 11.462000 25.565001 O
215 11 15.883000 9.259000 25.261999 N
216 11 15.749000 8.270000 24.403000 C
217 11 15.438000 7.072000 24.855000 N
218 11 15.932000 8.458000 23.007999 C
219 11 16.254000 9.694000 22.580999 C
220 12 19.448000 14.907000 21.327000 P
221 12 19.577000 16.382999 21.302999 O
222 12 20.107000 14.034000 20.295000 O
223 12 19.962999 14.422000 22.721001 O
224 12 19.792999 15.208000 23.882000 C
225 12 20.481001 14.559000 25.031000 C
226 12 19.910999 13.255000 25.292000 O
227 12 21.921000 14.265000 24.569000 C
228 12 22.850000 14.268000 25.656000 O
229 12 21.804001 12.858000 24.059000 C
230 12 20.896000 12.320000 25.114000 C
231 12 20.375999 11.000000 24.766001 N
232 12 20.285999 10.361000 23.577999 C
233 12 19.792999 9.171000 23.659000 N
234 12 19.548000 9.027000 25.002001 C
235 12 19.011000 7.951000 25.705999 C
236 12 18.639999 6.900000 25.240000 O
237 12 18.930000 8.197000 27.055000 N
238 12 19.329000 9.358000 27.622999 C
239 12 19.209999 9.486000 28.919001 N
240 12 19.830000 10.376000 26.987000 N
241 12 19.907000 10.134000 25.674999 C
242 13 23.948999 15.442000 25.743999 P
243 13 23.282000 16.771000 25.687000 O
244 13 25.003000 15.106000 24.747999 O
245 13 24.504999 15.146000 27.219000 O
246 13 23.600000 15.360000 28.313000 C
247 13 23.382999 14.216000 29.322001 C
248 13 22.782000 12.994000 28.774000 O
249 13 24.790001 13.779000 29.652000 C
250 13 25.039000 13.343000 30.990999 O
251 13 24.979000 12.576000 28.774000 C
252 13 23.666000 11.894000 28.886000 C
253 13 23.527000 10.880000 27.813000 N
254 13 22.986000 9.649000 28.165001 C
255 13 22.628000 9.404000 29.306999 O
256 13 22.841000 8.682000 27.240000 N
257 13 23.226999 8.941000 25.995001 C
258 13 23.070999 7.990000 25.101000 N
259 13 23.785000 10.186000 25.599001 C
260 13 23.914000 11.130000 26.549999 C
261 14 26.521999 13.817000 31.465000 P
262 14 26.514999 15.271000 31.787001 O
263 14 27.497000 13.256000 30.513000 O
264 14 26.788000 13.003000 32.779999 O
265 14 25.684000 12.578000 33.492001 C
266 14 25.656000 11.118000 33.770000 C
267 14 25.358999 10.304000 32.626999 O
268 14 27.062000 10.709000 34.159000 C
269 14 26.789000 9.737000 35.111000 O
270 14 27.622999 10.182000 32.868999 C
271 14 26.448999 9.425000 32.324001 C
272 14 26.521000 9.216000 30.886999 N
273 14 27.059999 10.066000 29.952999 C
274 14 26.990000 9.626000 28.716999 N
275 14 26.355000 8.399000 28.860001 C
276 14 25.982000 7.449000 27.919001 C
277 14 26.240000 7.644000 26.625999 N
278 14 25.358000 6.336000 28.353001 N
279 14 25.142000 6.235000 29.666000 C
280 14 25.444000 7.055000 30.658001 N
281 14 26.062000 8.139000 30.177999 C
282 15 27.804001 8.972000 35.999001 P
283 15 27.868000 9.689000 37.290001 O
284 15 28.969000 8.665000 35.155998 O
285 15 26.927999 7.696000 36.160999 O
286 15 27.597000 6.527000 36.140999 C
287 15 26.849001 5.488000 35.452999 C
288 15 26.766001 5.632000 34.009998 O
289 15 27.799000 4.370000 35.661999 C
290 15 27.112000 3.169000 35.862999 O
291 15 28.639999 4.353000 34.417999 C
292 15 27.643000 4.671000 33.342999 C
293 15 28.221001 5.344000 32.145000 N
294 15 28.872999 6.553000 32.084999 C
295 15 29.237000 6.894000 30.892000 N
296 15 28.806000 5.841000 30.086000 C
297 15 28.891001 5.599000 28.701000 C
298 15 29.455000 6.460000 27.871000 N
299 15 28.378000 4.470000 28.202999 N
300 15 27.799999 3.629000 29.052000 C
301 15 27.636000 3.717000 30.379999 N
302 15 28.181999 4.885000 30.841999 C
303 16 28.048000 2.147000 36.640999 P
304 16 27.195999 1.167000 37.338001 O
305 16 29.035999 2.926000 37.428001 O
306 16 28.789000 1.346000 35.418999 O
307 16 27.792999 0.689000 34.630001 C
308 16 28.035999 -0.058000 33.313000 C
309 16 28.422001 0.796000 32.198002 O
310 16 29.235001 -0.984000 33.518002 C
311 16 28.969000 -2.161000 32.799999 O
312 16 30.393999 -0.208000 32.919998 C
313 16 29.729000 0.436000 31.747999 C
314 16 30.400000 1.653000 31.226000 N
315 16 30.445000 1.740000 29.827000 C
316 16 29.948000 0.866000 29.094999 O
317 16 31.084999 2.867000 29.308001 N
318 16 31.664000 3.882000 30.052999 C
319 16 32.193001 4.828000 29.499001 O
320 16 31.570000 3.720000 31.485001 C
321 16 32.168999 4.786000 32.382999 C
322 16 30.951000 2.631000 32.025002 C
323 17 29.733000 -3.513000 33.125999 P
324 17 28.862000 -4.703000 33.053001 O
325 17 30.582001 -3.319000 34.319000 O
326 17 30.589001 -3.415000 31.798000 O
327 17 29.787001 -3.591000 30.624001 C
328 17 30.419001 -3.649000 29.226999 C
329 17 31.034000 -2.399000 28.739000 O
330 17 31.556000 -4.612000 29.375000 C
331 17 31.499001 -5.364000 28.200001 O
332 17 32.737999 -3.685000 29.525999 C
333 17 32.432999 -2.542000 28.608000 C
334 17 33.011002 -1.227000 28.969000 N
335 17 33.396000 -0.408000 27.927000 C
336 17 33.284000 -0.723000 26.747999 O
337 17 33.939999 0.824000 28.219000 N
338 17 34.112000 1.255000 29.488001 C
339 17 34.591999 2.353000 29.671000 O
340 17 33.683998 0.337000 30.521000 C
341 17 33.841999 0.723000 31.950001 C
342 17 33.160999 -0.845000 30.246000 C
343 18 32.299000 -6.725000 28.058001 P
344 18 31.500999 -7.653000 27.218000 O
345 18 32.798000 -7.127000 29.410000 O
346 18 33.478001 -6.108000 27.146999 O
347 18 32.992001 -5.676000 25.858000 C
348 18 33.958000 -5.168000 24.782000 C
349 18 34.537998 -3.912000 25.121000 O
350 18 35.105000 -6.169000 24.615000 C
351 18 35.492001 -6.030000 23.254999 O
352 18 36.099998 -5.625000 25.605000 C
353 18 35.912998 -4.148000 25.407000 C
354 18 36.183998 -3.327000 26.566999 N
355 18 35.967999 -3.592000 27.885000 C
356 18 36.320999 -2.618000 28.672001 N
357 18 36.800999 -1.652000 27.788000 C
358 18 37.324001 -0.395000 28.049999 C
359 18 37.452000 0.125000 29.156000 O
360 18 37.695999 0.260000 26.906000 N
361 18 37.577999 -0.242000 25.646999 C
362 18 37.986000 0.521000 24.641001 N
363 18 37.084999 -1.434000 25.372000 N
364 18 36.716999 -2.080000 26.504000 C
365 19 36.271999 -7.166000 22.427000 P
366 19 35.337002 -8.070000 21.718000 O
367 19 37.312000 -7.773000 23.299999 O
368 19 36.933998 -6.135000 21.371000 O
369 19 37.360001 -4.826000 21.888000 C
370 19 38.761002 -4.310000 21.525000 C
371 19 39.191002 -3.340000 22.514999 O
372 19 39.769001 -5.468000 21.521999 C
373 19 40.935001 -5.072000 20.791000 O
374 19 40.101002 -5.489000 22.976000 C
375 19 40.171001 -4.008000 23.275000 C
376 19 40.046001 -3.731000 24.739000 N
377 19 40.320999 -2.453000 25.087000 C
378 19 40.613998 -1.651000 24.215000 O
379 19 40.271000 -2.093000 26.393000 N
380 19 39.956001 -2.977000 27.340000 C
381 19 39.919998 -2.533000 28.604000 N
382 19 39.658001 -4.342000 27.009001 C
383 19 39.716000 -4.668000 25.698999 C
384 20 41.368000 -5.660000 19.354000 P
385 20 40.221001 -5.482000 18.436001 O
386 20 42.037998 -6.982000 19.577000 O
387 20 42.508999 -4.641000 18.930000 O
388 20 42.219002 -3.302000 18.579000 C
389 20 43.310001 -2.308000 18.974001 C
390 20 43.428001 -2.148000 20.416000 O
391 20 44.675999 -2.857000 18.509001 C
392 20 45.433998 -1.663000 18.226999 O
393 20 45.153999 -3.672000 19.746000 C
394 20 44.646999 -2.774000 20.909000 C
395 20 44.244999 -3.459000 22.181999 N
396 20 43.785999 -4.728000 22.448999 C
397 20 43.535999 -4.933000 23.725000 N
398 20 43.855000 -3.714000 24.316000 C
399 20 43.799000 -3.306000 25.670000 C
400 20 43.417000 -3.979000 26.615000 O
401 20 44.223999 -1.990000 25.858999 N
402 20 44.648998 -1.167000 24.840000 C
403 20 45.032001 0.059000 25.105000 N
404 20 44.695999 -1.541000 23.573000 N
405 20 44.285000 -2.827000 23.386999 C
