1290
1 1 44.013 -3.150 8.967 N
2 1 43.478 -1.813 9.026 C
3 1 42.086 -1.909 9.596 C
4 1 41.441 -2.957 9.488 O
5 1 43.462 -1.244 7.602 C
6 1 42.856 0.131 7.504 C
7 1 44.047 1.392 7.959 S
8 1 45.464 0.775 7.064 C
9 2 41.646 -0.818 10.214 N
10 2 40.329 -0.710 10.781 C
11 2 39.926 0.760 10.844 C
12 2 40.732 1.638 10.629 O
13 2 40.212 -1.477 12.139 C
14 2 41.162 -0.946 13.165 C
15 2 41.119 0.248 13.457 O
16 2 42.046 -1.813 13.668 N
17 3 38.689 1.025 11.187 N
18 3 38.158 2.377 11.275 C
19 3 39.013 3.331 12.120 C
20 3 39.211 4.504 11.811 O
21 3 36.653 2.362 11.670 C
22 3 36.014 3.743 11.576 C
23 3 36.402 1.752 13.052 C
24 3 36.194 4.461 10.215 C
25 4 39.498 2.830 13.224 N
26 4 40.266 3.641 14.129 C
27 4 41.566 4.031 13.521 C
28 4 41.990 5.161 13.622 O
29 4 40.508 2.901 15.462 C
30 4 39.248 2.845 16.303 C
31 4 38.866 3.935 17.092 C
32 4 38.418 1.723 16.293 C
33 4 37.724 3.901 17.892 C
34 4 37.254 1.695 17.063 C
35 4 36.912 2.770 17.877 C
36 5 42.232 3.058 12.960 N
37 5 43.523 3.338 12.335 C
38 5 43.342 4.224 11.130 C
39 5 44.153 5.050 10.828 O
40 5 44.110 2.024 11.835 C
41 5 44.531 1.066 12.973 C
42 5 45.155 -0.252 12.524 C
43 5 45.110 -0.678 11.378 O
44 5 45.759 -0.887 13.501 O
45 6 42.244 4.023 10.422 N
46 6 41.973 4.785 9.216 C
47 6 41.756 6.259 9.557 C
48 6 42.314 7.191 8.940 O
49 6 40.692 4.197 8.574 C
50 6 40.240 4.928 7.320 C
51 6 38.490 4.588 6.930 S
52 6 38.391 4.677 5.108 C
53 7 40.898 6.479 10.521 N
54 7 40.617 7.867 10.893 C
55 7 41.832 8.528 11.526 C
56 7 42.041 9.750 11.429 O
57 7 39.417 7.962 11.848 C
58 7 38.082 7.900 11.129 C
59 7 36.952 7.609 12.115 C
60 7 37.821 9.257 10.475 C
61 8 42.626 7.721 12.215 N
62 8 43.787 8.326 12.865 C
63 8 44.730 8.854 11.813 C
64 8 45.415 9.847 12.031 O
65 8 44.481 7.336 13.756 C
66 8 45.875 7.790 14.094 C
67 8 45.931 8.552 15.408 C
68 8 47.283 9.029 15.714 N
69 8 48.053 9.733 14.872 C
70 8 47.670 10.068 13.638 N
71 8 49.264 10.106 15.276 N
72 9 44.742 8.179 10.655 N
73 9 45.597 8.596 9.560 C
74 9 45.066 9.892 8.946 C
75 9 45.779 10.860 8.694 O
76 9 45.705 7.506 8.493 C
77 9 46.750 6.487 8.886 C
78 9 46.038 8.084 7.104 C
79 9 46.574 5.194 8.113 C
80 10 43.778 9.923 8.741 N
81 10 43.104 11.067 8.124 C
82 10 43.037 12.325 8.974 C
83 10 43.061 13.453 8.486 O
84 10 41.688 10.645 7.712 C
85 10 41.695 9.887 6.417 C
86 10 42.617 9.962 5.601 O
87 10 40.651 9.101 6.282 O
88 11 42.913 12.148 10.270 N
89 11 42.762 13.304 11.139 C
90 11 44.026 13.737 11.845 C
91 11 44.113 14.873 12.272 O
92 11 41.704 12.983 12.206 C
93 11 40.344 12.744 11.579 C
94 11 39.644 13.981 11.060 C
95 11 40.271 15.100 11.285 O
96 11 38.586 13.926 10.496 O
97 12 44.935 12.806 12.065 N
98 12 46.145 13.114 12.795 C
99 12 45.845 13.164 14.289 C
100 12 44.733 12.815 14.708 O
101 13 46.845 13.566 15.094 N
102 13 46.676 13.677 16.566 C
103 13 47.346 14.943 17.063 C
104 13 48.511 15.119 16.830 O
105 13 47.334 12.493 17.297 C
106 13 47.449 12.644 18.837 C
107 13 46.075 12.768 19.466 C
108 13 48.096 11.387 19.419 C
109 14 46.601 15.825 17.722 N
110 14 47.116 17.068 18.258 C
111 14 46.617 17.232 19.663 C
112 14 45.435 17.064 19.896 O
113 14 46.821 18.268 17.364 C
114 14 47.650 18.165 16.078 C
115 14 47.555 19.383 15.183 C
116 14 48.391 20.475 15.627 N
117 14 48.417 21.644 15.013 
118 14 47.653 21.888 13.954 N
119 14 49.219 22.599 15.469 
120 15 47.533 17.549 20.574 N
121 15 47.237 17.671 21.981 C
122 15 46.921 19.058 22.439 C
123 15 46.574 19.245 23.601 O
124 15 48.346 17.069 22.863 C
125 15 48.529 15.583 22.577 C
126 15 49.654 15.030 23.417 C
127 15 47.250 14.815 22.839 C
128 16 47.050 20.025 21.562 N
129 16 46.706 21.413 21.922 C
130 16 45.629 21.887 20.986 C
131 16 45.580 21.410 19.865 O
132 16 47.906 22.337 21.829 C
133 16 49.177 21.598 22.206 C
134 16 50.282 22.513 22.709 
135 16 51.664 21.879 22.599 
136 16 52.574 22.580 21.665 
137 17 44.754 22.797 21.437 N
138 17 43.669 23.271 20.577 C
139 17 44.217 23.752 19.235 C
140 17 45.270 24.406 19.191 O
141 17 42.873 24.385 21.254 C
142 17 42.023 23.801 22.380 C
143 17 42.001 25.146 20.236 C
144 17 41.240 24.862 23.140 C
145 18 43.548 23.392 18.149 N
146 18 44.021 23.834 16.849 C
147 18 42.839 24.169 15.996 C
148 18 41.689 23.975 16.412 O
149 18 44.998 22.846 16.145 C
150 18 44.361 21.536 15.769 C
151 18 44.149 20.525 16.707 C
152 18 43.926 21.319 14.458 C
153 18 43.530 19.327 16.335 C
154 18 43.292 20.134 14.071 C
155 18 43.081 19.141 15.023 C
156 18 42.490 17.964 14.646 O
157 19 43.116 24.693 14.806 N
158 19 42.056 25.029 13.851 C
159 19 42.000 23.996 12.729 C
160 19 43.036 23.600 12.172 O
161 19 42.232 26.415 13.285 C
162 19 41.659 27.465 14.201 C
163 19 41.431 28.775 13.473 C
164 19 41.943 29.976 14.259 C
165 19 41.405 31.260 13.777 N
166 20 40.796 23.520 12.404 N
167 20 40.717 22.525 11.373 C
168 20 40.805 23.153 9.989 C
169 20 41.007 24.354 9.904 O
170 20 39.545 21.544 11.545 C
171 20 38.185 22.132 11.276 C
172 20 38.209 23.377 10.970 O
173 20 37.157 21.512 11.379 O
174 21 40.595 22.345 8.937 N
175 21 40.679 22.816 7.544 C
176 21 39.688 23.906 7.243 C
177 21 39.889 24.718 6.332 O
178 21 40.459 21.691 6.519 C
179 21 39.171 21.182 6.716 O
180 21 41.434 20.548 6.773 C
181 22 38.599 23.906 8.010 N
182 22 37.531 24.928 7.869 C
183 22 37.715 26.123 8.792 C
184 22 36.901 27.024 8.749 O
185 22 36.119 24.369 8.059 C
186 22 35.762 23.152 7.169 C
187 22 35.438 23.518 5.743 C
188 22 34.927 24.720 5.641 O
189 22 35.653 22.784 4.790 O
190 23 38.764 26.100 9.630 N
191 23 39.087 27.173 10.576 C
192 23 38.413 27.007 11.935 C
193 23 38.403 27.945 12.697 O
194 24 37.844 25.823 12.236 N
195 24 37.175 25.600 13.538 C
196 24 38.088 24.980 14.543 C
197 24 38.910 24.107 14.217 O
198 24 35.952 24.707 13.482 C
199 24 34.968 25.181 12.487 C
200 24 34.612 26.526 12.452 C
201 24 34.392 24.280 11.590 C
202 24 33.697 26.980 11.501 C
203 24 33.487 24.726 10.631 C
204 24 33.144 26.078 10.591 C
205 24 32.237 26.507 9.669 O
206 25 37.889 25.431 15.777 N
207 25 38.658 24.975 16.911 C
208 25 38.436 23.493 17.145 C
209 25 37.286 23.037 17.318 O
210 25 38.272 25.797 18.158 C
211 25 38.914 27.154 18.109 C
212 25 40.299 27.288 17.985 C
213 25 38.131 28.304 18.150 C
214 25 40.894 28.550 17.949 C
215 25 38.702 29.574 18.092 C
216 25 40.088 29.691 17.996 C
217 25 40.639 30.942 17.968 O
218 26 39.554 22.772 17.188 N
219 26 39.529 21.343 17.324 C
220 26 40.665 20.928 18.227 C
221 26 41.578 21.700 18.450 O
222 26 39.757 20.779 15.880 C
223 26 38.783 21.319 15.012 O
224 26 39.729 19.244 15.751 C
225 27 40.631 19.668 18.658 N
226 27 41.700 19.066 19.475 C
227 27 41.670 17.530 19.292 C
228 27 40.684 16.970 18.811 O
229 27 41.595 19.468 20.981 C
230 27 42.906 19.280 21.799 C
231 27 40.483 18.668 21.633 C
232 27 42.855 20.011 23.120 C
233 28 42.740 16.874 19.656 N
234 28 42.827 15.424 19.644 C
235 28 42.822 14.853 18.256 C
236 28 43.553 15.296 17.391 O
237 29 41.996 13.861 18.065 N
238 29 41.902 13.213 16.784 C
239 29 40.673 13.673 16.034 C
240 29 39.687 12.937 15.893 O
241 29 41.937 11.682 16.900 C
242 29 43.314 11.285 17.430 C
243 29 41.807 11.116 15.486 C
244 29 43.281 10.116 18.398 C
245 30 40.727 14.921 15.576 N
246 30 39.617 15.449 14.827 C
247 30 38.351 15.745 15.628 C
248 30 37.277 15.824 15.065 O
249 31 38.457 15.952 16.932 N
250 31 37.279 16.273 17.749 C
251 31 36.948 17.774 17.675 C
252 31 37.659 18.622 18.281 O
253 31 37.563 15.897 19.254 C
254 31 36.355 16.172 20.090 C
255 31 35.315 15.252 20.192 N
256 31 35.991 17.292 20.823 C
257 31 34.346 15.810 20.924 C
258 31 34.717 17.024 21.344 N
259 32 35.887 18.133 16.937 N
260 32 35.471 19.514 16.798 C
261 32 35.018 20.084 18.128 C
262 32 34.229 19.490 18.837 O
263 32 34.312 19.579 15.822 C
264 32 33.688 20.969 15.769 C
265 32 34.699 21.922 15.187 C
266 32 32.497 20.945 14.832 C
267 33 35.493 21.230 18.522 N
268 33 35.010 21.709 19.814 C
269 33 33.840 22.668 19.658 C
270 33 32.848 22.603 20.385 O
271 33 36.123 22.376 20.671 C
272 33 37.221 21.442 21.144 C
273 33 38.411 22.323 21.496 C
274 33 36.778 20.695 22.417 C
275 34 33.999 23.603 18.731 N
276 34 33.006 24.637 18.465 C
277 34 33.238 25.283 17.106 C
278 34 34.349 25.296 16.589 O
279 34 33.041 25.731 19.584 C
280 34 32.008 26.689 19.419 O
281 34 34.402 26.423 19.665 C
282 35 32.184 25.830 16.531 N
283 35 32.281 26.528 15.266 C
284 35 32.490 28.011 15.525 C
285 35 32.799 28.811 14.647 O
286 35 31.082 26.267 14.381 C
287 35 31.232 24.965 13.602 C
288 35 29.912 24.423 13.091 C
289 35 30.063 23.233 12.154 C
290 35 28.791 22.829 11.522 
291 36 32.344 28.355 16.789 N
292 36 32.528 29.711 17.260 C
293 36 33.962 30.179 17.092 C
294 36 34.945 29.444 17.294 O
295 36 32.081 29.858 18.712 C
296 36 32.724 30.953 19.326 O
297 37 34.067 31.464 16.769 N
298 37 35.325 32.158 16.523 C
299 37 36.145 32.527 17.754 C
300 37 37.244 33.077 17.631 O
301 37 34.939 33.426 15.768 C
302 37 33.460 33.318 15.420 C
303 37 32.910 32.088 16.099 C
304 38 35.618 32.184 18.932 N
305 38 36.249 32.484 20.213 C
306 38 36.984 31.320 20.867 C
307 38 36.385 30.292 21.183 O
308 38 35.218 33.060 21.188 C
309 38 35.773 33.059 22.497 O
310 39 38.272 31.540 21.137 N
311 39 39.118 30.566 21.781 C
312 39 38.634 30.224 23.174 C
313 39 38.821 29.108 23.682 O
314 39 40.575 31.030 21.812 C
315 39 41.484 30.006 22.442 C
316 39 41.337 28.691 21.694 C
317 39 42.913 30.494 22.371 C
318 40 38.016 31.194 23.813 N
319 40 37.514 30.914 25.154 C
320 40 36.349 29.976 25.086 C
321 40 36.268 29.027 25.863 O
322 40 37.150 32.157 25.948 
323 40 38.399 32.930 26.230 C
324 40 39.411 32.372 26.695 
325 40 38.366 34.199 25.834 
326 41 35.459 30.255 24.141 N
327 41 34.340 29.366 23.940 C
328 41 34.869 27.939 23.717 C
329 41 34.283 26.976 24.181 O
330 41 33.504 29.801 22.747 C
331 42 36.003 27.818 23.025 N
332 42 36.635 26.539 22.744 C
333 42 37.230 25.917 23.990 C
334 42 37.124 24.697 24.251 O
335 42 37.737 26.735 21.717 C
336 43 37.877 26.764 24.779 N
337 43 38.470 26.280 26.007 C
338 43 37.369 25.843 26.942 C
339 43 37.465 24.828 27.573 O
340 43 39.351 27.316 26.654 C
341 43 40.690 27.365 25.980 C
342 43 41.398 28.702 26.142 C
343 43 42.913 28.561 26.209 C
344 43 43.472 28.906 27.528 N
345 44 36.278 26.572 26.955 N
346 44 35.159 26.173 27.798 C
347 44 34.542 24.826 27.350 C
348 44 34.238 23.958 28.163 O
349 44 34.163 27.314 28.078 C
350 44 32.856 26.828 28.335 O
351 45 34.420 24.609 26.033 N
352 45 33.882 23.368 25.507 C
353 45 34.831 22.231 25.831 C
354 45 34.413 21.135 26.144 O
355 45 33.703 23.403 23.976 C
356 45 32.469 24.197 23.493 C
357 45 31.207 23.610 24.069 C
358 45 30.917 22.442 23.954 O
359 45 30.468 24.471 24.701 O
360 46 36.129 22.499 25.730 N
361 46 37.119 21.482 26.025 C
362 46 37.031 20.974 27.484 C
363 46 37.039 19.776 27.754 O
364 46 38.554 21.984 25.684 C
365 46 39.636 20.943 25.942 C
366 46 39.342 19.697 25.151 C
367 46 40.975 21.456 25.453 C
368 47 36.989 21.901 28.450 N
369 47 36.970 21.518 29.864 C
370 47 35.758 20.687 30.214 C
371 47 35.814 19.706 30.965 O
372 47 37.088 22.743 30.770 C
373 47 38.437 23.410 30.683 C
374 47 39.458 22.883 30.258 O
375 47 38.380 24.631 31.103 O
376 48 34.650 21.115 29.623 N
377 48 33.405 20.423 29.774 C
378 48 33.471 19.008 29.151 C
379 48 32.969 18.016 29.687 O
380 48 32.328 21.302 29.125 C
381 48 31.082 20.577 28.682 C
382 48 29.912 21.545 28.513 C
383 48 29.836 22.204 27.142 C
384 48 29.219 21.321 26.142 N
385 49 34.145 18.883 28.024 N
386 49 34.281 17.573 27.385 C
387 49 35.176 16.612 28.181 C
388 49 34.927 15.409 28.245 O
389 49 34.768 17.729 25.940 C
390 50 36.226 17.156 28.790 N
391 50 37.233 16.396 29.551 C
392 50 36.903 16.191 31.027 C
393 50 37.273 15.207 31.681 O
394 50 38.566 17.158 29.447 C
395 50 38.917 17.278 27.964 C
396 50 39.663 16.345 30.095 C
397 50 39.035 15.890 27.341 C
398 51 36.227 17.143 31.575 N
399 51 35.876 17.052 32.980 C
400 51 36.963 17.654 33.858 C
401 51 37.201 17.237 34.978 O
402 52 37.638 18.659 33.361 N
403 52 38.680 19.269 34.152 C
404 52 39.143 20.539 33.527 C
405 52 38.778 20.825 32.383 O
406 52 39.843 18.326 34.395 C
407 52 41.005 18.373 33.389 C
408 52 41.934 17.179 33.580 C
409 52 42.861 16.913 32.487 N
410 52 43.741 17.809 32.057 C
411 52 43.815 19.003 32.624 N
412 52 44.551 17.516 31.038 N
413 53 39.921 21.290 34.304 N
414 53 40.493 22.539 33.835 C
415 53 41.747 22.232 33.062 C
416 53 42.774 21.919 33.639 O
417 53 40.752 23.546 34.964 C
418 53 39.783 24.696 34.838 C
419 53 38.605 24.576 35.223 
420 53 40.257 25.781 34.224 N
421 54 41.628 22.255 31.729 N
422 54 42.733 21.857 30.871 C
423 54 43.660 22.950 30.433 C
424 54 44.838 22.690 30.250 O
425 54 42.245 21.154 29.599 C
426 54 41.445 22.053 28.844 O
427 54 41.471 19.896 29.950 C
428 55 43.128 24.135 30.194 N
429 55 43.979 25.175 29.693 C
430 55 44.397 24.851 28.243 
431 55 45.532 25.086 27.826 O
432 55 45.191 25.442 30.632 C
433 55 45.970 26.729 30.332 C
434 55 45.387 27.820 30.110 O
435 55 47.304 26.600 30.341 N
436 56 43.459 24.271 27.482 N
437 56 43.630 23.951 26.053 C
438 56 44.640 22.870 25.707 C
439 56 45.062 22.716 24.553 O
440 57 45.022 22.093 26.701 N
441 57 45.949 21.014 26.444 C
442 57 45.445 19.754 27.078 C
443 57 44.958 19.793 28.192 O
444 57 47.301 21.364 27.011 C
445 57 48.306 20.306 26.600 C
446 57 47.704 22.728 26.456 C
447 58 45.553 18.644 26.360 N
448 58 45.096 17.366 26.868 C
449 58 46.153 16.313 26.723 C
450 58 47.164 16.489 26.052 O
451 58 43.800 16.891 26.208 C
452 58 44.029 16.647 24.695 C
453 58 42.649 17.883 26.458 C
454 58 42.810 16.052 23.988 C
455 59 45.896 15.172 27.337 N
456 59 46.848 14.109 27.228 C
457 59 46.449 13.149 26.110 C
458 59 45.337 13.161 25.613 O
459 59 46.942 13.335 28.572 C
460 59 45.740 12.613 28.753 O
461 59 47.085 14.304 29.732 C
462 60 47.343 12.245 25.781 N
463 60 47.072 11.283 24.733 C
464 60 45.904 10.386 25.082 C
465 60 45.040 10.072 24.255 O
466 60 48.346 10.518 24.381 C
467 60 48.159 9.580 23.202 C
468 60 49.389 9.391 22.327 C
469 60 49.418 8.018 21.653 C
470 60 49.856 8.052 20.245 
471 61 45.882 9.967 26.336 N
472 61 44.815 9.124 26.819 C
473 61 43.466 9.848 26.710 C
474 61 42.457 9.249 26.392 O
475 61 45.065 8.709 28.272 C
476 61 45.725 7.372 28.305 
477 61 46.840 7.359 27.619 O
478 61 45.235 6.389 28.833 
479 62 43.449 11.153 27.021 N
480 62 42.223 11.922 26.943 C
481 62 41.789 12.049 25.451 C
482 62 40.610 11.962 25.128 O
483 62 42.441 13.304 27.562 C
484 62 42.624 13.207 29.087 C
485 62 43.046 14.504 29.706 C
486 62 43.697 15.334 29.117 O
487 62 42.621 14.646 30.933 O
488 63 42.764 12.250 24.532 N
489 63 42.477 12.356 23.089 C
490 63 41.827 11.071 22.569 C
491 63 40.888 11.074 21.780 O
492 63 43.774 12.585 22.321 C
493 64 42.373 9.959 23.010 N
494 64 41.855 8.677 22.616 C
495 64 40.487 8.401 23.174 C
496 64 39.687 7.649 22.598 O
497 64 42.818 7.597 23.060 C
498 64 43.826 7.408 21.940 C
499 64 45.044 6.716 22.401 C
500 64 45.122 6.163 23.486 O
501 64 45.985 6.768 21.500 O
502 65 40.215 8.951 24.333 N
503 65 38.896 8.707 24.924 C
504 65 37.853 9.456 24.116 C
505 65 36.823 8.889 23.733 O
506 65 38.840 9.090 26.380 C
507 65 37.512 8.704 27.015 C
508 65 37.482 8.899 28.525 
509 65 36.335 8.140 29.173 C
510 65 36.019 8.605 30.536 N
511 66 38.170 10.728 23.762 N
512 66 37.261 11.502 22.900 C
513 66 37.088 10.767 21.570 C
514 66 35.997 10.724 20.994 O
515 66 37.799 12.903 22.555 C
516 66 37.881 13.818 23.770 C
517 66 38.290 15.222 23.352 C
518 66 36.541 13.877 24.477 C
519 67 38.167 10.186 21.087 N
520 67 38.132 9.477 19.801 C
521 67 37.176 8.302 19.849 C
522 67 36.334 8.120 18.982 O
523 67 39.550 9.042 19.416 C
524 67 39.725 8.489 18.001 C
525 67 38.953 8.956 16.932 C
526 67 40.691 7.513 17.755 C
527 67 39.090 8.466 15.634 C
528 67 40.890 7.049 16.454 C
529 67 40.067 7.497 15.416 C
530 68 37.283 7.497 20.888 N
531 68 36.375 6.358 21.049 C
532 68 34.916 6.798 21.125 C
533 68 33.964 6.214 20.563 O
534 68 36.730 5.591 22.323 C
535 68 37.908 4.636 22.197 C
536 68 37.895 3.736 21.364 O
537 68 38.907 4.791 23.070 N
538 69 34.700 7.853 21.854 N
539 69 33.351 8.339 21.954 C
540 69 32.845 8.820 20.605 C
541 69 31.698 8.594 20.246 O
542 69 33.247 9.513 22.947 C
543 69 33.565 9.031 24.360 C
544 69 33.678 10.179 25.361 C
545 69 33.835 9.947 26.540 O
546 69 33.615 11.422 24.902 N
547 70 33.702 9.524 19.860 N
548 70 33.287 10.055 18.564 C
549 70 32.994 8.982 17.518 C
550 70 32.077 9.117 16.720 O
551 70 34.267 11.091 17.990 C
552 70 34.317 12.361 18.808 C
553 70 33.504 12.699 19.605 O
554 70 35.393 13.021 18.656 O
555 71 33.784 7.906 17.513 N
556 71 33.527 6.840 16.556 C
557 71 32.207 6.154 16.892 C
558 71 31.326 5.952 16.055 O
559 71 34.696 5.846 16.554 C
560 71 34.350 4.653 15.640 C
561 71 35.962 6.572 16.046 C
562 72 32.046 5.839 18.163 N
563 72 30.786 5.216 18.610 C
564 72 29.587 6.091 18.235 C
565 72 28.562 5.651 17.713 O
566 72 30.917 4.898 20.118 C
567 72 29.780 4.111 20.726 C
568 72 29.368 3.089 20.010 O
569 72 29.313 4.398 21.791 O
570 73 29.679 7.382 18.474 N
571 73 28.552 8.227 18.122 C
572 73 28.309 8.216 16.632 C
573 73 27.176 8.275 16.188 O
574 73 28.803 9.684 18.520 C
575 74 29.385 8.198 15.844 N
576 74 29.193 8.204 14.408 C
577 74 28.425 6.951 14.002 C
578 74 27.425 7.048 13.314 O
579 74 30.494 8.357 13.632 C
580 75 28.888 5.783 14.446 N
581 75 28.156 4.561 14.109 C
582 75 26.699 4.647 14.542 C
583 75 25.774 4.401 13.748 O
584 75 28.818 3.359 14.736 C
585 75 27.982 2.090 14.465 C
586 75 30.208 3.251 14.131 C
587 76 26.483 5.071 15.800 N
588 76 25.145 5.166 16.326 C
589 76 24.273 6.127 15.557 C
590 76 23.098 5.890 15.283 O
591 76 25.103 5.290 17.850 C
592 76 25.196 3.888 18.484 C
593 76 25.193 3.868 20.020 C
594 76 26.322 4.600 20.620 
595 76 26.273 5.881 21.043 
596 76 25.170 6.623 20.964 
597 76 27.363 6.458 21.564 N
598 77 24.876 7.206 15.146 N
599 77 24.158 8.183 14.363 C
600 77 23.751 7.603 13.024 C
601 77 22.668 7.809 12.553 O
602 78 24.635 6.870 12.384 N
603 78 24.314 6.215 11.115 C
604 78 23.109 5.258 11.288 C
605 78 22.148 5.248 10.513 O
606 78 25.529 5.400 10.636 C
607 78 26.557 6.306 9.968 C
608 78 25.102 4.320 9.642 C
609 78 27.928 5.636 9.817 C
610 79 23.150 4.443 12.342 N
611 79 22.096 3.449 12.557 C
612 79 20.749 3.994 12.883 C
613 79 19.774 3.286 12.755 O
614 79 22.453 2.309 13.515 C
615 79 23.755 1.635 13.141 C
616 79 24.282 0.853 14.337 C
617 79 23.567 0.670 11.962 C
618 80 20.704 5.230 13.346 N
619 80 19.435 5.827 13.679 C
620 80 18.962 6.710 12.532 C
621 80 17.883 7.266 12.583 O
622 80 19.498 6.638 14.995 C
623 80 19.861 5.802 16.225 C
624 80 19.946 6.618 17.521 
625 80 21.226 7.312 17.668 
626 80 21.375 8.622 17.889 
627 80 20.339 9.457 18.024 
628 80 22.609 9.112 17.982 N
629 81 19.778 6.854 11.493 N
630 81 19.409 7.710 10.386 C
631 81 18.741 6.959 9.248 C
632 81 19.323 6.041 8.675 O
633 81 20.604 8.554 9.925 C
634 81 20.187 9.546 8.877 C
635 81 19.695 9.175 7.812 O
636 81 20.340 10.813 9.197 N
637 82 17.496 7.343 8.932 N
638 82 16.761 6.686 7.869 C
639 82 17.428 6.767 6.512 C
640 82 17.207 5.924 5.656 O
641 82 15.352 7.251 7.747 C
642 83 18.210 7.805 6.263 N
643 83 18.832 7.884 4.951 C
644 83 20.135 7.124 4.922 C
645 83 20.559 6.606 3.897 O
646 83 19.004 9.312 4.449 C
647 83 17.712 9.965 3.967 C
648 83 17.128 10.994 4.937 
649 83 18.170 11.835 5.677 
650 83 17.778 13.241 5.924 
651 84 20.760 7.020 6.080 N
652 84 22.040 6.353 6.139 C
653 84 21.985 4.879 6.429 C
654 84 22.778 4.113 5.906 O
655 84 22.991 7.029 7.137 C
656 84 23.193 8.511 6.823 C
657 84 23.963 9.127 7.970 C
658 84 23.964 8.656 5.496 C
659 85 21.124 4.508 7.331 N
660 85 21.052 3.127 7.725 C
661 85 20.978 2.120 6.596 C
662 85 21.663 1.135 6.566 O
663 85 19.917 2.903 8.676 C
664 85 20.047 1.516 9.280 C
665 85 19.058 1.267 10.401 C
666 85 19.400 0.019 11.191 C
667 85 19.185 -1.200 10.410 N
668 86 20.112 2.353 5.671 N
669 86 19.959 1.413 4.607 C
670 86 21.217 1.200 3.812 C
671 86 21.564 0.066 3.464 O
672 86 18.813 1.911 3.743 C
673 86 18.352 3.231 4.333 C
674 86 19.239 3.533 5.519 C
675 87 21.936 2.287 3.559 N
676 87 23.189 2.178 2.794 C
677 87 24.199 1.339 3.538 C
678 87 24.834 0.441 3.008 O
679 87 23.802 3.557 2.515 C
680 88 24.383 1.716 4.779 N
681 88 25.320 1.056 5.652 C
682 88 25.048 -0.433 5.694 C
683 88 25.939 -1.273 5.564 O
684 88 25.128 1.661 7.061 C
685 88 26.165 1.221 8.058 C
686 88 27.428 1.811 8.095 C
687 88 25.876 0.180 8.936 C
688 88 28.373 1.401 9.038 C
689 88 26.822 -0.269 9.854 C
690 88 28.061 0.371 9.928 C
691 88 28.988 -0.047 10.849 O
692 89 23.777 -0.764 5.872 N
693 89 23.417 -2.171 5.980 C
694 89 23.769 -2.931 4.754 C
695 89 24.089 -4.111 4.795 O
696 89 21.932 -2.371 6.245 C
697 89 21.533 -2.173 7.692 C
698 89 22.532 -2.119 8.519 O
699 89 20.394 -2.061 8.041 O
700 90 23.698 -2.255 3.635 N
701 90 23.947 -2.946 2.391 C
702 90 25.412 -3.177 2.081 C
703 90 25.767 -3.978 1.226 O
704 90 23.286 -2.149 1.306 C
705 90 24.135 -1.055 0.985 O
706 91 26.305 -2.483 2.768 N
707 91 27.717 -2.592 2.429 C
708 91 28.535 -3.652 3.134 C
709 91 28.166 -4.080 4.226 O
710 91 28.354 -1.210 2.719 C
711 91 27.849 -0.053 1.828 C
712 91 28.189 1.283 2.489 C
713 91 28.542 -0.101 0.477 C
714 92 29.698 -4.005 2.544 N
715 92 30.669 -4.915 3.173 C
716 92 31.430 -4.153 4.277 C
717 92 31.308 -2.930 4.406 O
718 92 31.746 -5.429 2.199 C
719 92 32.433 -4.294 1.470 C
720 92 31.690 -3.824 0.487 O
721 92 33.514 -3.818 1.809 O
722 93 32.224 -4.865 5.080 N
723 93 32.915 -4.250 6.184 C
724 93 33.879 -3.121 5.836 C
725 93 33.956 -2.141 6.561 O
726 93 33.486 -5.268 7.185 C
727 94 34.616 -3.243 4.737 N
728 94 35.508 -2.189 4.380 C
729 94 34.764 -0.928 3.957 C
730 94 35.089 0.167 4.356 O
731 94 36.517 -2.635 3.342 C
732 94 37.477 -1.487 3.026 C
733 94 37.303 -3.793 3.920 C
734 95 33.750 -1.057 3.130 N
735 95 33.025 0.126 2.682 C
736 95 32.283 0.789 3.802 C
737 95 32.120 1.993 3.791 O
738 95 32.116 -0.171 1.469 C
739 95 32.935 -0.547 0.243 C
740 95 32.048 -0.860 -0.959 C
741 95 32.756 -1.019 -2.217 N
742 95 33.150 -2.198 -2.714 C
743 95 32.976 -3.337 -2.026 N
744 95 33.775 -2.230 -3.905 N
745 96 31.793 0.032 4.777 N
746 96 31.120 0.638 5.956 C
747 96 32.094 1.615 6.631 C
748 96 31.721 2.695 7.076 O
749 96 30.725 -0.438 6.993 C
750 96 29.560 -1.285 6.507 C
751 96 29.000 -2.301 7.528 C
752 96 27.831 -3.017 6.972 N
753 96 27.288 -4.143 7.435 C
754 96 27.776 -4.723 8.507 N
755 96 26.233 -4.705 6.804 N
756 97 33.368 1.213 6.676 N
757 97 34.383 2.058 7.273 C
758 97 34.460 3.350 6.499 C
759 97 34.574 4.421 7.087 O
760 97 35.749 1.386 7.296 C
761 98 34.348 3.273 5.178 N
762 98 34.388 4.520 4.419 C
763 98 33.227 5.420 4.778 C
764 98 33.348 6.635 4.874 O
765 98 34.408 4.296 2.905 C
766 99 32.073 4.834 4.970 N
767 99 30.908 5.674 5.293 C
768 99 31.062 6.244 6.699 C
769 99 30.694 7.370 6.960 O
770 99 29.655 4.766 5.209 C
771 99 28.308 5.448 5.420 C
772 99 28.059 6.464 4.332 C
773 99 27.207 4.394 5.351 C
774 100 31.600 5.468 7.650 N
775 100 31.758 6.042 8.987 C
776 100 32.710 7.255 8.916 C
777 100 32.507 8.307 9.500 O
778 100 32.302 4.974 9.919 C
779 100 31.282 3.824 10.088 C
780 100 32.670 5.582 11.248 C
781 100 31.814 2.620 10.883 C
782 101 33.774 7.115 8.148 N
783 101 34.751 8.193 7.982 C
784 101 34.090 9.466 7.513 C
785 101 34.322 10.552 8.049 O
786 101 35.818 7.744 6.949 C
787 101 37.027 8.647 6.883 C
788 101 36.862 9.858 6.751 O
789 101 38.228 8.089 6.995 N
790 102 33.233 9.342 6.512 N
791 102 32.585 10.550 5.990 C
792 102 31.703 11.183 7.066 C
793 102 31.612 12.419 7.209 O
794 102 31.693 10.208 4.772 C
795 102 32.422 10.047 3.442 C
796 102 31.245 9.624 2.118 S
797 102 30.581 11.268 1.774 C
798 103 30.989 10.318 7.820 N
799 103 30.097 10.814 8.885 C
800 103 30.922 11.463 9.980 C
801 103 30.558 12.469 10.539 O
802 103 29.136 9.763 9.459 C
803 103 28.378 10.272 10.675 C
804 103 28.110 9.331 8.430 C
805 104 32.053 10.886 10.279 N
806 104 32.906 11.452 11.309 C
807 104 33.348 12.844 10.900 C
808 104 33.378 13.769 11.678 O
809 104 34.157 10.544 11.434 C
810 104 35.062 10.919 12.581 C
811 104 36.055 11.884 12.418 C
812 104 34.985 10.249 13.802 C
813 104 36.910 12.215 13.479 C
814 104 35.857 10.533 14.851 C
815 104 36.809 11.541 14.697 C
816 105 33.665 13.013 9.643 N
817 105 34.144 14.299 9.153 C
818 105 33.076 15.356 8.966 C
819 105 33.277 16.497 9.355 O
820 105 35.002 14.141 7.860 C
821 105 35.416 15.472 7.188 C
822 105 36.131 15.302 5.844 C
823 105 36.132 14.228 5.253 O
824 105 36.730 16.375 5.337 N
825 106 31.965 15.004 8.325 N
826 106 30.936 16.001 7.988 C
827 106 29.624 15.927 8.694 C
828 106 28.748 16.735 8.414 O
829 106 30.725 16.189 6.466 C
830 106 30.628 14.963 5.605 C
831 106 30.782 15.434 3.863 S
832 106 32.156 14.362 3.424 C
833 107 29.481 14.969 9.600 N
834 107 28.244 14.842 10.333 C
835 107 27.196 14.164 9.484 C
836 107 27.223 14.150 8.257 O
837 108 26.273 13.585 10.200 N
838 108 25.211 12.793 9.636 C
839 108 24.366 13.534 8.630 C
840 108 23.877 12.988 7.632 O
841 108 24.447 12.121 10.797 C
842 108 22.978 11.794 10.551 C
843 108 22.376 11.436 11.870 C
844 108 23.295 11.409 12.808 O
845 108 21.188 11.210 12.050 O
846 109 24.212 14.811 8.877 N
847 109 23.410 15.613 7.987 C
848 109 24.101 15.805 6.659 C
849 109 23.497 15.686 5.580 O
850 109 23.061 16.981 8.628 C
851 109 22.701 16.799 9.974 O
852 109 21.890 17.630 7.902 C
853 110 25.388 16.120 6.773 N
854 110 26.204 16.334 5.620 C
855 110 26.106 15.116 4.743 C
856 110 25.740 15.232 3.588 O
857 111 26.422 13.944 5.308 N
858 111 26.391 12.748 4.512 C
859 111 25.020 12.396 3.959 C
860 111 24.901 11.988 2.809 O
861 111 27.023 11.591 5.239 C
862 111 27.093 10.381 4.291 C
863 111 28.397 12.048 5.702 C
864 112 23.991 12.550 4.780 N
865 112 22.634 12.256 4.367 C
866 112 22.245 13.025 3.106 C
867 112 21.347 12.623 2.361 O
868 112 21.679 12.542 5.523 C
869 113 22.960 14.123 2.838 N
870 113 22.739 14.955 1.631 C
871 113 23.296 14.384 0.304 C
872 113 23.045 14.882 -0.802 O
873 114 24.138 13.369 0.413 N
874 114 24.720 12.715 -0.730 C
875 114 23.716 11.679 -1.228 C
876 114 24.040 10.530 -1.480 O
877 114 26.053 12.084 -0.336 C
878 114 27.204 13.058 -0.250 C
879 114 27.256 14.026 0.748 C
880 114 28.241 13.027 -1.185 C
881 114 28.315 14.928 0.823 C
882 114 29.319 13.911 -1.122 C
883 114 29.358 14.854 -0.096 C
884 115 22.482 12.124 -1.369 N
885 115 21.392 11.269 -1.816 C
886 115 21.698 10.382 -2.990 C
887 115 21.503 9.184 -2.959 O
888 115 20.153 12.078 -2.177 C
889 115 19.757 12.783 -1.040 O
890 115 19.065 11.087 -2.558 C
891 116 22.138 10.985 -4.061 N
892 116 22.464 10.208 -5.233 C
893 116 23.619 9.193 -5.039 C
894 116 23.562 8.054 -5.529 O
895 116 22.690 11.122 -6.485 C
896 116 21.489 12.011 -6.787 C
897 116 20.327 11.600 -6.616 O
898 116 21.752 13.230 -7.247 N
899 117 24.716 9.602 -4.398 N
900 117 25.815 8.665 -4.209 C
901 117 25.392 7.491 -3.350 C
902 117 25.773 6.341 -3.611 O
903 117 27.025 9.319 -3.597 C
904 117 27.150 10.626 -4.079 O
905 118 24.555 7.777 -2.330 N
906 118 24.061 6.721 -1.439 C
907 118 23.289 5.655 -2.211 C
908 118 23.359 4.442 -1.986 O
909 118 23.178 7.294 -0.289 C
910 118 23.969 8.201 0.673 C
911 118 23.039 8.958 1.637 C
912 118 24.960 7.368 1.485 C
913 119 22.522 6.134 -3.148 N
914 119 21.696 5.234 -3.933 C
915 119 22.570 4.360 -4.785 C
916 119 22.351 3.161 -4.892 O
917 119 20.694 6.010 -4.782 C
918 119 19.998 5.208 -5.880 C
919 119 19.269 6.110 -6.909 C
920 119 20.088 7.272 -7.355 
921 119 20.142 7.765 -8.605 
922 119 19.441 7.237 -9.620 
923 119 20.930 8.823 -8.847 N
924 120 23.599 4.987 -5.353 N
925 120 24.498 4.225 -6.181 C
926 120 25.271 3.272 -5.332 C
927 120 25.576 2.166 -5.752 O
928 120 25.481 5.083 -6.998 C
929 120 24.879 5.691 -8.251 C
930 120 25.870 7.109 -8.753 S
931 120 24.616 8.137 -9.553 C
932 121 25.603 3.678 -4.130 N
933 121 26.337 2.727 -3.333 C
934 121 25.431 1.520 -3.018 C
935 121 25.843 0.370 -3.063 O
936 121 26.883 3.344 -2.053 C
937 121 27.996 4.350 -2.329 C
938 121 28.175 5.241 -1.101 C
939 121 29.295 3.604 -2.551 C
940 122 24.190 1.775 -2.658 N
941 122 23.323 0.656 -2.361 C
942 122 23.169 -0.265 -3.555 C
943 122 22.975 -1.467 -3.390 O
944 122 21.931 1.131 -1.965 C
945 122 22.024 1.870 -0.657 C
946 122 20.695 2.433 -0.278 C
947 122 19.712 1.680 -0.183 O
948 122 20.665 3.757 -0.100 N
949 123 23.247 0.306 -4.770 N
950 123 23.086 -0.513 -5.954 C
951 123 24.354 -1.199 -6.295 C
952 123 24.354 -2.003 -7.197 O
953 123 22.621 0.276 -7.171 C
954 123 21.196 0.786 -7.000 C
955 123 20.805 1.731 -8.118 C
956 123 19.867 1.470 -8.858 O
957 123 21.551 2.817 -8.263 N
958 124 25.431 -0.872 -5.583 N
959 124 26.716 -1.493 -5.866 C
960 124 27.310 -1.111 -7.222 C
961 124 28.023 -1.902 -7.859 O
962 124 26.715 -3.013 -5.669 C
963 124 26.099 -3.425 -4.330 C
964 124 26.706 -4.703 -3.772 C
965 124 26.126 -5.118 -2.423 C
966 124 26.595 -4.264 -1.372 N
967 125 27.087 0.142 -7.631 N
968 125 27.681 0.663 -8.853 C
969 125 28.881 1.465 -8.415 C
970 125 28.819 2.692 -8.295 O
971 125 26.676 1.557 -9.562 C
972 125 25.386 0.860 -9.989 C
973 125 24.418 1.904 -10.574 C
974 125 23.516 1.426 -11.602 N
975 125 22.674 0.418 -11.434 
976 125 22.599 -0.261 -10.290 
977 125 21.885 0.072 -12.446 N
978 126 29.970 0.757 -8.101 N
979 126 31.179 1.372 -7.545 C
980 126 31.811 2.541 -8.314 C
981 126 32.102 3.611 -7.756 O
982 126 32.190 0.311 -7.089 C
983 126 31.546 -0.842 -6.334 C
984 126 31.718 -2.163 -6.623 C
985 126 30.764 -0.809 -5.114 C
986 126 31.060 -2.938 -5.725 N
987 126 30.477 -2.143 -4.776 C
988 126 30.288 0.202 -4.271 C
989 126 29.750 -2.476 -3.625 C
990 126 29.527 -0.131 -3.164 C
991 126 29.267 -1.461 -2.838 C
992 127 32.029 2.338 -9.604 N
993 127 32.625 3.365 -10.409 C
994 127 31.744 4.563 -10.557 C
995 127 32.222 5.675 -10.476 O
996 127 33.148 2.799 -11.727 C
997 127 34.260 1.793 -11.465 C
998 127 34.409 1.184 -10.426 O
999 127 35.054 1.657 -12.483 O
1000 128 30.432 4.348 -10.712 N
1001 128 29.550 5.479 -10.844 C
1002 128 29.458 6.251 -9.567 C
1003 128 29.405 7.471 -9.562 O
1004 128 28.152 5.071 -11.309 C
1005 128 28.226 4.389 -12.676 C
1006 128 27.083 3.451 -12.917 
1007 128 25.907 4.015 -12.731 O
1008 128 27.249 2.296 -13.256 O
1009 129 29.418 5.538 -8.462 N
1010 129 29.326 6.243 -7.177 C
1011 129 30.581 7.099 -6.909 C
1012 129 30.499 8.214 -6.381 O
1013 129 29.037 5.246 -6.057 C
1014 130 31.738 6.581 -7.303 N
1015 130 33.000 7.280 -7.118 C
1016 130 33.026 8.581 -7.911 C
1017 130 33.484 9.607 -7.441 O
1018 130 34.153 6.390 -7.526 C
1019 131 32.528 8.547 -9.140 N
1020 131 32.462 9.764 -9.929 C
1021 131 31.526 10.774 -9.255 C
1022 131 31.844 11.943 -9.117 O
1023 131 31.935 9.460 -11.344 C
1024 131 31.608 10.754 -12.054 C
1025 131 33.000 8.692 -12.112 C
1026 132 30.343 10.323 -8.829 N
1027 132 29.374 11.224 -8.191 C
1028 132 29.909 11.777 -6.871 C
1029 132 29.728 12.921 -6.515 O
1030 132 28.043 10.480 -7.956 C
1031 132 26.906 11.382 -7.549 C
1032 132 26.599 11.553 -6.353 O
1033 132 26.328 12.062 -8.539 N
1034 133 30.600 10.967 -6.107 N
1035 133 31.118 11.481 -4.830 C
1036 133 32.095 12.624 -5.076 C
1037 133 32.185 13.546 -4.302 O
1038 133 31.852 10.350 -4.027 C
1039 133 30.904 9.310 -3.408 C
1040 133 31.675 8.045 -2.970 C
1041 133 30.233 9.917 -2.193 C
1042 134 32.854 12.536 -6.166 N
1043 134 33.858 13.541 -6.489 C
1044 134 33.276 14.901 -6.828 C
1045 134 33.962 15.910 -6.762 O
1046 134 34.873 13.012 -7.519 C
1047 135 32.002 14.950 -7.214 N
1048 135 31.387 16.237 -7.557 C
1049 135 30.749 16.827 -6.307 C
1050 135 29.518 16.793 -6.154 O
1051 135 30.294 16.086 -8.614 C
1052 135 30.752 15.349 -9.856 C
1053 135 29.696 15.467 -10.938 C
1054 135 29.828 14.456 -12.059 C
1055 135 28.570 14.295 -12.812 
1056 136 31.596 17.354 -5.412 N
1057 136 31.158 17.884 -4.145 C
1058 136 32.167 18.885 -3.607 C
1059 136 33.348 18.862 -3.936 O
1060 136 31.074 16.711 -3.147 C
1061 136 32.360 16.047 -3.022 O
1062 137 31.671 19.766 -2.786 N
1063 137 32.535 20.691 -2.118 C
1064 137 33.562 19.869 -1.356 C
1065 137 34.750 20.179 -1.322 O
1066 137 31.713 21.464 -1.083 C
1067 137 32.578 22.509 -0.365 C
1068 137 31.856 23.346 0.682 C
1069 137 32.684 24.451 1.176 N
1070 137 33.512 24.331 2.222 C
1071 137 33.630 23.181 2.892 N
1072 137 34.246 25.375 2.613 N
1073 138 33.069 18.791 -0.720 N
1074 138 33.907 17.875 0.050 C
1075 138 35.180 17.495 -0.711 C
1076 138 36.299 17.613 -0.192 O
1077 138 33.147 16.566 0.385 C
1078 138 33.973 15.446 1.016 C
1079 138 34.659 15.485 2.216 C
1080 138 34.056 14.070 0.552 C
1081 138 35.227 14.242 2.496 N
1082 138 34.829 13.343 1.493 C
1083 138 33.521 13.406 -0.542 C
1084 138 35.102 11.981 1.324 C
1085 138 33.798 12.066 -0.688 C
1086 138 34.584 11.365 0.229 C
1087 139 35.008 17.059 -1.970 N
1088 139 36.170 16.642 -2.765 C
1089 139 37.070 17.824 -3.143 C
1090 139 38.302 17.728 -3.182 O
1091 139 35.679 15.966 -4.017 C
1092 139 36.764 15.533 -4.932 C
1093 139 37.332 14.269 -4.779 C
1094 139 37.176 16.342 -5.991 C
1095 139 38.312 13.814 -5.661 C
1096 139 38.174 15.909 -6.865 C
1097 139 38.740 14.644 -6.697 C
1098 139 39.713 14.214 -7.556 O
1099 140 36.439 18.952 -3.439 N
1100 140 37.219 20.116 -3.827 C
1101 140 38.010 20.724 -2.670 C
1102 140 39.099 21.213 -2.869 O
1103 140 36.328 21.161 -4.512 C
1104 140 35.935 20.682 -5.884 C
1105 140 34.794 20.272 -6.096 O
1106 140 36.909 20.627 -6.785 N
1107 141 37.451 20.688 -1.455 N
1108 141 38.113 21.260 -0.288 C
1109 141 39.195 20.379 0.314 C
1110 141 40.254 20.886 0.686 O
1111 141 37.130 21.734 0.794 C
1112 141 36.145 22.760 0.210 C
1113 141 36.814 24.030 -0.246 C
1114 141 36.516 24.575 -1.319 O
1115 141 37.721 24.507 0.578 N
1116 142 38.925 19.069 0.452 N
1117 142 39.906 18.121 0.992 C
1118 142 40.017 16.972 0.017 C
1119 142 39.565 15.866 0.277 O
1120 142 39.498 17.561 2.388 C
1121 142 38.136 17.148 2.338 O
1122 142 39.573 18.669 3.435 C
1123 143 40.673 17.256 -1.078 N
1124 143 40.839 16.309 -2.156 C
1125 143 41.661 15.061 -1.807 C
1126 143 41.371 13.953 -2.244 O
1127 143 41.506 17.088 -3.296 C
1128 143 42.052 18.378 -2.702 C
1129 143 41.361 18.554 -1.342 C
1130 144 42.732 15.199 -1.027 N
1131 144 43.514 14.003 -0.793 C
1132 144 42.776 12.998 0.073 C
1133 144 42.831 11.808 -0.132 O
1134 144 44.910 14.326 -0.196 C
1135 144 45.857 14.890 -1.229 C
1136 144 45.845 14.489 -2.395 O
1137 144 46.710 15.799 -0.806 N
1138 145 42.128 13.476 1.105 N
1139 145 41.431 12.562 1.959 C
1140 145 40.210 12.042 1.231 C
1141 145 39.863 10.868 1.317 O
1142 145 40.960 13.291 3.194 C
1143 145 39.894 12.486 3.917 C
1144 145 39.458 13.183 5.171 C
1145 145 38.769 12.312 6.110 N
1146 145 38.629 12.738 7.349 C
1147 145 39.110 13.928 7.686 N
1148 145 37.968 12.020 8.241 N
1149 146 39.515 12.950 0.535 N
1150 146 38.348 12.492 -0.217 C
1151 146 38.768 11.389 -1.186 C
1152 146 38.111 10.349 -1.307 O
1153 146 37.747 13.627 -1.037 C
1154 147 39.893 11.573 -1.879 N
1155 147 40.356 10.522 -2.802 C
1156 147 40.572 9.199 -2.097 C
1157 147 40.314 8.119 -2.672 O
1158 147 41.624 10.873 -3.565 C
1159 147 41.413 12.047 -4.489 C
1160 147 42.652 12.414 -5.299 C
1161 147 42.295 13.390 -6.416 C
1162 147 42.763 14.761 -6.176 
1163 148 41.055 9.253 -0.847 N
1164 148 41.286 7.988 -0.158 C
1165 148 39.989 7.269 0.152 C
1166 148 39.871 6.033 0.044 O
1167 148 42.091 8.145 1.109 C
1168 148 43.550 8.510 0.862 C
1169 148 44.358 8.387 2.137 C
1170 148 44.021 9.446 3.095 N
1171 148 44.618 10.636 3.124 C
1172 148 45.586 10.875 2.248 N
1173 148 44.287 11.585 4.001 N
1174 149 39.019 8.051 0.608 N
1175 149 37.714 7.504 0.983 C
1176 149 37.000 6.942 -0.249 C
1177 149 36.469 5.824 -0.240 O
1178 149 36.893 8.566 1.713 C
1179 149 35.502 8.042 2.051 C
1180 149 37.612 8.934 3.025 C
1181 150 37.059 7.726 -1.335 N
1182 150 36.469 7.314 -2.618 C
1183 150 37.060 6.001 -3.146 C
1184 150 36.369 5.087 -3.602 O
1185 150 36.560 8.443 -3.665 C
1186 150 35.534 9.495 -3.289 C
1187 150 36.207 7.865 -5.034 C
1188 150 35.687 10.804 -4.017 C
1189 151 38.378 5.899 -3.085 N
1190 151 39.052 4.695 -3.542 C
1191 151 38.591 3.516 -2.748 C
1192 151 38.520 2.420 -3.270 O
1193 151 40.570 4.838 -3.430 C
1194 151 40.941 5.813 -4.370 O
1195 151 41.298 3.535 -3.765 C
1196 152 38.330 3.757 -1.459 N
1197 152 37.883 2.700 -0.540 C
1198 152 36.496 2.216 -0.970 C
1199 152 36.201 1.016 -1.010 O
1200 152 37.948 3.180 0.951 C
1201 152 39.287 3.562 1.217 O
1202 152 37.648 2.022 1.906 C
1203 153 35.634 3.170 -1.319 N
1204 153 34.299 2.814 -1.772 C
1205 153 34.355 2.110 -3.125 C
1206 153 33.583 1.211 -3.430 O
1207 153 33.481 4.109 -1.977 C
1208 153 32.772 4.591 -0.744 C
1209 153 31.963 3.728 -0.004 C
1210 153 32.842 5.924 -0.345 C
1211 153 31.248 4.193 1.107 C
1212 153 32.166 6.396 0.781 C
1213 153 31.337 5.529 1.493 C
1214 154 35.273 2.555 -3.975 N
1215 154 35.387 1.990 -5.309 C
1216 154 35.886 0.575 -5.324 C
1217 154 35.324 -0.249 -6.050 O
1218 154 36.282 2.834 -6.211 C
1219 154 35.973 2.649 -7.690 C
1220 154 36.866 3.499 -8.597 C
1221 154 38.193 3.745 -8.058 N
1222 154 39.212 2.913 -8.243 
1223 154 39.071 1.784 -8.938 N
1224 154 40.398 3.213 -7.711 N
1225 155 36.968 0.327 -4.551 N
1226 155 37.602 -0.970 -4.541 C
1227 155 37.205 -1.894 -3.439 C
1228 155 37.489 -3.055 -3.553 O
1229 155 39.134 -0.907 -4.463 C
1230 155 39.497 -0.375 -3.204 O
1231 155 39.684 -0.067 -5.575 C
1232 156 36.674 -1.406 -2.340 N
1233 156 36.376 -2.312 -1.252 C
1234 156 37.645 -2.874 -0.588 C
1235 156 37.606 -3.921 0.062 O
1236 157 38.788 -2.187 -0.740 N
1237 157 40.038 -2.614 -0.100 C
1238 157 40.633 -1.431 0.658 C
1239 157 40.188 -0.320 0.517 O
1240 157 41.104 -2.997 -1.140 C
1241 157 41.519 -1.802 -1.791 O
1242 157 40.556 -4.016 -2.138 C
1243 158 41.698 -1.658 1.400 N
1244 158 42.358 -0.605 2.156 C
1245 158 43.565 -0.063 1.420 C
1246 158 44.407 0.605 1.996 O
1247 158 42.909 -1.237 3.450 C
1248 158 41.848 -1.664 4.412 C
1249 158 41.584 -2.938 4.778 C
1250 158 40.924 -0.830 5.144 C
1251 158 40.563 -2.960 5.693 N
1252 158 40.137 -1.689 5.942 C
1253 158 40.730 0.532 5.241 C
1254 158 39.144 -1.231 6.797 C
1255 158 39.761 0.982 6.103 C
1256 158 38.961 0.117 6.867 C
1257 159 43.676 -0.374 0.156 N
1258 159 44.847 0.028 -0.575 C
1259 159 45.276 1.471 -0.476 C
1260 159 46.458 1.745 -0.465 O
1261 159 44.732 -0.362 -2.050 C
1262 159 44.702 -1.861 -2.279 C
1263 159 45.055 -2.570 -1.246 O
1264 159 44.361 -2.355 -3.328 O
1265 160 44.319 2.381 -0.355 N
1266 160 44.631 3.814 -0.304 C
1267 160 45.287 4.194 0.990 C
1268 160 45.804 5.276 1.134 O
1269 160 43.366 4.661 -0.517 C
1270 161 45.204 3.315 1.964 N
1271 161 45.735 3.617 3.273 C
1272 161 46.976 2.811 3.569 C
1273 161 47.589 3.007 4.604 O
1274 161 44.700 3.344 4.370 C
1275 161 43.629 4.387 4.371 C
1276 161 42.521 4.214 3.558 C
1277 161 43.757 5.545 5.137 C
1278 161 41.523 5.187 3.544 C
1279 161 42.786 6.546 5.132 C
1280 161 41.680 6.347 4.304 C
1281 161 40.705 7.288 4.256 O
1282 162 47.337 1.906 2.667 N
1283 162 48.531 1.099 2.853 C
1284 162 49.686 1.741 2.102 C
1285 162 50.726 2.065 2.680 O
1286 162 48.342 -0.358 2.453 C
1287 162 47.287 -1.078 3.291 C
1288 162 47.006 -2.518 2.838 
1289 162 46.389 -2.641 1.438 
1290 162 45.345 -3.689 1.324 N
