1308
1 1 43.697 -3.237 9.285 N
2 1 43.109 -1.906 9.283 C
3 1 41.669 -1.940 9.745 C
4 1 40.961 -2.929 9.564 O
5 1 43.205 -1.281 7.873 C
6 1 42.499 0.040 7.816 C
7 1 43.691 1.346 7.999 S
8 1 44.943 0.509 7.020 C
9 2 41.256 -0.845 10.369 N
10 2 39.907 -0.676 10.860 C
11 2 39.564 0.823 10.903 C
12 2 40.394 1.683 10.630 O
13 2 39.693 -1.349 12.265 C
14 2 40.610 -0.829 13.341 C
15 2 40.580 0.382 13.643 O
16 2 41.460 -1.722 13.852 N
17 3 38.310 1.086 11.253 N
18 3 37.802 2.452 11.311 C
19 3 38.651 3.376 12.178 C
20 3 38.886 4.548 11.854 O
21 3 36.314 2.500 11.652 C
22 3 35.762 3.917 11.489 C
23 3 36.034 1.927 13.060 C
24 3 36.029 4.559 10.102 C
25 4 39.149 2.833 13.300 N
26 4 39.943 3.662 14.208 C
27 4 41.248 4.051 13.590 C
28 4 41.632 5.201 13.597 O
29 4 40.180 2.993 15.569 C
30 4 38.904 2.912 16.381 C
31 4 38.491 3.958 17.215 C
32 4 38.133 1.753 16.322 C
33 4 37.323 3.827 17.975 C
34 4 36.949 1.628 17.054 C
35 4 36.562 2.659 17.910 C
36 5 41.951 3.068 13.054 N
37 5 43.209 3.371 12.395 C
38 5 42.958 4.239 11.187 C
39 5 43.742 5.089 10.870 O
40 5 43.809 2.116 11.807 C
41 5 44.225 1.075 12.849 C
42 5 45.014 -0.006 12.164 C
43 5 45.704 0.160 11.163 
44 5 44.965 -1.108 12.829 O
45 6 41.876 3.963 10.493 N
46 6 41.604 4.703 9.307 C
47 6 41.397 6.160 9.641 C
48 6 41.919 7.076 8.994 O
49 6 40.345 4.124 8.692 C
50 6 39.994 4.864 7.421 C
51 6 38.272 4.600 6.949 S
52 6 38.260 4.677 5.132 C
53 7 40.595 6.433 10.642 N
54 7 40.387 7.833 10.934 C
55 7 41.590 8.456 11.613 C
56 7 41.791 9.648 11.570 O
57 7 39.195 7.978 11.873 C
58 7 37.880 7.889 11.145 C
59 7 36.781 7.624 12.164 C
60 7 37.602 9.202 10.436 C
61 8 42.397 7.639 12.288 N
62 8 43.561 8.193 12.951 C
63 8 44.518 8.698 11.901 C
64 8 45.193 9.703 12.107 O
65 8 44.217 7.211 13.902 C
66 8 45.595 7.678 14.316 C
67 8 45.616 8.620 15.521 C
68 8 46.966 9.042 15.909 N
69 8 47.867 9.650 15.105 
70 8 47.630 9.936 13.818 N
71 8 49.063 9.987 15.602 
72 9 44.492 8.035 10.736 N
73 9 45.278 8.468 9.595 C
74 9 44.758 9.770 8.988 C
75 9 45.528 10.713 8.730 O
76 9 45.442 7.364 8.534 C
77 9 46.457 6.342 9.050 C
78 9 45.915 7.942 7.204 C
79 9 46.242 5.005 8.375 C
80 10 43.440 9.823 8.784 N
81 10 42.793 10.946 8.178 C
82 10 42.755 12.205 9.023 C
83 10 42.747 13.305 8.497 O
84 10 41.383 10.598 7.685 C
85 10 41.457 9.780 6.429 C
86 10 42.421 9.820 5.679 O
87 10 40.455 8.962 6.283 O
88 11 42.700 12.011 10.323 N
89 11 42.535 13.122 11.238 C
90 11 43.781 13.573 11.949 C
91 11 43.812 14.716 12.416 O
92 11 41.472 12.792 12.288 C
93 11 40.125 12.630 11.622 C
94 11 39.549 13.912 11.085 C
95 11 40.028 15.030 11.239 O
96 11 38.431 13.701 10.501 O
97 12 44.745 12.667 12.118 N
98 12 45.958 12.970 12.889 C
99 12 45.613 13.008 14.383 C
100 12 44.493 12.654 14.781 O
101 13 46.571 13.422 15.200 N
102 13 46.326 13.563 16.650 C
103 13 47.038 14.805 17.150 C
104 13 48.236 14.933 16.937 O
105 13 46.756 12.306 17.416 C
106 13 47.008 12.489 18.929 C
107 13 45.684 12.641 19.612 C
108 13 47.630 11.207 19.469 C
109 14 46.280 15.736 17.738 N
110 14 46.828 16.979 18.283 C
111 14 46.322 17.122 19.682 C
112 14 45.136 16.901 19.913 O
113 14 46.517 18.191 17.441 C
114 14 46.922 17.937 15.981 C
115 14 47.370 19.181 15.220 C
116 14 47.897 20.220 16.113 
117 14 48.113 21.472 15.712 
118 14 47.850 21.823 14.428 N
119 14 48.598 22.370 16.603 
120 15 47.246 17.387 20.599 N
121 15 46.912 17.447 22.012 C
122 15 46.629 18.856 22.496 C
123 15 46.264 19.050 23.638 O
124 15 47.995 16.786 22.860 C
125 15 48.131 15.294 22.536 C
126 15 49.127 14.706 23.504 C
127 15 46.808 14.533 22.699 C
128 16 46.755 19.847 21.615 N
129 16 46.443 21.230 21.974 C
130 16 45.377 21.707 21.013 C
131 16 45.334 21.212 19.875 O
132 16 47.706 22.121 21.873 C
133 16 47.402 23.615 21.862 
134 16 47.535 24.303 23.227 
135 16 46.211 24.801 23.831 
136 16 45.820 26.182 23.461 
137 17 44.497 22.624 21.461 N
138 17 43.473 23.119 20.555 C
139 17 44.066 23.596 19.234 C
140 17 45.100 24.290 19.211 O
141 17 42.706 24.259 21.151 C
142 17 41.957 23.721 22.340 C
143 17 41.719 24.893 20.133 C
144 17 41.128 24.840 22.973 C
145 18 43.380 23.249 18.130 N
146 18 43.854 23.652 16.819 C
147 18 42.676 23.965 15.961 C
148 18 41.535 23.700 16.353 O
149 18 44.772 22.555 16.192 C
150 18 44.067 21.238 15.842 C
151 18 43.935 20.213 16.782 C
152 18 43.532 21.052 14.557 C
153 18 43.266 19.039 16.421 C
154 18 42.900 19.870 14.160 C
155 18 42.768 18.865 15.123 C
156 18 42.203 17.664 14.780 O
157 19 42.963 24.560 14.793 N
158 19 41.936 24.878 13.825 C
159 19 41.954 23.811 12.726 C
160 19 43.029 23.462 12.182 O
161 19 42.071 26.242 13.226 C
162 19 41.809 27.368 14.172 C
163 19 41.185 28.537 13.441 C
164 19 41.485 29.908 14.049 C
165 19 40.365 30.843 13.872 
166 20 40.755 23.277 12.390 N
167 20 40.673 22.253 11.368 C
168 20 40.772 22.905 9.978 C
169 20 40.939 24.116 9.874 O
170 20 39.405 21.429 11.557 C
171 20 38.157 22.177 11.224 C
172 20 38.134 23.253 10.757 O
173 20 37.080 21.497 11.368 O
174 21 40.533 22.128 8.916 N
175 21 40.580 22.636 7.521 C
176 21 39.634 23.793 7.229 C
177 21 39.908 24.567 6.324 O
178 21 40.433 21.506 6.489 C
179 21 39.126 20.959 6.594 O
180 21 41.416 20.387 6.856 C
181 22 38.517 23.883 7.987 N
182 22 37.491 24.938 7.863 C
183 22 37.710 26.102 8.808 C
184 22 36.943 27.042 8.747 O
185 22 36.035 24.463 8.058 C
186 22 35.630 23.194 7.287 C
187 22 35.392 23.525 5.855 C
188 22 34.992 24.630 5.525 O
189 22 35.813 22.588 5.025 O
190 23 38.764 26.002 9.654 N
191 23 39.170 26.990 10.663 C
192 23 38.381 26.851 11.963 C
193 23 38.240 27.813 12.692 O
194 24 37.836 25.671 12.250 N
195 24 37.083 25.493 13.495 C
196 24 37.929 24.852 14.545 C
197 24 38.711 23.960 14.246 O
198 24 35.940 24.552 13.323 C
199 24 34.967 25.049 12.331 C
200 24 34.545 26.371 12.355 C
201 24 34.428 24.154 11.412 C
202 24 33.582 26.787 11.437 C
203 24 33.482 24.566 10.476 C
204 24 33.062 25.896 10.495 C
205 24 32.089 26.308 9.606 O
206 25 37.724 25.273 15.786 N
207 25 38.504 24.770 16.890 C
208 25 38.217 23.301 17.145 C
209 25 37.060 22.905 17.316 O
210 25 38.150 25.550 18.168 C
211 25 38.708 26.913 18.113 C
212 25 40.079 27.082 17.919 C
213 25 37.859 28.016 18.154 C
214 25 40.626 28.367 17.882 C
215 25 38.380 29.304 18.067 C
216 25 39.765 29.469 17.954 C
217 25 40.286 30.744 17.890 O
218 26 39.298 22.582 17.200 N
219 26 39.282 21.169 17.314 C
220 26 40.378 20.724 18.263 C
221 26 41.311 21.435 18.528 O
222 26 39.596 20.651 15.852 C
223 26 38.658 21.202 14.973 O
224 26 39.585 19.126 15.669 C
225 27 40.324 19.467 18.675 N
226 27 41.386 18.904 19.481 C
227 27 41.403 17.379 19.265 C
228 27 40.411 16.782 18.840 O
229 27 41.195 19.231 21.002 C
230 27 42.457 18.914 21.853 C
231 27 39.972 18.453 21.493 C
232 27 42.810 19.938 22.904 C
233 28 42.527 16.771 19.614 N
234 28 42.639 15.342 19.597 C
235 28 42.655 14.786 18.207 C
236 28 43.391 15.242 17.350 O
237 29 41.832 13.787 18.027 N
238 29 41.724 13.149 16.753 C
239 29 40.489 13.635 16.051 C
240 29 39.468 12.940 16.012 O
241 29 41.704 11.641 16.895 C
242 29 43.064 11.190 17.458 C
243 29 41.492 11.041 15.498 C
244 29 42.970 10.001 18.408 C
245 30 40.589 14.866 15.535 N
246 30 39.499 15.464 14.819 C
247 30 38.246 15.728 15.659 C
248 30 37.136 15.743 15.123 O
249 31 38.399 15.940 16.971 N
250 31 37.235 16.221 17.786 C
251 31 36.839 17.705 17.716 C
252 31 37.491 18.557 18.326 O
253 31 37.512 15.839 19.276 C
254 31 36.282 16.124 20.092 C
255 31 35.252 15.205 20.193 N
256 31 35.913 17.225 20.818 C
257 31 34.246 15.770 20.848 C
258 31 34.630 16.971 21.278 N
259 32 35.753 18.028 16.981 N
260 32 35.313 19.391 16.825 C
261 32 34.832 19.976 18.135 C
262 32 34.019 19.398 18.851 O
263 32 34.270 19.562 15.697 C
264 32 33.645 20.969 15.680 C
265 32 34.616 21.990 15.104 C
266 32 32.350 20.959 14.909 C
267 33 35.340 21.134 18.510 N
268 33 34.887 21.664 19.775 C
269 33 33.726 22.593 19.564 C
270 33 32.735 22.545 20.274 O
271 33 36.045 22.381 20.507 C
272 33 37.090 21.409 21.023 C
273 33 38.346 22.187 21.404 C
274 33 36.536 20.682 22.248 C
275 34 33.895 23.467 18.594 N
276 34 32.886 24.467 18.318 C
277 34 33.210 25.128 16.998 C
278 34 34.391 25.214 16.613 O
279 34 32.931 25.574 19.449 C
280 34 31.899 26.511 19.301 O
281 34 34.256 26.337 19.544 C
282 35 32.144 25.682 16.415 N
283 35 32.208 26.438 15.187 C
284 35 32.352 27.927 15.483 C
285 35 32.618 28.743 14.611 O
286 35 31.031 26.147 14.290 C
287 35 31.103 24.758 13.641 C
288 35 29.795 24.277 13.001 C
289 35 29.983 23.435 11.733 
290 35 28.718 22.935 11.149 
291 36 32.230 28.251 16.760 N
292 36 32.449 29.598 17.258 C
293 36 33.906 29.984 17.092 C
294 36 34.852 29.199 17.263 O
295 36 32.004 29.808 18.714 C
296 36 32.574 30.980 19.278 O
297 37 34.047 31.268 16.795 N
298 37 35.301 31.956 16.548 C
299 37 36.080 32.278 17.805 C
300 37 37.245 32.683 17.740 O
301 37 34.912 33.278 15.869 C
302 37 33.409 33.243 15.635 C
303 37 32.894 31.892 16.103 C
304 38 35.414 32.076 18.945 N
305 38 35.999 32.366 20.239 C
306 38 36.803 31.215 20.812 C
307 38 36.312 30.105 21.000 O
308 38 34.971 32.863 21.263 C
309 38 35.662 33.151 22.474 O
310 39 38.038 31.506 21.147 N
311 39 38.869 30.486 21.718 C
312 39 38.443 30.140 23.121 C
313 39 38.685 29.057 23.609 O
314 39 40.327 30.905 21.691 C
315 39 41.221 29.874 22.334 C
316 39 41.186 28.549 21.573 C
317 39 42.607 30.436 22.282 C
318 40 37.754 31.068 23.742 N
319 40 37.230 30.867 25.071 C
320 40 36.133 29.883 25.030 C
321 40 36.094 28.998 25.858 O
322 40 36.642 32.147 25.663 C
323 40 37.806 33.038 25.915 
324 40 38.793 32.530 26.490 O
325 40 37.814 34.198 25.235 
326 41 35.225 30.098 24.086 N
327 41 34.156 29.161 23.935 C
328 41 34.733 27.770 23.701 C
329 41 34.251 26.802 24.249 O
330 41 33.225 29.590 22.834 C
331 42 35.802 27.662 22.919 N
332 42 36.417 26.376 22.657 C
333 42 37.012 25.751 23.906 C
334 42 36.887 24.547 24.117 O
335 42 37.456 26.475 21.540 C
336 43 37.695 26.563 24.734 N
337 43 38.320 26.084 25.974 C
338 43 37.232 25.648 26.937 C
339 43 37.319 24.628 27.606 O
340 43 39.149 27.135 26.700 C
341 43 40.579 27.222 26.216 C
342 43 41.133 28.645 26.180 C
343 43 42.661 28.698 26.216 C
344 43 43.238 28.729 27.572 
345 44 36.139 26.379 26.876 N
346 44 35.005 26.011 27.700 C
347 44 34.446 24.639 27.335 C
348 44 34.197 23.768 28.179 O
349 44 33.910 27.075 27.658 C
350 44 32.831 26.693 28.490 O
351 45 34.182 24.480 26.050 N
352 45 33.670 23.234 25.549 C
353 45 34.652 22.130 25.841 C
354 45 34.264 21.036 26.179 O
355 45 33.522 23.328 24.024 C
356 45 32.294 24.155 23.624 C
357 45 30.988 23.560 24.137 C
358 45 30.678 22.407 23.932 O
359 45 30.154 24.424 24.698 O
360 46 35.956 22.386 25.701 N
361 46 36.910 21.330 26.003 C
362 46 36.820 20.826 27.480 C
363 46 36.844 19.637 27.795 O
364 46 38.329 21.845 25.717 C
365 46 39.417 20.828 25.974 C
366 46 39.153 19.591 25.139 C
367 46 40.768 21.447 25.547 C
368 47 36.803 21.766 28.437 N
369 47 36.799 21.399 29.838 C
370 47 35.606 20.602 30.179 C
371 47 35.710 19.666 30.944 O
372 47 36.881 22.652 30.709 C
373 47 38.222 23.389 30.605 C
374 47 39.287 22.918 30.154 O
375 47 38.088 24.603 31.012 O
376 48 34.473 21.053 29.625 N
377 48 33.206 20.398 29.776 C
378 48 33.270 18.980 29.182 C
379 48 32.767 18.040 29.752 O
380 48 32.157 21.249 29.087 C
381 48 30.878 20.542 28.742 C
382 48 29.755 21.546 28.504 C
383 48 29.759 22.155 27.116 C
384 48 29.286 21.218 26.103 N
385 49 33.934 18.772 28.042 N
386 49 34.027 17.416 27.456 C
387 49 34.928 16.466 28.245 C
388 49 34.640 15.281 28.329 O
389 49 34.529 17.498 25.999 C
390 50 36.033 17.022 28.744 N
391 50 37.040 16.315 29.489 C
392 50 36.647 16.169 30.944 C
393 50 36.973 15.217 31.609 O
394 50 38.382 17.062 29.391 C
395 50 38.858 17.052 27.942 C
396 50 39.411 16.303 30.215 C
397 50 38.625 15.689 27.270 C
398 51 35.947 17.130 31.471 N
399 51 35.621 17.019 32.878 C
400 51 36.665 17.662 33.779 C
401 51 36.752 17.400 34.971 O
402 52 37.498 18.523 33.247 N
403 52 38.441 19.187 34.113 C
404 52 38.888 20.420 33.450 C
405 52 38.585 20.603 32.262 O
406 52 39.647 18.352 34.496 C
407 52 40.679 18.239 33.383 C
408 52 41.419 16.927 33.491 C
409 52 42.431 16.750 32.480 N
410 52 43.247 17.700 32.051 C
411 52 43.255 18.927 32.558 N
412 52 44.097 17.394 31.080 N
413 53 39.577 21.238 34.244 N
414 53 40.157 22.478 33.760 C
415 53 41.386 22.103 32.979 C
416 53 42.370 21.618 33.553 O
417 53 40.542 23.388 34.935 C
418 53 39.816 24.695 34.856 C
419 53 38.641 24.772 35.263 
420 53 40.465 25.667 34.201 N
421 54 41.266 22.140 31.648 N
422 54 42.344 21.655 30.820 C
423 54 43.348 22.724 30.453 C
424 54 44.498 22.394 30.149 O
425 54 41.842 20.995 29.509 C
426 54 41.215 22.015 28.727 O
427 54 40.858 19.871 29.837 C
428 55 42.871 23.971 30.334 N
429 55 43.739 24.999 29.851 
430 55 44.091 24.739 28.380 C
431 55 45.161 25.137 27.900 O
432 55 45.004 25.130 30.722 C
433 55 45.704 26.472 30.561 
434 55 45.065 27.505 30.237 O
435 55 47.022 26.452 30.796 N
436 56 43.188 24.067 27.647 N
437 56 43.385 23.826 26.207 C
438 56 44.386 22.754 25.823 C
439 56 44.719 22.587 24.657 O
440 57 44.843 22.000 26.789 N
441 57 45.743 20.911 26.526 C
442 57 45.155 19.625 27.128 C
443 57 44.550 19.667 28.200 O
444 57 47.102 21.193 27.149 C
445 57 48.080 20.100 26.794 C
446 57 47.608 22.539 26.667 C
447 58 45.289 18.483 26.430 N
448 58 44.778 17.208 26.931 C
449 58 45.844 16.160 26.811 C
450 58 46.845 16.368 26.129 O
451 58 43.525 16.722 26.210 C
452 58 43.772 16.503 24.699 C
453 58 42.384 17.686 26.482 C
454 58 42.539 15.908 24.037 C
455 59 45.614 15.026 27.454 N
456 59 46.545 13.971 27.329 C
457 59 46.058 13.050 26.196 C
458 59 44.924 13.114 25.731 O
459 59 46.645 13.156 28.639 C
460 59 45.447 12.402 28.737 O
461 59 46.775 14.061 29.858 C
462 60 46.943 12.140 25.824 N
463 60 46.734 11.153 24.796 C
464 60 45.608 10.248 25.142 C
465 60 44.754 9.948 24.315 O
466 60 47.996 10.348 24.534 C
467 60 47.861 9.494 23.292 C
468 60 49.172 8.875 22.857 
469 60 49.145 7.354 22.904 
470 60 49.517 6.727 21.621 
471 61 45.552 9.898 26.416 N
472 61 44.483 9.059 26.830 C
473 61 43.156 9.776 26.732 C
474 61 42.153 9.192 26.389 O
475 61 44.735 8.533 28.234 C
476 61 45.552 7.260 28.153 C
477 61 45.345 6.356 27.351 
478 61 46.569 7.273 28.963 
479 62 43.134 11.044 27.085 N
480 62 41.912 11.822 27.015 C
481 62 41.493 11.975 25.564 C
482 62 40.345 11.800 25.237 O
483 62 42.222 13.181 27.561 C
484 62 42.184 13.186 29.103 C
485 62 42.692 14.452 29.711 C
486 62 43.349 15.257 29.111 O
487 62 42.282 14.626 30.931 O
488 63 42.457 12.222 24.685 N
489 63 42.155 12.285 23.260 C
490 63 41.533 10.995 22.742 C
491 63 40.613 11.048 21.904 O
492 63 43.407 12.554 22.443 C
493 64 42.125 9.851 23.124 N
494 64 41.614 8.566 22.687 C
495 64 40.226 8.268 23.237 C
496 64 39.413 7.617 22.574 O
497 64 42.600 7.478 23.099 C
498 64 43.452 7.070 21.908 C
499 64 44.800 6.640 22.375 C
500 64 45.030 6.254 23.528 O
501 64 45.694 6.797 21.429 O
502 65 39.919 8.795 24.409 N
503 65 38.604 8.594 24.930 C
504 65 37.605 9.387 24.131 C
505 65 36.532 8.881 23.847 O
506 65 38.468 8.942 26.404 C
507 65 37.172 8.398 26.982 C
508 65 37.111 8.554 28.501 C
509 65 35.970 7.809 29.198 C
510 65 35.856 8.216 30.618 N
511 66 37.927 10.645 23.812 N
512 66 37.031 11.457 22.976 C
513 66 36.805 10.729 21.639 C
514 66 35.673 10.680 21.108 O
515 66 37.603 12.858 22.616 C
516 66 37.657 13.796 23.824 C
517 66 38.111 15.174 23.376 C
518 66 36.266 13.914 24.416 C
519 67 37.909 10.198 21.104 N
520 67 37.854 9.449 19.864 C
521 67 36.902 8.260 19.904 C
522 67 36.023 8.139 19.056 O
523 67 39.271 9.144 19.430 C
524 67 39.375 8.487 18.067 C
525 67 38.649 8.966 16.974 C
526 67 40.280 7.440 17.886 C
527 67 38.819 8.420 15.701 C
528 67 40.476 6.877 16.625 C
529 67 39.707 7.348 15.561 C
530 68 37.015 7.410 20.915 N
531 68 36.112 6.273 21.022 C
532 68 34.685 6.741 21.072 C
533 68 33.767 6.196 20.473 O
534 68 36.388 5.539 22.357 C
535 68 37.428 4.464 22.202 C
536 68 37.130 3.429 21.614 O
537 68 38.607 4.676 22.774 N
538 69 34.467 7.800 21.854 N
539 69 33.114 8.288 21.973 C
540 69 32.575 8.788 20.648 C
541 69 31.389 8.665 20.342 O
542 69 32.971 9.476 22.954 C
543 69 33.311 9.035 24.374 C
544 69 33.369 10.187 25.372 C
545 69 33.464 9.900 26.564 O
546 69 33.328 11.458 24.932 N
547 70 33.443 9.498 19.936 N
548 70 33.078 10.054 18.636 C
549 70 32.784 8.999 17.583 C
550 70 31.902 9.219 16.810 O
551 70 34.137 11.015 18.082 C
552 70 34.126 12.273 18.888 C
553 70 33.234 12.609 19.631 O
554 70 35.206 12.927 18.759 O
555 71 33.547 7.904 17.557 N
556 71 33.314 6.836 16.617 C
557 71 32.002 6.218 16.926 C
558 71 31.146 6.008 16.055 O
559 71 34.440 5.815 16.577 C
560 71 34.107 4.682 15.598 C
561 71 35.701 6.499 16.086 C
562 72 31.839 5.953 18.201 N
563 72 30.600 5.384 18.636 C
564 72 29.399 6.212 18.215 C
565 72 28.392 5.743 17.684 O
566 72 30.695 5.221 20.134 C
567 72 30.102 3.930 20.502 C
568 72 30.010 3.009 19.719 O
569 72 29.477 4.018 21.621 O
570 73 29.497 7.482 18.455 N
571 73 28.411 8.359 18.100 C
572 73 28.093 8.329 16.597 C
573 73 26.934 8.422 16.142 O
574 73 28.779 9.783 18.556 C
575 74 29.146 8.266 15.801 N
576 74 28.978 8.268 14.341 C
577 74 28.191 7.038 13.922 C
578 74 27.261 7.120 13.124 O
579 74 30.285 8.283 13.589 C
580 75 28.606 5.907 14.463 N
581 75 27.930 4.669 14.141 C
582 75 26.478 4.750 14.556 C
583 75 25.566 4.412 13.798 O
584 75 28.656 3.511 14.780 C
585 75 27.976 2.210 14.346 C
586 75 30.049 3.565 14.157 C
587 76 26.287 5.226 15.770 N
588 76 24.974 5.345 16.281 C
589 76 24.099 6.279 15.475 C
590 76 22.924 5.996 15.217 O
591 76 24.922 5.495 17.803 C
592 76 24.213 4.282 18.383 C
593 76 25.205 3.174 18.713 C
594 76 26.316 3.602 19.589 
595 76 26.359 4.690 20.407 
596 76 25.361 5.569 20.564 
597 76 27.462 4.924 21.110 
598 77 24.685 7.347 14.984 N
599 77 23.983 8.311 14.127 C
600 77 23.528 7.682 12.815 C
601 77 22.443 7.922 12.318 O
602 78 24.405 6.915 12.205 N
603 78 24.081 6.194 10.991 C
604 78 22.898 5.246 11.238 C
605 78 21.951 5.201 10.459 O
606 78 25.291 5.356 10.532 C
607 78 26.349 6.240 9.870 C
608 78 24.895 4.226 9.567 C
609 78 27.680 5.529 9.626 C
610 79 22.969 4.456 12.334 N
611 79 21.960 3.460 12.593 C
612 79 20.627 4.048 12.819 C
613 79 19.616 3.440 12.526 O
614 79 22.375 2.560 13.748 C
615 79 23.640 1.795 13.364 C
616 79 24.133 0.966 14.529 C
617 79 23.408 0.881 12.158 C
618 80 20.635 5.243 13.352 N
619 80 19.397 5.939 13.648 C
620 80 18.895 6.734 12.468 C
621 80 17.810 7.278 12.515 O
622 80 19.561 6.919 14.823 C
623 80 20.149 6.311 16.111 
624 80 19.904 7.189 17.357 
625 80 20.981 8.156 17.690 
626 80 21.318 9.302 17.024 
627 80 20.707 9.747 15.901 
628 80 22.338 10.022 17.507 
629 81 19.699 6.874 11.436 N
630 81 19.292 7.688 10.305 C
631 81 18.613 6.858 9.218 C
632 81 19.169 5.911 8.667 O
633 81 20.465 8.550 9.795 C
634 81 20.039 9.518 8.730 C
635 81 19.651 9.103 7.651 O
636 81 20.269 10.798 8.950 N
637 82 17.377 7.222 8.916 N
638 82 16.595 6.502 7.926 C
639 82 17.202 6.487 6.517 C
640 82 16.944 5.580 5.716 O
641 82 15.171 7.033 7.862 C
642 83 17.995 7.496 6.187 N
643 83 18.608 7.526 4.892 C
644 83 19.922 6.758 4.891 C
645 83 20.337 6.184 3.887 O
646 83 18.825 8.952 4.408 C
647 83 17.657 9.515 3.608 C
648 83 16.836 10.523 4.397 
649 83 17.673 11.597 5.099 
650 83 17.950 12.792 4.272 
651 84 20.566 6.740 6.030 N
652 84 21.871 6.117 6.103 C
653 84 21.843 4.652 6.417 C
654 84 22.655 3.893 5.935 O
655 84 22.806 6.861 7.087 C
656 84 22.970 8.333 6.748 C
657 84 23.862 8.989 7.792 C
658 84 23.565 8.491 5.352 C
659 85 20.975 4.291 7.320 N
660 85 20.946 2.928 7.759 C
661 85 20.877 1.864 6.687 C
662 85 21.590 0.873 6.718 O
663 85 19.911 2.700 8.816 C
664 85 20.050 1.329 9.424 C
665 85 18.902 1.087 10.383 C
666 85 18.592 -0.389 10.594 C
667 85 19.802 -1.170 10.905 N
668 86 19.995 2.033 5.740 N
669 86 19.831 1.035 4.740 C
670 86 21.058 0.931 3.888 C
671 86 21.422 -0.156 3.465 O
672 86 18.645 1.467 3.882 C
673 86 18.065 2.701 4.528 C
674 86 18.992 3.104 5.646 C
675 87 21.768 2.050 3.710 N
676 87 22.976 2.014 2.919 C
677 87 24.020 1.234 3.621 C
678 87 24.628 0.311 3.107 O
679 87 23.475 3.433 2.551 C
680 87 24.758 3.368 1.676 C
681 87 22.347 4.151 1.809 C
682 88 24.196 1.634 4.855 N
683 88 25.172 1.037 5.723 C
684 88 24.986 -0.482 5.854 C
685 88 25.941 -1.279 5.772 O
686 88 25.017 1.791 7.066 C
687 88 25.969 1.289 8.100 C
688 88 27.279 1.758 8.115 C
689 88 25.551 0.301 8.986 C
690 88 28.138 1.349 9.137 C
691 88 26.438 -0.201 9.933 C
692 88 27.704 0.374 10.037 C
693 88 28.655 -0.055 10.920 O
694 89 23.741 -0.905 6.014 N
695 89 23.421 -2.333 6.131 C
696 89 23.707 -3.087 4.888 C
697 89 24.044 -4.240 4.967 O
698 89 21.953 -2.523 6.455 C
699 89 21.698 -2.223 7.922 C
700 89 22.573 -2.079 8.742 O
701 89 20.443 -2.185 8.233 O
702 90 23.602 -2.412 3.739 N
703 90 23.884 -3.072 2.471 C
704 90 25.353 -3.267 2.124 C
705 90 25.719 -4.047 1.227 O
706 90 23.175 -2.339 1.356 C
707 90 23.935 -1.225 0.988 O
708 91 26.240 -2.567 2.825 N
709 91 27.642 -2.588 2.534 C
710 91 28.398 -3.662 3.257 C
711 91 27.993 -4.110 4.336 O
712 91 28.269 -1.236 2.950 C
713 91 27.720 0.000 2.177 C
714 91 28.207 1.301 2.829 C
715 91 28.210 -0.051 0.721 C
716 92 29.532 -4.016 2.674 N
717 92 30.514 -4.904 3.272 C
718 92 31.292 -4.135 4.359 C
719 92 31.173 -2.909 4.492 O
720 92 31.489 -5.421 2.222 C
721 92 32.215 -4.300 1.539 C
722 92 31.492 -3.817 0.541 O
723 92 33.273 -3.803 1.945 O
724 93 32.117 -4.831 5.127 N
725 93 32.812 -4.232 6.233 C
726 93 33.733 -3.095 5.891 C
727 93 33.704 -2.092 6.623 O
728 93 33.431 -5.269 7.166 C
729 94 34.491 -3.213 4.786 N
730 94 35.370 -2.160 4.406 C
731 94 34.620 -0.901 4.041 C
732 94 34.957 0.223 4.427 O
733 94 36.325 -2.593 3.336 C
734 94 37.358 -1.504 3.074 C
735 94 37.023 -3.806 3.907 C
736 95 33.599 -1.070 3.231 N
737 95 32.878 0.110 2.755 C
738 95 32.137 0.790 3.859 C
739 95 31.951 1.998 3.884 O
740 95 31.996 -0.190 1.530 C
741 95 32.794 -0.589 0.299 C
742 95 31.877 -0.868 -0.908 C
743 95 32.627 -1.099 -2.116 N
744 95 33.005 -2.279 -2.586 C
745 95 32.722 -3.420 -1.971 N
746 95 33.664 -2.275 -3.763 N
747 96 31.668 0.000 4.812 N
748 96 30.993 0.592 5.974 C
749 96 31.923 1.554 6.692 C
750 96 31.478 2.589 7.164 O
751 96 30.692 -0.517 6.948 C
752 96 29.406 -1.224 6.568 C
753 96 29.020 -2.342 7.511 C
754 96 27.784 -2.873 7.065 N
755 96 27.304 -3.981 7.523 C
756 96 27.973 -4.627 8.447 N
757 96 26.162 -4.470 6.989 N
758 97 33.196 1.168 6.780 N
759 97 34.207 2.016 7.402 C
760 97 34.304 3.296 6.610 C
761 97 34.362 4.365 7.191 O
762 97 35.561 1.351 7.486 C
763 98 34.206 3.217 5.288 N
764 98 34.244 4.446 4.502 C
765 98 33.013 5.330 4.776 C
766 98 33.082 6.548 4.729 O
767 98 34.310 4.167 3.005 C
768 99 31.839 4.750 4.995 N
769 99 30.687 5.601 5.304 C
770 99 30.844 6.230 6.678 C
771 99 30.484 7.377 6.902 O
772 99 29.383 4.733 5.262 C
773 99 28.097 5.444 5.405 C
774 99 27.920 6.409 4.254 C
775 99 26.956 4.440 5.517 C
776 100 31.400 5.500 7.617 N
777 100 31.591 6.060 8.952 C
778 100 32.529 7.283 8.888 C
779 100 32.305 8.318 9.497 O
780 100 32.093 4.964 9.916 C
781 100 31.042 3.838 10.056 C
782 100 32.432 5.551 11.293 C
783 100 31.592 2.655 10.816 C
784 101 33.582 7.165 8.082 N
785 101 34.523 8.227 7.917 C
786 101 33.832 9.462 7.447 C
787 101 34.066 10.530 7.998 O
788 101 35.606 7.780 6.906 C
789 101 36.880 8.622 6.863 C
790 101 36.787 9.828 6.714 O
791 101 38.057 8.001 6.956 N
792 102 32.993 9.344 6.398 N
793 102 32.320 10.528 5.937 C
794 102 31.476 11.152 7.020 C
795 102 31.418 12.355 7.142 O
796 102 31.398 10.297 4.698 C
797 102 32.225 9.944 3.471 C
798 102 31.094 9.593 2.125 S
799 102 30.484 11.243 1.742 C
800 103 30.763 10.310 7.759 N
801 103 29.850 10.801 8.803 C
802 103 30.642 11.491 9.900 C
803 103 30.294 12.579 10.344 O
804 103 28.950 9.673 9.352 C
805 103 28.281 10.134 10.624 C
806 103 27.837 9.381 8.353 C
807 104 31.782 10.904 10.243 N
808 104 32.622 11.504 11.231 C
809 104 33.075 12.889 10.776 C
810 104 33.084 13.842 11.539 O
811 104 33.834 10.577 11.432 C
812 104 34.730 10.971 12.605 C
813 104 35.746 11.911 12.429 C
814 104 34.645 10.302 13.825 C
815 104 36.591 12.236 13.496 C
816 104 35.536 10.559 14.867 C
817 104 36.511 11.540 14.702 C
818 105 33.409 13.027 9.488 N
819 105 33.928 14.266 8.977 C
820 105 32.867 15.343 8.816 C
821 105 33.038 16.510 9.102 O
822 105 34.756 14.006 7.672 C
823 105 35.327 15.318 7.067 C
824 105 36.032 15.198 5.724 C
825 105 36.086 14.125 5.114 O
826 105 36.609 16.320 5.282 N
827 106 31.752 14.954 8.256 N
828 106 30.751 15.883 7.885 C
829 106 29.437 15.800 8.577 C
830 106 28.581 16.588 8.311 O
831 106 30.616 16.059 6.345 C
832 106 30.287 14.923 5.417 C
833 106 30.862 15.428 3.752 S
834 106 31.825 13.987 3.263 C
835 107 29.268 14.858 9.453 N
836 107 28.006 14.803 10.121 C
837 107 26.994 14.057 9.291 C
838 107 27.056 13.930 8.072 O
839 108 26.111 13.517 10.058 N
840 108 25.091 12.637 9.569 C
841 108 24.198 13.337 8.577 C
842 108 23.839 12.830 7.524 O
843 108 24.392 11.968 10.779 C
844 108 22.879 11.765 10.699 C
845 108 22.368 11.301 12.031 C
846 108 23.059 11.318 13.034 
847 108 21.132 10.859 12.005 O
848 109 23.934 14.587 8.876 N
849 109 23.113 15.379 8.017 C
850 109 23.771 15.616 6.685 C
851 109 23.118 15.475 5.635 O
852 109 22.687 16.704 8.681 C
853 109 23.804 17.307 9.314 O
854 109 21.609 16.399 9.701 C
855 110 25.061 15.987 6.772 N
856 110 25.867 16.269 5.627 C
857 110 25.860 15.086 4.686 C
858 110 25.504 15.211 3.526 O
859 111 26.259 13.936 5.210 N
860 111 26.312 12.754 4.401 C
861 111 24.932 12.341 3.848 C
862 111 24.813 11.919 2.696 O
863 111 26.926 11.646 5.219 C
864 111 26.946 10.383 4.358 C
865 111 28.336 12.049 5.647 C
866 112 23.864 12.456 4.650 N
867 112 22.518 12.031 4.216 C
868 112 22.037 12.833 2.955 C
869 112 21.204 12.366 2.155 O
870 112 21.532 12.013 5.395 C
871 113 22.681 14.001 2.709 N
872 113 22.453 14.865 1.541 C
873 113 23.067 14.432 0.186 C
874 113 22.810 15.044 -0.858 O
875 114 23.874 13.384 0.210 N
876 114 24.482 12.809 -0.958 C
877 114 23.568 11.730 -1.473 C
878 114 23.974 10.599 -1.724 O
879 114 25.783 12.138 -0.531 C
880 114 26.946 13.064 -0.354 C
881 114 26.932 14.097 0.576 C
882 114 28.043 12.993 -1.209 C
883 114 28.020 14.958 0.700 C
884 114 29.145 13.844 -1.091 C
885 114 29.146 14.828 -0.108 C
886 115 22.355 12.092 -1.684 N
887 115 21.358 11.142 -2.110 C
888 115 21.707 10.249 -3.257 C
889 115 21.453 9.053 -3.286 O
890 115 20.133 11.911 -2.605 C
891 115 19.699 12.801 -1.618 O
892 115 19.054 10.893 -2.900 C
893 116 22.189 10.891 -4.289 N
894 116 22.484 10.141 -5.481 C
895 116 23.604 9.150 -5.297 C
896 116 23.569 8.043 -5.819 O
897 116 22.608 11.009 -6.779 C
898 116 21.394 11.933 -7.029 C
899 116 20.228 11.512 -6.921 O
900 116 21.643 13.208 -7.379 N
901 117 24.615 9.547 -4.556 N
902 117 25.746 8.667 -4.333 C
903 117 25.326 7.509 -3.491 C
904 117 25.753 6.387 -3.688 O
905 117 26.788 9.425 -3.564 C
906 117 27.292 10.411 -4.416 O
907 118 24.525 7.841 -2.494 N
908 118 23.982 6.864 -1.564 C
909 118 23.245 5.814 -2.332 C
910 118 23.406 4.633 -2.070 O
911 118 23.037 7.505 -0.517 C
912 118 23.755 8.457 0.463 C
913 118 22.743 9.062 1.452 C
914 118 24.846 7.698 1.239 C
915 119 22.399 6.253 -3.245 N
916 119 21.633 5.308 -4.040 C
917 119 22.535 4.375 -4.868 C
918 119 22.347 3.144 -4.910 O
919 119 20.663 6.114 -4.882 C
920 119 19.795 5.286 -5.807 C
921 119 18.894 6.181 -6.679 
922 119 19.510 6.519 -7.971 
923 119 20.163 7.666 -8.248 
924 119 20.264 8.666 -7.358 
925 119 20.717 7.819 -9.463 
926 120 23.573 4.956 -5.473 N
927 120 24.524 4.187 -6.247 C
928 120 25.259 3.205 -5.389 C
929 120 25.628 2.149 -5.827 O
930 120 25.548 5.037 -7.042 C
931 120 24.883 5.753 -8.210 C
932 120 25.937 7.084 -8.828 S
933 120 24.785 8.138 -9.731 C
934 121 25.606 3.623 -4.179 N
935 121 26.337 2.701 -3.331 C
936 121 25.391 1.531 -2.974 C
937 121 25.759 0.373 -2.919 O
938 121 26.780 3.431 -2.052 C
939 121 27.948 4.414 -2.271 C
940 121 28.144 5.259 -0.993 C
941 121 29.245 3.699 -2.572 C
942 122 24.152 1.869 -2.708 N
943 122 23.184 0.870 -2.341 C
944 122 23.005 -0.138 -3.471 C
945 122 22.807 -1.328 -3.238 O
946 122 21.852 1.537 -1.946 C
947 122 21.039 0.714 -0.947 C
948 122 19.812 1.476 -0.464 C
949 122 19.740 2.712 -0.594 
950 122 18.828 0.735 0.042 
951 123 23.125 0.333 -4.702 N
952 123 22.979 -0.531 -5.840 C
953 123 24.257 -1.217 -6.207 C
954 123 24.269 -1.970 -7.179 O
955 123 22.568 0.292 -7.053 C
956 123 21.105 0.721 -7.021 C
957 123 20.852 1.706 -8.163 C
958 123 19.709 2.046 -8.461 O
959 123 21.939 2.228 -8.736 
960 124 25.343 -0.944 -5.463 N
961 124 26.622 -1.528 -5.724 C
962 124 27.230 -1.097 -7.064 C
963 124 27.988 -1.881 -7.708 O
964 124 26.723 -3.048 -5.474 C
965 124 26.138 -3.381 -4.112 C
966 124 26.534 -4.740 -3.572 C
967 124 25.901 -4.984 -2.192 C
968 124 26.583 -4.329 -1.082 N
969 125 26.924 0.141 -7.477 N
970 125 27.515 0.669 -8.725 C
971 125 28.727 1.522 -8.330 C
972 125 28.667 2.772 -8.267 O
973 125 26.471 1.483 -9.475 C
974 125 25.216 0.713 -9.865 C
975 125 24.180 1.726 -10.326 C
976 125 23.221 1.277 -11.324 N
977 125 22.545 0.118 -11.307 
978 125 22.706 -0.821 -10.358 
979 125 21.674 -0.113 -12.295 
980 126 29.824 0.820 -8.024 N
981 126 30.996 1.436 -7.439 C
982 126 31.637 2.566 -8.193 C
983 126 31.945 3.638 -7.661 O
984 126 32.005 0.411 -6.939 C
985 126 31.379 -0.748 -6.226 C
986 126 31.557 -2.069 -6.563 C
987 126 30.575 -0.740 -5.058 C
988 126 30.912 -2.887 -5.692 N
989 126 30.311 -2.096 -4.736 C
990 126 30.132 0.260 -4.235 C
991 126 29.573 -2.465 -3.606 C
992 126 29.364 -0.101 -3.138 C
993 126 29.121 -1.438 -2.807 C
994 127 31.872 2.318 -9.472 N
995 127 32.524 3.314 -10.284 C
996 127 31.676 4.528 -10.464 C
997 127 32.164 5.668 -10.448 O
998 127 32.871 2.656 -11.624 C
999 127 34.123 1.817 -11.497 C
1000 127 34.599 1.425 -10.456 O
1001 127 34.680 1.591 -12.644 O
1002 128 30.386 4.266 -10.631 N
1003 128 29.447 5.336 -10.784 C
1004 128 29.377 6.193 -9.540 C
1005 128 29.308 7.428 -9.630 O
1006 128 28.059 4.829 -11.183 C
1007 128 28.071 4.210 -12.609 C
1008 128 26.812 3.445 -13.000 C
1009 128 25.670 3.832 -12.772 
1010 128 27.077 2.346 -13.673 
1011 129 29.339 5.532 -8.372 N
1012 129 29.254 6.263 -7.112 C
1013 129 30.500 7.148 -6.933 C
1014 129 30.448 8.326 -6.538 O
1015 129 29.212 5.206 -5.991 C
1016 130 31.641 6.539 -7.251 N
1017 130 32.910 7.195 -7.108 C
1018 130 32.945 8.474 -7.917 C
1019 130 33.422 9.498 -7.459 O
1020 130 34.046 6.257 -7.450 C
1021 131 32.401 8.432 -9.129 N
1022 131 32.337 9.627 -9.923 C
1023 131 31.388 10.620 -9.299 C
1024 131 31.678 11.784 -9.228 O
1025 131 31.883 9.347 -11.363 C
1026 131 31.553 10.639 -12.083 C
1027 131 33.029 8.729 -12.119 C
1028 132 30.234 10.176 -8.871 N
1029 132 29.293 11.103 -8.316 C
1030 132 29.828 11.670 -7.003 C
1031 132 29.698 12.841 -6.689 O
1032 132 27.974 10.345 -8.109 C
1033 132 26.863 11.254 -7.727 C
1034 132 26.596 11.472 -6.530 O
1035 132 26.347 11.966 -8.729 N
1036 133 30.472 10.825 -6.202 N
1037 133 30.976 11.375 -4.914 C
1038 133 31.954 12.558 -5.072 C
1039 133 32.082 13.436 -4.206 O
1040 133 31.728 10.274 -4.099 C
1041 133 30.803 9.278 -3.390 C
1042 133 31.554 8.032 -2.928 C
1043 133 30.075 9.979 -2.249 C
1044 134 32.729 12.494 -6.141 N
1045 134 33.787 13.446 -6.511 C
1046 134 33.237 14.789 -6.962 C
1047 134 33.922 15.798 -6.913 O
1048 134 34.743 12.832 -7.547 C
1049 135 31.986 14.814 -7.378 N
1050 135 31.377 16.107 -7.762 C
1051 135 30.775 16.797 -6.521 C
1052 135 29.546 16.814 -6.331 O
1053 135 30.291 15.915 -8.805 C
1054 135 30.760 15.224 -10.085 C
1055 135 29.494 14.785 -10.828 C
1056 135 29.673 14.381 -12.285 C
1057 135 28.404 14.380 -13.046 
1058 136 31.658 17.255 -5.633 N
1059 136 31.158 17.722 -4.359 C
1060 136 32.112 18.723 -3.795 C
1061 136 33.320 18.667 -4.067 O
1062 136 31.079 16.541 -3.370 C
1063 136 32.366 15.917 -3.259 O
1064 137 31.573 19.552 -2.913 N
1065 137 32.482 20.445 -2.278 C
1066 137 33.508 19.682 -1.471 C
1067 137 34.689 20.055 -1.424 O
1068 137 31.728 21.379 -1.374 C
1069 137 32.704 22.200 -0.544 C
1070 137 31.959 22.981 0.533 C
1071 137 32.703 24.148 0.997 N
1072 137 33.491 24.127 2.066 
1073 137 33.638 23.008 2.787 N
1074 137 34.155 25.243 2.412 N
1075 138 33.040 18.630 -0.769 N
1076 138 33.893 17.766 0.040 C
1077 138 35.183 17.373 -0.717 C
1078 138 36.317 17.598 -0.295 O
1079 138 33.098 16.487 0.331 C
1080 138 33.917 15.405 0.976 C
1081 138 34.600 15.436 2.159 C
1082 138 33.983 14.088 0.491 C
1083 138 35.183 14.216 2.409 N
1084 138 34.709 13.334 1.457 C
1085 138 33.386 13.466 -0.605 C
1086 138 34.869 11.946 1.323 C
1087 138 33.623 12.101 -0.760 C
1088 138 34.392 11.367 0.161 C
1089 139 35.011 16.883 -1.950 N
1090 139 36.144 16.469 -2.729 C
1091 139 37.028 17.647 -3.147 C
1092 139 38.244 17.565 -3.143 O
1093 139 35.559 15.855 -3.984 C
1094 139 36.611 15.420 -4.942 C
1095 139 37.168 14.152 -4.794 C
1096 139 37.023 16.237 -5.998 C
1097 139 38.143 13.698 -5.683 C
1098 139 37.986 15.784 -6.902 C
1099 139 38.545 14.515 -6.739 C
1100 139 39.484 14.045 -7.621 O
1101 140 36.414 18.755 -3.512 N
1102 140 37.221 19.914 -3.919 C
1103 140 37.976 20.593 -2.768 C
1104 140 39.022 21.176 -2.981 O
1105 140 36.308 20.919 -4.634 C
1106 140 35.922 20.446 -6.020 C
1107 140 34.839 19.896 -6.266 O
1108 140 36.858 20.610 -6.945 N
1109 141 37.444 20.499 -1.542 N
1110 141 38.085 21.097 -0.393 C
1111 141 39.135 20.211 0.254 C
1112 141 40.142 20.722 0.755 O
1113 141 37.080 21.562 0.682 C
1114 141 36.113 22.594 0.109 C
1115 141 36.796 23.842 -0.403 C
1116 141 36.468 24.341 -1.502 O
1117 141 37.726 24.351 0.403 N
1118 142 38.870 18.892 0.325 N
1119 142 39.802 17.956 0.921 C
1120 142 39.931 16.796 -0.021 C
1121 142 39.539 15.689 0.269 O
1122 142 39.368 17.409 2.296 C
1123 142 38.027 16.889 2.227 O
1124 142 39.353 18.587 3.265 C
1125 143 40.487 17.105 -1.159 N
1126 143 40.719 16.145 -2.228 C
1127 143 41.523 14.900 -1.813 C
1128 143 41.260 13.792 -2.249 O
1129 143 41.530 16.917 -3.274 C
1130 143 42.065 18.184 -2.595 C
1131 143 41.278 18.373 -1.304 C
1132 144 42.590 15.038 -1.051 N
1133 144 43.380 13.828 -0.740 C
1134 144 42.616 12.876 0.178 C
1135 144 42.572 11.694 -0.047 O
1136 144 44.787 14.106 -0.156 C
1137 144 45.712 14.799 -1.168 C
1138 144 45.672 14.531 -2.374 O
1139 144 46.497 15.757 -0.707 N
1140 145 41.980 13.414 1.187 N
1141 145 41.169 12.589 2.019 C
1142 145 40.001 11.992 1.235 C
1143 145 39.714 10.804 1.365 O
1144 145 40.595 13.384 3.171 C
1145 145 39.844 12.397 4.058 C
1146 145 39.292 13.060 5.244 C
1147 145 38.566 12.169 6.116 N
1148 145 38.416 12.620 7.332 C
1149 145 39.004 13.754 7.650 N
1150 145 37.710 11.955 8.217 N
1151 146 39.276 12.858 0.495 N
1152 146 38.166 12.408 -0.296 C
1153 146 38.607 11.256 -1.206 C
1154 146 37.941 10.234 -1.336 O
1155 146 37.498 13.548 -1.051 C
1156 147 39.742 11.393 -1.875 N
1157 147 40.210 10.323 -2.750 C
1158 147 40.375 9.014 -2.013 C
1159 147 40.049 7.942 -2.559 O
1160 147 41.516 10.672 -3.429 C
1161 147 41.383 11.825 -4.383 C
1162 147 42.662 12.021 -5.178 C
1163 147 42.760 13.370 -5.882 C
1164 147 43.797 14.263 -5.304 
1165 148 40.914 9.071 -0.788 N
1166 148 41.152 7.832 -0.057 C
1167 148 39.858 7.161 0.246 C
1168 148 39.734 5.959 0.095 O
1169 148 41.921 8.035 1.245 C
1170 148 43.370 8.373 0.985 C
1171 148 44.176 8.290 2.239 C
1172 148 43.811 9.331 3.187 N
1173 148 44.373 10.556 3.178 C
1174 148 45.255 10.920 2.260 N
1175 148 44.009 11.489 4.060 N
1176 149 38.878 7.973 0.637 N
1177 149 37.546 7.431 0.999 C
1178 149 36.812 6.871 -0.233 C
1179 149 36.266 5.764 -0.221 O
1180 149 36.720 8.456 1.768 C
1181 149 35.302 7.917 2.016 C
1182 149 37.423 8.768 3.112 C
1183 150 36.840 7.680 -1.327 N
1184 150 36.235 7.287 -2.586 C
1185 150 36.850 5.988 -3.107 C
1186 150 36.165 5.123 -3.606 O
1187 150 36.262 8.378 -3.663 C
1188 150 35.319 9.498 -3.252 C
1189 150 35.814 7.775 -4.987 C
1190 150 35.594 10.820 -3.959 C
1191 151 38.174 5.850 -3.023 N
1192 151 38.815 4.630 -3.472 C
1193 151 38.392 3.445 -2.660 C
1194 151 38.336 2.317 -3.143 O
1195 151 40.322 4.782 -3.337 C
1196 151 40.686 5.663 -4.363 O
1197 151 41.030 3.428 -3.566 C
1198 152 38.122 3.703 -1.406 N
1199 152 37.699 2.647 -0.496 C
1200 152 36.318 2.128 -0.906 C
1201 152 36.044 0.916 -0.930 O
1202 152 37.704 3.149 0.971 C
1203 152 39.028 3.518 1.254 O
1204 152 37.292 2.018 1.906 C
1205 153 35.450 3.059 -1.246 N
1206 153 34.134 2.652 -1.710 C
1207 153 34.221 1.982 -3.089 C
1208 153 33.507 1.054 -3.402 O
1209 153 33.320 3.916 -1.963 C
1210 153 32.668 4.477 -0.728 C
1211 153 31.832 3.670 0.052 C
1212 153 32.857 5.812 -0.361 C
1213 153 31.137 4.162 1.163 C
1214 153 32.137 6.328 0.726 C
1215 153 31.261 5.521 1.465 C
1216 154 35.096 2.505 -3.944 N
1217 154 35.248 1.940 -5.277 C
1218 154 35.736 0.522 -5.230 C
1219 154 35.185 -0.292 -5.932 O
1220 154 36.166 2.736 -6.223 C
1221 154 35.754 2.613 -7.698 C
1222 154 36.669 3.351 -8.693 C
1223 154 37.905 3.767 -8.073 N
1224 154 39.018 3.054 -8.159 
1225 154 39.070 1.914 -8.858 N
1226 154 40.113 3.503 -7.542 
1227 155 36.768 0.259 -4.401 N
1228 155 37.397 -1.035 -4.370 C
1229 155 36.957 -1.974 -3.305 C
1230 155 37.241 -3.164 -3.427 O
1231 155 38.913 -0.924 -4.220 C
1232 155 39.276 -0.354 -2.950 O
1233 155 39.435 -0.047 -5.337 C
1234 156 36.429 -1.461 -2.211 N
1235 156 36.180 -2.312 -1.097 C
1236 156 37.472 -2.886 -0.490 C
1237 156 37.406 -3.873 0.236 O
1238 157 38.635 -2.242 -0.667 N
1239 157 39.863 -2.696 -0.029 C
1240 157 40.440 -1.523 0.707 C
1241 157 39.971 -0.421 0.554 O
1242 157 40.926 -3.084 -1.060 C
1243 157 41.367 -1.892 -1.658 O
1244 157 40.342 -4.035 -2.084 C
1245 158 41.455 -1.761 1.503 N
1246 158 42.101 -0.677 2.260 C
1247 158 43.308 -0.170 1.473 C
1248 158 44.176 0.437 2.023 O
1249 158 42.657 -1.199 3.602 C
1250 158 41.607 -1.569 4.584 C
1251 158 41.323 -2.844 4.945 C
1252 158 40.653 -0.713 5.273 C
1253 158 40.238 -2.845 5.768 N
1254 158 39.857 -1.558 6.072 C
1255 158 40.437 0.671 5.380 C
1256 158 38.814 -1.078 6.904 C
1257 158 39.468 1.123 6.265 C
1258 158 38.655 0.271 7.007 C
1259 159 43.393 -0.433 0.184 N
1260 159 44.629 -0.042 -0.513 C
1261 159 45.070 1.407 -0.405 C
1262 159 46.244 1.677 -0.406 O
1263 159 44.595 -0.483 -1.976 C
1264 159 44.390 -1.982 -2.120 C
1265 159 44.759 -2.789 -1.286 O
1266 159 43.729 -2.324 -3.211 O
1267 160 44.109 2.321 -0.322 N
1268 160 44.369 3.762 -0.286 C
1269 160 45.014 4.136 1.032 C
1270 160 45.601 5.198 1.181 O
1271 160 43.049 4.540 -0.443 C
1272 161 44.884 3.240 2.023 N
1273 161 45.421 3.519 3.344 C
1274 161 46.693 2.754 3.601 C
1275 161 47.434 3.043 4.540 O
1276 161 44.387 3.311 4.450 C
1277 161 43.314 4.346 4.443 C
1278 161 42.215 4.189 3.610 C
1279 161 43.435 5.500 5.216 C
1280 161 41.211 5.155 3.599 C
1281 161 42.427 6.453 5.240 C
1282 161 41.341 6.297 4.385 C
1283 161 40.360 7.266 4.351 O
1284 162 46.951 1.770 2.750 N
1285 162 48.192 1.052 2.873 C
1286 162 49.252 1.929 2.252 
1287 162 48.989 2.550 1.206 O
1288 162 48.109 -0.367 2.364 C
1289 162 47.129 -1.138 3.245 C
1290 162 47.083 -2.640 2.981 
1291 162 46.685 -2.993 1.551 
1292 162 45.451 -3.798 1.485 
1293 163 50.347 2.096 3.014 N
1294 163 51.490 2.977 2.684 
1295 163 51.605 4.184 3.625 
1296 163 52.597 4.927 3.602 
1297 163 51.591 3.467 1.208 
1298 163 52.590 2.704 0.335 
1299 163 52.494 2.720 -0.918 
1300 163 53.571 2.054 0.990 
1301 164 50.571 4.387 4.440 
1302 164 50.545 5.486 5.385 
1303 164 50.595 4.944 6.818 
1304 164 51.340 5.435 7.676 
1305 164 49.345 6.442 5.168 C
1306 164 48.772 6.540 3.747 C
1307 164 47.494 7.373 3.770 C
1308 164 49.761 7.189 2.793 C
