486
1 1 19.857 34.619 24.458 O
2 1 19.392 33.334 24.872 C
3 1 20.381 32.258 24.512 C
4 1 19.908 31.046 25.065 O
5 1 20.537 32.041 22.999 C
6 1 21.715 31.288 22.691 O
7 1 19.422 31.075 22.791 C
8 1 19.492 30.236 24.011 C
9 1 18.256 29.674 24.511 N
10 1 18.395 28.445 25.127 C
11 1 19.480 27.867 25.258 O
12 1 17.264 27.881 25.590 N
13 1 16.103 28.484 25.457 C
14 1 15.043 27.852 25.933 N
15 1 15.954 29.753 24.834 C
16 1 17.061 30.319 24.372 C
17 2 22.968 31.483 21.716 P
18 2 24.031 32.189 22.470 O
19 2 22.561 31.871 20.349 O
20 2 23.280 29.965 21.631 O
21 2 23.527 29.194 22.817 C
22 2 23.795 27.676 22.540 C
23 2 22.648 26.863 22.984 O
24 2 23.997 27.444 21.004 C
25 2 24.848 26.302 20.786 O
26 2 22.532 27.169 20.631 C
27 2 21.957 26.399 21.829 C
28 2 20.505 26.625 21.946 N
29 2 19.799 27.716 21.530 C
30 2 18.534 27.603 21.693 N
31 2 18.390 26.350 22.263 C
32 2 17.219 25.672 22.666 C
33 2 16.079 26.094 22.616 O
34 2 17.459 24.401 23.202 N
35 2 18.708 23.856 23.325 C
36 2 18.788 22.638 23.856 N
37 2 19.806 24.512 22.940 N
38 2 19.582 25.744 22.423 C
39 3 25.648 25.901 19.445 P
40 3 27.091 26.203 19.667 O
41 3 24.997 26.479 18.269 O
42 3 25.469 24.318 19.459 O
43 3 24.179 23.936 19.865 C
44 3 24.012 22.540 20.140 C
45 3 22.641 22.449 20.623 O
46 3 24.017 21.752 18.888 C
47 3 24.432 20.386 18.907 O
48 3 22.553 21.763 18.552 C
49 3 21.699 21.825 19.760 C
50 3 20.593 22.766 19.515 N
51 3 19.280 22.540 19.961 C
52 3 18.953 21.548 20.611 O
53 3 18.324 23.466 19.664 N
54 3 18.626 24.545 18.975 C
55 3 17.744 25.452 18.697 N
56 3 19.946 24.799 18.510 C
57 3 20.878 23.881 18.812 C
58 4 24.539 19.686 17.436 P
59 4 25.696 18.773 17.400 O
60 4 24.344 20.630 16.314 O
61 4 23.263 18.799 17.477 O
62 4 23.003 18.025 18.604 C
63 4 21.765 17.233 18.471 C
64 4 20.585 18.105 18.488 O
65 4 21.767 16.579 17.084 C
66 4 21.167 15.338 17.312 O
67 4 21.007 17.564 16.268 C
68 4 19.949 18.114 17.244 C
69 4 19.497 19.484 16.891 N
70 4 20.175 20.425 16.156 C
71 4 19.523 21.535 15.918 N
72 4 18.304 21.311 16.550 C
73 4 17.167 22.181 16.620 C
74 4 17.091 23.304 16.130 O
75 4 16.100 21.608 17.338 N
76 4 16.170 20.332 17.912 C
77 4 15.095 19.864 18.538 N
78 4 17.257 19.519 17.845 N
79 4 18.281 20.068 17.150 C
80 5 20.921 14.187 16.225 P
81 5 21.178 12.877 16.910 O
82 5 21.640 14.551 14.955 O
83 5 19.319 14.295 15.915 O
84 5 18.464 13.970 17.037 C
85 5 16.925 14.165 16.929 C
86 5 16.569 15.571 16.775 O
87 5 16.435 13.468 15.667 C
88 5 15.147 12.967 15.993 O
89 5 16.503 14.603 14.679 C
90 5 16.114 15.838 15.470 C
91 5 16.733 17.060 14.925 N
92 5 18.030 17.294 14.509 C
93 5 18.262 18.502 14.016 N
94 5 17.014 19.103 14.119 C
95 5 16.568 20.373 13.782 C
96 5 17.353 21.295 13.285 N
97 5 15.277 20.674 14.004 N
98 5 14.490 19.737 14.541 C
99 5 14.775 18.514 14.907 N
100 5 16.083 18.247 14.666 C
101 6 14.160 12.126 15.032 P
102 6 13.388 11.261 15.962 O
103 6 14.878 11.572 13.843 O
104 6 13.256 13.319 14.465 O
105 6 12.184 13.805 15.245 C
106 6 11.198 14.787 14.607 C
107 6 11.898 15.967 14.161 O
108 6 10.628 14.208 13.301 C
109 6 9.349 14.766 13.021 O
110 6 11.587 14.713 12.241 C
111 6 11.908 16.075 12.739 C
112 6 13.205 16.597 12.218 N
113 6 14.374 15.979 11.938 C
114 6 15.282 16.779 11.407 N
115 6 14.669 18.010 11.334 C
116 6 15.075 19.283 10.848 C
117 6 16.273 19.632 10.364 N
118 6 14.194 20.263 10.906 N
119 6 13.002 19.982 11.431 C
120 6 12.498 18.875 11.922 N
121 6 13.404 17.899 11.834 C
122 7 8.194 14.141 12.108 P
123 7 7.135 13.773 13.079 O
124 7 8.570 13.158 11.073 O
125 7 7.729 15.459 11.454 O
126 7 8.771 16.170 10.965 C
127 7 8.345 17.425 10.453 C
128 7 9.565 18.098 10.144 O
129 7 7.579 17.222 9.179 C
130 7 6.698 18.341 8.972 O
131 7 8.762 17.185 8.202 C
132 7 9.727 18.188 8.764 C
133 7 11.161 17.938 8.459 N
134 7 11.892 19.034 8.000 C
135 7 11.452 20.172 7.856 O
136 7 13.202 18.795 7.666 N
137 7 13.839 17.605 7.750 C
138 7 15.018 17.552 7.440 O
139 7 13.030 16.538 8.233 C
140 7 13.651 15.175 8.374 C
141 7 11.747 16.716 8.567 C
142 8 5.512 18.255 7.846 P
143 8 4.362 18.987 8.419 O
144 8 5.339 16.893 7.283 O
145 8 6.094 19.123 6.643 O
146 8 6.329 20.458 7.047 C
147 8 6.950 21.439 6.108 C
148 8 8.374 21.155 5.899 O
149 8 6.347 21.166 4.740 C
150 8 6.171 22.428 4.069 O
151 8 7.418 20.225 4.099 C
152 8 8.693 20.799 4.581 C
153 8 9.859 19.893 4.603 N
154 8 11.184 20.396 4.324 C
155 8 11.490 21.558 4.037 O
156 8 12.233 19.482 4.323 N
157 8 12.103 18.130 4.566 C
158 8 13.108 17.411 4.558 O
159 8 10.711 17.691 4.840 C
160 8 10.407 16.207 5.122 C
161 8 9.670 18.566 4.850 C
162 9 5.435 22.733 2.657 P
163 9 4.110 23.244 3.068 O
164 9 5.561 21.591 1.703 O
165 9 6.146 24.022 2.072 O
166 9 7.499 24.233 2.417 C
167 9 8.271 24.807 1.301 C
168 9 9.579 24.154 1.396 O
169 9 7.607 24.442 -0.051 C
170 9 7.961 25.109 -1.268 O
171 9 8.239 23.142 -0.270 C
172 9 9.671 23.254 0.302 C
173 9 10.109 21.876 0.614 N
174 9 11.482 21.556 0.531 C
175 9 12.326 22.420 0.310 O
176 9 11.849 20.239 0.670 N
177 9 10.931 19.287 0.880 C
178 9 11.290 18.020 1.038 N
179 9 9.532 19.591 0.974 C
180 9 9.181 20.885 0.839 C
181 10 7.745 26.667 -1.667 P
182 10 8.316 27.554 -0.596 O
183 10 6.341 26.819 -2.139 O
184 10 8.743 26.705 -2.967 O
185 10 10.169 26.886 -2.668 C
186 10 11.278 26.294 -3.538 C
187 10 11.576 24.937 -3.171 O
188 10 10.751 26.150 -4.998 C
189 10 11.802 26.064 -5.931 O
190 10 10.168 24.758 -5.032 C
191 10 11.233 24.057 -4.242 C
192 10 10.873 22.703 -3.730 N
193 10 9.651 22.200 -3.351 C
194 10 9.671 20.968 -2.929 N
195 10 11.012 20.615 -3.033 C
196 10 11.632 19.399 -2.714 C
197 10 11.101 18.383 -2.288 O
198 10 12.989 19.415 -2.943 N
199 10 13.672 20.478 -3.424 C
200 10 14.951 20.278 -3.560 N
201 10 13.133 21.654 -3.747 N
202 10 11.771 21.654 -3.521 C
203 11 12.290 27.262 -6.878 P
204 11 12.267 28.524 -6.107 O
205 11 11.605 27.073 -8.188 O
206 11 13.815 26.930 -7.055 O
207 11 14.615 26.951 -5.876 C
208 11 15.841 26.028 -5.914 C
209 11 15.444 24.658 -5.683 O
210 11 16.507 26.107 -7.327 C
211 11 17.948 25.841 -7.195 O
212 11 15.749 24.998 -8.034 C
213 11 15.590 23.977 -6.893 C
214 11 14.449 23.093 -6.993 N
215 11 14.661 21.785 -6.725 C
216 11 15.773 21.372 -6.430 O
217 11 13.637 20.918 -6.813 N
218 11 12.436 21.334 -7.164 C
219 11 11.437 20.466 -7.229 N
220 11 12.199 22.707 -7.456 C
221 11 13.241 23.547 -7.350 C
222 12 19.091 26.073 -8.359 P
223 12 20.034 27.109 -7.876 O
224 12 18.428 26.172 -9.704 O
225 12 19.856 24.652 -8.245 O
226 12 19.028 23.484 -8.287 C
227 12 19.600 22.417 -9.111 C
228 12 18.633 21.328 -9.191 O
229 12 19.852 22.977 -10.520 C
230 12 20.958 22.317 -11.200 O
231 12 18.535 22.641 -11.140 C
232 12 18.077 21.312 -10.500 C
233 12 16.596 21.264 -10.463 N
234 12 15.749 22.306 -10.711 C
235 12 14.498 22.028 -10.664 N
236 12 14.494 20.692 -10.357 C
237 12 13.374 19.859 -10.187 C
238 12 12.202 20.186 -10.292 O
239 12 13.739 18.573 -9.894 N
240 12 15.041 18.141 -9.778 C
241 12 15.190 16.852 -9.508 N
242 12 16.120 18.921 -9.931 N
243 12 15.763 20.195 -10.226 C
245 13 8.482 10.176 -9.656 O
246 13 9.441 11.139 -10.100 C
247 13 10.625 11.311 -9.137 C
248 13 11.192 12.566 -9.399 O
249 13 10.203 11.455 -7.696 C
250 13 11.299 11.204 -6.861 O
251 13 9.877 12.924 -7.565 C
252 13 10.925 13.517 -8.392 C
253 13 10.612 14.744 -9.120 N
254 13 11.650 15.670 -9.227 C
255 13 12.736 15.454 -8.726 O
256 13 11.469 16.814 -9.930 N
257 13 10.284 17.034 -10.525 C
258 13 10.119 18.145 -11.237 N
259 13 9.195 16.094 -10.427 C
260 13 9.412 14.967 -9.708 C
261 14 11.641 9.706 -6.440 P
262 14 11.335 8.724 -7.523 O
263 14 11.135 9.531 -5.064 O
264 14 13.242 9.794 -6.339 O
265 14 13.905 10.775 -7.141 C
266 14 15.271 11.117 -6.645 C
267 14 15.449 12.532 -6.964 O
268 14 15.443 10.926 -5.132 C
269 14 16.826 10.620 -4.894 O
270 14 14.991 12.249 -4.646 C
271 14 15.354 13.290 -5.749 C
272 14 14.254 14.260 -5.764 N
273 14 12.938 14.011 -5.555 C
274 14 12.172 15.034 -5.573 N
275 14 13.043 16.061 -5.814 C
276 14 12.760 17.427 -5.936 C
277 14 11.652 17.987 -5.862 O
278 14 13.920 18.126 -6.173 N
279 14 15.170 17.575 -6.280 C
280 14 16.157 18.413 -6.489 N
281 14 15.455 16.296 -6.174 N
282 14 14.331 15.596 -5.936 C
283 15 17.778 10.852 -3.666 P
284 15 19.039 10.287 -4.231 O
285 15 17.278 10.377 -2.361 O
286 15 17.892 12.432 -3.501 O
287 15 19.157 12.936 -3.898 C
288 15 19.506 14.349 -3.569 C
289 15 18.389 15.253 -3.844 O
290 15 19.732 14.378 -2.110 C
291 15 20.589 15.362 -1.702 O
292 15 18.397 14.758 -1.583 C
293 15 17.863 15.728 -2.613 C
294 15 16.390 15.723 -2.451 N
295 15 15.715 16.892 -2.678 C
296 15 16.274 17.893 -3.101 O
297 15 14.374 16.949 -2.437 N
298 15 13.723 15.889 -1.995 C
299 15 12.413 15.976 -1.796 N
300 15 14.403 14.657 -1.756 C
301 15 15.719 14.626 -2.000 C
302 16 21.638 14.954 -0.534 P
303 16 22.754 14.247 -1.172 O
304 16 21.008 14.315 0.633 O
305 16 22.090 16.450 -0.205 O
306 16 22.444 17.310 -1.299 C
307 16 22.054 18.733 -1.130 C
308 16 20.566 18.901 -1.086 O
309 16 22.487 19.176 0.268 C
310 16 22.935 20.555 0.088 O
311 16 21.193 18.940 1.121 C
312 16 20.006 19.293 0.219 C
313 16 18.675 18.567 0.551 N
314 16 18.476 17.297 1.006 C
315 16 17.245 16.917 1.169 N
316 16 16.522 18.025 0.797 C
317 16 15.100 18.200 0.779 C
318 16 14.205 17.402 1.048 O
319 16 14.734 19.433 0.368 N
320 16 15.602 20.432 -0.004 C
321 16 14.996 21.577 -0.347 N
322 16 16.950 20.300 -0.005 N
323 16 17.353 19.054 0.415 C
324 17 23.131 21.738 1.152 P
325 17 24.129 22.679 0.624 O
326 17 23.289 21.089 2.460 O
327 17 21.749 22.521 1.141 O
328 17 21.402 23.317 0.052 C
329 17 20.267 24.237 0.405 C
330 17 19.094 23.441 0.797 O
331 17 20.588 25.053 1.683 C
332 17 19.908 26.310 1.639 O
333 17 20.025 24.162 2.780 C
334 17 18.743 23.546 2.187 C
335 17 18.364 22.208 2.801 N
336 17 19.175 21.217 3.290 C
337 17 18.539 20.170 3.761 N
338 17 17.207 20.486 3.575 C
339 17 16.001 19.783 3.886 C
340 17 15.974 18.556 4.437 N
341 17 14.825 20.394 3.592 N
342 17 14.871 21.603 3.025 C
343 17 15.927 22.352 2.682 N
344 17 17.090 21.722 2.994 C
345 18 20.006 27.572 2.681 P
346 18 20.735 28.655 1.965 O
347 18 20.413 27.122 4.048 O
348 18 18.428 28.049 2.672 O
349 18 17.483 26.996 2.879 C
350 18 16.098 27.255 3.432 C
351 18 15.659 25.957 3.816 O
352 18 16.040 28.141 4.694 C
353 18 14.686 28.699 4.903 O
354 18 16.340 27.109 5.759 C
355 18 15.661 25.891 5.227 C
356 18 16.287 24.622 5.640 N
357 18 17.604 24.235 5.726 C
358 18 17.754 23.023 6.168 N
359 18 16.453 22.561 6.389 C
360 18 15.938 21.349 6.847 C
361 18 16.699 20.303 7.150 N
362 18 14.609 21.226 6.951 N
363 18 13.839 22.254 6.608 C
364 18 14.176 23.450 6.153 N
365 18 15.538 23.531 6.071 C
366 19 14.325 29.889 5.994 P
367 19 13.511 30.886 5.265 O
368 19 15.603 30.270 6.670 O
369 19 13.429 29.250 7.083 O
370 19 13.153 27.888 6.864 C
371 19 11.903 27.398 7.436 C
372 19 12.120 25.996 7.588 O
373 19 11.640 28.033 8.778 C
374 19 10.211 28.027 9.026 O
375 19 12.451 27.070 9.618 C
376 19 12.299 25.714 8.955 C
377 19 13.503 24.912 9.197 N
378 19 13.324 23.622 9.659 C
379 19 12.251 23.057 9.851 O
380 19 14.461 22.946 9.955 N
381 19 15.744 23.425 9.837 C
382 19 16.672 22.723 10.174 O
383 19 15.864 24.745 9.349 C
384 19 17.259 25.317 9.176 C
385 19 14.758 25.452 9.042 C
386 20 9.561 28.779 10.315 P
387 20 8.490 29.653 9.818 O
388 20 10.548 29.326 11.257 O
389 20 8.841 27.577 11.082 O
390 20 9.576 26.365 11.161 C
391 20 8.891 25.344 11.911 C
392 20 9.902 24.335 12.130 O
393 20 8.476 25.836 13.270 C
394 20 7.379 25.051 13.700 O
395 20 9.763 25.568 14.093 C
396 20 10.369 24.306 13.501 C
397 20 11.871 24.267 13.392 N
398 20 12.541 23.043 13.578 C
399 20 11.964 21.984 13.852 O
400 20 13.962 23.066 13.449 N
401 20 14.713 24.215 13.152 C
402 20 15.941 24.192 13.028 O
403 20 13.926 25.399 12.989 C
404 20 14.668 26.655 12.728 C
405 20 12.583 25.405 13.101 C
406 21 6.770 25.164 15.207 P
407 21 5.470 24.457 15.197 O
408 21 6.804 26.582 15.602 O
409 21 7.779 24.371 16.149 O
410 21 7.957 23.037 15.736 C
411 21 8.045 22.022 16.775 C
412 21 9.447 21.688 16.829 O
413 21 7.536 22.468 18.130 C
414 21 6.994 21.307 18.814 O
415 21 8.868 23.031 18.645 C
416 21 10.031 22.211 18.024 C
417 21 11.251 22.964 17.543 N
418 21 12.472 22.252 17.373 C
419 21 12.553 21.044 17.603 O
420 21 13.588 22.922 16.930 N
421 21 13.525 24.223 16.661 C
422 21 14.624 24.847 16.255 N
423 21 12.302 24.967 16.817 C
424 21 11.206 24.302 17.257 C
425 22 6.563 21.306 20.374 P
426 22 5.763 20.101 20.745 O
427 22 6.148 22.671 20.779 O
428 22 8.004 21.050 21.076 O
429 22 8.403 19.711 21.512 C
430 22 9.666 19.506 22.422 C
431 22 10.875 20.062 21.837 O
432 22 9.487 20.343 23.649 C
433 22 10.243 19.865 24.685 O
434 22 10.112 21.679 23.301 C
435 22 11.317 21.217 22.557 C
436 22 11.932 22.343 21.790 N
437 22 11.424 23.518 21.398 C
438 22 12.287 24.296 20.819 N
439 22 13.463 23.596 20.823 C
440 22 14.745 23.948 20.332 C
441 22 15.086 25.012 19.797 O
442 22 15.665 22.934 20.531 N
443 22 15.360 21.781 21.124 C
444 22 16.331 20.941 21.224 N
445 22 14.180 21.431 21.597 N
446 22 13.268 22.391 21.410 C
447 23 9.684 18.841 25.711 P
448 23 9.208 17.601 25.028 O
449 23 8.889 19.570 26.709 O
450 23 11.070 18.501 26.349 O
451 23 11.881 17.773 25.414 C
452 23 13.351 17.654 25.700 C
453 23 14.035 18.646 24.921 O
454 23 13.553 17.931 27.170 C
455 23 14.631 17.286 27.849 O
456 23 13.805 19.377 27.077 C
457 23 14.526 19.623 25.797 C
458 23 14.266 21.028 25.343 N
459 23 15.307 21.665 24.699 C
460 23 16.356 21.119 24.446 O
461 23 15.174 22.941 24.327 N
462 23 14.043 23.594 24.578 C
463 23 13.998 24.828 24.163 N
464 23 12.934 22.994 25.236 C
465 23 13.093 21.704 25.597 C
466 24 14.784 17.446 29.517 P
467 24 14.248 16.257 30.198 O
468 24 14.414 18.790 30.017 O
469 24 16.358 17.376 29.594 O
470 24 17.013 18.008 28.502 C
471 24 18.368 18.348 28.808 C
472 24 18.685 19.425 27.875 O
473 24 18.474 18.766 30.274 C
474 24 19.753 18.514 30.898 O
475 24 18.201 20.180 30.048 C
476 24 18.674 20.628 28.636 C
477 24 17.639 21.633 28.311 N
478 24 16.317 21.587 28.630 C
479 24 15.646 22.651 28.363 N
480 24 16.585 23.477 27.813 C
481 24 16.408 24.754 27.323 C
482 24 15.369 25.402 27.279 O
483 24 17.580 25.258 26.830 N
484 24 18.770 24.593 26.816 C
485 24 19.793 25.249 26.304 N
486 24 18.950 23.368 27.279 N
487 24 17.806 22.874 27.766 C
