1328
1 1 43.894 -3.210 9.026 N
2 1 43.382 -1.888 9.130 C
3 1 41.943 -1.938 9.611 C
4 1 41.239 -2.932 9.393 O
5 1 43.528 -1.285 7.722 C
6 1 42.847 0.042 7.573 C
7 1 43.994 1.385 7.916 S
8 1 45.379 0.655 7.041 C
9 2 41.491 -0.874 10.272 N
10 2 40.111 -0.736 10.747 C
11 2 39.791 0.757 10.774 C
12 2 40.687 1.581 10.592 O
13 2 39.906 -1.382 12.176 C
14 2 40.917 -0.885 13.174 C
15 2 40.952 0.309 13.506 O
16 2 41.772 -1.785 13.662 N
17 3 38.565 1.071 11.176 N
18 3 38.060 2.445 11.228 C
19 3 38.916 3.365 12.099 C
20 3 39.127 4.525 11.760 O
21 3 36.585 2.489 11.607 C
22 3 36.006 3.917 11.517 C
23 3 36.296 1.828 13.005 C
24 3 36.234 4.622 10.156 C
25 4 39.412 2.848 13.233 N
26 4 40.216 3.699 14.108 C
27 4 41.542 4.048 13.499 C
28 4 41.952 5.193 13.496 O
29 4 40.428 2.994 15.463 C
30 4 39.153 2.968 16.283 C
31 4 38.822 4.017 17.147 C
32 4 38.328 1.835 16.242 C
33 4 37.669 3.937 17.931 C
34 4 37.129 1.783 16.957 C
35 4 36.836 2.821 17.838 C
36 5 42.200 3.028 12.925 N
37 5 43.454 3.261 12.263 C
38 5 43.259 4.196 11.073 C
39 5 44.075 5.048 10.777 O
40 5 43.968 1.950 11.716 C
41 5 44.617 1.120 12.858 C
42 5 45.167 -0.200 12.377 C
43 5 45.423 -0.436 11.219 O
44 5 45.411 -1.040 13.341 O
45 6 42.193 3.970 10.353 N
46 6 41.905 4.776 9.183 C
47 6 41.697 6.224 9.566 C
48 6 42.233 7.163 8.934 O
49 6 40.608 4.231 8.542 C
50 6 40.210 4.940 7.266 C
51 6 38.461 4.606 6.882 S
52 6 38.432 4.847 5.080 C
53 7 40.820 6.469 10.524 N
54 7 40.617 7.881 10.868 C
55 7 41.856 8.482 11.548 C
56 7 42.126 9.682 11.475 O
57 7 39.417 8.028 11.786 C
58 7 38.106 8.023 11.043 C
59 7 36.953 7.772 12.028 C
60 7 37.945 9.388 10.378 C
61 8 42.613 7.654 12.252 N
62 8 43.828 8.203 12.858 C
63 8 44.809 8.726 11.778 C
64 8 45.494 9.731 11.940 O
65 8 44.453 7.160 13.761 C
66 8 45.832 7.554 14.214 C
67 8 45.808 8.647 15.277 C
68 8 47.117 8.840 15.895 N
69 8 48.169 9.406 15.290 
70 8 48.121 9.843 14.031 N
71 8 49.312 9.523 15.969 
72 9 44.833 8.079 10.612 N
73 9 45.660 8.514 9.480 C
74 9 45.091 9.804 8.908 C
75 9 45.807 10.779 8.714 O
76 9 45.795 7.398 8.413 C
77 9 46.829 6.374 8.854 C
78 9 46.269 7.940 7.062 C
79 9 46.597 5.089 8.082 C
80 10 43.772 9.882 8.723 N
81 10 43.176 11.045 8.099 C
82 10 43.146 12.295 8.969 C
83 10 43.143 13.411 8.459 O
84 10 41.738 10.782 7.604 C
85 10 41.763 9.934 6.346 C
86 10 42.706 9.893 5.589 O
87 10 40.761 9.112 6.246 O
88 11 43.017 12.118 10.284 N
89 11 42.877 13.279 11.185 C
90 11 44.168 13.649 11.917 C
91 11 44.295 14.765 12.382 O
92 11 41.803 12.952 12.245 C
93 11 40.444 12.742 11.581 C
94 11 39.849 14.013 11.024 C
95 11 40.348 15.113 11.203 O
96 11 38.675 13.844 10.489 O
97 12 45.080 12.709 12.113 N
98 12 46.316 12.975 12.850 C
99 12 45.999 12.985 14.334 C
100 12 44.914 12.611 14.721 O
101 13 46.958 13.375 15.164 N
102 13 46.728 13.485 16.601 C
103 13 47.468 14.725 17.098 C
104 13 48.655 14.840 16.867 O
105 13 47.326 12.267 17.287 C
106 13 47.563 12.479 18.799 C
107 13 46.235 12.526 19.524 C
108 13 48.301 11.275 19.361 C
109 14 46.764 15.661 17.706 N
110 14 47.352 16.857 18.255 C
111 14 46.843 17.017 19.668 C
112 14 45.662 16.923 19.922 O
113 14 47.067 18.105 17.435 C
114 14 47.809 18.020 16.098 C
115 14 47.694 19.240 15.178 C
116 14 48.398 20.422 15.697 
117 14 48.473 21.639 15.108 
118 14 47.907 21.943 13.924 N
119 14 49.157 22.601 15.731 
120 15 47.767 17.254 20.591 N
121 15 47.427 17.338 21.997 C
122 15 47.120 18.738 22.512 C
123 15 46.718 18.921 23.660 O
124 15 48.508 16.656 22.857 C
125 15 48.687 15.156 22.590 C
126 15 49.689 14.620 23.583 C
127 15 47.386 14.386 22.744 C
128 16 47.305 19.724 21.648 N
129 16 47.010 21.088 21.961 C
130 16 45.932 21.579 21.011 C
131 16 45.838 21.104 19.891 O
132 16 48.290 21.911 21.794 C
133 16 48.038 23.396 21.784 C
134 16 48.151 24.012 23.173 
135 16 46.833 24.569 23.713 
136 16 46.415 25.842 23.087 
137 17 45.089 22.513 21.483 N
138 17 44.050 23.048 20.641 C
139 17 44.616 23.541 19.302 C
140 17 45.601 24.296 19.285 O
141 17 43.298 24.162 21.331 C
142 17 42.458 23.512 22.412 C
143 17 42.358 24.922 20.359 C
144 17 41.804 24.530 23.354 C
145 18 43.988 23.156 18.174 N
146 18 44.482 23.616 16.879 C
147 18 43.307 23.991 16.007 C
148 18 42.164 23.776 16.412 O
149 18 45.366 22.545 16.201 C
150 18 44.608 21.246 15.861 C
151 18 44.412 20.265 16.832 C
152 18 44.082 21.021 14.577 C
153 18 43.769 19.070 16.490 C
154 18 43.410 19.844 14.217 C
155 18 43.231 18.880 15.207 C
156 18 42.631 17.683 14.887 O
157 19 43.567 24.575 14.832 N
158 19 42.486 24.899 13.904 C
159 19 42.434 23.862 12.808 C
160 19 43.462 23.462 12.268 O
161 19 42.577 26.282 13.296 C
162 19 42.226 27.369 14.266 C
163 19 41.941 28.622 13.507 C
164 19 42.095 29.864 14.344 C
165 19 41.622 31.069 13.641 N
166 20 41.228 23.393 12.500 N
167 20 41.083 22.382 11.481 C
168 20 41.173 23.029 10.078 C
169 20 41.464 24.206 9.913 O
170 20 39.812 21.543 11.668 C
171 20 38.577 22.308 11.312 C
172 20 38.557 23.441 10.909 O
173 20 37.493 21.613 11.393 O
174 21 40.839 22.250 9.062 N
175 21 40.956 22.770 7.692 C
176 21 40.023 23.932 7.404 C
177 21 40.297 24.729 6.506 O
178 21 40.776 21.633 6.644 C
179 21 39.410 21.266 6.659 O
180 21 41.586 20.373 7.030 C
181 22 38.884 24.004 8.130 N
182 22 37.914 25.085 7.975 C
183 22 38.192 26.255 8.894 C
184 22 37.482 27.238 8.821 O
185 22 36.501 24.629 8.248 C
186 22 36.107 23.428 7.374 C
187 22 35.843 23.872 5.950 C
188 22 35.604 25.037 5.651 O
189 22 35.995 22.909 5.072 O
190 23 39.225 26.123 9.732 N
191 23 39.610 27.143 10.665 C
192 23 38.862 27.003 11.984 C
193 23 38.829 27.946 12.753 O
194 24 38.278 25.823 12.267 N
195 24 37.610 25.687 13.555 C
196 24 38.475 25.021 14.611 C
197 24 39.255 24.088 14.356 O
198 24 36.361 24.847 13.500 C
199 24 35.399 25.345 12.510 C
200 24 35.036 26.688 12.520 C
201 24 34.843 24.456 11.591 C
202 24 34.112 27.152 11.587 C
203 24 33.901 24.911 10.671 C
204 24 33.563 26.265 10.660 C
205 24 32.636 26.719 9.752 O
206 25 38.283 25.485 15.854 N
207 25 39.021 24.928 16.971 C
208 25 38.688 23.458 17.217 C
209 25 37.529 23.069 17.388 O
210 25 38.713 25.777 18.235 C
211 25 39.389 27.125 18.143 C
212 25 40.778 27.195 18.013 C
213 25 38.622 28.296 18.231 C
214 25 41.423 28.437 18.001 C
215 25 39.251 29.539 18.212 C
216 25 40.643 29.594 18.119 C
217 25 41.253 30.819 18.091 O
218 26 39.755 22.675 17.268 N
219 26 39.704 21.230 17.372 C
220 26 40.803 20.765 18.297 C
221 26 41.764 21.488 18.542 O
222 26 39.948 20.704 15.889 C
223 26 38.983 21.300 15.058 O
224 26 39.919 19.185 15.659 C
225 27 40.737 19.487 18.724 N
226 27 41.828 18.917 19.502 C
227 27 41.871 17.395 19.270 C
228 27 40.877 16.797 18.857 O
229 27 41.728 19.248 21.024 C
230 27 43.055 18.978 21.768 C
231 27 40.577 18.457 21.659 C
232 27 43.275 19.887 22.944 C
233 28 42.964 16.751 19.656 N
234 28 43.023 15.294 19.613 C
235 28 43.021 14.765 18.204 C
236 28 43.806 15.256 17.351 O
237 29 42.170 13.757 18.016 N
238 29 42.014 13.093 16.738 C
239 29 40.785 13.627 16.034 C
240 29 39.779 12.972 15.952 O
241 29 42.044 11.553 16.850 C
242 29 43.322 11.191 17.605 C
243 29 42.061 10.901 15.433 C
244 29 43.299 9.814 18.258 C
245 30 40.876 14.893 15.570 N
246 30 39.789 15.486 14.846 C
247 30 38.579 15.752 15.713 C
248 30 37.455 15.750 15.235 O
249 31 38.770 16.007 16.992 N
250 31 37.619 16.314 17.845 C
251 31 37.253 17.808 17.812 C
252 31 37.900 18.624 18.466 O
253 31 37.850 15.856 19.326 C
254 31 36.623 16.150 20.135 C
255 31 35.543 15.282 20.172 N
256 31 36.298 17.247 20.856 C
257 31 34.614 15.844 20.926 C
258 31 35.034 17.032 21.361 N
259 32 36.181 18.149 17.066 N
260 32 35.732 19.532 16.914 C
261 32 35.252 20.115 18.233 C
262 32 34.428 19.540 18.934 O
263 32 34.635 19.676 15.848 C
264 32 34.013 21.100 15.870 C
265 32 34.895 22.117 15.137 C
266 32 32.635 21.096 15.241 C
267 33 35.782 21.226 18.609 N
268 33 35.350 21.786 19.884 C
269 33 34.198 22.777 19.716 C
270 33 33.186 22.755 20.416 O
271 33 36.568 22.429 20.597 C
272 33 37.570 21.396 21.129 C
273 33 38.814 22.150 21.597 C
274 33 36.916 20.721 22.346 C
275 34 34.371 23.664 18.756 N
276 34 33.416 24.709 18.549 C
277 34 33.677 25.364 17.217 C
278 34 34.810 25.442 16.754 O
279 34 33.506 25.810 19.682 C
280 34 32.459 26.779 19.518 O
281 34 34.863 26.538 19.737 C
282 35 32.625 25.947 16.686 N
283 35 32.768 26.716 15.467 C
284 35 32.959 28.185 15.801 C
285 35 33.211 28.995 14.918 O
286 35 31.616 26.503 14.477 C
287 35 31.617 25.069 13.941 C
288 35 30.423 24.729 13.067 C
289 35 30.550 23.360 12.410 C
290 35 29.462 23.057 11.461 
291 36 32.881 28.524 17.080 N
292 36 33.103 29.896 17.510 C
293 36 34.554 30.331 17.347 C
294 36 35.494 29.544 17.514 O
295 36 32.659 30.120 18.944 C
296 36 33.292 31.271 19.485 O
297 37 34.727 31.622 16.986 N
298 37 36.048 32.174 16.744 C
299 37 36.792 32.475 18.020 C
300 37 37.957 32.838 17.990 O
301 37 35.872 33.446 15.917 C
302 37 34.376 33.614 15.678 C
303 37 33.661 32.457 16.357 C
304 38 36.138 32.261 19.151 N
305 38 36.783 32.513 20.427 C
306 38 37.501 31.299 21.000 C
307 38 36.900 30.268 21.269 O
308 38 35.770 33.027 21.446 C
309 38 36.353 33.023 22.744 O
310 39 38.781 31.485 21.271 N
311 39 39.642 30.484 21.851 C
312 39 39.166 30.181 23.251 C
313 39 39.224 29.073 23.753 O
314 39 41.117 30.951 21.836 C
315 39 42.026 29.881 22.408 C
316 39 42.079 28.654 21.510 C
317 39 43.421 30.437 22.581 C
318 40 38.630 31.195 23.877 N
319 40 38.095 30.962 25.202 C
320 40 36.929 29.980 25.167 C
321 40 36.784 29.098 26.019 O
322 40 37.576 32.285 25.795 C
323 40 38.707 33.144 26.226 
324 40 39.849 32.651 26.324 O
325 40 38.381 34.416 26.468 
326 41 36.022 30.245 24.238 N
327 41 34.889 29.392 24.053 C
328 41 35.401 27.964 23.847 C
329 41 34.890 27.006 24.433 O
330 41 34.111 29.846 22.840 C
331 42 36.433 27.849 23.018 N
332 42 37.000 26.543 22.725 C
333 42 37.538 25.884 23.978 C
334 42 37.346 24.695 24.222 O
335 42 38.112 26.689 21.697 C
336 43 38.241 26.657 24.798 N
337 43 38.836 26.112 26.012 C
338 43 37.756 25.715 26.994 C
339 43 37.861 24.724 27.705 O
340 43 39.686 27.158 26.698 C
341 43 41.075 27.268 26.101 C
342 43 41.822 28.539 26.523 C
343 43 43.328 28.491 26.268 
344 43 44.146 28.703 27.475 
345 44 36.678 26.430 26.956 N
346 44 35.583 26.056 27.815 C
347 44 34.968 24.734 27.400 C
348 44 34.641 23.867 28.218 O
349 44 34.497 27.134 27.762 C
350 44 33.386 26.767 28.572 O
351 45 34.734 24.611 26.110 N
352 45 34.173 23.362 25.613 C
353 45 35.135 22.207 25.906 C
354 45 34.726 21.091 26.241 O
355 45 33.964 23.396 24.089 C
356 45 32.771 24.276 23.656 C
357 45 31.455 23.689 24.145 C
358 45 31.129 22.539 23.985 O
359 45 30.692 24.539 24.764 O
360 46 36.430 22.445 25.771 N
361 46 37.395 21.369 26.035 C
362 46 37.348 20.874 27.517 C
363 46 37.373 19.681 27.829 O
364 46 38.798 21.834 25.659 C
365 46 39.878 20.858 26.045 C
366 46 39.665 19.578 25.285 C
367 46 41.218 21.501 25.633 C
368 47 37.310 21.842 28.448 N
369 47 37.248 21.518 29.870 C
370 47 36.018 20.738 30.206 C
371 47 36.111 19.723 30.926 O
372 47 37.386 22.753 30.755 C
373 47 38.804 23.284 30.715 C
374 47 39.788 22.798 30.133 O
375 47 38.829 24.395 31.322 O
376 48 34.905 21.168 29.597 N
377 48 33.635 20.481 29.742 C
378 48 33.695 19.016 29.184 C
379 48 33.154 18.036 29.739 O
380 48 32.582 21.346 29.056 C
381 48 31.272 20.646 28.768 C
382 48 30.097 21.598 28.535 C
383 48 30.081 22.207 27.163 C
384 48 29.741 21.268 26.098 N
385 49 34.374 18.845 28.054 N
386 49 34.422 17.508 27.455 C
387 49 35.288 16.553 28.241 C
388 49 35.037 15.374 28.246 O
389 49 34.984 17.586 26.039 C
390 50 36.353 17.100 28.825 N
391 50 37.365 16.349 29.555 C
392 50 37.054 16.167 31.011 C
393 50 37.492 15.219 31.665 O
394 50 38.715 17.062 29.404 C
395 50 39.102 16.972 27.936 C
396 50 39.782 16.340 30.207 C
397 50 39.165 15.522 27.432 C
398 51 36.336 17.098 31.542 N
399 51 36.022 16.979 32.952 C
400 51 37.117 17.536 33.862 C
401 51 37.177 17.191 35.032 O
402 52 38.012 18.381 33.352 N
403 52 39.069 19.021 34.143 C
404 52 39.507 20.341 33.516 C
405 52 39.099 20.658 32.393 O
406 52 40.242 18.143 34.489 C
407 52 41.218 18.006 33.347 C
408 52 42.210 16.899 33.618 C
409 52 43.059 16.636 32.470 N
410 52 43.972 17.488 32.022 C
411 52 44.232 18.648 32.645 N
412 52 44.693 17.162 30.956 N
413 53 40.226 21.160 34.300 N
414 53 40.664 22.459 33.777 C
415 53 41.885 22.189 32.954 C
416 53 42.918 21.836 33.512 O
417 53 41.013 23.438 34.906 C
418 53 40.156 24.645 34.740 
419 53 38.917 24.529 34.799 
420 53 40.806 25.746 34.342 N
421 54 41.749 22.165 31.642 N
422 54 42.889 21.704 30.854 C
423 54 43.877 22.769 30.443 C
424 54 45.032 22.472 30.101 O
425 54 42.379 21.068 29.560 C
426 54 41.724 22.096 28.806 O
427 54 41.447 19.896 29.907 C
428 55 43.414 24.003 30.336 N
429 55 44.321 24.965 29.765 C
430 55 44.673 24.592 28.309 C
431 55 45.772 24.855 27.838 O
432 55 45.617 25.143 30.574 C
433 55 46.136 26.567 30.490 
434 55 45.392 27.528 30.140 O
435 55 47.433 26.692 30.788 
436 56 43.755 23.958 27.586 N
437 56 44.026 23.693 26.176 C
438 56 45.011 22.604 25.831 C
439 56 45.306 22.429 24.658 O
440 57 45.471 21.851 26.822 N
441 57 46.340 20.724 26.567 C
442 57 45.761 19.476 27.190 C
443 57 45.244 19.521 28.302 O
444 57 47.749 20.901 27.094 C
445 57 48.598 19.686 26.735 C
446 57 48.333 22.173 26.494 C
447 58 45.819 18.353 26.462 N
448 58 45.296 17.072 26.968 C
449 58 46.347 16.016 26.778 C
450 58 47.339 16.225 26.050 O
451 58 43.986 16.629 26.284 C
452 58 44.191 16.379 24.753 C
453 58 42.861 17.648 26.570 C
454 58 42.931 15.790 24.094 C
455 59 46.139 14.880 27.426 N
456 59 47.068 13.812 27.288 C
457 59 46.605 12.880 26.162 C
458 59 45.486 12.957 25.679 O
459 59 47.096 12.990 28.602 C
460 59 45.888 12.260 28.693 O
461 59 47.193 13.936 29.785 C
462 60 47.476 11.960 25.783 N
463 60 47.147 10.984 24.771 C
464 60 45.951 10.128 25.130 C
465 60 45.088 9.897 24.284 O
466 60 48.349 10.137 24.400 C
467 60 48.066 9.155 23.284 C
468 60 49.360 8.592 22.711 C
469 60 49.167 7.483 21.684 C
470 60 49.980 7.674 20.466 
471 61 45.876 9.655 26.371 N
472 61 44.727 8.863 26.752 C
473 61 43.426 9.637 26.633 C
474 61 42.395 9.080 26.303 O
475 61 44.775 8.370 28.203 C
476 61 46.000 7.573 28.502 C
477 61 46.631 6.958 27.665 O
478 61 46.361 7.692 29.748 O
479 62 43.460 10.903 27.035 N
480 62 42.285 11.752 26.958 C
481 62 41.856 11.902 25.496 C
482 62 40.670 11.800 25.186 O
483 62 42.608 13.133 27.510 C
484 62 42.635 13.045 29.068 C
485 62 43.127 14.277 29.782 C
486 62 43.817 15.130 29.254 O
487 62 42.707 14.343 31.031 O
488 63 42.854 12.109 24.607 N
489 63 42.565 12.233 23.167 C
490 63 41.907 10.950 22.647 C
491 63 40.939 10.988 21.870 O
492 63 43.827 12.546 22.378 C
493 64 42.444 9.816 23.083 N
494 64 41.919 8.525 22.655 C
495 64 40.537 8.265 23.193 C
496 64 39.716 7.635 22.534 O
497 64 42.901 7.388 22.974 C
498 64 43.956 7.319 21.861 C
499 64 45.082 6.457 22.267 
500 64 45.097 5.848 23.329 O
501 64 46.040 6.489 21.388 O
502 65 40.253 8.797 24.349 N
503 65 38.923 8.588 24.907 C
504 65 37.883 9.414 24.132 C
505 65 36.807 8.917 23.727 O
506 65 38.915 8.905 26.403 C
507 65 37.569 8.593 27.010 C
508 65 37.652 8.299 28.491 C
509 65 36.310 7.899 29.078 C
510 65 36.116 8.381 30.460 N
511 66 38.223 10.675 23.805 N
512 66 37.302 11.434 22.969 C
513 66 37.111 10.729 21.617 C
514 66 36.006 10.724 21.031 O
515 66 37.876 12.822 22.615 C
516 66 37.975 13.739 23.833 C
517 66 38.567 15.053 23.370 C
518 66 36.600 13.995 24.434 C
519 67 38.206 10.197 21.095 N
520 67 38.160 9.527 19.792 C
521 67 37.220 8.339 19.808 C
522 67 36.361 8.176 18.916 O
523 67 39.577 9.135 19.375 C
524 67 39.686 8.487 17.986 C
525 67 38.998 9.010 16.881 C
526 67 40.565 7.418 17.777 C
527 67 39.201 8.500 15.588 C
528 67 40.786 6.893 16.494 C
529 67 40.087 7.431 15.406 C
530 68 37.334 7.480 20.829 N
531 68 36.407 6.360 20.940 C
532 68 34.954 6.843 21.001 C
533 68 34.035 6.259 20.374 O
534 68 36.648 5.602 22.261 C
535 68 37.515 4.410 22.097 C
536 68 37.055 3.393 21.590 O
537 68 38.710 4.493 22.663 N
538 69 34.689 7.901 21.810 N
539 69 33.314 8.411 21.897 C
540 69 32.820 8.870 20.536 C
541 69 31.641 8.726 20.192 O
542 69 33.176 9.609 22.882 C
543 69 33.555 9.085 24.261 C
544 69 33.675 10.187 25.288 C
545 69 33.792 9.909 26.462 O
546 69 33.691 11.424 24.866 N
547 70 33.717 9.573 19.829 N
548 70 33.397 10.126 18.494 C
549 70 33.082 9.070 17.424 C
550 70 32.102 9.204 16.652 O
551 70 34.454 11.117 17.991 C
552 70 34.460 12.368 18.844 C
553 70 33.539 12.688 19.577 O
554 70 35.526 13.093 18.707 O
555 71 33.853 7.986 17.432 N
556 71 33.579 6.878 16.507 C
557 71 32.285 6.228 16.861 C
558 71 31.429 5.992 16.013 O
559 71 34.711 5.841 16.462 C
560 71 34.302 4.658 15.584 C
561 71 35.963 6.516 15.908 C
562 72 32.094 6.020 18.177 N
563 72 30.840 5.468 18.627 C
564 72 29.653 6.298 18.178 C
565 72 28.637 5.791 17.680 O
566 72 30.849 5.289 20.162 C
567 72 30.099 4.038 20.512 C
568 72 30.090 3.039 19.819 
569 72 29.371 4.171 21.558 O
570 73 29.735 7.579 18.416 N
571 73 28.681 8.456 18.029 C
572 73 28.435 8.438 16.512 C
573 73 27.314 8.601 16.061 O
574 73 28.976 9.891 18.492 C
575 74 29.466 8.368 15.675 N
576 74 29.238 8.348 14.219 C
577 74 28.429 7.080 13.822 C
578 74 27.471 7.132 13.033 O
579 74 30.570 8.379 13.475 C
580 75 28.828 5.942 14.394 N
581 75 28.134 4.725 14.070 C
582 75 26.676 4.845 14.462 C
583 75 25.748 4.494 13.742 O
584 75 28.814 3.541 14.720 C
585 75 27.994 2.261 14.475 C
586 75 30.213 3.411 14.127 C
587 76 26.470 5.384 15.634 N
588 76 25.123 5.486 16.117 C
589 76 24.240 6.439 15.328 C
590 76 23.053 6.173 15.018 O
591 76 25.038 5.366 17.656 C
592 76 25.232 3.880 18.030 C
593 76 25.081 3.562 19.497 C
594 76 26.219 4.100 20.212 
595 76 26.188 4.774 21.356 
596 76 25.075 5.046 22.046 N
597 76 27.345 5.225 21.818 
598 77 24.879 7.495 14.847 N
599 77 24.214 8.449 13.976 C
600 77 23.747 7.746 12.688 C
601 77 22.643 7.948 12.194 O
602 78 24.625 6.920 12.128 N
603 78 24.285 6.164 10.944 C
604 78 23.062 5.270 11.183 C
605 78 22.113 5.259 10.427 O
606 78 25.487 5.305 10.476 C
607 78 26.473 6.228 9.728 C
608 78 24.999 4.209 9.508 C
609 78 27.908 5.642 9.587 C
610 79 23.110 4.475 12.232 N
611 79 22.051 3.511 12.495 C
612 79 20.733 4.134 12.828 C
613 79 19.720 3.538 12.605 O
614 79 22.461 2.453 13.532 C
615 79 23.810 1.803 13.256 C
616 79 24.234 1.107 14.522 C
617 79 23.739 0.759 12.153 C
618 80 20.772 5.350 13.333 N
619 80 19.576 6.073 13.673 C
620 80 19.000 6.837 12.486 C
621 80 17.905 7.404 12.562 O
622 80 19.953 7.141 14.703 C
623 80 19.670 6.861 16.168 C
624 80 19.544 8.176 16.953 
625 80 20.703 9.085 16.840 
626 80 20.924 9.997 15.870 
627 80 20.092 10.200 14.831 
628 80 22.037 10.734 15.950 N
629 81 19.767 6.971 11.416 N
630 81 19.322 7.784 10.315 C
631 81 18.599 6.966 9.257 C
632 81 19.162 5.972 8.800 O
633 81 20.538 8.545 9.741 C
634 81 20.131 9.579 8.714 C
635 81 19.687 9.259 7.602 O
636 81 20.355 10.844 9.030 N
637 82 17.356 7.342 8.892 N
638 82 16.573 6.577 7.915 C
639 82 17.175 6.507 6.529 C
640 82 16.875 5.604 5.769 O
641 82 15.127 7.031 7.811 C
642 83 17.978 7.487 6.153 N
643 83 18.625 7.440 4.860 C
644 83 19.961 6.670 4.917 C
645 83 20.385 6.027 3.965 O
646 83 18.894 8.833 4.287 C
647 83 17.650 9.613 3.881 C
648 83 17.210 10.637 4.923 
649 83 17.550 12.106 4.594 
650 83 18.116 12.366 3.248 
651 84 20.651 6.771 6.030 N
652 84 21.969 6.149 6.127 C
653 84 21.956 4.673 6.434 C
654 84 22.756 3.897 5.949 O
655 84 22.933 6.912 7.100 C
656 84 23.188 8.392 6.709 C
657 84 23.942 9.118 7.837 C
658 84 23.970 8.517 5.417 C
659 85 21.135 4.294 7.353 N
660 85 21.143 2.911 7.788 C
661 85 21.038 1.854 6.668 C
662 85 21.712 0.818 6.681 O
663 85 20.016 2.737 8.797 C
664 85 20.145 1.358 9.397 C
665 85 19.198 1.102 10.540 C
666 85 19.508 -0.225 11.202 C
667 85 19.053 -1.344 10.374 N
668 86 20.105 2.061 5.731 N
669 86 19.922 1.055 4.720 C
670 86 21.170 0.943 3.858 C
671 86 21.554 -0.147 3.442 O
672 86 18.699 1.453 3.895 C
673 86 18.203 2.759 4.476 C
674 86 19.093 3.135 5.644 C
675 87 21.848 2.068 3.619 N
676 87 23.096 2.017 2.838 C
677 87 24.151 1.225 3.619 C
678 87 24.804 0.326 3.116 O
679 87 23.605 3.435 2.501 C
680 87 24.944 3.355 1.715 C
681 87 22.478 4.196 1.759 C
682 88 24.329 1.609 4.880 N
683 88 25.279 0.956 5.771 C
684 88 25.022 -0.558 5.825 C
685 88 25.934 -1.360 5.638 O
686 88 25.162 1.597 7.197 C
687 88 26.210 1.082 8.192 C
688 88 27.471 1.667 8.262 C
689 88 25.931 -0.012 9.013 C
690 88 28.403 1.226 9.202 C
691 88 26.879 -0.522 9.895 C
692 88 28.104 0.133 10.017 C
693 88 29.051 -0.333 10.898 O
694 89 23.762 -0.945 6.001 N
695 89 23.413 -2.367 6.064 C
696 89 23.710 -3.098 4.781 C
697 89 24.012 -4.295 4.792 O
698 89 21.930 -2.577 6.398 C
699 89 21.625 -2.299 7.861 C
700 89 22.480 -2.130 8.715 O
701 89 20.357 -2.167 8.082 O
702 90 23.655 -2.387 3.659 N
703 90 23.904 -3.053 2.395 C
704 90 25.362 -3.298 2.108 C
705 90 25.720 -4.070 1.213 O
706 90 23.280 -2.258 1.265 C
707 90 24.100 -1.143 0.988 O
708 91 26.259 -2.585 2.806 N
709 91 27.665 -2.619 2.466 C
710 91 28.472 -3.704 3.137 C
711 91 28.098 -4.137 4.234 O
712 91 28.332 -1.245 2.830 C
713 91 27.836 -0.005 1.984 C
714 91 28.294 1.336 2.630 C
715 91 28.391 -0.085 0.547 C
716 92 29.618 -4.040 2.512 N
717 92 30.622 -4.922 3.098 C
718 92 31.444 -4.146 4.185 C
719 92 31.312 -2.920 4.326 O
720 92 31.572 -5.452 2.013 C
721 92 32.262 -4.272 1.345 C
722 92 33.330 -3.790 1.767 O
723 92 31.587 -3.805 0.331 O
724 93 32.257 -4.876 4.970 N
725 93 32.991 -4.284 6.101 C
726 93 33.912 -3.117 5.779 C
727 93 33.951 -2.111 6.495 O
728 93 33.644 -5.340 7.000 C
729 94 34.675 -3.231 4.697 N
730 94 35.584 -2.173 4.349 C
731 94 34.834 -0.939 3.939 C
732 94 35.163 0.167 4.338 O
733 94 36.527 -2.651 3.260 C
734 94 37.489 -1.523 2.887 C
735 94 37.290 -3.861 3.765 C
736 95 33.805 -1.105 3.122 N
737 95 33.056 0.051 2.666 C
738 95 32.259 0.667 3.802 C
739 95 31.994 1.850 3.827 O
740 95 32.188 -0.274 1.456 C
741 95 33.028 -0.539 0.202 C
742 95 32.113 -0.723 -1.016 C
743 95 32.840 -0.939 -2.253 N
744 95 33.165 -2.126 -2.766 C
745 95 32.959 -3.277 -2.114 N
746 95 33.817 -2.142 -3.938 N
747 96 31.849 -0.134 4.769 N
748 96 31.167 0.457 5.943 C
749 96 32.086 1.498 6.639 C
750 96 31.618 2.592 7.067 O
751 96 30.759 -0.606 6.960 C
752 96 29.454 -1.258 6.532 C
753 96 29.072 -2.423 7.488 C
754 96 27.802 -2.997 7.034 N
755 96 27.356 -4.158 7.424 C
756 96 28.070 -4.858 8.286 N
757 96 26.218 -4.651 6.912 N
758 97 33.373 1.137 6.708 N
759 97 34.339 2.015 7.317 C
760 97 34.453 3.322 6.536 C
761 97 34.584 4.395 7.141 O
762 97 35.701 1.360 7.451 C
763 98 34.389 3.253 5.198 N
764 98 34.443 4.489 4.414 C
765 98 33.255 5.396 4.734 C
766 98 33.380 6.643 4.793 O
767 98 34.484 4.217 2.906 C
768 99 32.067 4.787 4.918 N
769 99 30.892 5.588 5.254 C
770 99 31.034 6.235 6.640 C
771 99 30.640 7.392 6.867 O
772 99 29.592 4.731 5.195 C
773 99 28.263 5.495 5.317 C
774 99 28.078 6.498 4.162 C
775 99 27.103 4.479 5.289 C
776 100 31.570 5.483 7.606 N
777 100 31.763 6.030 8.947 C
778 100 32.692 7.235 8.896 C
779 100 32.464 8.273 9.518 O
780 100 32.287 4.968 9.915 C
781 100 31.226 3.840 10.077 C
782 100 32.629 5.594 11.283 C
783 100 31.821 2.584 10.755 C
784 101 33.749 7.097 8.104 N
785 101 34.720 8.162 7.934 C
786 101 34.059 9.466 7.516 C
787 101 34.302 10.550 8.078 O
788 101 35.781 7.728 6.898 C
789 101 37.009 8.628 6.876 C
790 101 36.943 9.867 6.647 O
791 101 38.138 7.983 7.000 N
792 102 33.232 9.370 6.470 N
793 102 32.561 10.578 5.992 C
794 102 31.636 11.164 7.083 C
795 102 31.523 12.354 7.249 O
796 102 31.681 10.277 4.739 C
797 102 32.451 9.903 3.486 C
798 102 31.277 9.641 2.102 S
799 102 30.866 11.359 1.733 C
800 103 30.909 10.313 7.795 N
801 103 30.026 10.826 8.861 C
802 103 30.842 11.462 9.980 C
803 103 30.462 12.467 10.543 O
804 103 29.128 9.720 9.439 C
805 103 28.372 10.230 10.675 C
806 103 28.095 9.345 8.377 C
807 104 31.984 10.885 10.276 N
808 104 32.809 11.454 11.291 C
809 104 33.241 12.853 10.854 C
810 104 33.192 13.830 11.579 O
811 104 34.028 10.534 11.467 C
812 104 34.985 11.004 12.554 C
813 104 35.911 12.015 12.285 C
814 104 34.966 10.399 13.810 C
815 104 36.849 12.386 13.249 C
816 104 35.893 10.761 14.784 C
817 104 36.820 11.762 14.492 C
818 105 33.629 12.978 9.617 N
819 105 34.088 14.248 9.090 C
820 105 33.026 15.336 8.969 C
821 105 33.240 16.481 9.296 O
822 105 34.849 14.034 7.741 C
823 105 35.561 15.334 7.272 C
824 105 36.163 15.274 5.861 C
825 105 36.161 14.213 5.211 O
826 105 36.739 16.398 5.382 N
827 106 31.918 15.011 8.365 N
828 106 30.862 15.948 7.996 C
829 106 29.609 15.868 8.814 C
830 106 28.711 16.650 8.569 O
831 106 30.381 15.624 6.553 C
832 106 31.487 15.637 5.508 C
833 106 30.862 15.502 3.797 S
834 106 31.732 14.071 3.123 C
835 107 29.452 14.853 9.655 N
836 107 28.214 14.698 10.355 C
837 107 27.145 13.999 9.494 C
838 107 27.179 13.989 8.263 O
839 108 26.194 13.406 10.218 N
840 108 25.053 12.624 9.679 C
841 108 24.300 13.366 8.570 C
842 108 23.969 12.897 7.475 O
843 108 24.072 12.476 10.863 C
844 108 23.424 11.128 11.122 C
845 108 22.465 11.268 12.275 C
846 108 22.823 11.684 13.354 
847 108 21.212 11.006 11.980 O
848 109 23.925 14.567 8.964 N
849 109 23.168 15.440 8.124 C
850 109 23.868 15.681 6.812 C
851 109 23.251 15.584 5.746 O
852 109 22.880 16.782 8.845 C
853 109 22.011 16.538 9.919 O
854 109 22.255 17.769 7.862 
855 110 25.162 16.012 6.912 N
856 110 25.930 16.322 5.737 C
857 110 25.945 15.131 4.811 C
858 110 25.651 15.235 3.629 O
859 111 26.275 13.979 5.372 N
860 111 26.338 12.838 4.515 C
861 111 24.967 12.473 3.978 C
862 111 24.864 12.079 2.820 O
863 111 26.996 11.670 5.227 C
864 111 27.097 10.478 4.261 C
865 111 28.373 12.087 5.775 C
866 112 23.935 12.581 4.838 N
867 112 22.590 12.183 4.444 C
868 112 22.152 12.965 3.195 C
869 112 21.273 12.542 2.429 O
870 112 21.616 12.348 5.627 C
871 113 22.808 14.121 2.985 N
872 113 22.538 14.969 1.834 C
873 113 23.032 14.461 0.456 C
874 113 22.613 14.944 -0.600 O
875 114 23.918 13.497 0.455 N
876 114 24.489 12.941 -0.767 C
877 114 23.554 11.874 -1.309 C
878 114 23.907 10.726 -1.510 O
879 114 25.838 12.326 -0.428 C
880 114 27.011 13.277 -0.265 C
881 114 27.003 14.315 0.661 C
882 114 28.160 13.129 -1.044 C
883 114 28.128 15.128 0.820 C
884 114 29.278 13.963 -0.940 C
885 114 29.245 14.989 -0.002 C
886 115 22.356 12.278 -1.595 N
887 115 21.336 11.388 -2.066 C
888 115 21.687 10.488 -3.226 C
889 115 21.485 9.281 -3.180 O
890 115 20.115 12.222 -2.460 C
891 115 19.693 12.866 -1.286 O
892 115 19.043 11.246 -2.906 C
893 116 22.118 11.103 -4.315 N
894 116 22.453 10.324 -5.492 C
895 116 23.578 9.325 -5.258 C
896 116 23.535 8.182 -5.713 O
897 116 22.711 11.265 -6.695 C
898 116 21.465 12.143 -6.954 C
899 116 20.351 11.607 -6.970 O
900 116 21.603 13.475 -7.138 N
901 117 24.620 9.745 -4.516 N
902 117 25.758 8.844 -4.223 C
903 117 25.336 7.658 -3.384 C
904 117 25.772 6.529 -3.598 O
905 117 26.836 9.564 -3.427 C
906 117 27.390 10.560 -4.253 O
907 118 24.517 7.965 -2.374 N
908 118 23.999 6.949 -1.450 C
909 118 23.246 5.873 -2.207 C
910 118 23.398 4.696 -1.946 O
911 118 23.103 7.537 -0.327 C
912 118 23.866 8.480 0.637 C
913 118 22.876 9.188 1.536 C
914 118 24.865 7.704 1.476 C
915 119 22.456 6.301 -3.182 N
916 119 21.675 5.356 -3.980 C
917 119 22.577 4.449 -4.772 C
918 119 22.401 3.220 -4.861 O
919 119 20.744 6.091 -4.928 C
920 119 19.951 5.077 -5.724 C
921 119 19.027 5.717 -6.750 
922 119 19.748 6.267 -7.898 
923 119 20.082 7.561 -8.038 
924 119 19.759 8.482 -7.110 
925 119 20.754 7.938 -9.143 
926 120 23.590 5.093 -5.372 N
927 120 24.552 4.367 -6.160 C
928 120 25.291 3.364 -5.320 C
929 120 25.510 2.237 -5.731 O
930 120 25.547 5.264 -6.919 C
931 120 24.857 5.931 -8.107 C
932 120 25.849 7.356 -8.688 S
933 120 24.814 8.744 -8.135 
934 121 25.714 3.772 -4.137 N
935 121 26.416 2.816 -3.297 C
936 121 25.487 1.652 -2.961 C
937 121 25.887 0.484 -2.916 O
938 121 26.877 3.510 -1.972 C
939 121 27.998 4.532 -2.202 C
940 121 28.178 5.377 -0.929 C
941 121 29.313 3.860 -2.563 C
942 122 24.244 1.998 -2.627 N
943 122 23.311 0.984 -2.275 C
944 122 23.166 0.005 -3.423 C
945 122 23.039 -1.191 -3.185 O
946 122 21.945 1.565 -1.903 C
947 122 21.094 0.512 -1.184 C
948 122 20.016 1.154 -0.361 C
949 122 19.947 2.393 -0.290 
950 122 19.223 0.312 0.299 
951 123 23.209 0.520 -4.663 N
952 123 23.058 -0.317 -5.840 C
953 123 24.318 -1.014 -6.215 C
954 123 24.290 -1.733 -7.189 O
955 123 22.550 0.452 -7.070 C
956 123 21.126 0.992 -6.881 C
957 123 20.622 1.878 -8.033 C
958 123 19.456 1.785 -8.420 
959 123 21.459 2.788 -8.520 N
960 124 25.419 -0.779 -5.498 N
961 124 26.709 -1.368 -5.802 C
962 124 27.315 -0.914 -7.147 C
963 124 28.056 -1.658 -7.834 O
964 124 26.802 -2.896 -5.607 C
965 124 26.284 -3.317 -4.240 C
966 124 26.740 -4.709 -3.811 C
967 124 26.259 -5.071 -2.400 C
968 124 26.836 -4.202 -1.370 N
969 125 26.990 0.310 -7.526 N
970 125 27.537 0.917 -8.752 C
971 125 28.752 1.786 -8.370 C
972 125 28.660 3.025 -8.304 O
973 125 26.446 1.735 -9.439 C
974 125 25.308 0.873 -9.980 C
975 125 24.125 1.808 -10.197 C
976 125 23.481 1.843 -11.509 
977 125 22.422 1.091 -11.859 
978 125 21.893 0.160 -11.048 
979 125 21.897 1.251 -13.077 
980 126 29.870 1.084 -8.074 N
981 126 31.060 1.664 -7.485 C
982 126 31.674 2.801 -8.280 C
983 126 31.961 3.872 -7.758 O
984 126 32.092 0.597 -7.065 C
985 126 31.512 -0.588 -6.340 C
986 126 31.695 -1.880 -6.688 C
987 126 30.727 -0.608 -5.162 C
988 126 31.062 -2.697 -5.834 N
989 126 30.473 -1.967 -4.866 C
990 126 30.251 0.368 -4.299 C
991 126 29.771 -2.379 -3.733 C
992 126 29.486 -0.031 -3.224 C
993 126 29.267 -1.388 -2.920 C
994 127 31.926 2.556 -9.544 N
995 127 32.536 3.586 -10.375 C
996 127 31.646 4.799 -10.514 C
997 127 32.093 5.967 -10.468 O
998 127 32.937 2.995 -11.753 C
999 127 34.140 2.074 -11.720 C
1000 127 34.612 1.588 -10.716 O
1001 127 34.670 1.895 -12.891 O
1002 128 30.351 4.532 -10.698 N
1003 128 29.441 5.631 -10.778 C
1004 128 29.406 6.461 -9.485 C
1005 128 29.330 7.701 -9.500 O
1006 128 28.001 5.209 -11.214 C
1007 128 28.003 4.547 -12.620 C
1008 128 26.870 3.559 -12.847 C
1009 128 25.713 3.776 -12.510 
1010 128 27.257 2.465 -13.478 O
1011 129 29.323 5.762 -8.356 N
1012 129 29.309 6.456 -7.089 C
1013 129 30.576 7.306 -6.925 C
1014 129 30.533 8.439 -6.419 O
1015 129 29.256 5.428 -5.946 C
1016 130 31.729 6.755 -7.309 N
1017 130 32.992 7.457 -7.111 C
1018 130 33.030 8.763 -7.889 C
1019 130 33.529 9.777 -7.403 O
1020 130 34.155 6.587 -7.485 C
1021 131 32.425 8.745 -9.074 N
1022 131 32.367 9.963 -9.868 C
1023 131 31.427 10.974 -9.234 C
1024 131 31.695 12.167 -9.133 O
1025 131 31.922 9.641 -11.316 C
1026 131 31.452 10.906 -12.015 C
1027 131 33.100 9.040 -12.072 C
1028 132 30.278 10.506 -8.823 N
1029 132 29.348 11.408 -8.202 C
1030 132 29.905 12.000 -6.901 C
1031 132 29.698 13.180 -6.592 O
1032 132 28.008 10.696 -7.918 C
1033 132 26.893 11.606 -7.445 C
1034 132 26.653 11.823 -6.242 O
1035 132 26.247 12.256 -8.387 N
1036 133 30.525 11.143 -6.088 N
1037 133 31.058 11.615 -4.814 C
1038 133 32.042 12.750 -5.031 C
1039 133 32.208 13.643 -4.173 O
1040 133 31.813 10.455 -4.092 C
1041 133 30.910 9.505 -3.296 C
1042 133 31.618 8.162 -2.950 C
1043 133 30.329 10.230 -2.071 C
1044 134 32.807 12.654 -6.136 N
1045 134 33.841 13.663 -6.433 C
1046 134 33.275 15.031 -6.821 C
1047 134 33.977 16.058 -6.799 O
1048 134 34.887 13.147 -7.428 C
1049 135 32.004 15.066 -7.229 N
1050 135 31.400 16.366 -7.555 C
1051 135 30.813 17.021 -6.272 C
1052 135 29.577 17.038 -6.020 O
1053 135 30.277 16.160 -8.548 C
1054 135 30.737 15.483 -9.812 C
1055 135 29.499 15.406 -10.720 C
1056 135 29.561 14.400 -11.851 C
1057 135 28.226 13.935 -12.240 
1058 136 31.697 17.496 -5.410 N
1059 136 31.226 17.969 -4.123 C
1060 136 32.223 18.975 -3.587 C
1061 136 33.409 18.937 -3.914 O
1062 136 31.146 16.819 -3.095 C
1063 136 32.410 16.145 -3.028 O
1064 137 31.717 19.826 -2.735 N
1065 137 32.599 20.744 -2.063 C
1066 137 33.629 19.956 -1.271 C
1067 137 34.822 20.302 -1.192 O
1068 137 31.771 21.605 -1.109 C
1069 137 32.736 22.538 -0.350 C
1070 137 32.079 23.321 0.761 C
1071 137 32.927 24.404 1.310 N
1072 137 33.746 24.224 2.328 
1073 137 33.849 23.055 2.936 N
1074 137 34.462 25.245 2.771 N
1075 138 33.166 18.836 -0.670 N
1076 138 34.041 17.973 0.132 C
1077 138 35.321 17.554 -0.591 C
1078 138 36.486 17.733 -0.122 O
1079 138 33.212 16.715 0.466 C
1080 138 33.989 15.569 1.083 C
1081 138 34.694 15.587 2.243 C
1082 138 34.062 14.244 0.562 C
1083 138 35.224 14.327 2.489 N
1084 138 34.782 13.463 1.505 C
1085 138 33.490 13.647 -0.552 C
1086 138 35.058 12.098 1.279 C
1087 138 33.730 12.312 -0.763 C
1088 138 34.479 11.534 0.149 C
1089 139 35.120 17.019 -1.807 N
1090 139 36.255 16.616 -2.627 C
1091 139 37.162 17.805 -3.020 C
1092 139 38.401 17.723 -3.008 O
1093 139 35.665 16.041 -3.902 C
1094 139 36.749 15.572 -4.827 C
1095 139 37.306 14.311 -4.643 C
1096 139 37.206 16.384 -5.867 C
1097 139 38.266 13.831 -5.528 C
1098 139 38.202 15.931 -6.732 C
1099 139 38.721 14.647 -6.563 C
1100 139 39.677 14.170 -7.419 O
1101 140 36.536 18.930 -3.399 N
1102 140 37.312 20.128 -3.805 C
1103 140 38.099 20.786 -2.635 C
1104 140 39.213 21.279 -2.806 O
1105 140 36.427 21.172 -4.516 C
1106 140 36.071 20.727 -5.915 C
1107 140 34.988 20.180 -6.147 O
1108 140 37.049 20.808 -6.804 N
1109 141 37.548 20.779 -1.436 N
1110 141 38.216 21.334 -0.265 C
1111 141 39.298 20.409 0.341 C
1112 141 40.330 20.881 0.816 O
1113 141 37.166 21.744 0.811 C
1114 141 36.283 22.900 0.345 C
1115 141 37.008 24.132 -0.215 C
1116 141 36.686 24.626 -1.320 O
1117 141 37.916 24.698 0.581 N
1118 142 39.056 19.095 0.445 N
1119 142 40.049 18.162 1.014 C
1120 142 40.189 16.992 0.065 C
1121 142 39.747 15.886 0.313 O
1122 142 39.586 17.584 2.398 C
1123 142 38.236 17.111 2.321 O
1124 142 39.600 18.702 3.428 C
1125 143 40.772 17.266 -1.063 N
1126 143 40.896 16.272 -2.114 C
1127 143 41.710 15.021 -1.757 C
1128 143 41.365 13.938 -2.228 O
1129 143 41.585 16.987 -3.297 C
1130 143 42.162 18.301 -2.733 C
1131 143 41.411 18.564 -1.421 C
1132 144 42.828 15.164 -1.029 N
1133 144 43.608 13.969 -0.802 C
1134 144 42.887 13.000 0.141 C
1135 144 42.914 11.781 -0.051 O
1136 144 44.980 14.316 -0.205 C
1137 144 45.912 14.971 -1.264 C
1138 144 45.649 14.972 -2.458 O
1139 144 47.041 15.489 -0.828 N
1140 145 42.184 13.547 1.120 N
1141 145 41.432 12.676 1.994 C
1142 145 40.226 12.112 1.223 C
1143 145 39.865 10.926 1.298 O
1144 145 40.897 13.479 3.171 C
1145 145 40.401 12.524 4.264 C
1146 145 39.281 13.121 5.039 C
1147 145 38.719 12.241 6.067 N
1148 145 38.652 12.674 7.310 C
1149 145 39.201 13.836 7.616 N
1150 145 38.074 11.949 8.257 N
1151 146 39.548 13.012 0.500 N
1152 146 38.399 12.590 -0.284 C
1153 146 38.777 11.432 -1.223 C
1154 146 38.058 10.441 -1.348 O
1155 146 37.664 13.756 -0.964 C
1156 147 39.909 11.567 -1.915 N
1157 147 40.428 10.536 -2.829 C
1158 147 40.590 9.186 -2.109 C
1159 147 40.253 8.123 -2.652 O
1160 147 41.772 10.966 -3.456 C
1161 147 41.572 12.037 -4.539 C
1162 147 42.817 12.289 -5.383 C
1163 147 43.143 13.763 -5.577 C
1164 147 44.212 14.264 -4.685 
1165 148 41.127 9.215 -0.882 N
1166 148 41.307 7.956 -0.134 C
1167 148 39.986 7.266 0.152 C
1168 148 39.848 6.055 -0.040 O
1169 148 42.067 8.127 1.201 C
1170 148 43.526 8.463 0.957 C
1171 148 44.352 8.379 2.213 C
1172 148 44.000 9.449 3.153 N
1173 148 44.638 10.636 3.199 C
1174 148 45.571 10.986 2.303 N
1175 148 44.274 11.529 4.113 N
1176 149 39.009 8.050 0.611 N
1177 149 37.706 7.494 0.960 C
1178 149 37.004 6.999 -0.290 C
1179 149 36.406 5.945 -0.313 O
1180 149 36.903 8.578 1.688 C
1181 149 35.417 8.157 1.955 C
1182 149 37.613 8.916 3.014 C
1183 150 37.077 7.787 -1.368 N
1184 150 36.419 7.386 -2.610 C
1185 150 37.046 6.117 -3.167 C
1186 150 36.336 5.253 -3.672 O
1187 150 36.439 8.506 -3.676 C
1188 150 35.448 9.601 -3.275 C
1189 150 36.058 7.930 -5.066 C
1190 150 35.688 10.927 -4.016 C
1191 151 38.381 5.977 -3.072 N
1192 151 39.015 4.766 -3.593 C
1193 151 38.583 3.555 -2.830 C
1194 151 38.544 2.455 -3.344 O
1195 151 40.538 4.884 -3.484 C
1196 151 40.915 5.821 -4.471 O
1197 151 41.217 3.566 -3.821 C
1198 152 38.356 3.792 -1.568 N
1199 152 37.922 2.715 -0.651 C
1200 152 36.510 2.260 -1.068 C
1201 152 36.230 1.072 -1.102 O
1202 152 37.977 3.178 0.859 C
1203 152 39.299 3.634 1.202 O
1204 152 37.626 2.019 1.828 C
1205 153 35.619 3.214 -1.386 N
1206 153 34.294 2.825 -1.857 C
1207 153 34.380 2.145 -3.200 C
1208 153 33.639 1.201 -3.510 O
1209 153 33.367 4.017 -2.028 C
1210 153 32.738 4.535 -0.759 C
1211 153 31.919 3.731 0.042 C
1212 153 32.849 5.889 -0.437 C
1213 153 31.240 4.273 1.143 C
1214 153 32.238 6.425 0.696 C
1215 153 31.455 5.601 1.504 C
1216 154 35.310 2.632 -4.024 N
1217 154 35.460 2.085 -5.367 C
1218 154 35.924 0.641 -5.368 C
1219 154 35.346 -0.194 -6.054 O
1220 154 36.343 2.951 -6.293 C
1221 154 36.052 2.712 -7.771 C
1222 154 36.893 3.597 -8.691 C
1223 154 38.074 4.073 -8.014 N
1224 154 39.214 3.384 -7.959 
1225 154 39.356 2.198 -8.562 N
1226 154 40.255 3.906 -7.306 
1227 155 36.943 0.347 -4.558 N
1228 155 37.600 -0.948 -4.529 C
1229 155 37.149 -1.900 -3.467 C
1230 155 37.346 -3.095 -3.605 O
1231 155 39.122 -0.819 -4.409 C
1232 155 39.446 -0.287 -3.124 O
1233 155 39.635 0.079 -5.527 C
1234 156 36.675 -1.402 -2.362 N
1235 156 36.340 -2.284 -1.276 C
1236 156 37.598 -2.853 -0.607 C
1237 156 37.533 -3.868 0.067 O
1238 157 38.767 -2.215 -0.799 N
1239 157 40.016 -2.654 -0.160 C
1240 157 40.609 -1.445 0.589 C
1241 157 40.179 -0.322 0.385 O
1242 157 41.093 -3.019 -1.234 C
1243 157 41.467 -1.819 -1.922 O
1244 157 40.482 -3.999 -2.230 C
1245 158 41.670 -1.691 1.369 N
1246 158 42.372 -0.661 2.139 C
1247 158 43.580 -0.120 1.399 C
1248 158 44.446 0.539 1.964 O
1249 158 42.918 -1.251 3.457 C
1250 158 41.866 -1.647 4.429 C
1251 158 41.547 -2.931 4.771 C
1252 158 40.939 -0.778 5.142 C
1253 158 40.525 -2.892 5.687 N
1254 158 40.106 -1.612 5.922 C
1255 158 40.712 0.604 5.182 C
1256 158 39.103 -1.115 6.788 C
1257 158 39.713 1.084 6.032 C
1258 158 38.915 0.237 6.806 C
1259 159 43.664 -0.375 0.127 N
1260 159 44.847 0.042 -0.616 C
1261 159 45.242 1.504 -0.512 C
1262 159 46.412 1.822 -0.561 O
1263 159 44.809 -0.450 -2.074 C
1264 159 44.592 -1.964 -2.180 C
1265 159 44.856 -2.758 -1.284 O
1266 159 44.035 -2.335 -3.313 O
1267 160 44.276 2.409 -0.371 N
1268 160 44.593 3.833 -0.306 C
1269 160 45.276 4.153 0.994 C
1270 160 45.861 5.184 1.157 O
1271 160 43.391 4.766 -0.511 C
1272 161 45.166 3.274 1.931 N
1273 161 45.710 3.583 3.226 C
1274 161 46.919 2.760 3.486 C
1275 161 47.526 2.946 4.499 O
1276 161 44.662 3.298 4.338 C
1277 161 43.585 4.349 4.364 C
1278 161 42.479 4.227 3.521 C
1279 161 43.723 5.492 5.164 C
1280 161 41.500 5.221 3.502 C
1281 161 42.729 6.465 5.195 C
1282 161 41.618 6.334 4.348 C
1283 161 40.666 7.346 4.291 O
1284 162 47.252 1.817 2.626 N
1285 162 48.356 0.925 2.959 C
1286 162 49.790 1.383 2.762 C
1287 162 50.621 0.598 2.306 
1288 162 48.127 -0.475 2.446 C
1289 162 47.318 -1.271 3.463 C
1290 162 47.096 -2.722 3.069 
1291 162 46.672 -2.894 1.615 
1292 162 45.390 -3.615 1.493 N
1293 163 50.115 2.614 3.134 N
1294 163 51.466 3.124 2.959 
1295 163 51.786 4.324 3.870 C
1296 163 52.945 4.587 4.204 
1297 163 51.707 3.483 1.463 
1298 163 50.506 3.205 0.555 
1299 163 49.443 3.861 0.669 O
1300 163 50.581 2.073 -0.159 
1301 164 50.730 5.025 4.288 N
1302 164 50.767 6.273 5.048 
1303 164 51.246 6.295 6.498 
1304 164 51.745 5.328 7.080 O
1305 164 49.401 6.982 4.968 C
1306 164 48.797 6.903 3.582 C
1307 164 47.437 7.567 3.578 C
1308 164 49.709 7.599 2.581 C
1309 165 50.980 7.500 7.013 
1310 165 51.293 8.083 8.295 
1311 165 50.876 7.317 9.548 
1312 165 51.527 6.328 9.903 
1313 165 50.737 9.495 8.291 C
1314 166 49.849 7.873 10.244 
1315 166 49.254 7.417 11.519 
1316 166 49.691 6.040 11.994 
1317 166 49.925 5.798 13.189 O
1318 166 47.738 7.489 11.474 
1319 167 49.724 5.157 11.001 
1320 167 50.143 3.765 11.060 
1321 167 50.446 3.345 9.618 
1322 167 51.609 3.306 9.172 
1323 167 49.094 2.886 11.746 
1324 168 49.375 3.111 8.864 
1325 168 49.504 2.838 7.459 
1326 168 49.160 4.174 6.809 
1327 168 48.610 1.672 7.042 C
1328 168 48.930 4.310 5.626 
