1028 2376
0 2
0 3
0 4
0 323
1 3
1 5
1 9
2 4
2 5
2 10
3 9
3 10
3 318
4 6
5 7
6 8
8 61
9 11
9 12
9 13
9 15
10 12
10 14
10 15
10 16
11 13
11 14
11 17
11 18
12 13
12 16
12 17
14 15
16 18
16 19
16 20
16 301
17 19
17 21
17 27
18 20
18 28
18 29
18 30
19 20
19 27
19 28
20 22
20 23
20 27
21 24
21 25
21 26
22 23
22 25
22 26
23 24
23 26
24 25
27 29
27 30
27 31
27 32
27 60
28 30
28 32
28 36
29 31
29 37
29 38
30 36
30 37
30 38
30 62
31 33
31 34
32 34
32 35
34 35
36 38
36 40
36 47
37 39
37 41
37 47
38 40
38 41
38 48
38 49
39 47
39 48
39 70
39 236
40 42
40 43
40 47
41 43
42 44
42 45
43 45
43 46
45 46
45 981
45 1000
46 1000
47 49
47 51
47 53
48 50
48 52
48 53
49 51
49 54
49 55
49 62
50 53
50 54
50 55
50 75
51 1015
52 1014
52 1015
53 55
53 57
53 62
54 56
54 58
54 62
55 57
55 58
55 63
55 64
56 62
56 63
56 64
56 86
56 91
57 59
57 60
57 62
58 60
58 61
60 61
62 64
62 66
62 70
63 65
63 67
63 68
63 70
64 66
64 67
64 71
64 72
65 70
65 71
65 72
65 86
65 93
66 68
66 69
66 70
68 69
70 72
70 74
70 75
71 73
71 75
72 74
72 76
72 77
73 75
73 76
73 77
73 101
74 75
75 77
75 79
75 80
75 86
76 78
76 80
76 86
77 79
77 87
77 88
78 86
78 87
78 88
78 110
79 81
79 82
79 86
80 82
80 83
81 83
81 84
82 84
82 85
84 85
84 1013
86 88
86 90
86 91
86 93
87 89
87 91
87 92
87 93
88 90
88 92
88 94
88 95
89 93
89 94
89 95
91 92
93 95
93 97
93 98
93 101
94 96
94 98
94 100
94 101
95 97
95 102
95 103
96 101
96 102
96 103
96 133
97 99
97 100
99 100
101 103
101 105
101 110
102 104
102 106
102 110
103 105
103 106
103 111
103 112
104 110
104 111
104 112
104 129
105 107
105 110
106 108
106 109
107 109
110 112
110 114
110 121
111 113
111 115
111 121
112 114
112 122
112 129
113 121
113 122
114 116
114 117
115 117
116 118
116 119
117 119
117 120
119 120
121 123
121 125
121 126
121 129
122 124
122 126
122 128
122 129
123 125
123 130
124 125
124 129
124 130
124 750
125 127
125 128
127 128
129 131
129 133
130 132
130 133
131 134
132 133
132 134
133 135
133 137
133 138
133 141
134 136
134 138
134 141
135 137
135 142
135 143
136 137
136 141
136 142
136 143
136 149
136 153
136 223
137 139
138 140
141 143
141 144
141 145
142 144
142 146
142 147
142 149
143 145
143 146
143 150
144 145
144 149
144 150
145 147
145 148
147 148
147 194
149 151
149 153
149 183
150 152
150 153
150 183
151 154
151 155
152 153
152 154
152 155
152 176
153 155
153 156
153 157
154 156
154 158
154 165
155 157
155 158
155 166
155 167
155 169
155 176
156 157
156 165
156 166
156 167
156 169
156 176
156 180
157 159
157 160
158 161
158 162
158 163
159 160
159 162
159 163
160 161
160 163
161 162
161 164
162 164
164 785
165 167
165 169
165 170
165 176
166 168
166 170
166 176
167 169
167 177
168 169
168 176
168 177
169 171
169 172
170 172
171 173
171 174
172 174
172 175
172 772
174 175
175 772
175 790
176 178
176 180
177 179
177 180
178 181
179 180
179 181
180 182
180 183
180 184
180 185
181 183
181 185
181 186
181 188
182 184
182 186
182 189
182 190
182 191
183 184
183 188
183 189
183 190
184 187
185 186
188 190
188 191
188 192
188 193
189 191
189 193
189 194
190 192
190 193
190 195
190 196
190 202
191 193
191 194
191 195
191 196
191 207
191 215
192 194
193 207
193 214
194 196
194 198
194 202
195 197
195 199
195 202
196 198
196 203
196 204
196 207
197 202
197 203
197 204
197 215
197 229
198 200
198 201
198 202
200 201
202 204
202 206
202 207
203 205
203 207
204 206
204 208
204 209
205 207
205 208
205 209
205 237
207 209
207 211
207 215
208 210
208 212
208 213
208 215
209 211
209 216
209 217
210 215
210 216
210 217
210 243
211 213
211 214
213 214
213 873
215 217
215 219
215 220
215 229
216 218
216 220
216 229
217 219
217 230
217 231
218 229
218 230
218 231
218 251
219 221
219 222
219 229
220 223
220 224
220 225
221 222
221 224
222 223
222 226
222 227
222 228
223 226
224 225
224 227
224 228
225 226
225 228
226 227
229 231
229 233
229 234
229 237
230 232
230 234
230 237
231 233
231 238
231 239
231 243
232 233
232 237
232 238
232 239
232 256
233 235
233 236
233 237
234 236
237 239
237 241
237 243
238 240
238 242
238 243
239 241
239 244
239 245
240 243
240 244
240 245
240 265
241 243
241 914
242 913
242 914
243 245
243 247
243 251
244 246
244 248
244 249
244 251
245 247
245 248
245 252
245 253
245 256
246 251
246 252
246 253
246 279
246 283
246 284
247 249
247 250
247 251
249 250
251 253
251 255
251 256
252 254
252 256
253 255
253 257
253 258
254 256
254 257
254 258
254 288
254 293
256 258
256 260
256 265
257 259
257 261
257 265
258 260
258 261
258 266
258 267
259 265
259 266
259 294
260 262
260 265
261 263
262 264
265 267
265 269
265 270
265 279
266 268
266 270
266 279
267 269
267 280
267 281
268 269
268 279
268 280
269 271
269 272
270 273
270 274
270 275
271 272
271 274
272 273
272 276
272 277
272 278
273 276
273 989
274 275
274 277
274 278
275 276
275 278
276 277
279 281
279 283
279 288
280 282
280 284
280 288
281 283
281 289
282 288
282 289
283 285
283 286
283 288
284 286
284 287
286 287
288 290
288 292
288 293
288 294
289 291
289 293
289 294
290 292
290 293
290 295
290 296
290 298
291 292
291 294
291 295
291 296
293 444
294 296
294 298
295 297
295 298
296 299
296 300
296 302
297 298
297 299
297 302
298 300
298 302
298 303
298 310
299 301
299 303
299 304
299 310
300 302
300 311
301 302
301 310
301 311
302 304
302 305
303 306
303 307
303 308
304 305
304 307
304 308
305 306
305 308
306 307
306 309
307 309
310 312
310 313
310 314
311 313
311 315
311 316
311 318
312 314
312 315
312 316
312 319
312 320
312 325
313 314
313 318
313 319
313 320
314 316
314 317
316 317
316 325
318 320
318 322
318 323
318 324
318 325
319 321
319 323
319 324
319 325
320 322
320 323
320 326
321 322
321 325
321 326
323 324
325 327
325 329
325 336
326 328
326 330
326 336
327 329
327 330
327 337
327 338
328 329
328 330
328 336
328 337
328 338
328 339
329 331
330 332
331 333
331 334
332 334
332 335
334 335
336 338
336 339
336 340
337 339
337 341
338 340
338 342
339 340
339 341
339 342
339 437
341 343
341 344
341 345
342 344
342 346
342 347
342 348
343 345
343 347
343 349
344 345
344 348
344 349
346 347
348 350
348 351
348 352
348 420
349 351
349 353
349 354
349 356
350 352
350 353
350 357
351 352
351 356
351 357
351 417
352 354
352 355
354 355
355 374
355 424
356 358
356 359
356 360
357 359
357 361
357 362
357 368
358 360
358 361
358 369
359 360
359 368
359 369
360 362
360 363
361 364
361 365
361 366
362 363
362 365
362 366
363 364
363 366
364 365
364 367
365 367
368 370
368 371
368 372
368 373
368 376
368 407
369 371
369 373
369 374
369 376
370 372
370 377
370 378
371 372
371 376
371 377
371 378
371 393
372 374
372 375
374 375
375 409
375 424
376 378
376 380
376 381
377 379
377 381
378 380
378 382
378 383
379 381
379 382
379 383
380 381
381 383
381 385
382 384
382 385
383 386
384 385
384 386
385 387
385 389
385 390
385 392
385 393
386 388
386 390
386 391
386 392
386 393
387 389
387 390
387 391
387 394
387 395
387 397
388 389
388 391
388 393
388 394
388 395
388 501
389 391
389 392
391 392
391 408
391 409
393 395
393 397
393 398
393 404
394 396
394 398
394 404
395 397
395 405
396 397
396 404
396 405
397 399
398 400
399 401
400 402
400 403
402 403
404 406
404 407
404 408
404 409
405 407
405 409
405 410
406 408
406 409
406 411
407 409
407 410
407 411
408 410
409 484
410 412
410 413
410 414
410 415
410 490
411 413
411 415
411 416
411 417
412 414
412 416
412 418
413 417
413 418
413 485
415 416
416 417
417 419
417 420
417 421
417 422
418 420
418 422
418 423
418 425
419 421
419 426
420 421
420 425
420 426
421 423
421 424
423 424
423 484
425 427
425 428
425 429
425 430
425 472
426 428
426 430
426 437
427 429
427 438
428 429
428 437
428 438
428 469
429 431
429 432
430 433
430 434
430 435
431 432
431 434
431 435
432 433
432 435
433 434
433 436
434 436
436 549
437 439
437 440
438 440
438 441
439 442
439 443
439 449
440 441
440 442
440 443
440 449
440 460
440 468
441 443
441 445
441 447
441 449
442 444
442 446
442 447
442 449
443 445
443 447
443 450
444 449
444 450
445 448
446 447
447 449
449 451
449 453
449 454
449 460
450 452
450 454
450 455
450 460
451 453
451 461
451 462
451 464
452 453
452 460
452 461
452 462
452 463
452 464
452 847
453 455
453 456
454 457
454 458
454 459
455 456
455 458
455 459
456 457
456 459
457 458
460 462
460 464
460 465
460 469
461 463
461 465
461 466
461 469
462 464
462 470
462 471
463 464
463 469
463 470
464 466
465 467
465 468
467 468
469 471
469 472
469 473
469 474
470 472
470 474
470 475
470 477
471 473
471 475
471 478
472 477
472 478
473 476
474 475
475 476
477 479
477 480
477 481
478 480
478 482
478 485
479 481
479 482
479 486
480 485
480 486
480 514
481 483
481 484
483 484
483 491
485 487
485 489
485 490
485 491
486 488
486 490
486 491
486 531
487 489
487 490
487 492
488 489
488 491
488 492
488 531
490 568
491 493
491 495
491 502
492 494
492 496
492 502
493 495
493 496
493 503
494 496
494 502
494 503
494 586
495 497
495 498
495 502
496 498
496 580
497 499
497 500
497 580
498 500
498 501
498 573
498 580
500 501
501 573
502 504
502 506
502 507
502 514
503 505
503 507
503 508
503 514
504 506
504 515
505 514
505 515
505 591
506 508
506 509
507 510
507 511
507 512
508 509
508 511
508 512
509 510
509 512
510 511
510 513
511 513
514 516
514 518
514 519
514 528
515 517
515 519
515 528
516 518
516 529
517 518
517 528
517 529
518 520
518 521
519 522
519 523
519 524
520 521
520 523
521 522
521 525
521 526
521 527
522 525
523 524
523 526
523 527
524 525
524 527
525 526
528 530
528 531
528 532
529 531
529 533
529 534
530 532
530 535
530 640
531 534
531 535
531 640
532 640
533 639
533 640
534 536
534 537
534 538
534 624
535 537
535 539
535 540
535 542
536 538
536 539
536 543
537 538
537 542
537 543
537 635
538 540
538 541
538 596
540 541
542 544
542 546
542 548
542 550
543 545
543 547
543 548
543 550
544 546
544 547
544 548
544 551
545 546
545 550
545 551
545 554
546 548
546 549
548 549
548 568
550 552
550 554
551 553
551 554
552 555
553 554
553 555
554 556
554 558
554 559
554 563
555 557
555 559
555 563
556 558
556 559
556 564
557 558
557 563
557 564
558 560
559 561
560 562
563 565
563 566
563 567
563 568
564 566
564 568
564 569
564 570
564 576
565 567
565 569
565 571
565 572
565 573
565 576
566 567
566 570
566 571
566 572
568 569
570 572
570 573
570 574
570 575
571 573
571 575
571 576
571 577
572 574
572 578
572 579
573 577
573 578
573 579
573 580
574 576
577 579
577 581
578 580
578 581
579 582
580 581
580 582
581 583
581 584
581 585
582 584
582 586
583 585
583 587
583 588
583 589
584 586
584 587
584 588
585 586
586 588
586 589
586 590
586 591
586 592
587 589
587 591
587 592
587 593
588 590
588 592
588 594
589 592
589 593
589 594
590 593
591 592
593 595
593 596
593 597
593 598
594 596
594 598
594 600
594 601
595 597
595 598
595 600
595 602
595 606
596 601
596 602
597 599
597 600
597 601
599 600
600 606
600 610
600 618
601 603
601 605
601 606
602 604
602 606
603 605
603 607
603 608
604 605
604 606
604 607
606 608
606 610
606 611
607 609
607 611
608 610
608 612
609 611
609 612
611 613
611 614
611 615
611 616
611 618
612 614
612 616
612 621
613 615
613 622
613 623
613 624
614 621
614 622
614 623
614 624
615 617
615 618
615 621
616 619
616 620
617 618
617 620
618 619
621 623
621 624
621 625
622 624
622 626
622 628
622 629
623 625
623 630
623 631
624 625
624 629
624 630
625 627
625 628
627 628
627 632
629 631
629 632
629 633
629 634
630 632
630 634
630 635
631 633
631 636
631 637
631 641
632 633
632 635
632 636
632 637
632 641
632 647
635 637
635 639
635 640
635 641
636 638
636 640
636 641
637 639
637 642
637 643
637 647
638 641
638 642
638 643
638 647
638 652
641 643
641 645
641 646
641 647
642 644
642 646
642 647
643 645
643 648
643 649
643 652
644 645
644 647
644 648
644 649
644 652
644 660
647 649
647 651
647 652
648 650
648 652
649 651
649 653
650 651
650 652
650 653
650 676
652 654
652 656
652 657
652 660
653 655
653 657
653 659
653 660
654 656
654 661
655 656
655 660
655 661
656 658
656 659
658 659
660 662
660 664
660 665
660 668
661 663
661 665
661 667
661 668
662 664
662 669
662 670
663 664
663 668
663 669
664 666
664 667
666 667
668 670
668 671
668 672
668 673
669 671
669 673
669 677
670 672
670 678
670 679
671 677
671 678
671 679
672 674
672 675
672 677
673 675
673 676
675 676
676 713
677 679
677 681
677 683
677 685
678 680
678 682
678 683
678 685
679 681
679 686
679 687
680 681
680 685
680 686
681 683
681 684
683 684
685 687
685 688
685 689
686 688
686 690
686 691
686 693
687 689
687 690
687 691
687 694
688 689
688 693
688 694
689 691
689 692
691 692
691 701
691 705
693 695
693 697
693 698
693 699
693 701
694 696
694 698
694 699
694 701
695 697
695 698
695 702
695 703
696 697
696 701
696 702
696 703
696 714
696 719
697 700
698 699
701 703
701 705
701 706
702 704
702 706
703 705
703 707
703 708
704 706
704 707
704 708
704 726
705 706
706 708
706 710
706 711
706 714
707 709
707 711
707 712
707 714
708 710
708 715
708 716
709 714
709 715
709 716
709 731
710 712
710 713
712 713
714 716
714 718
714 719
715 717
715 719
716 718
716 720
716 721
717 719
717 720
717 721
717 737
718 719
719 721
719 723
719 725
719 726
720 722
720 724
720 725
720 726
721 723
721 724
721 727
721 728
721 731
722 726
722 727
722 728
722 737
722 742
724 725
726 728
726 730
726 731
727 729
727 731
728 730
728 732
728 733
729 731
729 732
729 733
731 733
731 735
731 737
732 734
732 736
732 737
733 735
733 738
733 739
733 742
734 737
734 738
734 739
734 742
734 751
734 762
735 737
737 739
737 741
737 742
738 740
738 742
739 741
739 743
739 744
740 742
740 743
740 744
741 742
742 744
742 746
742 747
742 751
743 745
743 747
743 751
744 746
744 752
744 753
745 751
745 752
745 753
746 748
747 749
748 750
751 753
751 755
751 762
752 754
752 756
752 757
752 762
753 755
753 756
753 763
753 764
754 760
754 762
754 763
754 764
754 776
755 757
755 762
756 758
757 759
757 760
758 760
758 761
760 761
760 793
762 764
762 766
762 768
762 769
763 765
763 767
763 768
763 769
764 766
764 767
764 770
764 776
765 767
765 769
765 770
766 769
767 768
769 771
769 773
769 774
769 775
769 776
770 772
770 774
770 775
770 776
771 773
771 775
771 777
771 778
771 787
772 773
772 776
772 777
774 775
776 778
776 780
776 787
777 779
777 781
777 787
778 780
778 788
778 789
779 780
779 787
779 788
780 782
780 783
781 783
782 784
782 785
783 785
783 786
785 786
787 789
787 790
787 791
788 790
788 792
788 793
788 795
788 801
789 791
789 796
789 797
789 801
789 802
790 791
790 795
790 796
790 797
790 802
790 811
791 793
791 794
793 794
795 797
795 799
795 800
795 802
796 798
796 800
796 801
796 802
797 799
797 803
797 804
798 802
798 803
799 801
802 804
802 806
802 811
803 805
803 807
803 811
804 806
804 807
804 812
804 813
804 814
805 806
805 807
805 811
805 812
805 813
805 814
806 808
806 809
807 809
807 810
809 810
810 826
810 889
811 813
811 814
812 814
812 815
813 816
813 817
813 823
814 815
814 816
814 817
814 823
814 834
815 817
815 819
815 821
815 823
816 818
816 820
816 821
816 823
817 819
817 820
817 821
817 824
817 825
817 834
818 819
818 820
818 823
818 824
818 825
818 834
819 822
820 821
823 825
823 827
823 834
824 826
824 828
824 834
825 827
825 835
825 836
825 839
826 827
826 834
826 835
826 836
826 886
826 889
827 829
828 830
828 831
828 832
829 831
829 832
830 832
830 833
832 833
834 836
834 838
834 839
835 837
835 839
836 838
836 840
837 839
837 840
839 841
839 842
839 843
839 844
840 842
840 844
840 853
841 843
841 854
841 855
842 843
842 853
842 854
842 855
842 865
843 845
843 846
844 847
844 848
844 849
845 846
845 848
846 847
846 850
846 851
846 852
847 850
848 849
848 851
848 852
849 850
849 852
850 851
853 855
853 857
853 858
853 860
854 856
854 858
854 859
854 860
855 857
855 858
855 859
855 861
855 862
855 865
856 859
856 860
856 861
856 862
856 865
856 879
856 890
858 859
860 862
860 864
860 865
861 863
861 865
862 864
862 866
862 867
863 864
863 865
863 866
863 867
863 898
865 867
865 869
865 879
866 868
866 870
866 879
867 869
867 870
867 880
867 881
868 879
868 880
868 881
868 909
868 915
869 871
869 872
869 879
870 873
870 874
870 875
871 872
871 874
871 913
872 873
872 876
872 877
872 878
873 876
874 875
874 877
874 878
875 876
875 878
876 877
879 881
879 883
879 884
879 890
880 882
880 884
880 890
881 883
881 891
881 892
882 890
882 891
882 892
883 885
883 890
884 886
885 887
885 888
886 888
886 889
888 889
890 892
890 894
890 895
890 896
890 898
891 893
891 895
891 896
891 898
892 894
892 899
893 898
893 899
893 942
894 896
894 897
894 898
896 897
898 900
898 902
898 903
898 909
899 901
899 903
899 909
900 902
900 910
901 902
901 909
901 910
902 904
903 905
904 906
904 907
905 907
905 908
907 908
909 911
909 913
909 914
909 915
910 912
910 914
910 915
911 913
911 916
911 917
912 913
912 915
912 916
912 917
912 936
913 915
915 917
915 918
915 919
916 918
916 920
916 924
917 919
917 920
917 925
917 926
917 928
917 932
918 919
918 924
918 925
918 926
918 937
919 921
919 922
920 922
920 923
922 923
924 926
924 928
924 929
924 932
925 927
925 929
925 930
925 932
926 928
926 933
927 928
927 932
927 933
928 930
928 931
930 931
932 934
932 935
932 936
932 937
933 935
933 937
933 943
934 936
934 944
934 945
935 936
935 943
935 944
935 951
936 938
936 943
937 939
938 940
938 941
939 941
939 942
941 942
943 945
943 946
943 947
944 946
944 948
944 949
944 951
945 947
945 948
945 949
945 952
946 947
946 951
946 952
947 949
947 950
949 950
949 965
950 968
951 953
951 955
951 956
951 957
951 958
952 954
952 956
952 957
952 958
953 955
953 957
953 959
953 960
953 969
954 955
954 958
954 959
954 960
956 957
958 960
958 962
958 963
958 969
959 961
959 963
959 969
960 962
960 970
960 971
960 978
961 969
961 970
961 971
961 978
961 990
961 997
962 964
962 965
963 965
964 966
964 967
965 967
965 968
967 968
969 971
969 973
969 974
969 978
970 972
970 974
970 978
971 973
971 974
971 979
971 980
971 990
972 978
972 979
972 980
972 990
973 975
973 976
974 976
974 977
976 977
978 980
978 982
978 983
978 990
979 981
979 983
979 990
980 982
980 991
981 982
981 990
981 991
982 984
982 985
983 986
983 987
983 988
984 985
984 987
984 988
985 986
985 988
986 987
986 989
987 989
990 992
990 994
990 995
990 996
990 997
991 993
991 995
991 996
991 997
992 994
992 996
992 998
992 999
993 994
993 997
993 998
993 999
995 996
997 999
997 1000
997 1001
998 1000
998 1002
998 1006
999 1001
999 1002
999 1007
1000 1001
1000 1002
1000 1006
1000 1007
1001 1003
1001 1004
1002 1004
1002 1005
1004 1005
1006 1008
1006 1010
1007 1009
1007 1010
1008 1011
1009 1010
1009 1011
1010 1012
1010 1014
1010 1015
1010 1016
1011 1013
1011 1015
1011 1016
1012 1014
1012 1017
1013 1014
1013 1016
1013 1017
1016 1018
1016 1020
1017 1019
1017 1020
1018 1021
1019 1020
1019 1021
1020 1022
1020 1023
1020 1024
1020 1025
1020 1026
1021 1023
1021 1025
1021 1026
1021 1027
1022 1024
1022 1026
1023 1027
1024 1027
1025 1026
1 1 1.432000 19.264999 22.052999 N
2 1 1.849000 20.104000 20.903999 C
3 1 3.144000 19.597000 20.320999 C
4 1 3.942000 19.006001 21.091999 O
5 1 1.938000 21.541000 21.364000 C
6 1 3.207000 22.142000 21.893999 C
7 1 3.248000 23.657000 21.952000 C
8 1 4.363000 24.284000 21.131001 C
9 1 4.788000 25.625000 21.643999 N
10 2 3.368000 19.768000 19.031000 N
11 2 4.583000 19.368999 18.329000 C
12 2 5.376000 20.673000 18.106001 C
13 2 4.923000 21.601000 17.410999 O
14 2 4.380000 18.596001 17.007999 C
15 2 5.744000 18.242001 16.370001 C
16 2 3.488000 17.382000 17.158001 C
17 3 6.556000 20.737000 18.719000 N
18 3 7.415000 21.910000 18.657000 C
19 3 8.204000 21.910999 17.334999 C
20 3 8.449000 20.805000 16.858999 O
21 3 8.452000 21.934000 19.811001 C
22 3 8.015000 22.551001 21.096001 C
23 3 7.327000 21.833000 22.080999 C
24 3 8.310000 23.900999 21.351999 C
25 3 6.906000 22.455999 23.257999 C
26 3 7.921000 24.525999 22.510000 C
27 3 7.222000 23.808001 23.474001 C
28 4 8.525000 23.083000 16.898001 N
29 4 9.396000 23.245001 15.708000 C
30 4 10.799000 23.177000 16.327000 C
31 4 10.947000 23.544001 17.528999 O
32 4 9.138000 24.530001 14.943000 C
33 4 7.833000 24.531000 14.133000 C
34 4 7.488000 25.712999 13.293000 C
35 4 7.743000 26.893000 13.553000 O
36 4 6.849000 25.362000 12.251000 O
37 5 11.804000 22.705000 15.660000 N
38 5 13.160000 22.580999 16.254999 C
39 5 13.689000 23.834000 16.931999 C
40 5 14.120000 23.701000 18.125999 O
41 5 14.164000 22.020000 15.228000 C
42 5 15.641000 21.983000 15.705000 C
43 5 16.457001 21.466000 14.556000 C
44 5 16.521000 22.423000 13.443000 N
45 5 17.489000 23.360001 13.412000 C
46 5 18.370001 23.417999 14.414000 N
47 5 17.677000 24.247000 12.441000 N
48 6 13.678000 24.971001 16.277000 N
49 6 14.229000 26.223000 16.854000 C
50 6 13.377000 26.825001 17.951000 C
51 6 13.918000 27.459999 18.878000 O
52 6 14.660000 27.181999 15.734000 C
53 6 16.150999 26.549000 14.832000 S
54 7 12.083000 26.702999 17.799999 N
55 7 11.110000 27.181000 18.805000 C
56 7 11.435000 26.478001 20.114000 C
57 7 11.494000 27.100000 21.195999 O
58 7 9.701000 26.833000 18.386000 C
59 7 8.508000 27.157000 19.283001 C
60 7 7.237000 26.414000 18.930000 C
61 7 7.114000 25.451000 18.198999 O
62 7 6.258000 26.896999 19.527000 O
63 8 11.671000 25.165001 20.055000 N
64 8 12.025000 24.385000 21.257000 C
65 8 13.377000 24.830999 21.864000 C
66 8 13.565000 24.976000 23.066999 O
67 8 12.035000 22.855000 20.995001 C
68 8 12.431000 22.011999 22.226999 C
69 8 11.453000 22.236000 23.375000 C
70 8 12.567000 20.552000 21.875999 C
71 9 14.396000 24.959999 20.981001 N
72 9 15.754000 25.348000 21.427999 C
73 9 15.745000 26.625000 22.230000 C
74 9 16.305000 26.746000 23.340000 O
75 9 16.629999 25.402000 20.172001 C
76 10 15.050000 27.645000 21.750000 N
77 10 14.933000 28.938000 22.433001 C
78 10 14.162000 28.777000 23.754999 C
79 10 14.520000 29.398001 24.778999 O
80 10 14.243000 29.903000 21.476999 C
81 10 15.146000 30.490000 20.412001 C
82 10 14.478000 31.728001 19.849001 C
83 10 13.331000 31.395000 19.028999 N
84 10 13.378000 30.868999 17.815001 C
85 10 14.513000 30.570000 17.205999 N
86 10 12.226000 30.593000 17.165001 N
87 11 13.143000 27.915001 23.719999 N
88 11 12.350000 27.672001 24.968000 C
89 11 13.241000 27.042000 26.045000 C
90 11 13.199000 27.454000 27.228001 O
91 11 11.062000 26.802000 24.708000 C
92 11 10.353000 27.468000 23.622000 O
93 11 10.253000 26.614000 26.003000 C
94 12 14.015000 26.018999 25.662001 N
95 12 14.923000 25.360001 26.636999 C
96 12 15.976000 26.323000 27.183001 C
97 12 16.252001 26.226000 28.392000 O
98 12 15.509000 24.076000 26.021000 C
99 12 14.542000 22.923000 25.719999 C
100 12 15.303000 21.789000 25.049999 C
101 12 13.855000 22.490999 27.024000 C
102 13 16.499001 27.222000 26.386000 N
103 13 17.511999 28.197001 26.851999 C
104 13 16.920000 29.103001 27.916000 C
105 13 17.499001 29.452999 28.966000 O
106 13 18.000000 29.121000 25.726999 C
107 13 19.315001 29.827999 26.108000 C
108 13 20.031000 30.416000 24.909000 C
109 13 21.507999 30.691000 25.110001 C
110 13 21.780001 31.691000 26.184000 N
111 14 15.685000 29.523001 27.660000 N
112 14 14.976000 30.445000 28.572001 C
113 14 14.666000 29.896999 29.938000 C
114 14 14.574000 30.618999 30.962000 O
115 14 13.689000 30.893999 27.850000 C
116 14 12.974000 32.131001 28.309000 C
117 14 11.649000 32.215000 27.608000 C
118 14 11.650000 32.109001 26.167000 N
119 14 10.793000 31.407000 25.426001 C
120 14 9.840000 30.622999 25.922001 N
121 14 10.829000 31.500999 24.084000 N
122 15 14.474000 28.590000 29.951000 N
123 15 14.150000 27.799999 31.146000 C
124 15 15.451000 27.336000 31.836000 C
125 15 15.287000 26.591000 32.768002 O
126 15 13.209000 26.636999 30.806000 C
127 15 11.858000 27.066000 30.239000 C
128 15 11.002000 25.905001 29.743000 C
129 15 11.184000 27.879999 31.337999 C
130 16 16.547001 27.816999 31.316999 N
131 16 17.879000 27.541000 31.872999 C
132 16 18.461000 26.191000 31.677999 C
133 16 19.181999 25.753000 32.604000 O
134 17 18.250000 25.495001 30.576000 N
135 17 18.850000 24.177000 30.367001 C
136 17 20.271999 24.228001 29.774000 C
137 17 20.966000 23.195999 29.954000 O
138 17 17.929001 23.327000 29.480000 C
139 17 16.596001 23.204000 30.176001 C
140 17 16.716000 21.843000 31.385000 S
141 17 15.934000 20.575001 30.334999 C
142 18 20.666000 25.291000 29.132999 N
143 18 22.033001 25.375000 28.531000 C
144 18 23.136000 25.277000 29.605000 C
145 18 23.375999 26.164000 30.444000 O
146 18 22.158001 26.601999 27.625999 C
147 18 23.301001 26.431000 26.632000 C
148 18 23.802000 25.316999 26.422001 O
149 18 23.691999 27.431999 26.004000 O
150 19 23.811001 24.132000 29.566999 N
151 19 24.930000 23.816000 30.469000 C
152 19 24.525000 23.313999 31.813999 C
153 19 25.409000 23.235001 32.672001 O
154 20 23.259001 23.021999 32.058998 N
155 20 22.731001 22.499001 33.321999 C
156 20 23.434000 21.181999 33.657001 C
157 20 23.426001 20.208000 32.875000 O
158 20 21.176001 22.405001 33.291000 C
159 20 20.650999 22.134001 34.685001 C
160 20 20.386000 23.155001 35.596001 C
161 20 20.458000 20.820999 35.102001 C
162 20 19.952999 22.830000 36.891998 C
163 20 20.028999 20.472000 36.370998 C
164 20 19.763000 21.497999 37.264000 C
165 20 19.333000 21.167999 38.508999 O
166 21 24.104000 21.136999 34.799999 N
167 21 24.889000 19.980000 35.259998 C
168 21 25.837000 19.485001 34.155998 C
169 21 26.024000 18.283001 34.006001 O
170 21 23.930000 18.900000 35.712002 C
171 21 23.361000 19.261999 37.102001 C
172 21 24.125000 18.462999 38.133999 C
173 21 24.208000 17.079000 37.680000 N
174 21 24.916000 16.101000 38.245998 C
175 21 25.650999 16.344999 39.326000 N
176 21 24.893000 14.893000 37.688999 N
177 22 26.417999 20.396000 33.410000 N
178 22 27.318001 20.138000 32.292999 C
179 22 26.691999 19.697001 30.993000 C
180 22 27.468000 19.250999 30.089001 O
181 23 25.362000 19.788000 30.854000 N
182 23 24.646000 19.357000 29.659000 C
183 23 24.288000 20.483999 28.698000 C
184 23 23.520000 21.368999 29.042000 O
185 23 23.337000 18.570000 30.080000 C
186 23 23.677000 17.455000 31.077000 C
187 23 22.709999 18.046000 28.745001 C
188 23 22.490000 16.959000 31.993999 C
189 24 24.858999 20.459999 27.502001 N
190 24 24.664000 21.472000 26.476999 C
191 24 23.214001 21.410000 25.952999 C
192 24 22.631001 20.312000 26.024000 O
193 24 25.635000 21.275999 25.309000 C
194 24 25.355000 20.101000 24.568001 O
195 25 22.797001 22.532000 25.427999 N
196 25 21.409000 22.615000 24.847000 C
197 25 21.313000 21.591000 23.740000 C
198 25 20.288000 20.899000 23.535999 O
199 25 21.250999 24.080000 24.440001 C
200 25 19.827000 24.586000 24.162001 C
201 25 19.122999 24.854000 25.513000 C
202 25 19.955999 25.872999 23.388000 C
203 26 22.420000 21.500000 22.966999 N
204 26 22.408001 20.535000 21.832001 C
205 26 22.134001 19.132000 22.374001 C
206 26 21.422001 18.364000 21.686001 O
207 26 23.708000 20.618999 21.054001 C
208 27 22.694000 18.785000 23.538000 N
209 27 22.417999 17.450001 24.091999 C
210 27 20.941000 17.280001 24.523001 C
211 27 20.393000 16.183001 24.237000 O
212 27 23.386999 17.105000 25.208000 C
213 27 24.643000 16.438999 24.635000 C
214 27 24.600000 15.478000 23.868999 O
215 27 25.757999 17.083000 25.028000 N
216 28 20.365999 18.308001 25.121000 N
217 28 18.966999 18.273001 25.545000 C
218 28 18.024000 18.153000 24.343000 C
219 28 16.962000 17.490999 24.437000 O
220 28 18.657000 19.561001 26.298000 C
221 28 19.143000 19.639999 27.695999 C
222 28 20.017000 20.556999 28.167999 C
223 28 18.752001 18.825001 28.806999 C
224 28 20.202000 20.386999 29.523001 N
225 28 19.481001 19.302999 29.934999 C
226 28 17.934000 17.725000 28.990000 C
227 28 19.332001 18.759001 31.201000 C
228 28 17.783001 17.156000 30.226999 C
229 28 18.475000 17.657000 31.323000 C
230 29 18.396000 18.760000 23.250000 N
231 29 17.676001 18.773001 22.002001 C
232 29 17.723000 17.372000 21.355000 C
233 29 16.747000 16.917000 20.739000 O
234 29 18.122999 19.775999 20.940001 C
235 29 17.907000 21.201000 21.247999 C
236 29 16.072001 21.594999 21.207001 S
237 29 15.838000 21.374001 19.431000 C
238 30 18.899000 16.778000 21.433001 N
239 30 19.153999 15.463000 20.837999 C
240 30 18.226999 14.459000 21.577000 C
241 30 17.642000 13.580000 20.921000 O
242 30 20.643000 15.095000 20.964001 C
243 30 20.966999 13.537000 20.094999 S
244 31 18.164000 14.646000 22.860001 N
245 31 17.360001 13.828000 23.766001 C
246 31 15.838000 13.982000 23.434000 C
247 31 15.178000 12.939000 23.298000 O
248 31 17.570000 14.144000 25.240000 C
249 31 16.643999 13.415000 26.205999 C
250 31 17.046000 11.937000 26.306000 C
251 31 16.681999 14.122000 27.577999 C
252 32 15.345000 15.181000 23.344000 N
253 32 13.908000 15.405000 23.018000 C
254 32 13.582000 14.859000 21.649000 C
255 32 12.483000 14.299000 21.417000 O
256 32 13.570000 16.900000 23.065001 C
257 33 14.500000 14.952000 20.695999 N
258 33 14.305000 14.493000 19.320999 C
259 33 14.076000 12.997000 19.288000 C
260 33 13.049000 12.536000 18.708000 O
261 33 15.478000 14.906000 18.431000 C
262 33 15.596000 14.327000 17.038000 C
263 33 14.467000 14.609000 16.106001 C
264 33 14.822000 14.223000 14.656000 C
265 33 13.649000 14.621000 13.812000 N
266 34 14.987000 12.250000 19.888000 N
267 34 14.870000 10.776000 19.806999 C
268 34 13.881000 10.226000 20.820999 C
269 34 13.379000 9.087000 20.575001 O
270 34 16.266001 10.154000 19.747999 C
271 34 16.969000 10.624000 18.504999 C
272 34 18.030001 11.483000 18.444000 C
273 34 16.639000 10.307000 17.143999 C
274 34 18.372999 11.730000 17.136999 N
275 34 17.566000 10.997000 16.327000 C
276 34 15.689000 9.492000 16.551001 C
277 34 17.525999 10.934000 14.935000 C
278 34 15.650000 9.424000 15.167000 C
279 34 16.558001 10.114000 14.369000 C
280 35 13.602000 11.001000 21.846001 N
281 35 12.601000 10.500000 22.825001 C
282 35 11.158000 10.675000 22.337000 C
283 35 10.322000 9.741000 22.395000 O
284 35 12.772000 11.093000 24.202999 C
285 35 13.954000 10.668000 25.070999 C
286 35 13.928000 9.209000 25.445999 C
287 35 12.903000 8.561000 25.419001 O
288 35 15.023000 8.731000 25.833000 O
289 36 10.774000 11.830000 21.872999 N
290 36 9.378000 12.108000 21.459000 C
291 36 9.142000 12.825000 20.163000 C
292 36 7.952000 13.112000 19.837000 O
293 36 8.805000 13.026000 22.575001 C
294 36 9.514000 14.267000 22.597000 O
295 37 10.193000 13.118000 19.424000 N
296 37 10.049000 13.882000 18.191000 C
297 37 9.529000 15.279000 18.528000 C
298 37 8.847000 15.860000 17.681999 O
299 38 9.844000 15.824000 19.705000 N
300 38 9.485000 17.143000 20.181000 C
301 38 7.962000 17.264999 20.433001 C
302 38 7.403000 18.375999 20.263000 O
303 38 9.927000 18.254999 19.187000 C
304 38 11.330000 18.270000 18.629999 C
305 38 12.426000 18.070000 19.485001 C
306 38 11.603000 18.483000 17.292999 C
307 38 13.715000 18.091000 18.980000 C
308 38 12.902000 18.520000 16.761000 C
309 38 13.966000 18.329000 17.656000 C
310 38 15.260000 18.333000 17.261000 O
311 39 7.365000 16.162001 20.823000 N
312 39 5.903000 16.080999 21.066000 C
313 39 5.555000 15.951000 22.524000 C
314 39 5.815000 14.963000 23.229000 O
315 39 5.376000 15.020000 20.077000 C
316 39 3.876000 14.726000 20.153999 C
317 39 3.087000 15.466000 20.728001 O
318 39 3.489000 13.626000 19.537001 N
319 40 4.926000 16.993999 23.056999 N
320 40 4.513000 17.028000 24.475000 C
321 40 3.469000 15.989000 24.854000 C
322 40 3.266000 15.686000 26.046000 O
323 40 4.064000 18.500999 24.855000 C
324 40 2.831000 18.754000 24.084999 O
325 40 5.152000 19.542999 24.528000 C
326 41 2.715000 15.478000 23.896999 N
327 41 1.652000 14.502000 24.073999 C
328 41 2.156000 13.052000 24.121000 C
329 41 1.411000 12.191000 24.599001 O
330 41 0.626000 14.602000 22.910999 C
331 41 -0.739000 14.005000 23.296000 C
332 41 -1.792000 14.364000 22.302000 C
333 41 -3.151000 14.397000 22.878000 N
334 41 -3.844000 13.236000 23.004000 C
335 41 -3.300000 12.077000 22.635000 N
336 41 -5.088000 13.254000 23.506001 N
337 42 3.335000 12.786000 23.617001 N
338 42 3.934000 11.441000 23.535999 C
339 42 3.840000 10.667000 24.847000 C
340 42 4.102000 11.158000 25.927000 O
341 42 5.360000 11.539000 23.016001 C
342 43 3.410000 9.425000 24.691000 N
343 43 3.209000 8.463000 25.787001 C
344 43 3.670000 7.101000 25.295000 C
345 43 3.263000 6.701000 24.191000 O
346 43 1.673000 8.470000 26.184000 C
347 43 1.477000 9.423000 27.266001 O
348 43 1.050000 7.133000 26.466999 C
349 44 4.478000 6.425000 26.066000 N
350 44 4.969000 5.071000 25.736000 C
351 44 4.724000 4.133000 26.945000 C
352 44 5.281000 4.285000 28.028000 O
353 44 6.393000 5.096000 25.226999 C
354 44 7.045000 3.719000 25.136000 C
355 44 6.765000 2.968000 24.181000 O
356 44 7.943000 3.321000 26.058001 N
357 45 3.908000 3.102000 26.740000 N
358 45 3.619000 2.112000 27.792999 C
359 45 4.645000 0.990000 27.708000 C
360 45 4.847000 0.504000 26.584000 O
361 45 2.205000 1.533000 27.591999 C
362 45 1.827000 0.472000 28.608000 C
363 45 1.744000 0.782000 29.952999 C
364 45 1.575000 -0.839000 28.174999 C
365 45 1.408000 -0.196000 30.899000 C
366 45 1.246000 -1.811000 29.118000 C
367 45 1.169000 -1.478000 30.448999 C
368 45 0.835000 -2.423000 31.384001 O
369 46 5.256000 0.635000 28.819000 N
370 46 6.273000 -0.461000 28.816999 C
371 46 5.494000 -1.654000 29.386000 C
372 46 5.345000 -1.676000 30.607000 O
373 46 7.515000 -0.039000 29.607000 C
374 46 8.059000 1.297000 29.108000 C
375 46 8.473000 1.458000 27.961000 O
376 46 8.007000 2.305000 29.965000 N
377 47 5.041000 -2.528000 28.493999 N
378 47 4.233000 -3.680000 28.940001 C
379 47 4.951000 -4.557000 29.947001 C
380 47 4.341000 -5.023000 30.920000 O
381 47 3.648000 -4.478000 27.815001 C
382 48 6.217000 -4.758000 29.695000 N
383 48 7.065000 -5.584000 30.547001 C
384 48 7.103000 -5.205000 32.001999 C
385 48 7.137000 -6.108000 32.879002 O
386 49 7.137000 -3.932000 32.317001 N
387 49 7.202000 -3.528000 33.729000 C
388 49 6.030000 -2.693000 34.181999 C
389 49 6.072000 -2.233000 35.327000 O
390 49 8.593000 -2.927000 34.071999 C
391 49 8.719000 -1.701000 33.169998 C
392 49 8.126000 -0.669000 33.466999 O
393 49 9.367000 -1.896000 32.139000 O
394 50 5.043000 -2.496000 33.341000 N
395 50 3.820000 -1.744000 33.686001 C
396 50 4.031000 -0.306000 34.088001 C
397 50 3.287000 0.308000 34.907001 O
398 50 2.943000 -2.581000 34.652000 C
399 50 2.588000 -3.930000 34.060001 C
400 50 1.789000 -4.924000 34.807999 C
401 50 2.447000 -5.683000 35.807999 N
402 50 2.548000 -6.874000 36.362000 C
403 50 1.917000 -7.987000 35.994999 N
404 50 3.288000 -7.035000 37.472000 N
405 51 5.008000 0.323000 33.442001 N
406 51 5.310000 1.747000 33.673000 C
407 51 4.973000 2.481000 32.372002 C
408 51 4.867000 1.849000 31.302999 O
409 51 6.755000 2.009000 34.070000 C
410 51 7.596000 1.680000 32.949001 O
411 52 4.833000 3.790000 32.462002 N
412 52 4.579000 4.571000 31.240000 C
413 52 5.585000 5.738000 31.226999 C
414 52 5.840000 6.329000 32.283001 O
415 52 3.106000 5.153000 31.059999 C
416 52 2.176000 4.038000 31.073000 O
417 52 2.904000 5.889000 29.712999 C
418 53 6.076000 6.037000 30.041000 N
419 53 6.972000 7.197000 29.829000 C
420 53 6.089000 8.351000 29.323999 C
421 53 5.362000 8.142000 28.327000 O
422 53 8.082000 6.887000 28.813999 C
423 53 8.954000 5.761000 29.368000 C
424 53 9.363000 5.848000 30.538000 O
425 53 9.163000 4.816000 28.608000 O
426 54 6.226000 9.530000 29.936001 N
427 54 5.420000 10.655000 29.546000 C
428 54 6.050000 11.939000 29.023001 C
429 54 6.990000 12.427000 29.632999 O
430 54 4.597000 11.135000 30.781000 C
431 54 3.534000 10.168000 31.273001 C
432 54 3.867000 9.163000 32.166000 C
433 54 2.207000 10.214000 30.846001 C
434 54 2.940000 8.256000 32.707001 C
435 54 1.263000 9.301000 31.313000 C
436 54 1.605000 8.358000 32.276001 C
437 54 0.732000 7.398000 32.742001 O
438 55 5.491000 12.488000 27.948999 N
439 55 5.893000 13.772000 27.473000 C
440 55 7.094000 13.919000 26.573000 C
441 55 7.625000 12.893000 26.150999 O
442 56 7.461000 15.169000 26.396000 N
443 56 8.607000 15.476000 25.493000 C
444 56 9.903000 14.764000 25.878000 C
445 56 10.700000 14.450000 24.938000 O
446 56 8.697000 17.049000 25.441000 C
447 56 9.444000 17.451000 24.155001 C
448 56 9.306000 17.576000 26.760000 C
449 56 9.274000 18.871000 23.615000 C
450 57 10.119000 14.550000 27.153999 N
451 57 11.378000 13.896000 27.594000 C
452 57 11.195000 12.424000 27.945999 C
453 57 12.158000 11.724000 28.333000 O
454 57 12.065000 14.656000 28.736000 C
455 57 12.640000 16.000999 28.385000 C
456 57 13.569000 16.127001 27.355000 C
457 57 12.177000 17.129000 29.091000 C
458 57 14.063000 17.408001 27.049000 C
459 57 12.626000 18.417000 28.778000 C
460 57 13.569000 18.523001 27.752001 C
461 58 9.937000 11.990000 27.827999 N
462 58 9.599000 10.565000 28.117001 C
463 58 10.073000 10.145000 29.504999 C
464 58 10.906000 9.232000 29.709999 O
465 58 10.168000 9.661000 27.028999 C
466 58 9.487000 9.699000 25.695999 C
467 58 8.079000 9.145000 25.704000 C
468 58 7.880000 7.959000 25.485001 O
469 58 7.135000 10.050000 25.971001 N
470 59 9.507000 10.817000 30.488001 N
471 59 9.784000 10.637000 31.917999 C
472 59 8.941000 9.476000 32.421001 C
473 59 7.764000 9.347000 32.076000 O
474 59 9.615000 12.006000 32.634998 C
475 59 10.832000 12.915000 32.198002 C
476 59 9.586000 11.920000 34.173000 C
477 59 10.602000 14.410000 32.459999 C
478 60 9.568000 8.625000 33.230999 N
479 60 8.885000 7.391000 33.709000 C
480 60 8.127000 7.521000 35.008999 C
481 60 8.581000 8.059000 36.049999 O
482 60 9.979000 6.330000 33.678001 C
483 60 9.620000 4.891000 33.984001 C
484 60 9.700000 4.458000 35.150002 O
485 60 9.208000 4.196000 32.938999 N
486 61 6.977000 6.846000 34.997002 N
487 61 6.046000 6.790000 36.125000 C
488 61 6.454000 5.955000 37.311001 C
489 61 5.676000 5.932000 38.293999 O
490 61 4.671000 6.349000 35.625000 C
491 61 4.726000 5.031000 35.147999 O
492 62 7.549000 5.224000 37.266998 N
493 62 7.944000 4.436000 38.449001 C
494 62 8.837000 5.270000 39.363998 C
495 62 8.694000 5.290000 40.602001 O
496 62 8.627000 3.124000 38.075001 C
497 62 9.245000 2.470000 39.341000 C
498 62 9.335000 1.017000 39.189999 C
499 62 8.084000 0.316000 38.921001 N
500 62 7.732000 -0.106000 37.714001 C
501 62 8.495000 0.095000 36.638000 N
502 62 6.600000 -0.808000 37.619999 N
503 63 9.763000 5.990000 38.730000 N
504 63 10.718000 6.799000 39.490002 C
505 63 10.438000 8.256000 39.681999 C
506 63 10.774000 8.816000 40.750000 O
507 63 12.131000 6.621000 38.817001 C
508 63 12.495000 5.156000 38.688000 C
509 63 12.653000 4.396000 39.852001 C
510 63 12.609000 4.532000 37.441002 C
511 63 12.944000 3.036000 39.775002 C
512 63 12.910000 3.171000 37.354000 C
513 63 13.057000 2.446000 38.528000 C
514 63 13.356000 1.107000 38.497002 O
515 64 9.844000 8.910000 38.687000 N
516 64 9.676000 10.354000 38.712002 C
517 64 8.291000 10.944000 38.793999 C
518 64 8.242000 12.006000 39.426998 O
519 64 10.481000 10.875000 37.465000 C
520 64 11.869000 10.327000 37.441002 C
521 64 12.377000 9.368000 36.594002 C
522 64 12.919000 10.629000 38.418999 C
523 64 13.708000 9.109000 36.955002 N
524 64 14.051000 9.866000 38.042000 C
525 64 13.020000 11.486000 39.490002 C
526 64 15.266000 9.942000 38.723999 C
527 64 14.229000 11.555000 40.223999 C
528 64 15.319000 10.769000 39.840000 C
529 65 7.276000 10.366000 38.130001 N
530 65 5.936000 11.036000 38.285000 C
531 65 4.920000 9.998000 38.745998 C
532 65 5.089000 8.806000 38.402000 O
533 65 5.544000 11.754000 37.020000 C
534 65 5.236000 10.731000 35.571999 S
535 66 3.873000 10.431000 39.441002 N
536 66 2.832000 9.491000 39.903000 C
537 66 1.639000 9.435000 38.921001 C
538 66 1.117000 10.480000 38.529999 O
539 66 2.374000 9.822000 41.325001 C
540 66 1.267000 8.876000 41.786999 C
541 66 1.528000 7.725000 42.174000 O
542 66 0.007000 9.304000 41.799000 N
543 67 1.257000 8.209000 38.536999 N
544 67 0.077000 8.052000 37.639000 C
545 67 -0.956000 7.122000 38.278999 C
546 67 -2.042000 6.842000 37.717999 O
547 67 0.431000 7.669000 36.222000 C
548 67 0.976000 6.291000 35.980999 C
549 67 1.232000 5.528000 36.894001 O
550 67 1.220000 5.980000 34.792999 O
551 68 -0.690000 6.614000 39.453999 N
552 68 -1.539000 5.712000 40.192001 C
553 68 -1.508000 4.254000 39.807999 C
554 68 -1.444000 3.346000 40.669998 O
555 69 -1.489000 3.955000 38.539001 N
556 69 -1.499000 2.625000 37.969002 C
557 69 -0.169000 1.892000 37.912998 C
558 69 -0.198000 0.663000 37.674000 O
559 69 -2.216000 2.645000 36.625000 C
560 69 -1.567000 3.429000 35.512001 C
561 69 -2.263000 3.216000 34.182999 C
562 69 -1.383000 3.695000 33.047001 C
563 69 -2.151000 4.498000 32.060001 N
564 70 0.955000 2.539000 38.139999 N
565 70 2.266000 1.858000 38.111000 C
566 70 2.655000 1.168000 39.410999 C
567 70 2.855000 1.837000 40.432999 O
568 70 3.417000 2.865000 37.706001 C
569 70 2.886000 3.596000 36.561001 O
570 70 4.734000 2.117000 37.375000 C
571 71 2.849000 -0.135000 39.348000 N
572 71 3.259000 -0.879000 40.556999 C
573 71 4.651000 -0.458000 41.000999 C
574 71 5.461000 -0.012000 40.164001 O
575 71 3.150000 -2.336000 40.166000 C
576 71 3.182000 -2.375000 38.672001 C
577 71 2.681000 -1.002000 38.195000 C
578 72 4.923000 -0.627000 42.271000 N
579 72 6.206000 -0.303000 42.917999 C
580 72 6.728000 1.033000 42.412998 C
581 72 7.810000 1.059000 41.775002 O
582 73 5.961000 2.093000 42.680000 N
583 73 6.326000 3.442000 42.237000 C
584 73 6.324000 4.467000 43.361000 C
585 73 5.926000 4.167000 44.493999 O
586 73 5.286000 3.898000 41.200001 C
587 74 6.733000 5.669000 42.987000 N
588 74 6.732000 6.851000 43.845001 C
589 74 5.222000 7.114000 44.094002 C
590 74 4.427000 6.770000 43.216000 O
591 74 7.416000 8.076000 43.237999 C
592 74 8.803000 7.696000 42.720001 C
593 74 6.618000 8.746000 42.119999 C
594 75 4.950000 7.686000 45.231998 N
595 75 3.556000 7.948000 45.632000 C
596 75 2.953000 9.219000 45.044998 C
597 75 3.561000 9.932000 44.250000 O
598 75 3.471000 7.910000 47.162998 C
599 75 4.240000 8.989000 47.877998 C
600 75 4.629000 8.653000 49.009998 O
601 75 4.487000 10.197000 47.356998 N
602 76 1.730000 9.421000 45.528000 N
603 76 0.870000 10.554000 45.183998 C
604 76 1.308000 11.894000 45.754002 C
605 76 0.654000 12.915000 45.452000 O
606 76 -0.581000 10.186000 45.557999 C
607 77 2.368000 11.968000 46.541000 N
608 77 2.886000 13.245000 47.083000 C
609 77 3.761000 13.913000 46.019001 C
610 77 4.051000 15.126000 46.037998 O
611 77 3.611000 12.981000 48.389000 C
612 78 4.232000 13.165000 45.042000 N
613 78 5.052000 13.621000 43.918999 C
614 78 4.209000 14.057000 42.714001 C
615 78 3.032000 13.694000 42.528999 O
616 78 5.993000 12.502000 43.390999 C
617 78 6.942000 12.154000 44.495998 C
618 78 8.162000 12.752000 44.688000 N
619 78 6.752000 11.281000 45.513000 C
620 78 8.717000 12.210000 45.765999 C
621 78 7.893000 11.342000 46.292000 N
622 79 4.836000 14.859000 41.874001 N
623 79 4.228000 15.394000 40.652000 C
624 79 3.392000 14.354000 39.908001 C
625 79 3.888000 13.242000 39.688000 O
626 79 5.463000 15.701000 39.778999 C
627 79 5.393000 16.521999 38.528999 C
628 79 4.981000 15.710000 37.344002 C
629 79 4.571000 17.789000 38.703999 C
630 80 2.236000 14.722000 39.438999 N
631 80 1.297000 13.932000 38.646999 C
632 80 1.880000 13.814000 37.235001 C
633 80 2.359000 14.837000 36.698002 O
634 80 -0.024000 14.680000 38.446999 C
635 80 -0.529000 15.199000 39.678001 O
636 81 1.834000 12.661000 36.646999 N
637 81 2.338000 12.459000 35.257000 C
638 81 1.568000 13.324000 34.273998 C
639 81 2.080000 13.709000 33.203999 O
640 81 2.282000 10.962000 34.907001 C
641 81 3.371000 9.961000 35.983002 S
642 82 0.329000 13.663000 34.633999 N
643 82 -0.508000 14.493000 33.741001 C
644 82 0.197000 15.817000 33.445999 C
645 82 -0.010000 16.292000 32.320999 O
646 82 -1.912000 14.784000 34.273998 C
647 82 -1.880000 14.853000 35.695999 O
648 83 0.928000 16.347000 34.416000 N
649 83 1.640000 17.625999 34.298000 C
650 83 2.679000 17.540001 33.160999 C
651 83 2.974000 18.594000 32.592999 O
652 83 2.301000 18.073999 35.580002 C
653 84 3.102000 16.346001 32.832001 N
654 84 4.073000 16.174999 31.702000 C
655 84 3.413000 16.025999 30.348000 C
656 84 4.114000 15.758000 29.315001 O
657 84 4.955000 14.988000 32.095001 C
658 84 5.607000 15.122000 33.480000 C
659 84 6.336000 13.824000 33.841000 C
660 84 6.574000 16.283001 33.465000 C
661 85 2.103000 16.180000 30.302999 N
662 85 1.381000 16.108000 29.020000 C
663 85 0.820000 17.462000 28.584999 C
664 85 0.124000 17.551001 27.547001 O
665 85 0.357000 14.996000 29.052000 C
666 85 0.806000 13.564000 29.250999 C
667 85 -0.421000 12.697000 29.528999 C
668 85 1.550000 13.092000 28.020000 C
669 86 1.184000 18.500999 29.291000 N
670 86 0.801000 19.893999 29.003000 C
671 86 1.569000 20.471001 27.820000 C
672 86 2.691000 20.004000 27.495001 O
673 86 1.056000 20.759001 30.231001 C
674 86 0.338000 20.299000 31.486000 C
675 86 0.554000 21.292999 32.613998 C
676 86 -0.050000 22.386000 32.577000 O
677 86 1.401000 20.943001 33.582001 N
678 87 1.042000 21.503000 27.184000 N
679 87 1.683000 22.198999 26.062000 C
680 87 2.874000 23.044001 26.591000 C
681 87 3.868000 23.215000 25.839001 O
682 87 0.741000 23.105000 25.260000 C
683 87 -0.154000 22.320000 24.298000 C
684 87 -0.034000 21.098000 24.297001 O
685 87 -0.924000 22.927000 23.504999 O
686 88 2.709000 23.577999 27.761999 N
687 88 3.661000 24.392000 28.500999 C
688 88 4.669000 23.374001 29.121000 C
689 88 4.168000 22.614000 29.941000 O
690 88 3.051000 25.283001 29.594000 C
691 88 4.182000 26.152000 30.181000 C
692 88 4.982000 25.688999 30.990999 O
693 88 4.295000 27.399000 29.730000 N
694 89 5.932000 23.422001 28.732000 N
695 89 6.907000 22.434999 29.233999 C
696 89 7.608000 22.809000 30.503000 C
697 89 8.550000 22.077999 30.896000 O
698 89 7.929000 22.003000 28.101000 C
699 89 8.871000 23.169001 27.797001 C
700 89 7.131000 21.427999 26.908001 C
701 89 10.038000 22.841999 26.787001 C
702 90 7.159000 23.871000 31.170000 N
703 90 7.832000 24.216000 32.443001 C
704 90 7.941000 23.082001 33.431999 C
705 90 9.006000 22.912001 34.043999 O
706 90 7.147000 25.426001 33.098000 C
707 91 6.881000 22.316999 33.724998 N
708 91 6.977000 21.219999 34.700001 C
709 91 7.958000 20.128000 34.241001 C
710 91 8.696000 19.662001 35.110001 O
711 91 5.633000 20.613001 35.104000 C
712 91 4.826000 21.576000 35.938999 C
713 91 5.354000 22.355000 36.750000 O
714 91 3.570000 21.518999 35.778000 O
715 92 7.898000 19.771999 32.988998 N
716 92 8.740000 18.773001 32.355000 C
717 92 10.223000 19.166000 32.493000 C
718 92 11.024000 18.282000 32.734001 O
719 92 8.374000 18.540001 30.903000 C
720 93 10.509000 20.437000 32.310001 N
721 93 11.918000 20.898001 32.435001 C
722 93 12.394000 20.768000 33.873001 C
723 93 13.529000 20.301001 34.147999 O
724 93 12.065000 22.311001 31.819000 C
725 93 13.444000 22.884001 32.153000 C
726 93 11.867000 22.219999 30.316000 C
727 94 11.569000 21.174000 34.814999 N
728 94 11.879000 21.125999 36.231998 C
729 94 12.104000 19.677000 36.652000 C
730 94 12.987000 19.393999 37.516998 O
731 94 10.816000 21.827000 37.090000 C
732 95 11.376000 18.802999 36.020000 N
733 95 11.525000 17.349001 36.341999 C
734 95 12.787000 16.850000 35.650002 C
735 95 13.511000 16.093000 36.282001 O
736 95 10.312000 16.511999 35.966000 C
737 95 10.237000 14.816000 36.500000 S
738 96 12.976000 17.198000 34.382000 N
739 96 14.208000 16.750999 33.683998 C
740 96 15.461000 17.176001 34.481998 C
741 96 16.459000 16.424000 34.476002 O
742 96 14.300000 17.348000 32.275002 C
743 97 15.385000 18.351999 35.074001 N
744 97 16.559000 18.868000 35.856998 C
745 97 16.862000 17.966000 37.022999 C
746 97 18.024000 17.657000 37.330002 O
747 97 16.358999 20.330000 36.231998 C
748 97 16.465000 21.285000 35.021000 C
749 97 16.375000 22.725000 35.591999 C
750 97 16.455999 23.780001 34.529999 C
751 97 15.955000 25.094000 35.063999 N
752 98 15.803000 17.525000 37.716999 N
753 98 15.894000 16.643999 38.859001 C
754 98 16.480000 15.300000 38.483002 C
755 98 17.346001 14.751000 39.195000 O
756 98 14.495000 16.480000 39.525002 C
757 98 14.409000 15.326000 40.500000 C
758 98 15.175000 15.669000 41.750000 C
759 98 15.336000 14.536000 42.618999 N
760 98 16.105000 13.478000 42.650002 C
761 98 17.082001 13.280000 41.743999 N
762 98 15.943000 12.578000 43.637001 N
763 99 16.018999 14.729000 37.389999 N
764 99 16.489000 13.424000 36.921001 C
765 99 18.028999 13.404000 36.796001 C
766 99 18.620001 12.419000 37.263000 O
767 99 15.831000 12.999000 35.609001 C
768 99 16.549000 11.784000 34.962002 C
769 99 14.352000 12.711000 35.731998 C
770 100 18.587999 14.434000 36.165001 N
771 100 20.046000 14.501000 35.924999 C
772 100 20.829000 14.977000 37.125999 C
773 100 22.059000 15.142000 37.015999 O
774 100 20.351999 15.255000 34.609001 C
775 100 19.603001 14.711000 33.387001 C
776 100 20.179001 16.752001 34.742001 C
777 101 20.174999 15.228000 38.254002 N
778 101 20.849001 15.657000 39.477001 C
779 101 21.431999 14.395000 40.132000 C
780 101 22.263000 14.535000 41.042000 O
781 101 20.069000 16.482000 40.473000 C
782 101 19.895000 17.943001 40.028000 C
783 101 19.611000 18.816000 41.199001 C
784 101 18.304001 18.632000 41.799000 N
785 101 17.169001 19.202999 41.352001 C
786 101 17.118999 19.979000 40.269001 N
787 101 16.025000 19.039000 42.032001 N
788 102 21.045000 13.249000 39.619999 N
789 102 21.552999 11.931000 40.042000 C
790 102 22.924999 11.790000 39.369999 C
791 102 23.104000 12.355000 38.269001 O
792 102 20.620001 10.824000 39.564999 C
793 102 19.554001 10.422000 40.551998 C
794 102 19.252001 11.185000 41.499001 O
795 102 18.976999 9.320000 40.400002 O
796 103 23.789000 11.003000 39.992001 N
797 103 25.141001 10.738000 39.512001 C
798 103 25.214001 10.322000 38.048000 C
799 103 26.173000 10.739000 37.363998 O
800 103 25.701000 9.682000 40.451000 C
801 103 24.547001 9.168000 41.252998 C
802 103 23.546000 10.324000 41.283001 C
803 104 24.219000 9.573000 37.615002 N
804 104 24.021000 9.062000 36.264000 C
805 104 23.830999 10.168000 35.230000 C
806 104 24.143000 9.959000 34.032001 O
807 104 22.844000 8.064000 36.200001 C
808 104 22.718000 7.438000 34.831001 C
809 104 22.118999 6.069000 34.738998 C
810 104 21.480000 5.489000 35.616001 O
811 104 22.306999 5.443000 33.567001 N
812 105 23.356001 11.329000 35.618999 N
813 105 23.191000 12.450000 34.673000 C
814 105 22.294001 12.048000 33.497002 C
815 105 21.427000 11.181000 33.612999 O
816 106 22.541000 12.661000 32.368999 N
817 106 21.763000 12.419000 31.148001 C
818 106 21.799999 10.987000 30.650000 C
819 106 20.966000 10.579000 29.826000 O
820 106 22.204000 13.480000 30.082001 C
821 106 21.091000 13.527000 28.988001 C
822 106 23.612000 13.175000 29.516001 C
823 106 20.934999 14.872000 28.263000 C
824 107 22.752001 10.194000 31.139000 N
825 107 22.889000 8.783000 30.782000 C
826 107 21.698999 7.974000 31.302999 C
827 107 21.608999 6.799000 30.934000 O
828 107 24.167000 8.106000 31.311001 C
829 107 25.424999 8.470000 30.535000 C
830 107 26.594999 7.709000 31.083000 C
831 107 27.868000 8.128000 30.613001 N
832 107 28.423000 9.250000 30.225000 C
833 107 27.792000 10.423000 30.165001 N
834 107 29.709000 9.232000 29.844000 N
835 108 20.834000 8.561000 32.087002 N
836 108 19.641001 7.932000 32.620998 C
837 108 18.742001 7.467000 31.476999 C
838 108 18.027000 6.456000 31.584999 O
839 108 18.938000 8.902000 33.563999 C
840 109 18.766001 8.190000 30.368999 N
841 109 17.954000 7.840000 29.194000 C
842 109 18.815001 6.996000 28.237000 C
843 109 19.799999 7.494000 27.634001 O
844 109 17.349001 9.105000 28.556999 C
845 109 16.330999 9.925000 29.252001 C
846 109 14.956000 9.741000 29.167999 C
847 109 16.476999 11.067000 30.101000 C
848 109 14.287000 10.633000 29.945999 N
849 109 15.184000 11.486000 30.516001 C
850 109 17.587999 11.766000 30.559999 C
851 109 14.981000 12.589000 31.325001 C
852 109 17.413000 12.860000 31.396999 C
853 109 16.127001 13.261000 31.774000 C
854 110 18.462000 5.728000 28.028000 N
855 110 19.218000 4.877000 27.091000 C
856 110 19.207001 5.472000 25.684999 C
857 110 20.230000 5.324000 24.971001 O
858 110 18.851999 3.395000 27.202999 C
859 110 17.430000 3.097000 26.705000 C
860 110 19.839001 2.538000 26.403999 C
861 111 18.177999 6.132000 25.209999 N
862 111 18.172001 6.732000 23.879000 C
863 111 19.302000 7.764000 23.722000 C
864 111 19.823000 7.885000 22.580999 O
865 111 16.833000 7.392000 23.517000 C
866 112 19.670000 8.465000 24.768999 N
867 112 20.753000 9.440000 24.763000 C
868 112 22.080999 8.718000 24.434000 C
869 112 22.809000 9.169000 23.528000 O
870 112 20.895000 10.285000 26.017000 C
871 112 21.892000 11.390000 25.792999 C
872 112 21.695999 12.564000 25.118999 C
873 112 23.259001 11.400000 26.225000 C
874 112 22.844999 13.308000 25.112000 N
875 112 23.812000 12.630000 25.798000 C
876 112 24.046000 10.496000 26.909000 C
877 112 25.143999 12.969000 26.027000 C
878 112 25.367001 10.828000 27.164000 C
879 112 25.899000 12.047000 26.743000 C
880 113 22.327999 7.619000 25.112000 N
881 113 23.535999 6.810000 24.860001 C
882 113 23.655001 6.300000 23.434999 C
883 113 24.728001 6.363000 22.816999 O
884 113 23.535000 5.573000 25.771000 C
885 113 23.677999 5.897000 27.252001 C
886 113 23.587000 4.557000 27.976000 C
887 113 23.209000 4.843000 29.349001 N
888 113 23.093000 3.820000 30.205000 C
889 113 23.249001 2.588000 29.754000 N
890 113 22.913000 4.121000 31.490999 N
891 114 22.556999 5.792000 22.884001 N
892 114 22.531000 5.215000 21.535000 C
893 114 22.712000 6.206000 20.407000 C
894 114 23.444000 6.033000 19.408001 O
895 114 21.198999 4.457000 21.318001 C
896 114 20.926001 3.408000 22.361000 C
897 114 21.837000 2.970000 23.042000 O
898 114 19.681999 2.998000 22.523001 N
899 115 21.947001 7.287000 20.569000 N
900 115 21.844999 8.327000 19.548000 C
901 115 22.528000 9.665000 19.746000 C
902 115 22.538000 10.417000 18.732000 O
903 115 20.337999 8.677000 19.405001 C
904 115 19.483000 7.444000 19.110001 C
905 115 18.882000 7.533000 17.738001 C
906 115 18.042999 6.331000 17.556999 N
907 115 17.792000 5.912000 16.309000 C
908 115 18.254999 6.539000 15.240000 N
909 115 17.048000 4.820000 16.166000 N
910 116 22.990000 9.932000 20.945999 N
911 116 23.604000 11.255000 21.186001 C
912 116 25.023001 11.212000 21.723000 C
913 116 25.747999 12.105000 21.240000 O
914 116 22.701000 12.066000 22.145000 C
915 116 20.964001 12.182000 21.649000 S
916 117 25.351000 10.393000 22.683001 N
917 117 26.712999 10.362000 23.271000 C
918 117 27.809000 10.123000 22.230000 C
919 117 27.686001 9.274000 21.330000 O
920 117 26.740999 9.318000 24.365999 C
921 117 28.042000 8.823000 24.968000 C
922 117 27.698999 7.683000 25.917000 C
923 117 27.104000 7.917000 26.964001 O
924 117 27.937000 6.431000 25.539000 N
925 118 28.882999 10.884000 22.403999 N
926 118 30.084000 10.823000 21.570999 C
927 118 29.719999 11.103000 20.113001 C
928 118 30.216999 10.500000 19.148001 O
929 118 30.903999 9.551000 21.768999 C
930 118 31.334000 9.269000 23.195999 C
931 118 31.934000 10.108000 23.905001 O
932 118 31.021000 8.054000 23.676001 N
933 119 28.819000 12.051000 19.940001 N
934 119 28.415001 12.439000 18.577000 C
935 119 28.438999 13.941000 18.393999 C
936 119 28.253000 14.662000 19.368999 O
937 119 26.968000 12.013000 18.350000 C
938 119 26.667999 10.544000 18.580000 C
939 119 26.188000 10.004000 17.283001 C
940 119 25.445000 8.779000 17.480000 N
941 119 24.976000 8.044000 16.468000 C
942 119 25.141001 8.450000 15.221000 N
943 119 24.348000 6.915000 16.743999 N
944 120 28.573999 14.376000 17.165001 N
945 120 28.502001 15.786000 16.792999 C
946 120 27.006001 16.152000 16.818001 C
947 120 26.294001 15.925000 15.811000 O
948 120 29.111000 16.006001 15.410000 C
949 120 29.077999 17.478001 15.022000 C
950 120 28.625999 18.322001 15.807000 O
951 120 29.566000 17.770000 13.920000 O
952 121 26.575001 16.761999 17.924000 N
953 121 25.132999 17.145000 18.021000 C
954 121 24.823000 18.601000 17.695000 C
955 121 23.756001 19.139999 18.039000 O
956 121 24.613001 16.756001 19.405001 C
957 121 24.424000 15.260000 19.587000 C
958 121 25.528000 17.351999 20.493000 C
959 122 25.701000 19.256001 16.969000 N
960 122 25.532000 20.664000 16.596001 C
961 122 24.311001 20.879000 15.734000 C
962 122 23.671000 21.962999 15.851000 O
963 122 26.830000 21.264999 16.018000 C
964 122 27.900999 21.406000 17.105000 C
965 122 29.226999 21.825001 16.507000 C
966 122 29.747000 20.789000 15.619000 N
967 122 30.698999 21.028000 14.705000 C
968 122 31.202000 22.236000 14.485000 N
969 122 31.271000 20.016001 14.041000 N
970 123 24.014000 19.908001 14.896000 N
971 123 22.872999 19.980000 13.981000 C
972 123 21.555000 20.306999 14.692000 C
973 123 20.746000 21.080999 14.140000 O
974 123 22.781000 18.733000 13.112000 C
975 123 22.563000 17.431000 13.857000 C
976 123 22.179001 16.299999 12.938000 C
977 123 21.544001 16.521000 11.898000 O
978 123 22.591999 15.091000 13.290000 N
979 124 21.344999 19.806000 15.888000 N
980 124 20.070000 20.084000 16.612000 C
981 124 19.861000 21.531000 16.983000 C
982 124 18.676001 21.934000 17.188000 O
983 124 19.906000 19.146000 17.813000 C
984 124 19.961000 17.679001 17.422001 C
985 124 18.900000 17.024000 16.816000 C
986 124 21.129999 16.945999 17.677000 C
987 124 19.011000 15.674000 16.482000 C
988 124 21.268999 15.614000 17.341999 C
989 124 20.200001 14.989000 16.732000 C
990 124 20.330000 13.655000 16.389999 O
991 125 20.874001 22.372999 17.009001 N
992 125 20.695999 23.775000 17.372000 C
993 125 21.204000 24.731001 16.292000 C
994 125 21.084000 25.937000 16.541000 O
995 125 21.320999 24.145000 18.725000 C
996 125 20.712000 23.479000 19.957001 C
997 125 22.843000 24.007999 18.728001 C
998 126 21.780001 24.232000 15.222000 N
999 126 22.351000 25.146999 14.196000 C
1000 126 21.261000 26.032000 13.624000 C
1001 126 20.169001 25.535999 13.247000 O
1002 126 23.143000 24.362000 13.171000 C
1003 126 22.537001 24.047001 11.818000 C
1004 126 23.125999 22.732000 11.292000 C
1005 126 24.349001 22.530001 11.268000 O
1006 126 22.261999 21.788000 10.901000 N
1007 127 21.558001 27.327999 13.553000 N
1008 127 20.690001 28.361000 13.028000 C
1009 127 19.542999 28.783001 13.918000 C
1010 127 18.615999 29.483999 13.441000 O
1011 128 19.528000 28.393000 15.181000 N
1012 128 18.417999 28.749001 16.075001 C
1013 128 18.608000 30.044001 16.836000 C
1014 128 17.629999 30.459999 17.479000 O
1015 128 18.073999 27.608999 17.025999 C
1016 128 17.552999 26.110001 16.219000 S
1017 129 19.792000 30.608999 16.837999 N
1018 129 20.073999 31.865999 17.534000 C
1019 129 20.274000 31.695000 19.032000 C
1020 129 19.968000 32.596001 19.854000 O
1021 130 20.733000 30.538000 19.415001 N
1022 130 21.007000 30.195000 20.809999 C
1023 130 22.521999 29.938999 20.959000 C
1024 130 23.222000 29.837000 19.915001 O
1025 130 20.162001 28.987000 21.239000 C
1026 130 18.649000 29.146999 21.052999 C
1027 130 20.680000 27.756001 20.500999 C
1028 130 22.931999 29.768000 22.118000 O
