1290
1 1 44.160 -3.213 9.190 N
2 1 43.493 -1.912 9.160 C
3 1 42.054 -2.007 9.675 C
4 1 41.364 -3.016 9.489 O
5 1 43.586 -1.317 7.729 C
6 1 42.871 0.001 7.554 C
7 1 43.859 1.460 7.967 S
8 1 45.456 0.897 7.345 C
9 2 41.626 -0.927 10.327 N
10 2 40.304 -0.755 10.887 C
11 2 39.934 0.735 10.940 C
12 2 40.765 1.605 10.654 O
13 2 40.133 -1.484 12.268 C
14 2 41.084 -0.968 13.309 C
15 2 41.076 0.267 13.606 O
16 2 41.861 -1.907 13.860 N
17 3 38.660 1.005 11.267 N
18 3 38.151 2.376 11.307 C
19 3 39.013 3.316 12.177 C
20 3 39.191 4.490 11.877 O
21 3 36.648 2.454 11.607 C
22 3 36.089 3.885 11.499 C
23 3 36.337 1.891 13.013 C
24 3 36.294 4.581 10.145 C
25 4 39.504 2.794 13.284 N
26 4 40.290 3.598 14.185 C
27 4 41.597 3.995 13.567 C
28 4 41.957 5.163 13.578 O
29 4 40.509 2.894 15.542 C
30 4 39.221 2.902 16.386 C
31 4 38.872 4.000 17.175 C
32 4 38.361 1.798 16.392 C
33 4 37.710 4.028 17.955 C
34 4 37.179 1.815 17.135 C
35 4 36.857 2.924 17.926 C
36 5 42.296 3.027 12.982 N
37 5 43.576 3.314 12.336 C
38 5 43.372 4.181 11.106 C
39 5 44.179 5.014 10.804 O
40 5 44.145 2.004 11.830 C
41 5 44.667 1.094 12.951 C
42 5 45.182 -0.234 12.442 C
43 5 45.346 -0.507 11.265 O
44 5 45.466 -1.057 13.412 O
45 6 42.261 3.958 10.415 N
46 6 41.963 4.727 9.223 C
47 6 41.755 6.181 9.591 C
48 6 42.318 7.115 9.010 O
49 6 40.661 4.183 8.627 C
50 6 40.306 4.824 7.300 C
51 6 38.561 4.588 6.931 S
52 6 38.510 4.542 5.114 C
53 7 40.867 6.439 10.518 N
54 7 40.665 7.831 10.850 C
55 7 41.865 8.455 11.544 C
56 7 42.099 9.651 11.501 O
57 7 39.464 7.934 11.813 C
58 7 38.134 7.985 11.100 C
59 7 37.011 7.730 12.113 C
60 7 37.932 9.364 10.484 C
61 8 42.642 7.650 12.241 N
62 8 43.775 8.262 12.899 C
63 8 44.745 8.765 11.858 C
64 8 45.456 9.746 12.075 O
65 8 44.446 7.292 13.833 C
66 8 45.863 7.721 14.171 C
67 8 46.002 8.380 15.545 C
68 8 47.370 8.851 15.808 N
69 8 48.129 9.555 14.937 
70 8 47.715 9.906 13.706 N
71 8 49.360 9.914 15.312 
72 9 44.723 8.113 10.698 N
73 9 45.575 8.527 9.622 C
74 9 45.033 9.787 8.981 C
75 9 45.760 10.709 8.693 O
76 9 45.728 7.436 8.562 C
77 9 46.799 6.423 8.969 C
78 9 46.091 8.015 7.184 C
79 9 46.520 5.080 8.286 C
80 10 43.744 9.851 8.760 N
81 10 43.177 11.001 8.121 C
82 10 43.141 12.263 8.988 C
83 10 43.133 13.368 8.480 O
84 10 41.737 10.671 7.674 C
85 10 41.736 9.792 6.447 C
86 10 42.614 9.839 5.625 O
87 10 40.724 8.995 6.376 O
88 11 43.039 12.107 10.295 N
89 11 42.844 13.273 11.141 C
90 11 44.089 13.675 11.882 C
91 11 44.187 14.791 12.367 O
92 11 41.768 12.901 12.181 C
93 11 40.399 12.698 11.565 C
94 11 39.793 13.991 11.086 C
95 11 40.291 15.074 11.268 O
96 11 38.678 13.832 10.438 O
97 12 45.014 12.740 12.018 N
98 12 46.228 12.964 12.794 C
99 12 45.921 13.041 14.298 C
100 12 44.826 12.692 14.742 O
101 13 46.921 13.484 15.074 N
102 13 46.785 13.631 16.537 C
103 13 47.458 14.894 17.072 C
104 13 48.647 15.075 16.941 O
105 13 47.402 12.428 17.242 C
106 13 47.664 12.687 18.720 C
107 13 46.355 13.048 19.381 C
108 13 48.171 11.426 19.393 C
109 14 46.693 15.772 17.696 N
110 14 47.241 16.984 18.254 C
111 14 46.746 17.172 19.643 C
112 14 45.562 17.084 19.871 O
113 14 46.995 18.203 17.398 C
114 14 47.694 18.016 16.046 C
115 14 47.552 19.190 15.102 C
116 14 48.400 20.321 15.477 N
117 14 48.475 21.486 14.813 C
118 14 47.750 21.772 13.715 N
119 14 49.313 22.406 15.283 N
120 15 47.677 17.487 20.535 N
121 15 47.374 17.625 21.939 C
122 15 47.052 19.017 22.450 C
123 15 46.753 19.173 23.629 O
124 15 48.341 16.865 22.880 C
125 15 48.438 15.361 22.591 C
126 15 49.543 14.774 23.444 C
127 15 47.136 14.631 22.888 C
128 16 47.161 20.018 21.606 N
129 16 46.814 21.376 21.971 C
130 16 45.688 21.793 21.038 C
131 16 45.601 21.257 19.945 O
132 16 47.972 22.310 21.629 C
133 16 48.987 22.472 22.729 C
134 16 50.033 21.367 22.705 C
135 16 51.460 21.878 22.557 
136 16 51.932 22.637 23.727 
137 17 44.843 22.764 21.420 N
138 17 43.768 23.241 20.509 C
139 17 44.371 23.704 19.179 C
140 17 45.421 24.383 19.179 O
141 17 43.005 24.400 21.154 C
142 17 42.307 23.914 22.434 C
143 17 42.038 25.093 20.170 C
144 17 41.411 24.976 23.074 C
145 18 43.707 23.404 18.046 N
146 18 44.223 23.833 16.756 C
147 18 43.077 24.149 15.898 C
148 18 41.939 23.866 16.272 O
149 18 45.080 22.713 16.095 C
150 18 44.381 21.399 15.798 C
151 18 44.239 20.388 16.754 C
152 18 43.895 21.147 14.507 C
153 18 43.604 19.184 16.421 C
154 18 43.247 19.953 14.163 C
155 18 43.091 18.967 15.132 C
156 18 42.509 17.771 14.770 O
157 19 43.368 24.736 14.757 N
158 19 42.297 25.030 13.855 C
159 19 42.241 23.969 12.769 C
160 19 43.283 23.537 12.199 O
161 19 42.430 26.364 13.222 C
162 19 42.109 27.458 14.173 C
163 19 41.605 28.625 13.375 C
164 19 41.851 29.970 14.015 C
165 19 40.847 30.967 13.600 
166 20 41.012 23.555 12.464 N
167 20 40.865 22.557 11.453 C
168 20 40.972 23.169 10.051 C
169 20 41.283 24.355 9.909 O
170 20 39.620 21.711 11.702 C
171 20 38.356 22.321 11.224 C
172 20 38.296 23.403 10.731 O
173 20 37.332 21.520 11.329 O
174 21 40.731 22.356 9.007 N
175 21 40.820 22.846 7.609 C
176 21 39.833 23.946 7.304 C
177 21 40.088 24.753 6.390 O
178 21 40.725 21.733 6.535 C
179 21 39.425 21.202 6.533 O
180 21 41.688 20.593 6.858 C
181 22 38.716 24.006 8.080 N
182 22 37.690 25.047 7.891 C
183 22 37.917 26.266 8.790 C
184 22 37.168 27.205 8.699 O
185 22 36.282 24.533 8.083 C
186 22 35.965 23.273 7.247 C
187 22 35.655 23.585 5.803 C
188 22 35.343 24.692 5.435 O
189 22 35.756 22.544 5.008 O
190 23 38.977 26.181 9.616 N
191 23 39.404 27.182 10.565 C
192 23 38.674 27.053 11.908 C
193 23 38.627 28.015 12.646 O
194 24 38.105 25.877 12.225 N
195 24 37.398 25.681 13.496 C
196 24 38.252 25.049 14.525 C
197 24 39.057 24.165 14.236 O
198 24 36.178 24.763 13.448 C
199 24 35.217 25.230 12.424 C
200 24 34.915 26.581 12.341 C
201 24 34.634 24.335 11.530 C
202 24 34.021 27.048 11.379 C
203 24 33.741 24.797 10.565 C
204 24 33.430 26.154 10.490 C
205 24 32.541 26.603 9.537 O
206 25 38.009 25.471 15.748 N
207 25 38.744 24.957 16.881 C
208 25 38.446 23.476 17.146 C
209 25 37.293 23.073 17.371 O
210 25 38.375 25.817 18.120 C
211 25 38.977 27.190 18.065 C
212 25 40.363 27.332 18.018 C
213 25 38.171 28.329 18.073 C
214 25 40.937 28.606 18.006 C
215 25 38.723 29.607 18.010 C
216 25 40.110 29.733 17.994 C
217 25 40.659 30.977 17.966 O
218 26 39.527 22.721 17.131 N
219 26 39.533 21.281 17.269 C
220 26 40.657 20.845 18.205 C
221 26 41.584 21.586 18.466 O
222 26 39.826 20.733 15.824 C
223 26 38.860 21.277 14.959 O
224 26 39.831 19.207 15.668 C
225 27 40.626 19.579 18.626 N
226 27 41.695 19.006 19.447 C
227 27 41.764 17.474 19.295 C
228 27 40.797 16.838 18.881 O
229 27 41.548 19.395 20.940 C
230 27 42.902 19.171 21.686 C
231 27 40.433 18.487 21.495 C
232 27 43.056 20.004 22.915 C
233 28 42.884 16.853 19.670 N
234 28 42.980 15.389 19.627 C
235 28 42.968 14.831 18.214 C
236 28 43.691 15.299 17.326 O
237 29 42.127 13.838 18.034 N
238 29 41.949 13.201 16.753 C
239 29 40.743 13.714 16.001 C
240 29 39.749 13.028 15.881 O
241 29 41.931 11.665 16.878 C
242 29 43.293 11.197 17.495 C
243 29 41.803 11.162 15.430 C
244 29 43.298 9.862 18.234 C
245 30 40.799 14.963 15.541 N
246 30 39.675 15.495 14.803 C
247 30 38.465 15.756 15.653 C
248 30 37.367 15.814 15.166 O
249 31 38.651 15.947 16.952 N
250 31 37.466 16.260 17.742 C
251 31 37.108 17.768 17.680 C
252 31 37.798 18.589 18.300 O
253 31 37.717 15.836 19.222 C
254 31 36.500 16.124 20.043 C
255 31 35.437 15.240 20.083 N
256 31 36.179 17.188 20.819 C
257 31 34.496 15.759 20.842 C
258 31 34.917 16.934 21.321 N
259 32 36.060 18.165 16.919 N
260 32 35.638 19.548 16.796 C
261 32 35.171 20.144 18.123 C
262 32 34.393 19.544 18.842 O
263 32 34.525 19.684 15.747 C
264 32 33.962 21.109 15.764 C
265 32 34.948 22.038 15.134 C
266 32 32.675 21.200 14.978 C
267 33 35.671 21.298 18.490 N
268 33 35.219 21.838 19.761 C
269 33 34.043 22.781 19.584 C
270 33 33.032 22.714 20.298 O
271 33 36.332 22.519 20.593 C
272 33 37.385 21.564 21.094 C
273 33 38.560 22.409 21.563 C
274 33 36.822 20.739 22.250 C
275 34 34.197 23.691 18.636 N
276 34 33.163 24.659 18.381 C
277 34 33.441 25.270 17.038 C
278 34 34.588 25.207 16.578 O
279 34 33.254 25.812 19.465 C
280 34 32.187 26.748 19.378 O
281 34 34.610 26.556 19.507 C
282 35 32.404 25.887 16.475 N
283 35 32.498 26.649 15.254 C
284 35 32.593 28.141 15.596 C
285 35 32.874 28.980 14.754 O
286 35 31.416 26.332 14.245 C
287 35 31.426 24.861 13.803 C
288 35 30.664 24.557 12.512 C
289 35 29.197 24.148 12.705 C
290 35 28.287 24.512 11.595 
291 36 32.467 28.447 16.878 N
292 36 32.598 29.813 17.353 C
293 36 34.023 30.301 17.162 C
294 36 35.010 29.590 17.421 O
295 36 32.171 29.963 18.813 C
296 36 32.728 31.136 19.362 O
297 37 34.153 31.549 16.724 N
298 37 35.475 32.108 16.476 C
299 37 36.264 32.439 17.723 C
300 37 37.409 32.876 17.621 O
301 37 35.278 33.354 15.632 C
302 37 33.799 33.429 15.290 C
303 37 33.083 32.400 16.145 C
304 38 35.644 32.191 18.890 N
305 38 36.246 32.466 20.195 C
306 38 37.009 31.308 20.837 C
307 38 36.465 30.237 21.156 O
308 38 35.203 32.959 21.204 C
309 38 35.836 32.991 22.473 O
310 39 38.263 31.594 21.124 N
311 39 39.151 30.637 21.765 C
312 39 38.716 30.339 23.160 C
313 39 38.930 29.256 23.701 O
314 39 40.589 31.147 21.856 C
315 39 41.541 30.102 22.410 C
316 39 41.357 28.780 21.654 C
317 39 42.955 30.619 22.227 C
318 40 38.142 31.331 23.771 N
319 40 37.692 31.094 25.113 C
320 40 36.537 30.130 25.076 C
321 40 36.422 29.226 25.912 O
322 40 37.325 32.402 25.819 C
323 40 38.599 33.162 26.049 C
324 40 39.516 32.648 26.712 O
325 40 38.707 34.321 25.398 
326 41 35.678 30.353 24.103 N
327 41 34.569 29.451 23.910 C
328 41 35.125 28.038 23.687 C
329 41 34.633 27.091 24.254 O
330 41 33.693 29.895 22.759 C
331 42 36.179 27.910 22.888 N
332 42 36.792 26.598 22.622 C
333 42 37.388 25.954 23.863 C
334 42 37.257 24.742 24.104 O
335 42 37.866 26.727 21.554 C
336 43 38.071 26.754 24.680 N
337 43 38.659 26.283 25.938 C
338 43 37.569 25.807 26.886 C
339 43 37.690 24.776 27.516 O
340 43 39.405 27.395 26.635 C
341 43 40.875 27.397 26.280 C
342 43 41.472 28.796 26.226 C
343 43 43.002 28.805 26.222 C
344 43 43.618 29.089 27.537 N
345 44 36.473 26.518 26.906 N
346 44 35.329 26.148 27.735 C
347 44 34.687 24.807 27.329 C
348 44 34.425 23.942 28.155 O
349 44 34.296 27.286 27.745 C
350 44 33.136 26.942 28.465 O
351 45 34.474 24.627 26.026 N
352 45 33.931 23.411 25.510 C
353 45 34.916 22.349 25.806 C
354 45 34.526 21.259 26.116 O
355 45 33.810 23.442 23.955 C
356 45 32.629 24.341 23.521 C
357 45 31.314 23.769 24.016 C
358 45 31.072 22.599 24.028 O
359 45 30.435 24.642 24.419 O
360 46 36.206 22.654 25.654 N
361 46 37.181 21.633 25.933 C
362 46 37.126 21.097 27.402 C
363 46 37.166 19.888 27.673 O
364 46 38.611 22.094 25.582 C
365 46 39.681 21.072 26.008 C
366 46 39.398 19.738 25.325 C
367 46 41.061 21.539 25.567 C
368 47 37.069 22.014 28.370 N
369 47 37.075 21.631 29.773 C
370 47 35.871 20.794 30.172 C
371 47 35.985 19.819 30.951 O
372 47 37.242 22.850 30.692 C
373 47 38.624 23.493 30.667 C
374 47 39.648 22.995 30.215 O
375 47 38.595 24.648 31.223 O
376 48 34.729 21.199 29.574 N
377 48 33.466 20.506 29.756 C
378 48 33.529 19.076 29.151 C
379 48 33.030 18.112 29.699 O
380 48 32.422 21.364 29.049 C
381 48 31.107 20.696 28.783 C
382 48 29.986 21.698 28.583 C
383 48 30.033 22.386 27.241 C
384 48 29.493 21.561 26.161 N
385 49 34.208 18.910 28.028 N
386 49 34.322 17.599 27.408 C
387 49 35.192 16.645 28.222 C
388 49 34.956 15.460 28.246 O
389 49 34.934 17.752 26.002 C
390 50 36.258 17.183 28.799 N
391 50 37.272 16.419 29.560 C
392 50 36.915 16.285 31.049 C
393 50 37.233 15.306 31.738 O
394 50 38.670 17.101 29.375 C
395 50 39.058 17.155 27.905 C
396 50 39.782 16.348 30.118 C
397 50 39.164 15.753 27.300 C
398 51 36.231 17.273 31.563 N
399 51 35.883 17.200 32.956 C
400 51 36.974 17.796 33.838 C
401 51 37.090 17.494 35.009 O
402 52 37.798 18.649 33.297 N
403 52 38.803 19.277 34.138 C
404 52 39.254 20.548 33.503 C
405 52 38.932 20.812 32.361 O
406 52 39.996 18.393 34.453 C
407 52 41.004 18.262 33.319 C
408 52 42.001 17.169 33.605 C
409 52 42.878 16.883 32.485 N
410 52 43.770 17.758 32.051 C
411 52 43.925 18.950 32.634 N
412 52 44.546 17.431 31.028 N
413 53 39.963 21.339 34.262 N
414 53 40.485 22.574 33.742 C
415 53 41.739 22.257 32.925 C
416 53 42.794 21.969 33.468 O
417 53 40.874 23.382 34.958 C
418 53 40.062 24.619 34.953 
419 53 38.870 24.566 35.297 O
420 53 40.703 25.692 34.481 N
421 54 41.611 22.233 31.613 N
422 54 42.717 21.798 30.784 C
423 54 43.697 22.835 30.381 C
424 54 44.819 22.466 30.055 O
425 54 42.234 21.178 29.468 C
426 54 41.701 22.221 28.657 O
427 54 41.168 20.134 29.786 C
428 55 43.254 24.077 30.253 N
429 55 44.192 25.065 29.797 C
430 55 44.561 24.871 28.309 C
431 55 45.589 25.392 27.824 O
432 55 45.425 25.092 30.739 C
433 55 46.381 26.271 30.580 
434 55 45.953 27.443 30.313 O
435 55 47.679 25.952 30.721 N
436 56 43.708 24.133 27.569 N
437 56 43.889 23.931 26.115 C
438 56 44.841 22.828 25.698 C
439 56 45.200 22.695 24.532 O
440 57 45.253 22.033 26.658 N
441 57 46.137 20.901 26.445 C
442 57 45.575 19.642 27.140 C
443 57 45.198 19.684 28.299 O
444 57 47.491 21.231 27.051 C
445 57 48.511 20.158 26.676 C
446 57 47.927 22.605 26.554 C
447 58 45.525 18.505 26.443 N
448 58 45.012 17.245 26.980 C
449 58 46.132 16.231 26.811 C
450 58 47.142 16.508 26.142 O
451 58 43.740 16.795 26.235 C
452 58 44.046 16.609 24.726 C
453 58 42.608 17.843 26.461 C
454 58 42.921 15.876 23.995 C
455 59 45.968 15.057 27.375 N
456 59 46.970 14.025 27.244 C
457 59 46.526 13.081 26.136 C
458 59 45.425 13.191 25.619 O
459 59 47.027 13.221 28.561 C
460 59 45.825 12.454 28.683 O
461 59 47.161 14.162 29.760 C
462 60 47.384 12.122 25.826 N
463 60 47.125 11.142 24.811 C
464 60 45.927 10.289 25.150 C
465 60 45.029 10.076 24.326 O
466 60 48.344 10.283 24.493 C
467 60 48.138 9.352 23.297 C
468 60 49.423 8.766 22.719 C
469 60 49.325 8.455 21.228 C
470 60 50.559 8.749 20.466 N
471 61 45.900 9.804 26.398 N
472 61 44.738 9.033 26.813 C
473 61 43.437 9.827 26.643 C
474 61 42.416 9.292 26.240 O
475 61 44.880 8.672 28.278 C
476 61 46.056 7.796 28.475 C
477 61 46.607 7.210 27.560 O
478 61 46.443 7.765 29.722 O
479 62 43.458 11.095 27.056 N
480 62 42.304 11.955 26.926 C
481 62 41.872 12.059 25.462 C
482 62 40.696 11.951 25.183 O
483 62 42.559 13.359 27.466 C
484 62 42.506 13.344 28.992 C
485 62 43.039 14.579 29.629 C
486 62 43.619 15.496 29.044 O
487 62 42.747 14.585 30.892 O
488 63 42.829 12.281 24.545 N
489 63 42.507 12.364 23.116 C
490 63 41.861 11.053 22.634 C
491 63 40.914 11.046 21.877 O
492 63 43.762 12.656 22.310 C
493 64 42.415 9.932 23.075 N
494 64 41.883 8.662 22.693 C
495 64 40.519 8.390 23.229 C
496 64 39.713 7.687 22.584 O
497 64 42.853 7.557 23.075 C
498 64 43.861 7.456 21.945 C
499 64 45.112 6.737 22.341 C
500 64 45.270 6.194 23.422 O
501 64 46.003 6.753 21.392 O
502 65 40.260 8.899 24.421 N
503 65 38.925 8.713 24.984 C
504 65 37.888 9.484 24.163 C
505 65 36.862 8.939 23.773 O
506 65 38.831 9.028 26.466 C
507 65 37.431 8.796 26.993 C
508 65 37.359 7.822 28.153 C
509 65 37.137 8.507 29.493 C
510 65 35.959 8.002 30.225 N
511 66 38.190 10.735 23.792 N
512 66 37.292 11.496 22.910 C
513 66 37.089 10.792 21.590 C
514 66 35.984 10.775 21.008 O
515 66 37.932 12.850 22.538 C
516 66 37.956 13.833 23.692 C
517 66 38.414 15.186 23.176 C
518 66 36.573 13.965 24.296 C
519 67 38.148 10.202 21.114 N
520 67 38.069 9.520 19.802 C
521 67 37.154 8.326 19.851 C
522 67 36.280 8.160 18.987 O
523 67 39.490 9.183 19.397 C
524 67 39.661 8.542 18.035 C
525 67 38.949 9.030 16.933 C
526 67 40.618 7.536 17.858 C
527 67 39.166 8.479 15.665 C
528 67 40.857 6.978 16.598 C
529 67 40.114 7.463 15.517 C
530 68 37.320 7.465 20.867 N
531 68 36.395 6.315 21.014 C
532 68 34.943 6.777 21.072 C
533 68 34.000 6.210 20.506 O
534 68 36.667 5.558 22.341 C
535 68 37.849 4.627 22.207 C
536 68 37.949 3.907 21.210 O
537 68 38.762 4.668 23.182 N
538 69 34.741 7.817 21.853 N
539 69 33.391 8.353 21.963 C
540 69 32.898 8.869 20.616 C
541 69 31.725 8.757 20.286 O
542 69 33.326 9.549 22.914 C
543 69 33.511 9.096 24.347 C
544 69 33.663 10.238 25.349 C
545 69 33.769 9.968 26.531 O
546 69 33.650 11.490 24.917 N
547 70 33.779 9.532 19.884 N
548 70 33.355 10.089 18.606 C
549 70 33.077 9.025 17.554 C
550 70 32.225 9.216 16.694 O
551 70 34.399 11.084 18.058 C
552 70 34.431 12.377 18.845 C
553 70 33.525 12.738 19.532 O
554 70 35.529 13.051 18.757 O
555 71 33.860 7.950 17.566 N
556 71 33.635 6.898 16.592 C
557 71 32.299 6.245 16.904 C
558 71 31.427 6.025 16.060 O
559 71 34.763 5.860 16.642 C
560 71 34.428 4.668 15.727 C
561 71 36.080 6.455 16.156 C
562 72 32.088 6.000 18.178 N
563 72 30.827 5.384 18.560 C
564 72 29.617 6.208 18.168 C
565 72 28.627 5.706 17.658 O
566 72 30.888 5.076 20.065 C
567 72 29.846 4.099 20.550 C
568 72 29.239 3.333 19.843 O
569 72 29.777 4.111 21.841 O
570 73 29.680 7.495 18.401 N
571 73 28.574 8.381 18.057 C
572 73 28.325 8.380 16.553 C
573 73 27.184 8.425 16.085 O
574 73 28.944 9.822 18.440 C
575 74 29.421 8.372 15.795 N
576 74 29.340 8.377 14.331 C
577 74 28.532 7.162 13.836 C
578 74 27.602 7.274 13.054 O
579 74 30.736 8.442 13.664 C
580 75 28.923 5.990 14.298 N
581 75 28.239 4.783 13.906 C
582 75 26.800 4.872 14.342 C
583 75 25.887 4.483 13.607 O
584 75 28.879 3.544 14.535 C
585 75 28.134 2.277 14.058 C
586 75 30.310 3.484 14.038 C
587 76 26.595 5.344 15.555 N
588 76 25.233 5.380 16.035 C
589 76 24.338 6.349 15.302 C
590 76 23.162 6.118 15.074 O
591 76 25.096 5.224 17.546 C
592 76 25.471 3.779 17.809 C
593 76 24.857 3.067 18.998 C
594 76 23.417 3.141 19.236 N
595 76 22.984 3.075 20.500 C
596 76 23.875 2.987 21.496 N
597 76 21.674 3.113 20.785 N
598 77 24.931 7.403 14.836 N
599 77 24.199 8.369 14.052 C
600 77 23.736 7.764 12.725 C
601 77 22.651 8.028 12.242 O
602 78 24.607 6.974 12.122 N
603 78 24.326 6.259 10.875 C
604 78 23.139 5.300 11.062 C
605 78 22.178 5.272 10.310 O
606 78 25.600 5.463 10.441 C
607 78 26.566 6.409 9.697 C
608 78 25.241 4.325 9.485 C
609 78 27.971 5.847 9.487 C
610 79 23.223 4.497 12.146 N
611 79 22.217 3.537 12.392 C
612 79 20.902 4.153 12.725 C
613 79 19.903 3.556 12.462 O
614 79 22.623 2.514 13.447 C
615 79 23.881 1.733 13.086 C
616 79 24.252 0.867 14.279 C
617 79 23.655 0.844 11.853 C
618 80 20.902 5.348 13.284 N
619 80 19.641 5.989 13.645 C
620 80 19.064 6.747 12.453 C
621 80 17.926 7.185 12.481 O
622 80 19.859 7.057 14.737 C
623 80 20.481 6.619 16.062 C
624 80 20.299 7.685 17.161 
625 80 21.308 8.768 17.195 N
626 80 21.462 9.772 16.302 
627 80 20.705 9.921 15.207 N
628 80 22.430 10.663 16.512 N
629 81 19.873 6.992 11.431 N
630 81 19.404 7.763 10.311 C
631 81 18.737 6.900 9.263 C
632 81 19.334 5.963 8.709 O
633 81 20.561 8.555 9.728 C
634 81 20.061 9.474 8.676 C
635 81 19.504 9.064 7.666 O
636 81 20.269 10.728 8.911 N
637 82 17.474 7.234 8.993 N
638 82 16.672 6.506 8.009 C
639 82 17.243 6.464 6.592 C
640 82 17.038 5.498 5.868 O
641 82 15.224 6.950 8.010 C
642 83 17.965 7.488 6.169 N
643 83 18.559 7.485 4.843 C
644 83 19.886 6.722 4.827 C
645 83 20.302 6.172 3.820 O
646 83 18.789 8.919 4.379 C
647 83 17.818 9.395 3.305 C
648 83 18.464 10.323 2.280 C
649 83 19.286 9.589 1.228 
650 83 20.415 10.378 0.712 N
651 84 20.561 6.717 5.967 N
652 84 21.870 6.086 6.087 C
653 84 21.870 4.615 6.444 C
654 84 22.677 3.850 5.944 O
655 84 22.815 6.831 7.037 C
656 84 23.037 8.259 6.618 C
657 84 23.857 8.975 7.667 C
658 84 23.739 8.297 5.268 C
659 85 21.017 4.229 7.355 N
660 85 21.013 2.857 7.762 C
661 85 21.014 1.822 6.653 C
662 85 21.752 0.862 6.668 O
663 85 19.890 2.580 8.720 C
664 85 20.153 1.237 9.403 C
665 85 19.223 1.006 10.569 C
666 85 19.445 -0.364 11.180 C
667 85 18.991 -1.421 10.276 N
668 86 20.105 1.954 5.726 N
669 86 19.987 0.952 4.687 C
670 86 21.210 0.867 3.840 C
671 86 21.556 -0.202 3.351 O
672 86 18.813 1.344 3.798 C
673 86 18.234 2.610 4.402 C
674 86 19.135 3.034 5.552 C
675 87 21.883 1.996 3.660 N
676 87 23.120 1.947 2.866 C
677 87 24.165 1.140 3.592 C
678 87 24.825 0.251 3.069 O
679 87 23.642 3.357 2.553 C
680 87 24.919 3.315 1.678 C
681 87 22.533 4.201 1.895 C
682 88 24.330 1.521 4.827 N
683 88 25.277 0.927 5.743 C
684 88 25.072 -0.560 5.838 C
685 88 26.022 -1.331 5.717 O
686 88 25.143 1.612 7.113 C
687 88 26.186 1.150 8.103 C
688 88 27.426 1.786 8.186 C
689 88 25.925 0.050 8.917 C
690 88 28.400 1.336 9.080 C
691 88 26.886 -0.424 9.804 C
692 88 28.110 0.246 9.896 C
693 88 29.058 -0.186 10.766 O
694 89 23.806 -0.992 6.011 N
695 89 23.498 -2.438 6.092 C
696 89 23.842 -3.149 4.813 C
697 89 24.247 -4.292 4.814 O
698 89 22.025 -2.659 6.464 C
699 89 21.836 -2.379 7.926 C
700 89 22.745 -2.193 8.693 O
701 89 20.610 -2.337 8.277 O
702 90 23.740 -2.477 3.678 N
703 90 24.056 -3.189 2.430 C
704 90 25.507 -3.390 2.106 C
705 90 25.863 -4.131 1.176 O
706 90 23.429 -2.450 1.250 C
707 90 24.138 -1.228 1.037 O
708 91 26.375 -2.648 2.766 N
709 91 27.793 -2.661 2.441 C
710 91 28.600 -3.715 3.143 C
711 91 28.240 -4.176 4.223 O
712 91 28.410 -1.313 2.847 C
713 91 27.921 -0.049 2.064 C
714 91 28.445 1.243 2.726 C
715 91 28.434 -0.061 0.640 C
716 92 29.743 -4.032 2.571 N
717 92 30.692 -4.951 3.181 C
718 92 31.487 -4.202 4.273 C
719 92 31.385 -2.998 4.420 O
720 92 31.669 -5.540 2.151 C
721 92 32.398 -4.411 1.464 C
722 92 31.685 -3.880 0.507 O
723 92 33.460 -3.956 1.839 O
724 93 32.309 -4.917 5.044 N
725 93 33.032 -4.338 6.154 C
726 93 33.971 -3.192 5.826 C
727 93 33.966 -2.206 6.572 O
728 93 33.651 -5.391 7.073 C
729 94 34.757 -3.301 4.751 N
730 94 35.637 -2.220 4.373 C
731 94 34.896 -0.972 3.976 C
732 94 35.173 0.140 4.435 O
733 94 36.549 -2.672 3.302 C
734 94 37.482 -1.554 2.924 C
735 94 37.335 -3.814 3.884 C
736 95 33.893 -1.148 3.148 N
737 95 33.112 0.015 2.716 C
738 95 32.327 0.634 3.850 C
739 95 32.061 1.826 3.846 O
740 95 32.217 -0.297 1.487 C
741 95 33.041 -0.629 0.259 C
742 95 32.113 -0.851 -0.933 C
743 95 32.838 -1.047 -2.180 N
744 95 33.225 -2.227 -2.682 C
745 95 33.027 -3.357 -1.997 N
746 95 33.853 -2.258 -3.889 N
747 96 31.892 -0.156 4.834 N
748 96 31.205 0.447 5.995 C
749 96 32.139 1.452 6.674 C
750 96 31.687 2.494 7.135 O
751 96 30.807 -0.611 7.030 C
752 96 29.567 -1.328 6.528 C
753 96 29.081 -2.468 7.444 C
754 96 27.942 -3.175 6.845 N
755 96 27.272 -4.160 7.414 C
756 96 27.605 -4.590 8.611 N
757 96 26.240 -4.730 6.770 N
758 97 33.432 1.105 6.739 N
759 97 34.392 1.992 7.365 C
760 97 34.496 3.285 6.573 C
761 97 34.566 4.354 7.156 O
762 97 35.754 1.374 7.509 C
763 98 34.461 3.216 5.249 N
764 98 34.493 4.463 4.466 C
765 98 33.290 5.341 4.786 C
766 98 33.377 6.572 4.790 O
767 98 34.452 4.143 2.963 C
768 99 32.129 4.729 4.984 N
769 99 30.915 5.516 5.308 C
770 99 31.033 6.131 6.692 C
771 99 30.610 7.262 6.951 O
772 99 29.606 4.657 5.170 C
773 99 28.308 5.404 5.296 C
774 99 28.115 6.339 4.116 C
775 99 27.160 4.413 5.349 C
776 100 31.618 5.390 7.636 N
777 100 31.805 5.966 8.951 C
778 100 32.770 7.145 8.875 C
779 100 32.573 8.212 9.461 O
780 100 32.318 4.885 9.909 C
781 100 31.273 3.735 10.004 C
782 100 32.707 5.507 11.269 C
783 100 31.881 2.543 10.767 C
784 101 33.822 6.994 8.081 N
785 101 34.793 8.057 7.931 C
786 101 34.126 9.336 7.479 C
787 101 34.385 10.424 7.997 O
788 101 35.874 7.636 6.921 C
789 101 37.076 8.549 6.851 C
790 101 36.943 9.771 6.709 O
791 101 38.266 7.979 6.942 N
792 102 33.260 9.229 6.477 N
793 102 32.626 10.431 6.029 C
794 102 31.737 11.021 7.140 C
795 102 31.617 12.247 7.338 O
796 102 31.735 10.123 4.810 C
797 102 32.467 9.849 3.496 C
798 102 31.221 9.649 2.179 S
799 102 30.793 11.380 1.859 C
800 103 31.017 10.147 7.838 N
801 103 30.130 10.664 8.875 C
802 103 30.910 11.321 9.994 C
803 103 30.446 12.256 10.585 O
804 103 29.212 9.615 9.458 C
805 104 32.082 10.838 10.272 N
806 104 32.885 11.435 11.335 C
807 104 33.322 12.843 10.952 C
808 104 33.270 13.802 11.702 O
809 104 34.088 10.486 11.507 C
810 104 35.035 10.916 12.581 C
811 104 36.029 11.860 12.299 C
812 104 34.983 10.326 13.847 C
813 104 36.905 12.256 13.317 C
814 104 35.888 10.679 14.846 C
815 104 36.844 11.662 14.580 C
816 105 33.690 13.000 9.692 N
817 105 34.191 14.275 9.168 C
818 105 33.138 15.339 8.998 C
819 105 33.326 16.478 9.357 O
820 105 34.963 14.039 7.830 C
821 105 35.498 15.350 7.178 C
822 105 36.171 15.219 5.803 C
823 105 36.195 14.154 5.207 O
824 105 36.795 16.302 5.330 N
825 106 32.025 14.969 8.403 N
826 106 30.966 15.898 8.050 C
827 106 29.657 15.777 8.781 C
828 106 28.752 16.545 8.520 O
829 106 30.742 15.905 6.513 C
830 106 30.223 14.634 5.906 C
831 106 30.136 14.808 4.089 S
832 106 31.856 14.724 3.638 C
833 107 29.526 14.826 9.688 N
834 107 28.291 14.726 10.406 C
835 107 27.260 14.008 9.580 C
836 107 27.302 14.007 8.370 O
837 108 26.365 13.364 10.286 N
838 108 25.311 12.549 9.709 C
839 108 24.467 13.321 8.719 C
840 108 24.031 12.868 7.666 O
841 108 24.545 11.841 10.867 C
842 108 23.042 11.587 10.658 C
843 108 22.298 11.554 11.966 C
844 108 22.648 12.209 12.931 
845 108 21.256 10.752 11.970 O
846 109 24.257 14.557 9.059 N
847 109 23.491 15.399 8.198 C
848 109 24.207 15.665 6.873 C
849 109 23.579 15.632 5.795 O
850 109 23.216 16.710 8.946 C
851 109 22.540 16.405 10.155 O
852 109 22.418 17.666 8.063 C
853 110 25.521 15.967 6.964 N
854 110 26.295 16.231 5.761 C
855 110 26.243 15.011 4.861 C
856 110 25.889 15.114 3.697 O
857 111 26.554 13.837 5.426 N
858 111 26.527 12.608 4.661 C
859 111 25.200 12.275 3.993 C
860 111 25.134 11.860 2.824 O
861 111 27.001 11.427 5.472 C
862 111 27.251 10.302 4.478 C
863 111 28.337 11.865 6.025 C
864 112 24.123 12.450 4.732 N
865 112 22.813 12.148 4.194 C
866 112 22.456 13.013 2.953 C
867 112 21.578 12.642 2.144 O
868 112 21.779 12.175 5.328 C
869 113 23.166 14.153 2.755 N
870 113 22.988 15.029 1.571 C
871 113 23.580 14.486 0.225 C
872 113 23.405 15.052 -0.864 O
873 114 24.307 13.378 0.299 N
874 114 24.876 12.788 -0.879 C
875 114 23.863 11.780 -1.377 C
876 114 24.129 10.632 -1.603 O
877 114 26.196 12.131 -0.490 C
878 114 27.369 13.087 -0.327 C
879 114 27.459 13.970 0.753 C
880 114 28.395 13.123 -1.276 C
881 114 28.537 14.847 0.885 C
882 114 29.477 14.001 -1.175 C
883 114 29.549 14.860 -0.077 C
884 115 22.662 12.212 -1.522 N
885 115 21.629 11.283 -1.904 C
886 115 21.930 10.430 -3.050 C
887 115 21.657 9.260 -3.034 O
888 115 20.307 11.948 -2.253 C
889 115 20.095 13.017 -1.406 O
890 115 19.205 10.916 -2.055 C
891 116 22.371 11.054 -4.105 N
892 116 22.645 10.301 -5.318 C
893 116 23.794 9.289 -5.170 C
894 116 23.740 8.201 -5.730 O
895 116 22.849 11.235 -6.555 C
896 116 21.655 12.150 -6.872 C
897 116 20.511 11.701 -6.866 O
898 116 21.906 13.439 -7.125 N
899 117 24.861 9.644 -4.463 N
900 117 25.972 8.729 -4.271 C
901 117 25.517 7.554 -3.447 C
902 117 25.875 6.419 -3.674 O
903 117 27.016 9.444 -3.471 C
904 117 27.498 10.532 -4.221 O
905 118 24.716 7.862 -2.443 N
906 118 24.178 6.863 -1.536 C
907 118 23.402 5.806 -2.298 C
908 118 23.491 4.609 -2.062 O
909 118 23.272 7.504 -0.457 C
910 118 24.027 8.415 0.544 C
911 118 23.055 9.094 1.509 C
912 118 25.028 7.613 1.350 C
913 119 22.587 6.261 -3.221 N
914 119 21.806 5.315 -4.003 C
915 119 22.714 4.396 -4.862 C
916 119 22.488 3.161 -4.974 O
917 119 20.667 6.047 -4.767 C
918 119 19.988 5.310 -5.946 C
919 119 19.215 6.230 -6.940 C
920 119 19.731 6.247 -8.333 
921 119 19.083 5.852 -9.457 
922 119 17.830 5.370 -9.438 N
923 119 19.728 5.931 -10.640 
924 120 23.794 4.978 -5.436 N
925 120 24.677 4.172 -6.224 C
926 120 25.415 3.197 -5.376 C
927 120 25.749 2.115 -5.791 O
928 120 25.664 4.990 -7.051 C
929 120 24.984 5.735 -8.192 C
930 120 26.066 7.063 -8.688 S
931 120 24.983 8.148 -9.631 C
932 121 25.742 3.608 -4.172 N
933 121 26.500 2.673 -3.329 C
934 121 25.594 1.478 -2.962 C
935 121 25.966 0.297 -2.936 O
936 121 26.953 3.406 -2.056 C
937 121 28.113 4.381 -2.265 C
938 121 28.299 5.149 -0.931 C
939 121 29.408 3.635 -2.565 C
940 122 24.344 1.812 -2.629 N
941 122 23.395 0.803 -2.322 C
942 122 23.220 -0.156 -3.515 C
943 122 23.026 -1.371 -3.359 O
944 122 22.064 1.458 -1.922 C
945 122 21.140 0.442 -1.263 C
946 122 19.999 1.129 -0.562 C
947 122 20.060 2.344 -0.295 O
948 122 18.933 0.366 -0.313 
949 123 23.281 0.374 -4.744 N
950 123 23.125 -0.499 -5.888 C
951 123 24.403 -1.205 -6.238 C
952 123 24.398 -1.989 -7.174 O
953 123 22.673 0.277 -7.116 C
954 123 21.339 0.922 -6.847 C
955 123 20.934 1.725 -8.044 C
956 123 20.206 1.235 -8.894 O
957 123 21.467 2.924 -8.156 N
958 124 25.492 -0.916 -5.518 N
959 124 26.807 -1.499 -5.771 C
960 124 27.399 -1.110 -7.147 C
961 124 28.184 -1.882 -7.765 O
962 124 26.882 -3.007 -5.573 C
963 124 26.419 -3.356 -4.157 C
964 124 26.732 -4.771 -3.757 C
965 124 26.184 -5.130 -2.378 C
966 124 26.796 -4.376 -1.273 N
967 125 27.116 0.131 -7.551 N
968 125 27.668 0.715 -8.778 C
969 125 28.892 1.550 -8.367 C
970 125 28.798 2.751 -8.275 O
971 125 26.562 1.549 -9.433 C
972 125 25.456 0.623 -9.954 C
973 125 24.127 1.319 -10.200 C
974 125 24.167 2.174 -11.364 N
975 125 23.561 3.353 -11.445 C
976 125 22.855 3.851 -10.435 N
977 125 23.675 4.063 -12.561 N
978 126 30.008 0.864 -8.039 N
979 126 31.215 1.455 -7.469 C
980 126 31.879 2.558 -8.247 C
981 126 32.167 3.624 -7.704 O
982 126 32.210 0.414 -6.909 C
983 126 31.578 -0.786 -6.269 C
984 126 31.768 -2.076 -6.614 C
985 126 30.774 -0.806 -5.101 C
986 126 31.113 -2.898 -5.753 N
987 126 30.503 -2.143 -4.795 C
988 126 30.286 0.188 -4.272 C
989 126 29.732 -2.529 -3.666 C
990 126 29.520 -0.178 -3.180 C
991 126 29.246 -1.525 -2.868 C
992 127 32.137 2.311 -9.516 N
993 127 32.706 3.346 -10.327 C
994 127 31.829 4.559 -10.441 C
995 127 32.310 5.678 -10.336 O
996 127 33.145 2.808 -11.688 C
997 127 34.305 1.846 -11.481 C
998 127 34.764 1.549 -10.396 O
999 127 34.791 1.394 -12.586 O
1000 128 30.519 4.345 -10.624 N
1001 128 29.652 5.480 -10.742 C
1002 128 29.562 6.292 -9.474 C
1003 128 29.514 7.533 -9.499 O
1004 128 28.259 5.097 -11.222 C
1005 128 28.406 4.484 -12.615 C
1006 128 27.474 3.347 -12.830 C
1007 128 26.285 3.512 -13.076 O
1008 128 28.079 2.182 -12.708 O
1009 129 29.493 5.585 -8.371 N
1010 129 29.424 6.303 -7.111 C
1011 129 30.656 7.189 -6.913 C
1012 129 30.552 8.307 -6.408 O
1013 129 29.294 5.300 -5.981 C
1014 130 31.828 6.640 -7.274 N
1015 130 33.105 7.308 -7.090 C
1016 130 33.138 8.612 -7.865 C
1017 130 33.564 9.667 -7.385 O
1018 130 34.194 6.353 -7.545 C
1019 131 32.605 8.539 -9.085 N
1020 131 32.552 9.710 -9.896 C
1021 131 31.605 10.735 -9.271 C
1022 131 31.936 11.889 -9.141 O
1023 131 32.107 9.325 -11.304 C
1024 131 31.577 10.538 -12.038 C
1025 131 33.283 8.724 -12.068 C
1026 132 30.424 10.305 -8.836 N
1027 132 29.476 11.223 -8.212 C
1028 132 30.020 11.814 -6.911 C
1029 132 29.861 12.993 -6.602 O
1030 132 28.144 10.490 -7.950 C
1031 132 27.049 11.423 -7.523 C
1032 132 26.763 11.581 -6.335 O
1033 132 26.460 12.110 -8.495 N
1034 133 30.643 10.972 -6.094 N
1035 133 31.187 11.485 -4.821 C
1036 133 32.189 12.615 -5.051 C
1037 133 32.318 13.530 -4.248 O
1038 133 31.917 10.355 -4.033 C
1039 133 30.979 9.365 -3.306 C
1040 133 31.750 8.107 -2.861 C
1041 133 30.270 10.033 -2.135 C
1042 134 32.939 12.546 -6.157 N
1043 134 33.948 13.555 -6.454 C
1044 134 33.373 14.891 -6.874 C
1045 134 34.077 15.874 -6.835 O
1046 134 34.987 13.040 -7.470 C
1047 135 32.117 14.944 -7.305 N
1048 135 31.527 16.231 -7.681 C
1049 135 30.909 16.891 -6.421 C
1050 135 29.677 16.910 -6.230 O
1051 135 30.450 16.014 -8.719 C
1052 135 30.996 15.297 -9.942 C
1053 135 29.883 15.198 -10.955 C
1054 135 30.238 14.424 -12.208 C
1055 135 29.036 14.133 -13.012 
1056 136 31.776 17.387 -5.528 N
1057 136 31.320 17.858 -4.255 C
1058 136 32.292 18.860 -3.709 C
1059 136 33.462 18.835 -4.034 O
1060 136 31.273 16.653 -3.312 C
1061 136 32.576 16.142 -2.949 O
1062 137 31.809 19.729 -2.863 N
1063 137 32.734 20.659 -2.218 C
1064 137 33.760 19.889 -1.410 C
1065 137 34.956 20.252 -1.345 O
1066 137 31.925 21.483 -1.217 C
1067 137 32.846 22.336 -0.366 C
1068 137 32.043 23.159 0.616 C
1069 137 32.708 24.397 0.999 N
1070 137 33.428 24.552 2.096 C
1071 137 33.636 23.537 2.931 N
1072 137 33.973 25.749 2.340 N
1073 138 33.253 18.832 -0.709 N
1074 138 34.078 17.911 0.106 C
1075 138 35.356 17.513 -0.674 C
1076 138 36.478 17.711 -0.213 O
1077 138 33.270 16.607 0.390 C
1078 138 34.030 15.483 1.041 C
1079 138 34.745 15.534 2.207 C
1080 138 34.132 14.133 0.551 C
1081 138 35.313 14.286 2.483 N
1082 138 34.871 13.386 1.507 C
1083 138 33.573 13.455 -0.560 C
1084 138 35.113 12.000 1.330 C
1085 138 33.828 12.108 -0.714 C
1086 138 34.575 11.378 0.215 C
1087 139 35.184 16.966 -1.896 N
1088 139 36.361 16.542 -2.700 C
1089 139 37.260 17.716 -3.068 C
1090 139 38.469 17.589 -3.069 O
1091 139 35.849 15.948 -4.013 C
1092 139 36.937 15.600 -4.975 C
1093 139 37.532 14.342 -4.872 C
1094 139 37.321 16.479 -5.996 C
1095 139 38.548 13.964 -5.744 C
1096 139 38.315 16.096 -6.893 C
1097 139 38.932 14.850 -6.753 C
1098 139 39.899 14.465 -7.641 O
1099 140 36.646 18.860 -3.421 N
1100 140 37.438 20.043 -3.831 C
1101 140 38.208 20.685 -2.677 C
1102 140 39.309 21.209 -2.855 O
1103 140 36.504 21.057 -4.528 C
1104 140 36.196 20.552 -5.916 C
1105 140 35.087 20.083 -6.204 O
1106 140 37.222 20.525 -6.755 N
1107 141 37.648 20.607 -1.474 N
1108 141 38.293 21.184 -0.325 C
1109 141 39.339 20.320 0.320 C
1110 141 40.376 20.844 0.746 O
1111 141 37.291 21.641 0.734 C
1112 141 36.355 22.669 0.109 C
1113 141 36.993 23.947 -0.413 C
1114 141 36.612 24.476 -1.497 O
1115 141 37.915 24.483 0.386 N
1116 142 39.079 19.013 0.450 N
1117 142 40.065 18.102 1.043 C
1118 142 40.231 16.934 0.096 C
1119 142 39.821 15.806 0.376 O
1120 142 39.609 17.543 2.407 C
1121 142 38.272 17.068 2.291 O
1122 142 39.607 18.663 3.445 C
1123 143 40.814 17.239 -1.045 N
1124 143 40.991 16.262 -2.135 C
1125 143 41.795 14.993 -1.765 C
1126 143 41.463 13.888 -2.178 O
1127 143 41.692 17.042 -3.259 C
1128 143 42.276 18.329 -2.642 C
1129 143 41.490 18.551 -1.329 C
1130 144 42.893 15.114 -1.008 N
1131 144 43.688 13.918 -0.699 C
1132 144 42.907 12.938 0.162 C
1133 144 42.932 11.742 -0.073 O
1134 144 45.071 14.229 -0.049 C
1135 144 46.030 14.972 -0.980 C
1136 144 45.985 14.807 -2.198 O
1137 144 46.933 15.758 -0.410 N
1138 145 42.217 13.479 1.169 N
1139 145 41.425 12.664 2.032 C
1140 145 40.229 12.073 1.302 C
1141 145 39.952 10.875 1.353 O
1142 145 40.947 13.454 3.226 C
1143 145 40.458 12.473 4.315 C
1144 145 39.330 13.054 5.098 C
1145 145 38.750 12.156 6.091 N
1146 145 38.677 12.590 7.328 C
1147 145 39.195 13.775 7.629 N
1148 145 38.086 11.862 8.265 N
1149 146 39.498 12.926 0.573 N
1150 146 38.363 12.436 -0.178 C
1151 146 38.803 11.331 -1.154 C
1152 146 38.120 10.331 -1.327 O
1153 146 37.678 13.587 -0.911 C
1154 147 39.965 11.483 -1.797 N
1155 147 40.446 10.465 -2.736 C
1156 147 40.629 9.140 -2.059 C
1157 147 40.349 8.074 -2.626 O
1158 147 41.748 10.840 -3.446 C
1159 147 41.529 11.859 -4.543 C
1160 147 42.787 12.564 -5.031 C
1161 147 42.563 13.317 -6.343 C
1162 147 42.429 14.778 -6.194 
1163 148 41.152 9.214 -0.838 N
1164 148 41.405 7.987 -0.081 C
1165 148 40.095 7.265 0.246 C
1166 148 39.961 6.069 0.041 O
1167 148 42.145 8.300 1.214 C
1168 148 43.642 8.418 1.032 C
1169 148 44.328 8.289 2.351 C
1170 148 44.059 9.449 3.224 N
1171 148 44.719 10.624 3.189 C
1172 148 45.621 10.947 2.254 N
1173 148 44.394 11.538 4.081 N
1174 149 39.097 8.013 0.679 N
1175 149 37.799 7.409 1.020 C
1176 149 37.073 6.876 -0.194 C
1177 149 36.478 5.801 -0.171 O
1178 149 36.947 8.401 1.770 C
1179 149 35.560 7.812 2.059 C
1180 149 37.698 8.767 3.062 C
1181 150 37.158 7.649 -1.282 N
1182 150 36.520 7.284 -2.544 C
1183 150 37.099 6.005 -3.104 C
1184 150 36.368 5.143 -3.554 O
1185 150 36.569 8.441 -3.564 C
1186 150 35.554 9.528 -3.180 C
1187 150 36.214 7.878 -4.954 C
1188 150 35.746 10.870 -3.860 C
1189 151 38.438 5.879 -3.073 N
1190 151 39.072 4.657 -3.522 C
1191 151 38.637 3.463 -2.715 C
1192 151 38.642 2.342 -3.238 O
1193 151 40.596 4.760 -3.446 C
1194 151 40.984 5.741 -4.364 O
1195 151 41.287 3.428 -3.775 C
1196 152 38.354 3.723 -1.450 N
1197 152 37.943 2.686 -0.529 C
1198 152 36.565 2.178 -0.945 C
1199 152 36.280 0.964 -0.984 O
1200 152 37.982 3.173 0.929 C
1201 152 39.298 3.582 1.220 O
1202 152 37.626 2.045 1.876 C
1203 153 35.723 3.121 -1.334 N
1204 153 34.396 2.730 -1.762 C
1205 153 34.434 2.012 -3.101 C
1206 153 33.693 1.085 -3.382 O
1207 153 33.519 3.979 -1.919 C
1208 153 32.853 4.513 -0.659 C
1209 153 32.035 3.698 0.130 C
1210 153 32.950 5.865 -0.331 C
1211 153 31.365 4.217 1.242 C
1212 153 32.277 6.403 0.768 C
1213 153 31.499 5.566 1.568 C
1214 154 35.308 2.503 -3.967 N
1215 154 35.466 1.929 -5.289 C
1216 154 35.979 0.518 -5.258 C
1217 154 35.466 -0.320 -5.995 O
1218 154 36.402 2.736 -6.196 C
1219 154 36.075 2.536 -7.710 C
1220 154 36.927 3.356 -8.718 C
1221 154 38.281 3.560 -8.217 N
1222 154 39.256 2.663 -8.384 
1223 154 39.042 1.535 -9.065 N
1224 154 40.473 2.888 -7.865 N
1225 155 37.036 0.285 -4.450 N
1226 155 37.669 -1.012 -4.454 C
1227 155 37.265 -1.978 -3.424 C
1228 155 37.536 -3.148 -3.627 O
1229 155 39.180 -0.958 -4.381 C
1230 155 39.544 -0.336 -3.165 O
1231 155 39.644 -0.142 -5.541 C
1232 156 36.737 -1.514 -2.309 N
1233 156 36.430 -2.414 -1.222 C
1234 156 37.680 -2.932 -0.563 C
1235 156 37.639 -3.925 0.155 O
1236 157 38.818 -2.265 -0.769 N
1237 157 40.073 -2.674 -0.127 C
1238 157 40.681 -1.480 0.615 C
1239 157 40.288 -0.346 0.422 O
1240 157 41.131 -3.068 -1.173 C
1241 157 41.564 -1.885 -1.837 O
1242 157 40.592 -4.091 -2.165 C
1243 158 41.696 -1.727 1.424 N
1244 158 42.386 -0.686 2.186 C
1245 158 43.614 -0.149 1.428 C
1246 158 44.496 0.446 1.981 O
1247 158 42.931 -1.315 3.476 C
1248 158 41.860 -1.712 4.467 C
1249 158 41.598 -2.975 4.856 C
1250 158 40.935 -0.859 5.198 C
1251 158 40.564 -2.980 5.779 N
1252 158 40.174 -1.693 6.048 C
1253 158 40.730 0.520 5.284 C
1254 158 39.169 -1.209 6.905 C
1255 158 39.780 0.971 6.167 C
1256 158 39.036 0.127 7.001 C
1257 159 43.689 -0.380 0.147 N
1258 159 44.867 0.038 -0.571 C
1259 159 45.273 1.495 -0.497 C
1260 159 46.458 1.822 -0.540 O
1261 159 44.877 -0.520 -1.989 C
1262 159 44.863 -2.032 -1.923 C
1263 159 45.201 -2.675 -0.932 O
1264 159 44.394 -2.577 -3.006 O
1265 160 44.331 2.382 -0.335 N
1266 160 44.648 3.807 -0.291 C
1267 160 45.314 4.164 1.022 C
1268 160 45.913 5.200 1.173 O
1269 160 43.401 4.665 -0.568 C
1270 161 45.168 3.299 1.983 N
1271 161 45.728 3.564 3.279 C
1272 161 46.977 2.737 3.512 C
1273 161 47.576 2.847 4.592 O
1274 161 44.688 3.320 4.390 C
1275 161 43.610 4.366 4.387 C
1276 161 42.483 4.201 3.586 C
1277 161 43.759 5.541 5.127 C
1278 161 41.496 5.186 3.529 C
1279 161 42.762 6.511 5.101 C
1280 161 41.623 6.325 4.314 C
1281 161 40.624 7.283 4.308 O
1282 162 47.364 1.927 2.502 N
1283 162 48.559 1.073 2.577 C
1284 162 49.769 1.765 1.936 C
1285 162 50.800 2.013 2.591 O
1286 162 48.350 -0.334 2.016 C
1287 162 47.584 -1.292 2.940 C
1288 162 47.286 -2.653 2.290 C
1289 162 45.989 -3.330 2.748 
1290 162 45.180 -3.906 1.643 N
