232
1 1 -5.614 21.920 15.112 O
2 1 -6.611 22.753 14.546 C
3 1 -6.825 22.465 13.052 C
4 1 -5.619 22.430 12.408 O
5 1 -7.343 21.148 12.793 C
6 1 -8.654 21.123 13.197 O
7 1 -7.206 21.016 11.251 C
8 1 -5.864 21.854 11.093 C
9 1 -4.597 21.102 10.860 N
10 1 -4.164 20.839 9.605 C
11 1 -4.770 21.302 8.641 O
12 1 -3.049 20.070 9.493 N
13 1 -2.386 19.592 10.553 C
14 1 -1.310 18.860 10.426 N
15 1 -2.817 19.866 11.850 C
16 1 -3.920 20.623 11.926 C
17 2 -9.297 19.879 13.856 P
18 2 -10.375 20.378 14.723 O
19 2 -8.255 18.967 14.367 O
20 2 -10.115 19.198 12.648 O
21 2 -11.241 19.870 12.002 C
22 2 -11.633 19.234 10.616 C
23 2 -10.468 18.979 9.855 O
24 2 -12.288 17.947 10.786 C
25 2 -13.707 18.166 10.955 O
26 2 -11.934 17.138 9.491 C
27 2 -10.556 17.847 9.035 C
28 2 -9.334 16.987 9.286 N
29 2 -8.635 16.431 8.244 C
30 2 -8.872 16.634 7.048 O
31 2 -7.603 15.608 8.488 N
32 2 -7.245 15.331 9.715 C
33 2 -6.250 14.485 9.825 N
34 2 -7.921 15.895 10.839 C
35 2 -8.961 16.719 10.579 C
36 3 -14.514 17.052 11.838 P
37 3 -15.723 17.697 12.401 O
38 3 -13.533 16.362 12.725 O
39 3 -15.082 16.097 10.655 O
40 3 -15.779 16.526 9.427 C
41 3 -15.816 15.314 8.399 C
42 3 -14.477 14.758 8.182 O
43 3 -16.619 14.158 8.956 C
44 3 -18.043 14.330 8.699 O
45 3 -16.044 12.981 8.153 C
46 3 -14.599 13.388 7.856 C
47 3 -13.653 12.594 8.654 N
48 3 -12.785 11.743 8.053 C
49 3 -12.642 11.623 6.865 O
50 3 -11.978 10.999 8.766 N
51 3 -11.987 11.089 10.032 C
52 3 -11.088 10.321 10.571 N
53 3 -12.836 11.946 10.740 C
54 3 -13.664 12.688 10.001 C
55 4 -19.211 13.640 9.609 P
56 4 -20.279 14.666 9.747 O
57 4 -18.716 13.038 10.875 O
58 4 -19.817 12.470 8.742 O
59 4 -19.146 11.284 8.829 C
60 4 -19.206 10.661 7.479 C
61 4 -18.110 9.773 7.389 O
62 4 -20.507 9.812 7.320 C
63 4 -20.972 9.779 5.976 O
64 4 -20.093 8.426 7.713 C
65 4 -18.613 8.413 7.350 C
66 4 -17.802 7.663 8.326 N
67 4 -17.836 7.781 9.646 C
68 4 -16.998 7.020 10.251 N
69 4 -16.380 6.368 9.231 C
70 4 -15.376 5.442 9.217 C
71 4 -14.788 4.963 10.289 N
72 4 -14.968 5.003 8.061 N
73 4 -15.560 5.478 6.978 C
74 4 -16.526 6.360 6.860 N
75 4 -16.881 6.760 8.067 C
76 5 -22.490 9.298 5.643 P
77 5 -23.117 10.281 4.724 O
78 5 -23.186 8.910 6.901 O
79 5 -22.237 7.960 4.845 O
80 5 -21.396 7.857 3.652 C
81 5 -20.986 6.338 3.402 C
82 5 -20.067 5.894 4.464 O
83 5 -22.284 5.411 3.439 C
84 5 -22.277 4.411 2.356 O
85 5 -22.202 4.742 4.813 C
86 5 -20.687 4.734 5.067 C
87 5 -20.450 4.672 6.511 N
88 5 -21.180 5.109 7.557 C
89 5 -20.649 4.821 8.719 N
90 5 -19.465 4.127 8.375 C
91 5 -18.480 3.488 9.131 C
92 5 -18.392 3.439 10.495 N
93 5 -17.550 2.884 8.427 N
94 5 -17.579 2.910 7.101 C
95 5 -18.412 3.455 6.268 N
96 5 -19.355 4.058 7.023 C
97 6 -23.394 3.318 1.895 P
98 6 -23.461 3.319 0.409 O
99 6 -24.656 3.463 2.698 O
100 6 -22.750 1.885 2.332 O
101 6 -21.530 1.674 1.620 C
102 6 -20.534 0.820 2.426 C
103 6 -20.352 1.375 3.755 O
104 6 -21.024 -0.652 2.538 C
105 6 -20.200 -1.506 1.674 O
106 6 -20.792 -1.026 4.011 C
107 6 -20.003 0.246 4.594 C
108 6 -20.405 0.567 5.967 N
109 6 -19.617 0.259 6.988 C
110 6 -18.551 -0.320 6.843 O
111 6 -20.099 0.615 8.245 N
112 6 -21.296 1.233 8.511 C
113 6 -21.650 1.546 9.639 O
114 6 -22.050 1.490 7.372 C
115 6 -23.491 2.084 7.481 C
116 6 -21.583 1.164 6.160 C
118 11 0.288 17.219 1.258 O
119 11 1.174 17.875 2.258 C
120 11 1.559 17.031 3.578 C
121 11 1.233 17.793 4.818 O
122 11 0.754 15.729 3.657 C
123 11 1.468 14.717 4.464 O
124 11 -0.522 16.201 4.375 C
125 11 0.023 17.289 5.383 C
126 11 -1.016 18.338 5.509 N
127 11 -1.499 18.643 6.727 C
128 11 -1.074 18.148 7.761 O
129 11 -2.447 19.535 6.836 N
130 11 -2.922 20.140 5.808 C
131 11 -3.853 21.030 6.065 N
132 11 -2.474 19.893 4.492 C
133 11 -1.505 18.969 4.387 C
134 12 1.585 13.206 3.907 P
135 12 2.671 12.391 4.475 O
136 12 1.303 13.196 2.457 O
137 12 0.318 12.737 4.670 O
138 12 -0.602 11.750 4.200 C
139 12 -1.673 11.547 5.307 C
140 12 -2.532 12.679 5.413 O
141 12 -2.522 10.361 4.998 C
142 12 -2.418 9.491 6.142 O
143 12 -3.960 10.926 4.808 C
144 12 -3.809 12.180 5.687 C
145 12 -4.820 13.201 5.385 N
146 12 -5.453 13.794 6.410 C
147 12 -5.120 13.466 7.561 O
148 12 -6.460 14.733 6.112 N
149 12 -6.790 15.034 4.848 C
150 12 -7.741 15.883 4.602 N
151 12 -6.127 14.422 3.766 C
152 12 -5.154 13.522 4.077 C
153 13 -2.413 7.930 6.051 P
154 13 -1.657 7.391 7.212 O
155 13 -2.016 7.662 4.630 O
156 13 -3.922 7.670 6.262 O
157 13 -4.568 6.446 6.275 C
158 13 -5.624 6.693 7.384 C
159 13 -6.502 7.704 6.941 O
160 13 -6.467 5.429 7.667 C
161 13 -6.300 4.988 9.032 O
162 13 -7.931 5.864 7.467 C
163 13 -7.718 7.368 7.577 C
164 13 -8.675 8.119 6.896 N
165 13 -9.509 8.889 7.637 C
166 13 -9.474 8.903 8.863 O
167 13 -10.395 9.631 7.036 N
168 13 -10.394 9.545 5.723 C
169 13 -11.239 10.273 5.086 N
170 13 -9.572 8.769 4.924 C
171 13 -8.683 8.036 5.574 C
172 14 -5.049 4.164 9.494 P
173 14 -4.095 5.123 10.077 O
174 14 -4.574 3.190 8.456 O
175 14 -5.571 3.358 10.728 O
176 14 -6.830 2.694 10.565 C
177 14 -7.451 2.455 11.960 C
178 14 -8.820 2.898 12.023 O
179 14 -7.453 1.044 12.233 C
180 14 -7.509 0.899 13.644 O
181 14 -8.725 0.605 11.539 C
182 14 -9.622 1.799 11.851 C
183 14 -10.558 2.434 10.915 N
184 14 -11.796 3.000 11.198 C
185 14 -12.466 3.337 10.132 N
186 14 -11.631 2.988 9.090 C
187 14 -11.704 3.119 7.711 C
188 14 -12.735 3.600 7.111 N
189 14 -10.693 2.748 6.915 N
190 14 -9.603 2.247 7.489 C
191 14 -9.387 2.055 8.784 N
192 14 -10.469 2.455 9.535 C
193 15 -7.653 -0.539 14.330 P
194 15 -6.897 -0.542 15.576 O
195 15 -7.445 -1.635 13.353 O
196 15 -9.159 -0.514 14.778 O
197 15 -9.738 0.366 15.779 C
198 15 -11.304 0.191 15.912 C
199 15 -11.954 0.689 14.761 O
200 15 -11.721 -1.308 16.011 C
201 15 -12.770 -1.441 16.973 O
202 15 -12.286 -1.614 14.624 C
203 15 -12.949 -0.240 14.350 C
204 15 -13.168 -0.089 12.924 N
205 15 -12.524 -0.648 11.831 C
206 15 -13.078 -0.262 10.690 N
207 15 -14.147 0.606 11.098 C
208 15 -15.108 1.370 10.412 C
209 15 -15.253 1.429 9.098 N
210 15 -15.962 2.102 11.072 N
211 15 -15.854 2.069 12.403 C
212 15 -15.015 1.409 13.209 N
213 15 -14.171 0.682 12.439 C
214 16 -12.572 -2.087 18.483 P
215 16 -12.936 -3.544 18.349 O
216 16 -13.332 -1.144 19.403 O
217 16 -10.951 -2.059 18.845 O
218 16 -10.462 -1.067 19.800 C
219 16 -9.024 -1.274 20.269 C
220 16 -8.907 -2.481 20.971 O
221 16 -8.048 -1.306 19.107 C
222 16 -6.947 -0.425 19.431 O
223 16 -7.568 -2.771 19.005 C
224 16 -7.779 -3.221 20.493 C
225 16 -8.259 -4.583 20.773 N
226 16 -7.679 -5.352 21.729 C
227 16 -6.725 -4.996 22.379 O
228 16 -8.212 -6.582 21.945 N
229 16 -9.305 -7.129 21.272 C
230 16 -9.755 -8.261 21.521 O
231 16 -9.845 -6.250 20.286 C
232 16 -11.069 -6.691 19.460 C
233 16 -9.329 -5.052 20.069 C
