1298
1 1 44.286 -3.425 8.628 N
2 1 44.106 -2.039 9.007 C
3 1 42.700 -1.855 9.575 C
4 1 41.905 -2.739 9.435 O
5 1 44.359 -1.137 7.778 C
6 1 43.644 0.210 7.835 C
7 1 44.828 1.542 7.610 S
8 1 46.252 0.466 7.357 C
9 2 42.352 -0.728 10.201 N
10 2 40.998 -0.567 10.704 C
11 2 40.664 0.879 10.808 C
12 2 41.546 1.697 10.649 O
13 2 40.781 -1.311 12.023 C
14 2 41.602 -0.673 13.098 C
15 2 41.441 0.492 13.426 O
16 2 42.448 -1.456 13.715 N
17 3 39.406 1.167 11.122 N
18 3 38.909 2.531 11.180 C
19 3 39.733 3.423 12.085 C
20 3 40.031 4.597 11.803 O
21 3 37.422 2.508 11.469 C
22 3 36.765 3.860 11.505 C
23 3 37.108 1.725 12.761 C
24 3 37.057 4.721 10.284 C
25 4 40.180 2.830 13.185 N
26 4 40.958 3.619 14.111 C
27 4 42.250 4.060 13.473 C
28 4 42.568 5.211 13.511 O
29 4 41.210 2.857 15.401 C
30 4 39.965 2.905 16.270 C
31 4 39.710 4.022 17.062 C
32 4 39.071 1.838 16.321 C
33 4 38.571 4.117 17.852 C
34 4 37.942 1.903 17.136 C
35 4 37.668 3.058 17.863 C
36 5 43.029 3.109 12.908 N
37 5 44.276 3.446 12.280 C
38 5 44.045 4.365 11.066 C
39 5 44.799 5.256 10.722 O
40 5 45.008 2.108 11.906 C
41 5 45.333 1.204 13.125 C
42 5 45.460 -0.285 12.883 
43 5 45.901 -0.770 11.850 O
44 5 45.112 -0.995 13.944 
45 6 42.953 4.184 10.443 N
46 6 42.712 4.951 9.303 C
47 6 42.474 6.372 9.612 C
48 6 42.984 7.259 8.954 O
49 6 41.483 4.348 8.623 C
50 6 40.958 5.213 7.501 C
51 6 39.288 4.735 7.008 S
52 6 39.173 5.106 5.252 C
53 7 41.585 6.627 10.545 N
54 7 41.294 8.016 10.882 C
55 7 42.483 8.610 11.592 C
56 7 42.672 9.799 11.687 O
57 7 40.091 8.047 11.834 C
58 7 38.790 8.083 11.083 C
59 7 37.642 7.963 12.059 C
60 7 38.695 9.431 10.347 C
61 8 43.311 7.775 12.198 N
62 8 44.446 8.395 12.865 C
63 8 45.376 8.974 11.850 C
64 8 45.956 10.018 12.048 O
65 8 45.250 7.450 13.746 C
66 8 46.625 8.031 14.047 C
67 8 46.781 8.572 15.469 C
68 8 48.168 8.940 15.798 N
69 8 48.929 9.759 15.061 
70 8 48.480 10.331 13.946 N
71 8 50.178 10.017 15.450 
72 9 45.517 8.246 10.748 N
73 9 46.320 8.673 9.638 C
74 9 45.700 9.950 9.048 C
75 9 46.397 10.930 8.847 O
76 9 46.486 7.588 8.543 C
77 9 47.579 6.605 8.866 C
78 9 46.918 8.195 7.210 C
79 9 47.321 5.321 8.115 C
80 10 44.392 9.959 8.822 N
81 10 43.770 11.160 8.236 C
82 10 43.774 12.412 9.048 C
83 10 43.859 13.503 8.482 O
84 10 42.354 10.926 7.696 C
85 10 42.424 10.017 6.534 C
86 10 43.417 10.023 5.838 O
87 10 41.383 9.211 6.383 O
88 11 43.636 12.259 10.355 N
89 11 43.497 13.401 11.234 C
90 11 44.720 13.794 12.023 C
91 11 44.710 14.875 12.630 O
92 11 42.378 13.156 12.257 C
93 11 41.006 12.973 11.610 C
94 11 40.387 14.197 11.068 C
95 11 40.926 15.300 11.053 O
96 11 39.199 13.933 10.590 O
97 12 45.693 12.878 12.091 N
98 12 46.908 13.066 12.901 C
99 12 46.629 13.293 14.400 C
100 12 45.492 13.282 14.827 O
101 13 47.681 13.510 15.209 N
102 13 47.524 13.740 16.664 C
103 13 48.179 15.036 17.141 C
104 13 49.347 15.280 16.856 O
105 13 48.092 12.538 17.420 C
106 13 48.197 12.690 18.932 C
107 13 46.797 12.677 19.548 C
108 13 48.972 11.502 19.468 C
109 14 47.412 15.859 17.865 N
110 14 47.872 17.138 18.413 C
111 14 47.456 17.265 19.865 C
112 14 46.298 17.121 20.200 O
113 14 47.327 18.309 17.632 C
114 14 47.461 18.097 16.125 C
115 14 48.630 18.832 15.473 C
116 14 49.122 19.943 16.287 N
117 14 49.202 21.216 15.860 
118 14 48.855 21.567 14.606 N
119 14 49.642 22.163 16.714 
120 15 48.410 17.534 20.736 N
121 15 48.064 17.604 22.136 C
122 15 47.788 18.966 22.667 C
123 15 47.398 19.147 23.808 O
124 15 49.083 16.864 22.981 C
125 15 49.229 15.405 22.540 C
126 15 50.361 14.775 23.324 C
127 15 47.972 14.616 22.849 C
128 16 47.973 19.943 21.812 N
129 16 47.713 21.307 22.213 C
130 16 46.668 21.884 21.270 C
131 16 46.586 21.475 20.095 O
132 16 49.010 22.114 22.233 C
133 16 48.767 23.633 22.265 
134 16 48.861 24.303 23.645 
135 16 48.495 25.804 23.641 
136 16 47.883 26.311 24.904 
137 17 45.848 22.796 21.784 N
138 17 44.813 23.367 20.968 C
139 17 45.358 23.950 19.698 C
140 17 46.358 24.645 19.704 O
141 17 44.016 24.434 21.672 C
142 17 43.200 23.826 22.782 C
143 17 43.069 25.162 20.713 C
144 17 42.127 24.815 23.218 C
145 18 44.651 23.693 18.626 N
146 18 45.069 24.207 17.386 C
147 18 43.894 24.634 16.532 C
148 18 42.717 24.219 16.725 O
149 18 46.073 23.280 16.654 C
150 18 45.434 22.101 15.932 C
151 18 45.151 20.942 16.654 C
152 18 45.144 22.133 14.564 C
153 18 44.554 19.830 16.068 C
154 18 44.561 21.005 13.966 C
155 18 44.250 19.862 14.708 C
156 18 43.673 18.756 14.118 O
157 19 44.242 25.533 15.615 N
158 19 43.301 26.036 14.637 C
159 19 43.408 25.113 13.401 C
160 19 44.516 24.709 12.977 O
161 19 43.684 27.427 14.226 C
162 19 42.762 28.521 14.677 C
163 19 42.435 29.460 13.525 C
164 19 43.137 30.813 13.600 
165 19 42.438 31.869 12.839 
166 20 42.265 24.672 12.885 N
167 20 42.325 23.801 11.728 C
168 20 42.393 24.567 10.416 C
169 20 42.424 25.819 10.345 O
170 20 41.342 22.620 11.724 C
171 20 39.961 23.024 11.322 C
172 20 39.704 24.164 10.942 O
173 20 39.082 22.049 11.466 O
174 21 42.376 23.793 9.376 N
175 21 42.499 24.313 8.054 C
176 21 41.469 25.308 7.676 C
177 21 41.638 26.082 6.707 O
178 21 42.682 23.196 7.041 C
179 21 41.391 22.566 6.713 C
180 21 40.751 22.859 5.548 N
181 21 40.672 21.638 7.380 C
182 21 39.629 22.137 5.534 C
183 21 39.559 21.385 6.616 N
184 22 40.413 25.320 8.504 N
185 22 39.307 26.257 8.319 C
186 22 39.316 27.342 9.365 C
187 22 38.454 28.204 9.388 O
188 22 37.954 25.554 8.295 C
189 22 37.915 24.340 7.341 C
190 22 37.197 24.627 6.049 C
191 22 37.072 25.749 5.591 O
192 22 36.717 23.546 5.484 O
193 23 40.342 27.322 10.203 N
194 23 40.385 28.304 11.281 C
195 23 39.546 27.922 12.518 C
196 23 39.196 28.753 13.318 O
197 24 39.228 26.645 12.681 N
198 24 38.439 26.226 13.800 C
199 24 39.330 25.555 14.829 C
200 24 40.301 24.896 14.494 O
201 24 37.347 25.250 13.376 C
202 24 36.366 25.818 12.370 C
203 24 36.024 27.166 12.412 C
204 24 35.748 24.992 11.420 C
205 24 35.079 27.687 11.530 C
206 24 34.812 25.502 10.512 C
207 24 34.488 26.864 10.567 C
208 24 33.561 27.415 9.703 O
209 25 38.994 25.703 16.101 N
210 25 39.802 25.087 17.150 C
211 25 39.521 23.592 17.283 C
212 25 38.361 23.134 17.469 O
213 25 39.444 25.778 18.473 C
214 25 39.959 27.139 18.500 C
215 25 41.335 27.345 18.436 C
216 25 39.097 28.229 18.566 C
217 25 41.871 28.624 18.431 C
218 25 39.625 29.519 18.567 C
219 25 41.004 29.710 18.535 C
220 25 41.516 30.982 18.565 O
221 26 40.593 22.851 17.372 N
222 26 40.499 21.416 17.409 C
223 26 41.605 20.893 18.244 C
224 26 42.583 21.593 18.496 O
225 26 40.866 21.040 15.931 C
226 26 39.959 21.731 15.069 O
227 26 40.951 19.552 15.668 C
228 27 41.524 19.631 18.587 N
229 27 42.621 19.103 19.350 C
230 27 42.561 17.643 19.158 C
231 27 41.599 17.147 18.608 O
232 27 42.438 19.438 20.858 C
233 27 43.709 19.148 21.687 C
234 27 41.284 18.566 21.356 C
235 27 43.931 20.035 22.917 C
236 28 43.540 16.965 19.662 N
237 28 43.542 15.524 19.635 C
238 28 43.592 14.976 18.245 C
239 28 44.359 15.431 17.461 O
240 29 42.796 13.978 17.991 N
241 29 42.720 13.391 16.706 C
242 29 41.500 13.867 16.006 C
243 29 40.454 13.211 15.977 O
244 29 42.646 11.923 16.830 C
245 29 43.992 11.480 17.409 C
246 29 42.507 11.437 15.432 C
247 29 43.932 10.277 18.357 C
248 30 41.586 15.088 15.525 N
249 30 40.452 15.657 14.787 C
250 30 39.207 15.985 15.633 C
251 30 38.086 16.050 15.147 O
252 31 39.383 16.247 16.918 N
253 31 38.201 16.590 17.717 C
254 31 37.969 18.096 17.622 C
255 31 38.809 18.864 18.086 O
256 31 38.473 16.161 19.197 C
257 31 37.253 16.398 20.015 C
258 31 36.283 15.441 20.152 N
259 31 36.848 17.501 20.683 C
260 31 35.276 15.964 20.831 C
261 31 35.610 17.197 21.209 N
262 32 36.861 18.529 17.007 N
263 32 36.566 19.958 16.853 C
264 32 36.116 20.498 18.174 C
265 32 35.234 19.916 18.828 O
266 32 35.496 20.272 15.745 C
267 32 34.652 21.542 16.010 C
268 32 35.425 22.802 15.670 C
269 32 33.404 21.543 15.157 C
270 33 36.665 21.601 18.563 N
271 33 36.183 22.079 19.837 C
272 33 35.014 23.025 19.661 C
273 33 33.939 22.906 20.267 O
274 33 37.359 22.733 20.567 C
275 33 38.250 21.666 21.171 C
276 33 39.508 22.271 21.748 C
277 33 37.520 20.892 22.261 C
278 34 35.236 23.994 18.803 N
279 34 34.228 24.987 18.535 C
280 34 34.535 25.640 17.218 C
281 34 35.640 25.568 16.772 O
282 34 34.247 26.094 19.634 C
283 34 33.073 26.880 19.585 O
284 34 35.479 26.985 19.519 C
285 35 33.553 26.298 16.609 N
286 35 33.787 26.980 15.371 C
287 35 33.906 28.452 15.636 C
288 35 33.968 29.278 14.726 O
289 35 32.670 26.726 14.386 C
290 35 32.470 25.247 14.120 C
291 35 31.822 24.933 12.780 C
292 35 30.296 24.823 12.836 
293 35 29.614 25.424 11.662 
294 36 33.942 28.759 16.913 N
295 36 34.047 30.124 17.368 C
296 36 35.493 30.675 17.417 C
297 36 36.471 29.925 17.530 O
298 36 33.250 30.320 18.673 C
299 36 33.855 31.225 19.611 O
300 37 35.603 32.019 17.291 N
301 37 36.867 32.738 17.346 C
302 37 37.471 32.788 18.735 C
303 37 38.681 32.962 18.895 O
304 37 36.539 34.181 16.905 C
305 37 35.201 34.134 16.156 C
306 37 34.631 32.746 16.384 C
307 38 36.622 32.664 19.749 N
308 38 37.128 32.767 21.085 C
309 38 37.961 31.619 21.480 C
310 38 37.462 30.504 21.622 O
311 38 36.094 33.096 22.165 C
312 38 36.732 33.515 23.372 O
313 39 39.233 31.916 21.719 N
314 39 40.077 30.875 22.214 C
315 39 39.628 30.492 23.618 C
316 39 39.877 29.404 24.142 O
317 39 41.568 31.204 22.101 C
318 39 42.444 30.314 22.968 C
319 39 42.548 28.943 22.336 C
320 39 43.843 30.882 23.026 C
321 40 38.913 31.374 24.265 N
322 40 38.493 31.019 25.602 C
323 40 37.400 30.040 25.508 C
324 40 37.327 29.072 26.251 O
325 40 38.094 32.228 26.439 C
326 40 39.324 33.024 26.799 
327 40 40.405 32.454 27.101 O
328 40 39.173 34.344 26.716 
329 41 36.560 30.315 24.566 N
330 41 35.479 29.399 24.328 C
331 41 36.009 27.980 24.083 C
332 41 35.480 27.032 24.608 O
333 41 34.672 29.822 23.116 C
334 42 37.033 27.829 23.238 N
335 42 37.575 26.517 22.946 C
336 42 38.171 25.880 24.207 C
337 42 38.007 24.690 24.496 O
338 42 38.631 26.720 21.858 C
339 43 38.871 26.681 25.009 N
340 43 39.475 26.168 26.252 C
341 43 38.416 25.554 27.179 C
342 43 38.521 24.428 27.715 O
343 43 40.196 27.292 26.958 C
344 43 41.697 27.237 26.748 C
345 43 42.330 28.611 26.554 C
346 43 43.773 28.678 27.040 C
347 43 43.880 28.836 28.508 
348 44 37.349 26.297 27.268 N
349 44 36.204 25.914 28.057 C
350 44 35.552 24.651 27.529 C
351 44 35.228 23.748 28.282 O
352 44 35.226 27.067 28.128 C
353 44 33.956 26.556 28.482 O
354 45 35.382 24.533 26.204 N
355 45 34.815 23.288 25.710 C
356 45 35.730 22.132 26.100 C
357 45 35.366 21.047 26.634 O
358 45 34.701 23.390 24.197 C
359 45 33.560 24.351 23.812 C
360 45 32.264 23.808 24.358 C
361 45 31.926 22.670 24.197 O
362 45 31.547 24.660 25.035 O
363 46 36.978 22.392 25.885 N
364 46 37.945 21.389 26.208 C
365 46 37.893 20.919 27.640 C
366 46 38.004 19.713 27.908 O
367 46 39.341 21.904 25.843 C
368 46 40.433 20.889 26.145 C
369 46 40.128 19.562 25.445 C
370 46 41.785 21.484 25.700 C
371 47 37.828 21.877 28.558 N
372 47 37.824 21.527 29.962 C
373 47 36.579 20.724 30.267 C
374 47 36.592 19.668 30.937 O
375 47 37.941 22.776 30.847 C
376 47 39.315 23.396 30.812 C
377 47 40.243 22.855 30.288 O
378 47 39.377 24.612 31.308 O
379 48 35.471 21.223 29.697 N
380 48 34.202 20.527 29.820 C
381 48 34.266 19.034 29.373 C
382 48 33.710 18.085 30.022 O
383 48 33.124 21.295 29.053 C
384 48 31.805 20.567 28.963 C
385 48 30.670 21.488 28.580 C
386 48 30.930 22.125 27.239 C
387 48 30.508 21.183 26.233 N
388 49 34.936 18.830 28.233 N
389 49 35.075 17.525 27.639 C
390 49 35.984 16.566 28.409 C
391 49 35.697 15.393 28.549 O
392 49 35.631 17.715 26.223 C
393 50 37.103 17.058 28.862 N
394 50 38.131 16.286 29.586 C
395 50 37.846 16.116 31.103 C
396 50 38.150 15.080 31.730 O
397 50 39.528 16.940 29.311 C
398 50 39.840 16.712 27.861 C
399 50 40.666 16.274 30.073 C
400 50 39.525 15.278 27.563 C
401 51 37.256 17.144 31.683 N
402 51 36.882 17.123 33.076 C
403 51 37.953 17.706 33.964 C
404 51 38.059 17.385 35.123 O
405 52 38.764 18.557 33.410 N
406 52 39.818 19.126 34.196 C
407 52 40.256 20.420 33.642 C
408 52 39.924 20.759 32.530 O
409 52 41.022 18.192 34.348 C
410 52 41.997 18.036 33.191 C
411 52 42.905 16.808 33.409 C
412 52 43.820 16.551 32.314 N
413 52 44.700 17.453 31.938 C
414 52 44.763 18.618 32.539 N
415 52 45.517 17.198 30.933 N
416 53 40.986 21.138 34.453 N
417 53 41.549 22.388 34.024 C
418 53 42.723 22.080 33.103 C
419 53 43.822 21.794 33.567 O
420 53 42.026 23.158 35.257 C
421 53 41.497 24.551 35.215 C
422 53 40.338 24.782 35.580 
423 53 42.307 25.450 34.666 N
424 54 42.502 22.110 31.788 N
425 54 43.551 21.715 30.846 C
426 54 44.471 22.786 30.388 C
427 54 45.585 22.490 29.915 O
428 54 42.971 21.051 29.595 C
429 54 42.181 22.032 28.884 O
430 54 42.195 19.793 30.034 C
431 55 44.003 24.021 30.408 N
432 55 44.908 25.010 29.912 C
433 55 45.350 24.718 28.405 C
434 55 46.444 25.068 27.913 O
435 55 46.046 25.152 30.965 C
436 55 47.072 26.242 30.662 
437 55 46.668 27.360 30.264 O
438 55 48.385 25.928 30.856 N
439 56 44.463 24.058 27.646 N
440 56 44.673 23.809 26.239 C
441 56 45.629 22.713 25.902 C
442 56 46.007 22.566 24.745 O
443 57 45.984 21.902 26.873 N
444 57 46.909 20.859 26.576 C
445 57 46.460 19.563 27.122 C
446 57 46.006 19.510 28.237 O
447 57 48.310 21.135 27.102 C
448 57 49.171 19.898 26.839 C
449 57 48.912 22.312 26.357 C
450 58 46.531 18.501 26.350 N
451 58 46.043 17.251 26.926 C
452 58 47.060 16.215 26.749 C
453 58 48.018 16.390 26.029 O
454 58 44.752 16.702 26.323 C
455 58 45.005 16.497 24.806 C
456 58 43.584 17.668 26.598 C
457 58 43.811 15.998 24.005 C
458 59 46.735 15.139 27.378 N
459 59 47.501 13.963 27.417 C
460 59 47.110 13.017 26.269 C
461 59 45.996 13.083 25.779 O
462 59 47.077 13.442 28.786 C
463 59 48.054 13.868 29.835 O
464 59 46.837 12.085 28.849 C
465 60 48.024 12.122 25.848 N
466 60 47.735 11.193 24.765 C
467 60 46.572 10.267 25.037 C
468 60 45.763 10.007 24.178 O
469 60 48.937 10.393 24.325 C
470 60 48.485 9.307 23.371 C
471 60 49.074 7.938 23.653 
472 60 49.497 7.264 22.364 
473 60 49.833 8.243 21.318 N
474 61 46.495 9.786 26.273 N
475 61 45.423 8.920 26.709 C
476 61 44.112 9.655 26.657 C
477 61 43.105 9.116 26.248 O
478 61 45.696 8.473 28.142 C
479 61 46.880 7.588 28.185 C
480 61 47.056 6.682 27.376 O
481 61 47.715 7.945 29.129 O
482 62 44.152 10.920 27.095 N
483 62 42.987 11.782 27.037 C
484 62 42.538 11.908 25.562 C
485 62 41.371 11.706 25.220 O
486 62 43.282 13.158 27.671 C
487 62 43.621 13.025 29.176 C
488 62 43.878 14.335 29.837 C
489 62 44.433 15.278 29.270 O
490 62 43.435 14.337 31.071 O
491 63 43.520 12.170 24.674 N
492 63 43.282 12.272 23.232 C
493 63 42.606 11.012 22.671 C
494 63 41.678 11.059 21.874 O
495 63 44.608 12.539 22.514 C
496 64 43.127 9.851 23.041 N
497 64 42.559 8.655 22.560 C
498 64 41.236 8.450 23.150 C
499 64 40.423 7.733 22.610 O
500 64 43.425 7.443 22.858 C
501 64 44.689 7.459 22.005 C
502 64 45.648 6.421 22.463 C
503 64 46.009 6.330 23.629 
504 64 45.984 5.595 21.499 
505 65 40.963 9.068 24.255 N
506 65 39.627 8.813 24.781 C
507 65 38.611 9.624 24.017 C
508 65 37.474 9.176 23.818 O
509 65 39.497 9.130 26.259 C
510 65 38.473 8.274 26.960 C
511 65 38.833 8.081 28.428 
512 65 37.957 7.075 29.153 
513 65 36.920 7.707 29.982 N
514 66 39.001 10.878 23.650 N
515 66 38.049 11.648 22.866 C
516 66 37.862 10.948 21.522 C
517 66 36.825 10.995 20.930 O
518 66 38.472 13.117 22.592 C
519 66 38.795 13.972 23.803 C
520 66 39.330 15.297 23.301 C
521 66 37.525 14.286 24.614 C
522 67 38.909 10.302 21.029 N
523 67 38.824 9.606 19.771 C
524 67 37.797 8.487 19.806 C
525 67 36.991 8.305 18.910 O
526 67 40.229 9.031 19.483 C
527 67 40.380 8.536 18.014 C
528 67 39.611 9.080 16.983 C
529 67 41.231 7.470 17.700 C
530 67 39.692 8.602 15.670 C
531 67 41.357 6.995 16.396 C
532 67 40.523 7.515 15.410 C
533 68 37.857 7.647 20.820 N
534 68 36.901 6.523 20.926 C
535 68 35.470 6.998 20.967 C
536 68 34.588 6.425 20.317 O
537 68 37.163 5.504 22.085 C
538 68 38.412 4.636 21.953 C
539 68 38.518 3.785 21.071 O
540 68 39.352 4.817 22.876 N
541 69 35.260 8.055 21.762 N
542 69 33.949 8.622 21.876 C
543 69 33.472 9.135 20.548 C
544 69 32.316 9.035 20.196 O
545 69 33.917 9.781 22.896 C
546 69 34.137 9.270 24.327 C
547 69 34.466 10.310 25.404 C
548 69 34.792 9.917 26.519 O
549 69 34.378 11.620 25.122 N
550 70 34.365 9.805 19.881 N
551 70 34.070 10.351 18.569 C
552 70 33.804 9.248 17.545 C
553 70 32.815 9.356 16.852 O
554 70 35.124 11.338 18.038 C
555 70 35.187 12.608 18.836 C
556 70 34.272 12.995 19.522 O
557 70 36.351 13.174 18.746 O
558 71 34.673 8.209 17.457 N
559 71 34.400 7.119 16.574 C
560 71 33.080 6.514 16.978 C
561 71 32.167 6.359 16.167 O
562 71 35.502 6.089 16.590 C
563 71 35.050 4.913 15.738 C
564 71 36.736 6.686 15.933 C
565 72 32.894 6.223 18.275 N
566 72 31.558 5.672 18.655 C
567 72 30.317 6.437 18.124 C
568 72 29.282 5.923 17.654 O
569 72 31.427 5.615 20.181 C
570 72 30.428 4.621 20.649 C
571 72 30.698 3.447 20.778 O
572 72 29.257 5.164 20.921 O
573 73 30.402 7.724 18.253 N
574 73 29.334 8.682 17.912 C
575 73 28.977 8.742 16.429 C
576 73 27.791 8.881 16.060 O
577 73 29.664 10.078 18.512 C
578 74 30.025 8.631 15.604 N
579 74 29.909 8.579 14.157 C
580 74 29.040 7.347 13.751 C
581 74 28.043 7.421 13.019 O
582 74 31.328 8.544 13.550 C
583 75 29.406 6.186 14.295 N
584 75 28.616 5.009 14.030 C
585 75 27.143 5.090 14.428 C
586 75 26.207 4.659 13.697 O
587 75 29.310 3.856 14.681 C
588 75 28.649 2.576 14.153 C
589 75 30.795 4.005 14.262 C
590 76 26.939 5.616 15.617 N
591 76 25.574 5.764 16.093 C
592 76 24.772 6.608 15.164 C
593 76 23.643 6.322 14.837 O
594 76 25.628 6.445 17.446 C
595 76 26.033 5.368 18.436 C
596 76 25.226 5.326 19.710 C
597 76 26.147 5.701 20.750 N
598 76 26.480 6.966 20.924 
599 76 25.918 7.936 20.198 
600 76 27.369 7.277 21.859 
601 77 25.415 7.663 14.737 N
602 77 24.822 8.585 13.810 C
603 77 24.402 7.878 12.530 C
604 77 23.367 8.168 11.939 O
605 78 25.248 6.984 12.103 N
606 78 25.027 6.207 10.908 C
607 78 23.798 5.334 11.101 C
608 78 22.911 5.346 10.263 O
609 78 26.241 5.330 10.437 C
610 78 27.338 6.182 9.799 C
611 78 25.773 4.384 9.300 C
612 78 28.681 5.421 9.613 C
613 79 23.776 4.587 12.225 N
614 79 22.681 3.679 12.577 C
615 79 21.326 4.331 12.807 C
616 79 20.305 3.708 12.539 O
617 79 23.041 2.752 13.727 C
618 79 24.393 2.143 13.495 C
619 79 24.900 1.548 14.800 C
620 79 24.195 1.034 12.468 C
621 80 21.341 5.588 13.270 N
622 80 20.159 6.405 13.497 C
623 80 19.580 6.970 12.193 C
624 80 18.414 7.315 12.075 O
625 80 20.546 7.655 14.329 C
626 80 21.169 7.351 15.690 
627 80 20.848 8.402 16.771 
628 80 21.967 9.309 17.041 
629 80 22.211 10.379 16.298 C
630 80 21.423 10.703 15.272 N
631 80 23.267 11.139 16.584 
632 81 20.430 7.215 11.231 N
633 81 19.972 7.855 10.032 C
634 81 19.318 6.893 9.009 C
635 81 19.873 5.862 8.573 O
636 81 21.136 8.717 9.487 C
637 81 20.689 9.696 8.421 C
638 81 20.329 9.278 7.335 O
639 81 20.762 10.987 8.713 N
640 82 18.099 7.241 8.637 N
641 82 17.316 6.494 7.680 C
642 82 17.967 6.383 6.296 C
643 82 17.665 5.473 5.556 O
644 82 16.008 7.237 7.517 C
645 83 18.831 7.332 5.934 N
646 83 19.468 7.343 4.628 C
647 83 20.808 6.674 4.619 C
648 83 21.259 6.153 3.599 O
649 83 19.624 8.795 4.152 C
650 83 18.330 9.360 3.591 C
651 83 18.260 10.875 3.636 
652 83 18.546 11.557 2.287 
653 83 19.421 10.795 1.369 N
654 84 21.466 6.757 5.771 N
655 84 22.822 6.230 5.966 C
656 84 22.778 4.767 6.353 C
657 84 23.584 4.010 5.899 O
658 84 23.723 7.045 6.984 C
659 84 23.930 8.512 6.653 C
660 84 24.768 9.208 7.729 C
661 84 24.661 8.608 5.319 C
662 85 21.837 4.363 7.211 N
663 85 21.829 2.961 7.620 C
664 85 21.861 1.934 6.492 C
665 85 22.598 0.937 6.519 O
666 85 20.699 2.588 8.598 C
667 85 21.192 1.403 9.398 C
668 85 20.107 0.596 10.087 C
669 85 20.594 -0.812 10.432 C
670 85 19.562 -1.869 10.305 N
671 86 20.930 2.080 5.567 N
672 86 20.795 1.086 4.538 C
673 86 22.022 0.955 3.670 C
674 86 22.354 -0.136 3.197 O
675 86 19.546 1.463 3.758 C
676 86 18.833 2.563 4.542 C
677 86 19.860 3.126 5.500 C
678 87 22.752 2.058 3.502 N
679 87 23.943 1.983 2.667 C
680 87 25.019 1.299 3.441 C
681 87 25.827 0.532 2.962 O
682 87 24.421 3.387 2.352 C
683 87 25.562 3.352 1.330 C
684 87 23.232 4.182 1.833 C
685 88 25.090 1.707 4.665 N
686 88 26.101 1.147 5.551 C
687 88 25.939 -0.351 5.555 C
688 88 26.867 -1.119 5.391 O
689 88 25.824 1.690 6.961 C
690 88 26.886 1.248 7.922 C
691 88 28.157 1.810 7.835 C
692 88 26.669 0.195 8.815 C
693 88 29.168 1.389 8.694 C
694 88 27.685 -0.267 9.655 C
695 88 28.933 0.363 9.611 C
696 88 29.958 -0.033 10.433 O
697 89 24.690 -0.787 5.724 N
698 89 24.409 -2.220 5.788 C
699 89 24.746 -2.993 4.536 C
700 89 25.008 -4.181 4.543 O
701 89 22.930 -2.478 6.049 C
702 89 22.622 -2.277 7.504 C
703 89 23.466 -2.319 8.359 O
704 89 21.383 -1.989 7.741 O
705 90 24.678 -2.320 3.451 N
706 90 24.903 -2.980 2.217 C
707 90 26.337 -3.108 1.872 C
708 90 26.683 -3.858 0.975 O
709 90 24.224 -2.195 1.158 C
710 90 24.895 -0.942 0.898 O
711 91 27.175 -2.381 2.582 N
712 91 28.601 -2.368 2.326 C
713 91 29.381 -3.485 2.999 C
714 91 28.920 -4.118 3.926 O
715 91 29.163 -0.998 2.725 C
716 91 28.622 0.152 1.840 C
717 91 29.020 1.529 2.388 C
718 91 29.178 0.052 0.409 C
719 92 30.600 -3.636 2.561 N
720 92 31.546 -4.610 3.121 C
721 92 32.354 -3.864 4.106 C
722 92 32.323 -2.642 4.117 O
723 92 32.569 -5.106 2.067 C
724 92 33.205 -3.981 1.283 C
725 92 32.418 -3.551 0.318 O
726 92 34.315 -3.475 1.552 O
727 93 33.165 -4.598 4.863 N
728 93 33.965 -4.030 5.917 C
729 93 34.856 -2.843 5.556 C
730 93 34.884 -1.849 6.253 O
731 93 34.659 -5.119 6.739 C
732 94 35.598 -2.922 4.474 N
733 94 36.473 -1.839 4.176 C
734 94 35.691 -0.598 3.785 C
735 94 35.984 0.518 4.219 O
736 94 37.477 -2.250 3.125 C
737 94 38.449 -1.117 2.903 C
738 94 38.246 -3.432 3.612 C
739 95 34.683 -0.794 2.941 N
740 95 33.919 0.350 2.536 C
741 95 33.159 0.986 3.701 C
742 95 32.913 2.187 3.691 O
743 95 33.025 0.058 1.306 C
744 95 33.855 -0.301 0.046 C
745 95 32.984 -0.424 -1.204 C
746 95 33.731 -0.522 -2.479 N
747 95 34.206 -1.661 -2.955 C
748 95 34.041 -2.785 -2.276 N
749 95 34.845 -1.679 -4.130 N
750 96 32.761 0.185 4.699 N
751 96 32.020 0.732 5.840 C
752 96 32.881 1.749 6.599 C
753 96 32.436 2.815 7.084 O
754 96 31.578 -0.383 6.764 C
755 96 30.319 -1.048 6.262 C
756 96 30.072 -2.359 6.975 C
757 96 28.755 -2.883 6.674 N
758 96 28.390 -4.080 7.083 C
759 96 29.240 -4.810 7.791 N
760 96 27.161 -4.543 6.797 N
761 97 34.163 1.408 6.656 N
762 97 35.098 2.275 7.318 C
763 97 35.198 3.580 6.534 C
764 97 35.399 4.639 7.089 O
765 97 36.450 1.579 7.366 C
766 98 35.094 3.517 5.211 N
767 98 35.211 4.738 4.475 C
768 98 34.025 5.624 4.791 C
769 98 34.144 6.826 4.834 O
770 98 35.323 4.501 2.954 C
771 99 32.875 5.014 4.984 N
772 99 31.663 5.763 5.292 C
773 99 31.793 6.372 6.701 C
774 99 31.471 7.556 6.945 O
775 99 30.446 4.840 5.138 C
776 99 29.139 5.543 5.412 C
777 99 28.949 6.563 4.319 C
778 99 27.975 4.558 5.378 C
779 100 32.327 5.568 7.626 N
780 100 32.542 6.111 8.937 C
781 100 33.430 7.336 8.886 C
782 100 33.095 8.385 9.444 O
783 100 33.059 5.072 9.907 C
784 100 31.973 4.020 10.032 C
785 100 33.297 5.751 11.257 C
786 100 32.485 2.678 10.642 C
787 101 34.603 7.201 8.199 N
788 101 35.542 8.302 8.082 C
789 101 34.800 9.570 7.667 C
790 101 34.930 10.644 8.199 O
791 101 36.601 7.910 7.019 C
792 101 37.829 8.751 6.939 C
793 101 37.767 9.952 6.715 O
794 101 38.984 8.119 7.030 N
795 102 33.971 9.462 6.672 N
796 102 33.279 10.629 6.233 C
797 102 32.317 11.163 7.306 C
798 102 32.273 12.378 7.508 O
799 102 32.447 10.225 5.017 C
800 102 33.265 10.225 3.725 C
801 102 32.168 10.012 2.289 S
802 102 31.517 11.626 1.914 C
803 103 31.549 10.279 7.944 N
804 103 30.597 10.711 8.989 C
805 103 31.331 11.398 10.144 C
806 103 31.001 12.496 10.608 O
807 103 29.631 9.641 9.435 C
808 103 28.716 10.187 10.540 C
809 103 28.812 9.111 8.254 C
810 104 32.438 10.820 10.469 N
811 104 33.273 11.379 11.478 C
812 104 33.727 12.776 11.162 C
813 104 33.724 13.650 11.975 O
814 104 34.493 10.497 11.579 C
815 104 35.451 10.854 12.695 C
816 104 36.365 11.886 12.537 C
817 104 35.477 10.134 13.893 C
818 104 37.293 12.171 13.542 C
819 104 36.348 10.455 14.940 C
820 104 37.297 11.449 14.736 C
821 105 34.188 12.995 9.949 N
822 105 34.702 14.307 9.575 C
823 105 33.623 15.332 9.320 C
824 105 33.764 16.486 9.659 O
825 105 35.731 14.228 8.385 C
826 105 35.848 15.483 7.510 C
827 105 36.735 15.310 6.292 C
828 105 36.717 14.256 5.601 O
829 105 37.503 16.366 6.023 N
830 106 32.539 14.936 8.698 N
831 106 31.581 15.933 8.384 C
832 106 30.232 15.767 9.006 C
833 106 29.331 16.572 8.811 O
834 106 31.577 16.266 6.880 C
835 106 30.777 15.356 5.970 C
836 106 31.192 15.760 4.245 S
837 106 32.255 14.373 3.894 C
838 107 30.076 14.772 9.812 N
839 107 28.783 14.741 10.389 C
840 107 27.835 13.946 9.570 C
841 107 27.966 13.828 8.366 O
842 108 26.891 13.410 10.326 N
843 108 25.901 12.512 9.892 C
844 108 25.007 13.203 8.933 C
845 108 24.577 12.724 7.895 O
846 108 25.114 12.142 11.144 C
847 108 23.742 11.621 10.784 C
848 108 22.819 11.819 11.935 C
849 108 23.206 12.196 13.027 O
850 108 21.580 11.516 11.645 O
851 109 24.723 14.384 9.327 N
852 109 23.859 15.183 8.522 C
853 109 24.532 15.726 7.244 C
854 109 23.902 15.889 6.216 O
855 109 23.125 16.217 9.407 C
856 109 21.840 15.688 9.714 
857 109 23.038 17.570 8.717 C
858 110 25.833 15.993 7.286 N
859 110 26.466 16.475 6.096 C
860 110 26.565 15.334 5.118 C
861 110 26.358 15.523 3.937 O
862 111 26.878 14.144 5.627 N
863 111 26.988 13.002 4.778 C
864 111 25.657 12.555 4.173 C
865 111 25.600 12.163 3.018 O
866 111 27.661 11.902 5.520 C
867 111 27.836 10.715 4.575 C
868 111 28.979 12.474 6.024 C
869 112 24.571 12.620 4.933 N
870 112 23.291 12.199 4.408 C
871 112 22.876 13.151 3.260 C
872 112 21.980 12.939 2.450 O
873 112 22.252 12.179 5.546 C
874 113 23.560 14.252 3.135 N
875 113 23.204 15.162 2.061 C
876 113 23.721 14.811 0.665 C
877 113 23.339 15.482 -0.299 O
878 114 24.601 13.792 0.572 N
879 114 25.225 13.377 -0.675 C
880 114 24.348 12.277 -1.258 C
881 114 24.788 11.159 -1.482 O
882 114 26.599 12.783 -0.323 C
883 114 27.744 13.750 -0.113 C
884 114 27.654 14.835 0.741 C
885 114 28.949 13.566 -0.780 C
886 114 28.748 15.676 0.939 C
887 114 30.045 14.412 -0.634 C
888 114 29.944 15.473 0.256 C
889 115 23.093 12.643 -1.500 N
890 115 22.031 11.768 -2.007 C
891 115 22.436 10.919 -3.143 C
892 115 22.250 9.706 -3.147 O
893 115 20.787 12.617 -2.374 C
894 115 20.365 13.305 -1.225 O
895 115 19.665 11.684 -2.755 C
896 116 22.950 11.576 -4.164 N
897 116 23.367 10.823 -5.314 C
898 116 24.541 9.840 -5.037 C
899 116 24.498 8.670 -5.378 O
900 116 23.536 11.737 -6.553 C
901 116 22.304 12.602 -6.840 C
902 116 21.186 12.125 -6.765 O
903 116 22.480 13.886 -7.162 N
904 117 25.633 10.271 -4.412 N
905 117 26.713 9.313 -4.147 C
906 117 26.248 8.130 -3.333 C
907 117 26.723 7.031 -3.558 O
908 117 27.865 9.927 -3.439 C
909 117 28.188 11.141 -4.097 O
910 118 25.349 8.383 -2.346 N
911 118 24.807 7.312 -1.507 C
912 118 24.012 6.341 -2.363 C
913 118 24.148 5.122 -2.224 O
914 118 23.832 7.830 -0.438 C
915 118 24.469 8.747 0.621 C
916 118 23.401 9.156 1.617 C
917 118 25.651 8.059 1.331 C
918 119 23.185 6.852 -3.284 N
919 119 22.485 5.860 -4.102 C
920 119 23.463 4.938 -4.854 C
921 119 23.407 3.710 -4.813 O
922 119 21.539 6.492 -5.084 C
923 119 20.090 6.233 -4.710 
924 119 19.178 7.176 -5.465 
925 119 19.975 8.013 -6.357 
926 119 19.785 9.322 -6.538 
927 119 18.799 9.994 -5.909 
928 119 20.609 9.969 -7.379 
929 120 24.421 5.569 -5.489 N
930 120 25.394 4.873 -6.284 C
931 120 26.178 3.893 -5.476 C
932 120 26.590 2.858 -6.004 O
933 120 26.346 5.847 -6.980 C
934 120 25.925 6.351 -8.321 C
935 120 26.819 7.908 -8.566 S
936 120 25.621 8.822 -9.567 C
937 121 26.418 4.239 -4.208 N
938 121 27.143 3.306 -3.379 C
939 121 26.220 2.145 -3.107 C
940 121 26.589 0.980 -3.214 O
941 121 27.605 3.869 -2.024 C
942 121 28.692 4.894 -2.151 C
943 121 28.778 5.602 -0.812 C
944 121 30.015 4.203 -2.497 C
945 122 25.010 2.471 -2.717 N
946 122 24.054 1.426 -2.456 C
947 122 23.973 0.469 -3.664 C
948 122 23.786 -0.721 -3.454 O
949 122 22.642 1.990 -2.136 C
950 122 21.784 0.915 -1.428 C
951 122 20.600 1.473 -0.673 C
952 122 20.291 2.661 -0.792 O
953 122 19.921 0.604 0.082 N
954 123 24.093 0.956 -4.937 N
955 123 24.022 0.045 -6.103 C
956 123 25.353 -0.508 -6.527 C
957 123 25.434 -1.211 -7.515 O
958 123 23.353 0.628 -7.324 C
959 123 21.929 1.166 -7.052 C
960 123 21.549 2.270 -8.036 C
961 123 20.376 2.620 -8.191 O
962 123 22.559 2.871 -8.661 
963 124 26.401 -0.157 -5.790 N
964 124 27.699 -0.685 -6.032 C
965 124 28.315 -0.116 -7.289 C
966 124 29.242 -0.691 -7.853 O
967 124 27.612 -2.210 -6.100 C
968 124 27.043 -2.866 -4.833 C
969 124 27.853 -4.058 -4.349 C
970 124 27.110 -4.950 -3.367 C
971 124 27.113 -4.406 -2.001 N
972 125 27.811 1.027 -7.709 N
973 125 28.310 1.683 -8.895 C
974 125 29.557 2.473 -8.473 C
975 125 29.602 3.713 -8.490 O
976 125 27.201 2.543 -9.320 C
977 125 26.135 1.752 -10.037 C
978 125 25.069 2.779 -10.444 C
979 125 24.352 2.589 -11.713 
980 125 23.440 1.626 -11.995 
981 125 23.105 0.655 -11.135 
982 125 22.852 1.617 -13.197 
983 126 30.608 1.706 -8.088 N
984 126 31.869 2.275 -7.540 C
985 126 32.494 3.387 -8.314 C
986 126 32.886 4.382 -7.757 O
987 126 32.979 1.279 -7.119 C
988 126 32.500 0.049 -6.393 C
989 126 32.786 -1.225 -6.735 C
990 126 31.682 -0.029 -5.209 C
991 126 32.132 -2.094 -5.905 N
992 126 31.495 -1.396 -4.921 C
993 126 31.077 0.917 -4.377 C
994 126 30.686 -1.837 -3.881 C
995 126 30.306 0.482 -3.320 C
996 126 30.118 -0.873 -3.061 C
997 127 32.685 3.165 -9.587 N
998 127 33.339 4.143 -10.433 C
999 127 32.572 5.452 -10.481 C
1000 127 33.136 6.525 -10.241 O
1001 127 33.742 3.577 -11.832 C
1002 127 34.890 2.587 -11.742 C
1003 127 36.067 3.159 -11.565 O
1004 127 34.729 1.381 -11.789 O
1005 128 31.262 5.371 -10.692 N
1006 128 30.468 6.570 -10.712 C
1007 128 30.333 7.236 -9.359 C
1008 128 30.198 8.441 -9.279 O
1009 128 29.066 6.219 -11.159 C
1010 128 29.024 4.980 -12.053 C
1011 128 27.606 4.658 -12.436 
1012 128 26.683 5.471 -12.358 
1013 128 27.471 3.411 -12.837 
1014 129 30.294 6.455 -8.298 N
1015 129 30.114 7.097 -7.038 C
1016 129 31.348 7.961 -6.775 C
1017 129 31.316 9.110 -6.287 O
1018 129 29.925 5.978 -6.011 C
1019 130 32.466 7.419 -7.163 N
1020 130 33.697 8.140 -6.914 C
1021 130 33.809 9.429 -7.706 C
1022 130 34.289 10.439 -7.240 O
1023 130 34.830 7.224 -7.206 C
1024 131 33.305 9.406 -8.924 N
1025 131 33.318 10.589 -9.734 C
1026 131 32.394 11.578 -9.093 C
1027 131 32.693 12.763 -8.993 O
1028 131 32.866 10.333 -11.165 C
1029 131 32.738 11.690 -11.807 C
1030 131 33.923 9.573 -11.952 C
1031 132 31.264 11.082 -8.622 N
1032 132 30.325 11.977 -7.989 C
1033 132 30.835 12.586 -6.663 C
1034 132 30.662 13.748 -6.369 O
1035 132 28.991 11.253 -7.834 C
1036 132 27.891 12.156 -7.331 C
1037 132 27.605 12.216 -6.136 O
1038 132 27.275 12.893 -8.237 N
1039 133 31.468 11.794 -5.842 N
1040 133 31.993 12.265 -4.599 C
1041 133 32.989 13.407 -4.767 C
1042 133 33.133 14.298 -3.905 O
1043 133 32.724 11.087 -3.901 C
1044 133 31.782 9.986 -3.344 C
1045 133 32.523 8.714 -2.928 C
1046 133 31.043 10.540 -2.136 C
1047 134 33.757 13.357 -5.838 N
1048 134 34.810 14.336 -6.056 C
1049 134 34.342 15.714 -6.472 C
1050 134 35.073 16.715 -6.480 O
1051 134 35.772 13.752 -7.050 C
1052 135 33.076 15.757 -6.802 N
1053 135 32.518 17.008 -7.203 C
1054 135 31.935 17.653 -5.994 C
1055 135 30.711 17.789 -5.889 O
1056 135 31.430 16.806 -8.258 C
1057 135 31.961 16.229 -9.568 C
1058 135 31.096 16.585 -10.778 C
1059 135 30.039 15.542 -11.131 C
1060 135 29.084 15.970 -12.194 
1061 136 32.797 17.999 -5.058 N
1062 136 32.235 18.608 -3.869 C
1063 136 33.136 19.636 -3.329 C
1064 136 34.351 19.599 -3.579 O
1065 136 31.969 17.590 -2.756 C
1066 136 33.018 16.599 -2.747 O
1067 137 32.619 20.349 -2.390 N
1068 137 33.497 21.228 -1.697 C
1069 137 34.469 20.365 -0.857 C
1070 137 35.674 20.616 -0.729 O
1071 137 32.653 22.192 -0.835 C
1072 137 33.598 22.969 0.058 C
1073 137 32.958 24.054 0.893 C
1074 137 33.831 25.223 0.968 
1075 137 34.649 25.462 1.994 
1076 137 34.691 24.642 3.051 N
1077 137 35.436 26.551 1.963 
1078 138 33.948 19.274 -0.308 N
1079 138 34.735 18.350 0.532 C
1080 138 36.148 17.986 0.005 C
1081 138 37.244 18.148 0.555 O
1082 138 33.841 17.089 0.731 C
1083 138 34.553 15.983 1.463 C
1084 138 35.166 16.052 2.677 C
1085 138 34.804 14.670 0.982 C
1086 138 35.803 14.865 2.978 N
1087 138 35.532 13.975 1.981 C
1088 138 34.469 14.038 -0.201 C
1089 138 35.943 12.654 1.817 C
1090 138 34.852 12.730 -0.324 C
1091 138 35.617 12.050 0.627 C
1092 139 36.086 17.400 -1.153 N
1093 139 37.154 17.014 -2.017 C
1094 139 38.077 18.176 -2.305 C
1095 139 39.266 18.085 -2.039 O
1096 139 36.556 16.437 -3.314 C
1097 139 37.652 15.992 -4.221 C
1098 139 38.177 14.707 -4.106 C
1099 139 38.204 16.885 -5.141 C
1100 139 39.230 14.299 -4.923 C
1101 139 39.250 16.483 -5.975 C
1102 139 39.755 15.187 -5.863 C
1103 139 40.760 14.772 -6.690 O
1104 140 37.528 19.263 -2.854 N
1105 140 38.315 20.499 -3.168 C
1106 140 39.040 21.133 -1.980 C
1107 140 40.114 21.718 -2.074 O
1108 140 37.397 21.488 -3.881 C
1109 140 37.120 21.010 -5.285 C
1110 140 35.979 20.877 -5.752 O
1111 140 38.193 20.701 -5.966 N
1112 141 38.473 20.989 -0.820 N
1113 141 39.098 21.504 0.365 C
1114 141 39.980 20.475 1.010 C
1115 141 40.827 20.829 1.809 O
1116 141 38.042 22.110 1.370 C
1117 141 37.204 23.242 0.735 C
1118 141 37.977 24.498 0.361 C
1119 141 37.914 24.969 -0.821 O
1120 141 38.644 25.058 1.385 N
1121 142 39.779 19.195 0.681 N
1122 142 40.602 18.148 1.226 C
1123 142 41.016 17.161 0.188 C
1124 142 40.636 15.989 0.252 O
1125 142 40.058 17.401 2.470 C
1126 142 39.116 18.208 3.304 C
1127 142 37.822 18.487 2.880 N
1128 142 39.248 18.706 4.552 C
1129 142 37.229 19.205 3.843 C
1130 142 38.062 19.356 4.850 N
1131 143 41.767 17.648 -0.780 N
1132 143 42.208 16.831 -1.919 C
1133 143 42.876 15.519 -1.570 C
1134 143 42.526 14.445 -2.002 O
1135 143 43.175 17.713 -2.733 C
1136 143 43.254 19.074 -2.050 C
1137 143 42.374 19.010 -0.812 C
1138 144 43.857 15.578 -0.713 N
1139 144 44.546 14.359 -0.412 C
1140 144 43.735 13.355 0.348 C
1141 144 43.722 12.190 0.031 O
1142 144 45.880 14.605 0.285 C
1143 144 46.801 15.566 -0.447 C
1144 144 47.066 15.449 -1.663 O
1145 144 47.326 16.519 0.314 
1146 145 43.098 13.799 1.404 N
1147 145 42.331 12.873 2.184 C
1148 145 41.163 12.358 1.408 C
1149 145 40.875 11.192 1.402 O
1150 145 41.804 13.531 3.448 C
1151 145 41.028 12.546 4.336 C
1152 145 39.940 13.241 5.141 C
1153 145 39.310 12.455 6.201 N
1154 145 39.223 12.899 7.448 C
1155 145 39.745 14.065 7.816 N
1156 145 38.579 12.162 8.342 N
1157 146 40.421 13.283 0.846 N
1158 146 39.286 12.903 0.083 C
1159 146 39.695 11.839 -0.941 C
1160 146 38.951 10.902 -1.186 O
1161 146 38.673 14.145 -0.538 C
1162 147 40.889 11.961 -1.551 N
1163 147 41.305 10.939 -2.514 C
1164 147 41.495 9.584 -1.844 C
1165 147 41.107 8.574 -2.408 O
1166 147 42.549 11.257 -3.357 C
1167 147 42.383 12.497 -4.195 C
1168 147 43.694 12.981 -4.821 
1169 147 43.903 14.503 -4.712 
1170 147 45.189 15.020 -5.246 
1171 148 42.104 9.515 -0.653 N
1172 148 42.234 8.190 -0.032 C
1173 148 40.895 7.553 0.209 C
1174 148 40.723 6.365 0.069 O
1175 148 43.055 8.127 1.286 C
1176 148 44.520 8.446 1.052 C
1177 148 45.386 8.533 2.303 C
1178 148 44.946 9.640 3.167 N
1179 148 45.536 10.809 3.331 C
1180 148 46.650 11.145 2.737 N
1181 148 44.972 11.700 4.116 N
1182 149 39.940 8.351 0.659 N
1183 149 38.624 7.803 0.972 C
1184 149 37.873 7.332 -0.259 C
1185 149 37.305 6.247 -0.271 O
1186 149 37.776 8.824 1.735 C
1187 149 36.339 8.275 1.960 C
1188 149 38.426 9.191 3.054 C
1189 150 37.821 8.211 -1.272 N
1190 150 37.142 7.890 -2.510 C
1191 150 37.728 6.617 -3.097 C
1192 150 37.039 5.731 -3.639 O
1193 150 37.203 9.024 -3.531 C
1194 150 36.295 10.157 -3.099 C
1195 150 36.708 8.556 -4.893 C
1196 150 36.707 11.458 -3.739 C
1197 151 39.046 6.530 -3.008 N
1198 151 39.749 5.371 -3.510 C
1199 151 39.324 4.134 -2.757 C
1200 151 39.162 3.033 -3.288 O
1201 151 41.273 5.609 -3.329 C
1202 151 41.733 6.423 -4.377 O
1203 151 42.058 4.318 -3.338 C
1204 152 39.194 4.301 -1.445 N
1205 152 38.848 3.170 -0.665 C
1206 152 37.491 2.720 -1.083 C
1207 152 37.188 1.562 -1.193 O
1208 152 38.765 3.617 0.804 C
1209 152 40.059 4.048 1.182 O
1210 152 38.375 2.427 1.661 C
1211 153 36.665 3.672 -1.359 N
1212 153 35.345 3.266 -1.752 C
1213 153 35.352 2.546 -3.035 C
1214 153 34.526 1.697 -3.302 O
1215 153 34.464 4.474 -1.963 C
1216 153 33.735 4.951 -0.728 C
1217 153 32.911 4.112 0.028 C
1218 153 33.822 6.291 -0.361 C
1219 153 32.192 4.581 1.135 C
1220 153 33.103 6.787 0.729 C
1221 153 32.290 5.931 1.474 C
1222 154 36.232 2.983 -3.867 N
1223 154 36.308 2.423 -5.181 C
1224 154 36.872 1.035 -5.262 C
1225 154 36.346 0.215 -5.998 O
1226 154 37.026 3.321 -6.158 C
1227 154 36.283 3.256 -7.484 C
1228 154 37.194 3.689 -8.607 C
1229 154 37.988 4.823 -8.177 N
1230 154 39.261 4.990 -8.477 
1231 154 39.901 4.094 -9.234 
1232 154 39.903 6.080 -8.007 
1233 155 37.957 0.812 -4.540 N
1234 155 38.624 -0.456 -4.529 C
1235 155 38.154 -1.407 -3.467 C
1236 155 38.272 -2.631 -3.608 O
1237 155 40.151 -0.305 -4.376 C
1238 155 40.502 0.248 -3.138 O
1239 155 40.731 0.571 -5.449 C
1240 156 37.706 -0.878 -2.356 N
1241 156 37.333 -1.804 -1.287 C
1242 156 38.547 -2.498 -0.648 C
1243 156 38.416 -3.558 -0.041 O
1244 157 39.737 -1.870 -0.787 N
1245 157 41.040 -2.300 -0.249 C
1246 157 41.643 -1.121 0.546 C
1247 157 41.291 0.043 0.319 O
1248 157 42.007 -2.545 -1.466 C
1249 157 42.554 -1.300 -1.908 O
1250 157 41.271 -3.189 -2.657 C
1251 158 42.610 -1.428 1.416 N
1252 158 43.301 -0.428 2.227 C
1253 158 44.527 0.165 1.519 C
1254 158 45.370 0.888 2.076 O
1255 158 43.727 -1.043 3.575 C
1256 158 42.597 -1.466 4.468 C
1257 158 42.227 -2.752 4.763 C
1258 158 41.726 -0.599 5.218 C
1259 158 41.174 -2.728 5.635 N
1260 158 40.850 -1.429 5.947 C
1261 158 41.657 0.791 5.400 C
1262 158 39.903 -0.892 6.818 C
1263 158 40.711 1.306 6.256 C
1264 158 39.814 0.485 6.910 C
1265 159 44.619 -0.108 0.240 N
1266 159 45.755 0.376 -0.569 C
1267 159 46.093 1.856 -0.445 C
1268 159 47.282 2.179 -0.472 O
1269 159 45.629 -0.050 -2.063 C
1270 159 45.728 -1.550 -2.241 C
1271 159 46.407 -2.236 -1.519 O
1272 159 44.971 -2.038 -3.198 O
1273 160 45.087 2.767 -0.338 N
1274 160 45.414 4.198 -0.236 C
1275 160 46.046 4.453 1.093 C
1276 160 46.482 5.545 1.408 O
1277 160 44.182 5.087 -0.313 C
1278 161 46.045 3.442 1.918 N
1279 161 46.550 3.689 3.207 C
1280 161 47.858 3.003 3.481 C
1281 161 48.302 3.029 4.613 O
1282 161 45.440 3.377 4.221 C
1283 161 44.364 4.453 4.233 C
1284 161 44.485 5.571 5.067 C
1285 161 43.235 4.356 3.418 C
1286 161 43.534 6.597 5.110 C
1287 161 42.270 5.370 3.450 C
1288 161 42.418 6.495 4.278 C
1289 161 41.441 7.473 4.342 O
1290 162 48.492 2.409 2.457 N
1291 162 49.777 1.707 2.630 C
1292 162 50.902 2.306 1.788 C
1293 162 50.826 3.446 1.315 O
1294 162 49.612 0.209 2.420 C
1295 162 48.479 -0.324 3.295 C
1296 162 48.230 -1.829 3.193 
1297 162 48.272 -2.368 1.758 
1298 162 47.407 -3.551 1.522 
