1289 3066
0 2
0 3
0 4
1 3
1 5
1 8
2 4
2 5
2 9
3 8
3 9
4 6
4 7
5 7
5 8
5 1248
5 1251
8 10
8 11
8 12
8 13
9 11
9 13
9 14
9 16
10 12
10 13
10 14
10 17
10 18
11 14
11 16
11 17
11 18
11 35
11 44
12 14
12 15
12 16
14 15
14 24
14 35
16 18
16 20
16 22
16 24
17 19
17 21
17 22
17 23
17 24
18 20
18 21
18 22
18 25
18 26
19 24
19 25
19 26
19 52
20 23
21 22
22 24
24 26
24 28
24 29
24 35
25 27
25 29
25 35
26 28
26 36
26 37
26 44
27 35
27 36
27 37
27 60
28 30
28 31
28 35
29 32
29 33
29 34
30 31
30 33
30 34
31 32
31 34
32 33
35 37
35 39
35 40
35 44
36 38
36 40
36 44
37 39
37 45
37 46
38 39
38 44
38 45
38 46
38 71
39 41
39 42
39 44
40 42
40 43
42 43
44 46
44 48
44 52
45 47
45 49
45 52
46 48
46 49
46 53
46 54
47 52
47 53
47 54
47 71
47 79
48 50
48 52
49 51
52 54
52 56
52 60
53 55
53 57
53 59
53 60
54 56
54 61
54 62
54 71
55 60
55 61
55 62
55 87
56 58
56 59
58 59
60 62
60 64
60 71
61 63
61 65
61 71
62 64
62 65
62 72
62 73
63 64
63 65
63 69
63 71
63 72
63 73
63 96
64 66
65 67
65 68
65 69
66 68
66 69
67 69
67 70
69 70
71 73
71 75
71 76
71 79
72 74
72 76
72 77
72 79
73 75
73 77
73 80
73 81
74 77
74 79
74 80
74 81
75 78
75 79
76 77
77 78
79 81
79 83
79 84
79 87
80 82
80 84
80 85
80 87
81 83
81 88
82 83
82 87
82 88
83 85
83 86
85 86
85 1168
85 1171
86 787
86 1279
87 89
87 91
87 92
87 96
88 90
88 92
88 94
88 96
89 91
89 97
89 98
89 99
90 91
90 96
90 97
91 93
91 94
92 94
92 95
94 95
95 1145
95 1146
96 98
96 99
97 99
97 100
98 101
99 100
99 101
100 102
100 103
100 104
101 103
101 105
101 106
101 108
102 104
102 105
102 109
103 104
103 108
103 109
104 106
104 107
106 107
108 110
108 111
108 112
108 113
108 235
109 111
109 113
109 119
110 112
110 120
111 112
111 119
111 120
111 232
111 233
112 114
112 115
113 115
114 116
114 117
115 117
115 118
117 118
119 121
119 123
119 124
119 127
120 122
120 124
120 126
120 127
121 123
121 128
122 123
122 127
122 128
122 446
123 125
123 126
125 126
127 129
127 130
127 131
128 130
128 132
128 133
128 136
129 131
129 132
129 137
129 138
129 139
130 131
130 136
130 137
130 138
130 139
131 133
132 134
132 136
133 135
133 136
136 138
136 139
136 140
136 141
137 139
137 141
137 142
137 144
138 140
138 142
138 145
139 140
139 144
139 145
140 143
141 142
142 143
144 146
144 147
144 148
144 149
144 220
145 147
145 149
145 156
146 148
146 149
146 157
147 156
147 157
147 217
148 150
148 151
148 156
149 152
149 153
149 154
150 151
150 153
150 154
151 152
151 154
152 153
152 155
153 155
155 223
156 158
156 159
156 160
156 161
157 159
157 161
157 165
158 160
158 166
158 167
158 168
159 160
159 165
159 166
159 168
160 162
161 163
162 164
162 192
165 167
165 168
165 169
165 171
165 196
166 168
166 170
166 171
166 173
167 169
167 170
167 171
167 174
167 175
167 180
168 173
168 174
168 175
168 180
168 189
169 171
169 172
169 173
171 172
171 173
171 180
171 189
171 193
173 175
173 177
173 178
173 179
173 180
174 176
174 178
174 179
174 180
175 177
175 178
175 181
176 177
176 180
176 181
178 179
178 180
180 182
180 184
180 185
180 189
181 183
181 185
181 189
182 184
182 190
183 184
183 189
183 190
184 186
184 187
185 187
185 188
187 188
187 1070
188 1069
189 191
189 193
190 192
190 193
191 194
192 193
192 194
193 195
193 196
193 197
193 198
194 196
194 198
194 199
194 205
195 197
195 206
195 207
196 197
196 205
196 206
196 207
196 222
197 199
197 200
197 205
198 201
198 202
198 203
199 200
199 202
199 203
200 201
200 203
201 202
201 204
202 204
205 207
205 208
205 209
205 210
206 208
206 210
206 211
206 217
207 209
207 218
207 222
208 209
208 217
208 218
208 266
209 211
209 212
210 213
210 214
210 215
211 212
211 214
211 215
212 213
212 215
213 214
213 216
214 216
217 219
217 220
217 221
217 222
218 220
218 222
218 223
218 224
219 221
219 223
219 225
220 224
220 225
221 224
222 223
223 224
224 226
224 227
224 228
224 230
224 251
225 227
225 229
225 230
225 232
226 228
226 229
226 230
226 233
226 234
227 230
227 232
227 233
227 234
227 248
228 231
228 232
229 230
229 232
232 234
232 235
233 235
233 236
234 237
235 236
235 237
236 238
236 240
236 241
236 244
237 239
237 241
237 242
237 244
238 240
238 242
238 245
238 246
239 240
239 242
239 244
239 245
239 246
240 243
241 242
244 246
244 248
245 247
245 248
246 249
247 248
247 249
248 250
248 251
248 252
249 251
249 253
249 258
250 252
250 253
250 259
250 260
251 252
251 258
251 259
251 260
252 254
252 255
253 256
253 257
254 255
254 257
254 550
255 256
258 260
258 261
258 262
259 261
259 263
259 264
259 266
260 262
260 263
260 267
261 262
261 266
261 267
262 264
262 265
264 265
266 268
266 270
266 271
266 274
267 269
267 271
267 273
267 274
268 270
268 275
268 278
269 274
269 275
270 272
270 273
270 274
272 273
274 276
274 277
274 278
274 280
275 277
275 279
275 280
275 281
276 278
276 279
276 280
276 282
276 290
277 280
277 281
277 282
278 281
279 280
279 281
279 290
281 283
281 285
281 286
281 290
282 284
282 286
282 290
283 285
283 291
283 292
284 285
284 290
284 291
284 292
285 287
286 288
287 289
290 292
290 293
290 294
291 293
291 295
291 296
291 302
292 294
292 295
292 297
292 298
292 302
292 303
293 296
293 297
293 298
293 303
294 296
295 296
295 303
296 298
296 300
296 301
296 303
297 299
297 301
297 302
297 303
298 300
298 304
299 300
299 303
299 304
300 302
303 305
303 306
303 307
304 306
304 308
304 309
305 307
305 308
305 310
305 311
305 317
306 307
306 308
306 309
306 310
306 311
306 325
306 330
308 325
309 311
309 313
309 317
310 312
310 314
310 315
310 317
311 313
311 314
311 318
311 319
312 314
312 315
312 317
312 318
312 319
312 330
312 335
313 315
313 316
315 316
317 319
317 321
317 322
317 325
318 320
318 322
318 323
318 325
319 321
319 326
319 327
319 330
320 325
320 326
320 327
320 330
320 335
320 344
321 323
321 324
323 324
325 327
325 329
325 330
326 328
326 330
327 329
327 331
327 332
328 330
328 331
328 332
328 350
329 330
330 332
330 334
330 335
331 333
331 335
332 334
332 336
332 337
332 344
333 335
333 336
333 337
333 359
334 335
335 337
335 339
335 340
335 344
336 338
336 340
336 344
337 339
337 345
337 346
338 344
338 345
338 346
338 367
339 341
339 344
340 342
341 343
344 346
344 348
344 350
345 347
345 349
345 350
346 348
346 349
346 351
346 352
347 349
347 350
347 351
347 352
347 375
350 352
350 354
350 355
350 359
351 353
351 355
351 356
351 359
352 354
352 360
352 361
353 359
353 360
353 361
353 384
354 356
354 357
354 359
355 357
355 358
357 358
357 383
359 361
359 363
359 367
360 362
360 364
360 365
360 367
361 363
361 364
361 368
361 369
362 367
362 368
362 369
362 384
362 389
363 365
363 366
363 367
365 366
367 369
367 371
367 372
367 375
368 370
368 372
368 373
368 375
369 371
369 376
369 377
370 375
370 376
370 377
370 397
371 373
371 374
371 375
371 404
373 374
373 404
373 420
373 425
375 377
375 379
375 384
376 378
376 380
376 384
377 379
377 380
377 385
377 386
378 384
378 385
378 386
379 381
380 382
380 383
381 383
384 386
384 388
384 389
385 387
385 389
386 388
386 390
387 389
387 390
388 389
389 391
389 393
389 394
389 397
390 392
390 394
390 395
390 396
390 397
391 393
391 395
391 398
392 393
392 395
392 397
392 398
393 396
394 395
395 396
395 483
397 399
397 401
398 400
398 401
399 402
399 405
400 401
400 402
400 405
401 403
401 404
401 405
402 404
402 406
402 412
403 405
403 406
403 413
403 414
404 412
404 413
404 420
405 407
405 412
406 408
406 409
406 410
407 409
407 410
408 410
408 411
408 483
410 411
411 482
412 414
412 415
412 416
412 420
413 415
413 417
413 418
413 420
414 416
414 421
415 416
415 420
415 421
416 418
416 419
418 419
420 422
420 424
420 425
420 426
420 427
421 423
421 425
421 426
421 427
422 424
422 425
422 428
422 429
422 431
422 435
423 424
423 427
423 428
423 429
423 431
425 426
425 427
425 435
427 429
427 431
427 435
428 430
428 432
428 433
428 435
429 431
429 432
429 436
430 431
430 432
430 435
430 436
431 433
431 434
433 434
435 437
435 439
436 438
436 439
437 440
438 439
438 440
439 441
439 442
439 443
439 445
440 442
440 444
440 445
440 446
441 443
441 444
441 447
442 443
442 446
442 447
444 445
446 448
446 449
446 450
447 449
447 451
448 450
448 452
448 453
448 454
449 451
449 452
450 451
451 453
451 454
451 455
451 456
451 457
451 482
452 454
452 456
452 457
452 458
453 455
453 456
453 459
453 460
454 456
454 458
454 459
454 460
454 475
454 484
455 458
456 457
458 460
458 462
458 467
459 461
459 463
459 467
460 462
460 463
460 468
460 469
461 467
461 468
461 469
461 489
462 464
462 467
463 465
464 466
467 469
467 471
467 472
467 473
467 475
468 470
468 472
468 473
468 475
469 471
469 476
469 477
470 475
470 476
470 477
470 498
471 473
471 474
471 475
473 474
475 477
475 479
475 480
475 484
476 478
476 480
476 484
477 479
477 485
477 486
478 484
478 485
478 486
478 498
478 507
479 481
479 482
479 484
480 482
480 483
482 483
484 486
484 488
484 489
485 487
485 489
486 488
486 490
486 491
486 498
487 489
487 490
487 491
487 515
488 489
489 491
489 493
489 494
489 498
490 492
490 494
490 498
491 493
491 499
491 500
492 493
492 498
492 499
492 500
492 526
493 495
493 496
494 496
494 497
496 497
498 500
498 502
498 507
499 501
499 503
499 507
500 502
500 503
500 508
500 509
500 515
501 507
501 508
501 509
501 526
501 534
502 504
502 507
503 505
504 506
507 509
507 511
507 512
507 515
508 510
508 512
508 514
508 515
509 511
509 516
509 517
510 515
510 516
510 517
510 543
511 513
511 514
511 515
513 514
515 517
515 519
515 526
516 518
516 520
516 521
516 526
517 519
517 520
517 527
517 528
517 534
518 526
518 527
518 528
518 543
518 551
519 521
519 522
519 526
520 523
520 524
520 525
521 522
521 524
521 525
522 523
522 525
523 524
526 528
526 530
526 531
526 534
527 529
527 531
527 532
527 534
528 530
528 535
528 536
529 534
529 535
529 536
529 558
530 532
530 533
530 534
532 533
534 536
534 538
534 539
534 543
535 537
535 539
535 543
536 538
536 544
536 545
537 543
537 544
537 545
537 566
538 540
538 542
538 543
539 541
539 542
541 542
543 545
543 547
543 548
543 549
543 551
544 546
544 548
544 549
544 551
545 547
545 552
545 553
546 551
546 552
546 553
546 571
547 549
547 550
549 550
551 553
551 555
551 557
551 558
552 554
552 556
552 557
552 558
553 555
553 556
553 559
553 560
554 558
554 559
554 560
554 571
554 576
555 558
556 557
558 560
558 562
558 566
559 561
559 563
559 564
559 566
560 562
560 567
560 568
561 566
561 567
561 568
561 583
562 564
562 565
562 566
564 565
566 568
566 570
566 571
567 569
567 571
568 570
568 572
568 573
569 571
569 572
569 573
569 594
570 571
571 573
571 575
571 576
572 574
572 576
573 575
573 577
573 578
574 576
574 577
574 578
574 598
575 576
576 578
576 580
576 582
576 583
577 579
577 581
577 582
577 583
578 580
578 581
578 584
578 585
578 594
579 581
579 583
579 584
579 585
579 598
579 606
580 583
581 582
583 585
583 587
583 594
584 586
584 588
584 594
585 587
585 595
585 596
586 594
586 595
586 596
586 614
586 619
587 589
587 590
588 590
589 591
589 592
590 592
590 593
592 593
594 596
594 598
595 597
595 598
596 599
596 600
597 598
597 599
597 600
597 625
598 600
598 602
598 603
598 606
599 601
599 603
599 604
599 606
600 602
600 604
600 607
600 608
600 614
601 606
601 607
601 608
601 614
601 625
602 605
602 606
603 604
604 605
606 608
606 610
606 611
606 614
607 609
607 611
607 613
607 614
608 610
608 615
609 610
609 614
609 615
609 661
610 612
610 613
612 613
614 616
614 618
614 619
614 625
615 617
615 619
615 625
616 618
616 626
617 618
617 625
617 626
618 620
619 621
620 622
620 623
621 623
621 624
623 624
625 627
625 628
625 629
626 628
626 630
626 631
626 633
627 629
627 630
627 631
627 634
627 635
627 638
628 629
628 633
628 634
628 635
628 638
628 647
628 655
629 631
629 632
631 632
631 633
631 638
631 647
632 842
633 635
633 637
633 638
634 636
634 638
635 637
635 639
635 640
636 637
636 638
636 639
638 640
638 642
638 643
638 647
639 641
639 643
639 647
640 642
640 648
641 642
641 647
641 648
642 644
643 645
644 646
647 649
647 651
647 652
647 655
648 650
648 652
648 654
648 655
649 651
649 656
649 657
650 655
650 656
650 657
650 671
650 678
651 653
651 654
651 655
653 654
655 657
655 659
655 664
655 670
656 658
656 660
656 664
656 670
657 659
657 660
657 665
657 666
657 670
657 671
658 664
658 665
658 666
658 671
658 690
659 661
659 664
660 662
660 663
661 663
663 697
664 666
664 668
664 669
664 671
665 667
665 669
665 670
665 671
666 668
666 672
666 673
667 671
667 672
667 673
667 698
668 670
668 671
671 673
671 675
671 677
671 678
672 674
672 676
672 677
672 678
673 675
673 676
673 679
673 680
673 690
674 678
674 679
674 680
674 698
674 703
675 678
676 677
678 680
678 682
678 690
679 681
679 683
679 690
680 682
680 683
680 691
680 692
680 698
681 690
681 691
681 692
681 698
681 704
681 750
682 684
682 685
682 690
683 686
683 687
683 688
684 685
684 687
684 688
685 686
685 688
686 687
686 689
687 689
690 692
690 694
690 698
691 693
691 695
691 696
691 698
692 694
692 699
692 700
693 694
693 698
693 699
693 753
694 696
694 697
696 697
698 700
698 702
698 703
698 704
699 701
699 703
699 704
700 702
700 703
700 705
701 702
701 704
701 705
701 964
704 706
704 707
704 708
704 709
705 707
705 709
705 712
706 708
706 713
706 714
706 715
707 712
707 713
707 750
707 753
708 710
708 711
708 712
710 711
712 714
712 715
712 716
712 717
712 718
713 715
713 717
713 718
713 720
714 716
714 717
714 719
714 721
714 722
715 720
715 721
715 722
715 743
716 718
716 719
716 720
718 719
718 741
719 732
720 722
720 724
720 725
721 723
721 725
722 724
722 726
722 727
723 725
723 726
723 727
725 727
725 729
725 731
725 732
726 728
726 730
726 731
726 732
727 729
727 730
727 733
727 734
727 743
728 732
728 733
728 734
728 754
729 732
730 731
732 734
732 736
732 737
732 743
733 735
733 737
733 743
734 736
734 744
734 745
734 754
735 743
735 744
735 745
735 759
735 764
736 738
737 739
738 740
738 741
739 741
739 742
739 1204
741 742
743 745
743 747
743 754
744 746
744 748
744 754
745 747
745 755
745 756
745 759
746 754
746 755
746 756
746 764
746 772
747 749
747 754
748 750
749 751
749 752
750 752
750 753
752 753
754 756
754 758
754 759
755 757
755 759
756 758
756 760
756 761
757 759
757 760
757 761
757 780
759 761
759 763
759 764
760 762
760 764
761 763
761 765
761 766
762 764
762 765
762 766
762 788
763 764
764 766
764 768
764 772
765 767
765 769
765 770
765 772
766 768
766 769
766 773
766 774
767 772
767 773
767 774
767 796
768 770
768 771
770 771
772 774
772 776
772 777
772 780
773 775
773 777
773 778
773 780
774 776
774 778
774 781
774 782
775 780
775 781
775 782
775 783
775 796
775 803
776 779
776 780
777 778
778 779
780 782
780 784
780 788
781 783
781 785
781 786
781 788
782 784
782 785
782 786
782 789
782 790
783 786
783 788
783 789
783 790
783 814
784 786
784 787
784 788
786 787
786 1143
786 1146
788 790
788 792
788 793
788 796
789 791
789 793
789 796
790 792
790 797
790 798
791 796
791 797
791 798
791 823
792 794
792 796
793 795
795 830
796 798
796 800
796 802
796 803
797 799
797 801
797 802
797 803
798 800
798 801
798 804
798 805
799 801
799 803
799 804
799 805
799 831
801 802
803 805
803 807
803 814
804 806
804 808
804 814
805 807
805 808
805 809
805 815
805 816
806 814
806 815
806 816
807 809
807 810
807 814
808 811
808 812
808 813
809 810
809 812
809 813
810 811
810 813
811 812
814 816
814 818
814 823
815 817
815 819
815 823
816 818
816 819
816 824
817 823
817 824
818 820
818 821
818 823
819 821
819 822
821 822
821 1079
823 825
823 827
823 828
823 831
824 826
824 828
824 831
825 827
825 832
825 833
825 834
826 827
826 831
826 832
826 834
827 829
828 830
831 833
831 834
832 834
832 835
833 836
833 837
834 835
834 836
834 837
834 855
835 837
835 839
835 844
836 838
836 840
836 844
837 839
837 845
837 846
838 844
838 845
838 846
838 862
838 866
839 841
839 842
839 844
840 842
840 843
842 843
844 846
844 848
844 849
844 851
845 847
845 849
845 850
845 851
846 848
846 850
846 852
846 853
847 851
847 852
847 853
847 854
847 867
848 851
849 850
851 853
851 855
852 854
852 855
853 856
853 857
854 855
854 856
854 857
855 857
855 859
855 861
855 862
856 858
856 860
856 861
856 862
857 859
857 860
857 863
857 864
857 867
858 860
858 862
858 863
858 864
858 867
858 871
859 862
860 861
862 864
862 866
862 867
863 865
863 867
864 866
864 868
865 867
865 868
867 869
867 871
868 870
868 871
869 872
869 873
869 882
870 871
870 872
870 873
870 882
871 873
871 875
871 882
872 874
872 876
872 882
873 875
873 883
873 884
874 875
874 882
874 883
874 884
874 897
874 903
875 877
875 878
876 879
876 880
876 881
877 878
877 880
877 881
878 879
878 881
879 880
882 884
882 886
882 887
882 889
883 885
883 887
883 888
883 889
884 886
884 888
884 890
884 891
885 888
885 889
885 890
885 891
885 911
886 889
887 888
889 891
889 893
889 894
889 897
890 892
890 894
890 895
890 897
891 893
891 898
891 899
892 897
892 898
892 899
892 922
893 895
893 896
895 896
897 899
897 901
897 902
897 903
898 900
898 902
898 903
899 901
899 904
899 905
900 903
900 904
900 905
900 922
900 930
901 903
902 1030
903 905
903 907
903 908
903 911
904 906
904 908
904 911
905 907
905 912
905 913
906 911
906 912
906 913
906 930
906 938
907 909
907 910
909 910
911 913
911 915
911 922
912 914
912 916
912 922
913 915
913 916
913 923
913 924
913 930
914 922
914 923
914 924
914 938
914 947
915 917
915 918
915 919
915 920
915 922
916 918
916 919
916 920
917 919
917 920
918 920
918 921
920 921
922 924
922 926
922 927
922 930
923 925
923 927
923 930
924 926
924 931
924 932
925 926
925 930
925 931
925 932
925 956
925 965
926 928
926 930
927 929
930 932
930 934
930 935
930 938
931 933
931 935
931 937
931 938
932 934
932 939
932 940
932 947
933 938
933 939
933 940
933 947
933 956
934 936
934 937
934 938
936 937
938 940
938 942
938 947
939 941
939 943
939 947
940 942
940 943
940 948
941 947
941 948
942 944
942 945
943 945
943 946
945 946
947 949
947 951
947 952
947 956
948 950
948 952
948 956
949 951
949 957
949 958
949 960
950 951
950 956
950 957
950 958
950 960
951 953
951 955
952 954
952 955
954 955
956 958
956 960
956 961
956 965
957 959
957 961
957 965
958 960
958 966
959 960
959 965
959 966
960 962
961 963
961 964
962 964
965 967
965 969
965 970
965 976
966 968
966 970
966 976
967 969
967 977
967 978
968 969
968 976
968 977
968 978
968 1007
969 971
969 1006
970 972
970 973
970 974
971 973
971 974
972 974
972 975
974 975
976 978
976 980
976 981
976 990
977 979
977 981
977 990
978 980
978 991
978 992
978 998
979 990
979 991
979 992
979 1012
980 982
980 983
980 990
981 984
981 985
981 986
982 983
982 985
983 984
983 987
983 988
983 989
984 987
985 986
985 988
985 989
986 987
986 989
987 988
990 992
990 994
990 995
990 996
990 998
991 993
991 995
991 996
991 998
992 994
992 999
992 1000
993 998
993 999
993 1000
993 1017
994 996
994 997
996 997
998 1000
998 1002
998 1003
998 1007
999 1001
999 1003
999 1007
1000 1002
1000 1008
1000 1009
1000 1012
1001 1007
1001 1008
1001 1009
1001 1024
1002 1004
1002 1005
1002 1007
1003 1005
1003 1006
1005 1006
1007 1009
1007 1011
1007 1012
1008 1010
1008 1012
1009 1011
1009 1013
1009 1014
1009 1017
1010 1012
1010 1013
1010 1014
1010 1024
1010 1032
1011 1012
1012 1014
1012 1016
1012 1017
1013 1015
1013 1017
1014 1016
1014 1018
1014 1019
1015 1017
1015 1018
1015 1019
1016 1017
1017 1019
1017 1021
1017 1023
1017 1024
1018 1020
1018 1022
1018 1023
1018 1024
1019 1021
1019 1022
1019 1025
1019 1026
1020 1022
1020 1024
1020 1025
1020 1026
1021 1024
1022 1023
1024 1026
1024 1028
1024 1032
1025 1027
1025 1029
1025 1032
1026 1028
1026 1029
1026 1033
1026 1034
1026 1040
1027 1032
1027 1033
1027 1034
1027 1040
1027 1045
1028 1030
1028 1031
1030 1031
1032 1034
1032 1036
1032 1040
1033 1035
1033 1037
1033 1040
1034 1036
1034 1041
1034 1042
1035 1036
1035 1040
1035 1041
1035 1042
1035 1059
1036 1038
1036 1039
1038 1039
1040 1042
1040 1044
1040 1045
1041 1043
1041 1045
1042 1044
1042 1046
1042 1054
1043 1044
1043 1045
1043 1046
1043 1054
1045 1047
1045 1049
1045 1050
1045 1054
1046 1048
1046 1050
1046 1054
1047 1049
1047 1055
1047 1058
1048 1049
1048 1054
1048 1055
1049 1051
1050 1052
1051 1053
1054 1056
1054 1057
1054 1058
1054 1059
1055 1057
1055 1059
1055 1060
1056 1058
1056 1059
1056 1061
1056 1062
1056 1071
1057 1059
1057 1060
1057 1061
1057 1062
1057 1097
1057 1103
1058 1060
1059 1085
1060 1062
1060 1064
1060 1071
1061 1063
1061 1065
1061 1071
1062 1064
1062 1065
1062 1072
1062 1073
1063 1065
1063 1071
1063 1072
1063 1073
1063 1097
1063 1105
1064 1066
1064 1071
1065 1067
1066 1068
1066 1069
1067 1069
1067 1070
1069 1070
1071 1073
1071 1075
1071 1085
1072 1074
1072 1076
1072 1085
1073 1075
1073 1076
1073 1086
1073 1087
1074 1085
1074 1086
1074 1087
1074 1114
1074 1119
1075 1077
1075 1078
1075 1085
1076 1079
1076 1080
1076 1081
1077 1078
1077 1080
1078 1079
1078 1082
1078 1083
1078 1084
1079 1082
1080 1081
1080 1083
1080 1084
1081 1082
1081 1084
1082 1083
1085 1087
1085 1089
1085 1097
1086 1088
1086 1090
1086 1097
1087 1089
1087 1090
1087 1098
1087 1099
1088 1097
1088 1098
1088 1099
1088 1121
1088 1122
1089 1091
1089 1092
1089 1097
1090 1093
1090 1094
1090 1095
1091 1092
1091 1094
1091 1095
1092 1093
1092 1095
1093 1094
1093 1096
1094 1096
1096 1159
1097 1099
1097 1101
1097 1102
1097 1105
1098 1100
1098 1102
1098 1104
1098 1105
1099 1101
1099 1106
1100 1105
1100 1106
1101 1103
1101 1104
1103 1104
1105 1107
1105 1109
1105 1110
1105 1114
1106 1108
1106 1110
1106 1111
1106 1114
1107 1109
1107 1115
1108 1114
1108 1115
1109 1111
1109 1113
1110 1112
1110 1113
1112 1113
1114 1116
1114 1118
1114 1119
1114 1120
1114 1121
1114 1127
1115 1117
1115 1119
1115 1120
1115 1121
1115 1127
1116 1118
1116 1119
1116 1122
1116 1123
1116 1127
1117 1118
1117 1119
1117 1121
1117 1122
1117 1123
1117 1147
1119 1120
1121 1123
1121 1125
1121 1126
1121 1128
1122 1124
1122 1126
1122 1127
1122 1128
1123 1125
1123 1129
1123 1130
1124 1128
1124 1129
1124 1130
1124 1152
1124 1157
1125 1127
1125 1128
1128 1130
1128 1132
1128 1133
1128 1136
1129 1131
1129 1133
1129 1134
1129 1136
1130 1132
1130 1137
1130 1138
1131 1136
1131 1137
1131 1138
1131 1161
1132 1134
1132 1135
1132 1136
1134 1135
1136 1138
1136 1140
1136 1147
1137 1139
1137 1141
1137 1147
1138 1140
1138 1141
1138 1148
1138 1149
1138 1152
1139 1141
1139 1147
1139 1148
1139 1149
1139 1161
1139 1172
1140 1142
1140 1147
1141 1143
1142 1144
1142 1145
1143 1145
1143 1146
1145 1146
1147 1149
1147 1151
1147 1152
1148 1150
1148 1152
1149 1151
1149 1153
1149 1154
1149 1161
1150 1152
1150 1153
1150 1154
1150 1179
1152 1154
1152 1156
1152 1157
1152 1161
1153 1155
1153 1157
1153 1161
1154 1156
1154 1162
1154 1163
1155 1161
1155 1162
1155 1163
1155 1187
1155 1192
1156 1158
1156 1161
1157 1159
1158 1160
1161 1163
1161 1165
1161 1166
1161 1172
1162 1164
1162 1166
1162 1172
1163 1165
1163 1173
1163 1174
1164 1172
1164 1173
1164 1174
1164 1194
1164 1199
1165 1167
1165 1168
1165 1172
1166 1168
1167 1169
1167 1170
1168 1170
1168 1171
1170 1171
1172 1174
1172 1176
1172 1178
1172 1179
1173 1175
1173 1177
1173 1178
1173 1179
1174 1176
1174 1177
1174 1180
1174 1181
1175 1179
1175 1180
1175 1181
1175 1194
1175 1201
1176 1179
1177 1178
1179 1181
1179 1183
1179 1184
1179 1187
1180 1182
1180 1184
1180 1185
1180 1187
1181 1183
1181 1185
1181 1188
1181 1189
1181 1194
1182 1185
1182 1187
1182 1188
1182 1189
1182 1194
1182 1201
1182 1212
1183 1186
1184 1185
1185 1186
1187 1189
1187 1191
1187 1192
1187 1194
1188 1190
1188 1192
1188 1193
1188 1194
1189 1191
1189 1193
1189 1195
1189 1196
1190 1191
1190 1193
1190 1194
1190 1195
1190 1196
1190 1223
1190 1228
1191 1194
1192 1193
1194 1196
1194 1198
1194 1199
1194 1201
1195 1197
1195 1199
1195 1200
1195 1201
1196 1198
1196 1200
1196 1202
1196 1203
1197 1201
1197 1202
1197 1203
1197 1230
1199 1200
1201 1203
1201 1205
1201 1212
1202 1204
1202 1206
1202 1207
1202 1212
1203 1205
1203 1213
1203 1214
1204 1212
1204 1213
1204 1214
1205 1207
1205 1208
1205 1212
1206 1209
1206 1210
1206 1211
1207 1208
1207 1210
1207 1211
1208 1209
1208 1211
1209 1210
1212 1214
1212 1216
1212 1223
1213 1215
1213 1217
1213 1223
1214 1216
1214 1217
1214 1224
1215 1223
1215 1224
1216 1218
1216 1219
1216 1223
1217 1219
1218 1220
1218 1221
1219 1221
1219 1222
1221 1222
1223 1225
1223 1227
1223 1228
1223 1229
1223 1230
1224 1226
1224 1228
1224 1229
1224 1230
1225 1227
1225 1228
1225 1231
1225 1232
1225 1234
1226 1227
1226 1230
1226 1231
1226 1232
1228 1229
1228 1230
1228 1234
1228 1239
1230 1232
1230 1234
1231 1233
1231 1234
1232 1235
1233 1234
1233 1235
1234 1236
1234 1237
1234 1238
1234 1239
1234 1240
1235 1237
1235 1239
1235 1240
1235 1241
1236 1238
1236 1239
1236 1242
1237 1239
1237 1241
1237 1242
1238 1241
1239 1240
1239 1262
1241 1243
1241 1245
1241 1246
1241 1255
1242 1244
1242 1246
1242 1255
1243 1245
1243 1256
1243 1257
1243 1263
1244 1245
1244 1255
1244 1256
1244 1257
1244 1263
1244 1268
1245 1247
1245 1248
1246 1249
1246 1250
1246 1251
1247 1248
1247 1250
1248 1249
1248 1252
1248 1253
1248 1254
1249 1252
1250 1251
1250 1253
1250 1254
1251 1252
1251 1254
1252 1253
1255 1257
1255 1259
1255 1260
1255 1261
1255 1263
1256 1258
1256 1260
1256 1261
1256 1263
1257 1259
1257 1264
1257 1265
1257 1268
1258 1259
1258 1263
1258 1264
1258 1265
1258 1268
1259 1261
1259 1262
1261 1262
1263 1265
1263 1267
1263 1268
1264 1266
1264 1268
1265 1267
1265 1269
1266 1267
1266 1268
1266 1269
1268 1270
1268 1272
1268 1273
1268 1280
1269 1271
1269 1273
1269 1280
1270 1272
1270 1281
1271 1272
1271 1280
1271 1281
1272 1274
1272 1275
1273 1276
1273 1277
1273 1278
1274 1275
1274 1277
1274 1278
1275 1276
1275 1278
1276 1277
1276 1279
1277 1279
1280 1282
1280 1284
1280 1285
1281 1283
1281 1285
1282 1284
1284 1286
1285 1287
1286 1288
1 1 43.905998 -3.286000 9.034000 N
2 1 43.362999 -1.952000 9.093000 C
3 1 41.945999 -2.036000 9.628000 C
4 1 41.285999 -3.069000 9.499000 O
5 1 43.410999 -1.356000 7.670000 C
6 1 42.743999 -0.031000 7.497000 C
7 1 43.783001 1.343000 8.056000 S
8 1 45.407001 0.827000 7.498000 C
9 2 41.492001 -0.940000 10.252000 N
10 2 40.153999 -0.812000 10.816000 C
11 2 39.772999 0.676000 10.874000 C
12 2 40.616001 1.539000 10.625000 O
13 2 40.032001 -1.510000 12.206000 C
14 2 40.944000 -0.914000 13.243000 C
15 2 40.930000 0.306000 13.483000 O
16 2 41.763000 -1.769000 13.821000 N
17 3 38.533001 0.961000 11.252000 N
18 3 38.007000 2.327000 11.323000 C
19 3 38.855999 3.267000 12.179000 C
20 3 39.076000 4.447000 11.824000 O
21 3 36.511002 2.360000 11.673000 C
22 3 35.908001 3.762000 11.533000 C
23 3 36.308998 1.839000 13.080000 C
24 3 36.143002 4.464000 10.172000 C
25 4 39.340000 2.755000 13.306000 N
26 4 40.150002 3.605000 14.170000 C
27 4 41.452999 4.003000 13.517000 C
28 4 41.848999 5.156000 13.521000 O
29 4 40.431000 2.920000 15.526000 C
30 4 39.158001 2.860000 16.343000 C
31 4 38.797001 3.927000 17.173000 C
32 4 38.304001 1.759000 16.253000 C
33 4 37.625000 3.864000 17.929001 C
34 4 37.115002 1.700000 16.983999 C
35 4 36.793999 2.747000 17.848000 C
36 5 42.153999 3.027000 12.984000 N
37 5 43.417000 3.326000 12.345000 C
38 5 43.210999 4.189000 11.107000 C
39 5 44.019001 5.037000 10.790000 O
40 5 44.127998 2.058000 11.895000 C
41 5 44.465000 1.064000 13.004000 C
42 5 45.173000 -0.204000 12.517000 C
43 5 45.453999 -0.455000 11.345000 O
44 5 45.506001 -0.996000 13.505000 O
45 6 42.117001 3.949000 10.395000 N
46 6 41.813000 4.729000 9.206000 C
47 6 41.595001 6.174000 9.582000 C
48 6 42.183998 7.104000 9.003000 O
49 6 40.543999 4.163000 8.549000 C
50 6 40.158001 4.826000 7.234000 C
51 6 38.396999 4.542000 6.929000 S
52 6 38.327999 4.608000 5.105000 C
53 7 40.759998 6.405000 10.562000 N
54 7 40.514000 7.794000 10.957000 C
55 7 41.733002 8.459000 11.592000 C
56 7 41.943001 9.665000 11.481000 O
57 7 39.275002 7.926000 11.854000 C
58 7 37.978001 7.960000 11.072000 C
59 7 36.833000 7.679000 12.034000 C
60 7 37.785999 9.327000 10.440000 C
61 8 42.560001 7.671000 12.246000 N
62 8 43.764000 8.229000 12.848000 C
63 8 44.686001 8.730000 11.769000 C
64 8 45.339001 9.738000 11.956000 O
65 8 44.476002 7.240000 13.732000 C
66 8 45.837002 7.755000 14.142000 C
67 8 45.846001 8.310000 15.568000 C
68 8 47.131001 8.885000 15.990000 N
69 8 47.924999 9.678000 15.234000 7
0 8 47.652000 10.008000 13.972000 N
71 8 49.069000 10.122000 15.760000 N
72 9 44.709000 8.056000 10.623000 N
73 9 45.542999 8.512000 9.550000 C
74 9 44.959999 9.791000 8.935000 C
75 9 45.668999 10.774000 8.668000 O
76 9 45.679001 7.429000 8.486000 C
77 9 46.660999 6.373000 8.963000 C
78 9 46.122002 8.021000 7.135000 C
79 9 46.476002 5.068000 8.208000 C
80 10 43.657001 9.808000 8.724000 N
81 10 43.021999 10.956000 8.113000 C
82 10 43.006001 12.224000 8.955000 C
83 10 43.068001 13.320000 8.423000 O
84 10 41.598000 10.651000 7.627000 C
85 10 41.616001 9.825000 6.371000 C
86 10 42.529999 9.868000 5.579000 O
87 10 40.608002 9.012000 6.261000 O
88 11 42.866001 12.087000 10.259000 N
89 11 42.743000 13.248000 11.134000 C
90 11 44.022999 13.665000 11.848000 C
91 11 44.118999 14.813000 12.247000 O
92 11 41.658001 13.016000 12.202000 C
93 11 40.323002 12.692000 11.568000 C
94 11 39.583000 13.884000 11.003000 C
95 11 40.143002 15.054000 11.221000 O
96 11 38.562000 13.758000 10.382000 O
97 12 44.941002 12.735000 12.088000 N
98 12 46.169998 12.991000 12.818000 C
99 12 45.840000 13.061000 14.302000 C
100 12 44.730000 12.737000 14.713000 O
101 13 46.806000 13.456000 15.119000 N
102 13 46.577999 13.598000 16.561001 C
103 13 47.307999 14.834000 17.049000 C
104 13 48.511002 14.953000 16.882000 O
105 13 47.144001 12.389000 17.278000 C
106 13 47.244999 12.556000 18.785999 C
107 13 45.874001 12.884000 19.349001 C
108 13 47.692001 11.231000 19.374001 C
109 14 46.589001 15.770000 17.612000 N
110 14 47.180000 16.973000 18.153000 C
111 14 46.629002 17.177999 19.540001 C
112 14 45.426998 17.083000 19.756001 O
113 14 46.939999 18.176001 17.280001 C
114 14 47.597000 17.969999 15.918000 C
115 14 47.490002 19.195000 15.008000 C
116 14 48.139999 20.358000 15.607000 N
117 14 48.199001 21.556999 15.040000 1
18 14 47.638000 21.806000 13.855000 N
119 14 48.841000 22.533001 15.681000 1
20 15 47.528999 17.422001 20.476999 N
121 15 47.157001 17.580000 21.858999 C
122 15 46.895000 19.010000 22.330999 C
123 15 46.555000 19.219999 23.489000 O
124 15 48.154999 16.863001 22.768999 C
125 15 48.205002 15.374000 22.462999 C
126 15 49.254002 14.738000 23.349001 C
127 15 46.852001 14.691000 22.687000 C
128 16 47.041000 19.997000 21.462999 N
129 16 46.737000 21.357000 21.855000 C
130 16 45.646000 21.804001 20.923000 C
131 16 45.610001 21.318001 19.798000 O
132 16 47.957001 22.281000 21.722000 C
133 16 47.582001 23.726000 21.417000 1
34 16 46.875000 24.454000 22.565001 1
35 16 46.152000 25.733000 22.112000 1
36 16 45.811001 26.663000 23.205999 N
137 17 44.743999 22.680000 21.386999 N
138 17 43.671001 23.129000 20.528999 C
139 17 44.236000 23.646000 19.212000 C
140 17 45.221001 24.381001 19.221001 O
141 17 42.860001 24.225000 21.195000 C
142 17 42.084000 23.620001 22.354000 C
143 17 41.890999 24.893000 20.194000 C
144 17 41.273998 24.665001 23.112000 C
145 18 43.661999 23.223000 18.091999 N
146 18 44.136002 23.695000 16.792999 C
147 18 42.963001 24.041000 15.906000 C
148 18 41.808998 23.749001 16.247999 O
149 18 45.055000 22.650999 16.115999 C
150 18 44.331001 21.362000 15.783000 C
151 18 44.182999 20.360001 16.740999 C
152 18 43.799000 21.125999 14.511000 C
153 18 43.525002 19.164000 16.441999 C
154 18 43.140999 19.930000 14.192000 C
155 18 42.986000 18.947001 15.169000 C
156 18 42.355000 17.746000 14.878000 O
157 19 43.228001 24.653000 14.762000 N
158 19 42.139999 24.938000 13.831000 C
159 19 42.125000 23.877001 12.740000 C
160 19 43.174999 23.534000 12.193000 O
161 19 42.261002 26.285999 13.178000 C
162 19 41.811001 27.382999 14.101000 C
163 19 41.485001 28.650999 13.331000 C
164 19 41.786999 29.931999 14.106000 C
165 19 41.332001 31.155001 13.421000 N
166 20 40.930000 23.348000 12.432000 N
167 20 40.806999 22.329000 11.412000 C
168 20 40.904999 22.959000 10.007000 C
169 20 41.192001 24.156000 9.869000 O
170 20 39.580002 21.419001 11.622000 C
171 20 38.237999 22.014000 11.287000 C
172 20 38.254002 23.231001 10.813000 O
173 20 37.209999 21.409000 11.432000 O
174 21 40.624001 22.160000 8.974000 N
175 21 40.724998 22.638000 7.586000 C
176 21 39.757000 23.750999 7.276000 C
177 21 39.997002 24.533001 6.371000 O
178 21 40.570000 21.506001 6.544000 C
179 21 39.237000 21.090000 6.570000 O
180 21 41.438999 20.280001 6.884000 C
181 22 38.660999 23.834000 8.038000 N
182 22 37.640999 24.881001 7.835000 C
183 22 37.856998 26.070999 8.774000 C
184 22 37.096001 27.021000 8.744000 O
185 22 36.222000 24.337999 8.002000 C
186 22 35.932999 23.114000 7.107000 C
187 22 35.455002 23.429001 5.697000 C
188 22 35.537998 24.693001 5.379000 O
189 22 34.981998 22.596001 4.950000 O
190 23 38.917999 25.989000 9.609000 N
191 23 39.285999 27.023001 10.563000 C
192 23 38.555000 26.931000 11.899000 C
193 23 38.500000 27.930000 12.626000 O
194 24 37.966999 25.759001 12.226000 N
195 24 37.251999 25.618000 13.509000 C
196 24 38.105000 24.966999 14.564000 C
197 24 38.875000 24.056999 14.279000 O
198 24 36.025002 24.759001 13.426000 C
199 24 35.049000 25.239000 12.419000 C
200 24 34.620998 26.559999 12.411000 C
201 24 34.551998 24.341999 11.477000 C
202 24 33.699001 26.976000 11.453000 C
203 24 33.641998 24.749001 10.509000 C
204 24 33.208000 26.073000 10.508000 C
205 24 32.286999 26.475000 9.569000 O
206 25 37.931999 25.424000 15.796000 N
207 25 38.709999 24.906000 16.905001 C
208 25 38.407001 23.417999 17.159000 C
209 25 37.265999 23.037001 17.327000 O
210 25 38.375000 25.736000 18.153999 C
211 25 39.007999 27.091000 18.079000 C
212 25 40.394001 27.205999 17.986000 C
213 25 38.223999 28.243999 18.135000 C
214 25 40.999001 28.466999 17.945999 C
215 25 38.806000 29.513000 18.087999 C
216 25 40.195000 29.610001 18.006001 C
217 25 40.765999 30.848000 17.972000 O
218 26 39.457001 22.643999 17.212000 N
219 26 39.391998 21.212999 17.360001 C
220 26 40.488998 20.766001 18.282000 C
221 26 41.442001 21.479000 18.524000 O
222 26 39.709000 20.677999 15.912000 C
223 26 38.759998 21.202999 15.032000 O
224 26 39.771000 19.142000 15.758000 C
225 27 40.403000 19.517000 18.733000 N
226 27 41.445000 18.947001 19.579000 C
227 27 41.557999 17.455999 19.283001 C
228 27 40.582001 16.849001 18.872000 O
229 27 41.091999 19.120001 21.091999 C
230 27 42.245998 18.715000 21.993999 C
231 27 39.862000 18.257000 21.443001 C
232 27 43.283001 19.792000 22.200001 C
233 28 42.708000 16.861000 19.579000 N
234 28 42.875999 15.427000 19.525000 C
235 28 42.838001 14.843000 18.148001 C
236 28 43.605999 15.257000 17.266001 O
237 29 41.957001 13.858000 18.004999 N
238 29 41.817001 13.195000 16.723000 C
239 29 40.603001 13.702000 15.966000 C
240 29 39.582001 13.032000 15.815000 O
241 29 41.811001 11.686000 16.889999 C
242 29 43.160999 11.285000 17.514999 C
243 29 41.651001 11.062000 15.505000 C
244 29 43.130001 9.907000 18.153999 C
245 30 40.676998 14.940000 15.532000 N
246 30 39.544998 15.452000 14.787000 C
247 30 38.297001 15.734000 15.603000 C
248 30 37.202000 15.789000 15.043000 O
249 31 38.445999 15.965000 16.900999 N
250 31 37.273998 16.267000 17.728001 C
251 31 36.931000 17.768000 17.674000 C
252 31 37.601002 18.601999 18.294001 O
253 31 37.527000 15.891000 19.219000 C
254 31 36.299000 16.134001 20.055000 C
255 31 35.247002 15.212000 20.093000 N
256 31 35.924999 17.205999 20.816000 C
257 31 34.285999 15.723000 20.847000 C
258 31 34.660000 16.919001 21.306000 N
259 32 35.886002 18.124001 16.940001 N
260 32 35.487000 19.520000 16.813000 C
261 32 34.988998 20.055000 18.129999 C
262 32 34.172001 19.441999 18.822001 O
263 32 34.415001 19.705000 15.734000 C
264 32 33.771000 21.097000 15.809000 C
265 32 34.702000 22.121000 15.171000 C
266 32 32.455002 21.108000 15.047000 C
267 33 35.499001 21.180000 18.507999 N
268 33 35.064999 21.747999 19.773001 C
269 33 33.900002 22.719000 19.607000 C
270 33 32.903000 22.653000 20.334999 O
271 33 36.228001 22.424000 20.552999 C
272 33 37.257999 21.417999 21.077999 C
273 33 38.506001 22.174999 21.485001 C
274 33 36.702999 20.653000 22.273001 C
275 34 34.067001 23.649000 18.664000 N
276 34 33.074001 24.691000 18.427999 C
277 34 33.271999 25.363001 17.094999 C
278 34 34.387001 25.419001 16.597000 O
279 34 33.147999 25.799000 19.544001 C
280 34 32.119999 26.753000 19.392000 O
281 34 34.499001 26.520000 19.594999 C
282 35 32.192001 25.893000 16.535000 N
283 35 32.318001 26.629000 15.294000 C
284 35 32.493999 28.115999 15.594000 C
285 35 32.595001 28.964001 14.730000 O
286 35 31.177999 26.368999 14.344000 C
287 35 31.129000 24.896000 13.947000 C
288 35 29.976999 24.533001 13.022000 C
289 35 30.263000 23.292999 12.181000 2
90 35 29.294001 23.073999 11.089000 2
91 36 32.563999 28.429001 16.863001 N
292 36 32.741001 29.797001 17.264000 C
293 36 34.165001 30.247000 17.146000 C
294 36 35.124001 29.540001 17.414000 O
295 36 32.150002 30.105000 18.634001 C
296 36 32.855999 31.169001 19.243000 O
297 37 34.277000 31.489000 16.743999 N
298 37 35.527000 32.167000 16.513000 C
299 37 36.314999 32.442001 17.764999 C
300 37 37.463001 32.872002 17.700001 O
301 37 35.119999 33.506001 15.923000 C
302 37 33.650002 33.421001 15.550000 C
303 37 33.118000 32.129002 16.098000 C
304 38 35.689999 32.182999 18.903999 N
305 38 36.292000 32.457001 20.195999 C
306 38 37.095001 31.313000 20.785999 C
307 38 36.535999 30.252001 21.049000 O
308 38 35.203999 32.866001 21.198999 C
309 38 35.766998 32.951000 22.507999 O
310 39 38.380001 31.572001 21.056000 N
311 39 39.279999 30.598000 21.672001 C
312 39 38.814999 30.275999 23.073000 C
313 39 38.972000 29.171000 23.608000 O
314 39 40.750000 31.065001 21.698999 C
315 39 41.660999 30.063000 22.391001 C
316 39 41.469002 28.667999 21.815001 C
317 39 43.098999 30.483999 22.200001 C
318 40 38.224998 31.256001 23.691999 N
319 40 37.764000 30.985001 25.028999 C
320 40 36.583000 30.052999 25.007999 C
321 40 36.466999 29.155001 25.839001 O
322 40 37.487999 32.249001 25.850000 C
323 40 38.801998 32.909000 26.194000 C
324 40 39.807999 32.229000 26.480000 3
25 40 38.827999 34.230000 26.049000 3
26 41 35.713001 30.264000 24.052000 N
327 41 34.585999 29.384001 23.954000 C
328 41 35.090000 27.955999 23.732000 C
329 41 34.542000 26.997999 24.242001 O
330 41 33.688999 29.830000 22.833000 C
331 42 36.176998 27.834000 23.000000 N
332 42 36.763000 26.531000 22.702000 C
333 42 37.379002 25.913000 23.938999 C
334 42 37.264000 24.705000 24.190001 O
335 42 37.837002 26.660000 21.614000 C
336 43 38.062000 26.733999 24.726999 N
337 43 38.659000 26.212000 25.941000 C
338 43 37.569000 25.743000 26.898001 C
339 43 37.692001 24.726000 27.552999 O
340 43 39.516998 27.216999 26.638000 C
341 43 40.806999 27.417999 25.884001 C
342 43 41.525002 28.694000 26.268000 C
343 43 43.037998 28.611000 26.080000 C
344 43 43.787998 28.747999 27.341999 3
45 44 36.479000 26.459000 26.920000 N
346 44 35.367001 26.091000 27.773001 C
347 44 34.730999 24.771000 27.332001 C
348 44 34.424999 23.910000 28.146999 O
349 44 34.349998 27.233000 27.905001 C
350 44 33.109001 26.802000 28.429001 O
351 45 34.566002 24.584999 26.025000 N
352 45 34.012001 23.330000 25.530001 C
353 45 35.016998 22.225000 25.829000 C
354 45 34.647999 21.115999 26.198999 O
355 45 33.785000 23.368000 24.017000 C
356 45 32.602001 24.277000 23.610001 C
357 45 31.290001 23.701000 24.073000 C
358 45 31.024000 22.535000 23.983000 O
359 45 30.455000 24.566000 24.565001 O
360 46 36.326000 22.493999 25.684000 N
361 46 37.277000 21.421000 25.965000 C
362 46 37.175999 20.924999 27.407000 C
363 46 37.233002 19.729000 27.680000 O
364 46 38.722000 21.872999 25.691000 C
365 46 39.771000 20.806999 25.966999 C
366 46 39.466999 19.551001 25.180000 C
367 46 41.134998 21.367001 25.549000 C
368 47 37.061001 21.877001 28.344000 N
369 47 37.020000 21.541000 29.760000 C
370 47 35.797001 20.757000 30.091999 C
371 47 35.852001 19.799999 30.878000 O
372 47 37.105999 22.784000 30.646000 C
373 47 38.460999 23.479000 30.641001 C
374 47 39.522999 22.983999 30.247999 O
375 47 38.351002 24.677000 31.132000 O
376 48 34.700001 21.163000 29.465000 N
377 48 33.435001 20.468000 29.677999 C
378 48 33.500999 19.027000 29.091999 C
379 48 32.992001 18.089001 29.646000 O
380 48 32.354000 21.311001 29.037001 C
381 48 31.101999 20.605000 28.625999 C
382 48 29.917999 21.569000 28.479000 C
383 48 29.844000 22.281000 27.142000 C
384 48 29.462000 21.389999 26.042000 N
385 49 34.213001 18.832001 27.981001 N
386 49 34.305000 17.509001 27.358999 C
387 49 35.152000 16.521000 28.145000 C
388 49 34.835999 15.352000 28.212000 O
389 49 34.834000 17.643999 25.915001 C
390 50 36.245998 17.014000 28.705999 N
391 50 37.217999 16.229000 29.448000 C
392 50 36.877998 16.157000 30.927000 C
393 50 37.252998 15.230000 31.625999 O
394 50 38.626999 16.837999 29.306000 C
395 50 39.109001 16.753000 27.864000 C
396 50 39.623001 16.111000 30.208000 C
397 50 38.699001 15.438000 27.233000 C
398 51 36.201000 17.167999 31.410000 N
399 51 35.837002 17.177000 32.812000 C
400 51 36.918999 17.719000 33.735001 C
401 51 37.062000 17.268000 34.853001 O
402 52 37.682999 18.708000 33.292000 N
403 52 38.715000 19.282000 34.146000 C
404 52 39.202000 20.548000 33.514000 C
405 52 38.862000 20.785999 32.362000 O
406 52 39.827999 18.313999 34.465000 C
407 52 40.952999 18.323000 33.439999 C
408 52 41.881001 17.129000 33.603001 C
409 52 42.782001 16.936001 32.460999 N
410 52 43.626999 17.861000 32.014000 C
411 52 43.721001 19.051001 32.597000 N
412 52 44.401001 17.586000 30.958000 N
413 53 39.912998 21.386999 34.271999 N
414 53 40.414001 22.660999 33.743999 C
415 53 41.651001 22.309999 33.007000 C
416 53 42.632999 21.965000 33.641998 O
417 53 40.764000 23.653000 34.865002 C
418 53 40.099998 25.006001 34.667000 4
19 53 38.919998 25.188000 35.002998 4
20 53 40.842999 25.959999 34.104000 N
421 54 41.544998 22.289000 31.681000 N
422 54 42.629002 21.829000 30.832001 C
423 54 43.588001 22.879999 30.379999 C
424 54 44.727001 22.547001 30.028000 O
425 54 42.094002 21.174999 29.552999 C
426 54 41.472000 22.190001 28.753000 O
427 54 41.117001 20.052999 29.905001 C
428 55 43.118000 24.118000 30.292000 N
429 55 44.016998 25.139000 29.806000 C
430 55 44.401001 24.900000 28.336000 C
431 55 45.533001 25.167999 27.912001 O
432 55 45.265999 25.207001 30.709000 C
433 55 46.169998 26.414000 30.489000 4
34 55 45.703999 27.570000 30.295000 O
435 55 47.481998 26.139000 30.555000 N
436 56 43.439999 24.385000 27.566999 N
437 56 43.589001 24.136000 26.128000 C
438 56 44.480999 22.965000 25.745001 C
439 56 44.848999 22.784000 24.586000 O
440 57 44.845001 22.159000 26.705999 N
441 57 45.695000 21.018000 26.393999 C
442 57 45.111000 19.711000 26.931999 C
443 57 44.620998 19.684999 28.042000 O
444 57 47.044998 21.232000 27.046000 C
445 57 47.985001 20.091999 26.691999 C
446 57 47.604000 22.562000 26.580000 C
447 58 45.192001 18.617001 26.167999 N
448 58 44.688999 17.334999 26.629000 C
449 58 45.797001 16.316000 26.625999 C
450 58 46.787998 16.475000 25.934000 O
451 58 43.599998 16.851999 25.674999 C
452 59 45.647999 15.239000 27.363001 N
453 59 46.674999 14.246000 27.298000 C
454 59 46.264000 13.284000 26.209999 C
455 59 45.137001 13.335000 25.722000 O
456 59 46.766998 13.471000 28.613001 C
457 59 45.568001 12.723000 28.763000 O
458 59 46.889999 14.439000 29.768999 C
459 60 47.146999 12.353000 25.909000 N
460 60 46.914001 11.353000 24.882000 C
461 60 45.731998 10.456000 25.191999 C
462 60 44.879002 10.185000 24.343000 O
463 60 48.154999 10.536000 24.611000 C
464 60 47.976002 9.566000 23.445000 C
465 60 49.278000 8.921000 22.981001 4
66 60 49.097000 7.970000 21.802999 4
67 60 50.016998 8.240000 20.681000 4
68 61 45.669998 10.025000 26.445999 N
469 61 44.570000 9.197000 26.889000 C
470 61 43.224998 9.933000 26.722000 C
471 61 42.200001 9.340000 26.372999 O
472 61 44.740002 8.837000 28.379999 C
473 61 45.856998 7.869000 28.610001 C
474 61 46.359001 7.393000 27.500999 O
475 61 46.266998 7.580000 29.716000 4
76 62 43.219002 11.242000 27.065001 N
477 62 42.000999 12.041000 26.971001 C
478 62 41.551998 12.144000 25.509001 C
479 62 40.398998 11.951000 25.184000 O
480 62 42.264999 13.429000 27.525000 C
481 62 42.255001 13.396000 29.059000 C
482 62 42.734001 14.669000 29.672001 C
483 62 43.362999 15.523000 29.066000 O
484 62 42.403000 14.737000 30.927999 O
485 63 42.495998 12.440000 24.629000 N
486 63 42.207001 12.535000 23.202000 C
487 63 41.646000 11.221000 22.684000 C
488 63 40.686001 11.193000 21.896000 O
489 63 43.462002 12.922000 22.412001 C
490 64 42.257999 10.112000 23.122000 N
491 64 41.789001 8.797000 22.688999 C
492 64 40.407001 8.484000 23.216000 C
493 64 39.639000 7.820000 22.556999 O
494 64 42.775002 7.691000 23.032000 C
495 64 43.852001 7.677000 21.959000 C
496 64 44.977001 6.846000 22.410000 C
497 64 44.987999 6.300000 23.511999 O
498 64 45.917999 6.801000 21.511000 O
499 65 40.070000 9.016000 24.377001 N
500 65 38.745998 8.743000 24.868999 C
501 65 37.681000 9.491000 24.048000 C
502 65 36.612999 8.948000 23.671000 O
503 65 38.636002 9.077000 26.340000 C
504 65 37.331001 8.600000 26.978001 C
505 65 37.389000 8.622000 28.503000 C
506 65 36.118000 8.119000 29.167999 C
507 65 36.006001 8.547000 30.575001 N
508 66 37.987999 10.743000 23.719000 N
509 66 37.095001 11.537000 22.908001 C
510 66 36.914001 10.835000 21.580999 C
511 66 35.785000 10.793000 21.039000 O
512 66 37.653000 12.951000 22.621000 C
513 66 37.683998 13.834000 23.882999 C
514 66 38.134998 15.260000 23.579000 C
515 66 36.320000 13.923000 24.518999 C
516 67 38.007999 10.245000 21.099001 N
517 67 37.962002 9.533000 19.804001 C
518 67 37.036999 8.346000 19.872999 C
519 67 36.169998 8.164000 19.011999 O
520 67 39.360001 9.143000 19.379000 C
521 67 39.507000 8.525000 17.993999 C
522 67 38.784000 9.014000 16.902000 C
523 67 40.457001 7.518000 17.785000 C
524 67 38.952999 8.447000 15.635000 C
525 67 40.655998 6.947000 16.525999 C
526 67 39.894001 7.427000 15.458000 C
527 68 37.176998 7.532000 20.913000 N
528 68 36.269001 6.389000 21.040001 C
529 68 34.811001 6.853000 21.091999 C
530 68 33.909000 6.251000 20.523001 O
531 68 36.580002 5.576000 22.313999 C
532 68 37.792999 4.681000 22.153000 C
533 68 37.875000 3.954000 21.167000 O
534 68 38.723000 4.701000 23.125999 N
535 69 34.560001 7.922000 21.834999 N
536 69 33.216000 8.409000 21.931999 C
537 69 32.683998 8.840000 20.577999 C
538 69 31.535999 8.555000 20.231001 O
539 69 33.117001 9.603000 22.891001 C
540 69 33.317001 9.109000 24.327000 C
541 69 33.500999 10.223000 25.327000 C
542 69 33.584000 9.951000 26.521999 O
543 69 33.493999 11.463000 24.879999 N
544 70 33.513000 9.567000 19.806999 N
545 70 33.102001 10.067000 18.510000 C
546 70 32.834999 8.962000 17.475000 C
547 70 31.917999 9.075000 16.674000 O
548 70 34.133999 11.069000 17.943001 C
549 70 34.187000 12.346000 18.725000 C
550 70 33.294998 12.726000 19.440001 O
551 70 35.299000 12.980000 18.566999 O
552 71 33.639999 7.890000 17.487000 N
553 71 33.396999 6.813000 16.541000 C
554 71 32.094002 6.150000 16.882999 C
555 71 31.238001 5.911000 16.034000 O
556 71 34.540001 5.791000 16.493000 C
557 71 34.152000 4.642000 15.550000 C
558 71 35.837002 6.470000 16.028000 C
559 72 31.912001 5.893000 18.160999 N
560 72 30.676001 5.279000 18.614000 C
561 72 29.455000 6.111000 18.201000 C
562 72 28.458000 5.603000 17.697001 O
563 72 30.761999 5.066000 20.143999 C
564 72 29.735001 4.115000 20.709000 C
565 72 29.323999 3.192000 19.879999 O
566 72 29.363001 4.188000 21.848000 O
567 73 29.531000 7.413000 18.400000 N
568 73 28.454000 8.312000 18.048000 C
569 73 28.173000 8.297000 16.545000 C
570 73 27.021000 8.353000 16.121000 O
571 73 28.747999 9.738000 18.513000 C
572 74 29.233999 8.244000 15.742000 N
573 74 29.070000 8.214000 14.289000 C
574 74 28.283001 6.960000 13.885000 C
575 74 27.339001 7.042000 13.100000 O
576 74 30.398001 8.294000 13.547000 C
577 75 28.695000 5.817000 14.421000 N
578 75 27.993000 4.580000 14.086000 C
579 75 26.537001 4.654000 14.493000 C
580 75 25.629000 4.362000 13.709000 O
581 75 28.662001 3.361000 14.689000 C
582 75 27.820999 2.132000 14.312000 C
583 75 30.058001 3.250000 14.078000 C
584 76 26.327999 5.070000 15.747000 N
585 76 24.979000 5.174000 16.282000 C
586 76 24.132999 6.164000 15.490000 C
587 76 22.964001 5.931000 15.166000 O
588 76 24.923000 5.224000 17.827000 C
589 76 24.809000 3.800000 18.436001 C
590 76 25.322001 3.642000 19.878000 C
591 76 26.245001 4.712000 20.224001 N
592 76 26.048000 5.573000 21.216000 5
93 76 24.979000 5.481000 22.010000 5
94 76 26.944000 6.556000 21.419001 N
595 77 24.747999 7.229000 15.037000 N
596 77 24.018999 8.183000 14.195000 C
597 77 23.580999 7.567000 12.874000 C
598 77 22.490000 7.756000 12.392000 O
599 78 24.476999 6.845000 12.250000 N
600 78 24.169001 6.168000 11.016000 C
601 78 22.985001 5.224000 11.236000 C
602 78 22.028999 5.201000 10.472000 O
603 78 25.388000 5.330000 10.545000 C
604 78 26.434999 6.227000 9.890000 C
605 78 24.965000 4.259000 9.553000 C
606 78 27.757000 5.489000 9.631000 C
607 79 23.059000 4.420000 12.291000 N
608 79 22.003000 3.449000 12.530000 C
609 79 20.687000 4.055000 12.828000 C
610 79 19.688000 3.422000 12.601000 O
611 79 22.368999 2.435000 13.606000 C
612 79 23.632000 1.688000 13.194000 C
613 79 24.129999 0.820000 14.335000 C
614 79 23.358000 0.805000 11.981000 C
615 80 20.686001 5.261000 13.363000 N
616 80 19.410999 5.899000 13.670000 C
617 80 18.908001 6.693000 12.478000 C
618 80 17.809999 7.215000 12.495000 O
619 80 19.549000 6.884000 14.838000 C
620 80 20.030001 6.302000 16.170000 6
21 80 19.912001 7.315000 17.327000 6
22 80 21.084999 8.199000 17.493000 6
23 80 21.268999 9.428000 16.952999 6
24 80 20.374001 10.045000 16.166000 N
625 80 22.410000 10.063000 17.216000 6
26 81 19.732000 6.864000 11.462000 N
627 81 19.306000 7.683000 10.355000 C
628 81 18.604000 6.878000 9.251000 C
629 81 19.125999 5.913000 8.708000 O
630 81 20.485001 8.528000 9.857000 C
631 81 20.063000 9.434000 8.732000 C
632 81 19.646000 8.976000 7.665000 O
633 81 20.160000 10.733000 8.970000 N
634 82 17.379999 7.262000 8.924000 N
635 82 16.594999 6.538000 7.938000 C
636 82 17.173000 6.508000 6.543000 C
637 82 16.857000 5.629000 5.746000 O
638 82 15.202000 7.105000 7.872000 C
639 83 17.968000 7.500000 6.202000 N
640 83 18.541000 7.477000 4.884000 C
641 83 19.865999 6.750000 4.928000 C
642 83 20.311001 6.188000 3.949000 O
643 83 18.787001 8.856000 4.305000 C
644 83 17.535000 9.581000 3.858000 C
645 83 16.900000 10.380000 4.987000 6
46 83 15.462000 10.802000 4.689000 6
47 83 14.428000 9.899000 5.244000 6
48 84 20.517000 6.780000 6.076000 N
649 84 21.820999 6.150000 6.146000 C
650 84 21.813000 4.671000 6.452000 C
651 84 22.615999 3.908000 5.919000 O
652 84 22.771999 6.904000 7.098000 C
653 84 23.051001 8.346000 6.668000 C
654 84 23.903000 9.063000 7.715000 C
655 84 23.778000 8.379000 5.338000 C
656 85 20.966999 4.277000 7.361000 N
657 85 20.962999 2.908000 7.771000 C
658 85 20.884001 1.870000 6.658000 C
659 85 21.614000 0.894000 6.639000 O
660 85 19.877001 2.706000 8.801000 C
661 85 19.929001 1.312000 9.389000 C
662 85 19.002001 1.152000 10.582000 C
663 85 19.101999 -0.229000 11.186000 C
664 85 18.650999 -1.245000 10.239000 N
665 86 19.983000 2.059000 5.725000 N
666 86 19.840000 1.070000 4.687000 C
667 86 21.090000 0.947000 3.862000 C
668 86 21.465000 -0.138000 3.433000 O
669 86 18.653999 1.482000 3.824000 C
670 86 18.056000 2.705000 4.490000 C
671 86 19.009001 3.144000 5.589000 C
672 87 21.789000 2.047000 3.672000 N
673 87 23.037001 1.948000 2.893000 C
674 87 24.094000 1.150000 3.639000 C
675 87 24.721001 0.246000 3.138000 O
676 87 23.575001 3.346000 2.569000 C
677 87 24.877001 3.250000 1.742000 C
678 87 22.475000 4.123000 1.815000 C
679 88 24.263000 1.515000 4.881000 N
680 88 25.230000 0.890000 5.760000 C
681 88 24.958000 -0.596000 5.819000 C
682 88 25.878000 -1.423000 5.708000 O
683 88 25.056000 1.510000 7.180000 C
684 88 26.073000 1.016000 8.183000 C
685 88 27.308001 1.651000 8.260000 C
686 88 25.792999 -0.037000 9.056000 C
687 88 28.252001 1.252000 9.206000 C
688 88 26.757999 -0.503000 9.948000 C
689 88 27.987000 0.163000 10.031000 C
690 88 28.959999 -0.231000 10.917000 O
691 89 23.674000 -0.938000 6.017000 N
692 89 23.341000 -2.361000 6.115000 C
693 89 23.698000 -3.119000 4.861000 C
694 89 23.997000 -4.312000 4.907000 O
695 89 21.844000 -2.581000 6.395000 C
696 89 21.472000 -2.395000 7.850000 C
697 89 22.496000 -2.348000 8.661000 O
698 89 20.334999 -2.267000 8.207000 O
699 90 23.646000 -2.442000 3.719000 N
700 90 23.903000 -3.139000 2.475000 C
701 90 25.356001 -3.347000 2.141000 C
702 90 25.701000 -4.123000 1.235000 O
703 90 23.242001 -2.363000 1.331000 C
704 90 24.010000 -1.217000 0.981000 O
705 91 26.237000 -2.619000 2.816000 N
706 91 27.646000 -2.657000 2.475000 C
707 91 28.431999 -3.726000 3.208000 C
708 91 28.023001 -4.193000 4.290000 O
709 91 28.291000 -1.292000 2.854000 C
710 91 27.761000 -0.061000 2.071000 C
711 91 28.222000 1.262000 2.716000 C
712 91 28.275999 -0.085000 0.634000 C
713 92 29.599001 -4.059000 2.632000 N
714 92 30.555000 -4.983000 3.232000 C
715 92 31.341999 -4.209000 4.298000 C
716 92 31.207001 -3.005000 4.419000 O
717 92 31.538000 -5.504000 2.198000 C
718 92 32.259998 -4.381000 1.513000 C
719 92 31.591000 -3.918000 0.485000 O
720 92 33.317001 -3.912000 1.929000 O
721 93 32.157001 -4.894000 5.091000 N
722 93 32.835999 -4.278000 6.211000 C
723 93 33.773998 -3.099000 5.892000 C
724 93 33.826000 -2.090000 6.618000 O
725 93 33.424999 -5.353000 7.119000 C
726 94 34.533001 -3.240000 4.824000 N
727 94 35.449001 -2.213000 4.428000 C
728 94 34.706001 -0.979000 4.001000 C
729 94 34.999001 0.141000 4.428000 O
730 94 36.380001 -2.721000 3.345000 C
731 94 37.342999 -1.607000 2.954000 C
732 94 37.178001 -3.883000 3.928000 C
733 95 33.706001 -1.164000 3.168000 N
734 95 32.951000 0.004000 2.703000 C
735 95 32.216999 0.646000 3.827000 C
736 95 32.028000 1.855000 3.866000 O
737 95 32.039001 -0.330000 1.515000 C
738 95 32.812000 -0.714000 0.269000 C
739 95 31.861000 -0.954000 -0.920000 C
740 95 32.570999 -1.061000 -2.191000 N
741 95 33.040001 -2.215000 -2.694000 C
742 95 32.914001 -3.371000 -2.035000 N
743 95 33.671001 -2.223000 -3.881000 N
744 96 31.790001 -0.156000 4.786000 N
745 96 31.125999 0.439000 5.959000 C
746 96 32.050999 1.450000 6.632000 C
747 96 31.589001 2.495000 7.081000 O
748 96 30.697001 -0.585000 7.012000 C
749 96 29.403000 -1.270000 6.603000 C
750 96 28.958000 -2.400000 7.570000 C
751 96 27.809999 -3.123000 6.989000 N
752 96 27.232000 -4.197000 7.481000 C
753 96 27.653999 -4.713000 8.626000 N
754 96 26.209000 -4.753000 6.802000 N
755 97 33.338001 1.108000 6.715000 N
756 97 34.273998 2.004000 7.337000 C
757 97 34.365002 3.294000 6.549000 C
758 97 34.493000 4.385000 7.106000 O
759 97 35.639999 1.361000 7.456000 C
760 98 34.242001 3.210000 5.235000 N
761 98 34.290001 4.440000 4.435000 C
762 98 33.144001 5.377000 4.768000 C
763 98 33.285000 6.606000 4.819000 O
764 98 34.277000 4.140000 2.934000 C
765 99 31.978001 4.799000 4.955000 N
766 99 30.771999 5.580000 5.284000 C
767 99 30.907000 6.190000 6.670000 C
768 99 30.525000 7.341000 6.890000 O
769 99 29.492001 4.693000 5.218000 C
770 99 28.157000 5.432000 5.282000 C
771 99 28.013000 6.393000 4.118000 C
772 99 27.009001 4.420000 5.202000 C
773 100 31.481001 5.444000 7.610000 N
774 100 31.676001 5.984000 8.958000 C
775 100 32.624001 7.200000 8.898000 C
776 100 32.372002 8.276000 9.472000 O
777 100 32.208000 4.929000 9.931000 C
778 100 31.209999 3.768000 10.084000 C
779 100 32.548000 5.596000 11.283000 C
780 100 31.847000 2.555000 10.762000 C
781 101 33.702000 7.052000 8.146000 N
782 101 34.664001 8.125000 7.975000 C
783 101 33.973999 9.385000 7.480000 C
784 101 34.183998 10.468000 8.020000 O
785 101 35.715000 7.665000 6.954000 C
786 101 36.933998 8.557000 6.845000 C
787 101 36.806000 9.776000 6.681000 O
788 101 38.111000 7.960000 6.949000 N
789 102 33.141998 9.252000 6.428000 N
790 102 32.445000 10.439000 5.926000 C
791 102 31.566000 11.078000 7.012000 C
792 102 31.499001 12.297000 7.149000 O
793 102 31.551001 10.167000 4.696000 C
794 102 32.327999 9.887000 3.426000 C
795 102 31.148001 9.559000 2.095000 S
796 102 30.695000 11.245000 1.664000 C
797 103 30.851999 10.248000 7.776000 N
798 103 29.959000 10.798000 8.822000 C
799 103 30.774000 11.475000 9.912000 C
800 103 30.433001 12.526000 10.409000 O
801 103 28.993999 9.769000 9.407000 C
802 103 28.209000 10.426000 10.537000 C
803 103 27.996000 9.313000 8.346000 C
804 104 31.902000 10.894000 10.241000 N
805 104 32.750000 11.476000 11.244000 C
806 104 33.221001 12.875000 10.829000 C
807 104 33.270000 13.818000 11.585000 O
808 104 33.938999 10.497000 11.415000 C
809 104 34.908001 10.887000 12.516000 C
810 104 35.851002 11.888000 12.303000 C
811 104 34.874001 10.244000 13.752000 C
812 104 36.766998 12.207000 13.310000 C
813 104 35.771000 10.566000 14.768000 C
814 104 36.715000 11.567000 14.549000 C
815 105 33.551998 13.043000 9.567000 N
816 105 34.063999 14.311000 9.083000 C
817 105 32.988998 15.392000 8.905000 C
818 105 33.159000 16.559999 9.254000 O
819 105 34.792999 14.055000 7.729000 C
820 105 35.446999 15.355000 7.176000 C
821 105 36.111000 15.225000 5.804000 C
822 105 36.109001 14.168000 5.171000 O
823 105 36.694000 16.311001 5.342000 N
824 106 31.882999 15.018000 8.279000 N
825 106 30.832001 15.979000 7.958000 C
826 106 29.466999 15.838000 8.621000 C
827 106 28.579000 16.618999 8.353000 O
828 106 30.752001 16.254999 6.433000 C
829 106 30.353001 15.145000 5.495000 C
830 106 30.954000 15.514000 3.814000 S
831 106 30.954000 13.887000 3.048000 C
832 107 29.281000 14.865000 9.496000 N
833 107 28.009001 14.738000 10.159000 C
834 107 26.964001 13.995000 9.348000 C
835 107 27.020000 13.889000 8.139000 O
836 108 26.018999 13.462000 10.091000 N
837 108 24.916000 12.688000 9.591000 C
838 108 24.179001 13.405000 8.484000 C
839 108 23.787001 12.865000 7.450000 O
840 108 23.914000 12.582000 10.754000 C
841 108 23.643999 11.179000 11.267000 C
842 108 22.358000 11.156000 12.043000 C
843 108 21.264000 11.232000 11.513000 O
844 108 22.540001 11.099000 13.341000 8
45 109 23.874001 14.646000 8.797000 N
846 109 23.128000 15.475000 7.889000 C
847 109 23.844000 15.671000 6.568000 C
848 109 23.247000 15.480000 5.499000 O
849 109 22.757000 16.823000 8.551000 C
850 109 22.155001 16.556000 9.794000 O
851 109 21.764000 17.600000 7.693000 C
852 110 25.125999 16.059999 6.686000 N
853 110 25.980000 16.305000 5.564000 C
854 110 25.944000 15.114000 4.633000 C
855 110 25.639999 15.255000 3.477000 O
856 111 26.242001 13.934000 5.155000 N
857 111 26.305000 12.737000 4.337000 C
858 111 24.947001 12.291000 3.820000 C
859 111 24.809999 11.831000 2.703000 O
860 111 26.929001 11.609000 5.107000 C
861 111 26.940001 10.364000 4.227000 C
862 111 28.327999 12.013000 5.545000 C
863 112 23.934000 12.425000 4.647000 N
864 112 22.606001 12.016000 4.236000 C
865 112 22.156000 12.820000 3.005000 C
866 112 21.281000 12.422000 2.238000 O
867 112 21.634001 12.143000 5.427000 C
868 113 22.792999 13.965000 2.784000 N
869 113 22.483000 14.799000 1.618000 C
870 113 23.076000 14.311000 0.274000 8
71 113 22.753000 14.820000 -0.799000 O
872 114 23.974001 13.348000 0.318000 N
873 114 24.558001 12.836000 -0.905000 C
874 114 23.586000 11.806000 -1.462000 C
875 114 23.947001 10.671000 -1.707000 O
876 114 25.892000 12.159000 -0.554000 C
877 114 27.097000 13.075000 -0.402000 C
878 114 27.176001 14.013000 0.622000 C
879 114 28.163000 13.009000 -1.297000 C
880 114 28.274000 14.861000 0.754000 C
881 114 29.281000 13.835000 -1.182000 C
882 114 29.334000 14.762000 -0.143000 C
883 115 22.351999 12.219000 -1.663000 N
884 115 21.318001 11.343000 -2.135000 C
885 115 21.660999 10.453000 -3.279000 C
886 115 21.420000 9.268000 -3.251000 O
887 115 20.097000 12.139000 -2.607000 C
888 115 19.747000 13.047000 -1.614000 O
889 115 18.955999 11.158000 -2.755000 C
890 116 22.139999 11.055000 -4.343000 N
891 116 22.455999 10.269000 -5.512000 C
892 116 23.566000 9.247000 -5.295000 C
893 116 23.499001 8.128000 -5.805000 O
894 116 22.691999 11.143000 -6.770000 C
895 116 21.504000 12.068000 -7.030000 C
896 116 20.356001 11.630000 -6.963000 O
897 116 21.750999 13.350000 -7.279000 N
898 117 24.608000 9.649000 -4.571000 N
899 117 25.729000 8.743000 -4.331000 C
900 117 25.299000 7.550000 -3.489000 C
901 117 25.723000 6.420000 -3.719000 O
902 117 26.837000 9.443000 -3.576000 C
903 117 27.306000 10.545000 -4.306000 O
904 118 24.474001 7.847000 -2.478000 N
905 118 23.948999 6.830000 -1.552000 C
906 118 23.167000 5.777000 -2.317000 C
907 118 23.305000 4.579000 -2.100000 O
908 118 23.114000 7.428000 -0.363000 C
909 118 23.896000 8.365000 0.604000 C
910 118 22.933001 9.033000 1.583000 C
911 118 24.930000 7.604000 1.432000 C
912 119 22.365999 6.226000 -3.264000 N
913 119 21.598000 5.279000 -4.052000 C
914 119 22.532000 4.412000 -4.867000 C
915 119 22.363001 3.190000 -4.992000 O
916 119 20.702000 6.057000 -4.991000 C
917 119 19.760000 5.213000 -5.838000 C
918 119 18.944000 6.048000 -6.847000 C
919 119 18.313999 7.272000 -6.296000 9
20 119 17.813000 7.432000 -5.045000 9
21 119 17.877001 6.482000 -4.105000 9
22 119 17.236000 8.598000 -4.730000 9
23 120 23.549999 5.043000 -5.457000 N
924 120 24.462999 4.252000 -6.245000 C
925 120 25.214001 3.284000 -5.373000 C
926 120 25.551001 2.178000 -5.774000 O
927 120 25.452000 5.088000 -7.048000 C
928 120 24.811001 5.768000 -8.249000 C
929 120 25.888000 7.122000 -8.766000 S
930 120 24.851999 7.986000 -9.963000 C
931 121 25.542999 3.707000 -4.163000 N
932 121 26.281000 2.769000 -3.333000 C
933 121 25.351000 1.591000 -2.988000 C
934 121 25.722000 0.429000 -2.962000 O
935 121 26.791000 3.468000 -2.059000 C
936 121 27.933001 4.474000 -2.258000 C
937 121 28.089001 5.200000 -0.913000 C
938 121 29.224001 3.733000 -2.538000 C
939 122 24.122000 1.914000 -2.674000 N
940 122 23.208000 0.872000 -2.315000 C
941 122 23.039000 -0.139000 -3.448000 C
942 122 22.850000 -1.339000 -3.215000 O
943 122 21.877001 1.498000 -1.915000 C
944 122 20.938000 0.463000 -1.303000 C
945 122 19.959999 1.136000 -0.380000 C
946 122 20.077999 2.342000 -0.113000 O
947 122 18.992001 0.365000 0.101000 9
48 123 23.132000 0.365000 -4.682000 N
949 123 23.000000 -0.447000 -5.876000 C
950 123 24.254999 -1.191000 -6.235000 C
951 123 24.212999 -1.984000 -7.167000 O
952 123 22.570999 0.388000 -7.074000 C
953 123 21.084999 0.760000 -6.987000 C
954 123 20.593000 1.516000 -8.198000 C
955 123 19.898001 0.955000 -9.051000 9
56 123 20.985001 2.778000 -8.291000 N
957 124 25.370001 -0.901000 -5.531000 N
958 124 26.649000 -1.532000 -5.798000 C
959 124 27.252001 -1.169000 -7.143000 C
960 124 28.014000 -1.956000 -7.762000 O
961 124 26.674999 -3.046000 -5.543000 C
962 124 26.195000 -3.389000 -4.106000 C
963 124 26.525999 -4.828000 -3.707000 C
964 124 26.107000 -5.165000 -2.277000 C
965 124 26.702000 -4.271000 -1.297000 N
966 125 26.951000 0.061000 -7.539000 N
967 125 27.490999 0.632000 -8.773000 C
968 125 28.708000 1.467000 -8.382000 C
969 125 28.666000 2.709000 -8.317000 O
970 125 26.466000 1.496000 -9.479000 C
971 125 25.232000 0.739000 -9.982000 C
972 125 24.155001 1.764000 -10.328000 C
973 125 23.302000 1.414000 -11.446000 N
974 125 22.552000 0.315000 -11.469000 9
75 125 22.542000 -0.572000 -10.467000 9
76 125 21.790001 0.094000 -12.534000 N
977 126 29.785999 0.748000 -8.069000 N
978 126 31.007999 1.357000 -7.538000 C
979 126 31.646000 2.500000 -8.314000 C
980 126 31.919001 3.582000 -7.776000 O
981 126 32.043999 0.333000 -7.020000 C
982 126 31.452000 -0.824000 -6.242000 C
983 126 31.606001 -2.136000 -6.575000 C
984 126 30.624001 -0.811000 -5.071000 C
985 126 30.938000 -2.930000 -5.706000 N
986 126 30.357000 -2.155000 -4.744000 C
987 126 30.132999 0.185000 -4.251000 C
988 126 29.617001 -2.531000 -3.621000 C
989 126 29.389999 -0.180000 -3.151000 C
990 126 29.125999 -1.528000 -2.836000 C
991 127 31.934999 2.244000 -9.562000 N
992 127 32.567001 3.258000 -10.354000 C
993 127 31.670000 4.456000 -10.514000 C
994 127 32.144001 5.591000 -10.445000 O
995 127 33.124001 2.686000 -11.693000 C
996 127 34.341000 1.772000 -11.520000 C
997 127 34.652000 1.207000 -10.494000 O
998 127 35.048000 1.658000 -12.596000 O
999 128 30.358000 4.234000 -10.672000 N
1000 128 29.492001 5.371000 -10.825000 C
1001 128 29.415001 6.195000 -9.555000 C
1002 128 29.326000 7.430000 -9.560000 O
1003 128 28.080000 5.025000 -11.319000 C
1004 128 28.129999 4.168000 -12.602000 C
1005 128 27.000999 3.167000 -12.701000 C
1006 128 25.847000 3.693000 -13.058000 O
1007 128 27.142000 1.988000 -12.462000 1
8 129 29.386999 5.506000 -8.441000 N
1009 129 29.285000 6.231000 -7.189000 C
1010 129 30.497999 7.116000 -6.969000 C
1011 129 30.400000 8.221000 -6.469000 O
1012 129 29.174999 5.230000 -6.047000 C
1013 130 31.648001 6.581000 -7.320000 N
1014 130 32.907001 7.247000 -7.125000 C
1015 130 32.943001 8.514000 -7.934000 C
1016 130 33.441002 9.536000 -7.488000 O
1017 130 34.035000 6.310000 -7.498000 C
1018 131 32.398998 8.441000 -9.137000 N
1019 131 32.354000 9.620000 -9.962000 C
1020 131 31.443001 10.680000 -9.348000 C
1021 131 31.778000 11.846000 -9.241000 O
1022 131 31.926001 9.287000 -11.395000 C
1023 131 31.603001 10.572000 -12.135000 C
1024 131 33.080002 8.586000 -12.109000 C
1025 132 30.270000 10.262000 -8.916000 N
1026 132 29.337000 11.184000 -8.298000 C
1027 132 29.877001 11.769000 -6.977000 C
1028 132 29.702999 12.950000 -6.657000 O
1029 132 27.955999 10.500000 -8.077000 C
1030 132 26.886000 11.456000 -7.613000 C
1031 132 26.643000 11.626000 -6.407000 O
1032 132 26.278999 12.176000 -8.556000 N
1033 133 30.563000 10.943000 -6.185000 N
1034 133 31.062000 11.460000 -4.910000 C
1035 133 32.033001 12.599000 -5.116000 C
1036 133 32.152000 13.502000 -4.289000 O
1037 133 31.761000 10.336000 -4.075000 C
1038 133 30.792000 9.375000 -3.319000 C
1039 133 31.493999 8.074000 -2.894000 C
1040 133 30.174000 10.068000 -2.118000 C
1041 134 32.773998 12.520000 -6.207000 N
1042 134 33.804001 13.522000 -6.483000 C
1043 134 33.262001 14.876000 -6.892000 C
1044 134 34.000000 15.856000 -6.842000 O
1045 134 34.796001 12.973000 -7.486000 C
1046 135 32.000000 14.927000 -7.330000 N
1047 135 31.360001 16.202999 -7.721000 C
1048 135 30.777000 16.854000 -6.461000 C
1049 135 29.563999 16.889999 -6.248000 O
1050 135 30.226999 16.014999 -8.760000 C
1051 135 30.639999 15.168000 -9.967000 C
1052 135 29.768000 15.492000 -11.173000 C
1053 135 29.282000 14.291000 -11.970000 C
1054 135 27.979000 14.532000 -12.635000 N
1055 136 31.652000 17.301001 -5.567000 N
1056 136 31.174000 17.805000 -4.321000 C
1057 136 32.140999 18.818001 -3.745000 C
1058 136 33.359001 18.799999 -4.025000 O
1059 136 31.061001 16.628000 -3.320000 C
1060 136 32.341000 15.983000 -3.135000 O
1061 137 31.635000 19.663000 -2.864000 N
1062 137 32.571999 20.590000 -2.208000 C
1063 137 33.616001 19.818001 -1.394000 C
1064 137 34.806000 20.174000 -1.321000 O
1065 137 31.823000 21.548000 -1.279000 C
1066 137 32.778999 22.346001 -0.403000 C
1067 137 32.050999 23.301001 0.534000 C
1068 137 32.908001 24.367001 1.070000 N
1069 137 33.625000 24.239000 2.188000 C
1070 137 33.602001 23.117001 2.898000 N
1071 137 34.381001 25.254999 2.615000 N
1072 138 33.150002 18.737000 -0.758000 N
1073 138 33.992001 17.844999 0.047000 C
1074 138 35.264999 17.444000 -0.683000 C
1075 138 36.389999 17.618999 -0.217000 O
1076 138 33.164001 16.584000 0.365000 C
1077 138 33.942001 15.466000 0.976000 C
1078 138 34.615002 15.502000 2.171000 C
1079 138 34.021000 14.110000 0.492000 C
1080 138 35.157001 14.263000 2.442000 N
1081 138 34.748001 13.367000 1.458000 C
1082 138 33.467999 13.468000 -0.612000 C
1083 138 34.995998 11.995000 1.309000 C
1084 138 33.695999 12.120000 -0.746000 C
1085 138 34.480000 11.406000 0.188000 C
1086 139 35.084999 16.938999 -1.910000 N
1087 139 36.216000 16.511999 -2.712000 C
1088 139 37.109001 17.669001 -3.079000 C
1089 139 38.325001 17.528999 -3.068000 O
1090 139 35.712002 15.846000 -4.004000 C
1091 139 36.794998 15.405000 -4.945000 C
1092 139 37.396999 14.160000 -4.791000 C
1093 139 37.206001 16.229000 -5.993000 C
1094 139 38.382999 13.717000 -5.673000 C
1095 139 38.196999 15.806000 -6.878000 C
1096 139 38.784000 14.552000 -6.712000 C
1097 139 39.762001 14.143000 -7.565000 O
1098 140 36.500000 18.799999 -3.458000 N
1099 140 37.306999 19.961000 -3.877000 C
1100 140 38.063999 20.605000 -2.718000 C
1101 140 39.152000 21.110001 -2.892000 O
1102 140 36.411999 20.996000 -4.570000 C
1103 140 36.061001 20.555000 -5.959000 C
1104 140 34.959999 20.061001 -6.215000 O
1105 140 37.041000 20.657000 -6.852000 N
1106 141 37.494999 20.587000 -1.506000 N
1107 141 38.187000 21.188999 -0.354000 C
1108 141 39.234001 20.275000 0.262000 C
1109 141 40.318001 20.719000 0.679000 O
1110 141 37.183998 21.652000 0.731000 C
1111 141 36.229000 22.708000 0.163000 C
1112 141 36.910999 23.986000 -0.338000 C
1113 141 36.571999 24.514000 -1.415000 O
1114 141 37.848000 24.513000 0.455000 N
1115 142 38.932999 18.969000 0.363000 N
1116 142 39.930000 18.065001 0.932000 C
1117 142 40.057999 16.902000 -0.032000 C
1118 142 39.640999 15.786000 0.254000 O
1119 142 39.547001 17.542000 2.339000 C
1120 142 38.201000 17.049999 2.322000 O
1121 142 39.648998 18.648001 3.391000 C
1122 143 40.721001 17.155001 -1.140000 N
1123 143 40.867001 16.136000 -2.186000 C
1124 143 41.688999 14.892000 -1.801000 C
1125 143 41.380001 13.781000 -2.204000 O
1126 143 41.528999 16.850000 -3.379000 C
1127 143 42.118999 18.153999 -2.814000 C
1128 143 41.459000 18.410000 -1.463000 C
1129 144 42.762001 15.040000 -1.052000 N
1130 144 43.534000 13.833000 -0.783000 C
1131 144 42.786999 12.859000 0.095000 C
1132 144 42.817001 11.661000 -0.131000 O
1133 144 44.924000 14.121000 -0.207000 C
1134 144 45.834000 14.786000 -1.254000 C
1135 144 45.737999 14.542000 -2.470000 O
1136 144 46.734001 15.613000 -0.778000 N
1137 145 42.148998 13.397000 1.112000 N
1138 145 41.375000 12.570000 1.985000 C
1139 145 40.172001 12.023000 1.211000 C
1140 145 39.854000 10.828000 1.286000 O
1141 145 40.868999 13.349000 3.202000 C
1142 145 39.786999 12.534000 3.925000 C
1143 145 39.424999 13.105000 5.238000 C
1144 145 38.702999 12.198000 6.108000 N
1145 145 38.570999 12.631000 7.331000 C
1146 145 39.098000 13.787000 7.635000 N
1147 145 37.916000 11.950000 8.252000 N
1148 146 39.465000 12.902000 0.484000 N
1149 146 38.333000 12.407000 -0.262000 C
1150 146 38.740002 11.289000 -1.235000 C
1151 146 38.021000 10.295000 -1.403000 O
1152 146 37.598999 13.503000 -0.997000 C
1153 147 39.890999 11.440000 -1.919000 N
1154 147 40.334000 10.392000 -2.823000 C
1155 147 40.518002 9.078000 -2.083000 C
1156 147 40.237000 7.984000 -2.620000 O
1157 147 41.645000 10.717000 -3.523000 C
1158 147 41.467999 11.854000 -4.497000 C
1159 147 42.693001 12.176000 -5.331000 C
1160 147 42.455002 13.409000 -6.195000 C
1161 147 43.578999 13.745000 -7.081000 1
162 148 41.016998 9.149000 -0.846000 N
1163 148 41.237999 7.882000 -0.111000 C
1164 148 39.921001 7.187000 0.191000 C
1165 148 39.741001 5.979000 -0.020000 O
1166 148 42.035000 8.050000 1.177000 C
1167 148 43.477001 8.458000 0.951000 C
1168 148 44.290001 8.283000 2.201000 C
1169 148 43.969002 9.331000 3.152000 N
1170 148 44.569000 10.536000 3.153000 C
1171 148 45.498001 10.825000 2.235000 N
1172 148 44.263000 11.452000 4.052000 N
1173 149 38.963001 7.969000 0.670000 N
1174 149 37.652000 7.393000 0.992000 C
1175 149 36.939999 6.848000 -0.260000 C
1176 149 36.355000 5.744000 -0.267000 O
1177 149 36.833000 8.434000 1.729000 C
1178 149 35.395000 7.975000 1.996000 C
1179 149 37.570000 8.722000 3.042000 C
1180 150 37.008999 7.646000 -1.342000 N
1181 150 36.405998 7.251000 -2.616000 C
1182 150 36.973999 5.942000 -3.129000 C
1183 150 36.243999 5.064000 -3.543000 O
1184 150 36.433998 8.373000 -3.686000 C
1185 150 35.484001 9.514000 -3.285000 C
1186 150 35.999001 7.792000 -5.034000 C
1187 150 35.641998 10.774000 -4.127000 C
1188 151 38.287998 5.808000 -3.089000 N
1189 151 38.943001 4.584000 -3.564000 C
1190 151 38.513000 3.413000 -2.770000 C
1191 151 38.438000 2.292000 -3.262000 O
1192 151 40.464001 4.683000 -3.404000 C
1193 151 40.904999 5.671000 -4.300000 O
1194 151 41.102001 3.352000 -3.748000 C
1195 152 38.269001 3.694000 -1.509000 N
1196 152 37.823002 2.661000 -0.592000 C
1197 152 36.422001 2.189000 -1.017000 C
1198 152 36.140999 0.984000 -1.065000 O
1199 152 37.858002 3.161000 0.878000 C
1200 152 39.172001 3.546000 1.200000 O
1201 152 37.487000 2.033000 1.789000 C
1202 153 35.534000 3.129000 -1.338000 N
1203 153 34.209000 2.713000 -1.781000 C
1204 153 34.280998 2.003000 -3.139000 C
1205 153 33.535000 1.077000 -3.449000 O
1206 153 33.332001 3.959000 -1.963000 C
1207 153 32.653000 4.471000 -0.719000 C
1208 153 31.830000 3.644000 0.048000 C
1209 153 32.778999 5.812000 -0.349000 C
1210 153 31.158001 4.141000 1.168000 C
1211 153 32.099998 6.326000 0.760000 C
1212 153 31.309999 5.478000 1.536000 C
1213 154 35.176998 2.470000 -3.983000 N
1214 154 35.306999 1.893000 -5.297000 C
1215 154 35.801998 0.466000 -5.294000 C
1216 154 35.264999 -0.369000 -6.024000 O
1217 154 36.207001 2.725000 -6.221000 C
1218 154 36.032001 2.390000 -7.712000 C
1219 154 36.824001 3.328000 -8.651000 C
1220 154 38.124001 3.659000 -8.083000 1
221 154 39.183998 2.848000 -8.151000 1
222 154 39.130001 1.668000 -8.777000 1
223 154 40.332001 3.228000 -7.585000 N
1224 155 36.855000 0.203000 -4.504000 N
1225 155 37.498001 -1.110000 -4.496000 C
1226 155 37.099998 -2.073000 -3.405000 C
1227 155 37.339001 -3.266000 -3.518000 O
1228 155 39.032001 -0.999000 -4.404000 C
1229 155 39.438000 -0.458000 -3.145000 O
1230 155 39.551998 -0.167000 -5.546000 C
1231 156 36.599998 -1.573000 -2.297000 N
1232 156 36.303001 -2.442000 -1.202000 C
1233 156 37.577000 -3.023000 -0.561000 C
1234 156 37.519001 -4.053000 0.080000 O
1235 157 38.737000 -2.375000 -0.717000 N
1236 157 39.967999 -2.822000 -0.081000 C
1237 157 40.550999 -1.623000 0.671000 C
1238 157 40.062000 -0.523000 0.545000 O
1239 157 41.001999 -3.154000 -1.139000 C
1240 157 41.327000 -1.939000 -1.787000 O
1241 157 40.390999 -4.118000 -2.136000 C
1242 158 41.631001 -1.812000 1.414000 N
1243 158 42.242001 -0.717000 2.148000 C
1244 158 43.435001 -0.177000 1.401000 C
1245 158 44.291000 0.468000 1.970000 O
1246 158 42.762001 -1.255000 3.489000 C
1247 158 41.709999 -1.696000 4.446000 C
1248 158 41.463001 -2.974000 4.815000 C
1249 158 40.804001 -0.868000 5.214000 C
1250 158 40.444000 -3.008000 5.733000 N
1251 158 40.034000 -1.728000 6.012000 C
1252 158 40.589001 0.506000 5.315000 C
1253 158 39.051998 -1.262000 6.894000 C
1254 158 39.651001 0.958000 6.212000 C
1255 158 38.862999 0.083000 6.959000 C
1256 159 43.528999 -0.496000 0.122000 N
1257 159 44.719002 -0.092000 -0.631000 C
1258 159 45.147999 1.367000 -0.513000 C
1259 159 46.327999 1.660000 -0.509000 O
1260 159 44.659000 -0.513000 -2.093000 C
1261 159 44.525002 -2.007000 -2.303000 1
262 159 45.042999 -2.729000 -1.348000 O
1263 159 43.994999 -2.496000 -3.275000 O
1264 160 44.189999 2.272000 -0.386000 N
1265 160 44.495998 3.690000 -0.322000 C
1266 160 45.158001 4.061000 0.965000 C
1267 160 45.721001 5.131000 1.069000 O
1268 160 43.257000 4.566000 -0.514000 C
1269 161 45.058998 3.189000 1.948000 N
1270 161 45.599998 3.491000 3.264000 C
1271 161 46.877998 2.754000 3.530000 C
1272 161 47.448002 2.901000 4.604000 O
1273 161 44.577999 3.193000 4.377000 C
1274 161 43.509998 4.229000 4.384000 C
1275 161 42.377998 4.069000 3.602000 C
1276 161 43.653999 5.391000 5.136000 C
1277 161 41.414001 5.076000 3.564000 C
1278 161 42.695000 6.404000 5.116000 C
1279 161 41.551998 6.225000 4.337000 C
1280 161 40.563999 7.200000 4.299000 O
1281 162 47.331001 1.963000 2.563000 N
1282 162 48.577999 1.233000 2.745000 C
1283 162 49.702999 1.834000 1.918000 C
1284 162 50.741001 2.221000 2.465000 O
1285 162 48.431999 -0.258000 2.543000 C
1286 162 47.250000 -0.821000 3.334000 C
1287 162 47.063000 -2.334000 3.207000 1
288 162 46.453999 -2.776000 1.878000 1
289 162 45.391998 -3.789000 2.025000 N
