366
1 1 6.009 7.501 -13.738 O
2 1 5.971 8.717 -14.473 C
3 1 7.121 9.623 -14.038 C
4 1 6.724 10.960 -14.342 O
5 1 7.415 9.614 -12.521 C
6 1 8.753 10.039 -12.305 O
7 1 6.547 10.744 -12.051 C
8 1 6.760 11.745 -13.148 C
9 1 5.713 12.752 -13.224 N
10 1 4.368 12.599 -13.079 C
11 1 3.707 13.697 -13.204 N
12 1 4.679 14.655 -13.450 C
13 1 4.559 16.048 -13.671 C
14 1 3.550 16.750 -13.708 O
15 1 5.792 16.638 -13.878 N
16 1 6.984 15.964 -13.875 C
17 1 8.062 16.685 -14.098 N
18 1 7.114 14.666 -13.671 N
19 1 5.918 14.076 -13.464 C
20 2 9.861 9.279 -11.490 P
21 2 10.375 8.137 -12.297 O
22 2 9.369 9.109 -10.112 O
23 2 11.017 10.355 -11.404 O
24 2 11.916 10.605 -12.467 C
25 2 12.675 11.912 -12.229 C
26 2 11.808 13.044 -12.292 O
27 2 13.309 11.897 -10.854 C
28 2 14.647 12.325 -11.057 O
29 2 12.515 12.872 -10.047 C
30 2 11.956 13.785 -11.085 C
31 2 10.607 14.302 -10.833 N
32 2 10.471 15.675 -10.982 C
33 2 11.450 16.398 -11.212 O
34 2 9.239 16.209 -10.865 N
35 2 8.185 15.424 -10.615 C
36 2 7.021 16.024 -10.566 N
37 2 8.295 14.001 -10.444 C
38 2 9.538 13.486 -10.563 C
39 3 15.838 11.915 -10.081 P
40 3 17.114 12.143 -10.798 O
41 3 15.548 10.576 -9.495 O
42 3 15.647 13.012 -8.893 O
43 3 15.947 14.389 -9.085 C
44 3 15.507 15.238 -7.929 C
45 3 14.122 15.485 -8.019 O
46 3 15.744 14.551 -6.571 C
47 3 16.246 15.547 -5.697 O
48 3 14.391 14.134 -6.122 C
49 3 13.609 15.254 -6.699 C
50 3 12.198 14.968 -6.835 N
51 3 11.495 13.786 -6.756 C
52 3 10.217 13.939 -6.950 N
53 3 10.086 15.310 -7.166 C
54 3 8.936 16.097 -7.401 C
55 3 7.757 15.780 -7.458 O
56 3 9.251 17.421 -7.534 N
57 3 10.493 17.955 -7.460 C
58 3 10.517 19.274 -7.580 N
59 3 11.603 17.241 -7.237 N
60 3 11.305 15.932 -7.100 C
61 4 17.485 15.317 -4.739 P
62 4 18.695 14.915 -5.477 O
63 4 16.956 14.494 -3.645 O
64 4 17.681 16.772 -4.140 O
65 4 17.702 17.924 -4.974 C
66 4 16.959 19.132 -4.389 C
67 4 15.566 18.954 -4.598 O
68 4 17.196 19.355 -2.894 C
69 4 17.329 20.766 -2.882 O
70 4 15.945 18.827 -2.283 C
71 4 14.916 18.985 -3.359 C
72 4 13.942 17.911 -3.404 N
73 4 14.130 16.572 -3.137 C
74 4 13.053 15.880 -3.223 N
75 4 12.077 16.820 -3.572 C
76 4 10.693 16.723 -3.791 C
77 4 10.029 15.603 -3.645 N
78 4 10.020 17.836 -4.105 N
79 4 10.685 18.990 -4.191 C
80 4 11.974 19.227 -4.004 N
81 4 12.623 18.069 -3.689 C
82 5 17.375 21.817 -1.675 P
83 5 18.068 23.036 -2.137 O
84 5 17.811 21.107 -0.439 O
85 5 15.815 22.130 -1.514 O
86 5 15.046 23.037 -2.284 C
87 5 13.662 23.206 -1.625 C
88 5 12.951 21.951 -1.724 O
89 5 13.750 23.575 -0.117 C
90 5 12.929 24.760 0.037 O
91 5 13.159 22.349 0.592 C
92 5 12.292 21.680 -0.476 C
93 5 12.192 20.214 -0.343 N
94 5 13.161 19.323 0.001 C
95 5 12.765 18.098 0.046 N
96 5 11.418 18.183 -0.304 C
97 5 10.406 17.209 -0.440 C
98 5 10.612 15.893 -0.278 N
99 5 9.192 17.654 -0.783 N
100 5 8.988 18.947 -0.980 C
101 5 9.846 19.929 -0.890 N
102 5 11.062 19.476 -0.543 C
103 6 12.600 25.556 1.441 P
104 6 12.206 26.942 1.077 O
105 6 13.711 25.319 2.386 O
106 6 11.323 24.718 1.999 O
107 6 10.116 24.904 1.235 C
108 6 8.976 23.966 1.598 C
109 6 9.339 22.604 1.433 O
110 6 8.590 24.234 3.042 C
111 6 7.275 24.847 2.930 O
112 6 8.631 22.846 3.633 C
113 6 8.654 21.902 2.435 C
114 6 9.359 20.621 2.680 N
115 6 8.607 19.479 2.529 C
116 6 7.436 19.482 2.212 O
117 6 9.207 18.286 2.750 N
118 6 10.496 18.116 3.111 C
119 6 10.914 16.977 3.256 O
120 6 11.240 19.351 3.252 C
121 6 12.700 19.316 3.624 C
122 6 10.662 20.544 3.038 C
123 7 6.411 25.401 4.166 P
124 7 5.628 26.587 3.759 O
125 7 7.279 25.463 5.366 O
126 7 5.407 24.178 4.360 O
127 7 4.488 23.740 3.362 C
128 7 3.863 22.414 3.762 C
129 7 4.874 21.453 4.001 O
130 7 3.111 22.558 5.065 C
131 7 1.773 22.073 4.854 O
132 7 3.864 21.678 6.077 C
133 7 4.547 20.697 5.158 C
134 7 5.820 20.104 5.630 N
135 7 5.875 18.704 5.589 C
136 7 4.924 18.004 5.282 O
137 7 7.065 18.102 5.901 N
138 7 8.223 18.748 6.252 C
139 7 9.251 18.092 6.395 O
140 7 8.112 20.206 6.301 C
141 7 9.349 21.018 6.724 C
142 7 6.933 20.839 5.991 C
143 8 0.618 22.402 5.924 P
144 8 -0.678 22.354 5.193 O
145 8 1.023 23.616 6.701 O
146 8 0.656 21.186 6.941 O
147 8 0.550 19.815 6.515 C
148 8 0.838 18.830 7.691 C
149 8 2.245 18.669 7.835 O
150 8 0.283 19.328 9.064 C
151 8 -0.296 18.287 9.807 O
152 8 1.516 19.644 9.839 C
153 8 2.524 18.682 9.234 C
154 8 3.941 19.083 9.397 N
155 8 4.868 18.050 9.333 C
156 8 4.493 16.901 9.091 O
157 8 6.201 18.353 9.516 N
158 8 6.580 19.613 9.741 C
159 8 7.875 19.848 9.909 N
160 8 5.643 20.704 9.806 C
161 8 4.340 20.395 9.629 C
162 9 -1.820 17.879 9.795 P
163 9 -2.235 17.644 8.387 O
164 9 -2.537 18.847 10.614 O
165 9 -1.788 16.475 10.576 O
166 9 -1.613 15.230 9.868 C
167 9 -1.019 14.123 10.737 C
168 9 0.404 14.321 10.837 O
169 9 -1.571 14.221 12.157 C
170 9 -1.874 12.925 12.654 O
171 9 -0.478 14.822 12.996 C
172 9 0.758 14.564 12.196 C
173 9 1.723 15.679 12.280 N
174 9 1.563 17.020 12.439 C
175 9 2.685 17.662 12.592 N
176 9 3.665 16.668 12.521 C
177 9 5.099 16.710 12.647 C
178 9 5.855 17.642 12.865 O
179 9 5.664 15.469 12.538 N
180 9 4.979 14.311 12.333 C
181 9 5.711 13.222 12.239 N
182 9 3.675 14.236 12.213 N
183 9 3.073 15.456 12.322 C
185 10 15.142 18.670 18.259 O
186 10 14.410 17.550 18.812 C
187 10 13.824 16.604 17.748 C
188 10 12.433 16.913 17.542 O
189 10 14.471 16.838 16.358 C
190 10 14.331 15.626 15.651 O
191 10 13.553 17.902 15.732 C
192 10 12.199 17.397 16.196 C
193 10 11.100 18.412 16.207 N
194 10 11.142 19.776 16.392 C
195 10 9.953 20.325 16.402 N
196 10 9.066 19.242 16.209 C
197 10 7.642 19.203 16.148 C
198 10 6.830 20.091 16.343 O
199 10 7.141 17.959 15.939 N
200 10 7.902 16.833 15.811 C
201 10 7.231 15.710 15.609 N
202 10 9.241 16.836 15.879 N
203 10 9.757 18.078 16.078 C
204 11 15.442 14.993 14.725 P
205 11 16.581 14.707 15.614 O
206 11 15.612 15.810 13.494 O
207 11 14.673 13.666 14.288 O
208 11 14.083 12.755 15.209 C
209 11 12.917 12.002 14.595 C
210 11 11.774 12.873 14.576 O
211 11 13.209 11.549 13.161 C
212 11 12.915 10.136 13.114 O
213 11 12.225 12.378 12.309 C
214 11 11.125 12.780 13.303 C
215 11 10.501 14.103 13.078 N
216 11 9.117 14.160 12.874 C
217 11 8.414 13.164 12.854 O
218 11 8.537 15.364 12.705 N
219 11 9.271 16.470 12.735 C
220 11 8.638 17.625 12.605 N
221 11 10.683 16.444 12.934 C
222 11 11.261 15.236 13.102 C
223 12 13.456 9.259 11.870 P
224 12 13.335 7.840 12.213 O
225 12 14.757 9.817 11.471 O
226 12 12.474 9.518 10.658 O
227 12 11.134 9.031 10.711 C
228 12 10.264 9.627 9.638 C
229 12 10.131 11.011 9.922 O
230 12 10.869 9.545 8.216 C
231 12 9.876 9.101 7.331 O
232 12 11.162 10.967 7.831 C
233 12 10.115 11.670 8.634 C
234 12 10.378 13.098 8.783 N
235 12 11.548 13.819 8.737 C
236 12 11.381 15.102 8.907 N
237 12 10.000 15.238 9.081 C
238 12 9.185 16.400 9.316 C
239 12 9.498 17.578 9.461 O
240 12 7.846 16.051 9.421 N
241 12 7.361 14.772 9.319 C
242 12 6.068 14.602 9.384 N
243 12 8.096 13.694 9.108 N
244 12 9.401 13.997 9.000 C
245 13 9.812 7.644 6.731 P
246 13 10.028 6.614 7.759 O
247 13 10.701 7.683 5.561 O
248 13 8.288 7.506 6.241 O
249 13 7.188 7.670 7.136 C
250 13 5.947 8.377 6.533 C
251 13 6.147 9.772 6.624 O
252 13 5.677 8.085 5.041 C
253 13 4.259 7.926 5.036 O
254 13 6.153 9.326 4.290 C
255 13 6.079 10.420 5.338 C
256 13 7.201 11.368 5.343 N
257 13 8.529 11.131 5.176 C
258 13 9.259 12.207 5.276 N
259 13 8.340 13.245 5.530 C
260 13 8.472 14.640 5.743 C
261 13 9.631 15.287 5.784 N
262 13 7.362 15.342 5.962 N
263 13 6.183 14.721 5.978 C
264 13 5.917 13.430 5.799 N
265 13 7.072 12.735 5.572 C
266 14 3.329 7.773 3.771 P
267 14 2.089 7.128 4.232 O
268 14 4.160 7.162 2.713 O
269 14 2.966 9.248 3.327 O
270 14 2.261 10.154 4.123 C
271 14 2.229 11.482 3.412 C
272 14 3.511 12.091 3.465 O
273 14 1.845 11.331 1.949 C
274 14 0.655 12.097 1.827 O
275 14 2.997 11.932 1.242 C
276 14 3.669 12.794 2.263 C
277 14 5.102 12.923 2.138 N
278 14 6.026 11.948 1.904 C
279 14 7.247 12.410 1.880 N
280 14 7.105 13.782 2.115 C
281 14 8.029 14.827 2.221 C
282 14 9.345 14.655 2.187 N
283 14 7.557 16.050 2.451 N
284 14 6.240 16.203 2.579 C
285 14 5.270 15.313 2.515 N
286 14 5.793 14.098 2.272 C
287 15 -0.195 12.370 0.481 P
288 15 -1.600 12.539 0.888 O
289 15 0.199 11.368 -0.544 O
290 15 0.397 13.832 0.041 O
291 15 0.281 14.992 0.878 C
292 15 1.138 16.118 0.365 C
293 15 2.501 15.754 0.412 O
294 15 0.774 16.441 -1.090 C
295 15 0.217 17.791 -1.102 O
296 15 2.113 16.329 -1.763 C
297 15 3.113 16.485 -0.628 C
298 15 4.396 15.875 -0.902 N
299 15 5.550 16.643 -0.800 C
300 15 5.591 17.850 -0.595 O
301 15 6.729 16.002 -1.019 N
302 15 6.866 14.690 -1.336 C
303 15 7.994 14.253 -1.441 O
304 15 5.631 13.954 -1.447 C
305 15 5.595 12.478 -1.836 C
306 15 4.460 14.559 -1.226 C
307 16 -0.257 18.631 -2.424 P
308 16 -1.428 19.462 -2.076 O
309 16 -0.341 17.725 -3.582 O
310 16 1.086 19.496 -2.599 O
311 16 1.508 20.443 -1.646 C
312 16 2.705 21.237 -2.113 C
313 16 3.813 20.364 -2.318 O
314 16 2.444 21.887 -3.442 C
315 16 2.798 23.262 -3.314 O
316 16 3.414 21.165 -4.399 C
317 16 4.502 20.654 -3.520 C
318 16 5.135 19.379 -3.910 N
319 16 6.524 19.376 -3.900 C
320 16 7.217 20.365 -3.682 O
321 16 7.146 18.182 -4.155 N
322 16 6.525 16.993 -4.422 C
323 16 7.239 15.994 -4.528 O
324 16 5.060 17.060 -4.441 C
325 16 4.244 15.805 -4.802 C
326 16 4.430 18.226 -4.185 C
327 17 2.487 24.343 -4.439 P
328 17 2.516 25.689 -3.817 O
329 17 1.285 23.874 -5.164 O
330 17 3.700 24.304 -5.461 O
331 17 5.035 24.654 -5.147 C
332 17 5.977 24.438 -6.340 C
333 17 6.271 23.048 -6.483 O
334 17 5.379 24.869 -7.666 C
335 17 6.410 25.404 -8.489 O
336 17 4.994 23.564 -8.294 C
337 17 6.148 22.696 -7.848 C
338 17 5.892 21.290 -7.778 N
339 17 6.993 20.456 -7.677 C
340 17 8.126 20.910 -7.668 O
341 17 6.798 19.118 -7.591 N
342 17 5.563 18.652 -7.604 C
343 17 5.417 17.352 -7.603 N
344 17 4.404 19.480 -7.691 C
345 17 4.611 20.805 -7.780 C
346 18 6.238 26.786 -9.281 P
347 18 6.087 27.831 -8.248 O
348 18 5.172 26.566 -10.296 O
349 18 7.665 26.893 -10.050 O
350 18 8.916 26.920 -9.391 C
351 18 9.915 26.076 -10.139 C
352 18 9.553 24.717 -9.951 O
353 18 9.946 26.359 -11.650 C
354 18 11.334 26.457 -12.060 O
355 18 9.307 25.148 -12.264 C
356 18 9.634 24.076 -11.231 C
357 18 8.690 22.935 -11.226 N
358 18 7.335 22.981 -11.275 C
359 18 6.776 21.815 -11.245 N
360 18 7.836 20.923 -11.167 C
361 18 7.838 19.508 -11.113 C
362 18 6.897 18.731 -11.169 O
363 18 9.109 19.014 -11.044 N
364 18 10.235 19.766 -11.040 C
365 18 11.384 19.090 -11.033 N
366 18 10.250 21.092 -11.091 N
367 18 9.018 21.603 -11.154 C
