486
1 1 -26.253 23.281 11.578 O
2 1 -25.769 22.287 10.654 C
3 1 -26.293 22.546 9.260 C
4 1 -26.070 23.932 8.951 O
5 1 -25.610 21.758 8.148 C
6 1 -26.559 21.451 7.126 O
7 1 -24.574 22.725 7.611 C
8 1 -25.166 24.087 7.875 C
9 1 -24.160 25.036 8.320 N
10 1 -23.384 24.932 9.450 C
11 1 -22.577 25.950 9.629 N
12 1 -22.835 26.775 8.543 C
13 1 -22.314 28.017 8.161 C
14 1 -21.403 28.686 8.870 N
15 1 -22.774 28.566 7.016 N
16 1 -23.715 27.911 6.325 C
17 1 -24.295 26.744 6.592 N
18 1 -23.802 26.220 7.726 C
19 2 -26.074 20.700 5.786 P
20 2 -27.294 20.339 4.991 O
21 2 -25.101 19.644 6.180 O
22 2 -25.314 21.818 4.942 O
23 2 -26.065 22.675 4.051 C
24 2 -25.142 23.576 3.264 C
25 2 -24.374 24.397 4.155 O
26 2 -24.116 22.881 2.384 C
27 2 -24.752 22.662 1.118 O
28 2 -22.994 23.904 2.284 C
29 2 -23.206 24.827 3.484 C
30 2 -22.160 25.017 4.497 N
31 2 -21.728 26.323 4.754 C
32 2 -22.109 27.238 4.005 O
33 2 -20.907 26.556 5.798 N
34 2 -20.486 25.542 6.548 C
35 2 -19.728 25.830 7.604 N
36 2 -20.835 24.191 6.256 C
37 2 -21.666 23.975 5.225 C
38 3 -23.923 22.031 -0.107 P
39 3 -24.801 22.059 -1.323 O
40 3 -23.322 20.738 0.327 O
41 3 -22.764 23.102 -0.323 O
42 3 -23.077 24.467 -0.637 C
43 3 -21.812 25.290 -0.698 C
44 3 -21.241 25.465 0.614 O
45 3 -20.706 24.699 -1.565 C
46 3 -20.928 25.209 -2.890 O
47 3 -19.436 25.244 -0.926 C
48 3 -19.823 25.493 0.539 C
49 3 -19.319 24.591 1.583 N
50 3 -18.405 25.082 2.505 C
51 3 -17.956 26.225 2.353 O
52 3 -18.028 24.306 3.538 N
53 3 -18.519 23.074 3.660 C
54 3 -18.155 22.357 4.735 N
55 3 -19.411 22.522 2.700 C
56 3 -19.777 23.308 1.682 C
57 4 -19.912 24.859 -4.078 P
58 4 -20.364 25.651 -5.248 O
59 4 -19.791 23.384 -4.197 O
60 4 -18.536 25.484 -3.579 O
61 4 -18.414 26.906 -3.435 C
62 4 -16.962 27.322 -3.454 C
63 4 -16.335 27.058 -2.180 O
64 4 -16.101 26.636 -4.507 C
65 4 -15.234 27.624 -5.072 O
66 4 -15.358 25.571 -3.716 C
67 4 -15.254 26.153 -2.314 C
68 4 -15.423 25.152 -1.268 N
69 4 -16.087 23.953 -1.375 C
70 4 -16.163 23.305 -0.244 N
71 4 -15.494 24.118 0.661 C
72 4 -15.270 23.948 2.054 C
73 4 -15.653 23.009 2.783 O
74 4 -14.528 25.008 2.595 N
75 4 -14.067 26.088 1.877 C
76 4 -13.357 27.006 2.552 N
77 4 -14.284 26.257 0.574 N
78 4 -15.001 25.244 0.039 C
79 5 -13.932 27.183 -5.893 P
80 5 -13.877 28.000 -7.123 O
81 5 -13.898 25.702 -5.989 O
82 5 -12.759 27.676 -4.947 O
83 5 -12.940 28.849 -4.151 C
84 5 -11.824 28.976 -3.143 C
85 5 -12.014 28.098 -2.006 O
86 5 -10.438 28.673 -3.695 C
87 5 -9.540 29.692 -3.271 O
88 5 -10.102 27.315 -3.098 C
89 5 -10.865 27.295 -1.783 C
90 5 -11.339 25.954 -1.394 N
91 5 -11.162 25.500 -0.070 C
92 5 -10.562 26.199 0.746 O
93 5 -11.644 24.297 0.277 N
94 5 -12.249 23.532 -0.632 C
95 5 -12.695 22.340 -0.241 N
96 5 -12.421 23.951 -1.979 C
97 5 -11.958 25.159 -2.312 C
98 6 -8.026 29.669 -3.777 P
99 6 -7.488 31.053 -3.668 O
100 6 -7.965 28.943 -5.076 O
101 6 -7.316 28.804 -2.656 O
102 6 -7.422 29.209 -1.290 C
103 6 -6.510 28.366 -0.443 C
104 6 -7.084 27.046 -0.286 O
105 6 -5.152 28.176 -1.105 C
106 6 -4.136 28.212 -0.112 O
107 6 -5.261 26.797 -1.734 C
108 6 -6.204 26.063 -0.791 C
109 6 -7.021 24.995 -1.402 N
110 6 -7.568 24.016 -0.569 C
111 6 -7.391 24.102 0.650 O
112 6 -8.275 23.006 -1.102 N
113 6 -8.464 22.952 -2.417 C
114 6 -9.174 21.929 -2.895 N
115 6 -7.937 23.945 -3.297 C
116 6 -7.230 24.943 -2.751 C
117 7 -2.639 28.603 -0.526 P
118 7 -2.436 30.036 -0.178 O
119 7 -2.446 28.155 -1.923 O
120 7 -1.742 27.683 0.420 O
121 7 -2.015 27.601 1.835 C
122 7 -1.662 26.230 2.366 C
123 7 -2.574 25.221 1.873 O
124 7 -0.266 25.740 2.005 C
125 7 0.251 25.037 3.128 O
126 7 -0.514 24.767 0.867 C
127 7 -1.866 24.180 1.216 C
128 7 -2.645 23.788 0.049 N
129 7 -2.670 24.421 -1.172 C
130 7 -3.484 23.856 -2.026 N
131 7 -4.027 22.784 -1.326 C
132 7 -4.971 21.802 -1.735 C
133 7 -5.569 21.706 -2.817 O
134 7 -5.208 20.872 -0.730 N
135 7 -4.636 20.897 0.513 C
136 7 -4.982 19.898 1.338 N
137 7 -3.780 21.829 0.918 N
138 7 -3.515 22.725 -0.048 C
139 8 1.779 24.562 3.135 P
140 8 2.417 25.199 4.318 O
141 8 2.362 24.769 1.779 O
142 8 1.648 23.003 3.420 O
143 8 0.923 22.556 4.563 C
144 8 0.612 21.085 4.452 C
145 8 -0.337 20.830 3.396 O
146 8 1.804 20.178 4.177 C
147 8 1.639 19.005 4.951 O
148 8 1.662 19.822 2.711 C
149 8 0.158 19.813 2.542 C
150 8 -0.317 20.099 1.195 N
151 8 -0.019 21.199 0.421 C
152 8 -0.656 21.207 -0.723 N
153 8 -1.404 20.032 -0.707 C
154 8 -2.277 19.504 -1.668 C
155 8 -2.590 19.984 -2.760 O
156 8 -2.813 18.292 -1.263 N
157 8 -2.541 17.666 -0.078 C
158 8 -3.174 16.495 0.123 N
159 8 -1.717 18.145 0.838 N
160 8 -1.189 19.327 0.461 C
161 9 2.887 18.068 5.231 P
162 9 2.833 17.661 6.658 O
163 9 4.086 18.744 4.699 O
164 9 2.539 16.791 4.364 O
165 9 1.412 15.988 4.722 C
166 9 0.823 15.343 3.494 C
167 9 0.535 16.340 2.497 O
168 9 1.751 14.360 2.804 C
169 9 1.503 13.082 3.384 O
170 9 1.251 14.374 1.369 C
171 9 0.551 15.722 1.220 C
172 9 1.136 16.667 0.274 N
173 9 0.648 16.701 -1.038 C
174 9 -0.187 15.854 -1.389 O
175 9 1.104 17.650 -1.884 N
176 9 2.022 18.535 -1.459 C
177 9 2.419 19.508 -2.298 N
178 9 2.574 18.478 -0.148 C
179 9 2.111 17.533 0.675 C
180 10 2.722 12.186 3.892 P
181 10 3.062 12.618 5.262 O
182 10 3.767 12.186 2.841 O
183 10 2.079 10.737 3.976 O
184 10 2.525 9.705 3.102 C
185 10 1.514 9.480 2.004 C
186 10 1.316 10.713 1.273 O
187 10 1.970 8.440 0.980 C
188 10 0.895 7.580 0.599 O
189 10 2.446 9.269 -0.196 C
190 10 1.577 10.512 -0.111 C
191 10 2.247 11.704 -0.632 N
192 10 3.256 12.422 -0.034 C
193 10 3.683 13.414 -0.768 N
194 10 2.899 13.356 -1.915 C
195 10 2.903 14.174 -3.064 C
196 10 3.619 15.164 -3.314 O
197 10 1.951 13.761 -3.984 N
198 10 1.096 12.707 -3.820 C
199 10 0.224 12.487 -4.829 N
200 10 1.084 11.934 -2.753 N
201 10 2.006 12.314 -1.846 C
202 11 1.221 6.075 0.136 P
203 11 0.175 5.148 0.652 O
204 11 2.653 5.847 0.463 O
205 11 1.101 6.134 -1.443 O
206 11 1.638 7.249 -2.137 C
207 11 1.302 7.162 -3.602 C
208 11 1.549 8.441 -4.211 O
209 11 2.169 6.166 -4.352 C
210 11 1.387 5.607 -5.401 O
211 11 3.308 7.024 -4.871 C
212 11 2.714 8.418 -5.005 C
213 11 3.578 9.508 -4.526 N
214 11 3.680 10.678 -5.296 C
215 11 3.071 10.741 -6.374 O
216 11 4.442 11.709 -4.848 N
217 11 5.101 11.595 -3.693 C
218 11 5.846 12.627 -3.303 N
219 11 5.026 10.410 -2.888 C
220 11 4.257 9.400 -3.341 C
221 12 1.984 4.431 -6.289 P
222 12 0.837 3.694 -6.867 O
223 12 2.953 3.719 -5.444 O
224 12 2.686 5.243 -7.470 O
225 12 1.856 5.987 -8.382 C
226 12 2.666 6.636 -9.478 C
227 12 3.286 7.844 -8.996 O
228 12 3.782 5.800 -10.090 C
229 12 4.022 6.341 -11.400 O
230 12 5.014 6.334 -9.383 C
231 12 4.673 7.801 -9.241 C
232 12 5.358 8.500 -8.146 N
233 12 6.004 9.702 -8.428 C
234 12 5.875 10.192 -9.556 O
235 12 6.741 10.309 -7.461 N
236 12 6.803 9.772 -6.243 C
237 12 7.559 10.374 -5.334 N
238 12 6.096 8.584 -5.909 C
239 12 5.396 7.982 -6.885 C
241 13 12.836 19.235 -7.829 O
242 13 11.504 19.688 -8.136 C
243 13 10.959 19.003 -9.368 C
244 13 10.986 17.577 -9.157 O
245 13 9.515 19.349 -9.710 C
246 13 9.341 19.395 -11.123 O
247 13 8.724 18.200 -9.121 C
248 13 9.683 17.030 -9.131 C
249 13 9.577 16.234 -7.916 N
250 13 9.975 16.605 -6.658 C
251 13 9.752 15.684 -5.757 N
252 13 9.170 14.644 -6.466 C
253 13 8.711 13.384 -6.027 C
254 13 8.739 12.905 -4.885 O
255 13 8.178 12.643 -7.076 N
256 13 8.112 13.058 -8.385 C
257 13 7.550 12.207 -9.265 N
258 13 8.555 14.224 -8.805 N
259 13 9.060 14.964 -7.800 C
260 14 8.252 20.386 -11.750 P
261 14 8.618 20.612 -13.168 O
262 14 8.098 21.541 -10.842 O
263 14 6.908 19.533 -11.710 O
264 14 6.714 18.453 -12.643 C
265 14 5.420 17.722 -12.371 C
266 14 5.525 16.852 -11.223 O
267 14 4.165 18.568 -12.158 C
268 14 3.119 17.860 -12.836 O
269 14 3.954 18.500 -10.650 C
270 14 4.440 17.087 -10.336 C
271 14 4.889 16.761 -8.978 N
272 14 5.641 17.536 -8.127 C
273 14 5.945 16.921 -7.008 N
274 14 5.332 15.678 -7.118 C
275 14 5.293 14.583 -6.206 C
276 14 5.839 14.478 -5.096 O
277 14 4.534 13.535 -6.699 N
278 14 3.909 13.523 -7.917 C
279 14 3.210 12.399 -8.222 N
280 14 3.951 14.529 -8.781 N
281 14 4.667 15.565 -8.316 C
282 15 1.830 18.635 -13.409 P
283 15 1.921 18.759 -14.888 O
284 15 1.586 19.845 -12.579 O
285 15 0.694 17.567 -13.125 O
286 15 1.023 16.170 -13.042 C
287 15 0.164 15.487 -12.002 C
288 15 0.782 15.375 -10.694 O
289 15 -1.211 16.107 -11.772 C
290 15 -2.110 15.015 -11.655 O
291 15 -1.074 16.780 -10.412 C
292 15 -0.145 15.808 -9.700 C
293 15 0.619 16.286 -8.532 N
294 15 1.009 15.354 -7.572 C
295 15 0.658 14.160 -7.716 O
296 15 1.762 15.765 -6.513 N
297 15 2.124 17.042 -6.409 C
298 15 2.895 17.390 -5.390 N
299 15 1.716 18.012 -7.357 C
300 15 0.966 17.597 -8.393 C
301 16 -3.631 15.191 -12.076 P
302 16 -3.905 14.135 -13.075 O
303 16 -3.858 16.613 -12.430 O
304 16 -4.399 14.838 -10.727 O
305 16 -4.535 13.473 -10.287 C
306 16 -5.135 13.430 -8.901 C
307 16 -4.179 13.934 -7.938 O
308 16 -6.397 14.283 -8.738 C
309 16 -7.232 13.714 -7.727 O
310 16 -5.858 15.545 -8.092 C
311 16 -4.779 14.976 -7.194 C
312 16 -3.739 15.909 -6.787 N
313 16 -3.389 17.070 -7.424 C
314 16 -2.438 17.720 -6.814 N
315 16 -2.137 16.934 -5.705 C
316 16 -1.167 17.128 -4.657 C
317 16 -0.356 18.061 -4.503 O
318 16 -1.194 16.088 -3.741 N
319 16 -2.016 14.999 -3.814 C
320 16 -1.842 14.089 -2.844 N
321 16 -2.930 14.810 -4.770 N
322 16 -2.929 15.811 -5.676 C
323 17 -8.280 12.553 -8.071 P
324 17 -7.543 11.468 -8.757 O
325 17 -9.503 13.102 -8.680 O
326 17 -8.627 12.039 -6.610 O
327 17 -7.736 11.125 -5.947 C
328 17 -7.505 11.517 -4.503 C
329 17 -6.538 12.575 -4.350 O
330 17 -8.701 11.893 -3.634 C
331 17 -8.570 11.189 -2.400 O
332 17 -8.493 13.375 -3.384 C
333 17 -6.982 13.474 -3.361 C
334 17 -6.400 14.797 -3.651 N
335 17 -5.299 15.242 -2.894 C
336 17 -4.817 14.495 -2.030 O
337 17 -4.781 16.465 -3.134 N
338 17 -5.297 17.226 -4.100 C
339 17 -4.745 18.429 -4.326 N
340 17 -6.399 16.794 -4.890 C
341 17 -6.915 15.585 -4.635 C
342 18 -9.782 11.165 -1.356 P
343 18 -9.954 9.738 -1.025 O
344 18 -10.939 11.939 -1.871 O
345 18 -9.185 11.929 -0.098 O
346 18 -8.313 13.048 -0.297 C
347 18 -8.316 13.943 0.918 C
348 18 -7.715 15.221 0.570 O
349 18 -9.731 14.261 1.400 C
350 18 -9.676 14.487 2.809 O
351 18 -10.022 15.597 0.739 C
352 18 -8.654 16.260 0.768 C
353 18 -8.438 17.272 -0.272 N
354 18 -7.303 18.072 -0.189 C
355 18 -6.526 17.908 0.767 O
356 18 -7.080 18.996 -1.147 N
357 18 -7.940 19.129 -2.159 C
358 18 -7.664 20.033 -3.101 N
359 18 -9.113 18.337 -2.258 C
360 18 -9.323 17.430 -1.302 C
361 19 -10.115 13.344 3.836 P
362 19 -9.139 12.242 3.713 O
363 19 -11.566 13.064 3.696 O
364 19 -9.862 14.071 5.223 O
365 19 -8.547 14.522 5.563 C
366 19 -8.545 15.988 5.935 C
367 19 -8.508 16.862 4.784 O
368 19 -9.669 16.502 6.828 C
369 19 -9.085 17.385 7.770 O
370 19 -10.503 17.358 5.884 C
371 19 -9.445 17.918 4.951 C
372 19 -9.881 18.337 3.622 N
373 19 -10.685 17.642 2.748 C
374 19 -10.797 18.228 1.580 N
375 19 -10.043 19.384 1.698 C
376 19 -9.760 20.396 0.747 C
377 19 -10.088 20.454 -0.451 O
378 19 -8.976 21.408 1.294 N
379 19 -8.497 21.421 2.574 C
380 19 -7.730 22.473 2.890 N
381 19 -8.738 20.475 3.469 N
382 19 -9.507 19.492 2.965 C
383 20 -9.679 17.484 9.249 P
384 20 -8.721 16.726 10.096 O
385 20 -11.136 17.160 9.273 O
386 20 -9.497 19.015 9.614 O
387 20 -8.214 19.603 9.521 C
388 20 -8.342 21.060 9.164 C
389 20 -8.864 21.208 7.819 O
390 20 -9.276 21.844 10.076 C
391 20 -8.665 23.107 10.328 O
392 20 -10.545 21.987 9.248 C
393 20 -10.012 22.043 7.821 C
394 20 -10.919 21.584 6.763 N
395 20 -11.830 20.554 6.835 C
396 20 -12.530 20.404 5.740 N
397 20 -12.046 21.384 4.886 C
398 20 -12.431 21.715 3.565 C
399 20 -13.296 21.183 2.860 O
400 20 -11.702 22.791 3.075 N
401 20 -10.733 23.473 3.771 C
402 20 -10.181 24.526 3.146 N
403 20 -10.346 23.160 4.998 N
404 20 -11.045 22.117 5.496 C
405 21 -9.455 24.223 11.159 P
406 21 -8.483 24.912 12.043 O
407 21 -10.701 23.640 11.728 O
408 21 -9.853 25.265 10.044 O
409 21 -8.836 25.932 9.322 C
410 21 -9.472 26.817 8.288 C
411 21 -10.211 25.991 7.375 O
412 21 -10.499 27.752 8.894 C
413 21 -9.810 28.941 9.280 O
414 21 -11.466 27.973 7.744 C
415 21 -11.336 26.702 6.905 C
416 21 -12.468 25.765 6.831 N
417 21 -13.439 25.993 5.872 C
418 21 -13.354 27.013 5.178 O
419 21 -14.453 25.109 5.726 N
420 21 -14.530 24.041 6.525 C
421 21 -15.553 23.200 6.347 N
422 21 -13.563 23.795 7.539 C
423 21 -12.555 24.678 7.658 C
424 22 -10.522 29.999 10.250 P
425 22 -9.715 31.249 10.214 O
426 22 -10.800 29.325 11.557 O
427 22 -11.896 30.298 9.510 O
428 22 -12.381 31.635 9.365 C
429 22 -12.295 32.062 7.921 C
430 22 -12.628 30.953 7.047 O
431 22 -13.262 33.194 7.569 C
432 22 -12.653 34.076 6.620 O
433 22 -14.409 32.467 6.892 C
434 22 -13.670 31.358 6.173 C
435 22 -14.463 30.191 5.797 N
436 22 -14.926 29.910 4.531 C
437 22 -15.620 28.806 4.469 N
438 22 -15.607 28.322 5.766 C
439 22 -16.180 27.169 6.290 C
440 22 -16.817 26.292 5.692 O
441 22 -15.957 27.063 7.658 N
442 22 -15.262 27.963 8.420 C
443 22 -15.190 27.694 9.734 N
444 22 -14.689 29.050 7.930 N
445 22 -14.904 29.168 6.603 C
446 23 -13.333 35.501 6.301 P
447 23 -12.226 36.430 5.934 O
448 23 -14.243 35.840 7.427 O
449 23 -14.222 35.237 5.006 O
450 23 -15.038 34.076 4.927 C
451 23 -16.076 34.211 3.840 C
452 23 -16.891 33.029 3.918 O
453 23 -17.043 35.376 4.009 C
454 23 -17.545 35.727 2.709 O
455 23 -18.135 34.790 4.882 C
456 23 -18.138 33.310 4.535 C
457 23 -18.261 32.420 5.688 N
458 23 -17.920 32.684 6.996 C
459 23 -18.120 31.668 7.793 N
460 23 -18.624 30.677 6.964 C
461 23 -19.010 29.346 7.257 C
462 23 -18.975 28.754 8.349 O
463 23 -19.471 28.687 6.116 N
464 23 -19.547 29.243 4.859 C
465 23 -20.042 28.471 3.894 N
466 23 -19.173 30.474 4.574 N
467 23 -18.727 31.129 5.664 C
468 24 -18.687 36.849 2.557 P
469 24 -18.581 37.442 1.197 O
470 24 -18.580 37.728 3.754 O
471 24 -20.050 36.022 2.600 O
472 24 -20.565 35.387 1.403 C
473 24 -21.667 34.401 1.738 C
474 24 -21.234 33.501 2.767 O
475 24 -22.978 34.946 2.279 C
476 24 -23.743 35.547 1.232 O
477 24 -23.587 33.729 2.946 C
478 24 -22.380 32.871 3.300 C
479 24 -22.121 32.563 4.717 N
480 24 -22.582 31.351 5.178 C
481 24 -23.249 30.585 4.496 O
482 24 -22.237 31.060 6.470 N
483 24 -21.505 31.837 7.329 C
484 24 -21.224 31.414 8.441 O
485 24 -21.105 33.114 6.812 C
486 24 -20.361 34.044 7.716 C
487 24 -21.423 33.417 5.542 C
