486 1203
0 2
0 3
1 3
1 4
2 5
2 6
2 7
3 4
3 5
3 6
3 8
3 9
3 15
4 7
4 16
4 18
5 6
5 7
5 17
5 18
5 19
6 8
6 15
7 9
7 10
7 15
8 10
8 11
8 12
8 14
9 12
9 14
9 15
10 11
10 483
11 13
11 14
11 15
11 481
12 15
13 14
16 20
17 18
17 19
17 20
18 19
19 21
19 22
19 23
20 22
20 23
21 24
21 25
21 26
22 23
22 24
22 25
22 27
23 26
23 38
23 40
24 25
24 26
24 39
24 40
24 41
24 42
25 27
25 28
26 28
26 36
26 37
27 29
27 30
27 36
28 30
28 37
29 31
29 32
29 37
30 32
30 33
30 34
30 36
31 34
31 36
31 37
32 33
32 438
32 439
32 461
33 35
33 36
33 37
33 459
34 37
35 36
35 458
38 42
39 40
39 41
40 41
41 43
41 44
41 45
42 44
42 45
43 46
43 47
43 48
44 45
44 47
44 49
44 56
45 48
45 57
45 59
46 47
46 58
46 59
46 60
46 61
47 49
47 56
47 57
47 60
48 50
48 51
48 56
49 51
49 52
49 53
49 55
50 53
50 55
50 56
51 52
51 442
52 54
52 55
52 56
52 440
53 56
54 55
54 73
54 439
57 61
58 59
58 60
58 61
59 60
60 62
60 63
60 64
60 66
61 63
61 64
62 65
62 66
62 67
63 64
63 65
63 66
63 68
64 67
64 79
64 81
65 66
65 67
65 80
65 81
65 82
65 83
66 68
66 81
67 69
67 77
67 78
68 70
68 71
68 77
69 71
69 78
70 72
70 73
70 78
71 73
71 74
71 75
71 77
72 75
72 77
72 78
73 74
73 400
73 420
74 76
74 77
74 78
74 418
74 420
75 78
76 77
76 417
76 418
76 441
79 83
80 81
80 82
81 82
82 84
82 85
82 86
82 88
83 85
83 86
84 87
84 88
84 89
85 86
85 87
85 88
85 90
85 91
86 89
86 100
86 102
87 88
87 89
87 101
87 102
87 103
87 104
88 90
88 91
88 100
88 102
89 91
89 98
89 99
90 92
90 93
90 98
91 93
91 99
92 94
92 95
92 99
93 95
93 96
93 97
93 98
94 97
94 98
94 99
94 116
95 96
95 400
96 98
96 99
96 398
97 99
99 113
100 104
101 102
101 103
101 104
102 103
103 105
103 106
103 107
104 106
104 107
105 108
105 109
105 110
106 107
106 109
106 111
106 112
107 110
107 121
107 123
108 109
108 110
108 122
108 123
108 124
108 125
109 111
109 112
109 121
110 112
110 119
110 120
111 113
111 114
111 119
112 114
112 120
113 115
113 116
113 120
114 116
114 117
114 118
114 119
115 118
115 119
115 120
116 117
116 359
116 380
117 119
117 120
117 378
118 120
119 127
121 125
122 123
122 124
122 125
123 124
124 126
124 127
124 128
125 127
125 128
126 129
126 130
126 131
127 128
127 130
127 132
127 140
128 131
128 141
128 143
129 130
129 131
129 142
129 143
129 144
129 145
130 132
131 133
131 134
131 140
132 134
132 135
132 136
132 138
133 136
133 138
133 140
134 135
135 137
135 138
135 140
135 360
136 139
136 140
137 138
137 139
139 140
141 145
142 143
142 144
142 145
143 144
144 146
144 147
144 148
145 147
145 148
146 149
146 150
146 151
147 148
147 150
147 152
147 160
148 151
148 161
148 163
149 150
149 162
149 163
149 164
149 165
150 152
150 160
150 161
150 164
151 153
151 154
151 160
152 154
152 155
152 156
152 158
153 156
153 158
153 160
154 155
155 157
155 158
155 160
155 339
156 159
156 160
157 158
157 159
157 338
159 160
161 165
162 163
162 164
162 165
163 164
164 166
164 167
164 168
165 167
165 168
166 169
166 170
166 171
167 168
167 170
167 172
167 179
168 171
168 180
168 182
169 170
169 171
169 181
169 182
169 183
169 184
170 172
170 179
170 192
171 173
171 174
171 179
172 174
172 175
172 176
172 178
173 176
173 178
173 179
174 175
174 319
175 177
175 178
175 179
175 317
176 179
177 178
177 297
177 316
180 184
181 182
181 183
182 183
183 185
183 186
183 187
184 186
184 187
185 188
185 189
185 190
186 187
186 189
186 191
186 192
187 190
187 202
187 204
188 189
188 190
188 203
188 204
188 205
188 206
189 191
190 192
190 200
190 201
191 193
191 194
191 200
192 194
192 201
193 195
193 196
193 201
194 196
194 197
194 198
194 200
195 198
195 200
195 201
195 275
196 197
196 275
196 297
197 199
197 200
197 201
197 295
198 201
199 200
199 294
199 318
199 319
202 206
203 204
203 205
203 206
204 205
205 207
205 208
205 209
206 208
206 209
207 210
207 211
207 212
208 209
208 210
208 211
208 213
208 220
209 212
209 221
209 223
209 224
210 211
210 212
210 222
210 223
210 224
211 213
211 220
211 221
211 224
212 214
212 215
212 220
213 215
213 216
213 217
213 219
214 217
214 219
214 220
215 216
215 278
216 218
216 219
216 220
216 276
217 220
218 219
218 275
221 225
222 223
222 224
222 225
223 224
224 226
224 227
224 228
225 227
225 228
226 229
226 230
226 231
227 228
227 230
227 232
228 231
229 230
229 231
230 232
230 233
231 233
231 241
231 242
232 234
232 235
232 241
233 235
233 242
234 236
234 237
234 242
235 237
235 238
235 239
235 241
236 239
236 241
236 242
237 238
237 254
237 255
237 256
238 240
238 241
238 242
238 253
238 254
239 242
240 241
240 253
240 277
240 278
243 245
243 246
243 258
244 246
244 247
245 248
245 249
245 250
246 247
246 248
246 249
246 251
246 258
247 250
247 259
247 261
248 249
248 250
248 260
248 261
248 262
248 263
249 251
249 258
250 252
250 253
250 258
251 253
251 254
251 255
251 257
252 255
252 257
252 258
253 254
253 273
254 256
254 257
254 258
255 258
256 257
259 263
260 261
260 262
260 263
261 262
262 264
262 265
262 266
263 265
263 266
264 267
264 268
264 269
265 266
265 267
265 268
265 270
265 271
266 269
266 281
266 283
267 268
267 269
267 282
267 283
267 284
267 285
268 270
268 271
268 283
269 271
269 279
269 280
270 272
270 273
270 279
271 273
271 280
272 274
272 275
272 280
273 275
273 276
273 277
273 279
274 277
274 279
274 280
275 276
276 278
276 279
276 280
277 280
278 279
281 285
282 283
282 284
283 284
284 286
284 287
284 288
285 287
285 288
286 289
286 290
286 291
287 288
287 290
287 292
287 299
288 291
288 300
288 302
289 290
289 301
289 302
289 303
289 304
290 292
290 299
291 293
291 294
291 299
292 294
292 295
292 296
292 298
293 296
293 298
293 299
294 295
295 297
295 298
295 299
296 299
297 298
300 304
301 302
301 303
301 304
302 303
303 305
303 306
303 307
304 306
304 307
305 308
305 309
305 310
306 307
306 309
306 311
306 312
307 310
307 322
307 324
308 309
308 310
308 323
308 324
308 325
308 326
309 311
309 312
309 322
309 324
310 312
310 320
310 321
311 313
311 314
311 320
312 314
312 321
313 315
313 316
313 321
314 316
314 317
314 318
314 320
315 318
315 320
315 321
316 317
317 319
317 320
317 321
318 321
319 320
319 341
322 326
323 324
323 325
323 326
324 325
325 327
325 328
325 329
325 331
326 328
326 329
327 330
327 331
327 332
328 329
328 330
328 331
328 333
328 334
329 332
329 343
329 345
330 331
330 332
330 344
330 345
330 346
330 347
331 333
331 334
331 343
331 345
332 334
332 341
332 342
333 335
333 336
333 341
334 336
334 342
335 337
335 338
335 342
336 338
336 339
336 340
336 341
337 340
337 341
337 342
338 339
339 341
339 342
340 342
343 347
344 345
344 346
344 347
345 346
346 348
346 349
346 350
346 352
347 349
347 350
348 351
348 352
348 353
349 350
349 351
349 352
349 354
350 353
350 364
350 366
351 352
351 353
351 365
351 366
351 367
352 354
352 355
353 355
353 362
353 363
354 356
354 357
354 362
355 357
355 363
356 358
356 359
356 363
357 359
357 360
357 361
357 362
358 361
358 362
358 363
359 360
360 362
360 363
361 363
364 368
365 366
365 367
365 368
366 367
367 369
367 370
367 371
368 370
368 371
369 372
369 373
369 374
370 371
370 373
370 375
370 383
371 374
371 384
371 386
372 373
372 385
372 386
372 387
372 388
373 375
373 383
373 384
373 387
374 376
374 377
374 383
375 377
375 378
375 379
375 381
376 379
376 381
376 383
377 378
378 380
378 381
378 383
379 382
379 383
380 381
380 382
382 383
384 388
385 386
385 387
385 388
386 387
387 389
387 390
387 391
388 390
388 391
389 392
389 393
389 394
390 391
390 393
390 395
390 403
391 394
391 404
391 406
391 407
392 393
392 405
392 406
392 407
392 408
393 395
393 404
393 407
394 396
394 397
394 403
395 397
395 398
395 399
395 401
396 399
396 401
396 403
397 398
397 410
398 400
398 401
398 403
398 419
399 402
399 403
399 420
400 401
400 402
400 420
402 403
404 408
405 406
405 407
405 408
406 407
407 409
407 410
407 411
408 410
408 411
409 412
409 413
409 414
410 411
410 413
410 415
410 422
411 414
411 423
411 425
412 413
412 414
412 424
412 425
412 426
412 427
413 415
413 422
414 416
414 417
414 422
415 417
415 418
415 419
415 421
416 419
416 421
416 422
417 418
418 420
418 421
418 422
419 422
420 421
423 427
424 425
424 426
424 427
425 426
426 428
426 429
426 430
427 429
427 430
428 431
428 432
428 433
429 430
429 432
429 434
429 435
430 433
430 445
430 447
431 432
431 433
431 446
431 447
431 448
431 449
432 434
432 435
432 447
433 435
433 443
433 444
434 436
434 437
434 443
435 437
435 444
436 438
436 439
436 444
437 439
437 440
437 441
437 443
438 441
438 443
438 444
439 440
440 442
440 443
440 444
441 444
442 443
445 449
446 447
446 448
447 448
448 450
448 452
449 451
449 452
450 453
450 454
450 455
451 452
451 453
451 454
451 456
452 455
452 464
452 466
453 454
453 455
453 465
453 466
453 467
454 456
454 463
454 464
455 457
455 458
455 463
456 458
456 459
456 460
456 462
457 460
457 462
457 463
458 459
459 461
459 462
459 463
460 463
461 462
464 468
465 466
465 467
465 468
466 467
467 469
467 470
467 471
468 470
468 471
469 472
469 473
469 474
470 471
470 473
470 475
470 476
471 474
472 473
473 475
474 476
474 484
474 485
475 477
475 478
475 484
476 478
476 485
477 479
477 480
477 485
478 480
478 481
478 482
478 484
479 482
479 484
479 485
480 481
481 483
481 484
481 485
482 485
483 484
1 1 17.815001 33.080002 25.607000 O
2 1 18.829000 33.611000 24.709000 C
3 1 19.891001 32.591999 24.468000 C
4 1 19.382000 31.320000 24.863001 O
5 1 20.249001 32.457001 23.000000 C
6 1 21.667000 32.090000 22.945999 O
7 1 19.388000 31.337999 22.433001 C
8 1 19.209999 30.475000 23.697001 C
9 1 17.865999 29.802000 23.881001 N
10 1 17.853001 28.542000 24.490000 C
11 1 18.892000 27.966000 24.718000 O
12 1 16.666000 27.952000 24.773001 N
13 1 15.515000 28.570000 24.472000 C
14 1 14.349000 27.992001 24.795000 N
15 1 15.496000 29.861000 23.826000 C
16 1 16.719000 30.434000 23.561001 C
17 2 22.441999 31.841000 21.547001 P
18 2 23.865999 32.299999 21.681000 O
19 2 21.660000 32.424000 20.441999 O
20 2 22.372000 30.226999 21.415001 O
21 2 23.488001 29.406000 21.868999 C
22 2 23.322001 27.952000 21.441999 C
23 2 22.061001 27.417000 21.839001 O
24 2 23.371000 27.790001 19.952000 C
25 2 24.082001 26.665001 19.736000 O
26 2 21.950001 27.534000 19.479000 C
27 2 21.410000 26.844999 20.705000 C
28 2 19.943001 26.985001 20.888000 N
29 2 19.125999 27.976999 20.441999 C
30 2 17.862000 27.789000 20.736000 N
31 2 17.837999 26.599001 21.417999 C
32 2 16.738001 25.871000 21.916000 C
33 2 15.545000 26.207001 21.922001 O
34 2 17.145000 24.636999 22.487000 N
35 2 18.445999 24.188999 22.535000 C
36 2 18.652000 23.044001 23.104000 N
37 2 19.475000 24.879000 22.077000 N
38 2 19.106001 26.080000 21.525999 C
39 3 25.035000 26.566999 18.572001 P
40 3 26.433001 26.806000 19.093000 O
41 3 24.552999 27.422001 17.434000 O
42 3 24.818001 24.990999 18.152000 O
43 3 24.917999 23.931999 19.177000 C
44 3 23.726999 22.900000 19.141001 C
45 3 22.485001 23.487000 19.475000 O
46 3 23.520000 22.284000 17.815001 C
47 3 24.197001 21.056000 17.789000 O
48 3 22.045000 22.028999 17.664000 C
49 3 21.469999 22.671000 18.898001 C
50 3 20.365999 23.518000 18.608000 N
51 3 19.135000 23.146000 19.066000 C
52 3 19.003000 22.127001 19.730000 O
53 3 18.076000 23.938000 18.768000 N
54 3 18.249001 25.062000 18.047001 C
55 3 17.171000 25.808001 17.708000 N
56 3 19.535999 25.445000 17.580000 C
57 3 20.552000 24.636000 17.896000 C
58 4 24.294001 20.287001 16.421000 P
59 4 25.499001 19.386999 16.415001 O
60 4 24.195000 21.285999 15.296000 O
61 4 22.997999 19.410999 16.483999 O
62 4 22.865999 18.490999 17.561001 C
63 4 21.525000 17.886999 17.514000 C
64 4 20.538000 18.906000 17.490999 O
65 4 21.358000 17.094000 16.250999 C
66 4 20.691000 15.865000 16.599001 O
67 4 20.500000 17.913000 15.298000 C
68 4 19.747000 18.782000 16.287001 C
69 4 19.393000 20.173000 15.787000 N
70 4 20.172001 21.094999 15.115000 C
71 4 19.544001 22.237000 14.847000 N
72 4 18.247999 22.033001 15.392000 C
73 4 17.138000 22.944000 15.544000 C
74 4 17.002001 24.087000 15.095000 O
75 4 16.118000 22.377001 16.277000 N
76 4 16.118999 21.121000 16.788000 C
77 4 15.030000 20.750000 17.471001 N
78 4 17.131001 20.268999 16.657000 N
79 4 18.158001 20.782000 15.960000 C
80 5 20.406000 14.718000 15.497000 P
81 5 20.937000 13.447000 16.021000 O
82 5 20.913000 15.158000 14.142000 O
83 5 18.787001 14.680000 15.483000 O
84 5 18.063000 14.764000 16.743999 C
85 5 16.589001 14.982000 16.504000 C
86 5 16.330999 16.351999 16.112000 O
87 5 16.122999 14.134000 15.371000 C
88 5 14.803000 13.727000 15.646000 O
89 5 16.122999 14.998000 14.154000 C
90 5 15.791000 16.346001 14.770000 C
91 5 16.381001 17.503000 14.018000 N
92 5 17.646999 17.636000 13.508000 C
93 5 17.868000 18.787001 12.935000 N
94 5 16.658001 19.461000 13.075000 C
95 5 16.299999 20.813000 12.883000 C
96 5 17.107000 21.708000 12.336000 N
97 5 15.106000 21.209000 13.328000 N
98 5 14.320000 20.334999 13.923000 C
99 5 14.523000 19.058001 14.189000 N
100 5 15.742000 18.681999 13.734000 C
101 6 14.019000 12.867000 14.571000 P
102 6 13.291000 11.796000 15.252000 O
103 6 14.936000 12.439000 13.473000 O
104 6 12.976000 13.920000 14.021000 O
105 6 11.852000 14.271000 14.857000 C
106 6 10.940000 15.219000 14.107000 C
107 6 11.692000 16.358999 13.653000 O
108 6 10.370000 14.551000 12.855000 C
109 6 8.971000 14.881000 12.770000 O
110 6 11.111000 15.132000 11.661000 C
111 6 11.488000 16.504000 12.225000 C
112 6 12.719000 17.077000 11.660000 N
113 6 13.964000 16.538000 11.623000 C
114 6 14.858000 17.332001 11.098000 N
115 6 14.146000 18.466999 10.763000 C
116 6 14.531000 19.725000 10.237000 C
117 6 15.786000 20.018999 9.871000 N
118 6 13.585000 20.645000 10.110000 N
119 6 12.345000 20.344000 10.479000 C
120 6 11.862000 19.219000 10.991000 N
121 6 12.835000 18.322001 11.110000 C
122 7 8.069000 14.329000 11.566000 P
123 7 6.703000 14.183000 12.050000 O
124 7 8.692000 13.146000 10.942000 O
125 7 8.122000 15.482000 10.568000 O
126 7 7.606000 16.754000 10.986000 C
127 7 7.967000 17.766001 9.975000 C
128 7 9.342000 17.725000 9.720000 O
129 7 7.333000 17.468000 8.661000 C
130 7 6.324000 18.372000 8.504000 O
131 7 8.392000 17.671000 7.606000 C
132 7 9.486000 18.261999 8.470000 C
133 7 10.880000 18.035000 8.054000 N
134 7 11.548000 19.111000 7.461000 C
135 7 10.985000 20.193001 7.238000 O
136 7 12.867000 18.915001 7.160000 N
137 7 13.568000 17.812000 7.395000 C
138 7 14.751000 17.775000 7.159000 O
139 7 12.813000 16.750000 7.997000 C
140 7 13.570000 15.494000 8.242000 C
141 7 11.512000 16.893000 8.314000 C
142 8 5.160000 18.122000 7.497000 P
143 8 3.885000 18.632999 8.042000 O
144 8 5.163000 16.740000 7.099000 O
145 8 5.627000 19.002001 6.294000 O
146 8 5.283000 20.399000 6.284000 C
147 8 6.162000 21.128000 5.303000 C
148 8 7.513000 20.658001 5.372000 O
149 8 5.713000 20.889000 3.890000 C
150 8 5.229000 22.162001 3.361000 O
151 8 6.936000 20.396999 3.091000 C
152 8 8.060000 20.739000 4.048000 C
153 8 9.233000 19.833000 3.989000 N
154 8 10.485000 20.374001 3.586000 C
155 8 10.622000 21.552999 3.211000 O
156 8 11.552000 19.503000 3.609000 N
157 8 11.511000 18.160999 3.984000 C
158 8 12.553000 17.487000 4.024000 O
159 8 10.180000 17.684999 4.362000 C
160 8 10.064000 16.240999 4.719000 C
161 8 9.118000 18.517000 4.360000 C
162 9 4.835000 22.320999 1.816000 P
163 9 3.925000 23.445000 1.658000 O
164 9 4.357000 21.021000 1.254000 O
165 9 6.223000 22.664000 1.206000 O
166 9 6.869000 23.850000 1.613000 C
167 9 7.998000 24.080999 0.698000 C
168 9 8.985000 23.061001 0.895000 O
169 9 7.546000 23.966000 -0.751000 C
170 9 7.895000 25.187000 -1.464000 O
171 9 8.260000 22.792999 -1.361000 C
172 9 9.400000 22.603001 -0.376000 C
173 9 9.815000 21.229000 -0.213000 N
174 9 11.161000 20.979000 -0.287000 C
175 9 11.947000 21.893999 -0.471000 O
176 9 11.584000 19.712000 -0.176000 N
177 9 10.712000 18.715000 0.008000 C
178 9 11.182000 17.481001 0.131000 N
179 9 9.290000 18.961000 0.083000 C
180 9 8.906000 20.242001 -0.027000 C
181 10 6.995000 25.641001 -2.715000 P
182 10 6.188000 26.827000 -2.332000 O
183 10 6.232000 24.469000 -3.231000 O
184 10 8.103000 26.038000 -3.789000 O
185 10 9.384000 26.538000 -3.338000 C
186 10 10.498000 25.823000 -4.056000 C
187 10 10.544000 24.445000 -3.652000 O
188 10 10.295000 25.794001 -5.589000 C
189 10 11.553000 26.128000 -6.192000 O
190 10 9.937000 24.343000 -5.966000 C
191 10 10.669000 23.622999 -4.852000 C
192 10 10.174000 22.240000 -4.528000 N
193 10 8.897000 21.787001 -4.330000 C
194 10 8.839000 20.524000 -3.982000 N
195 10 10.181000 20.120001 -3.969000 C
196 10 10.783000 18.882999 -3.546000 C
197 10 10.236000 17.797001 -3.257000 O
198 10 12.167000 18.981001 -3.524000 N
199 10 12.879000 20.073000 -3.872000 C
200 10 14.196000 19.978001 -3.764000 N
201 10 12.342000 21.208000 -4.261000 N
202 10 10.992000 21.170000 -4.288000 C
203 11 11.634000 26.794001 -7.647000 P
204 11 11.374000 28.231001 -7.532000 O
205 11 10.796000 26.048000 -8.598000 O
206 11 13.165000 26.568001 -7.973000 O
207 11 14.087000 26.864000 -6.903000 C
208 11 15.095000 25.774000 -6.769000 C
209 11 14.474000 24.488001 -6.538000 O
210 11 15.892000 25.652000 -8.014000 C
211 11 17.233999 25.570999 -7.584000 O
212 11 15.434000 24.367001 -8.738000 C
213 11 14.938000 23.547001 -7.550000 C
214 11 13.793000 22.629000 -7.823000 N
215 11 13.933000 21.295000 -7.469000 C
216 11 15.020000 20.834999 -7.244000 O
217 11 12.847000 20.517000 -7.472000 N
218 11 11.648000 20.999001 -7.816000 C
219 11 10.585000 20.191999 -7.762000 N
220 11 11.483000 22.344000 -8.217000 C
221 11 12.590000 23.122000 -8.197000 C
222 12 18.386000 25.347000 -8.596000 P
223 12 19.698000 25.587000 -7.920000 O
224 12 18.125999 26.148001 -9.807000 O
225 12 18.176001 23.795000 -8.946000 O
226 12 19.038000 22.771999 -8.394000 C
227 12 19.056999 21.570999 -9.327000 C
228 12 17.730000 20.975000 -9.468000 O
229 12 19.472000 21.993000 -10.711000 C
230 12 20.635000 21.311001 -11.131000 O
231 12 18.323000 21.676001 -11.673000 C
232 12 17.538000 20.653999 -10.877000 C
233 12 16.070000 20.657000 -11.159000 N
234 12 15.300000 21.684999 -11.574000 C
235 12 14.023000 21.386999 -11.674000 N
236 12 13.939000 20.042000 -11.299000 C
237 12 12.790000 19.219999 -11.074000 C
238 12 11.600000 19.476999 -11.289000 O
239 12 13.131000 18.007000 -10.548000 N
240 12 14.367000 17.601000 -10.277000 C
241 12 14.474000 16.400999 -9.792000 N
242 12 15.464000 18.348000 -10.458000 N
243 12 15.172000 19.569000 -10.980000 C
245 13 8.221000 11.985000 -11.701000 O
246 13 8.464000 10.884000 -10.745000 C
247 13 9.847000 11.039000 -10.094000 C
248 13 10.447000 12.286000 -10.517000 O
249 13 9.756000 11.115000 -8.566000 C
250 13 10.997000 10.565000 -7.994000 O
251 13 9.675000 12.604000 -8.235000 C
252 13 10.543000 13.182000 -9.367000 C
253 13 10.161000 14.546000 -9.844000 N
254 13 11.101000 15.558000 -9.722000 C
255 13 12.155000 15.365000 -9.130000 O
256 13 10.821000 16.768999 -10.249000 N
257 13 9.684000 16.982000 -10.883000 C
258 13 9.485000 18.158001 -11.442000 N
259 13 8.692000 15.965000 -11.004000 C
260 13 8.987000 14.758000 -10.475000 C
261 14 10.994000 9.518000 -6.731000 P
262 14 10.952000 8.134000 -7.253000 O
263 14 9.924000 9.861000 -5.755000 O
264 14 12.459000 9.798000 -6.059000 O
265 14 13.677000 9.420000 -6.780000 C
266 14 14.781000 10.466000 -6.577000 C
267 14 14.322000 11.735000 -7.009000 O
268 14 15.146000 10.625000 -5.129000 C
269 14 16.561001 10.677000 -5.022000 O
270 14 14.606000 11.946000 -4.658000 C
271 14 14.540000 12.704000 -5.960000 C
272 14 13.429000 13.657000 -5.994000 N
273 14 12.118000 13.392000 -5.796000 C
274 14 11.351000 14.437000 -5.806000 N
275 14 12.215000 15.500000 -6.030000 C
276 14 11.915000 16.861000 -6.298000 C
277 14 10.805000 17.431999 -6.230000 O
278 14 13.061000 17.563999 -6.667000 N
279 14 14.307000 17.038000 -6.754000 C
280 14 15.284000 17.865999 -7.089000 N
281 14 14.591000 15.762000 -6.512000 N
282 14 13.502000 15.044000 -6.155000 C
283 15 17.235001 10.283000 -3.642000 P
284 15 18.174000 9.173000 -3.886000 O
285 15 16.180000 10.062000 -2.607000 O
286 15 18.042000 11.565000 -3.262000 O
287 15 18.618000 12.332000 -4.293000 C
288 15 18.525999 13.773000 -3.930000 C
289 15 17.202000 14.230000 -4.048000 O
290 15 18.926001 14.023000 -2.503000 C
291 15 20.225000 14.550000 -2.525000 O
292 15 17.959000 15.054000 -1.924000 C
293 15 17.049999 15.322000 -3.130000 C
294 15 15.608000 15.426000 -2.819000 N
295 15 14.935000 16.569000 -3.236000 C
296 15 15.520000 17.457001 -3.818000 O
297 15 13.628000 16.655001 -3.005000 N
298 15 12.975000 15.672000 -2.401000 C
299 15 11.676000 15.775000 -2.272000 N
300 15 13.643000 14.496000 -1.955000 C
301 15 14.966000 14.427000 -2.199000 C
302 16 21.084999 14.622000 -1.204000 P
303 16 22.478001 14.181000 -1.534000 O
304 16 20.393000 13.911000 -0.112000 O
305 16 21.080000 16.188000 -0.862000 O
306 16 21.792000 17.155001 -1.705000 C
307 16 21.177999 18.518999 -1.481000 C
308 16 19.736000 18.410999 -1.523000 O
309 16 21.516001 19.045000 -0.100000 C
310 16 21.990999 20.417000 -0.239000 O
311 16 20.237000 18.997000 0.744000 C
312 16 19.179001 19.006001 -0.342000 C
313 16 17.952999 18.263000 -0.003000 N
314 16 17.826000 17.104000 0.659000 C
315 16 16.594999 16.698000 0.782000 N
316 16 15.858000 17.676001 0.153000 C
317 16 14.477000 17.912001 0.204000 C
318 16 13.613000 17.177000 0.586000 O
319 16 14.151000 19.159000 -0.266000 N
320 16 15.030000 20.065001 -0.705000 C
321 16 14.535000 21.198000 -1.118000 N
322 16 16.334999 19.863001 -0.774000 N
323 16 16.688000 18.642000 -0.331000 C
324 17 22.341999 21.320000 1.045000 P
325 17 23.568001 22.124001 0.768000 O
326 17 22.353001 20.471001 2.324000 O
327 17 21.070999 22.294001 1.067000 O
328 17 20.698000 22.900000 -0.174000 C
329 17 19.584000 23.837999 0.027000 C
330 17 18.372000 23.143999 0.135000 O
331 17 19.763000 24.606001 1.300000 C
332 17 19.375000 25.976000 1.067000 O
333 17 18.855000 24.014999 2.292000 C
334 17 17.815001 23.375000 1.422000 C
335 17 17.417000 22.121000 1.951000 N
336 17 18.219999 21.146000 2.514000 C
337 17 17.546000 20.158001 3.027000 N
338 17 16.207001 20.511000 2.779000 C
339 17 14.984000 19.899000 3.113000 C
340 17 14.902000 18.746000 3.765000 N
341 17 13.865000 20.516001 2.751000 N
342 17 13.968000 21.681999 2.106000 C
343 17 15.051000 22.360001 1.731000 N
344 17 16.135000 21.704000 2.112000 C
345 18 19.544001 27.076000 2.190000 P
346 18 20.080000 28.278999 1.571000 O
347 18 20.309999 26.548000 3.343000 O
348 18 18.038000 27.299000 2.589000 O
349 18 17.082001 27.438000 1.532000 C
350 18 15.721000 27.254999 2.095000 C
351 18 15.541000 25.900000 2.557000 O
352 18 15.526000 28.121000 3.303000 C
353 18 14.187000 28.542000 3.306000 O
354 18 15.768000 27.243999 4.501000 C
355 18 15.216000 25.941999 3.958000 C
356 18 15.754000 24.726000 4.634000 N
357 18 17.052000 24.405001 4.966000 C
358 18 17.174000 23.260000 5.560000 N
359 18 15.861000 22.795000 5.628000 C
360 18 15.286000 21.684999 6.249000 C
361 18 16.018999 20.702999 6.795000 N
362 18 13.925000 21.594000 6.260000 N
363 18 13.211000 22.549000 5.688000 C
364 18 13.624000 23.629999 5.059000 N
365 18 14.993000 23.681999 5.067000 C
366 19 13.708000 29.690001 4.285000 P
367 19 12.618000 30.464001 3.606000 O
368 19 14.888000 30.445000 4.775000 O
369 19 13.079000 28.868000 5.467000 O
370 19 11.659000 28.641001 5.418000 C
371 19 11.294000 27.612000 6.430000 C
372 19 12.342000 26.634001 6.552000 O
373 19 11.159000 28.229000 7.834000 C
374 19 9.748000 28.277000 8.195000 O
375 19 11.902000 27.309000 8.781000 C
376 19 12.192000 26.125999 7.844000 C
377 19 13.389000 25.351000 8.189000 N
378 19 13.152000 24.086000 8.711000 C
379 19 12.001000 23.600000 8.743000 O
380 19 14.270000 23.372000 9.123000 N
381 19 15.586000 23.799999 9.064000 C
382 19 16.514000 23.051001 9.442000 O
383 19 15.749000 25.153999 8.512000 C
384 19 17.150999 25.655001 8.404000 C
385 19 14.666000 25.872000 8.087000 C
386 20 9.267000 28.892000 9.626000 P
387 20 7.827000 29.313999 9.544000 O
388 20 10.237000 29.891001 10.154000 O
389 20 9.348000 27.653999 10.488000 O
390 20 8.277000 26.749001 10.389000 C
391 20 8.557000 25.603001 11.286000 C
392 20 9.913000 25.184999 11.206000 O
393 20 8.333000 25.979000 12.682000 C
394 20 7.163000 25.332001 13.061000 O
395 20 9.530000 25.462000 13.488000 C
396 20 10.235000 24.643000 12.440000 C
397 20 11.676000 24.641001 12.526000 N
398 20 12.253000 23.527000 13.006000 C
399 20 11.590000 22.607000 13.484000 O
400 20 13.613000 23.517000 13.009000 N
401 20 14.428000 24.511000 12.580000 C
402 20 15.665000 24.389999 12.636000 O
403 20 13.721000 25.653000 12.098000 C
404 20 14.550000 26.801001 11.629000 C
405 20 12.397000 25.674999 12.081000 C
406 21 6.495000 25.698000 14.392000 P
407 21 5.042000 25.291000 14.362000 O
408 21 6.783000 27.125999 14.696000 O
409 21 7.290000 24.752001 15.397000 O
410 21 7.120000 23.313999 15.229000 C
411 21 8.079000 22.558001 16.096001 C
412 21 9.417000 22.823000 15.739000 O
413 21 7.946000 22.955000 17.527000 C
414 21 7.392000 21.863001 18.202999 O
415 21 9.333000 23.249001 18.065001 C
416 21 10.181000 22.733000 16.947001 C
417 21 11.401000 23.469000 16.711000 N
418 21 12.602000 22.787001 16.857000 C
419 21 12.627000 21.655001 17.368000 O
420 21 13.742000 23.410000 16.466999 N
421 21 13.724000 24.662001 15.972000 C
422 21 14.861000 25.202000 15.557000 N
423 21 12.490000 25.393999 15.847000 C
424 21 11.358000 24.742001 16.233999 C
425 22 6.561000 22.099001 19.507000 P
426 22 5.307000 21.313000 19.448999 O
427 22 6.401000 23.538000 19.747999 O
428 22 7.557000 21.500000 20.601000 O
429 22 8.034000 20.143999 20.416000 C
430 22 9.419000 19.940001 21.017000 C
431 22 10.354000 20.853001 20.483000 O
432 22 9.426000 20.146000 22.518999 C
433 22 9.848000 18.902000 23.113001 O
434 22 10.447000 21.250999 22.809999 C
435 22 11.268000 21.216000 21.537001 C
436 22 11.867000 22.489000 21.142000 N
437 22 11.213000 23.666000 20.879999 C
438 22 11.958000 24.579000 20.330000 N
439 22 13.219000 23.981001 20.224001 C
440 22 14.437000 24.479000 19.639999 C
441 22 14.650000 25.608000 19.098000 O
442 22 15.459000 23.517000 19.704000 N
443 22 15.340000 22.292999 20.238001 C
444 22 16.416000 21.587999 20.263000 N
445 22 14.199000 21.795000 20.770000 N
446 22 13.179000 22.691000 20.728001 C
447 23 9.824000 18.688000 24.697001 P
448 23 8.804000 17.660000 25.025999 O
449 23 9.672000 20.006001 25.378000 O
450 23 11.310000 18.100000 24.958000 O
451 23 12.196000 17.940001 23.801001 C
452 23 13.645000 17.861000 24.205999 C
453 23 14.405000 18.924999 23.622000 O
454 23 13.800000 17.959999 25.683001 C
455 23 14.801000 17.038000 26.070999 O
456 23 14.250000 19.358999 26.009001 C
457 23 14.848000 19.832001 24.681000 C
458 23 14.457000 21.264999 24.322001 N
459 23 15.409000 22.070000 23.761999 C
460 23 16.490000 21.648001 23.548000 O
461 23 15.096000 23.337000 23.480000 N
462 23 13.885000 23.819000 23.724001 C
463 23 13.624000 25.056000 23.407000 N
464 23 12.878000 23.017000 24.305000 C
465 23 13.210000 21.740000 24.584000 C
466 24 15.177000 16.805000 27.584000 P
467 24 15.564000 15.368000 27.759001 O
468 24 14.079000 17.292999 28.487000 O
469 24 16.448999 17.739000 27.733000 O
470 24 17.757999 17.193001 27.610001 C
471 24 18.743000 18.298000 27.808001 C
472 24 18.365999 19.427999 27.028000 O
473 24 18.749001 18.773001 29.254000 C
474 24 19.846001 18.243999 30.007999 O
475 24 18.851000 20.273001 29.257999 C
476 24 18.652000 20.641001 27.789000 C
477 24 17.532000 21.632999 27.579000 N
478 24 16.201000 21.521000 27.924000 C
479 24 15.503000 22.576000 27.670000 N
480 24 16.424999 23.455000 27.115999 C
481 24 16.238001 24.778999 26.629999 C
482 24 15.202000 25.459999 26.604000 O
483 24 17.423000 25.309999 26.150999 N
484 24 18.624001 24.659000 26.145000 C
485 24 19.652000 25.350000 25.701000 N
486 24 18.809999 23.408001 26.591999 N
487 24 17.669001 22.874001 27.059000 C
