123
1 1 35.682 45.545 6.932 O
2 1 35.860 46.811 7.590 C
3 1 34.667 47.408 8.305 C
4 1 33.485 47.416 7.471 O
5 1 34.250 46.677 9.575 C
6 1 34.988 47.194 10.684 O
7 1 32.780 47.028 9.693 C
8 1 32.337 47.095 8.245 C
9 1 31.819 45.839 7.730 N
10 1 32.457 44.975 6.874 C
11 1 31.730 43.938 6.555 N
12 1 30.544 44.121 7.258 C
13 1 29.344 43.332 7.304 C
14 1 29.089 42.237 6.757 O
15 1 28.381 43.936 8.098 N
16 1 28.535 45.113 8.768 C
17 1 27.491 45.508 9.478 N
18 1 29.626 45.846 8.750 N
19 1 30.586 45.294 7.983 C
40 3 32.383 44.027 16.739 P
41 3 32.543 44.538 18.115 O
42 3 33.481 43.252 16.106 O
43 3 31.087 43.110 16.720 O
44 3 30.097 43.264 17.713 C
45 3 28.956 42.324 17.436 C
46 3 28.778 42.242 16.010 O
47 3 29.207 40.883 17.842 C
48 3 28.908 40.675 19.222 O
49 3 28.212 40.152 16.970 C
50 3 28.260 40.963 15.689 C
51 3 29.125 40.387 14.689 N
52 3 30.355 40.824 14.269 C
53 3 30.845 40.101 13.295 N
54 3 29.876 39.121 13.079 C
55 3 29.843 38.010 12.182 C
56 3 30.668 37.670 11.327 O
57 3 28.698 37.253 12.359 N
58 3 27.721 37.519 13.275 C
59 3 26.707 36.678 13.313 N
60 3 27.732 38.525 14.104 N
61 3 28.826 39.283 13.950 C
62 4 29.553 39.415 19.984 P
63 4 29.070 39.412 21.392 O
64 4 31.015 39.484 19.704 O
65 4 28.907 38.150 19.259 O
66 4 27.515 37.853 19.427 C
67 4 27.144 36.546 18.761 C
68 4 27.213 36.627 17.324 O
69 4 28.020 35.359 19.127 C
70 4 27.567 34.812 20.362 O
71 4 27.754 34.413 17.975 C
72 4 27.631 35.369 16.804 C
73 4 28.863 35.585 16.085 N
74 4 29.179 34.745 15.017 C
75 4 28.424 33.801 14.758 O
76 4 30.303 34.978 14.298 N
77 4 31.098 35.998 14.626 C
78 4 32.182 36.203 13.868 N
79 4 30.816 36.856 15.736 C
80 4 29.695 36.616 16.431 C
81 5 28.440 33.683 21.085 P
82 5 27.750 33.273 22.340 O
83 5 29.833 34.195 21.122 O
84 5 28.356 32.493 20.047 O
85 5 29.264 31.418 20.045 C
86 5 28.936 30.533 18.869 C
87 5 28.905 31.362 17.692 O
88 5 29.929 29.427 18.546 C
89 5 29.535 28.278 19.286 O
90 5 29.655 29.212 17.073 C
91 5 29.431 30.640 16.596 C
92 5 30.657 31.302 16.214 N
93 5 31.223 32.399 16.820 C
94 5 32.314 32.800 16.222 N
95 5 32.475 31.914 15.150 C
96 5 33.448 31.867 14.112 C
97 5 34.404 32.632 13.903 O
98 5 33.225 30.797 13.250 N
99 5 32.204 29.896 13.363 C
100 5 32.149 28.935 12.437 N
101 5 31.296 29.925 14.307 N
102 5 31.480 30.963 15.155 C
123 7 33.619 22.744 18.340 P
124 7 33.117 21.425 18.776 O
125 7 34.041 23.744 19.361 O
126 7 34.804 22.542 17.290 O
127 7 34.709 21.572 16.254 C
128 7 35.819 21.774 15.252 C
129 7 35.776 23.134 14.801 O
130 7 37.235 21.625 15.786 C
131 7 37.626 20.257 15.761 O
132 7 38.030 22.403 14.759 C
133 7 37.086 23.549 14.445 C
134 7 37.369 24.749 15.206 N
135 7 36.642 25.270 16.250 C
136 7 37.125 26.405 16.684 N
137 7 38.243 26.633 15.886 C
138 7 39.164 27.725 15.854 C
139 7 39.200 28.728 16.569 O
140 7 40.121 27.551 14.866 N
141 7 40.195 26.466 14.032 C
142 7 41.180 26.458 13.157 N
143 7 39.363 25.453 14.051 N
144 7 38.414 25.605 14.990 C
145 8 38.735 19.723 16.791 P
146 8 38.676 18.270 16.555 O
147 8 38.578 20.270 18.154 O
148 8 40.107 20.296 16.245 O
149 8 40.427 20.208 14.868 C
150 8 41.735 20.918 14.615 C
151 8 41.509 22.332 14.823 O
152 8 42.816 20.484 15.606 C
153 8 43.961 19.849 15.026 O
154 8 43.138 21.730 16.407 C
155 8 42.556 22.878 15.604 C
156 8 41.991 23.946 16.472 N
157 8 42.666 25.167 16.546 C
158 8 43.686 25.331 15.863 O
159 8 42.202 26.129 17.355 N
160 8 41.121 25.913 18.089 C
161 8 40.727 26.890 18.894 N
162 8 40.397 24.685 18.031 C
163 8 40.855 23.737 17.204 C
