1212 3087
0 2
0 3
0 4
1 3
1 4
1 17
2 5
2 6
2 7
2 16
2 17
3 4
3 6
3 8
3 9
3 10
4 7
4 16
4 17
5 6
5 7
5 17
5 18
5 19
5 20
6 8
6 15
7 9
7 10
7 15
8 10
8 11
8 12
8 14
9 12
9 14
9 15
10 11
10 401
11 13
11 14
11 15
11 399
12 15
13 14
13 378
13 398
16 20
17 18
17 19
17 20
18 19
19 21
19 22
19 23
20 22
20 23
21 24
21 25
21 26
22 23
22 25
22 27
22 28
22 36
23 26
23 37
23 39
24 25
24 38
24 39
24 40
24 41
25 27
25 28
25 37
25 39
26 28
26 35
26 36
27 29
27 30
27 35
28 30
28 36
29 31
29 32
29 36
30 32
30 33
30 34
30 35
31 34
31 35
31 36
32 33
32 358
32 378
33 35
33 36
33 376
34 36
34 401
37 41
38 39
38 40
38 41
39 40
40 42
40 43
40 44
41 43
41 44
42 45
42 46
42 47
43 44
43 46
43 48
43 49
44 47
44 58
44 60
45 46
45 59
45 60
45 61
45 62
46 48
47 49
47 56
47 57
48 50
48 51
48 56
49 51
49 57
50 52
50 53
50 57
51 53
51 54
51 55
51 56
52 55
52 56
52 57
53 54
53 74
53 358
54 56
54 57
54 356
55 57
58 62
59 60
59 61
59 62
60 61
61 63
61 64
61 65
62 64
62 65
63 66
63 67
63 68
64 65
64 67
64 69
64 70
65 68
65 79
65 81
65 82
66 67
66 80
66 81
66 82
66 83
67 69
67 79
67 82
68 70
68 77
68 78
69 71
69 72
69 77
70 72
70 78
71 73
71 74
71 78
72 74
72 75
72 76
72 77
73 76
73 77
73 78
74 75
74 338
75 77
75 78
75 336
76 78
79 83
80 81
80 82
80 83
81 82
82 84
82 85
82 86
83 85
83 86
84 87
84 88
84 89
85 86
85 88
85 90
85 91
86 89
86 101
86 103
87 88
87 102
87 103
87 104
87 105
88 90
88 101
88 103
88 104
89 91
89 99
89 100
90 92
90 93
90 99
91 93
91 100
92 94
92 95
92 100
93 95
93 96
93 97
93 99
94 97
94 99
94 100
95 96
95 319
96 98
96 99
96 100
96 317
97 100
98 99
98 120
98 316
101 105
102 103
102 104
102 105
103 104
104 106
104 107
104 108
105 107
105 108
106 109
106 110
106 111
107 108
107 110
107 112
107 113
108 111
108 122
108 124
109 110
109 111
109 123
109 124
109 125
109 126
110 112
110 113
110 122
110 125
111 113
111 120
111 121
112 114
112 115
112 120
113 115
113 121
114 116
114 117
114 121
115 117
115 118
115 119
115 120
116 119
116 120
116 121
117 118
117 299
118 120
118 121
118 139
118 297
119 121
122 126
123 124
123 125
123 126
124 125
125 127
125 128
125 129
126 128
126 129
127 130
127 131
127 132
128 129
128 130
128 131
128 133
128 134
129 132
129 143
129 145
130 131
130 132
130 144
130 145
130 146
130 147
131 133
131 143
131 145
131 146
132 134
132 141
132 142
133 135
133 136
133 141
134 136
134 142
135 137
135 138
135 142
136 138
136 139
136 140
136 141
137 140
137 141
137 142
138 139
138 279
139 141
139 142
139 277
140 142
140 296
143 147
144 145
144 146
144 147
145 146
146 148
146 149
146 150
147 149
147 150
148 151
148 152
148 153
149 150
149 151
149 152
149 154
149 155
150 153
150 164
150 166
151 152
151 153
151 165
151 166
151 167
151 168
152 154
152 155
152 167
153 155
153 162
153 163
154 156
154 157
154 162
155 157
155 163
156 158
156 159
156 163
157 159
157 160
157 161
157 162
158 161
158 162
158 163
159 160
159 259
160 162
160 163
160 257
161 163
161 276
164 168
165 166
165 167
165 168
166 167
167 169
167 170
167 171
168 170
168 171
169 172
169 173
169 174
170 171
170 173
170 175
170 176
171 174
171 185
171 187
172 173
172 174
172 186
172 187
172 188
172 189
173 175
173 176
173 188
174 176
174 183
174 184
175 177
175 178
175 183
176 178
176 184
177 179
177 180
177 184
178 180
178 181
178 182
178 183
179 182
179 183
179 184
180 181
180 201
180 220
180 239
181 183
181 184
181 237
182 184
185 189
186 187
186 188
186 189
187 188
188 190
188 191
188 192
189 191
189 192
190 193
190 194
190 195
191 192
191 194
191 196
191 206
192 195
193 194
193 195
194 196
194 197
195 197
195 205
195 206
196 198
196 199
196 205
197 199
197 206
198 200
198 201
198 206
199 201
199 202
199 203
199 205
200 203
200 205
200 206
201 202
201 220
202 204
202 205
202 206
202 218
203 206
204 205
204 217
207 209
207 210
207 211
208 210
208 211
209 212
209 213
209 214
210 211
210 213
210 215
210 222
211 214
211 223
211 225
211 226
212 213
212 224
212 225
212 226
212 227
213 215
213 226
214 216
214 217
214 222
215 217
215 218
215 219
215 221
216 219
216 221
216 222
217 218
218 220
218 221
218 222
219 222
220 221
223 227
224 225
224 226
224 227
225 226
226 228
226 229
226 230
227 229
227 230
228 231
228 232
228 233
229 230
229 232
229 234
229 242
230 233
230 243
230 245
231 232
231 244
231 245
231 246
231 247
232 234
232 242
233 235
233 236
233 242
234 236
234 237
234 238
234 240
235 238
235 240
235 242
236 237
237 239
237 240
237 242
238 241
238 242
239 240
239 241
241 242
243 247
244 245
244 246
244 247
245 246
246 248
246 249
246 250
247 249
247 250
248 251
248 252
248 253
249 250
249 252
249 254
249 262
250 253
250 263
250 265
251 252
251 253
251 264
251 265
251 266
251 267
252 254
252 262
252 263
252 266
253 255
253 256
253 262
254 256
254 257
254 258
254 260
255 258
255 260
255 262
256 257
257 259
257 260
257 262
258 261
258 262
259 260
259 261
261 262
263 267
264 265
264 266
264 267
265 266
266 268
266 269
266 270
267 269
267 270
268 271
268 272
268 273
269 270
269 272
269 274
269 282
270 273
270 283
270 285
271 272
271 273
271 284
271 285
271 286
271 287
272 274
272 282
272 283
272 285
272 286
273 275
273 276
273 282
274 276
274 277
274 278
274 280
275 278
275 280
275 282
276 277
277 279
277 280
277 282
278 281
278 282
279 280
279 281
281 282
283 287
284 285
284 286
284 287
285 286
286 288
286 289
286 290
287 289
287 290
288 291
288 292
288 293
289 290
289 292
289 294
289 302
290 293
290 303
290 305
291 292
291 293
291 304
291 305
291 306
291 307
292 294
292 302
292 303
292 305
292 306
293 295
293 296
293 302
294 296
294 297
294 298
294 300
295 298
295 300
295 302
296 297
296 309
297 299
297 300
297 302
298 301
298 302
299 300
299 301
301 302
303 307
304 305
304 306
304 307
305 306
305 794
306 308
306 309
306 310
307 309
307 310
308 311
308 312
308 313
309 310
309 311
309 312
309 314
309 321
310 313
310 322
310 324
311 312
311 313
311 323
311 324
311 325
311 326
312 314
312 321
312 322
313 315
313 316
313 321
314 316
314 317
314 318
314 320
315 318
315 320
315 321
316 317
317 319
317 320
317 321
318 321
319 320
322 326
323 324
323 325
323 326
324 325
325 327
325 328
325 329
326 328
326 329
327 330
327 331
327 332
328 329
328 331
328 333
328 341
329 332
329 342
329 344
330 331
330 343
330 344
330 345
330 346
331 333
331 341
331 344
332 334
332 335
332 341
333 335
333 336
333 337
333 339
334 337
334 339
334 341
335 336
336 338
336 339
336 341
337 340
337 341
338 339
338 340
340 341
342 346
343 344
343 345
343 346
344 345
345 347
345 348
345 349
346 348
346 349
347 350
347 351
347 352
348 349
348 350
348 351
348 353
348 361
349 352
349 362
349 364
350 351
350 352
350 363
350 364
350 365
350 366
351 353
352 354
352 355
352 361
353 355
353 356
353 357
353 359
354 357
354 359
354 361
355 356
356 358
356 359
356 361
357 360
357 361
358 359
358 360
360 361
362 366
363 364
363 365
363 366
364 365
365 367
365 368
365 369
366 368
366 369
367 370
367 371
367 372
368 369
368 371
368 373
368 374
368 375
368 381
369 372
369 382
369 383
369 384
370 371
370 372
370 383
370 384
370 385
370 386
370 394
371 373
371 381
372 374
372 375
372 381
373 375
373 376
373 377
373 379
374 377
374 379
374 381
375 376
376 378
376 379
376 381
377 380
377 381
378 379
378 380
380 381
382 386
383 384
383 385
383 386
384 385
385 387
385 388
385 389
386 388
386 389
387 390
387 391
387 392
388 389
388 390
388 391
388 393
388 394
388 403
389 392
390 391
390 392
391 393
391 394
392 394
392 402
392 403
393 395
393 396
393 402
394 396
394 403
395 397
395 398
395 403
396 398
396 399
396 400
396 402
397 400
397 402
397 403
398 399
399 401
399 402
399 403
400 403
401 402
404 406
404 407
404 408
404 419
405 407
405 408
406 409
406 410
406 411
407 408
407 410
407 412
407 419
408 411
408 420
408 422
409 410
409 421
409 422
409 423
409 424
410 412
410 419
410 420
410 422
410 423
411 413
411 414
411 419
412 414
412 415
412 416
412 418
413 416
413 418
413 419
414 415
414 805
415 417
415 418
415 419
415 803
416 419
417 418
420 424
421 422
421 423
421 424
422 423
423 425
423 426
423 427
424 426
424 427
425 428
425 429
425 430
426 427
426 429
426 431
426 432
427 430
427 441
427 443
428 429
428 442
428 443
428 444
428 445
429 431
429 445
430 432
430 439
430 440
431 433
431 434
431 439
432 434
432 440
433 435
433 436
433 440
434 436
434 437
434 438
434 439
435 438
435 439
435 440
435 456
435 457
436 437
436 457
436 762
437 439
437 440
437 458
438 440
441 445
442 443
442 444
443 444
443 445
444 446
444 448
445 447
445 448
446 449
446 450
446 451
447 448
447 449
447 450
447 452
447 453
448 451
448 462
448 464
449 450
449 451
449 463
449 464
449 465
449 466
450 452
450 453
450 465
451 453
451 460
451 461
452 454
452 455
452 460
453 455
453 461
454 456
454 457
454 461
455 457
455 458
455 459
455 460
456 459
456 460
456 461
457 458
458 460
458 461
458 759
458 760
459 461
459 759
462 466
463 464
463 465
463 466
464 465
465 467
465 468
465 469
466 468
466 469
467 470
467 471
467 472
468 469
468 471
468 473
468 474
469 472
469 483
469 485
470 471
470 484
470 485
470 486
470 487
471 473
472 474
472 481
472 482
473 475
473 476
473 481
474 476
474 482
475 477
475 478
475 482
476 478
476 479
476 480
476 481
477 480
477 481
477 482
478 479
479 481
479 482
479 739
479 740
480 482
480 739
483 487
484 485
484 486
484 487
485 486
486 488
486 489
486 490
487 489
487 490
488 491
488 492
488 493
489 490
489 492
489 494
489 495
490 493
490 505
490 507
491 492
491 506
491 507
491 508
491 509
492 494
492 505
492 508
493 495
493 503
493 504
494 496
494 497
494 503
495 497
495 504
496 498
496 499
496 504
497 499
497 500
497 501
497 503
498 501
498 503
498 504
498 520
498 721
499 500
499 520
499 521
499 721
499 722
499 723
500 502
500 503
500 504
500 719
500 720
500 721
501 504
501 720
502 503
502 720
502 732
502 739
505 509
506 507
506 508
506 509
507 508
508 510
508 511
508 512
509 511
509 512
510 513
510 514
510 515
511 512
511 514
511 516
511 517
512 515
512 526
512 528
513 514
513 527
513 528
513 529
513 530
514 516
514 526
514 528
515 517
515 524
515 525
516 518
516 519
516 524
517 519
517 525
518 520
518 521
518 525
519 521
519 522
519 523
519 524
520 523
520 524
520 525
521 522
521 703
522 524
522 525
522 701
523 525
523 544
523 545
523 546
524 546
526 530
527 528
527 529
527 530
528 529
529 531
529 532
529 533
530 532
530 533
531 534
531 535
531 536
532 533
532 535
532 537
532 538
533 536
533 547
533 549
534 535
534 548
534 549
534 550
534 551
535 537
535 551
536 538
536 545
536 546
537 539
537 540
537 545
538 540
538 546
539 541
539 542
539 546
540 542
540 543
540 544
540 545
541 544
541 545
541 546
542 543
542 563
542 663
543 545
543 546
543 681
544 546
547 551
548 549
548 550
549 550
549 551
550 552
550 554
551 553
551 554
552 555
552 556
552 557
553 554
553 556
553 558
553 559
554 557
554 568
554 570
555 556
555 569
555 570
555 571
555 572
556 558
556 559
556 570
556 572
557 559
557 566
557 567
558 560
558 561
558 566
559 561
559 567
560 562
560 563
560 567
561 563
561 564
561 565
561 566
562 565
562 566
562 567
562 663
563 564
563 643
563 663
564 566
564 567
564 585
564 661
564 662
564 663
565 567
565 586
565 661
565 680
568 572
569 570
569 571
570 571
570 572
571 573
571 575
572 574
572 575
573 576
573 577
573 578
574 575
574 577
574 579
574 580
575 578
575 589
575 591
576 577
576 590
576 591
576 592
576 593
577 579
577 589
577 592
578 580
578 587
578 588
579 581
579 582
579 587
580 582
580 588
581 583
581 584
581 588
582 584
582 585
582 586
582 587
583 586
583 587
583 588
583 641
584 585
584 622
584 623
584 624
584 641
584 642
584 643
585 587
585 588
585 640
585 641
586 588
589 593
590 591
590 592
590 593
591 592
592 594
592 595
592 596
593 595
593 596
594 597
594 598
594 599
595 596
595 598
595 600
595 601
596 599
597 598
598 600
599 601
599 609
599 610
600 602
600 603
600 609
601 603
601 610
602 604
602 605
602 610
603 605
603 606
603 607
603 609
604 607
604 609
604 610
604 622
605 606
605 622
605 623
605 624
606 608
606 609
606 610
606 620
606 621
606 622
607 610
607 621
608 609
608 621
611 613
611 615
612 614
612 615
613 616
613 617
613 618
614 615
614 617
614 619
614 626
615 618
615 627
615 629
616 617
616 628
616 629
616 630
617 619
618 620
618 621
618 626
619 621
619 622
619 623
619 625
620 623
620 625
620 626
621 622
622 624
622 625
622 626
623 626
624 625
627 631
628 629
628 630
628 631
629 630
630 632
630 633
631 633
631 634
632 635
632 636
632 637
633 634
633 636
633 638
633 646
634 637
634 647
634 649
635 636
635 648
635 649
635 650
636 638
636 646
636 647
636 649
636 666
637 639
637 640
637 646
638 640
638 641
638 642
638 644
639 642
639 644
639 646
640 641
641 643
641 644
641 646
642 645
642 646
643 644
643 645
645 646
647 651
648 649
648 650
649 650
649 651
649 652
649 653
649 654
649 656
649 666
650 652
650 654
651 653
651 654
652 655
652 656
652 657
652 668
653 654
653 656
653 658
653 666
654 657
654 667
654 668
655 656
655 657
655 668
655 669
655 670
656 658
656 666
656 684
656 685
657 659
657 660
657 666
658 660
658 661
658 662
658 664
659 662
659 664
659 666
660 661
661 663
661 664
661 666
662 665
662 666
663 664
663 665
665 666
667 671
668 669
668 670
668 671
669 670
670 672
670 674
671 673
671 674
672 675
672 676
672 677
673 674
673 676
673 678
673 686
674 677
674 687
674 689
675 676
675 688
675 689
675 690
675 691
676 678
676 686
676 705
676 706
677 679
677 680
677 686
678 680
678 681
678 682
678 684
679 682
679 684
679 686
680 681
681 683
681 684
681 686
682 685
682 686
683 684
683 685
685 686
686 705
687 691
688 689
688 690
688 691
689 690
690 692
690 693
690 694
691 693
691 694
692 695
692 696
692 697
693 694
693 696
693 698
693 706
694 697
694 707
694 709
695 696
695 708
695 709
695 710
695 711
696 698
696 706
696 707
696 709
696 710
696 725
697 699
697 700
697 706
698 700
698 701
698 702
698 704
699 702
699 704
699 706
699 724
700 701
700 718
700 724
700 725
701 703
701 704
701 706
702 705
702 706
703 704
703 705
705 706
707 711
708 709
708 710
708 711
709 710
710 712
710 713
710 714
711 713
711 714
712 715
712 716
712 717
713 714
713 716
713 718
713 725
714 717
714 726
714 728
715 716
715 727
715 728
715 729
715 730
716 718
716 726
716 729
717 719
717 720
717 725
718 720
718 721
718 722
718 724
719 722
719 724
719 725
720 721
720 732
721 723
721 724
721 725
722 725
723 724
726 730
727 728
727 729
727 730
728 729
729 731
729 732
729 733
730 732
730 733
731 734
731 735
731 736
732 733
732 735
732 737
732 745
733 736
733 746
733 748
734 735
734 747
734 748
734 749
734 750
735 737
736 738
736 739
736 745
737 739
737 740
737 741
737 743
738 741
738 743
738 745
739 740
739 757
740 742
740 743
740 745
741 744
741 745
742 743
742 744
744 745
746 750
747 748
747 749
747 750
748 749
749 751
749 752
749 753
750 752
750 753
751 754
751 755
751 756
752 753
752 755
752 757
752 765
753 756
753 766
753 768
754 755
754 756
754 767
754 768
754 769
754 770
755 757
755 769
755 785
756 758
756 759
756 765
757 759
757 760
757 761
757 763
758 761
758 763
758 765
759 760
760 762
760 763
760 765
761 764
761 765
762 763
762 764
764 765
766 770
767 768
767 769
767 770
768 769
769 771
769 772
769 773
770 772
770 773
771 774
771 775
771 776
772 773
772 775
772 777
772 785
773 776
773 786
773 788
774 775
774 787
774 788
774 789
774 790
775 777
775 785
776 778
776 779
776 785
777 779
777 780
777 781
777 783
778 781
778 783
778 785
779 780
780 782
780 783
780 785
781 784
781 785
782 783
782 784
784 785
786 790
787 788
787 789
787 790
788 789
789 791
789 792
789 793
790 792
790 793
791 794
791 795
791 796
792 793
792 794
792 795
792 797
793 796
794 795
794 796
795 797
795 798
796 798
796 806
796 807
797 799
797 800
797 806
798 800
798 807
799 801
799 802
799 807
800 802
800 803
800 804
800 806
801 804
801 806
801 807
802 803
803 805
803 806
803 807
804 807
805 806
808 810
808 811
808 812
809 811
809 812
810 813
810 814
810 815
811 812
811 814
811 816
811 823
812 815
812 824
812 826
813 814
813 825
813 826
813 827
813 828
814 816
814 824
814 826
814 827
814 836
815 817
815 818
815 823
816 818
816 819
816 820
816 822
817 820
817 822
817 823
818 819
818 830
818 835
818 836
818 1209
819 821
819 822
819 823
819 1209
820 823
821 822
821 1207
824 828
825 826
825 827
825 828
826 827
827 829
827 830
827 831
828 830
828 831
829 832
829 833
829 834
830 831
830 833
830 835
830 836
831 834
831 845
831 847
832 833
832 846
832 847
832 848
832 849
833 835
833 849
834 836
834 843
834 844
835 837
835 838
835 843
836 838
836 844
837 839
837 840
837 844
838 840
838 841
838 842
838 843
839 842
839 843
839 844
839 1186
840 841
840 1186
841 843
841 844
841 860
841 862
841 863
841 1184
841 1185
841 1186
842 844
842 863
842 864
842 865
842 1184
845 849
846 847
846 848
847 848
847 849
848 850
849 851
849 852
850 853
850 854
850 855
851 852
851 854
851 856
851 857
852 855
852 866
852 868
853 854
853 867
853 868
853 869
853 870
854 856
854 878
855 857
855 864
855 865
856 858
856 859
856 864
857 859
857 865
858 860
858 861
858 865
859 861
859 862
859 863
859 864
860 863
860 864
860 865
860 1166
861 862
861 1166
862 864
862 865
862 1164
862 1165
862 1166
863 865
863 1164
866 870
867 868
867 869
867 870
868 869
869 871
869 872
869 873
870 872
870 873
871 874
871 875
871 876
872 873
872 875
872 877
872 878
873 876
873 887
873 889
874 875
874 888
874 889
874 890
874 891
875 877
876 878
876 885
876 886
877 879
877 880
877 885
878 880
878 886
879 881
879 882
879 886
880 882
880 883
880 884
880 885
881 884
881 885
881 886
882 883
883 885
883 886
883 904
883 905
883 1144
884 886
884 907
887 891
888 889
888 890
888 891
889 890
890 892
890 893
890 894
891 893
891 894
892 895
892 896
892 897
893 894
893 896
893 898
893 899
894 897
894 909
894 911
895 896
895 910
895 911
895 912
895 913
896 898
896 912
897 899
897 907
897 908
898 900
898 901
898 907
899 901
899 908
900 902
900 903
900 908
901 903
901 904
901 905
901 907
901 922
902 905
902 907
902 908
902 924
902 925
903 904
903 924
903 925
903 1107
904 906
904 907
904 908
904 1125
905 908
906 907
906 1124
906 1125
906 1142
906 1143
906 1144
908 922
909 913
910 911
910 912
910 913
911 912
912 914
912 915
912 916
913 915
913 916
914 917
914 918
914 919
915 916
915 918
915 920
915 921
916 919
916 930
916 932
917 918
917 931
917 932
917 933
917 934
918 920
919 921
919 928
919 929
920 922
920 923
920 928
921 923
921 929
922 924
922 925
922 929
923 925
923 926
923 927
923 928
924 927
924 928
924 929
925 926
925 1107
926 928
926 929
926 945
926 1105
926 1107
927 929
927 944
927 945
928 944
928 950
930 934
931 932
931 933
931 934
932 933
933 935
933 936
933 937
934 936
934 937
935 938
935 939
935 940
936 937
936 939
936 941
936 942
937 940
937 951
937 953
938 939
938 952
938 953
938 954
938 955
939 941
939 953
939 955
940 942
940 949
940 950
941 943
941 944
941 949
942 944
942 950
943 945
943 946
943 950
944 946
944 947
944 948
944 949
945 948
945 949
945 950
945 1087
946 947
946 1087
947 949
947 950
947 1085
948 950
948 1104
951 955
952 953
952 954
953 954
953 955
954 956
954 958
955 957
955 958
956 959
956 960
956 961
957 958
957 960
957 962
957 963
958 961
958 972
958 974
959 960
959 973
959 974
959 975
959 976
960 962
960 963
960 976
961 963
961 970
961 971
962 964
962 965
962 970
963 965
963 971
964 966
964 967
964 971
965 967
965 968
965 969
965 970
965 985
966 969
966 970
966 971
966 986
966 987
966 1065
967 968
967 987
967 1045
967 1047
967 1065
967 1066
967 1067
968 970
968 971
968 991
968 992
968 1063
968 1064
968 1065
969 971
969 983
969 991
969 992
969 1064
970 978
970 983
970 984
971 984
971 985
972 976
973 974
973 975
974 975
974 976
975 977
976 978
976 979
977 980
977 981
977 982
978 979
978 980
978 981
978 983
978 984
979 982
979 993
979 995
980 981
980 994
980 995
980 996
980 997
981 983
981 996
981 999
981 1005
982 984
982 991
982 992
982 999
983 985
983 986
983 991
983 1005
984 986
984 992
985 987
985 988
985 992
986 988
986 989
986 990
986 991
986 1006
986 1007
987 990
987 991
987 992
987 1008
987 1045
988 989
988 1047
989 991
989 992
989 1011
989 1043
989 1044
989 1045
990 992
990 1013
990 1014
990 1044
990 1045
991 999
991 1004
991 1014
992 1004
992 1005
993 997
994 995
994 996
994 997
995 996
996 998
996 999
996 1000
997 999
997 1000
998 1001
998 1002
998 1003
999 1000
999 1002
999 1004
999 1005
1000 1003
1001 1002
1001 1003
1002 1004
1003 1005
1003 1013
1003 1014
1004 1006
1004 1007
1004 1013
1005 1007
1005 1014
1006 1008
1006 1009
1006 1014
1007 1009
1007 1010
1007 1011
1007 1013
1008 1011
1008 1013
1008 1014
1008 1028
1009 1010
1009 1028
1010 1012
1010 1013
1010 1014
1010 1026
1010 1027
1010 1028
1011 1014
1011 1026
1012 1013
1012 1024
1012 1025
1012 1026
1015 1017
1016 1018
1016 1019
1017 1020
1017 1021
1017 1022
1018 1019
1018 1021
1018 1023
1018 1030
1019 1022
1019 1031
1019 1033
1020 1021
1020 1032
1020 1033
1020 1034
1020 1035
1021 1023
1021 1030
1021 1031
1021 1033
1021 1034
1021 1050
1022 1024
1022 1025
1022 1030
1023 1025
1023 1026
1023 1027
1023 1029
1024 1027
1024 1029
1024 1030
1025 1026
1026 1028
1026 1029
1026 1030
1027 1030
1028 1029
1030 1049
1031 1035
1032 1033
1032 1034
1032 1035
1033 1034
1034 1036
1034 1037
1034 1038
1035 1037
1035 1038
1036 1039
1036 1040
1036 1041
1037 1038
1037 1040
1037 1042
1037 1050
1038 1041
1038 1051
1038 1053
1039 1040
1039 1052
1039 1053
1039 1054
1039 1055
1040 1042
1040 1051
1040 1053
1040 1070
1041 1043
1041 1044
1041 1050
1042 1044
1042 1045
1042 1046
1042 1048
1043 1046
1043 1048
1043 1050
1044 1045
1044 1063
1045 1047
1045 1048
1045 1050
1045 1065
1046 1049
1046 1050
1047 1048
1047 1049
1049 1050
1051 1055
1052 1053
1052 1054
1053 1054
1053 1055
1053 1058
1053 1060
1053 1070
1054 1056
1054 1058
1055 1057
1055 1058
1056 1059
1056 1060
1056 1061
1056 1071
1056 1072
1057 1058
1057 1060
1057 1062
1057 1070
1058 1061
1058 1071
1058 1072
1059 1060
1059 1072
1059 1073
1059 1074
1060 1062
1060 1070
1060 1089
1060 1090
1061 1063
1061 1064
1061 1070
1062 1064
1062 1065
1062 1066
1062 1068
1063 1066
1063 1068
1063 1070
1064 1065
1065 1067
1065 1068
1065 1070
1066 1069
1066 1070
1067 1068
1067 1069
1069 1070
1071 1075
1072 1073
1072 1074
1072 1075
1073 1074
1074 1076
1074 1078
1075 1077
1075 1078
1076 1079
1076 1080
1076 1081
1077 1078
1077 1080
1077 1082
1077 1090
1078 1081
1078 1091
1078 1093
1079 1080
1079 1081
1079 1092
1079 1093
1079 1094
1079 1095
1080 1082
1080 1090
1080 1091
1080 1093
1081 1083
1081 1084
1081 1090
1082 1084
1082 1085
1082 1086
1082 1088
1083 1086
1083 1088
1083 1090
1084 1085
1085 1087
1085 1088
1085 1090
1086 1089
1086 1090
1087 1088
1087 1089
1089 1090
1091 1095
1092 1093
1092 1094
1092 1095
1093 1094
1094 1096
1094 1097
1094 1098
1095 1097
1095 1098
1096 1099
1096 1100
1096 1101
1097 1098
1097 1100
1097 1102
1097 1110
1098 1101
1098 1111
1098 1113
1099 1100
1099 1112
1099 1113
1099 1114
1099 1115
1100 1102
1100 1111
1100 1114
1101 1103
1101 1104
1101 1110
1102 1104
1102 1105
1102 1106
1102 1108
1103 1106
1103 1108
1103 1110
1104 1105
1105 1107
1105 1108
1105 1110
1106 1109
1106 1110
1107 1108
1107 1109
1109 1110
1111 1115
1112 1113
1112 1114
1112 1115
1113 1114
1114 1116
1114 1117
1114 1118
1115 1117
1115 1118
1116 1119
1116 1120
1116 1121
1117 1118
1117 1120
1117 1122
1117 1129
1118 1121
1118 1130
1118 1132
1119 1120
1119 1131
1119 1132
1119 1133
1119 1134
1120 1122
1120 1129
1120 1130
1120 1133
1121 1123
1121 1124
1121 1129
1122 1124
1122 1125
1122 1126
1122 1128
1123 1126
1123 1128
1123 1129
1124 1125
1125 1127
1125 1128
1125 1129
1126 1129
1126 1145
1126 1146
1127 1128
1127 1146
1128 1146
1129 1148
1130 1134
1131 1132
1131 1133
1131 1134
1132 1133
1133 1135
1133 1136
1133 1137
1134 1136
1134 1137
1135 1138
1135 1139
1135 1140
1136 1137
1136 1139
1136 1141
1136 1149
1137 1140
1137 1150
1137 1152
1138 1139
1138 1151
1138 1152
1138 1153
1138 1154
1139 1141
1139 1149
1139 1150
1139 1152
1140 1142
1140 1143
1140 1149
1141 1143
1141 1144
1141 1145
1141 1147
1142 1145
1142 1147
1142 1149
1143 1144
1144 1146
1144 1147
1144 1149
1145 1148
1145 1149
1146 1147
1146 1148
1148 1149
1150 1154
1151 1152
1151 1153
1152 1153
1153 1155
1153 1157
1154 1156
1154 1157
1155 1158
1155 1159
1155 1160
1156 1157
1156 1159
1156 1161
1156 1169
1157 1160
1157 1170
1157 1172
1157 1173
1158 1159
1158 1171
1158 1172
1158 1173
1158 1174
1159 1161
1159 1169
1159 1170
1159 1173
1160 1162
1160 1163
1160 1169
1161 1163
1161 1164
1161 1165
1161 1167
1162 1165
1162 1167
1162 1169
1163 1164
1164 1166
1164 1167
1164 1169
1165 1168
1165 1169
1166 1167
1166 1168
1168 1169
1170 1174
1171 1172
1171 1173
1171 1174
1172 1173
1173 1175
1173 1176
1173 1177
1174 1176
1174 1177
1175 1178
1175 1179
1175 1180
1175 1191
1176 1177
1176 1179
1176 1181
1177 1180
1177 1190
1177 1191
1178 1179
1178 1180
1178 1191
1178 1192
1178 1193
1178 1194
1178 1202
1179 1181
1179 1189
1179 1202
1179 1203
1180 1182
1180 1183
1180 1189
1181 1183
1181 1184
1181 1185
1181 1187
1182 1185
1182 1187
1182 1189
1183 1184
1184 1186
1184 1187
1184 1189
1185 1188
1185 1189
1186 1187
1186 1188
1187 1206
1188 1189
1190 1194
1191 1192
1191 1193
1191 1194
1192 1193
1193 1195
1193 1196
1193 1197
1194 1196
1194 1197
1195 1198
1195 1199
1195 1200
1196 1197
1196 1199
1196 1201
1196 1202
1197 1200
1198 1199
1199 1201
1199 1202
1200 1202
1200 1210
1200 1211
1201 1203
1201 1204
1201 1210
1202 1204
1202 1211
1203 1205
1203 1206
1203 1211
1204 1206
1204 1207
1204 1208
1204 1210
1205 1208
1205 1210
1205 1211
1206 1207
1207 1209
1207 1210
1207 1211
1208 1211
1209 1210
1 1 13.117000 -7.692000 20.313000 O
2 1 12.685000 -9.006000 20.662001 C
3 1 11.443000 -8.944000 21.533001 C
4 1 11.774000 -8.527000 22.882000 O
5 1 10.341000 -8.001000 21.028999 C
6 1 9.173000 -8.679000 20.844999 O
7 1 10.084000 -6.984000 22.127001 C
8 1 10.791000 -7.603000 23.316999 C
9 1 11.292000 -6.685000 24.285000 N
10 1 11.163000 -7.143000 25.532000 C
11 1 10.695000 -8.265000 25.645000 O
12 1 11.578000 -6.398000 26.545000 N
13 1 12.088000 -5.200000 26.333000 C
14 1 12.471000 -4.529000 27.408001 N
15 1 12.224000 -4.657000 25.033001 C
16 1 11.799000 -5.436000 24.018999 C
17 2 8.969000 -9.783000 19.726999 P
18 2 10.205000 -10.610000 19.653000 O
19 2 8.432000 -9.094000 18.528000 O
20 2 7.782000 -10.651000 20.393000 O
21 2 8.107000 -11.621000 21.313000 C
22 2 7.216000 -11.563000 22.513000 C
23 2 7.612000 -10.423000 23.240999 O
24 2 5.694000 -11.492000 22.327999 C
25 2 5.054000 -12.622000 23.046000 O
26 2 5.274000 -10.153000 22.938000 C
27 2 6.487000 -9.788000 23.780001 C
28 2 6.819000 -8.407000 23.885000 N
29 2 6.800000 -7.424000 22.959000 C
30 2 7.196000 -6.262000 23.421000 N
31 2 7.479000 -6.533000 24.746000 C
32 2 7.938000 -5.746000 25.812000 C
33 2 8.203000 -4.435000 25.705000 N
34 2 8.116000 -6.360000 27.007000 N
35 2 7.846000 -7.670000 27.118000 C
36 2 7.403000 -8.516000 26.188000 N
37 2 7.225000 -7.860000 25.030001 C
38 3 3.451000 -12.712000 23.299000 P
39 3 3.072000 -14.111000 23.065001 O
40 3 2.682000 -11.616000 22.632999 O
41 3 3.377000 -12.358000 24.834999 O
42 3 4.055000 -13.128000 25.736000 C
43 3 3.851000 -12.483000 27.079000 C
44 3 4.330000 -11.133000 26.996000 O
45 3 2.407000 -12.407000 27.533001 C
46 3 2.355000 -13.023000 28.840000 O
47 3 2.043000 -10.904000 27.558001 C
48 3 3.409000 -10.214000 27.525999 C
49 3 3.628000 -8.945000 26.841999 N
50 3 3.393000 -8.631000 25.542000 C
51 3 3.738000 -7.403000 25.243000 N
52 3 4.243000 -6.874000 26.417000 C
53 3 4.794000 -5.597000 26.754000 C
54 3 4.905000 -4.595000 25.896999 N
55 3 5.183000 -5.410000 28.024000 N
56 3 5.084000 -6.419000 28.902000 C
57 3 4.599000 -7.645000 28.704000 N
58 3 4.176000 -7.808000 27.424999 C
59 4 0.929000 -13.262000 29.596001 P
60 4 1.160000 -14.313000 30.601999 O
61 4 -0.112000 -13.322000 28.566000 O
62 4 0.633000 -11.940000 30.379999 O
63 4 1.491000 -11.566000 31.392000 C
64 4 1.172000 -10.137000 31.733000 C
65 4 1.612000 -9.192000 30.747999 O
66 4 -0.290000 -9.831000 32.020000 C
67 4 -0.397000 -9.756000 33.419998 O
68 4 -0.580000 -8.469000 31.334000 C
69 4 0.782000 -8.053000 30.784000 C
70 4 0.872000 -7.376000 29.506001 N
71 4 0.604000 -7.801000 28.256001 C
72 4 0.863000 -6.892000 27.323999 N
73 4 1.342000 -5.833000 28.027000 C
74 4 1.793000 -4.560000 27.617001 C
75 4 1.812000 -4.171000 26.337000 N
76 4 2.233000 -3.715000 28.573000 N
77 4 2.197000 -4.139000 29.847000 C
78 4 1.793000 -5.320000 30.340000 N
79 4 1.368000 -6.108000 29.360001 C
80 5 -1.768000 -9.422000 34.078999 P
81 5 -1.694000 -9.875000 35.477001 O
82 5 -2.810000 -9.881000 33.169998 O
83 5 -1.730000 -7.826000 34.014999 O
84 5 -0.780000 -7.127000 34.791000 C
85 5 -0.981000 -5.621000 34.623001 C
86 5 -0.586000 -5.213000 33.299000 O
87 5 -2.420000 -5.061000 34.846001 C
88 5 -2.376000 -4.219000 35.931000 O
89 5 -2.808000 -4.281000 33.602001 C
90 5 -1.514000 -4.281000 32.787998 C
91 5 -1.625000 -4.417000 31.385000 N
92 5 -2.089000 -5.456000 30.601999 C
93 5 -2.012000 -5.188000 29.304001 N
94 5 -1.470000 -3.906000 29.277000 C
95 5 -1.147000 -3.062000 28.198999 C
96 5 -1.277000 -3.275000 27.014000 O
97 5 -0.627000 -1.843000 28.628000 N
98 5 -0.423000 -1.514000 29.938999 C
99 5 0.090000 -0.318000 30.173000 N
100 5 -0.721000 -2.280000 30.959999 N
101 5 -1.247000 -3.443000 30.549999 C
102 6 -3.560000 -3.241000 36.271000 P
103 6 -3.484000 -3.010000 37.710999 O
104 6 -4.786000 -3.616000 35.606998 O
105 6 -3.023000 -1.937000 35.530998 O
106 6 -1.952000 -1.227000 36.094002 C
107 6 -1.875000 0.091000 35.400002 C
108 6 -1.772000 -0.179000 33.993000 O
109 6 -3.080000 1.060000 35.608002 C
110 6 -2.544000 2.341000 35.928001 O
111 6 -3.725000 1.183000 34.249001 C
112 6 -2.683000 0.622000 33.273998 C
113 6 -3.221000 -0.188000 32.226002 N
114 6 -3.864000 -1.399000 32.372002 C
115 6 -4.236000 -1.906000 31.226000 N
116 6 -3.812000 -0.978000 30.282000 C
117 6 -3.904000 -0.952000 28.893999 C
118 6 -4.477000 -1.922000 28.214001 N
119 6 -3.388000 0.097000 28.229000 N
120 6 -2.818000 1.061000 28.951000 C
121 6 -2.676000 1.153000 30.256001 N
122 6 -3.186000 0.078000 30.875000 C
123 7 -3.428000 3.613000 36.205002 P
124 7 -2.584000 4.443000 37.064999 O
125 7 -4.737000 3.136000 36.689999 O
126 7 -3.518000 4.227000 34.754002 O
127 7 -2.295000 4.614000 34.098999 C
128 7 -2.597000 5.278000 32.785999 C
129 7 -3.067000 4.305000 31.858999 O
130 7 -3.688000 6.376000 32.840000 C
131 7 -3.199000 7.473000 32.146999 O
132 7 -4.928000 5.841000 32.076000 C
133 7 -4.319000 4.747000 31.205999 C
134 7 -5.109000 3.543000 30.910999 N
135 7 -5.675000 2.687000 31.792000 C
136 7 -6.262000 1.687000 31.212000 N
137 7 -6.033000 1.882000 29.863001 C
138 7 -6.410000 1.151000 28.729000 C
139 7 -7.118000 0.008000 28.819000 N
140 7 -6.044000 1.613000 27.511999 N
141 7 -5.349000 2.758000 27.445999 C
142 7 -4.939000 3.538000 28.451000 N
143 7 -5.342000 3.037000 29.653000 C
144 8 -4.147000 8.792000 31.948000 P
145 8 -3.248000 9.979000 31.844000 O
146 8 -5.225000 8.728000 32.997002 O
147 8 -4.742000 8.534000 30.516001 O
148 8 -3.863000 8.518000 29.447001 C
149 8 -4.670000 8.393000 28.195000 C
150 8 -5.278000 7.134000 28.122000 O
151 8 -5.755000 9.416000 27.924000 C
152 8 -5.416000 9.971000 26.708000 O
153 8 -7.031000 8.620000 27.746000 C
154 8 -6.545000 7.227000 27.509001 C
155 8 -7.291000 6.166000 28.100000 N
156 8 -7.555000 5.982000 29.403000 C
157 8 -8.231000 4.881000 29.632999 N
158 8 -8.395000 4.328000 28.388000 C
159 8 -9.037000 3.173000 27.962000 C
160 8 -9.624000 2.377000 28.792000 N
161 8 -9.055000 2.898000 26.660999 N
162 8 -8.436000 3.752000 25.822001 C
163 8 -7.781000 4.887000 26.101999 N
164 8 -7.811000 5.112000 27.424999 C
165 9 -6.142000 11.233000 26.087000 P
166 9 -5.250000 11.673000 24.990999 O
167 9 -6.562000 12.164000 27.150000 O
168 9 -7.439000 10.583000 25.421000 O
169 9 -7.191000 9.776000 24.322001 C
170 9 -8.394000 9.041000 23.802999 C
171 9 -8.701000 7.856000 24.525999 O
172 9 -9.659000 9.820000 23.547001 C
173 9 -9.807000 9.816000 22.172001 O
174 9 -10.765000 8.920000 24.096001 C
175 9 -10.066000 7.604000 24.427999 C
176 9 -10.471000 7.042000 25.671000 N
177 9 -10.338000 7.580000 26.875000 C
178 9 -10.824000 6.815000 27.850000 N
179 9 -11.309000 5.713000 27.180000 C
180 9 -11.933000 4.556000 27.636000 C
181 9 -12.174000 4.353000 28.921000 N
182 9 -12.304000 3.624000 26.743000 N
183 9 -12.055000 3.868000 25.448000 C
184 9 -11.482000 4.940000 24.900000 N
185 9 -11.124000 5.829000 25.841000 C
186 10 -10.798000 10.832000 21.447001 P
187 10 -10.339000 10.739000 20.025999 O
188 10 -10.847000 12.081000 22.221001 O
189 10 -12.168000 10.089000 21.570999 O
190 10 -12.224000 8.806000 20.917000 C
191 10 -13.609000 8.197000 21.077999 C
192 10 -13.686000 7.541000 22.349001 O
193 10 -14.751000 9.242000 21.031000 C
194 10 -15.774000 8.819000 20.135000 O
195 10 -15.304000 9.314000 22.450001 C
196 10 -14.822000 8.010000 23.035999 C
197 10 -14.579000 8.001000 24.427000 N
198 10 -14.018000 8.930000 25.264999 C
199 10 -14.003000 8.527000 26.514999 N
200 10 -14.610000 7.257000 26.458000 C
201 10 -14.894000 6.300000 27.451000 C
202 10 -14.694000 6.308000 28.671000 O
203 10 -15.497000 5.222000 26.913000 N
204 10 -15.807000 4.999000 25.613001 C
205 10 -16.402000 3.816000 25.341999 N
206 10 -15.565000 5.872000 24.656000 N
207 10 -14.977000 6.966000 25.174999 C
209 11 -18.233999 -1.322000 32.296001 O
210 11 -19.374001 -1.835000 31.760000 C
211 11 -19.476999 -1.413000 30.330999 C
212 11 -19.486000 0.032000 30.216000 O
213 11 -18.393999 -1.922000 29.416000 C
214 11 -18.823000 -3.016000 28.660000 O
215 11 -18.127001 -0.794000 28.434999 C
216 11 -18.709000 0.427000 29.080000 C
217 11 -17.663000 1.399000 29.523001 N
218 11 -17.160999 2.316000 28.598000 C
219 11 -17.579000 2.296000 27.427000 O
220 11 -16.228001 3.210000 29.002001 N
221 11 -15.801000 3.205000 30.254999 C
222 11 -14.872000 4.121000 30.596001 N
223 11 -16.292000 2.277000 31.219000 C
224 11 -17.219000 1.405000 30.813999 C
225 12 -17.691000 -4.041000 28.222000 P
226 12 -18.389999 -5.265000 27.759001 O
227 12 -16.712000 -4.090000 29.327999 O
228 12 -16.999001 -3.310000 26.979000 O
229 12 -17.806999 -3.062000 25.846001 C
230 12 -17.042999 -2.392000 24.746000 C
231 12 -16.677000 -1.068000 25.163000 O
232 12 -15.794000 -3.141000 24.358999 C
233 12 -15.792000 -3.248000 22.943001 O
234 12 -14.640000 -2.278000 24.819000 C
235 12 -15.288000 -0.946000 25.142000 C
236 12 -14.771000 -0.367000 26.353001 N
237 12 -14.091000 0.753000 26.132000 C
238 12 -13.992000 1.176000 25.021999 O
239 12 -13.548000 1.332000 27.233999 N
240 12 -13.643000 0.899000 28.521000 C
241 12 -13.125000 1.567000 29.386000 O
242 12 -14.397000 -0.319000 28.722000 C
243 12 -14.559000 -0.893000 30.115999 C
244 12 -14.916000 -0.909000 27.617001 C
245 13 -14.721000 -4.165000 22.174000 P
246 13 -15.415000 -4.738000 20.978001 O
247 13 -14.012000 -5.065000 23.112000 O
248 13 -13.692000 -3.042000 21.723000 O
249 13 -14.099000 -2.023000 20.927999 C
250 13 -12.981000 -1.025000 20.771000 C
251 13 -12.761000 -0.376000 22.013000 O
252 13 -11.641000 -1.585000 20.309000 C
253 13 -11.318000 -0.874000 19.173000 O
254 13 -10.643000 -1.255000 21.415001 C
255 13 -11.392000 -0.274000 22.288000 C
256 13 -11.189000 -0.352000 23.709999 N
257 13 -10.645000 0.760000 24.295000 C
258 13 -10.346000 1.753000 23.653999 O
259 13 -10.470000 0.671000 25.648001 N
260 13 -10.767000 -0.406000 26.466000 C
261 13 -10.536000 -0.338000 27.687000 O
262 13 -11.343000 -1.549000 25.784000 C
263 13 -11.714000 -2.768000 26.570000 C
264 13 -11.524000 -1.474000 24.451000 C
265 14 -9.979000 -1.220000 18.361000 P
266 14 -10.232000 -0.797000 16.979000 O
267 14 -9.505000 -2.578000 18.684999 O
268 14 -8.960000 -0.209000 19.045000 O
269 14 -9.121000 1.141000 18.771999 C
270 14 -8.133000 1.937000 19.573000 C
271 14 -8.273000 1.671000 20.966999 O
272 14 -6.666000 1.779000 19.218000 C
273 14 -6.214000 3.061000 18.885000 O
274 14 -5.991000 1.351000 20.493999 C
275 14 -7.018000 1.665000 21.558001 C
276 14 -7.109000 0.822000 22.698000 N
277 14 -6.822000 1.410000 23.892000 C
278 14 -6.483000 2.585000 24.011000 O
279 14 -6.953000 0.589000 24.965000 N
280 14 -7.328000 -0.758000 24.971001 C
281 14 -7.383000 -1.373000 26.065001 O
282 14 -7.607000 -1.323000 23.658001 C
283 14 -8.023000 -2.762000 23.548000 C
284 14 -7.498000 -0.512000 22.584999 C
285 15 -4.740000 3.209000 18.322001 P
286 15 -4.769000 4.327000 17.372000 O
287 15 -4.263000 1.844000 17.951000 O
288 15 -3.964000 3.611000 19.639999 O
289 15 -4.347000 4.787000 20.278999 C
290 15 -3.495000 4.934000 21.488001 C
291 15 -3.843000 4.026000 22.541000 O
292 15 -2.004000 4.771000 21.257000 C
293 15 -1.461000 5.989000 21.691999 O
294 15 -1.561000 3.664000 22.218000 C
295 15 -2.691000 3.546000 23.224001 C
296 15 -3.022000 2.192000 23.735001 N
297 15 -3.037000 1.973000 25.090000 C
298 15 -2.758000 2.806000 25.927000 O
299 15 -3.380000 0.698000 25.462000 N
300 15 -3.729000 -0.350000 24.650999 C
301 15 -4.016000 -1.424000 25.170000 O
302 15 -3.708000 -0.049000 23.222000 C
303 15 -4.054000 -1.087000 22.190001 C
304 15 -3.363000 1.192000 22.858000 C
305 16 0.092000 6.148000 21.815001 P
306 16 0.406000 7.596000 21.664000 O
307 16 0.674000 5.151000 20.951000 O
308 16 0.349000 5.727000 23.285999 O
309 16 -0.348000 6.449000 24.325001 C
310 16 0.136000 5.958000 25.664000 C
311 16 -0.316000 4.634000 25.903000 O
312 16 1.670000 5.927000 25.830999 C
313 16 1.928000 6.518000 27.063999 O
314 16 2.031000 4.434000 25.934000 C
315 16 0.714000 3.805000 26.382000 C
316 16 0.442000 2.470000 25.976000 N
317 16 0.296000 1.476000 26.974001 C
318 16 0.429000 1.809000 28.173000 O
319 16 -0.008000 0.168000 26.593000 N
320 16 -0.140000 -0.121000 25.289000 C
321 16 -0.419000 -1.395000 24.944000 N
322 16 0.004000 0.896000 24.274000 C
323 16 0.301000 2.158000 24.652000 C
324 17 3.398000 6.787000 27.573999 P
325 17 3.237000 7.782000 28.573999 O
326 17 4.272000 6.891000 26.368999 O
327 17 3.825000 5.531000 28.410999 O
328 17 3.276000 5.412000 29.729000 C
329 17 3.758000 4.137000 30.382999 C
330 17 3.193000 2.944000 29.802999 O
331 17 5.249000 3.925000 30.441000 C
332 17 5.553000 3.936000 31.825001 O
333 17 5.509000 2.546000 29.792999 C
334 17 4.135000 1.887000 29.760000 C
335 17 3.841000 0.941000 28.624001 N
336 17 3.559000 -0.381000 28.919001 C
337 17 3.526000 -0.802000 30.034000 O
338 17 3.305000 -1.181000 27.848000 N
339 17 3.309000 -0.765000 26.533001 C
340 17 3.074000 -1.526000 25.649000 O
341 17 3.616000 0.611000 26.301001 C
342 17 3.633000 1.097000 24.917000 C
343 17 3.878000 1.393000 27.332001 C
344 18 7.068000 3.868000 32.320999 P
345 18 7.294000 4.647000 33.528999 O
346 18 7.902000 4.047000 31.125999 O
347 18 7.171000 2.324000 32.698002 O
348 18 6.364000 1.830000 33.631001 C
349 18 6.518000 0.344000 33.644001 C
350 18 5.982000 -0.317000 32.515999 O
351 18 7.880000 -0.243000 33.956001 C
352 18 7.562000 -0.992000 35.117001 O
353 18 8.189000 -1.200000 32.799999 C
354 18 6.814000 -1.438000 32.159000 C
355 18 6.741000 -1.664000 30.622999 N
356 18 6.190000 -2.852000 30.188999 C
357 18 5.809000 -3.695000 30.945000 O
358 18 6.127000 -3.034000 28.858000 N
359 18 6.525000 -2.150000 27.903000 C
360 18 6.391000 -2.460000 26.725000 O
361 18 7.097000 -0.922000 28.393000 C
362 18 7.577000 0.091000 27.417999 C
363 18 7.177000 -0.724000 29.712999 C
364 19 8.701000 -1.531000 36.047001 P
365 19 8.119000 -1.716000 37.369999 O
366 19 9.851000 -0.631000 35.851002 O
367 19 9.042000 -2.958000 35.411999 O
368 19 8.244000 -4.070000 35.618000 C
369 19 8.774000 -5.206000 34.780998 C
370 19 8.588000 -4.960000 33.373001 O
371 19 10.269000 -5.544000 34.921001 C
372 19 10.417000 -6.972000 35.068001 O
373 19 10.905000 -5.209000 33.577999 C
374 19 9.722000 -5.386000 32.653999 C
375 19 9.762000 -4.762000 31.420000 N
376 19 9.244000 -5.513000 30.462999 C
377 19 8.783000 -6.582000 30.757000 O
378 19 9.224000 -4.959000 29.212000 N
379 19 9.739000 -3.711000 28.878000 C
380 19 9.635000 -3.343000 27.714001 O
381 19 10.333000 -2.949000 29.990999 C
382 19 10.932000 -1.564000 29.811001 C
383 19 10.306000 -3.519000 31.198999 C
384 20 10.511000 -7.600000 36.486000 P
385 20 9.516000 -7.044000 37.401001 O
386 20 11.938000 -7.424000 36.889000 O
387 20 10.142000 -9.112000 36.167000 O
388 20 8.834000 -9.434000 35.806999 C
389 20 8.858000 -10.445000 34.727001 C
390 20 9.351000 -9.844000 33.507999 O
391 20 9.752000 -11.611000 35.002998 C
392 20 9.010000 -12.810000 34.608002 O
393 20 10.985000 -11.388000 34.075001 C
394 20 10.444000 -10.534000 32.941002 C
395 20 11.247000 -9.447000 32.388000 N
396 20 12.064000 -8.582000 33.026001 C
397 20 12.586000 -7.679000 32.244999 N
398 20 12.071000 -7.972000 31.007000 C
399 20 12.283000 -7.347000 29.759001 C
400 20 12.995000 -6.364000 29.490000 O
401 20 11.553000 -7.988000 28.754000 N
402 20 10.726000 -9.078000 28.947001 C
403 20 10.096000 -9.549000 27.881001 N
404 20 10.539000 -9.672000 30.110001 N
405 20 11.259000 -9.084000 31.083000 C
407 21 2.223000 10.890000 4.777000 O
408 21 2.198000 12.155000 5.389000 C
409 21 2.947000 12.071000 6.696000 C
410 21 2.405000 10.966000 7.445000 O
411 21 4.437000 11.819000 6.555000 C
412 21 5.131000 12.813000 7.193000 O
413 21 4.741000 10.506000 7.239000 C
414 21 3.415000 10.074000 7.831000 C
415 21 3.062000 8.692000 7.486000 N
416 21 2.876000 7.886000 8.559000 C
417 21 3.002000 8.435000 9.671000 O
418 21 2.553000 6.578000 8.378000 N
419 21 2.443000 6.102000 7.146000 C
420 21 2.130000 4.818000 7.011000 N
421 21 2.659000 6.929000 6.002000 C
422 21 2.969000 8.217000 6.212000 C
423 22 6.710000 12.686000 7.240000 P
424 22 7.260000 14.060000 7.216000 O
425 22 7.114000 11.649000 6.255000 O
426 22 6.927000 12.071000 8.683000 O
427 22 6.170000 12.570000 9.742000 C
428 22 6.243000 11.594000 10.891000 C
429 22 5.678000 10.319000 10.509000 O
430 22 7.655000 11.354000 11.368000 C
431 22 7.718000 11.775000 12.743000 O
432 22 7.889000 9.855000 11.149000 C
433 22 6.516000 9.250000 10.876000 C
434 22 6.496000 8.167000 9.868000 N
435 22 6.978000 8.166000 8.581000 C
436 22 6.822000 7.021000 7.948000 N
437 22 6.213000 6.216000 8.886000 C
438 22 5.786000 4.883000 8.849000 C
439 22 5.907000 4.098000 7.778000 N
440 22 5.221000 4.371000 9.954000 N
441 22 5.103000 5.156000 11.018000 C
442 22 5.474000 6.423000 11.174000 N
443 22 6.028000 6.893000 10.071000 C
444 23 9.116000 12.059000 13.465000 P
445 23 9.026000 13.320000 14.218000 O
446 23 10.185000 11.867000 12.467000 O
447 23 9.146000 10.863000 14.490000 O
448 23 8.925000 9.654000 13.930000 C
449 23 8.831000 8.520000 14.891000 C
450 23 8.235000 7.434000 14.174000 O
451 23 10.183000 8.050000 15.413000 C
452 23 9.973000 7.711000 16.785000 O
453 23 10.501000 6.800000 14.597000 C
454 23 9.151000 6.393000 14.020000 C
455 23 9.179000 6.044000 12.627000 N
456 23 9.689000 6.721000 11.562000 C
457 23 9.549000 6.082000 10.421000 N
458 23 8.924000 4.918000 10.785000 C
459 23 8.490000 3.810000 10.049000 C
460 23 8.637000 3.716000 8.723000 N
461 23 7.893000 2.806000 10.731000 N
462 23 7.741000 2.921000 12.068000 C
463 23 8.111000 3.916000 12.877000 N
464 23 8.703000 4.884000 12.155000 C
465 24 11.165000 7.264000 17.735001 P
466 24 10.641000 7.431000 19.115000 O
467 24 12.418000 7.933000 17.313000 O
468 24 11.275000 5.687000 17.410999 O
469 24 10.199000 4.841000 17.820999 C
470 24 10.270000 3.408000 17.295000 C
471 24 10.062000 3.346000 15.879000 O
472 24 11.442000 2.516000 17.660000 C
473 24 10.887000 1.475000 18.462000 O
474 24 11.922000 1.939000 16.313999 C
475 24 10.827000 2.318000 15.322000 C
476 24 11.256000 2.726000 14.010000 N
477 24 11.947000 3.854000 13.646000 C
478 24 12.179000 3.923000 12.346000 N
479 24 11.596000 2.753000 11.839000 C
480 24 11.491000 2.208000 10.527000 C
481 24 11.997000 2.805000 9.437000 N
482 24 10.849000 1.025000 10.380000 N
483 24 10.351000 0.438000 11.470000 C
484 24 10.383000 0.849000 12.745000 N
485 24 11.033000 2.012000 12.859000 C
486 25 11.764000 0.490000 19.388000 P
487 25 10.921000 0.249000 20.587999 O
488 25 13.138000 1.013000 19.539000 O
489 25 11.883000 -0.806000 18.472000 O
490 25 10.684000 -1.399000 17.983000 C
491 25 10.912000 -2.325000 16.799000 C
492 25 11.119000 -1.591000 15.575000 O
493 25 11.998000 -3.394000 16.906000 C
494 25 11.411000 -4.669000 16.881001 O
495 25 12.827000 -3.242000 15.631000 C
496 25 12.000000 -2.302000 14.763000 C
497 25 12.742000 -1.424000 13.881000 N
498 25 13.452000 -0.286000 14.187000 C
499 25 14.014000 0.254000 13.134000 N
500 25 13.652000 -0.576000 12.073000 C
501 25 13.953000 -0.514000 10.681000 C
502 25 14.623000 0.314000 10.061000 O
503 25 13.387000 -1.568000 9.974000 N
504 25 12.615000 -2.562000 10.524000 C
505 25 12.158000 -3.496000 9.676000 N
506 25 12.316000 -2.637000 11.818000 N
507 25 12.873000 -1.615000 12.529000 C
508 26 12.334000 -5.943000 17.153999 P
509 26 11.469000 -7.078000 17.604000 O
510 26 13.487000 -5.509000 17.955000 O
511 26 12.896000 -6.294000 15.724000 O
512 26 12.042000 -6.745000 14.751000 C
513 26 12.869000 -6.996000 13.526000 C
514 26 13.296000 -5.762000 12.945000 O
515 26 14.102000 -7.857000 13.710000 C
516 26 13.864000 -8.985000 12.950000 O
517 26 15.272000 -7.056000 13.141000 C
518 26 14.605000 -5.873000 12.473000 C
519 26 15.221000 -4.566000 12.536000 N
520 26 15.472000 -3.772000 13.601000 C
521 26 16.033001 -2.629000 13.276000 N
522 26 16.143000 -2.690000 11.886000 C
523 26 16.649000 -1.800000 10.888000 C
524 26 17.176001 -0.600000 11.135000 N
525 26 16.591000 -2.195000 9.609000 N
526 26 16.068001 -3.389000 9.335000 C
527 26 15.573000 -4.297000 10.166000 N
528 26 15.646000 -3.884000 11.434000 C
529 27 14.936000 -10.123000 12.841000 P
530 27 14.196000 -11.402000 12.925000 O
531 27 16.044001 -9.809000 13.790000 O
532 27 15.441000 -9.917000 11.340000 O
533 27 14.487000 -10.014000 10.287000 C
534 27 14.993000 -9.343000 9.019000 C
535 27 15.403000 -8.004000 9.352000 O
536 27 16.160000 -10.028000 8.296000 C
537 27 15.780000 -10.215000 6.910000 O
538 27 17.318001 -9.039000 8.396000 C
539 27 16.670000 -7.742000 8.830000 C
540 27 17.458000 -6.942000 9.740000 N
541 27 17.718000 -7.104000 11.067000 C
542 27 18.497000 -6.161000 11.563000 N
543 27 18.757999 -5.334000 10.462000 C
544 27 19.518000 -4.147000 10.265000 C
545 27 20.209999 -3.518000 11.210000 N
546 27 19.544001 -3.618000 9.035000 N
547 27 18.872000 -4.219000 8.053000 C
548 27 18.132999 -5.316000 8.107000 N
549 27 18.122999 -5.824000 9.343000 C
550 28 16.618000 -11.147000 5.895000 P
551 28 15.643000 -11.879000 5.052000 O
552 28 17.618999 -11.862000 6.702000 O
553 28 17.386000 -10.129000 4.946000 O
554 28 18.179001 -9.182000 5.539000 C
555 28 18.980000 -8.387000 4.555000 C
556 28 19.497000 -7.255000 5.281000 O
557 28 20.159000 -9.145000 3.990000 C
558 28 20.195999 -8.911000 2.535000 O
559 28 21.365000 -8.592000 4.771000 C
560 28 20.882000 -7.294000 5.420000 C
561 28 21.160000 -7.179000 6.843000 N
562 28 20.937000 -8.094000 7.833000 C
563 28 21.309999 -7.683000 9.026000 N
564 28 21.816999 -6.428000 8.794000 C
565 28 22.371000 -5.482000 9.646000 C
566 28 22.502001 -5.669000 10.956000 N
567 28 22.784000 -4.332000 9.106000 N
568 28 22.643999 -4.155000 7.797000 C
569 28 22.131001 -4.971000 6.890000 N
570 28 21.750999 -6.107000 7.460000 C
571 29 21.343000 -9.513000 1.571000 P
572 29 20.698999 -10.095000 0.372000 O
573 29 22.292000 -10.316000 2.389000 O
574 29 22.107000 -8.199000 1.153000 O
575 29 22.375999 -7.464000 2.210000 C
576 29 23.297001 -6.319000 2.099000 C
577 29 23.420000 -6.037000 3.495000 O
578 29 24.712999 -6.621000 1.570000 C
579 29 25.176001 -5.547000 0.773000 O
580 29 25.608000 -6.698000 2.803000 C
581 29 24.740000 -6.118000 3.914000 C
582 29 24.832001 -6.708000 5.228000 N
583 29 24.649000 -7.985000 5.690000 C
584 29 24.853001 -8.093000 6.998000 N
585 29 25.191000 -6.796000 7.369000 C
586 29 25.531000 -6.192000 8.585000 C
587 29 25.604000 -6.821000 9.747000 N
588 29 25.795000 -4.902000 8.570000 N
589 29 25.733999 -4.249000 7.421000 C
590 29 25.438999 -4.675000 6.219000 N
591 29 25.186001 -5.970000 6.275000 C
592 30 26.556000 -5.668000 -0.038000 P
593 30 26.517000 -4.678000 -1.103000 O
594 30 26.815001 -7.080000 -0.334000 O
595 30 27.653999 -5.218000 1.007000 O
596 30 27.777000 -3.896000 1.328000 C
597 30 28.834000 -3.704000 2.381000 C
598 30 28.438999 -4.321000 3.629000 O
599 30 30.231001 -4.211000 2.049000 C
600 30 31.080999 -3.096000 1.928000 O
601 30 30.667000 -5.078000 3.240000 C
602 30 29.584000 -4.835000 4.289000 C
603 30 29.219999 -5.953000 5.152000 N
604 30 28.738001 -7.183000 4.806000 C
605 30 28.514999 -7.944000 5.832000 N
606 30 28.889000 -7.174000 6.912000 C
607 30 28.882000 -7.472000 8.282000 C
608 30 28.520000 -8.519000 8.832000 O
609 30 29.344999 -6.399000 9.044000 N
610 30 29.771999 -5.187000 8.526000 C
611 30 30.188000 -4.254000 9.404000 N
612 30 29.782000 -4.911000 7.231000 N
613 30 29.334000 -5.952000 6.501000 C
615 31 31.122000 -6.503000 18.523001 O
616 31 30.969999 -6.960000 17.186001 C
617 31 31.160000 -5.852000 16.163000 C
618 31 31.004999 -6.448000 14.855000 O
619 31 30.155001 -4.703000 16.273001 C
620 31 30.811001 -3.435000 16.332001 O
621 31 29.284000 -4.780000 15.015000 C
622 31 30.028000 -5.754000 14.119000 C
623 31 29.208000 -6.652000 13.274000 N
624 31 29.000000 -6.230000 11.978000 C
625 31 29.507000 -5.150000 11.651000 O
626 31 28.263000 -6.995000 11.126000 N
627 31 27.746000 -8.146000 11.544000 C
628 31 27.025999 -8.863000 10.673000 N
629 31 27.952000 -8.606000 12.884000 C
630 31 28.683001 -7.829000 13.713000 C
631 32 30.004999 -2.226000 17.010000 P
632 32 31.014000 -1.292000 17.573000 O
633 32 28.992001 -2.843000 17.898001 O
634 32 29.212999 -1.477000 15.819000 O
635 32 29.868000 -0.481000 15.050000 C
636 32 29.156000 -0.143000 13.741000 C
637 32 28.931000 -1.358000 12.997000 O
638 32 27.832001 0.648000 13.739000 C
639 32 28.076000 1.957000 13.100000 O
640 32 26.844000 -0.208000 12.953000 C
641 32 27.688000 -1.305000 12.340000 C
642 32 27.049000 -2.607000 12.277000 N
643 32 26.875000 -3.113000 11.026000 C
644 32 27.256001 -2.540000 10.014000 O
645 32 26.271000 -4.331000 11.002000 N
646 32 25.816000 -5.047000 12.079000 C
647 32 25.285000 -6.115000 11.899000 O
648 32 26.007000 -4.462000 13.350000 C
649 32 25.532000 -5.198000 14.563000 C
650 32 26.611000 -3.268000 13.405000 C
651 33 26.926001 2.955000 12.526000 P
652 33 26.712000 4.014000 13.535000 O
653 33 25.766001 2.186000 12.048000 O
654 33 27.570999 3.620000 11.216000 O
655 33 27.924000 2.938000 9.976000 C
656 33 26.735001 2.585000 9.071000 C
657 33 26.445000 1.178000 9.136000 O
658 33 25.429001 3.370000 9.264000 C
659 33 24.812000 3.923000 8.083000 O
660 33 24.444000 2.279000 9.592000 C
661 33 25.058001 1.014000 9.030000 C
662 33 24.534000 -0.133000 9.745000 N
663 33 24.153000 -1.261000 9.029000 C
664 33 24.299999 -1.392000 7.815000 O
665 33 23.636999 -2.260000 9.811000 N
666 33 23.445000 -2.221000 11.179000 C
667 33 22.971001 -3.185000 11.745000 O
668 33 23.837000 -1.003000 11.836000 C
669 33 23.662001 -0.852000 13.317000 C
670 33 24.341999 -0.028000 11.099000 C
671 34 25.466999 4.613000 6.812000 P
672 34 26.847000 4.086000 6.650000 O
673 34 25.239000 6.064000 6.922000 O
674 34 24.511000 4.005000 5.659000 O
675 34 24.867001 2.758000 5.046000 C
676 34 23.709999 1.869000 4.601000 C
677 34 23.364000 0.873000 5.576000 O
678 34 22.434999 2.485000 4.065000 C
679 34 22.267000 2.058000 2.701000 O
680 34 21.316000 1.866000 4.929000 C
681 34 21.969999 0.697000 5.654000 C
682 34 21.597000 0.544000 7.080000 N
683 34 21.113001 -0.687000 7.500000 C
684 34 20.990000 -1.648000 6.771000 O
685 34 20.804001 -0.755000 8.826000 N
686 34 20.905001 0.261000 9.756000 C
687 34 20.573999 0.049000 10.925000 O
688 34 21.405001 1.517000 9.254000 C
689 34 21.544001 2.682000 10.181000 C
690 34 21.724001 1.604000 7.955000 C
691 35 21.048000 2.616000 1.813000 P
692 35 21.421000 2.467000 0.385000 O
693 35 20.642000 3.946000 2.339000 O
694 35 19.879000 1.561000 2.083000 O
695 35 19.973000 0.267000 1.495000 C
696 35 18.834999 -0.628000 1.952000 C
697 35 18.976999 -0.885000 3.363000 O
698 35 17.403000 -0.118000 1.724000 C
699 35 16.681000 -1.010000 0.885000 O
700 35 16.733999 -0.105000 3.090000 C
701 35 17.718000 -0.812000 4.006000 C
702 35 17.823999 -0.172000 5.326000 N
703 35 17.302000 -0.854000 6.405000 C
704 35 16.789000 -1.950000 6.302000 O
705 35 17.426001 -0.206000 7.598000 N
706 35 17.996000 1.038000 7.798000 C
707 35 18.033001 1.503000 8.926000 O
708 35 18.516001 1.692000 6.625000 C
709 35 19.157000 3.032000 6.725000 C
710 35 18.403999 1.069000 5.455000 C
711 36 15.102000 -0.795000 0.669000 P
712 36 14.785000 -1.251000 -0.694000 O
713 36 14.758000 0.591000 1.055000 O
714 36 14.451000 -1.812000 1.736000 O
715 36 14.759000 -3.214000 1.641000 C
716 36 14.214000 -4.049000 2.810000 C
717 36 14.744000 -3.574000 4.071000 O
718 36 12.690000 -4.171000 2.958000 C
719 36 12.311000 -5.560000 3.016000 O
720 36 12.374000 -3.552000 4.319000 C
721 36 13.719000 -3.411000 5.015000 C
722 36 13.920000 -2.147000 5.690000 N
723 36 13.655000 -2.070000 7.067000 C
724 36 13.250000 -3.076000 7.667000 O
725 36 13.853000 -0.883000 7.700000 N
726 36 14.296000 0.170000 7.004000 C
727 36 14.481000 1.310000 7.657000 N
728 36 14.569000 0.100000 5.608000 C
729 36 14.370000 -1.067000 4.996000 C
730 37 10.750000 -5.951000 3.066000 P
731 37 10.641000 -7.415000 2.831000 O
732 37 10.007000 -5.019000 2.212000 O
733 37 10.295000 -5.623000 4.563000 O
734 37 10.748000 -6.360000 5.679000 C
735 37 10.003000 -5.948000 6.951000 C
736 37 10.529000 -4.712000 7.475000 O
737 37 8.482000 -5.821000 6.886000 C
738 37 7.909000 -6.760000 7.817000 O
739 37 8.175000 -4.374000 7.332000 C
740 37 9.495000 -3.853000 7.907000 C
741 37 9.876000 -2.450000 7.569000 N
742 37 9.861000 -1.494000 8.571000 C
743 37 9.546000 -1.723000 9.718000 O
744 37 10.240000 -0.247000 8.177000 N
745 37 10.616000 0.138000 6.903000 C
746 37 10.927000 1.304000 6.678000 O
747 37 10.611000 -0.902000 5.920000 C
748 37 11.012000 -0.585000 4.517000 C
749 37 10.251000 -2.131000 6.288000 C
750 38 6.316000 -6.919000 8.012000 P
751 38 6.049000 -8.294000 8.487000 O
752 38 5.646000 -6.417000 6.803000 O
753 38 6.037000 -5.893000 9.205000 O
754 38 6.935000 -5.895000 10.308000 C
755 38 6.663000 -4.811000 11.337000 C
756 38 7.236000 -3.560000 10.978000 O
757 38 5.233000 -4.570000 11.762000 C
758 38 5.186000 -4.795000 13.131000 O
759 38 4.974000 -3.079000 11.515000 C
760 38 6.352000 -2.497000 11.260000 C
761 38 6.458000 -1.491000 10.190000 N
762 38 6.728000 -0.209000 10.572000 C
763 38 6.869000 0.106000 11.732000 O
764 38 6.838000 0.697000 9.555000 N
765 38 6.706000 0.437000 8.211000 C
766 38 6.826000 1.348000 7.401000 O
767 38 6.423000 -0.932000 7.873000 C
768 38 6.263000 -1.309000 6.431000 C
769 38 6.308000 -1.830000 8.870000 C
770 39 3.784000 -4.935000 13.847000 P
771 39 3.962000 -5.794000 15.039000 O
772 39 2.802000 -5.269000 12.792000 O
773 39 3.530000 -3.447000 14.340000 O
774 39 4.503000 -2.859000 15.171000 C
775 39 4.208000 -1.389000 15.303000 C
776 39 4.588000 -0.676000 14.113000 O
777 39 2.735000 -1.108000 15.569000 C
778 39 2.587000 -0.588000 16.851999 O
779 39 2.301000 -0.093000 14.530000 C
780 39 3.564000 0.217000 13.746000 C
781 39 3.353000 0.297000 12.286000 N
782 39 3.649000 1.510000 11.734000 C
783 39 4.094000 2.437000 12.389000 O
784 39 3.452000 1.598000 10.401000 N
785 39 2.964000 0.614000 9.579000 C
786 39 2.838000 0.862000 8.379000 O
787 39 2.640000 -0.642000 10.220000 C
788 39 2.105000 -1.780000 9.394000 C
789 39 2.840000 -0.743000 11.547000 C
790 40 1.154000 -0.572000 17.545000 P
791 40 1.441000 -0.992000 18.910000 O
792 40 0.164000 -1.285000 16.681999 O
793 40 0.808000 0.964000 17.516001 O
794 40 1.600000 1.884000 18.188000 C
795 40 1.264000 3.257000 17.664000 C
796 40 1.564000 3.289000 16.257999 O
797 40 -0.192000 3.672000 17.809000 C
798 40 -0.225000 4.962000 18.301001 O
799 40 -0.755000 3.688000 16.403000 C
800 40 0.502000 3.871000 15.559000 C
801 40 0.433000 3.429000 14.194000 N
802 40 -0.077000 2.274000 13.679000 C
803 40 0.009000 2.239000 12.372000 N
804 40 0.579000 3.468000 12.034000 C
805 40 0.937000 4.030000 10.769000 C
806 40 0.806000 3.546000 9.638000 O
807 40 1.497000 5.293000 10.905000 N
808 40 1.704000 5.924000 12.104000 C
809 40 2.256000 7.135000 12.064000 N
810 40 1.381000 5.410000 13.275000 N
811 40 0.817000 4.191000 13.154000 C
813 41 29.742001 22.757000 18.627001 O
814 41 31.062000 23.229000 18.378000 C
815 41 31.101999 24.023001 17.103001 C
816 41 31.046000 23.170000 15.939000 O
817 41 29.971001 25.014000 16.985001 C
818 41 30.517000 26.271000 16.799999 O
819 41 29.165001 24.632999 15.747000 C
820 41 30.052999 23.632000 15.039000 C
821 41 29.370001 22.507000 14.292000 N
822 41 29.443001 22.576000 12.903000 C
823 41 30.046000 23.527000 12.414000 O
824 41 28.879999 21.608000 12.139000 N
825 41 28.243999 20.600000 12.727000 C
826 41 27.687000 19.657000 11.930000 N
827 41 28.153999 20.514000 14.173000 C
828 41 28.723000 21.474001 14.909000 C
829 42 29.507000 27.455999 16.535999 P
830 42 30.118000 28.697001 17.068001 O
831 42 28.153999 27.014000 16.957001 O
832 42 29.514000 27.497000 14.959000 O
833 42 30.747000 27.531000 14.292000 C
834 42 30.497999 27.719999 12.820000 C
835 42 29.990000 26.493000 12.273000 O
836 42 29.504999 28.830999 12.521000 C
837 42 30.139000 29.753000 11.641000 O
838 42 28.297001 28.125000 11.887000 C
839 42 28.759001 26.695000 11.623000 C
840 42 27.836000 25.643999 12.032000 N
841 42 27.545000 25.209999 13.293000 C
842 42 26.671000 24.235001 13.320000 N
843 42 26.372999 24.028999 11.994000 C
844 42 25.516001 23.136999 11.362000 C
845 42 24.785000 22.271999 12.031000 N
846 42 25.437000 23.167999 10.017000 N
847 42 26.188000 24.065001 9.359000 C
848 42 27.038000 24.966000 9.849000 N
849 42 27.075001 24.891001 11.186000 C
850 43 29.554001 31.219000 11.327000 P
851 43 30.724001 32.127998 11.198000 O
852 43 28.462000 31.504999 12.287000 O
853 43 28.903000 31.042999 9.880000 O
854 43 27.849001 30.153000 9.751000 C
855 43 27.527000 29.796000 8.326000 C
856 43 27.025000 28.452999 8.366000 O
857 43 26.480000 30.680000 7.656000 C
858 43 26.910000 30.980000 6.299000 O
859 43 25.208000 29.816000 7.636000 C
860 43 25.688999 28.389999 7.942000 C
861 43 24.913000 27.677000 8.960000 N
862 43 24.605000 28.051001 10.252000 C
863 43 23.865999 27.165001 10.894000 N
864 43 23.669001 26.156000 9.958000 C
865 43 22.976999 24.919001 9.988000 C
866 43 22.302000 24.444000 11.041000 N
867 43 23.004999 24.171000 8.872000 N
868 43 23.667000 24.617001 7.804000 C
869 43 24.344999 25.743999 7.652000 N
870 43 24.302999 26.472000 8.765000 C
871 44 26.079000 31.986000 5.334000 P
872 44 27.023001 32.368000 4.250000 O
873 44 25.429001 33.042999 6.147000 O
874 44 24.905001 31.066000 4.705000 O
875 44 25.237000 30.058001 3.741000 C
876 44 24.124001 29.038000 3.514000 C
877 44 23.834999 28.344000 4.747000 O
878 44 22.798000 29.542999 2.934000 C
879 44 22.538000 28.882000 1.670000 O
880 44 21.733000 29.132999 3.951000 C
881 44 22.450001 28.198000 4.905000 C
882 44 22.054001 28.271000 6.302000 N
883 44 22.285000 29.250999 7.232000 C
884 44 21.773001 28.983000 8.419000 N
885 44 21.153999 27.747999 8.237000 C
886 44 20.420000 26.899000 9.089000 C
887 44 20.152000 27.153000 10.380000 N
888 44 19.954000 25.753000 8.564000 N
889 44 20.205000 25.466999 7.288000 C
890 44 20.872999 26.176001 6.397000 N
891 44 21.315001 27.313000 6.936000 C
892 45 21.340000 29.356001 0.709000 P
893 45 21.673000 29.020000 -0.692000 O
894 45 20.947001 30.730000 1.090000 O
895 45 20.183001 28.399000 1.156000 O
896 45 20.358999 27.058001 0.967000 C
897 45 19.284000 26.333000 1.711000 C
898 45 19.389000 26.672001 3.104000 O
899 45 17.864000 26.649000 1.258000 C
900 45 17.285000 25.493000 0.695000 O
901 45 17.103001 27.056999 2.521000 C
902 45 18.099001 26.806000 3.634000 C
903 45 18.059999 27.670000 4.804000 N
904 45 18.362000 29.014999 4.969000 C
905 45 18.179001 29.420000 6.217000 N
906 45 17.731001 28.271000 6.881000 C
907 45 17.368000 28.052000 8.225000 C
908 45 17.354000 28.857000 9.163000 O
909 45 16.983999 26.733000 8.442000 N
910 45 16.952000 25.756001 7.478000 C
911 45 16.542999 24.535000 7.845000 N
912 45 17.283001 25.947001 6.228000 N
913 45 17.648001 27.215000 6.010000 C
914 46 15.906000 25.627001 -0.092000 P
915 46 15.781000 24.462000 -1.007000 O
916 46 15.806000 27.014000 -0.614000 O
917 46 14.880000 25.454000 1.100000 O
918 46 14.970000 24.268000 1.833000 C
919 46 13.900000 24.193001 2.901000 C
920 46 14.319000 24.764999 4.161000 O
921 46 12.527000 24.730000 2.530000 C
922 46 11.662000 23.605000 2.470000 O
923 46 12.166000 25.683001 3.681000 C
924 46 13.252000 25.457001 4.743000 C
925 46 13.785000 26.620001 5.419000 N
926 46 14.534000 27.636999 4.907000 C
927 46 14.871000 28.542999 5.801000 N
928 46 14.301000 28.084000 6.976000 C
929 46 14.285000 28.580999 8.300000 C
930 46 14.887000 29.712000 8.680000 N
931 46 13.619000 27.868999 9.227000 N
932 46 13.014000 26.730000 8.859000 C
933 46 12.958000 26.158001 7.661000 N
934 46 13.621000 26.898001 6.754000 C
935 47 10.110000 23.715000 2.078000 P
936 47 9.755000 22.504999 1.290000 O
937 47 9.800000 25.083000 1.567000 O
938 47 9.431000 23.563000 3.491000 O
939 47 9.722000 22.431000 4.254000 C
940 47 9.194000 22.649000 5.647000 C
941 47 9.965000 23.680000 6.318000 O
942 47 7.726000 23.049000 5.691000 C
943 47 7.037000 22.027000 6.446000 O
944 47 7.701000 24.433001 6.346000 C
945 47 9.104000 24.604000 6.935000 C
946 47 9.653000 25.952000 6.909000 N
947 47 9.994000 26.715000 5.839000 C
948 47 10.447000 27.900999 6.165000 N
949 47 10.388000 27.916000 7.547000 C
950 47 10.722000 28.889000 8.512000 C
951 47 11.201000 30.091000 8.195000 N
952 47 10.537000 28.587000 9.803000 N
953 47 10.048000 27.389000 10.108000 C
954 47 9.695000 26.398001 9.298000 N
955 47 9.885000 26.732000 8.019000 C
956 48 5.469000 22.096001 6.783000 P
957 48 4.865000 20.770000 6.495000 O
958 48 4.920000 23.319000 6.139000 O
959 48 5.495000 22.362000 8.361000 O
960 48 6.241000 23.489000 8.778000 C
961 48 5.957000 23.987000 10.178000 C
962 48 6.699000 25.222000 10.327000 O
963 48 4.488000 24.311001 10.463000 C
964 48 4.210000 23.858999 11.824000 O
965 48 4.405000 25.834000 10.351000 C
966 48 5.841000 26.315001 10.537000 C
967 48 6.214000 27.413000 9.670000 N
968 48 6.237000 27.459000 8.310000 C
969 48 6.613000 28.625000 7.826000 N
970 48 6.836000 29.391001 8.959000 C
971 48 7.248000 30.724001 9.158000 C
972 48 7.531000 31.573999 8.176000 N
973 48 7.369000 31.160000 10.422000 N
974 48 7.099000 30.323999 11.425000 C
975 48 6.696000 29.066000 11.356000 N
976 48 6.578000 28.660000 10.093000 C
977 49 2.761000 23.986000 12.515000 P
978 49 2.585000 22.789000 13.365000 O
979 49 1.782000 24.266001 11.442000 O
980 49 2.865000 25.278999 13.489000 O
981 49 3.113000 26.561001 12.941000 C
982 49 3.638000 27.599001 13.927000 C
983 49 4.525000 28.452999 13.187000 O
984 49 2.574000 28.497999 14.564000 C
985 49 2.937000 28.808001 15.930000 O
986 49 2.633000 29.785999 13.737000 C
987 49 3.977000 29.736000 13.014000 C
988 49 3.959000 30.016001 11.574000 N
989 49 3.630000 29.174000 10.558000 C
990 49 3.732000 29.726000 9.370000 N
991 49 4.155000 31.011999 9.627000 C
992 49 4.446000 32.104000 8.795000 C
993 49 4.349000 32.061001 7.465000 N
994 49 4.853000 33.247002 9.375000 N
995 49 4.942000 33.278999 10.699000 C
996 49 4.702000 32.323002 11.580000 N
997 49 4.294000 31.209000 10.974000 C
998 50 1.878000 29.495001 16.933001 P
999 50 2.439000 29.424000 18.299999 O
1000 50 0.541000 28.910000 16.639000 O
1001 50 1.894000 31.042999 16.493000 O
1002 50 3.097000 31.809999 16.531000 C
1003 50 3.093000 32.970001 15.533000 C
1004 50 3.067000 32.507999 14.167000 O
1005 50 2.025000 34.068001 15.649000 C
1006 50 2.699000 35.292999 15.873000 O
1007 50 1.340000 34.140999 14.289000 C
1008 50 2.283000 33.387001 13.401000 C
1009 50 1.870000 32.858002 12.096000 N
1010 50 1.357000 31.627001 11.757000 C
1011 50 1.128000 31.495001 10.468000 N
1012 50 1.511000 32.717999 9.933000 C
1013 50 1.505000 33.185001 8.596000 C
1014 50 1.143000 32.591000 7.576000 O
1015 50 1.978000 34.479000 8.498000 N
1016 50 2.413000 35.223000 9.571000 C
1017 50 2.840000 36.467999 9.320000 N
1018 50 2.425000 34.792000 10.819000 N
1019 50 1.960000 33.548000 10.924000 C
1021 51 5.845000 42.108002 1.981000 O
1022 51 5.113000 41.041000 2.584000 C
1023 51 5.524000 40.826000 4.030000 C
1024 51 4.443000 40.159000 4.725000 O
1025 51 6.801000 40.009998 4.298000 C
1026 51 7.884000 40.780998 4.746000 O
1027 51 6.440000 39.042999 5.421000 C
1028 51 4.954000 39.252998 5.678000 C
1029 51 4.237000 37.957001 5.696000 N
1030 51 3.777000 37.507000 6.926000 C
1031 51 3.953000 38.219002 7.929000 O
1032 51 3.136000 36.317001 7.000000 N
1033 51 2.968000 35.585999 5.905000 C
1034 51 2.326000 34.415001 6.030000 N
1035 51 3.446000 36.022999 4.633000 C
1036 51 4.076000 37.200001 4.571000 C
1037 52 9.255000 39.997002 5.039000 P
1038 52 10.367000 40.972000 4.987000 O
1039 52 9.285000 38.796001 4.173000 O
1040 52 9.040000 39.513000 6.551000 O
1041 52 8.603000 40.464001 7.518000 C
1042 52 8.331000 39.842999 8.875000 C
1043 52 7.244000 38.897999 8.770000 O
1044 52 9.509000 39.118999 9.502000 C
1045 52 9.954000 39.790001 10.677000 O
1046 52 9.044000 37.695999 9.795000 C
1047 52 7.588000 37.668999 9.374000 C
1048 52 7.217000 36.519001 8.499000 N
1049 52 6.902000 35.328999 9.108000 C
1050 52 6.932000 35.186001 10.316000 O
1051 52 6.565000 34.318001 8.248000 N
1052 52 6.511000 34.389000 6.865000 C
1053 52 6.192000 33.401001 6.205000 O
1054 52 6.844000 35.667000 6.300000 C
1055 52 6.817000 35.862000 4.813000 C
1056 52 7.175000 36.659000 7.131000 C
1057 53 11.246000 39.244999 11.458000 P
1058 53 12.271000 40.308998 11.337000 O
1059 53 11.560000 37.868999 11.000000 O
1060 53 10.804000 39.141998 13.003000 O
1061 53 9.725000 38.341000 13.516000 C
1062 53 10.066000 36.862999 13.671000 C
1063 53 9.449000 36.030998 12.667000 O
1064 53 11.525000 36.473000 13.811000 C
1065 53 11.835000 35.883999 15.066000 O
1066 53 11.716000 35.373001 12.768000 C
1067 53 10.308000 34.970001 12.341000 C
1068 53 10.157000 34.578999 10.916000 N
1069 53 9.395000 33.476002 10.684000 C
1070 53 8.840000 32.876999 11.581000 O
1071 53 9.257000 33.123001 9.373000 N
1072 53 9.834000 33.736000 8.284000 C
1073 53 9.636000 33.296001 7.148000 O
1074 53 10.653000 34.886002 8.591000 C
1075 53 11.323000 35.625000 7.470000 C
1076 53 10.785000 35.252998 9.886000 C
1077 54 11.339000 36.369999 16.517000 P
1078 54 9.893000 36.681999 16.469000 O
1079 54 12.297000 37.367001 17.056000 O
1080 54 11.533000 34.984001 17.312000 O
1081 54 10.468000 34.022999 17.346001 C
1082 54 10.832000 32.585999 16.948000 C
1083 54 10.584000 32.313000 15.565000 O
1084 54 12.122000 31.882000 17.372000 C
1085 54 11.764000 30.844000 18.302999 O
1086 54 12.619000 31.208000 16.087000 C
1087 54 11.413000 31.271999 15.157000 C
1088 54 11.648000 31.346001 13.727000 N
1089 54 11.086000 30.332001 12.984000 C
1090 54 10.417000 29.433001 13.488000 O
1091 54 11.318000 30.430000 11.631000 N
1092 54 12.063000 31.421000 10.983000 C
1093 54 12.216000 31.403000 9.769000 O
1094 54 12.620000 32.436001 11.815000 C
1095 54 13.427000 33.515999 11.159000 C
1096 54 12.397000 32.365002 13.146000 C
1097 55 12.881000 29.910000 18.992001 P
1098 55 12.457000 29.670000 20.392000 O
1099 55 14.206000 30.509001 18.704000 O
1100 55 12.784000 28.518000 18.201000 O
1101 55 11.598000 27.749001 18.283001 C
1102 55 11.473000 26.801001 17.101999 C
1103 55 11.622000 27.542999 15.873000 O
1104 55 12.447000 25.622000 17.038000 C
1105 55 11.748000 24.389999 17.056000 O
1106 55 13.152000 25.737000 15.696000 C
1107 55 12.358000 26.790001 14.958000 C
1108 55 13.134000 27.590000 14.020000 N
1109 55 12.928000 27.299999 12.697000 C
1110 55 12.131000 26.451000 12.324000 O
1111 55 13.667000 28.037001 11.827000 N
1112 55 14.580000 29.011000 12.148000 C
1113 55 15.168000 29.590000 11.237000 O
1114 55 14.761000 29.267000 13.566000 C
1115 55 15.736000 30.315001 14.027000 C
1116 55 14.033000 28.544001 14.431000 C
1117 56 12.590000 23.033001 17.153000 P
1118 56 11.709000 22.000999 17.749001 O
1119 56 13.891000 23.349001 17.794001 O
1120 56 12.875000 22.631001 15.630000 O
1121 56 11.832000 22.164000 14.805000 C
1122 56 12.354000 21.742001 13.440000 C
1123 56 12.784000 22.882999 12.668000 O
1124 56 13.481000 20.714001 13.403000 C
1125 56 13.031000 19.594999 12.679000 O
1126 56 14.606000 21.358000 12.599000 C
1127 56 13.979000 22.601000 11.983000 C
1128 56 14.850000 23.768999 12.020000 N
1129 56 15.096000 24.427999 10.819000 C
1130 56 14.549000 24.006001 9.795000 O
1131 56 15.900000 25.516001 10.813000 N
1132 56 16.458000 25.920000 11.958000 C
1133 56 17.257000 27.000999 11.929000 N
1134 56 16.216999 25.240999 13.193000 C
1135 56 15.417000 24.176001 13.177000 C
1136 57 13.948000 18.301001 12.586000 P
1137 57 13.085000 17.162001 12.231000 O
1138 57 14.805000 18.275000 13.795000 O
1139 57 14.841000 18.613001 11.329000 O
1140 57 14.219000 18.700001 10.093000 C
1141 57 15.250000 18.974001 9.030000 C
1142 57 15.650000 20.355000 9.065000 O
1143 57 16.511999 18.121000 9.103000 C
1144 57 16.534000 17.275000 7.962000 O
1145 57 17.683001 19.110001 9.146000 C
1146 57 17.044001 20.473000 8.941000 C
1147 57 17.551001 21.554001 9.816000 N
1148 57 18.101000 22.632000 9.166000 C
1149 57 18.153000 22.712999 7.949000 O
1150 57 18.565001 23.622000 9.986000 N
1151 57 18.546000 23.629000 11.364000 C
1152 57 19.007000 24.599001 11.960000 O
1153 57 17.969000 22.464001 11.990000 C
1154 57 17.906000 22.385000 13.485000 C
1155 57 17.500000 21.481001 11.195000 C
1156 58 17.841999 16.459000 7.516000 P
1157 58 17.417000 15.048000 7.360000 O
1158 58 18.992001 16.764999 8.395000 O
1159 58 18.164000 17.032000 6.058000 O
1160 58 17.591999 18.222000 5.550000 C
1161 58 18.614000 18.983000 4.735000 C
1162 58 19.024000 20.166000 5.435000 O
1163 58 19.858999 18.198000 4.361000 C
1164 58 20.075001 18.237000 2.946000 O
1165 58 21.004999 18.934000 5.068000 C
1166 58 20.421000 20.290001 5.463000 C
1167 58 20.820999 20.780001 6.795000 N
1168 58 21.412001 22.033001 6.910000 C
1169 58 21.608999 22.782000 5.965000 O
1170 58 21.747000 22.384001 8.194000 N
1171 58 21.561001 21.638000 9.336000 C
1172 58 21.914000 22.090000 10.409000 O
1173 58 20.955000 20.346001 9.148000 C
1174 58 20.707001 19.437000 10.317000 C
1175 58 20.620001 19.983000 7.902000 C
1176 59 21.273001 17.360001 2.329000 P
1177 59 21.129000 17.319000 0.857000 O
1178 59 21.333000 16.094000 3.089000 O
1179 59 22.579000 18.225000 2.699000 O
1180 59 22.784000 19.542999 2.180000 C
1181 59 24.089001 20.087000 2.734000 C
1182 59 23.885000 20.709000 4.048000 O
1183 59 25.201000 19.014000 2.889000 C
1184 59 26.483999 19.410999 2.359000 O
1185 59 25.402000 18.917999 4.374000 C
1186 59 24.975000 20.306000 4.845000 C
1187 59 24.877001 20.386999 6.293000 N
1188 59 25.311001 21.546000 6.911000 C
1189 59 25.673000 22.546000 6.315000 O
1190 59 25.236000 21.511999 8.266000 N
1191 59 24.834999 20.447001 9.049000 C
1192 59 24.829000 20.580999 10.268000 O
1193 59 24.441999 19.250999 8.346000 C
1194 59 23.982000 18.038000 9.114000 C
1195 59 24.500000 19.268999 7.015000 C
1196 60 26.826000 19.642000 0.817000 P
1197 60 25.594000 20.080000 0.121000 O
1198 60 27.580999 18.457001 0.357000 O
1199 60 27.874001 20.841000 0.867000 O
1200 60 27.563999 22.164000 1.238000 C
1201 60 28.679001 22.687000 2.127000 C
1202 60 28.337999 22.528999 3.512000 O
1203 60 30.054001 22.049999 1.914000 C
1204 60 30.986000 23.059999 1.550000 O
1205 60 30.448999 21.427000 3.255000 C
1206 60 29.409000 21.952999 4.242000 C
1207 60 28.848000 20.952000 5.130000 N
1208 60 28.231001 19.782000 4.778000 C
1209 60 27.823999 19.082001 5.803000 N
1210 60 28.221001 19.841000 6.897000 C
1211 60 28.068001 19.594999 8.276000 C
1212 60 27.528000 18.628000 8.830000 O
1213 60 28.617001 20.620001 9.042000 N
1214 60 29.231001 21.736000 8.533000 C
1215 60 29.700001 22.617001 9.430000 N
1216 60 29.378000 21.975000 7.240000 N
1217 60 28.860001 20.986000 6.491000 C
