404 977
0 2
0 3
0 4
1 3
1 4
1 5
2 5
2 6
2 7
3 4
3 6
3 8
3 15
4 7
4 8
4 16
4 18
4 19
5 6
5 17
5 18
5 19
5 20
6 8
6 9
6 10
7 9
7 10
7 15
8 10
8 11
8 12
8 14
9 12
9 14
9 15
10 11
10 401
11 13
11 14
11 15
11 399
12 15
13 14
13 398
16 20
17 18
17 19
17 20
18 19
19 21
19 22
19 23
20 22
20 23
20 24
21 24
21 25
21 26
22 23
22 25
22 27
22 34
23 26
23 35
23 37
24 25
24 36
24 37
24 38
25 27
25 29
26 28
26 29
26 34
27 29
27 30
27 31
27 33
28 31
28 33
28 34
29 30
29 379
29 400
30 32
30 33
30 34
30 377
31 34
32 33
32 376
35 39
36 37
36 38
36 39
37 38
38 40
38 41
39 41
39 42
39 43
40 43
40 44
40 45
41 42
41 44
41 46
41 47
42 45
42 46
42 57
42 59
43 44
43 58
43 59
43 60
44 46
45 47
45 55
45 56
46 48
46 49
46 55
47 49
47 56
48 50
48 51
48 56
49 51
49 52
49 53
49 55
50 53
50 55
50 56
51 52
51 357
52 54
52 55
52 56
52 355
53 56
54 55
54 354
57 61
58 59
58 60
58 61
59 60
60 62
60 63
60 64
61 63
61 64
61 65
62 65
62 66
62 67
63 64
63 66
63 68
63 69
64 67
64 68
64 79
64 81
64 82
65 66
65 80
65 81
65 82
66 68
67 69
67 77
67 78
68 70
68 71
68 77
69 71
69 78
70 72
70 73
70 78
71 73
71 74
71 75
71 77
72 75
72 77
72 78
73 74
73 338
74 76
74 77
74 78
74 336
75 78
76 77
76 335
79 83
80 81
80 82
81 82
81 83
82 84
82 85
83 85
83 86
83 87
84 87
84 88
84 89
85 86
85 88
85 90
85 91
86 89
86 90
86 101
86 103
87 88
87 102
87 103
87 104
87 105
88 90
89 91
89 99
89 100
90 92
90 93
90 99
91 93
91 100
92 94
92 95
92 100
93 95
93 96
93 97
93 99
94 97
94 99
94 100
94 117
95 96
95 117
95 319
96 98
96 99
96 100
96 317
97 100
98 99
98 316
101 105
102 103
102 104
102 105
103 104
104 106
104 107
104 108
105 107
105 108
105 109
106 109
106 110
106 111
107 108
107 110
107 112
107 119
108 111
108 112
108 120
108 122
109 110
109 121
109 122
109 123
109 124
110 112
111 113
111 114
111 119
112 114
112 115
112 116
112 118
113 116
113 118
113 119
114 115
114 300
115 117
115 118
115 119
115 298
116 119
117 118
117 297
120 124
121 122
121 123
121 124
122 123
123 125
123 126
123 127
124 126
124 127
124 128
125 128
125 129
125 130
126 127
126 129
126 131
126 138
127 130
127 139
127 141
128 129
128 140
128 141
128 142
128 143
129 131
129 132
129 133
130 132
130 133
130 138
131 133
131 134
131 135
131 137
132 135
132 137
132 138
133 134
133 278
134 136
134 137
134 138
134 276
135 138
136 137
136 275
139 143
140 141
140 142
140 143
141 142
142 144
142 145
142 146
143 145
143 146
143 147
144 147
144 148
144 149
145 146
145 148
145 150
145 157
146 149
146 150
146 158
146 160
146 161
147 148
147 159
147 160
147 161
147 162
148 150
149 151
149 152
149 157
150 152
150 153
150 154
150 156
151 154
151 156
151 157
152 153
152 256
153 155
153 156
153 157
153 254
154 157
155 156
155 253
158 162
159 160
159 161
159 162
160 161
161 163
161 164
161 165
162 164
162 165
162 166
163 166
163 167
163 168
164 165
164 167
164 169
164 170
165 168
165 169
165 180
165 182
165 183
166 167
166 181
166 182
166 183
167 169
168 170
168 178
168 179
169 171
169 172
169 178
170 172
170 179
171 173
171 174
171 179
172 174
172 175
172 176
172 178
173 176
173 178
173 179
174 175
174 234
175 177
175 178
175 179
175 232
176 179
177 178
177 231
180 184
181 182
181 183
181 184
182 183
183 185
183 186
183 187
184 186
184 187
184 188
185 188
185 189
185 190
186 187
186 189
186 191
186 192
187 190
188 189
189 191
190 192
190 200
190 201
191 193
191 194
191 200
192 194
192 201
193 195
193 196
193 201
194 196
194 197
194 198
194 200
195 198
195 200
195 201
196 197
196 215
197 199
197 200
197 201
197 213
198 201
199 200
199 212
202 204
202 205
202 206
203 205
203 206
203 207
204 207
204 208
204 209
205 206
205 208
205 210
205 217
206 209
206 210
206 218
206 220
206 221
207 208
207 219
207 220
207 221
208 210
208 211
208 212
209 211
209 212
209 217
210 212
210 213
210 214
210 216
211 214
211 216
211 217
212 213
213 215
213 216
213 217
214 217
215 216
218 222
219 220
219 221
219 222
220 221
221 223
221 224
221 225
222 224
222 225
222 226
223 226
223 227
223 228
224 225
224 227
224 229
224 236
225 228
225 229
225 237
225 239
225 240
226 227
226 238
226 239
226 240
227 229
227 230
227 231
228 230
228 231
228 236
229 231
229 232
229 233
229 235
230 233
230 235
230 236
231 232
232 234
232 235
232 236
233 236
234 235
237 241
238 239
238 240
238 241
239 240
240 242
240 243
240 244
241 243
241 244
241 245
242 245
242 246
242 247
243 244
243 246
243 248
243 249
244 247
244 248
244 259
244 261
245 246
245 260
245 261
245 262
245 263
246 248
247 249
247 257
247 258
248 250
248 251
248 257
249 251
249 258
250 252
250 253
250 258
251 253
251 254
251 255
251 257
252 255
252 257
252 258
253 254
254 256
254 257
254 258
255 258
256 257
259 263
260 261
260 262
260 263
261 262
262 264
262 265
262 266
263 265
263 266
263 267
264 267
264 268
264 269
265 266
265 268
265 270
265 271
266 269
266 270
266 281
266 283
267 268
267 282
267 283
267 284
267 285
268 270
269 271
269 279
269 280
270 272
270 273
270 279
271 273
271 280
272 274
272 275
272 280
273 275
273 276
273 277
273 279
274 277
274 279
274 280
275 276
276 278
276 279
276 280
277 280
278 279
281 285
282 283
282 284
282 285
283 284
284 286
284 287
284 288
285 287
285 288
285 289
286 289
286 290
286 291
287 288
287 290
287 292
287 293
288 291
288 292
288 303
288 305
288 306
289 290
289 304
289 305
289 306
289 307
290 292
291 293
291 301
291 302
292 294
292 295
292 301
293 295
293 302
294 296
294 297
294 302
295 297
295 298
295 299
295 301
296 299
296 301
296 302
297 298
298 300
298 301
298 302
299 302
300 301
303 307
304 305
304 306
304 307
305 306
306 308
306 309
306 310
307 309
307 310
307 311
308 311
308 312
308 313
309 310
309 312
309 314
309 321
310 313
310 314
310 322
310 324
311 312
311 323
311 324
311 325
312 314
313 315
313 316
313 321
314 316
314 317
314 318
314 320
315 318
315 320
315 321
316 317
317 319
317 320
317 321
318 321
319 320
322 326
323 324
323 325
323 326
324 325
325 327
325 328
325 329
326 328
326 329
326 330
327 330
327 331
327 332
328 329
328 331
328 333
328 340
329 332
329 333
329 341
329 343
329 344
330 331
330 342
330 343
330 344
330 345
331 333
331 347
332 334
332 335
332 340
333 335
333 336
333 337
333 339
334 337
334 339
334 340
335 336
336 338
336 339
336 340
337 340
338 339
341 345
342 343
342 344
342 345
343 344
344 346
344 347
344 348
345 347
345 348
345 349
346 349
346 350
346 351
347 348
347 350
347 352
347 359
348 351
348 352
348 360
348 362
349 350
349 361
349 362
349 363
350 352
350 353
350 354
351 353
351 354
351 359
352 354
352 355
352 356
352 358
353 356
353 358
353 359
354 355
355 357
355 358
355 359
356 359
357 358
360 364
361 362
361 363
361 364
362 363
363 365
363 366
363 367
364 366
364 367
364 368
365 368
365 369
365 370
366 367
366 369
366 371
366 372
367 370
367 371
367 382
367 384
368 369
368 383
368 384
368 385
369 371
369 381
370 372
370 380
370 381
371 373
371 374
371 380
372 374
372 381
373 375
373 376
373 381
374 376
374 377
374 378
374 380
375 378
375 380
375 381
376 377
377 379
377 380
377 381
378 381
379 380
382 386
383 384
383 385
383 386
384 385
385 387
385 388
385 389
386 388
386 389
386 390
387 390
387 391
387 392
388 389
388 391
388 393
388 394
389 392
390 391
391 393
392 394
392 402
392 403
393 395
393 396
393 402
394 396
394 403
395 397
395 398
395 403
396 398
396 399
396 400
396 402
397 400
397 402
397 403
398 399
399 401
399 402
399 403
400 403
401 402
1 1 -4.552000 8.174000 6.035000 O
2 1 -3.994000 9.390000 5.536000 C
3 1 -3.646000 10.334000 6.659000 C
4 1 -4.792000 10.513000 7.496000 O
5 1 -2.599000 9.786000 7.578000 C
6 1 -1.362000 10.036000 6.926000 O
7 1 -2.774000 10.790000 8.680000 C
8 1 -4.311000 10.752000 8.825000 C
9 1 -4.850000 9.705000 9.760000 N
10 1 -4.576000 9.825000 11.118000 C
11 1 -3.908000 10.758000 11.568000 O
12 1 -5.088000 8.885000 11.957000 N
13 1 -5.824000 7.863000 11.506000 C
14 1 -6.266000 6.946000 12.362000 N
15 1 -6.122000 7.718000 10.123000 C
16 1 -5.616000 8.657000 9.293000 C
17 2 -0.099000 9.081000 7.132000 P
18 2 0.945000 9.494000 6.173000 O
19 2 -0.551000 7.669000 7.188000 O
20 2 0.375000 9.490000 8.587000 O
21 2 0.972000 10.755000 8.867000 C
22 2 1.017000 10.893000 10.368000 C
23 2 -0.311000 10.738000 10.885000 O
24 2 1.836000 9.795000 11.018000 C
25 2 3.186000 10.255000 11.104000 O
26 2 1.273000 9.860000 12.403000 C
27 2 -0.229000 10.002000 12.101000 C
28 2 -1.032000 8.728000 12.118000 N
29 2 -1.294000 8.199000 13.374000 C
30 2 -0.868000 8.731000 14.395000 O
31 2 -2.050000 7.068000 13.464000 N
32 2 -2.541000 6.470000 12.385000 C
33 2 -3.271000 5.362000 12.555000 N
34 2 -2.288000 6.996000 11.075000 C
35 2 -1.531000 8.114000 10.991000 C
36 3 4.415000 9.211000 11.203000 P
37 3 5.653000 10.000000 11.209000 O
38 3 4.201000 8.172000 10.171000 O
39 3 4.280000 8.476000 12.634000 O
40 3 4.874000 9.032000 13.808000 C
41 3 4.333000 8.456000 15.116000 C
42 3 2.913000 8.332000 15.037000 O
43 3 4.792000 7.090000 15.536000 C
44 3 6.073000 7.275000 16.118999 O
45 3 3.824000 6.888000 16.676001 C
46 3 2.532000 7.321000 15.993000 C
47 3 1.815000 6.189000 15.351000 N
48 3 1.505000 5.985000 14.029000 C
49 3 0.766000 4.928000 13.815000 N
50 3 0.572000 4.381000 15.083000 C
51 3 -0.174000 3.243000 15.496000 C
52 3 -0.840000 2.460000 14.819000 O
53 3 -0.122000 3.070000 16.874001 N
54 3 0.563000 3.893000 17.737000 C
55 3 0.538000 3.566000 19.018000 N
56 3 1.252000 4.965000 17.351999 N
57 3 1.216000 5.152000 16.014999 C
58 4 7.068000 6.038000 16.313000 P
59 4 8.384000 6.597000 16.677999 O
60 4 6.933000 5.156000 15.131000 O
61 4 6.480000 5.264000 17.601000 O
62 4 6.786000 5.685000 18.938999 C
63 4 6.384000 4.615000 19.940001 C
64 4 4.965000 4.450000 19.857000 O
65 4 6.934000 3.251000 19.568001 C
66 4 8.220000 3.133000 20.146000 O
67 4 5.993000 2.395000 20.355000 C
68 4 4.670000 3.051000 20.000000 C
69 4 4.050000 2.501000 18.768999 N
70 4 4.010000 3.043000 17.497999 C
71 4 3.303000 2.364000 16.653000 N
72 4 2.838000 1.296000 17.410000 C
73 4 1.923000 0.291000 17.033001 C
74 4 1.427000 0.142000 15.923000 O
75 4 1.596000 -0.556000 18.090000 N
76 4 2.099000 -0.434000 19.381001 C
77 4 1.644000 -1.291000 20.309000 N
78 4 2.956000 0.533000 19.729000 N
79 4 3.282000 1.362000 18.694000 C
80 5 9.295000 2.148000 19.468000 P
81 5 10.581000 2.411000 20.166000 O
82 5 9.203000 2.254000 18.004999 O
83 5 8.778000 0.684000 19.906000 O
84 5 8.807000 -0.403000 18.974001 C
85 5 7.839000 -1.493000 19.389999 C
86 5 6.511000 -0.984000 19.280001 O
87 5 7.866000 -2.697000 18.481001 C
88 5 8.848000 -3.530000 19.010000 O
89 5 6.559000 -3.306000 18.857000 C
90 5 5.679000 -2.055000 18.823000 C
91 5 5.117000 -1.798000 17.493000 N
92 5 5.431000 -0.833000 16.573000 C
93 5 4.732000 -0.888000 15.485000 N
94 5 3.888000 -1.972000 15.693000 C
95 5 2.989000 -2.578000 14.804000 C
96 5 2.689000 -2.204000 13.670000 O
97 5 2.450000 -3.738000 15.347000 N
98 5 2.741000 -4.240000 16.599001 C
99 5 2.182000 -5.383000 16.974001 N
100 5 3.584000 -3.647000 17.443001 N
101 5 4.114000 -2.527000 16.924999 C
102 6 9.912000 -4.314000 18.145000 P
103 6 10.976000 -4.627000 19.115000 O
104 6 10.212000 -3.560000 16.903000 O
105 6 9.122000 -5.661000 17.757999 O
106 6 8.891000 -6.638000 18.784000 C
107 6 7.918000 -7.728000 18.357000 C
108 6 6.612000 -7.135000 18.184999 O
109 6 8.248000 -8.273000 16.972000 C
110 6 9.228000 -9.308000 17.084000 O
111 6 6.904000 -8.883000 16.636000 C
112 6 5.997000 -7.703000 17.004000 C
113 6 5.778000 -6.705000 15.882000 N
114 6 4.794000 -6.968000 14.917000 C
115 6 4.127000 -8.001000 14.904000 O
116 6 4.596000 -6.035000 13.948000 N
117 6 5.302000 -4.905000 13.901000 C
118 6 5.056000 -4.011000 12.960000 N
119 6 6.310000 -4.615000 14.859000 C
120 6 6.501000 -5.534000 15.818000 C
121 7 10.426000 -9.445000 15.986000 P
122 7 11.340000 -10.507000 16.459000 O
123 7 10.954000 -8.112000 15.632000 O
124 7 9.715000 -9.980000 14.675000 O
125 7 9.137000 -11.270000 14.587000 C
126 7 8.186000 -11.238000 13.434000 C
127 7 7.359000 -10.090000 13.612000 O
128 7 8.821000 -10.971000 12.100000 C
129 7 9.403000 -12.182000 11.641000 O
130 7 7.566000 -10.765000 11.338000 C
131 7 6.829000 -9.814000 12.315000 C
132 7 6.908000 -8.399000 11.881000 N
133 7 6.108000 -8.072000 10.802000 C
134 7 5.324000 -8.885000 10.306000 O
135 7 6.186000 -6.819000 10.307000 N
136 7 6.998000 -5.905000 10.841000 C
137 7 7.020000 -4.704000 10.263000 N
138 7 7.830000 -6.209000 11.968000 C
139 7 7.749000 -7.465000 12.455000 C
140 8 10.513000 -12.154000 10.472000 P
141 8 11.209000 -13.459000 10.533000 O
142 8 11.285000 -10.894000 10.524000 O
143 8 9.659000 -12.083000 9.131000 O
144 8 8.992000 -13.236000 8.659000 C
145 8 8.051000 -12.845000 7.557000 C
146 8 7.201000 -11.790000 8.048000 O
147 8 8.676000 -12.276000 6.324000 C
148 8 9.057000 -13.375000 5.528000 O
149 8 7.436000 -11.679000 5.714000 C
150 8 6.877000 -10.942000 6.925000 C
151 8 7.349000 -9.534000 7.029000 N
152 8 6.811000 -8.567000 6.176000 C
153 8 5.941000 -8.846000 5.351000 O
154 8 7.250000 -7.296000 6.285000 N
155 8 8.156000 -6.943000 7.192000 C
156 8 8.518000 -5.675000 7.320000 N
157 8 8.704000 -7.908000 8.061000 C
158 8 8.278000 -9.177000 7.949000 C
159 9 10.237000 -13.216000 4.451000 P
160 9 10.529000 -14.577000 3.930000 O
161 9 11.305000 -12.382000 5.039000 O
162 9 9.559000 -12.410000 3.254000 O
163 9 8.617000 -13.096000 2.415000 C
164 9 7.979000 -12.117000 1.481000 C
165 9 7.357000 -11.078000 2.256000 O
166 9 9.030000 -11.399000 0.680000 C
167 9 9.339000 -12.216000 -0.452000 O
168 9 8.205000 -10.224000 0.236000 C
169 9 7.578000 -9.841000 1.567000 C
170 9 8.401000 -8.861000 2.319000 N
171 9 9.200000 -8.978000 3.433000 C
172 9 9.706000 -7.843000 3.842000 N
173 9 9.205000 -6.914000 2.932000 C
174 9 9.472000 -5.523000 2.792000 C
175 9 10.144000 -4.781000 3.508000 O
176 9 8.865000 -4.992000 1.666000 N
177 9 8.088000 -5.700000 0.777000 C
178 9 7.610000 -5.040000 -0.275000 N
179 9 7.828000 -6.997000 0.913000 N
180 9 8.418000 -7.529000 2.009000 C
181 10 10.764000 -11.974000 -1.179000 P
182 10 10.967000 -13.017000 -2.211000 O
183 10 11.791000 -11.748000 -0.150000 O
184 10 10.528000 -10.579000 -1.941000 O
185 10 9.773000 -10.439000 -3.149000 C
186 10 9.902000 -9.011000 -3.695000 C
187 10 9.484000 -8.066000 -2.710000 O
188 10 11.319000 -8.614000 -4.045000 C
189 10 11.601000 -9.121000 -5.347000 O
190 10 11.192000 -7.092000 -4.057000 C
191 10 10.226000 -6.847000 -2.881000 C
192 10 10.899000 -6.453000 -1.624000 N
193 10 11.373000 -7.237000 -0.598000 C
194 10 11.929000 -6.579000 0.371000 N
195 10 11.822000 -5.255000 -0.032000 C
196 10 12.354000 -4.095000 0.576000 C
197 10 12.984000 -4.021000 1.620000 O
198 10 12.141000 -2.960000 -0.192000 N
199 10 11.493000 -2.957000 -1.408000 C
200 10 11.344000 -1.772000 -1.982000 N
201 10 10.990000 -4.052000 -1.988000 N
202 10 11.191000 -5.163000 -1.242000 C
204 11 12.889000 4.909000 3.535000 O
205 11 12.894000 5.858000 2.456000 C
206 11 12.614000 5.272000 1.059000 C
207 11 13.637000 4.403000 0.548000 O
208 11 11.369000 4.430000 1.033000 C
209 11 10.288000 5.325000 0.897000 O
210 11 11.560000 3.782000 -0.302000 C
211 11 12.990000 3.325000 -0.168000 C
212 11 13.185000 1.981000 0.492000 N
213 11 12.601000 0.830000 -0.059000 C
214 11 11.882000 0.849000 -1.060000 O
215 11 12.843000 -0.359000 0.551000 N
216 11 13.598000 -0.447000 1.649000 C
217 11 13.786000 -1.618000 2.247000 N
218 11 14.202000 0.703000 2.234000 C
219 11 13.966000 1.881000 1.619000 C
220 12 8.818000 4.924000 1.378000 P
221 12 7.949000 6.071000 1.015000 O
222 12 8.899000 4.432000 2.766000 O
223 12 8.413000 3.697000 0.440000 O
224 12 7.837000 3.937000 -0.845000 C
225 12 7.478000 2.629000 -1.458000 C
226 12 8.657000 1.815000 -1.461000 O
227 12 6.485000 1.889000 -0.620000 C
228 12 5.201000 2.329000 -1.028000 O
229 12 6.714000 0.527000 -1.181000 C
230 12 8.245000 0.478000 -1.185000 C
231 12 8.820000 -0.083000 0.078000 N
232 12 8.790000 -1.468000 0.204000 C
233 12 8.330000 -2.188000 -0.689000 O
234 12 9.294000 -2.015000 1.342000 N
235 12 9.806000 -1.264000 2.326000 C
236 12 10.250000 -1.841000 3.442000 N
237 12 9.851000 0.157000 2.218000 C
238 12 9.353000 0.695000 1.089000 C
239 13 3.999000 2.216000 0.019000 P
240 13 2.825000 2.894000 -0.592000 O
241 13 4.493000 2.649000 1.341000 O
242 13 3.692000 0.638000 0.066000 O
243 13 2.982000 -0.014000 -0.989000 C
244 13 2.977000 -1.512000 -0.804000 C
245 13 4.325000 -2.011000 -0.658000 O
246 13 2.323000 -1.913000 0.493000 C
247 13 0.903000 -1.843000 0.319000 O
248 13 2.747000 -3.360000 0.496000 C
249 13 4.245000 -3.167000 0.210000 C
250 13 5.007000 -3.000000 1.479000 N
251 13 5.599000 -1.873000 2.005000 C
252 13 6.233000 -2.078000 3.121000 N
253 13 6.054000 -3.436000 3.359000 C
254 13 6.561000 -4.236000 4.416000 C
255 13 7.277000 -3.901000 5.356000 O
256 13 6.187000 -5.563000 4.285000 N
257 13 5.418000 -6.059000 3.259000 C
258 13 5.130000 -7.349000 3.332000 N
259 13 4.952000 -5.309000 2.249000 N
260 13 5.310000 -4.010000 2.364000 C
261 14 -0.082000 -1.494000 1.567000 P
262 14 -1.438000 -1.278000 1.023000 O
263 14 0.544000 -0.465000 2.419000 O
264 14 -0.100000 -2.839000 2.439000 O
265 14 -0.757000 -3.996000 1.934000 C
266 14 -0.381000 -5.239000 2.720000 C
267 14 1.048000 -5.377000 2.721000 O
268 14 -0.754000 -5.197000 4.187000 C
269 14 -2.160000 -5.533000 4.291000 O
270 14 0.077000 -6.379000 4.652000 C
271 14 1.412000 -6.077000 3.924000 C
272 14 2.328000 -5.275000 4.776000 N
273 14 2.677000 -3.948000 4.699000 C
274 14 3.486000 -3.549000 5.643000 N
275 14 3.691000 -4.695000 6.403000 C
276 14 4.518000 -4.899000 7.542000 C
277 14 5.220000 -4.101000 8.150000 O
278 14 4.485000 -6.207000 7.972000 N
279 14 3.748000 -7.208000 7.385000 C
280 14 3.812000 -8.381000 7.999000 N
281 14 2.971000 -7.030000 6.316000 N
282 14 2.989000 -5.755000 5.878000 C
283 15 -3.024000 -5.171000 5.623000 P
284 15 -4.478000 -5.247000 5.338000 O
285 15 -2.465000 -3.951000 6.247000 O
286 15 -2.675000 -6.383000 6.581000 O
287 15 -3.190000 -7.687000 6.328000 C
288 15 -2.684000 -8.611000 7.390000 C
289 15 -1.260000 -8.595000 7.337000 O
290 15 -2.989000 -8.110000 8.778000 C
291 15 -4.310000 -8.491000 9.114000 O
292 15 -2.011000 -8.943000 9.548000 C
293 15 -0.781000 -8.673000 8.686000 C
294 15 -0.022000 -7.454000 9.057000 N
295 15 0.014000 -6.182000 8.513000 C
296 15 0.867000 -5.386000 9.088000 N
297 15 1.437000 -6.179000 10.074000 C
298 15 2.403000 -5.859000 11.052000 C
299 15 3.003000 -4.796000 11.168000 O
300 15 2.646000 -6.933000 11.908000 N
301 15 2.043000 -8.174000 11.822000 C
302 15 2.348000 -9.099000 12.738000 N
303 15 1.144000 -8.473000 10.885000 N
304 15 0.892000 -7.434000 10.060000 C
305 16 -5.144000 -7.465000 10.039000 P
306 16 -6.562000 -7.871000 10.037000 O
307 16 -4.757000 -6.076000 9.678000 O
308 16 -4.551000 -7.733000 11.492000 O
309 16 -4.757000 -8.926000 12.244000 C
310 16 -3.867000 -8.824000 13.455000 C
311 16 -2.535000 -8.584000 12.974000 O
312 16 -4.142000 -7.615000 14.304000 C
313 16 -5.199000 -7.933000 15.184000 O
314 16 -2.863000 -7.593000 15.093000 C
315 16 -1.860000 -7.780000 13.959000 C
316 16 -1.291000 -6.505000 13.439000 N
317 16 -0.230000 -5.954000 14.151000 C
318 16 0.241000 -6.496000 15.151000 O
319 16 0.293000 -4.786000 13.708000 N
320 16 -0.182000 -4.181000 12.623000 C
321 16 0.354000 -3.027000 12.247000 N
322 16 -1.266000 -4.732000 11.866000 C
323 16 -1.782000 -5.883000 12.315000 C
324 17 -5.996000 -6.718000 15.877000 P
325 17 -7.217000 -7.285000 16.482000 O
326 17 -6.107000 -5.598000 14.913000 O
327 17 -5.023000 -6.276000 17.077999 O
328 17 -4.934000 -7.078000 18.264000 C
329 17 -3.932000 -6.479000 19.202999 C
330 17 -2.696000 -6.383000 18.472000 O
331 17 -4.260000 -5.045000 19.548000 C
332 17 -5.177000 -5.040000 20.646999 O
333 17 -2.902000 -4.642000 20.047001 C
334 17 -2.023000 -5.199000 18.919001 C
335 17 -1.706000 -4.216000 17.827999 N
336 17 -0.631000 -3.368000 18.054001 C
337 17 0.018000 -3.421000 19.104000 O
338 17 -0.285000 -2.486000 17.091999 N
339 17 -0.946000 -2.423000 15.936000 C
340 17 -0.567000 -1.541000 15.021000 N
341 17 -2.058000 -3.281000 15.668000 C
342 17 -2.396000 -4.157000 16.638000 C
343 18 -6.247000 -3.827000 20.781000 P
344 18 -7.151000 -4.129000 21.908001 O
345 18 -6.806000 -3.504000 19.451000 O
346 18 -5.341000 -2.597000 21.223000 O
347 18 -4.815000 -2.515000 22.542999 C
348 18 -3.693000 -1.524000 22.528000 C
349 18 -2.812000 -1.872000 21.451000 O
350 18 -4.155000 -0.136000 22.198000 C
351 18 -4.595000 0.456000 23.417999 O
352 18 -2.831000 0.461000 21.836000 C
353 18 -2.265000 -0.668000 20.924999 C
354 18 -2.520000 -0.422000 19.475000 N
355 18 -1.716000 0.548000 18.889000 C
356 18 -0.807000 1.121000 19.496000 O
357 18 -1.925000 0.863000 17.608000 N
358 18 -2.859000 0.282000 16.885000 C
359 18 -2.923000 0.704000 15.629000 N
360 18 -3.715000 -0.733000 17.437000 C
361 18 -3.502000 -1.054000 18.735001 C
362 19 -5.691000 1.656000 23.436001 P
363 19 -6.265000 1.730000 24.785000 O
364 19 -6.586000 1.516000 22.261999 O
365 19 -4.825000 2.980000 23.101000 O
366 19 -3.807000 3.553000 23.908001 C
367 19 -2.937000 4.519000 23.101999 C
368 19 -2.292000 3.878000 21.989000 O
369 19 -3.580000 5.748000 22.514999 C
370 19 -3.747000 6.691000 23.584000 O
371 19 -2.404000 6.213000 21.686001 C
372 19 -2.016000 4.897000 21.018999 C
373 19 -2.728000 4.635000 19.757999 N
374 19 -3.623000 3.650000 19.413000 C
375 19 -3.975000 3.662000 18.160999 N
376 19 -3.262000 4.735000 17.629999 C
377 19 -3.203000 5.223000 16.316999 C
378 19 -3.816000 4.843000 15.313000 O
379 19 -2.340000 6.292000 16.230000 N
380 19 -1.622000 6.825000 17.264000 C
381 19 -0.880000 7.882000 16.990999 N
382 19 -1.675000 6.376000 18.507000 N
383 19 -2.522000 5.333000 18.613001 C
384 20 -4.760000 7.959000 23.424999 P
385 20 -4.870000 8.651000 24.733000 O
386 20 -5.974000 7.489000 22.733000 O
387 20 -3.997000 8.965000 22.424000 O
388 20 -2.897000 9.784000 22.840000 C
389 20 -2.434000 10.643000 21.680000 C
390 20 -2.208000 9.773000 20.575001 O
391 20 -3.506000 11.602000 21.204000 C
392 20 -3.486000 12.779000 22.024000 O
393 20 -3.025000 11.870000 19.792000 C
394 20 -2.537000 10.469000 19.372000 C
395 20 -3.473000 9.642000 18.582001 N
396 20 -4.283000 8.609000 18.986000 C
397 20 -4.913000 8.015000 18.010000 N
398 20 -4.487000 8.708000 16.886999 C
399 20 -4.866000 8.538000 15.538000 C
400 20 -5.629000 7.699000 15.068000 O
401 20 -4.267000 9.477000 14.720000 N
402 20 -3.394000 10.445000 15.149000 C
403 20 -2.914000 11.249000 14.215000 N
404 20 -3.029000 10.615000 16.422001 N
405 20 -3.617000 9.708000 17.230000 C
