1907
1 1 -7.707 3.606 10.715 O
2 1 -7.743 3.538 9.283 C
3 1 -7.902 4.931 8.724 C
4 1 -9.253 5.417 9.035 O
5 1 -7.000 6.018 9.297 C
6 1 -6.703 6.993 8.334 O
7 1 -7.810 6.666 10.403 C
8 1 -9.215 6.576 9.850 C
9 1 -10.283 6.486 10.831 N
10 1 -11.079 7.602 11.078 C
11 1 -10.873 8.652 10.488 O
12 1 -12.129 7.424 11.922 N
13 1 -12.375 6.269 12.594 C
14 1 -13.343 6.240 13.410 O
15 1 -11.471 5.184 12.414 C
16 1 -11.664 3.892 13.165 C
17 1 -10.487 5.329 11.520 C
18 2 -5.734 6.847 7.101 P
19 2 -4.679 5.839 7.409 O
20 2 -5.288 8.188 6.693 O
21 2 -6.686 6.222 5.947 O
22 2 -7.864 6.965 5.532 C
23 2 -8.384 6.351 4.255 C
24 2 -7.477 6.670 3.179 O
25 2 -8.525 4.850 4.320 C
26 2 -9.725 4.587 3.549 O
27 2 -7.276 4.354 3.611 C
28 2 -6.992 5.469 2.620 C
29 2 -5.622 5.649 2.290 N
30 2 -4.618 5.915 3.191 C
31 2 -3.431 5.967 2.654 N
32 2 -3.650 5.734 1.308 C
33 2 -2.753 5.655 0.226 C
34 2 -1.509 5.722 0.253 O
35 2 -3.379 5.403 -0.979 N
36 2 -4.732 5.297 -1.122 C
37 2 -5.170 5.095 -2.363 N
38 2 -5.605 5.375 -0.127 N
39 2 -4.998 5.555 1.068 C
40 3 -10.201 3.098 3.193 P
41 3 -11.685 3.144 3.176 O
42 3 -9.544 2.084 4.048 O
43 3 -9.644 2.870 1.696 O
44 3 -10.268 3.538 0.603 C
45 3 -10.040 2.716 -0.639 C
46 3 -8.648 2.880 -1.072 O
47 3 -10.252 1.216 -0.470 C
48 3 -10.908 0.772 -1.680 O
49 3 -8.863 0.688 -0.301 C
50 3 -8.002 1.613 -1.114 C
51 3 -6.655 1.792 -0.586 N
52 3 -6.312 2.091 0.723 C
53 3 -5.038 2.262 0.903 N
54 3 -4.492 2.081 -0.371 C
55 3 -3.150 2.119 -0.817 C
56 3 -2.141 2.388 -0.156 O
57 3 -3.040 1.843 -2.164 N
58 3 -4.087 1.567 -2.979 C
59 3 -3.788 1.267 -4.264 N
60 3 -5.353 1.505 -2.600 N
61 3 -5.485 1.803 -1.288 C
62 4 -11.251 -0.781 -1.901 P
63 4 -12.497 -0.820 -2.697 O
64 4 -11.281 -1.535 -0.618 O
65 4 -10.006 -1.301 -2.758 O
66 4 -9.843 -0.793 -4.090 C
67 4 -8.713 -1.502 -4.735 C
68 4 -7.499 -1.096 -4.072 O
69 4 -8.789 -3.023 -4.618 C
70 4 -8.825 -3.504 -5.976 O
71 4 -7.539 -3.448 -3.850 C
72 4 -6.628 -2.238 -4.059 C
73 4 -5.684 -1.975 -2.967 N
74 4 -5.973 -1.653 -1.653 C
75 4 -4.934 -1.336 -0.958 N
76 4 -3.865 -1.519 -1.822 C
77 4 -2.468 -1.392 -1.624 C
78 4 -1.902 -1.008 -0.591 O
79 4 -1.729 -1.684 -2.742 N
80 4 -2.261 -2.077 -3.931 C
81 4 -1.417 -2.446 -4.897 N
82 4 -3.587 -2.180 -4.167 N
83 4 -4.314 -1.905 -3.072 C
84 5 -8.855 -5.049 -6.323 P
85 5 -9.517 -5.125 -7.643 O
86 5 -9.473 -5.848 -5.222 O
87 5 -7.299 -5.488 -6.394 O
88 5 -6.545 -4.976 -7.496 C
89 5 -5.180 -5.611 -7.391 C
90 5 -4.445 -5.040 -6.276 O
91 5 -5.152 -7.102 -7.114 C
92 5 -4.299 -7.680 -8.098 O
93 5 -4.714 -7.260 -5.662 C
94 5 -3.728 -6.094 -5.613 C
95 5 -3.491 -5.667 -4.243 N
96 5 -4.375 -5.318 -3.271 C
97 5 -3.802 -4.918 -2.170 N
98 5 -2.436 -5.084 -2.420 C
99 5 -1.304 -4.868 -1.598 C
100 5 -1.301 -4.420 -0.437 O
101 5 -0.110 -5.184 -2.211 N
102 5 -0.016 -5.671 -3.469 C
103 5 1.200 -6.030 -3.890 N
104 5 -1.061 -5.836 -4.295 N
105 5 -2.227 -5.556 -3.700 C
106 6 -4.030 -9.248 -8.180 P
107 6 -3.864 -9.521 -9.621 O
108 6 -5.091 -10.037 -7.500 O
109 6 -2.659 -9.436 -7.354 O
110 6 -1.445 -8.926 -7.941 C
111 6 -0.320 -9.414 -7.061 C
112 6 -0.431 -8.841 -5.752 O
113 6 -0.308 -10.930 -6.889 C
114 6 0.800 -11.494 -7.623 O
115 6 -0.112 -11.125 -5.385 C
116 6 0.278 -9.730 -4.906 C
117 6 -0.234 -9.395 -3.528 N
118 6 0.661 -9.211 -2.494 C
119 6 1.863 -9.389 -2.644 O
120 6 0.140 -8.719 -1.334 N
121 6 -1.184 -8.490 -1.132 C
122 6 -1.528 -7.974 -0.033 O
123 6 -2.095 -8.796 -2.198 C
124 6 -3.570 -8.633 -1.993 C
125 6 -1.583 -9.227 -3.352 C
127 11 9.714 3.964 9.043 C
128 11 10.309 4.751 7.894 C
129 11 11.700 4.480 7.649 O
130 11 9.598 4.503 6.574 C
131 11 9.509 5.713 5.855 O
132 11 10.515 3.471 5.945 C
133 11 11.861 4.057 6.323 C
134 11 12.948 3.136 6.318 N
135 11 13.909 3.348 5.362 C
136 11 13.796 4.198 4.478 O
137 11 14.991 2.493 5.374 N
138 11 15.105 1.471 6.259 C
139 11 16.166 0.783 6.211 O
140 11 14.073 1.267 7.222 C
141 11 14.222 0.189 8.267 C
142 11 13.032 2.100 7.197 C
143 12 8.272 5.938 4.875 P
144 12 8.095 4.813 3.910 O
145 12 8.463 7.281 4.322 O
146 12 7.010 5.855 5.851 O
147 12 6.910 6.807 6.896 C
148 12 5.528 6.670 7.509 C
149 12 4.508 7.011 6.538 O
150 12 5.146 5.300 8.005 C
151 12 4.305 5.710 9.130 O
152 12 4.511 4.923 8.986 O
153 12 4.423 4.692 6.787 C
154 12 3.680 5.896 6.220 C
155 12 3.509 5.887 4.799 N
156 12 4.432 5.690 3.810 C
157 12 3.947 5.660 2.613 N
158 12 2.577 5.827 2.801 C
159 12 1.496 5.807 1.882 C
160 12 1.585 5.619 0.657 O
161 12 0.273 5.973 2.483 N
162 12 0.093 6.148 3.832 C
163 12 -1.149 6.371 4.237 N
164 12 1.078 6.166 4.719 N
165 12 2.290 5.979 4.147 C
166 B 13 3.595 4.648 10.25
167 B 13 3.784 3.693 9.39
168 13 3.535 5.267 11.423 O
169 13 3.907 3.633 10.949 O
170 13 4.264 3.382 9.875 O
171 13 4.368 2.565 8.755 O
172 13 2.146 4.359 9.423 O
173 13 2.346 3.650 9.056 O
174 13 1.141 5.270 9.741 C
175 13 1.271 4.757 9.541 C
176 13 -0.142 4.535 9.445 C
177 13 -0.401 4.512 8.014 O
178 13 -0.320 3.112 9.934 C
179 13 -1.679 3.149 10.433 O
180 13 -0.165 2.286 8.674 C
181 13 -0.721 3.181 7.595 C
182 13 -0.148 2.960 6.286 N
183 13 1.203 2.914 5.961 C
184 13 1.406 2.807 4.676 N
185 13 0.132 2.813 4.110 C
186 13 -0.299 2.720 2.769 C
187 13 0.429 2.661 1.755 O
188 13 -1.669 2.746 2.630 N
189 13 -2.521 2.788 3.707 C
190 13 -3.836 2.724 3.437 N
191 13 -2.159 2.896 4.962 N
192 13 -0.816 2.906 5.103 C
193 14 -2.257 1.936 11.273 P
194 14 -3.083 2.532 12.333 O
195 14 -1.120 1.089 11.798 O
196 14 -3.089 1.084 10.213 O
197 14 -4.366 1.585 9.754 C
198 14 -4.922 0.581 8.760 C
199 14 -4.159 0.718 7.545 O
200 14 -4.620 -0.856 9.189 C
201 14 -5.820 -1.556 8.962 O
202 14 -3.487 -1.408 8.339 C
203 14 -3.870 -0.610 7.086 C
204 14 -2.838 -0.521 6.106 N
205 14 -1.509 -0.391 6.347 C
206 14 -0.793 -0.300 5.264 N
207 14 -1.702 -0.479 4.234 C
208 14 -1.535 -0.526 2.819 C
209 14 -0.451 -0.466 2.215 O
210 14 -2.698 -0.689 2.118 N
211 14 -3.914 -0.772 2.726 C
212 14 -4.966 -0.950 1.921 N
213 14 -4.118 -0.716 4.042 N
214 14 -2.974 -0.632 4.741 C
215 15 -6.454 -2.688 9.882 P
216 15 -7.388 -2.011 10.797 O
217 15 -5.417 -3.478 10.624 O
218 15 -7.195 -3.605 8.782 O
219 15 -8.205 -2.898 8.018 C
220 15 -8.371 -3.755 6.773 C
221 15 -7.267 -3.417 5.914 O
222 15 -8.214 -5.262 6.880 C
223 15 -9.173 -5.805 5.970 O
224 15 -6.885 -5.731 6.315 C
225 15 -6.663 -4.580 5.359 C
226 15 -5.321 -4.320 5.023 N
227 15 -4.283 -4.103 5.895 C
228 15 -3.144 -3.891 5.312 N
229 15 -3.444 -4.002 3.954 C
230 15 -2.617 -3.911 2.793 C
231 15 -1.395 -3.722 2.773 O
232 15 -3.298 -4.091 1.615 N
233 15 -4.625 -4.356 1.552 C
234 15 -5.144 -4.460 0.311 N
235 15 -5.433 -4.427 2.601 N
236 15 -4.773 -4.277 3.760 C
237 16 -10.335 -6.862 6.215 P
239 22 7.105 2.699 -7.673 O
240 22 8.286 3.509 -7.639 C
241 22 8.766 3.440 -6.179 C
242 22 7.864 4.237 -5.375 O
243 22 8.821 2.054 -5.579 C
244 22 9.999 1.990 -4.770 O
245 22 7.544 1.999 -4.765 C
246 22 7.350 3.435 -4.334 C
247 22 5.985 3.778 -4.111 N
248 22 4.976 3.665 -5.049 C
249 22 3.816 4.037 -4.602 N
250 22 4.046 4.353 -3.266 C
251 22 3.164 4.763 -2.239 C
252 22 1.919 4.839 -2.327 O
253 22 3.783 5.001 -1.042 N
254 22 5.145 4.881 -0.873 C
255 22 5.592 5.154 0.361 N
256 22 5.995 4.484 -1.799 N
257 22 5.383 4.227 -2.964 C
258 23 10.351 0.686 -3.873 P
259 23 11.816 0.564 -3.955 O
260 23 9.528 -0.485 -4.260 O
261 23 9.875 1.159 -2.402 O
262 23 10.513 2.251 -1.756 C
263 23 10.273 2.158 -0.294 C
264 23 8.911 2.485 0.020 O
265 23 10.531 0.766 0.238 C
266 23 11.093 0.959 1.552 O
267 23 9.130 0.206 0.369 C
268 23 8.235 1.394 0.625 C
269 23 6.888 1.324 0.032 N
270 23 6.558 1.075 -1.266 C
271 23 5.274 1.232 -1.529 N
272 23 4.744 1.619 -0.292 C
273 23 3.407 1.900 0.086 C
274 23 2.384 1.899 -0.621 O
275 23 3.274 2.201 1.423 N
276 23 4.317 2.157 2.299 C
277 23 4.026 2.474 3.571 N
278 23 5.577 1.904 1.969 N
279 23 5.722 1.675 0.654 C
280 24 11.695 -0.255 2.405 P
281 24 12.850 0.282 3.112 O
282 24 11.932 -1.463 1.556 O
283 24 10.485 -0.632 3.395 O
284 24 10.216 0.351 4.410 C
285 24 9.063 -0.224 5.210 C
286 24 7.860 -0.058 4.443 O
287 24 9.073 -1.696 5.632 C
288 24 8.971 -1.479 7.047 O
289 24 8.077 -2.321 4.663 C
290 24 7.047 -1.201 4.636 C
291 24 6.133 -1.230 3.571 N
292 24 6.414 -1.449 2.245 C
293 24 5.357 -1.439 1.481 N
294 24 4.315 -1.145 2.339 C
295 24 2.928 -0.957 2.112 C
296 24 2.345 -0.974 1.020 O
297 24 2.208 -0.683 3.256 N
298 24 2.792 -0.584 4.488 C
299 24 1.967 -0.389 5.533 N
300 24 4.082 -0.787 4.765 N
301 24 4.776 -1.053 3.634 C
302 25 9.162 -2.737 8.038 P
303 25 10.141 -2.296 9.031 O
304 25 9.515 -3.963 7.267 O
305 25 7.666 -2.951 8.602 O
306 25 7.022 -2.162 9.608 C
307 25 5.825 -3.075 9.789 C
308 25 5.007 -2.863 8.619 O
309 25 5.896 -4.576 10.057 C
310 25 5.045 -4.797 11.183 O
311 25 5.226 -5.171 8.841 C
312 25 4.285 -4.063 8.378 C
313 25 4.010 -4.086 6.927 N
314 25 4.905 -4.213 5.896 C
315 25 4.356 -4.157 4.711 N
316 25 3.007 -4.013 4.968 C
317 25 1.881 -3.885 4.106 C
318 25 1.884 -3.926 2.860 O
319 25 0.682 -3.705 4.755 N
320 25 0.587 -3.686 6.118 C
321 25 -0.651 -3.521 6.614 N
322 25 1.604 -3.832 6.963 N
323 25 2.780 -3.933 6.326 C
324 26 5.326 -6.033 12.164 P
325 26 6.605 -5.672 12.813 O
326 26 5.358 -7.326 11.443 O
327 26 4.071 -6.007 13.168 O
328 26 3.907 -4.840 14.003 C
329 26 2.927 -5.362 15.050 C
330 26 3.727 -6.246 15.881 O
331 26 2.431 -4.337 16.059 C
332 26 1.169 -4.813 16.529 O
333 26 3.537 -4.239 17.097 C
334 26 3.820 -5.714 17.205 C
335 26 5.256 -5.970 17.623 N
336 26 5.456 -6.123 18.989 C
337 26 4.539 -6.036 19.794 O
338 26 6.750 -6.292 19.400 N
339 26 7.818 -6.260 18.554 C
340 26 8.973 -6.372 19.075 O
341 26 7.578 -6.096 17.156 C
342 26 8.722 -6.134 16.193 C
343 26 6.306 -5.961 16.761 C
345 31 -9.231 -0.644 -8.657 O
346 31 -9.341 0.435 -9.611 C
347 31 -9.973 1.674 -8.992 C
348 31 -11.382 1.408 -8.740 O
349 31 -9.321 2.111 -7.684 C
350 31 -9.247 3.563 -7.611 O
351 31 -10.263 1.521 -6.661 C
352 31 -11.613 1.636 -7.366 C
353 31 -12.544 0.605 -6.904 N
354 31 -13.676 0.930 -6.210 C
355 31 -14.049 2.093 -6.045 O
356 31 -14.471 -0.106 -5.813 N
357 31 -14.086 -1.408 -5.891 C
358 31 -14.873 -2.265 -5.443 O
359 31 -12.896 -1.720 -6.619 C
360 31 -12.516 -3.151 -6.850 C
361 31 -12.163 -0.695 -7.092 C
362 32 -8.006 4.151 -6.816 P
363 32 -7.883 3.524 -5.462 O
364 32 -8.189 5.614 -6.851 O
365 32 -6.715 3.656 -7.646 O
366 32 -6.532 4.028 -9.008 C
367 32 -5.195 3.463 -9.441 C
368 32 -4.126 4.137 -8.715 O
369 32 -5.053 1.975 -9.150 C
370 32 -4.288 1.456 -10.242 O
371 32 -4.262 1.962 -7.845 C
372 32 -3.420 3.231 -7.890 C
373 32 -3.135 3.810 -6.641 N
374 32 -4.049 4.152 -5.689 C
375 32 -3.529 4.537 -4.571 N
376 32 -2.155 4.425 -4.779 C
377 32 -1.057 4.657 -3.920 C
378 32 -1.119 5.001 -2.720 O
379 32 0.156 4.420 -4.527 N
380 32 0.301 4.021 -5.815 C
381 32 1.559 3.879 -6.252 N
382 32 -0.704 3.750 -6.632 N
383 32 -1.903 3.981 -6.065 C
384 33 -3.817 -0.070 -10.284 P
385 33 -3.950 -0.458 -11.703 O
386 33 -4.568 -0.887 -9.280 O
387 33 -2.272 0.003 -9.784 O
388 33 -1.365 0.636 -10.686 C
389 33 0.014 0.087 -10.292 C
390 33 0.527 0.661 -9.070 O
391 33 0.135 -1.417 -10.127 C
392 33 1.398 -1.758 -10.726 O
393 33 0.087 -1.613 -8.601 C
394 33 0.742 -0.336 -8.084 C
395 33 0.263 0.068 -6.804 N
396 33 -1.053 0.308 -6.492 C
397 33 -1.229 0.796 -5.294 N
398 33 0.072 0.875 -4.776 C
399 33 0.547 1.286 -3.502 C
400 33 -0.138 1.699 -2.543 O
401 33 1.906 1.211 -3.375 N
402 33 2.729 0.757 -4.367 C
403 33 4.042 0.716 -4.066 N
404 33 2.328 0.381 -5.582 N
405 33 0.990 0.461 -5.709 C
406 34 1.923 -3.276 -10.742 P
407 34 2.591 -3.428 -12.047 O
408 34 0.814 -4.238 -10.473 O
409 34 2.968 -3.315 -9.512 O
410 34 4.219 -2.611 -9.640 C
411 34 5.054 -3.002 -8.459 C
412 34 4.438 -2.463 -7.271 O
413 34 5.220 -4.503 -8.262 C
414 34 6.639 -4.697 -8.129 O
415 34 4.444 -4.723 -6.979 C
416 34 4.566 -3.417 -6.218 C
417 34 3.458 -3.134 -5.328 N
418 34 2.112 -3.157 -5.623 C
419 34 1.349 -2.708 -4.663 N
420 34 2.256 -2.450 -3.639 C
421 34 2.055 -1.946 -2.318 C
422 34 0.970 -1.583 -1.834 O
423 34 3.207 -1.807 -1.598 N
424 34 4.446 -2.117 -2.100 C
425 34 5.485 -2.000 -1.263 N
426 34 4.675 -2.553 -3.346 N
427 34 3.542 -2.676 -4.042 C
428 35 7.240 -6.138 -7.802 P
429 35 8.463 -6.206 -8.619 O
430 35 6.239 -7.214 -8.051 O
431 35 7.542 -6.061 -6.222 O
432 35 8.535 -5.141 -5.725 C
433 35 8.743 -5.464 -4.258 C
434 35 7.605 -4.991 -3.497 O
435 35 8.866 -6.970 -3.991 C
436 35 9.959 -7.127 -3.054 O
437 35 7.579 -7.330 -3.259 C
438 35 7.269 -6.025 -2.574 C
439 35 5.867 -5.878 -2.281 N
440 35 4.796 -5.986 -3.138 C
441 35 3.653 -5.742 -2.579 N
442 35 3.994 -5.327 -1.297 C
443 35 3.179 -4.885 -0.230 C
444 35 1.947 -4.692 -0.251 O
445 35 3.890 -4.603 0.909 N
446 35 5.230 -4.805 1.034 C
447 35 5.772 -4.615 2.254 N
448 35 6.042 -5.166 0.045 N
449 35 5.351 -5.422 -1.086 C
450 36 10.835 -8.470 -3.104 P
451 36 11.911 -8.233 -2.094 O
452 36 11.382 -8.717 -4.467 O
453 36 9.797 -9.598 -2.677 O
454 36 9.961 -10.945 -3.178 C
455 36 9.421 -11.745 -2.003 C
456 36 8.015 -11.479 -1.811 O
457 36 9.431 -13.258 -2.185 C
458 36 10.754 -13.719 -1.856 O
459 36 8.378 -13.717 -1.191 C
460 36 7.484 -12.517 -0.981 C
461 36 6.090 -12.785 -1.403 N
462 36 5.047 -12.340 -0.624 C
463 36 5.246 -11.846 0.486 O
464 36 3.775 -12.531 -1.105 N
465 36 3.525 -13.095 -2.313 C
466 36 2.305 -13.204 -2.671 O
467 36 4.612 -13.482 -3.141 C
468 36 4.410 -13.960 -4.543 C
469 36 5.856 -13.305 -2.653 C
471 41 1.505 12.152 9.826 O
472 41 2.609 11.940 10.742 C
473 41 3.890 12.089 9.983 C
474 41 4.021 13.384 9.395 O
475 41 5.110 11.902 10.860 C
476 41 6.265 11.479 10.085 O
477 41 5.422 13.332 11.263 C
478 41 5.171 14.029 9.941 C
479 41 4.795 15.446 10.068 N
480 41 5.552 16.365 9.354 C
481 41 6.415 15.996 8.550 O
482 41 5.288 17.680 9.574 N
483 41 4.263 18.123 10.351 C
484 41 4.084 19.377 10.423 O
485 41 3.502 17.165 11.089 C
486 41 2.380 17.605 11.967 C
487 41 3.807 15.866 10.900 C
488 42 6.390 10.029 9.442 P
489 42 5.723 8.980 10.270 O
490 42 7.846 9.851 9.244 O
491 42 5.608 10.175 8.050 O
492 42 6.036 11.158 7.135 C
493 42 6.570 10.452 5.906 C
494 42 5.549 9.578 5.402 O
495 42 6.929 11.330 4.729 C
496 42 8.221 11.879 4.929 O
497 42 6.916 10.310 3.601 C
498 42 5.906 9.272 4.068 C
499 42 4.628 9.288 3.352 N
500 42 3.362 9.478 3.839 C
501 42 2.433 9.328 2.942 N
502 42 3.118 9.059 1.780 C
503 42 2.642 8.792 0.462 C
504 42 1.458 8.765 0.082 O
505 42 3.647 8.499 -0.427 N
506 42 4.980 8.503 -0.094 C
507 42 5.858 8.247 -1.075 N
508 42 5.440 8.756 1.123 N
509 42 4.470 9.028 2.004 C
510 43 8.684 13.132 4.073 P
511 43 9.965 13.554 4.663 O
512 43 7.616 14.195 4.055 O
513 43 8.858 12.586 2.586 O
514 43 9.842 11.628 2.221 C
515 43 10.180 11.717 0.789 C
516 43 9.013 11.208 0.128 O
517 43 10.355 13.137 0.251 C
518 43 11.338 13.044 -0.785 O
519 43 9.007 13.486 -0.316 C
520 43 8.388 12.171 -0.745 C
521 43 6.966 12.056 -0.630 N
522 43 6.219 12.305 0.500 C
523 43 4.952 12.080 0.335 N
524 43 4.827 11.715 -0.993 C
525 43 3.680 11.395 -1.772 C
526 43 2.505 11.391 -1.397 O
527 43 3.971 11.097 -3.085 N
528 43 5.246 11.116 -3.578 C
529 43 5.370 10.796 -4.876 N
530 43 6.349 11.381 -2.883 N
531 43 6.059 11.716 -1.606 C
532 44 11.874 14.348 -1.543 P
533 44 13.323 14.131 -1.703 O
534 44 11.552 15.602 -0.780 O
535 44 11.077 14.336 -2.938 O
536 44 11.323 13.296 -3.897 C
537 44 10.518 13.632 -5.126 C
538 44 9.125 13.387 -4.866 O
539 44 10.637 15.041 -5.709 C
540 44 10.950 14.950 -7.107 O
541 44 9.233 15.591 -5.473 C
542 44 8.307 14.372 -5.510 C
543 44 7.162 14.466 -4.701 N
544 44 7.101 14.726 -3.355 C
545 44 5.888 14.677 -2.879 N
546 44 5.088 14.375 -3.985 C
547 44 3.686 14.210 -4.116 C
548 44 2.849 14.259 -3.193 O
549 44 3.277 13.980 -5.405 N
550 44 4.122 13.988 -6.473 C
551 44 3.561 13.756 -7.679 N
552 44 5.449 14.060 -6.400 N
553 44 5.863 14.280 -5.125 C
554 45 11.195 16.292 -7.971 P
555 45 12.293 15.932 -8.909 O
556 45 11.536 17.443 -7.095 O
557 45 9.800 16.530 -8.720 O
558 45 9.572 15.404 -9.601 C
559 45 8.344 15.988 -10.248 C
560 45 7.111 15.946 -9.516 O
561 45 8.523 17.388 -10.828 C
562 45 7.790 17.499 -12.062 O
563 45 7.624 18.146 -9.876 C
564 45 6.454 17.200 -9.653 C
565 45 5.821 17.351 -8.297 N
566 45 6.425 17.517 -7.062 C
567 45 5.582 17.447 -6.072 N
568 45 4.346 17.287 -6.682 C
569 45 3.048 17.233 -6.131 C
570 45 2.729 17.306 -4.936 O
571 45 2.066 17.086 -7.085 N
572 45 2.306 17.028 -8.421 C
573 45 1.224 16.958 -9.204 N
574 45 3.513 17.036 -8.975 N
575 45 4.478 17.239 -8.047 C
576 46 8.636 17.090 -13.342 P
577 46 7.683 16.677 -14.370 O
578 46 9.673 16.121 -12.970 O
579 46 9.445 18.438 -13.614 O
581 51 -13.746 8.422 7.697 O
582 51 -12.550 9.228 7.514 C
583 51 -11.673 8.462 6.576 C
584 51 -11.144 7.300 7.244 O
585 51 -12.308 7.983 5.271 C
586 51 -11.439 8.092 4.129 O
587 51 -12.500 6.526 5.600 C
588 51 -11.445 6.090 6.569 C
589 51 -11.895 5.069 7.506 N
590 51 -11.207 3.869 7.593 C
591 51 -10.305 3.569 6.821 O
592 51 -11.597 3.024 8.594 N
593 51 -12.598 3.308 9.469 C
594 51 -12.883 2.437 10.342 O
595 51 -13.324 4.526 9.304 C
596 51 -14.540 4.792 10.150 C
597 51 -12.918 5.365 8.350 C
598 52 -11.044 9.531 3.541 P
599 52 -11.972 10.574 4.039 O
600 52 -10.965 9.381 2.071 O
601 52 -9.602 9.726 4.205 O
602 52 -8.840 10.867 3.791 C
603 52 -7.455 10.625 4.336 C
604 52 -6.813 9.604 3.520 O
605 52 -6.485 11.817 4.241 C
606 52 -6.708 12.697 5.324 O
607 52 -5.148 11.051 4.363 C
608 52 -5.428 9.688 3.746 C
609 52 -4.794 9.482 2.461 N
610 52 -5.321 9.280 1.213 C
611 52 -4.418 9.048 0.294 N
612 52 -3.211 9.175 0.962 C
613 52 -1.877 9.020 0.511 C
614 52 -1.507 8.777 -0.650 O
615 52 -0.941 9.174 1.525 N
616 52 -1.266 9.459 2.810 C
617 52 -0.251 9.597 3.673 N
618 52 -2.514 9.569 3.280 N
619 52 -3.419 9.423 2.302 C
620 53 -6.089 14.144 5.334 P
621 53 -6.760 14.875 6.428 O
622 53 -6.175 14.821 3.999 O
623 53 -4.529 13.919 5.655 O
624 53 -4.095 13.366 6.894 C
625 53 -2.617 13.640 7.029 C
626 53 -1.845 12.963 6.041 O
627 53 -2.304 15.127 6.911 C
628 53 -1.238 15.372 7.876 O
629 53 -1.770 15.260 5.509 C
630 53 -1.159 13.915 5.215 C
631 53 -1.256 13.458 3.840 N
632 53 -2.416 13.330 3.126 C
633 53 -2.207 12.823 1.938 N
634 53 -0.826 12.683 1.850 C
635 53 -0.022 12.231 0.783 C
636 53 -0.383 11.852 -0.349 O
637 53 1.322 12.234 1.098 N
638 53 1.814 12.629 2.310 C
639 53 3.149 12.523 2.457 N
640 53 1.082 13.029 3.337 N
641 53 -0.231 13.052 3.029 C
642 54 -0.666 16.832 8.152 P
643 54 -0.304 16.840 9.571 O
644 54 -1.602 17.890 7.659 O
645 54 0.628 16.915 7.204 O
646 54 1.765 16.104 7.577 C
647 54 2.865 16.399 6.610 C
648 54 2.489 15.842 5.320 O
649 54 3.150 17.864 6.395 C
650 54 4.539 18.092 6.694 O
651 54 2.843 18.128 4.942 C
652 54 2.984 16.748 4.328 C
653 54 2.210 16.483 3.142 N
654 54 0.846 16.500 3.056 C
655 54 0.392 16.124 1.903 N
656 54 1.540 15.789 1.192 C
657 54 1.691 15.293 -0.125 C
658 54 0.802 14.945 -0.912 O
659 54 3.012 15.134 -0.506 N
660 54 4.065 15.457 0.320 C
661 54 5.286 15.290 -0.184 N
662 54 3.952 15.871 1.568 N
663 54 2.668 16.025 1.940 C
664 55 5.263 19.482 6.569 P
665 55 6.246 19.537 7.676 O
666 55 4.289 20.629 6.513 O
667 55 6.005 19.425 5.138 O
668 55 7.062 18.450 4.961 C
669 55 7.674 18.818 3.639 C
670 55 6.772 18.390 2.603 O
671 55 7.954 20.274 3.376 C
672 55 9.251 20.358 2.745 O
673 55 6.860 20.739 2.448 C
674 55 6.662 19.453 1.665 C
675 55 5.382 19.331 0.995 N
676 55 4.146 19.542 1.543 C
677 55 3.168 19.221 0.736 N
678 55 3.805 18.742 -0.397 C
679 55 3.259 18.284 -1.619 C
680 55 2.060 18.129 -1.915 O
681 55 4.235 17.969 -2.549 N
682 55 5.571 18.143 -2.330 C
683 55 6.394 17.894 -3.351 N
684 55 6.108 18.501 -1.158 N
685 55 5.161 18.830 -0.265 C
686 56 10.147 21.652 3.026 P
687 56 11.472 21.367 2.436 O
688 56 10.224 21.969 4.479 O
689 56 9.341 22.797 2.252 O
690 56 9.511 24.156 2.652 C
691 56 9.215 24.969 1.419 C
692 56 7.815 24.821 1.097 O
693 56 9.331 26.485 1.575 C
694 56 10.680 26.922 1.536 O
695 56 8.386 27.011 0.516 C
696 56 7.530 25.832 0.130 C
697 56 6.072 26.142 0.283 N
698 56 5.222 25.740 -0.730 C
699 56 5.612 25.221 -1.777 O
700 56 3.890 25.957 -0.537 N
701 56 3.368 26.468 0.610 C
702 56 2.122 26.646 0.672 O
703 56 4.272 26.827 1.668 C
704 56 3.750 27.373 2.959 C
705 56 5.582 26.663 1.443 C
707 61 -5.892 6.143 -13.870 O
708 61 -5.934 6.210 -13.862 O
709 61 -9.529 4.941 -15.866 N
710 61 -9.521 3.816 -16.669 C
711 61 -8.508 3.125 -16.801 O
712 61 -10.658 3.557 -17.365 N
713 61 -11.750 4.364 -17.358 C
714 61 -12.795 3.948 -17.958 O
715 61 -11.733 5.532 -16.532 C
716 61 -12.842 6.532 -16.620 C
717 61 -10.616 5.768 -15.822 C
718 G 62 -4.718 6.716 11.32
719 G 62 -5.150 5.490 12.50
720 62 -4.267 8.055 -13.476 O
721 62 -3.883 5.459 -12.754 O
722 62 -3.630 5.702 -13.002 O
723 62 -5.504 3.785 -12.697 O
724 62 -5.361 6.838 -11.511 O
725 62 -5.759 6.147 -11.307 O
726 62 -5.384 8.152 -10.889 C
727 62 -5.365 7.518 -10.911 C
728 62 -6.020 7.735 -9.590 C
729 62 -5.011 7.070 -8.771 O
730 62 -6.146 9.048 -8.830 C
731 62 -7.406 9.571 -9.199 O
732 62 -6.240 8.586 -7.380 C
733 62 -5.276 7.408 -7.422 C
734 62 -3.967 7.532 -6.781 N
735 62 -2.724 7.382 -7.313 C
736 62 -1.771 7.497 -6.418 N
737 62 -2.438 7.792 -5.237 C
738 62 -1.954 8.038 -3.929 C
739 62 -0.755 8.082 -3.565 O
740 62 -2.939 8.245 -3.008 N
741 62 -4.272 8.230 -3.321 C
742 62 -5.121 8.488 -2.331 N
743 62 -4.760 7.987 -4.546 N
744 62 -3.797 7.808 -5.443 C
745 63 -7.797 11.091 -8.886 P
746 63 -9.025 11.320 -9.668 O
747 63 -6.660 12.011 -9.264 O
748 63 -7.978 11.139 -7.302 O
749 63 -9.068 10.538 -6.562 C
750 63 -9.258 11.278 -5.257 C
751 63 -8.060 10.980 -4.484 O
752 63 -9.243 12.787 -5.500 C
753 63 -10.162 13.264 -4.501 O
754 63 -7.797 13.214 -5.185 C
755 63 -7.366 12.157 -4.166 C
756 63 -5.930 11.878 -4.224 N
757 63 -5.207 11.547 -5.336 C
758 63 -3.955 11.317 -5.082 N
759 63 -3.827 11.550 -3.714 C
760 63 -2.695 11.500 -2.860 C
761 63 -1.530 11.240 -3.182 O
762 63 -2.990 11.804 -1.556 N
763 63 -4.235 12.132 -1.118 C
764 63 -4.385 12.417 0.191 N
765 63 -5.333 12.158 -1.883 N
766 63 -5.049 11.852 -3.169 C
767 64 -10.484 14.846 -4.353 P
768 64 -11.935 14.874 -4.055 O
769 64 -10.061 15.579 -5.572 O
770 64 -9.576 15.267 -3.083 O
771 64 -9.969 14.751 -1.791 C
772 64 -9.230 15.653 -0.822 C
773 64 -7.861 15.206 -0.716 O
774 64 -9.268 17.171 -1.017 C
775 64 -9.510 17.780 0.265 O
776 64 -7.917 17.332 -1.680 C
777 64 -7.063 16.375 -0.856 C
778 64 -5.912 15.893 -1.680 N
779 64 -5.855 15.492 -2.991 C
780 64 -4.673 15.079 -3.356 N
781 64 -3.876 15.247 -2.225 C
782 64 -2.493 15.031 -2.025 C
783 64 -1.663 14.590 -2.845 O
784 64 -2.088 15.348 -0.740 N
785 64 -2.917 15.788 0.226 C
786 64 -2.378 16.100 1.407 N
787 64 -4.240 15.989 0.064 N
788 64 -4.639 15.733 -1.188 C
789 65 -9.558 19.376 0.430 P
790 65 -10.740 19.644 1.261 O
791 65 -9.539 20.040 -0.902 O
792 65 -8.176 19.716 1.193 O
793 65 -7.981 19.161 2.527 C
794 65 -6.638 19.641 3.051 C
795 65 -5.600 19.018 2.254 O
796 65 -6.480 21.161 2.902 C
797 65 -5.780 21.489 4.110 O
798 65 -5.567 21.313 1.704 C
799 65 -4.731 20.052 1.798 C
800 65 -4.157 19.550 0.528 N
801 65 -4.786 19.274 -0.672 C
802 65 -3.980 18.803 -1.574 N
803 65 -2.723 18.866 -0.980 C
804 65 -1.436 18.546 -1.483 C
805 65 -1.136 18.083 -2.598 O
806 65 -0.414 18.782 -0.596 N
807 65 -0.623 19.300 0.654 C
808 65 0.472 19.542 1.395 N
809 65 -1.821 19.540 1.185 N
810 65 -2.814 19.340 0.299 C
811 66 -5.323 22.991 4.394 P
812 66 -5.455 23.167 5.836 O
813 66 -6.118 23.948 3.549 O
814 66 -3.793 23.014 3.862 O
815 66 -2.764 22.467 4.719 C
816 66 -1.463 23.102 4.341 C
817 66 -1.138 22.614 3.021 O
818 66 -1.425 24.617 4.178 C
819 66 -0.207 24.902 4.853 O
820 66 -1.154 24.831 2.705 C
821 66 -0.443 23.552 2.249 C
822 66 -0.650 23.163 0.849 N
823 66 0.452 22.819 0.098 C
824 66 1.597 22.987 0.521 O
825 66 0.222 22.365 -1.163 N
826 66 -1.026 22.190 -1.678 C
827 66 -1.123 21.662 -2.823 O
828 66 -2.145 22.613 -0.907 C
829 66 -3.537 22.485 -1.462 C
830 66 -1.917 23.071 0.332 C
832 71 13.087 4.043 -11.392 O
833 71 11.811 4.705 -11.229 C
834 71 11.471 4.605 -9.756 C
835 71 11.236 3.185 -9.584 O
836 71 12.538 5.119 -8.814 C
837 71 11.454 5.546 -7.985 O
838 71 11.306 5.793 -8.086 O
839 71 13.202 3.793 -8.458 C
840 71 12.100 2.753 -8.560 C
841 71 12.444 1.394 -8.931 N
842 71 11.756 0.370 -8.306 C
843 71 10.764 0.603 -7.612 O
844 71 12.176 -0.897 -8.550 N
845 71 13.241 -1.188 -9.336 C
846 71 13.550 -2.411 -9.472 O
847 71 13.875 -0.137 -10.054 C
848 71 14.986 -0.392 -11.021 C
849 71 13.472 1.123 -9.785 C
850 H 72 11.841 6.807 10.38
851 H 72 11.498 7.098 15.31
852 72 12.407 7.912 -7.920 O
853 72 11.737 7.592 -9.246 O
854 72 12.835 6.262 -6.126 O
855 72 12.775 7.503 -7.461 O
856 72 10.447 7.244 -6.439 O
857 72 10.271 7.337 -7.519 O
858 72 9.494 8.082 -7.163 C
859 72 8.928 7.542 -7.577 C
860 72 8.267 7.469 -7.838 C
861 72 7.540 6.782 -6.790 O
862 72 7.234 8.468 -8.351 C
863 72 7.619 8.754 -9.688 O
864 72 5.969 7.628 -8.308 C
865 72 6.159 6.776 -7.085 C
866 72 5.503 7.183 -5.862 N
867 72 6.038 7.416 -4.629 C
868 72 5.142 7.723 -3.713 N
869 72 3.931 7.622 -4.401 C
870 72 2.590 7.782 -3.959 C
871 72 2.213 8.042 -2.793 O
872 72 1.660 7.581 -4.940 N
873 72 1.993 7.264 -6.229 C
874 72 0.947 7.123 -7.075 N
875 72 3.227 7.085 -6.689 N
876 72 4.140 7.235 -5.714 C
877 73 7.085 10.123 -10.344 P
878 73 7.790 10.236 -11.623 O
879 73 7.306 11.268 -9.404 O
880 73 5.494 9.866 -10.496 O
881 73 4.953 8.979 -11.502 C
882 73 3.508 9.343 -11.765 C
883 73 2.743 9.100 -10.549 O
884 73 3.326 10.791 -12.174 C
885 73 2.332 10.797 -13.208 O
886 73 2.811 11.511 -10.942 C
887 73 2.236 10.346 -10.137 C
888 73 2.238 10.429 -8.728 N
889 73 3.397 10.476 -8.002 C
890 73 3.223 10.562 -6.698 N
891 73 1.832 10.613 -6.586 C
892 73 0.996 10.734 -5.441 C
893 73 1.362 10.848 -4.260 O
894 73 -0.342 10.748 -5.755 N
895 73 -0.820 10.653 -7.027 C
896 73 -2.167 10.735 -7.153 N
897 73 -0.092 10.530 -8.107 N
898 73 1.229 10.525 -7.821 C
899 74 1.836 12.209 -13.807 P
900 74 1.676 11.915 -15.256 O
901 74 2.865 13.270 -13.546 O
902 74 0.492 12.548 -13.044 O
903 74 -0.542 11.574 -13.260 C
904 74 -1.727 12.276 -12.667 C
905 74 -1.535 12.362 -11.220 O
906 74 -1.893 13.725 -13.110 C
907 74 -3.282 13.765 -13.452 O
908 74 -1.526 14.610 -11.927 C
909 74 -1.925 13.675 -10.781 C
910 74 -1.008 13.849 -9.588 N
911 74 0.347 13.729 -9.494 C
912 74 0.789 13.777 -8.266 N
913 74 -0.359 13.918 -7.482 C
914 74 -0.522 14.030 -6.080 C
915 74 0.375 13.971 -5.229 O
916 74 -1.833 14.185 -5.701 N
917 74 -2.873 14.244 -6.586 C
918 74 -4.063 14.504 -6.044 N
919 74 -2.748 14.156 -7.905 N
920 74 -1.474 13.978 -8.291 C
921 75 -3.830 15.153 -14.071 P
922 75 -4.828 14.698 -15.080 O
923 75 -2.700 15.931 -14.648 O
924 75 -4.481 15.912 -12.831 O
925 75 -5.678 15.530 -12.140 C
926 75 -6.212 16.496 -11.115 C
927 75 -5.180 16.305 -10.123 O
928 75 -5.823 17.870 -11.665 C
929 75 -7.126 18.436 -11.657 O
930 75 -5.083 18.683 -10.615 C
931 75 -4.984 17.600 -9.548 C
932 75 -3.737 17.593 -8.875 N
933 75 -2.508 17.329 -9.439 C
934 75 -1.532 17.265 -8.558 N
935 75 -2.169 17.430 -7.344 C
936 75 -1.652 17.468 -6.023 C
937 75 -0.466 17.299 -5.676 O
938 75 -2.595 17.731 -5.056 N
939 75 -3.900 17.968 -5.354 C
940 75 -4.706 18.248 -4.320 N
941 75 -4.415 17.986 -6.581 N
942 75 -3.507 17.705 -7.517 C
943 76 -8.034 18.422 -13.013 P
944 76 -9.274 19.061 -12.517 O
945 76 -8.244 17.034 -13.503 O
946 76 -7.142 19.282 -14.013 O
947 76 -6.318 20.817 -19.295 N
948 76 -5.599 21.009 -20.457 C
949 76 -4.388 21.254 -20.457 O
950 76 -6.319 21.117 -21.619 N
951 76 -7.649 20.867 -21.684 C
952 76 -8.197 20.892 -22.817 O
953 76 -8.361 20.557 -20.476 C
954 76 -9.800 20.153 -20.529 C
955 76 -7.660 20.556 -19.333 C
957 81 -3.039 11.996 13.103 O
958 81 -2.571 12.769 14.231 C
959 81 -1.237 12.251 14.758 C
960 81 -1.371 10.962 15.320 O
961 81 -0.204 12.119 13.634 C
962 81 1.150 12.479 14.083 O
963 81 -0.171 10.649 13.300 C
964 81 -0.603 10.018 14.594 C
965 81 -1.415 8.804 14.495 N
966 81 -0.955 7.626 15.024 C
967 81 0.075 7.569 15.685 O
968 81 -1.736 6.516 14.839 N
969 81 -2.901 6.528 14.140 C
970 81 -3.548 5.449 14.078 O
971 81 -3.361 7.771 13.597 C
972 81 -4.599 7.796 12.753 C
973 81 -2.593 8.845 13.793 C
974 82 1.622 13.994 14.173 P
975 82 0.849 14.834 13.212 O
976 82 3.091 13.967 13.962 O
977 82 1.224 14.353 15.669 O
978 82 1.249 15.720 16.093 C
979 82 0.738 15.691 17.513 C
980 82 1.713 15.063 18.373 O
981 82 0.500 17.021 18.197 C
982 82 -0.795 17.479 17.810 O
983 82 0.494 16.616 19.661 C
984 82 1.398 15.403 19.722 C
985 82 2.719 15.630 20.362 N
986 82 3.979 15.462 19.845 C
987 82 4.896 15.704 20.725 N
988 82 4.217 16.002 21.902 C
989 82 4.700 16.298 23.204 C
990 82 5.876 16.379 23.550 O
991 82 3.685 16.499 24.102 N
992 82 2.342 16.460 23.779 C
993 82 1.494 16.730 24.761 N
994 82 1.891 16.152 22.574 N
995 82 2.867 15.941 21.690 C
996 83 -1.224 18.996 18.037 P
997 83 -2.473 19.159 17.272 O
998 83 -0.122 19.946 17.627 O
999 83 -1.412 19.149 19.610 O
1000 83 -2.517 18.538 20.294 C
1001 83 -2.692 19.332 21.565 C
1002 83 -1.557 19.058 22.423 O
1003 83 -2.744 20.836 21.391 C
1004 83 -3.685 21.319 22.362 O
1005 83 -1.348 21.346 21.675 C
1006 83 -0.889 20.288 22.678 C
1007 83 0.560 20.026 22.639 N
1008 83 1.293 19.684 21.541 C
1009 83 2.553 19.487 21.797 N
1010 83 2.666 19.722 23.153 C
1011 83 3.800 19.712 24.010 C
1012 83 4.975 19.454 23.684 O
1013 83 3.507 20.023 25.321 N
1014 83 2.242 20.319 25.753 C
1015 83 2.128 20.623 27.044 N
1016 83 1.144 20.332 24.987 N
1017 83 1.444 20.045 23.704 C
1018 84 -4.035 22.868 22.502 P
1019 84 -5.465 22.925 22.839 O
1020 84 -3.611 23.617 21.296 O
1021 84 -3.099 23.339 23.754 O
1022 84 -3.564 22.897 25.038 C
1023 84 -2.794 23.739 26.034 C
1024 84 -1.411 23.314 25.995 O
1025 84 -2.827 25.247 25.766 C
1026 84 -3.030 25.833 27.077 O
1027 84 -1.434 25.496 25.210 C
1028 84 -0.579 24.460 25.931 C
1029 84 0.586 24.034 25.176 N
1030 84 0.612 23.575 23.882 C
1031 84 1.807 23.241 23.471 N
1032 84 2.615 23.427 24.589 C
1033 84 4.012 23.225 24.783 C
1034 84 4.832 22.835 23.951 O
1035 84 4.444 23.567 26.059 N
1036 84 3.591 24.040 27.019 C
1037 84 4.152 24.386 28.190 N
1038 84 2.292 24.231 26.875 N
1039 84 1.867 23.889 25.655 C
1040 85 -3.129 27.437 27.235 P
1041 85 -4.347 27.637 28.059 O
1042 85 -3.184 28.103 25.911 O
1043 85 -1.769 27.825 27.986 O
1044 85 -1.502 27.348 29.311 C
1045 85 -0.181 27.874 29.819 C
1046 85 0.822 27.250 28.983 O
1047 85 -0.032 29.374 29.637 C
1048 85 0.676 29.789 30.804 O
1049 85 0.793 29.462 28.363 C
1050 85 1.721 28.266 28.504 C
1051 85 2.289 27.787 27.292 N
1052 85 1.658 27.396 26.131 C
1053 85 2.485 26.998 25.200 N
1054 85 3.736 27.091 25.786 C
1055 85 5.043 26.852 25.283 C
1056 85 5.337 26.398 24.158 O
1057 85 6.036 27.192 26.165 N
1058 85 5.792 27.699 27.408 C
1059 85 6.872 28.060 28.123 N
1060 85 4.602 27.847 27.967 N
1061 85 3.623 27.582 27.065 C
1062 86 1.131 31.302 31.043 P
1063 86 1.018 31.465 32.503 O
1064 86 0.331 32.270 30.242 O
1065 86 2.657 31.307 30.508 O
1066 86 3.669 30.662 31.325 C
1067 86 5.052 31.191 30.939 C
1068 86 5.356 30.713 29.607 O
1069 86 5.152 32.714 30.827 C
1070 86 6.247 33.185 31.598 O
1071 86 5.404 33.057 29.374 C
1072 86 6.022 31.756 28.912 C
1073 86 5.783 31.421 27.441 N
1074 86 6.891 31.152 26.659 C
1075 86 8.041 31.304 27.066 O
1076 86 6.653 30.703 25.387 N
1077 86 5.406 30.457 24.906 C
1078 86 5.307 29.952 23.748 O
1079 86 4.284 30.807 25.710 C
1080 86 2.891 30.651 25.169 C
1081 86 4.521 31.255 26.942 C
1083 91 21.578 11.925 16.055 O
1084 91 20.377 12.613 15.677 C
1085 91 19.264 12.447 16.673 C
1086 91 18.865 11.066 16.794 O
1087 91 19.628 12.893 18.092 C
1088 91 18.466 13.437 18.645 O
1089 91 18.411 13.535 18.982 O
1090 91 19.964 11.590 18.802 C
1091 91 19.030 10.620 18.113 C
1092 91 19.472 9.219 18.020 N
1093 91 18.683 8.158 18.444 C
1094 91 17.620 8.369 19.021 O
1095 91 19.193 6.897 18.299 N
1096 91 20.335 6.645 17.609 C
1097 91 20.679 5.432 17.457 O
1098 91 21.107 7.742 17.117 C
1099 91 22.418 7.495 16.443 C
1100 91 20.633 8.967 17.346 C
1101 J 92 18.281 15.021 7.07
1102 J 92 18.625 14.826 11.48
1103 92 17.987 15.384 17.242 O
1104 92 19.110 15.866 18.993 O
1105 92 19.432 15.747 19.223 O
1106 92 19.745 14.532 20.886 O
1107 92 16.991 15.148 19.593 O
1108 92 17.164 15.176 19.807 O
1109 92 16.190 16.317 19.403 C
1110 92 16.231 16.223 19.633 C
1111 92 14.829 15.794 19.076 C
1112 92 14.189 15.240 20.247 O
1113 92 13.833 16.805 18.537 C
1114 92 14.090 16.950 17.132 O
1115 92 12.518 16.107 18.817 C
1116 92 12.797 15.172 19.974 C
1117 92 12.150 15.589 21.228 N
1118 92 12.679 15.906 22.450 C
1119 92 11.785 16.150 23.361 N
1120 92 10.577 16.017 22.696 C
1121 92 9.239 16.170 23.144 C
1122 92 8.868 16.476 24.289 O
1123 92 8.315 15.921 22.157 N
1124 92 8.643 15.544 20.878 C
1125 92 7.587 15.384 20.067 N
1126 92 9.866 15.398 20.424 N
1127 92 10.784 15.667 21.386 C
1128 93 13.520 18.216 16.346 P
1129 93 14.156 18.119 15.017 O
1130 93 13.745 19.474 17.104 O
1131 93 11.939 17.979 16.251 O
1132 93 11.394 16.952 15.433 C
1133 93 9.960 17.319 15.174 C
1134 93 9.200 17.225 16.400 O
1135 93 9.760 18.725 14.657 C
1136 93 8.717 18.600 13.657 O
1137 93 9.368 19.536 15.865 C
1138 93 8.619 18.501 16.687 C
1139 93 8.744 18.739 18.120 N
1140 93 9.900 18.823 18.851 C
1141 93 9.719 18.933 20.133 N
1142 93 8.317 18.917 20.270 C
1143 93 7.493 19.017 21.415 C
1144 93 7.866 19.156 22.588 O
1145 93 6.151 18.959 21.112 N
1146 93 5.662 18.855 19.850 C
1147 93 4.318 18.770 19.696 N
1148 93 6.412 18.728 18.763 N
1149 93 7.731 18.776 19.033 C
1150 94 8.240 19.855 12.788 P
1151 94 7.830 19.271 11.477 O
1152 94 9.276 20.899 12.735 O
1153 94 6.970 20.424 13.585 O
1154 94 5.780 19.607 13.516 C
1155 94 4.677 20.426 14.166 C
1156 94 4.987 20.462 15.597 O
1157 94 4.561 21.882 13.722 C
1158 94 3.191 22.106 13.373 O
1159 94 4.999 22.687 14.916 C
1160 94 4.680 21.766 16.071 C
1161 94 5.491 21.960 17.246 N
1162 94 6.860 21.903 17.339 C
1163 94 7.313 21.987 18.546 N
1164 94 6.160 22.111 19.324 C
1165 94 6.007 22.263 20.733 C
1166 94 6.905 22.226 21.586 O
1167 94 4.699 22.401 21.124 N
1168 94 3.651 22.387 20.248 C
1169 94 2.428 22.621 20.764 N
1170 94 3.757 22.219 18.935 N
1171 94 5.031 22.101 18.535 C
1172 95 2.693 23.523 12.798 P
1173 95 1.727 23.144 11.730 O
1174 95 3.780 24.417 12.384 O
1175 95 1.943 24.171 14.054 O
1176 95 0.797 23.504 14.617 C
1177 95 0.263 24.347 15.727 C
1178 95 1.257 24.292 16.773 O
1179 95 0.131 25.821 15.373 C
1180 95 -1.069 26.357 15.993 O
1181 95 1.254 26.483 16.144 C
1182 95 1.393 25.580 17.351 C
1183 95 2.715 25.664 17.957 N
1184 95 3.930 25.380 17.386 C
1185 95 4.906 25.376 18.259 N
1186 95 4.295 25.567 19.492 C
1187 95 4.823 25.683 20.792 C
1188 95 6.027 25.570 21.120 O
1189 95 3.876 25.953 21.746 N
1190 95 2.555 26.110 21.465 C
1191 95 1.750 26.394 22.504 N
1192 95 2.011 25.992 20.251 N
1193 95 2.948 25.716 19.319 C
1194 96 -2.317 26.698 15.034 P
1195 96 -3.486 26.672 15.904 O
1196 96 -2.323 25.710 13.884 O
1197 96 -1.942 28.136 14.431 O
1198 96 -1.948 29.314 15.264 C
1199 96 -2.188 30.424 14.265 C
1200 96 -1.019 30.605 13.431 O
1201 96 -3.443 30.339 13.393 C
1202 96 -4.254 31.505 13.224 O
1203 96 -2.810 29.873 12.097 C
1204 96 -1.564 30.744 12.120 C
1205 96 -0.524 29.881 11.350 N
1206 96 -0.161 30.393 10.111 C
1207 96 -0.826 31.313 9.615 O
1208 96 0.800 29.724 9.423 N
1209 96 1.349 28.560 9.868 C
1210 96 2.249 28.024 9.154 O
1211 96 1.021 28.097 11.179 C
1212 96 1.605 26.814 11.692 C
1213 96 0.085 28.775 11.859 C
1215 102 11.760 20.374 36.303 P
1216 102 11.056 21.665 36.126 O
1217 102 11.271 19.518 37.393 O
1218 102 12.031 19.569 34.946 O
1219 102 12.322 20.329 33.772 C
1220 102 13.104 19.408 32.865 C
1221 102 12.250 18.299 32.445 O
1222 102 13.539 20.033 31.542 C
1223 102 14.806 20.627 31.784 O
1224 102 13.598 18.882 30.565 C
1225 102 12.567 17.912 31.115 C
1226 102 11.277 17.887 30.414 N
1227 102 10.037 18.091 30.926 C
1228 102 9.091 17.923 30.036 N
1229 102 9.759 17.571 28.883 C
1230 102 9.283 17.259 27.583 C
1231 102 8.090 17.218 27.206 O
1232 102 10.281 16.993 26.679 N
1233 102 11.614 17.001 27.004 C
1234 102 12.459 16.745 26.008 N
1235 102 12.099 17.235 28.225 N
1236 102 11.123 17.558 29.091 C
1237 103 15.197 21.857 30.840 P
1238 103 16.453 22.385 31.424 O
1239 103 14.110 22.869 30.741 O
1240 103 15.434 21.178 29.393 O
1241 103 16.485 20.250 29.042 C
1242 103 16.669 20.238 27.538 C
1243 103 15.466 19.679 26.974 O
1244 103 16.757 21.631 26.926 C
1245 103 17.767 21.578 25.930 O
1246 103 17.945 20.929 25.904 O
1247 103 15.353 21.984 26.497 C
1248 103 14.861 20.596 26.067 C
1249 103 13.461 20.485 26.192 N
1250 103 12.723 20.719 27.329 C
1251 103 11.441 20.547 27.159 N
1252 103 11.323 20.142 25.818 C
1253 103 10.175 19.837 25.051 C
1254 103 8.991 19.825 25.416 O
1255 103 10.478 19.525 23.737 N
1256 103 11.757 19.500 23.253 C
1257 103 11.865 19.187 21.949 N
1258 103 12.844 19.735 23.979 N
1259 103 12.548 20.139 25.223 C
1260 K 104 18.229 22.932 19.14
1261 K 104 18.527 21.787 20.20
1262 104 19.686 22.713 24.981 O
1263 104 19.480 20.386 24.219 O
1264 104 17.923 24.131 26.011 O
1265 104 19.281 22.731 25.186 O
1266 104 17.381 22.920 23.829 O
1267 104 17.482 22.769 23.964 O
1268 104 17.709 21.859 22.890 C
1269 104 17.664 21.660 22.795 C
1270 104 17.041 21.914 21.531 C
1271 104 15.647 21.681 21.834 O
1272 104 17.166 23.347 21.032 C
1273 104 17.463 23.271 19.638 O
1274 104 15.786 23.886 21.292 C
1275 104 14.839 22.701 21.252 C
1276 104 13.659 22.856 21.990 N
1277 104 13.593 23.131 23.336 C
1278 104 12.399 23.057 23.847 N
1279 104 11.602 22.744 22.745 C
1280 104 10.195 22.591 22.632 C
1281 104 9.358 22.624 23.556 O
1282 104 9.787 22.354 21.342 N
1283 104 10.630 22.291 20.280 C
1284 104 10.072 22.068 19.079 N
1285 104 11.953 22.366 20.346 N
1286 104 12.357 22.633 21.603 C
1287 105 17.686 24.593 18.746 P
1288 105 18.841 24.276 17.894 O
1289 105 17.909 25.802 19.615 O
1290 105 16.291 24.753 17.973 O
1291 105 15.949 23.717 17.041 C
1292 105 14.675 24.105 16.299 C
1293 105 13.526 24.123 17.199 O
1294 105 14.796 25.532 15.788 C
1295 105 14.105 25.797 14.568 O
1296 105 13.985 26.378 16.757 C
1297 105 12.905 25.404 17.166 C
1298 105 12.315 25.599 18.460 N
1299 105 12.916 25.835 19.661 C
1300 105 12.085 25.838 20.659 N
1301 105 10.835 25.639 20.088 C
1302 105 9.533 25.566 20.637 C
1303 105 9.241 25.679 21.846 O
1304 105 8.538 25.369 19.710 N
1305 105 8.791 25.297 18.365 C
1306 105 7.698 25.229 17.584 N
1307 105 9.993 25.338 17.813 N
1308 105 10.971 25.463 18.726 C
1310 111 -5.143 17.041 33.860 C
1311 111 -4.368 15.909 34.333 O
1312 111 -5.717 16.460 32.576 C
1313 111 -4.791 16.450 31.480 O
1314 111 -5.847 15.003 32.966 C
1315 111 -4.688 14.615 33.862 C
1316 111 -5.171 13.666 34.979 N
1317 111 -4.433 12.499 35.050 C
1318 111 -3.581 12.212 34.212 O
1319 111 -4.754 11.614 36.040 N
1320 111 -5.709 11.878 36.975 C
1321 111 -5.859 11.038 37.908 O
1322 111 -6.473 13.077 36.869 C
1323 111 -7.608 13.331 37.815 C
1324 111 -6.170 13.920 35.877 C
1325 112 -4.454 17.863 30.862 P
1326 112 -5.284 18.981 31.319 O
1327 112 -4.583 17.641 29.360 O
1328 112 -2.906 18.073 31.199 O
1329 112 -2.183 19.204 30.696 C
1330 112 -0.842 18.966 31.332 C
1331 112 -0.207 17.917 30.611 O
1332 112 0.121 20.136 31.201 C
1333 112 -0.169 21.046 32.283 O
1334 112 1.428 19.385 31.472 C
1335 112 1.198 18.033 30.820 C
1336 112 1.847 17.794 29.556 N
1337 112 1.318 17.527 28.325 C
1338 112 2.201 17.323 27.399 N
1339 112 3.415 17.455 28.058 C
1340 112 4.749 17.332 27.599 C
1341 112 5.108 17.050 26.437 O
1342 112 5.682 17.544 28.580 N
1343 112 5.364 17.852 29.872 C
1344 112 6.387 18.082 30.691 N
1345 112 4.127 17.948 30.355 N
1346 112 3.203 17.786 29.385 C
1347 113 0.404 22.521 32.146 P
1348 113 -0.342 23.309 33.163 O
1349 113 0.245 23.051 30.755 O
1350 113 1.973 22.366 32.487 O
1351 113 2.461 21.860 33.739 C
1352 113 3.906 22.234 33.848 C
1353 113 4.624 21.513 32.836 O
1354 113 4.173 23.720 33.608 C
1355 113 5.211 24.005 34.580 O
1356 113 4.940 24.230 34.269 O
1357 113 4.668 23.750 32.178 C
1358 113 5.319 22.401 31.959 C
1359 113 5.225 21.882 30.635 N
1360 113 4.077 21.600 29.960 C
1361 113 4.267 21.132 28.753 N
1362 113 5.647 21.011 28.671 C
1363 113 6.493 20.551 27.615 C
1364 113 6.122 20.119 26.514 O
1365 113 7.835 20.625 27.912 N
1366 113 8.308 21.102 29.085 C
1367 113 9.633 21.124 29.240 N
1368 113 7.570 21.511 30.101 N
1369 113 6.249 21.495 29.806 C
1370 L 114 5.838 25.484 12.41
1371 L 114 5.503 25.775 12.42
1372 114 6.162 25.597 36.164 O
1373 114 5.923 26.153 35.683 O
1374 114 4.820 26.496 34.272 O
1375 114 4.609 26.444 33.253 O
1376 114 7.101 25.470 33.763 O
1377 114 6.855 25.598 33.557 O
1378 114 8.210 24.701 34.309 C
1379 114 7.843 24.803 34.419 C
1380 114 9.298 24.922 33.279 C
1381 114 9.115 24.372 31.960 O
1382 114 9.646 26.390 33.128 C
1383 114 11.052 26.425 33.430 O
1384 114 9.367 26.680 31.664 C
1385 114 9.491 25.336 30.983 C
1386 114 8.752 25.060 29.856 N
1387 114 7.387 25.081 29.760 C
1388 114 6.916 24.612 28.649 N
1389 114 8.069 24.248 27.947 C
1390 114 8.227 23.700 26.649 C
1391 114 7.315 23.330 25.888 O
1392 114 9.542 23.549 26.280 N
1393 114 10.591 23.916 27.046 C
1394 114 11.821 23.772 26.534 N
1395 114 10.491 24.441 28.276 N
1396 114 9.203 24.543 28.665 C
1397 115 11.871 27.790 33.439 P
1398 115 12.815 27.665 34.562 O
1399 115 10.940 28.965 33.540 O
1400 115 12.598 27.854 32.009 O
1401 115 13.622 26.874 31.767 C
1402 115 14.114 27.271 30.407 C
1403 115 13.171 26.888 29.367 O
1404 115 14.428 28.759 30.179 C
1405 115 15.699 28.804 29.520 O
1406 115 13.356 29.200 29.176 C
1407 115 13.119 27.918 28.407 C
1408 115 11.807 27.795 27.762 N
1409 115 10.566 28.031 28.292 C
1410 115 9.597 27.705 27.491 N
1411 115 10.235 27.210 26.352 C
1412 115 9.693 26.727 25.137 C
1413 115 8.496 26.588 24.842 O
1414 115 10.655 26.398 24.210 N
1415 115 11.985 26.543 24.442 C
1416 115 12.810 26.291 23.408 N
1417 115 12.525 26.983 25.588 N
1418 115 11.587 27.305 26.484 C
1419 116 16.670 30.068 29.721 P
1420 116 17.896 29.706 28.965 O
1421 116 16.934 30.338 31.154 O
1422 116 15.829 31.241 29.029 O
1423 116 15.848 32.560 29.614 C
1424 116 15.607 33.401 28.389 C
1425 116 14.255 33.184 27.923 O
1426 116 15.400 34.862 28.784 C
1427 116 16.629 35.507 29.120 O
1428 116 14.813 35.467 27.533 C
1429 116 13.959 34.295 27.086 C
1430 116 12.495 34.518 27.110 N
1431 116 11.701 34.142 26.039 C
1432 116 12.167 33.682 24.990 O
1433 116 10.358 34.347 26.173 N
1434 116 9.782 34.847 27.284 C
1435 116 8.531 35.000 27.300 O
1436 116 10.623 35.198 28.398 C
1437 116 10.005 35.725 29.661 C
1438 116 11.939 35.006 28.262 C
1440 121 -2.564 7.441 18.696 O
1441 121 -2.623 8.498 17.731 C
1442 121 -3.267 9.741 18.337 C
1443 121 -4.651 9.471 18.643 O
1444 121 -2.627 10.221 19.644 C
1445 121 -2.533 11.641 19.635 O
1446 121 -3.559 9.714 20.712 C
1447 121 -4.924 9.726 20.016 C
1448 121 -5.812 8.708 20.490 N
1449 121 -6.948 9.065 21.185 C
1450 121 -7.243 10.241 21.378 O
1451 121 -7.756 8.042 21.603 N
1452 121 -7.473 6.731 21.420 C
1453 121 -8.242 5.875 21.930 O
1454 121 -6.262 6.390 20.740 C
1455 121 -5.906 4.944 20.528 C
1456 121 -5.493 7.395 20.301 C
1457 122 -1.285 12.289 20.371 P
1458 122 -1.144 11.724 21.746 O
1459 122 -1.422 13.752 20.230 O
1460 122 -0.028 11.744 19.549 O
1461 122 0.152 12.053 18.164 C
1462 122 1.476 11.513 17.717 C
1463 122 2.529 12.182 18.449 O
1464 122 1.627 10.007 18.045 C
1465 122 2.420 9.464 16.971 O
1466 122 2.408 10.033 19.371 C
1467 122 3.271 11.295 19.290 C
1468 122 3.505 11.912 20.564 N
1469 122 2.580 12.236 21.515 C
1470 122 3.103 12.684 22.626 N
1471 122 4.476 12.615 22.398 C
1472 122 5.574 12.937 23.241 C
1473 122 5.514 13.301 24.443 O
1474 122 6.800 12.735 22.646 N
1475 122 6.938 12.279 21.381 C
1476 122 8.204 12.153 20.914 N
1477 122 5.934 11.992 20.538 N
1478 122 4.740 12.153 21.133 C
1479 123 3.056 8.010 17.035 P
1480 123 3.133 7.511 15.633 O
1481 123 2.358 7.152 18.012 O
1482 123 4.552 8.280 17.610 O
1483 123 5.455 8.907 16.711 C
1484 123 6.845 8.398 17.013 C
1485 123 7.340 8.937 18.253 O
1486 123 6.911 6.894 17.147 C
1487 123 8.082 6.476 16.442 O
1488 123 6.870 6.642 18.643 C
1489 123 7.519 7.912 19.207 C
1490 123 6.965 8.313 20.465 N
1491 123 5.643 8.516 20.769 C
1492 123 5.444 9.016 21.974 N
1493 123 6.729 9.141 22.495 C
1494 123 7.174 9.605 23.757 C
1495 123 6.497 10.013 24.694 O
1496 123 8.558 9.611 23.871 N
1497 123 9.394 9.182 22.877 C
1498 123 10.708 9.194 23.159 N
1499 123 9.016 8.735 21.683 N
1500 123 7.672 8.732 21.565 C
1501 124 8.560 4.963 16.413 P
1502 124 9.269 4.819 15.128 O
1503 124 7.453 4.015 16.669 O
1504 124 9.602 4.895 17.660 O
1505 124 10.749 5.745 17.569 C
1506 124 11.582 5.538 18.792 C
1507 124 10.880 6.013 19.959 O
1508 124 11.853 4.074 19.059 C
1509 124 13.261 3.872 19.017 O
1510 124 11.197 3.758 20.403 C
1511 124 11.164 5.162 21.045 C
1512 124 10.008 5.293 21.947 N
1513 124 8.671 5.309 21.640 C
1514 124 7.908 5.611 22.645 N
1515 124 8.803 5.969 23.655 C
1516 124 8.576 6.464 24.963 C
1517 124 7.500 6.794 25.474 O
1518 124 9.737 6.681 25.673 N
1519 124 10.975 6.418 25.173 C
1520 124 12.010 6.591 26.013 N
1521 124 11.229 5.946 23.951 N
1522 124 10.105 5.754 23.246 C
1523 125 13.975 2.450 19.246 P
1524 125 15.167 2.471 18.400 O
1525 125 13.018 1.329 18.950 O
1526 125 14.274 2.431 20.818 O
1527 125 15.238 3.375 21.318 C
1528 125 15.385 3.019 22.764 C
1529 125 14.208 3.488 23.492 O
1530 125 15.533 1.544 23.074 C
1531 125 16.577 1.352 24.056 O
1532 125 14.193 1.144 23.630 C
1533 125 13.821 2.420 24.365 C
1534 125 12.447 2.538 24.686 N
1535 125 11.378 2.336 23.846 C
1536 125 10.232 2.619 24.394 N
1537 125 10.568 3.073 25.661 C
1538 125 9.746 3.530 26.721 C
1539 125 8.519 3.669 26.706 O
1540 125 10.456 3.845 27.867 N
1541 125 11.793 3.642 28.001 C
1542 125 12.308 3.914 29.217 N
1543 125 12.612 3.320 26.995 N
1544 125 11.933 2.996 25.883 C
1545 126 17.445 0.024 24.064 P
1546 126 18.445 0.058 25.177 O
1547 126 18.041 -0.159 22.728 O
1548 126 16.351 -1.114 24.369 O
1549 126 16.488 -2.474 23.889 C
1550 126 15.929 -3.284 25.026 C
1551 126 14.500 -3.063 24.945 O
1552 126 15.989 -4.789 24.743 C
1553 126 17.251 -5.297 25.175 O
1554 126 14.839 -5.278 25.607 C
1555 126 13.916 -4.086 25.742 C
1556 126 12.542 -4.352 25.231 N
1557 126 11.482 -3.949 26.015 C
1558 126 11.621 -3.427 27.116 O
1559 126 10.232 -4.121 25.485 N
1560 126 10.006 -4.672 24.263 C
1561 126 8.806 -4.785 23.882 O
1562 126 11.136 -5.047 23.461 C
1563 126 10.930 -5.583 22.081 C
1564 126 12.353 -4.864 23.992 C
1566 131 0.333 15.197 35.463 O
1567 131 -3.279 15.230 38.149 N
1568 131 -4.073 16.335 38.402 C
1569 131 -3.924 17.377 37.764 O
1570 131 -5.054 16.208 39.347 N
1571 131 -5.268 15.053 40.032 C
1572 131 -6.286 14.998 40.787 O
1573 131 -4.448 13.912 39.742 C
1574 131 -4.640 12.633 40.488 C
1575 131 -3.488 14.063 38.833 C
1576 132 1.163 15.222 34.131 P
1577 132 2.355 14.333 34.143 O
1578 132 1.430 16.634 33.835 O
1579 132 0.102 14.608 33.064 O
1580 132 -1.083 15.367 32.771 C
1581 132 -1.655 14.747 31.508 C
1582 132 -0.758 15.017 30.391 O
1583 132 -1.776 13.225 31.523 C
1584 132 -2.982 12.947 30.808 O
1585 132 -0.535 12.750 30.828 C
1586 132 -0.288 13.822 29.803 C
1587 132 1.107 13.959 29.480 N
1588 132 2.118 14.239 30.378 C
1589 132 3.293 14.284 29.824 N
1590 132 3.047 14.019 28.472 C
1591 132 3.925 13.907 27.384 C
1592 132 5.173 13.981 27.403 O
1593 132 3.291 13.658 26.184 N
1594 132 1.923 13.531 26.074 C
1595 132 1.481 13.306 24.827 N
1596 132 1.073 13.647 27.067 N
1597 132 1.697 13.846 28.251 C
1598 133 -3.482 11.471 30.474 P
1599 133 -4.956 11.537 30.457 O
1600 133 -2.824 10.475 31.345 O
1601 133 -2.911 11.162 29.004 O
1602 133 -3.551 11.785 27.877 C
1603 133 -3.371 10.918 26.655 C
1604 133 -2.004 11.049 26.173 O
1605 133 -3.568 9.437 26.913 C
1606 133 -4.269 8.930 25.748 O
1607 133 -2.186 8.850 27.049 C
1608 133 -1.351 9.782 26.195 C
1609 133 0.020 10.044 26.718 N
1610 133 0.358 10.374 28.010 C
1611 133 1.656 10.553 28.164 N
1612 133 2.182 10.332 26.897 C
1613 133 3.518 10.352 26.435 C
1614 133 4.531 10.639 27.058 O
1615 133 3.634 10.039 25.091 N
1616 133 2.566 9.723 24.289 C
1617 133 2.830 9.417 23.021 N
1618 133 1.305 9.723 24.701 N
1619 133 1.182 10.015 25.998 C
1620 134 -4.580 7.368 25.538 P
1621 134 -5.844 7.289 24.809 O
1622 134 -4.509 6.652 26.857 O
1623 134 -3.331 6.874 24.668 O
1624 134 -3.314 7.345 23.301 C
1625 134 -2.181 6.612 22.622 C
1626 134 -0.918 7.037 23.152 O
1627 134 -2.285 5.098 22.751 C
1628 134 -2.260 4.568 21.410 O
1629 134 -1.073 4.724 23.590 C
1630 134 -0.109 5.871 23.270 C
1631 134 0.830 6.162 24.326 N
1632 134 0.531 6.520 25.616 C
1633 134 1.572 6.840 26.336 N
1634 134 2.637 6.663 25.451 C
1635 134 4.034 6.838 25.638 C
1636 134 4.615 7.237 26.660 O
1637 134 4.792 6.528 24.538 N
1638 134 4.244 6.104 23.356 C
1639 134 5.108 5.817 22.360 N
1640 134 2.934 5.975 23.111 N
1641 134 2.200 6.267 24.211 C
1642 135 -2.214 3.013 21.113 P
1643 135 -2.951 2.820 19.848 O
1644 135 -2.636 2.211 22.300 O
1645 135 -0.631 2.714 20.894 O
1646 135 -0.038 3.337 19.768 C
1647 135 1.344 2.731 19.636 C
1648 135 2.156 3.217 20.755 O
1649 135 1.429 1.216 19.740 C
1650 135 2.295 0.739 18.711 O
1651 135 1.892 0.942 21.138 C
1652 135 2.873 2.101 21.305 C
1653 135 3.116 2.485 22.693 N
1654 135 2.201 2.797 23.667 C
1655 135 2.743 3.175 24.787 N
1656 135 4.119 3.061 24.556 C
1657 135 5.231 3.317 25.372 C
1658 135 5.212 3.782 26.534 O
1659 135 6.443 3.059 24.778 N
1660 135 6.559 2.582 23.488 C
1661 135 7.795 2.260 23.069 N
1662 135 5.531 2.349 22.680 N
1663 135 4.355 2.641 23.254 C
1664 136 2.560 -0.790 18.443 P
1665 136 2.693 -0.939 16.986 O
1666 136 1.499 -1.645 19.094 O
1667 136 3.949 -1.101 19.220 O
1668 136 5.164 -0.593 18.662 C
1669 136 6.244 -1.126 19.556 C
1670 136 6.165 -0.570 20.888 O
1671 136 6.286 -2.643 19.702 C
1672 136 7.317 -3.238 18.910 O
1673 136 6.439 -2.866 21.206 C
1674 136 6.791 -1.501 21.778 C
1675 136 6.306 -1.209 23.088 N
1676 136 7.175 -0.951 24.133 C
1677 136 8.393 -1.098 24.002 O
1678 136 6.632 -0.506 25.292 N
1679 136 5.304 -0.325 25.484 C
1680 136 4.918 0.174 26.589 O
1681 136 4.403 -0.695 24.427 C
1682 136 2.929 -0.552 24.594 C
1683 136 4.956 -1.089 23.262 C
1685 141 17.122 13.658 35.135 C
1686 141 18.530 13.418 34.874 O
1687 141 16.348 13.371 33.848 C
1688 141 16.318 14.511 33.002 O
1689 141 17.293 12.408 33.163 C
1690 141 18.659 12.890 33.560 C
1691 141 19.727 11.890 33.579 N
1692 141 20.649 11.899 32.560 C
1693 141 20.599 12.719 31.647 O
1694 141 21.713 11.056 32.665 N
1695 141 21.880 10.195 33.709 C
1696 141 22.872 9.417 33.657 O
1697 141 20.846 10.107 34.693 C
1698 141 20.909 9.058 35.753 C
1699 141 19.828 10.981 34.597 C
1700 142 15.100 14.641 31.999 P
1701 142 15.009 13.519 31.024 O
1702 142 15.249 15.990 31.407 O
1703 142 13.811 14.541 32.960 O
1704 142 13.631 15.542 33.988 C
1705 142 12.246 15.324 34.571 C
1706 142 11.277 15.628 33.568 O
1707 142 11.962 13.869 34.967 C
1708 142 11.105 13.881 36.092 O
1709 142 11.259 13.302 33.749 C
1710 142 10.459 14.505 33.264 C
1711 142 10.263 14.520 31.830 N
1712 142 11.195 14.279 30.848 C
1713 142 10.676 14.223 29.652 N
1714 142 9.308 14.306 29.868 C
1715 142 8.215 14.251 28.967 C
1716 142 8.276 14.032 27.737 O
1717 142 6.991 14.427 29.569 N
1718 142 6.845 14.619 30.908 C
1719 142 5.597 14.786 31.360 N
1720 142 7.845 14.736 31.774 N
1721 142 9.039 14.543 31.196 C
1722 143 10.521 12.570 36.804 P
1723 143 10.585 12.762 38.282 O
1724 143 11.221 11.405 36.260 O
1725 143 8.996 12.556 36.323 O
1726 143 8.057 13.492 36.837 C
1727 143 6.667 12.907 36.666 C
1728 143 6.301 12.946 35.297 O
1729 143 6.537 11.458 37.107 C
1730 143 5.244 11.341 37.711 O
1731 143 6.644 10.668 35.813 C
1732 143 6.027 11.648 34.828 C
1733 143 6.563 11.498 33.488 N
1734 143 7.898 11.500 33.127 C
1735 143 8.088 11.383 31.828 N
1736 143 6.805 11.306 31.311 C
1737 143 6.363 11.157 29.967 C
1738 143 7.073 11.090 28.948 O
1739 143 4.980 11.100 29.858 N
1740 143 4.148 11.148 30.933 C
1741 143 2.829 11.039 30.676 N
1742 143 4.515 11.321 32.196 N
1743 143 5.867 11.402 32.288 C
1744 144 4.726 9.941 38.285 P
1745 144 3.971 10.257 39.492 O
1746 144 5.850 8.971 38.424 O
1747 144 3.751 9.397 37.117 O
1748 144 2.530 10.104 36.932 C
1749 144 1.653 9.247 36.059 C
1750 144 2.289 9.282 34.755 O
1751 144 1.561 7.815 36.557 C
1752 144 0.157 7.553 36.499 O
1753 144 2.395 7.136 35.501 C
1754 144 2.290 7.959 34.228 C
1755 144 3.375 7.930 33.320 N
1756 144 4.700 8.075 33.589 C
1757 144 5.480 8.086 32.553 N
1758 144 4.589 7.928 31.480 C
1759 144 4.828 7.824 30.087 C
1760 144 5.904 7.923 29.490 O
1761 144 3.658 7.647 29.364 N
1762 144 2.428 7.538 29.934 C
1763 144 1.410 7.336 29.094 N
1764 144 2.150 7.708 31.230 N
1765 144 3.295 7.834 31.949 C
1766 145 -0.366 6.121 36.938 P
1767 145 -1.585 6.348 37.722 O
1768 145 0.687 5.346 37.671 O
1769 145 -0.689 5.370 35.546 O
1770 145 -1.745 5.890 34.705 C
1771 145 -1.855 4.924 33.544 C
1772 145 -0.661 5.175 32.738 O
1773 145 -1.760 3.460 33.682 C
1774 145 -2.529 2.693 32.733 O
1775 145 -0.368 2.962 33.579 C
1776 145 -0.044 3.920 32.443 C
1777 145 1.245 4.063 32.007 N
1778 145 2.270 4.360 32.860 C
1779 145 3.421 4.532 32.256 N
1780 145 3.112 4.391 30.902 C
1781 145 3.926 4.440 29.742 C
1782 145 5.160 4.623 29.719 O
1783 145 3.262 4.177 28.567 N
1784 145 1.924 3.939 28.529 C
1785 145 1.403 3.686 27.319 N
1786 145 1.118 3.836 29.596 N
1787 145 1.784 4.096 30.739 C
1788 146 -4.009 2.202 33.073 P
1789 146 -4.734 2.275 31.798 O
1790 146 -4.483 3.026 34.183 O
1791 146 -3.831 0.743 33.688 O
1793 151 16.453 11.994 14.264 O
1794 151 15.109 11.680 13.819 C
1795 151 14.461 10.595 14.683 C
1796 151 15.081 9.297 14.426 O
1797 151 14.630 10.861 16.185 C
1798 151 13.464 10.499 16.904 O
1799 151 15.729 9.919 16.609 C
1800 151 15.665 8.764 15.632 C
1801 151 16.997 8.260 15.241 N
1802 151 17.282 6.929 15.526 C
1803 151 16.508 6.243 16.165 O
1804 151 18.453 6.427 15.028 N
1805 151 19.317 7.147 14.272 C
1806 151 20.331 6.559 13.788 O
1807 151 19.012 8.511 13.994 C
1808 151 19.962 9.391 13.247 C
1809 151 17.878 9.008 14.509 C
1810 152 12.887 11.274 18.161 P
1811 152 11.669 10.509 18.591 O
1812 152 12.704 12.672 17.817 O
1813 152 13.952 11.084 19.345 O
1814 152 15.126 11.931 19.445 C
1815 152 15.525 11.872 20.905 C
1816 152 14.597 12.642 21.690 O
1817 152 15.566 10.478 21.521 C
1818 152 16.729 10.362 22.337 O
1819 152 14.253 10.418 22.280 C
1820 152 14.081 11.848 22.742 C
1821 152 12.706 12.227 22.936 N
1822 152 11.698 12.114 22.001 C
1823 152 10.530 12.454 22.461 N
1824 152 10.765 12.799 23.782 C
1825 152 9.884 13.212 24.794 C
1826 152 8.638 13.318 24.738 O
1827 152 10.496 13.471 26.014 N
1828 152 11.857 13.370 26.174 C
1829 152 12.312 13.657 27.397 N
1830 152 12.719 12.977 25.244 N
1831 152 12.106 12.685 24.083 C
1832 153 17.009 9.108 23.276 P
1833 153 18.464 8.884 23.272 O
1834 153 16.149 7.926 22.871 O
1835 153 16.498 9.604 24.722 O
1836 153 17.202 10.676 25.358 C
1837 153 16.953 10.638 26.835 C
1838 153 15.603 10.999 27.192 O
1839 153 17.158 9.276 27.466 C
1840 153 17.742 9.517 28.763 O
1841 153 15.777 8.732 27.572 C
1842 153 14.890 9.940 27.801 C
1843 153 13.544 9.889 27.229 N
1844 153 13.228 9.665 25.904 C
1845 153 11.950 9.807 25.662 N
1846 153 11.399 10.172 26.892 C
1847 153 10.077 10.454 27.272 C
1848 153 9.052 10.486 26.548 O
1849 153 9.932 10.766 28.605 N
1850 153 10.972 10.730 29.488 C
1851 153 10.685 11.026 30.774 N
1852 153 12.241 10.511 29.160 N
1853 153 12.377 10.207 27.862 C
1854 154 18.230 8.355 29.732 P
1855 154 19.386 8.859 30.484 O
1856 154 18.470 7.106 28.958 O
1857 154 16.951 8.095 30.690 O
1858 154 16.670 9.083 31.708 C
1859 154 15.481 8.526 32.456 C
1860 154 14.315 8.570 31.621 O
1861 154 15.578 7.083 32.947 C
1862 154 15.477 7.221 34.370 O
1863 154 14.371 6.408 32.331 C
1864 154 13.416 7.550 32.027 C
1865 154 12.531 7.392 30.922 N
1866 154 12.850 7.205 29.597 C
1867 154 11.821 7.199 28.814 N
1868 154 10.748 7.430 29.653 C
1869 154 9.364 7.589 29.385 C
1870 154 8.823 7.555 28.271 O
1871 154 8.602 7.852 30.499 N
1872 154 9.123 7.912 31.762 C
1873 154 8.274 8.070 32.772 N
1874 154 10.424 7.767 32.068 N
1875 154 11.168 7.555 30.962 C
1876 155 15.603 5.905 35.301 P
1877 155 16.347 6.364 36.476 O
1878 155 16.258 4.801 34.535 O
1879 155 14.067 5.514 35.569 O
1880 155 13.354 6.299 36.539 C
1881 155 12.134 5.432 36.774 C
1882 155 11.297 5.422 35.584 O
1883 155 12.560 3.979 36.941 C
1884 155 11.829 3.795 38.165 O
1885 155 11.478 3.322 38.021 O
1886 155 11.912 3.319 35.719 C
1887 155 10.722 4.168 35.283 C
1888 155 10.536 4.263 33.832 N
1889 155 11.410 4.073 32.786 C
1890 155 10.856 4.180 31.616 N
1891 155 9.510 4.384 31.890 C
1892 155 8.390 4.545 31.042 C
1893 155 8.401 4.487 29.791 O
1894 155 7.195 4.721 31.701 N
1895 155 7.115 4.742 33.067 C
1896 155 5.895 4.939 33.574 N
1897 155 8.131 4.577 33.904 N
1898 155 9.304 4.446 33.262 C
1899 P 156 12.322 2.745 15.80
1900 P 156 12.071 2.381 18.95
1901 156 13.561 3.201 39.832 O
1902 156 12.732 1.505 38.607 O
1903 156 11.874 1.460 38.583 O
1904 156 11.037 2.525 40.192 O
1905 156 10.775 2.438 40.131 O
1906 156 10.083 1.516 39.776 C
1907 156 9.667 1.920 39.832 C
1908 156 9.118 1.478 40.949 C
1909 156 9.736 0.644 41.964 O
1910 156 8.568 2.662 41.739 C
1911 156 7.259 2.349 42.224 O
1912 156 9.408 2.707 43.000 C
1913 156 9.726 1.243 43.249 C
1914 156 11.054 1.026 43.792 N
1915 156 11.184 0.830 45.163 C
1916 156 10.222 0.923 45.914 O
1917 156 12.440 0.592 45.636 N
1918 156 13.552 0.637 44.864 C
1919 156 14.675 0.491 45.413 O
1920 156 13.391 0.863 43.456 C
1921 156 14.589 0.881 42.553 C
1922 156 12.151 1.045 42.983 C
