493
1 70 14.777 2.035 17.166 O
2 70 14.563 1.185 16.048 C
3 70 13.950 -0.128 16.474 C
4 70 14.822 -0.763 17.455 O
5 70 12.618 -0.015 17.198 C
6 70 11.553 0.111 16.249 O
7 70 12.584 -1.351 17.928 C
8 70 12.318 -2.421 17.051 O
9 70 14.033 -1.462 18.409 C
10 70 14.259 -0.864 19.732 N
11 70 13.652 -1.469 20.860 C
12 70 12.970 -2.484 20.694 O
13 70 13.833 -0.919 22.080 N
14 70 14.585 0.179 22.214 C
15 70 14.753 0.695 23.440 N
16 70 15.216 0.807 21.089 C
17 70 15.027 0.253 19.883 C
18 71 10.202 0.914 16.647 P
19 71 9.336 0.999 15.427 O
20 71 10.641 2.139 17.315 O
21 71 9.466 -0.044 17.680 O
22 71 8.982 -1.341 17.291 C
23 71 8.426 -2.067 18.489 C
24 71 9.485 -2.229 19.476 O
25 71 7.343 -1.329 19.266 C
26 71 6.056 -1.468 18.655 O
27 71 7.402 -2.039 20.611 C
28 71 6.749 -3.291 20.610 O
29 71 8.909 -2.240 20.782 C
30 71 9.506 -1.146 21.566 N
31 71 9.263 -1.104 22.940 C
32 71 8.490 -1.950 23.434 O
33 71 9.866 -0.140 23.683 N
34 71 10.655 0.764 23.094 C
35 71 11.252 1.673 23.859 N
36 71 10.876 0.768 21.686 C
37 71 10.288 -0.196 20.971 C
38 72 4.993 -0.240 18.710 P
39 72 3.729 -0.773 18.130 O
40 72 5.608 0.962 18.138 O
41 72 4.777 0.063 20.277 O
42 72 4.206 -0.914 21.141 C
43 72 4.213 -0.423 22.583 C
44 72 5.570 -0.428 23.106 O
45 72 3.713 0.993 22.832 C
46 72 2.293 0.958 22.956 O
47 72 4.384 1.329 24.160 C
48 72 3.770 0.698 25.255 O
49 72 5.765 0.701 23.950 C
50 72 6.709 1.603 23.306 N
51 72 7.008 1.661 21.962 C
52 72 7.903 2.564 21.678 N
53 72 8.212 3.142 22.901 C
54 72 9.094 4.208 23.215 C
55 72 9.829 4.855 22.455 O
56 72 9.078 4.505 24.575 N
57 72 8.312 3.863 25.513 C
58 72 8.437 4.313 26.779 N
59 72 7.485 2.862 25.238 N
60 72 7.484 2.559 23.915 C
61 73 1.412 2.208 22.454 P
62 73 0.044 1.644 22.242 O
63 73 2.092 2.944 21.367 O
64 73 1.396 3.184 23.706 O
65 73 0.222 3.314 24.496 C
66 73 0.100 2.157 25.453 C
67 73 1.380 1.885 26.108 O
68 73 -0.848 2.484 26.590 C
69 73 -2.185 2.212 26.197 O
70 73 -0.344 1.572 27.699 C
71 73 -0.768 0.223 27.544 O
72 73 1.172 1.669 27.492 C
73 73 1.814 2.770 28.226 N
74 73 2.606 3.777 27.730 C
75 73 3.081 4.580 28.656 N
76 73 2.553 4.072 29.841 C
77 73 2.625 4.507 31.191 C
78 73 3.361 5.552 31.605 N
79 73 1.906 3.818 32.116 N
80 73 1.178 2.769 31.710 C
81 73 1.042 2.257 30.484 N
82 73 1.758 2.965 29.584 C
83 74 -3.243 3.422 26.109 P
84 74 -4.551 2.814 25.710 O
85 74 -2.692 4.552 25.313 O
86 74 -3.316 3.947 27.612 O
87 74 -3.812 3.105 28.677 C
88 74 -3.525 3.740 30.022 C
89 74 -2.086 3.702 30.271 O
90 74 -3.837 5.224 30.140 C
91 74 -5.226 5.512 30.342 O
92 74 -2.997 5.606 31.349 C
93 74 -3.556 5.148 32.576 O
94 74 -1.701 4.842 31.048 C
95 74 -0.754 5.659 30.264 N
96 74 0.013 6.583 30.958 C
97 74 -0.070 6.740 32.149 O
98 74 0.883 7.323 30.194 N
99 74 1.058 7.237 28.826 C
100 74 1.879 7.957 28.278 O
101 74 0.226 6.273 28.174 C
102 74 -0.637 5.531 28.906 C
103 75 -5.860 6.865 29.729 P
104 75 -7.326 6.865 30.110 O
105 75 -5.492 7.064 28.305 O
106 75 -5.141 8.042 30.530 O
107 75 -5.326 8.186 31.970 C
108 75 -4.415 9.263 32.509 C
109 75 -3.041 8.872 32.258 O
110 75 -4.504 10.627 31.844 C
111 75 -5.608 11.374 32.360 O
112 75 -3.182 11.239 32.282 C
113 75 -3.225 11.588 33.665 O
114 75 -2.240 10.041 32.094 C
115 75 -1.628 10.026 30.759 N
116 75 -1.947 9.228 29.677 C
117 75 -1.250 9.521 28.599 N
118 75 -0.413 10.560 29.004 C
119 75 0.577 11.324 28.273 C
120 75 0.934 11.189 27.084 O
121 75 1.172 12.305 29.065 N
122 75 0.883 12.516 30.391 C
123 75 1.566 13.496 30.993 N
124 75 -0.015 11.810 31.082 N
125 75 -0.621 10.866 30.337 C
126 76 -6.437 12.366 31.389 P
127 76 -7.549 12.921 32.221 O
128 76 -6.755 11.644 30.131 O
129 76 -5.405 13.523 31.027 O
130 76 -4.897 14.397 32.046 C
131 76 -3.778 15.268 31.513 C
132 76 -2.608 14.472 31.151 O
133 76 -4.049 16.094 30.270 C
134 76 -4.878 17.235 30.585 O
135 76 -2.625 16.463 29.862 C
136 76 -2.030 17.506 30.629 O
137 76 -1.900 15.128 30.104 C
138 76 -1.956 14.277 28.917 N
139 76 -2.791 13.209 28.713 C
140 76 -2.643 12.657 27.535 N
141 76 -1.644 13.406 26.930 C
142 76 -1.083 13.306 25.625 C
143 76 -1.342 12.453 24.739 O
144 76 -0.135 14.310 25.388 N
145 76 0.245 15.272 26.314 C
146 76 1.177 16.165 25.905 N
147 76 -0.263 15.353 27.542 N
148 76 -1.200 14.409 27.772 C
149 77 -5.960 17.764 29.508 P
150 77 -6.723 18.886 30.149 O
151 77 -6.698 16.596 28.967 O
152 77 -5.067 18.384 28.353 O
153 77 -4.072 19.392 28.638 C
154 77 -3.134 19.588 27.458 C
155 77 -2.340 18.385 27.232 O
156 77 -3.748 19.852 26.089 C
157 77 -4.161 21.219 25.940 O
158 77 -2.561 19.577 25.185 C
159 77 -1.585 20.605 25.216 O
160 77 -1.988 18.319 25.849 C
161 77 -2.603 17.119 25.276 N
162 77 -2.111 16.707 24.056 C
163 77 -1.198 17.281 23.498 O
164 77 -2.728 15.606 23.518 N
165 77 -3.761 14.882 24.066 C
166 77 -4.235 13.939 23.436 O
167 77 -4.212 15.359 25.359 C
168 77 -3.625 16.445 25.896 C
169 78 -5.314 21.593 24.887 P
170 78 -5.650 23.032 25.106 O
171 78 -6.391 20.581 24.961 O
172 78 -4.629 21.465 23.451 O
173 78 -3.545 22.314 23.058 C
174 78 -3.079 21.928 21.674 C
175 78 -2.632 20.542 21.668 O
176 78 -4.154 21.933 20.601 C
177 78 -4.410 23.277 20.175 O
178 78 -3.486 21.083 19.526 C
179 78 -2.477 21.791 18.842 O
180 78 -2.856 19.974 20.380 C
181 78 -3.722 18.806 20.549 N
182 78 -4.441 18.428 21.653 C
183 78 -5.148 17.326 21.484 N
184 78 -4.868 16.952 20.179 C
185 78 -5.284 15.839 19.384 C
186 78 -6.107 14.866 19.796 N
187 78 -4.802 15.766 18.128 N
188 78 -3.953 16.713 17.699 C
189 78 -3.485 17.804 18.344 N
190 78 -3.988 17.860 19.589 C
191 79 -5.913 23.732 19.828 P
192 79 -5.779 25.104 19.238 O
193 79 -6.834 23.496 20.968 O
194 79 -6.378 22.710 18.696 O
195 79 -5.823 22.753 17.372 C
196 79 -6.276 21.541 16.567 C
197 79 -5.804 20.306 17.194 O
198 79 -7.769 21.317 16.400 C
199 79 -8.275 22.169 15.360 O
200 79 -7.767 19.842 15.980 C
201 79 -7.280 19.700 14.665 O
202 79 -6.756 19.251 16.979 C
203 79 -7.344 18.900 18.278 N
204 79 -7.259 19.660 19.423 C
205 79 -7.934 19.163 20.426 N
206 79 -8.491 17.997 19.928 C
207 79 -9.419 17.098 20.526 C
208 79 -9.895 17.117 21.682 O
209 79 -9.803 16.099 19.639 N
210 79 -9.355 15.969 18.349 C
211 79 -9.836 14.917 17.654 N
212 79 -8.495 16.807 17.775 N
213 79 -8.119 17.796 18.609 C
214 80 -9.817 22.639 15.375 P
215 80 -9.999 23.459 14.150 O
216 80 -10.144 23.197 16.704 O
217 80 -10.689 21.301 15.258 O
218 80 -10.693 20.499 14.069 C
219 80 -11.458 19.214 14.324 C
220 80 -10.869 18.517 15.467 O
221 80 -12.907 19.413 14.735 C
222 80 -13.737 19.555 13.586 O
223 80 -13.222 18.130 15.503 C
224 80 -13.665 17.041 14.720 O
225 80 -11.892 17.850 16.204 C
226 80 -11.931 18.361 17.588 N
227 80 -12.674 17.627 18.499 C
228 80 -13.302 16.635 18.177 O
229 80 -12.677 18.120 19.793 N
230 80 -12.057 19.280 20.243 C
231 80 -12.157 19.603 21.443 O
232 80 -11.343 19.995 19.233 C
233 80 -11.288 19.515 17.972 C
234 81 -15.178 20.269 13.720 P
235 81 -15.548 20.763 12.345 O
236 81 -15.181 21.219 14.861 O
237 81 -16.171 19.086 14.129 O
238 81 -16.528 18.057 13.172 C
239 81 -17.365 16.963 13.813 C
240 81 -16.715 16.371 14.975 O
241 81 -18.718 17.361 14.373 C
242 81 -19.640 17.645 13.316 O
243 81 -19.071 16.119 15.178 C
244 81 -19.499 15.032 14.374 O
245 81 -17.711 15.797 15.813 C
246 81 -17.619 16.346 17.169 N
247 81 -16.945 17.448 17.629 C
248 81 -17.133 17.664 18.918 N
249 81 -17.980 16.634 19.315 C
250 81 -18.575 16.332 20.605 C
251 81 -18.470 16.952 21.678 O
252 81 -19.363 15.178 20.548 N
253 81 -19.562 14.416 19.408 C
254 81 -20.320 13.331 19.528 N
255 81 -19.038 14.708 18.220 N
256 81 -18.272 15.810 18.251 C
258 96 -17.158 12.143 26.364 O
259 96 -18.025 11.045 26.102 C
260 96 -18.118 10.759 24.618 C
261 96 -18.665 11.911 23.911 O
262 96 -16.800 10.489 23.917 C
263 96 -16.412 9.121 24.136 O
264 96 -17.180 10.780 22.463 C
265 96 -17.990 9.744 21.933 O
266 96 -18.031 12.044 22.635 C
267 96 -17.203 13.248 22.665 N
268 96 -16.933 14.040 23.753 C
269 96 -16.130 15.034 23.484 N
270 96 -15.856 14.889 22.125 C
271 96 -15.023 15.653 21.267 C
272 96 -14.362 16.676 21.540 O
273 96 -14.992 15.120 19.977 N
274 96 -15.687 14.001 19.566 C
275 96 -15.507 13.606 18.284 N
276 96 -16.488 13.305 20.352 N
277 96 -16.518 13.797 21.608 C
278 97 -14.840 8.727 24.228 P
279 97 -14.737 7.261 24.452 O
280 97 -14.158 9.654 25.133 O
281 97 -14.280 9.057 22.761 O
282 97 -14.717 8.320 21.618 C
283 97 -14.115 8.909 20.354 C
284 97 -14.521 10.304 20.239 O
285 97 -12.594 8.993 20.311 C
286 97 -12.031 7.737 19.902 O
287 97 -12.393 10.050 19.226 C
288 97 -12.645 9.513 17.935 O
289 97 -13.481 11.058 19.606 C
290 97 -12.988 12.106 20.531 N
291 97 -12.147 13.120 20.020 C
292 97 -11.830 13.080 18.811 O
293 97 -11.709 14.108 20.840 N
294 97 -12.068 14.107 22.136 C
295 97 -11.606 15.114 22.924 N
296 97 -12.905 13.080 22.689 C
297 97 -13.336 12.104 21.850 C
298 98 -10.644 7.233 20.552 P
299 98 -10.236 6.014 19.781 O
300 98 -10.772 7.173 22.022 O
301 98 -9.602 8.409 20.288 O
302 98 -9.099 8.687 18.956 C
303 98 -8.285 9.967 18.961 C
304 98 -9.120 11.114 19.365 O
305 98 -7.123 10.019 19.936 C
306 98 -6.006 9.282 19.406 O
307 98 -6.892 11.531 20.040 C
308 98 -6.275 12.081 18.875 O
309 98 -8.344 12.038 20.114 C
310 98 -8.881 12.083 21.479 N
311 98 -9.708 11.139 22.039 C
312 98 -10.003 11.388 23.286 N
313 98 -9.337 12.581 23.565 C
314 98 -9.291 13.362 24.774 C
315 98 -9.815 13.110 25.886 O
316 98 -8.540 14.516 24.617 N
317 98 -7.883 14.876 23.457 C
318 98 -7.177 16.022 23.528 N
319 98 -7.913 14.158 22.326 N
320 98 -8.653 13.030 22.456 C
321 99 -4.966 8.566 20.408 P
322 99 -4.252 7.557 19.568 O
323 99 -5.683 8.138 21.642 O
324 99 -3.963 9.747 20.761 O
325 99 -2.654 9.840 20.119 C
326 99 -2.756 10.490 18.746 C
327 99 -3.489 11.753 18.818 O
328 99 -1.412 10.860 18.134 C
329 99 -0.823 9.762 17.418 O
330 99 -1.762 12.010 17.200 C
331 99 -2.277 11.596 15.946 O
332 99 -2.829 12.738 18.016 C
333 99 -2.269 13.767 18.898 N
334 99 -2.447 13.846 20.255 C
335 99 -1.892 14.913 20.800 N
336 99 -1.298 15.573 19.736 C
337 99 -0.549 16.778 19.665 C
338 99 -0.298 17.554 20.749 N
339 99 -0.080 17.162 18.457 N
340 99 -0.359 16.382 17.385 C
341 99 -1.059 15.226 17.329 N
342 99 -1.505 14.873 18.555 C
343 100 0.688 9.321 17.757 P
344 100 1.009 8.212 16.811 O
345 100 0.760 9.080 19.225 O
346 100 1.583 10.596 17.441 O
347 100 1.850 11.008 16.086 C
348 100 2.674 12.297 16.082 C
349 100 1.871 13.428 16.535 O
350 100 3.864 12.318 17.028 C
351 100 4.958 11.603 16.461 O
352 100 4.111 13.812 17.174 C
353 100 4.718 14.407 16.037 O
354 100 2.677 14.309 17.320 C
355 100 2.208 14.243 18.706 N
356 100 1.416 13.272 19.268 C
357 100 1.168 13.477 20.544 N
358 100 1.828 14.673 20.834 C
359 100 1.952 15.404 22.085 C
360 100 1.458 15.129 23.210 O
361 100 2.756 16.541 21.934 N
362 100 3.356 16.926 20.759 C
363 100 4.095 18.058 20.802 N
364 100 3.251 16.257 19.601 N
365 100 2.476 15.156 19.714 C
366 101 5.847 10.629 17.389 P
367 101 6.924 10.049 16.516 O
368 101 4.960 9.720 18.173 O
369 101 6.537 11.581 18.463 O
370 101 7.474 12.612 18.061 C
371 101 7.711 13.595 19.203 C
372 101 6.474 14.280 19.536 O
373 101 8.119 12.980 20.534 C
374 101 9.511 12.666 20.553 O
375 101 7.788 14.119 21.485 C
376 101 8.728 15.173 21.382 O
377 101 6.426 14.552 20.943 C
378 101 5.358 13.737 21.542 N
379 101 4.720 12.629 21.016 C
380 101 3.867 12.068 21.844 N
381 101 3.917 12.870 22.983 C
382 101 3.264 12.783 24.245 C
383 101 2.354 11.842 24.541 N
384 101 3.585 13.712 25.189 N
385 101 4.477 14.663 24.869 C
386 101 5.151 14.855 23.713 N
387 101 4.822 13.911 22.807 C
388 102 10.032 11.359 21.351 P
389 102 11.499 11.288 21.113 O
390 102 9.180 10.201 20.989 O
391 102 9.730 11.634 22.893 O
392 102 10.388 12.685 23.640 C
393 102 9.688 12.892 24.969 C
394 102 8.275 13.196 24.742 O
395 102 9.632 11.677 25.887 C
396 102 10.839 11.542 26.631 O
397 102 8.476 12.052 26.800 C
398 102 8.829 13.093 27.715 O
399 102 7.485 12.603 25.770 C
400 102 6.676 11.547 25.164 N
401 102 6.770 11.054 23.883 C
402 102 5.894 10.105 23.640 N
403 102 5.178 9.980 24.823 C
404 102 4.094 9.101 25.169 C
405 102 3.511 8.265 24.447 O
406 102 3.708 9.269 26.501 N
407 102 4.276 10.159 27.380 C
408 102 3.800 10.157 28.662 N
409 102 5.250 10.988 27.055 N
410 102 5.653 10.842 25.777 C
411 103 11.345 10.082 27.072 P
412 103 12.736 10.253 27.612 O
413 103 11.083 9.059 26.007 O
414 103 10.365 9.686 28.264 O
415 103 10.337 10.440 29.470 C
416 103 9.247 9.920 30.385 C
417 103 7.938 10.109 29.758 O
418 103 9.253 8.424 30.703 C
419 103 10.218 8.075 31.690 O
420 103 7.838 8.257 31.243 C
421 103 7.662 8.813 32.546 O
422 103 7.058 9.070 30.198 C
423 103 6.662 8.247 29.039 N
424 103 5.557 7.394 29.215 C
425 103 4.948 7.326 30.272 O
426 103 5.220 6.643 28.111 N
427 103 5.856 6.639 26.876 C
428 103 5.434 5.909 25.979 O
429 103 6.979 7.533 26.773 C
430 103 7.332 8.290 27.831 C
431 104 10.887 6.601 31.676 P
432 104 12.088 6.684 32.563 O
433 104 11.043 6.152 30.279 O
434 104 9.780 5.663 32.346 O
435 104 9.336 5.899 33.702 C
436 104 8.180 4.991 34.039 C
437 104 7.081 5.230 33.119 O
438 104 8.454 3.508 33.870 C
439 104 9.194 3.017 34.985 O
440 104 7.034 2.964 33.818 C
441 104 6.386 3.004 35.078 O
442 104 6.366 4.012 32.920 C
443 104 6.416 3.645 31.504 N
444 104 7.208 4.142 30.500 C
445 104 6.975 3.596 29.323 N
446 104 5.947 2.690 29.570 C
447 104 5.275 1.756 28.747 C
448 104 5.471 1.641 27.424 N
449 104 4.381 0.933 29.331 N
450 104 4.171 1.034 30.659 C
451 104 4.724 1.876 31.527 N
452 104 5.610 2.692 30.911 C
453 105 10.431 1.991 34.756 P
454 105 10.890 1.579 36.134 O
455 105 11.384 2.603 33.825 O
456 105 9.793 0.735 34.011 O
457 105 8.741 -0.032 34.594 C
458 105 8.123 -0.941 33.546 C
459 105 7.388 -0.137 32.575 O
460 105 9.096 -1.739 32.686 C
461 105 9.488 -2.955 33.353 O
462 105 8.194 -2.088 31.498 C
463 105 7.461 -0.752 31.279 C
464 105 8.255 0.101 30.385 N
465 105 9.064 1.151 30.727 C
466 105 9.752 1.632 29.715 N
467 105 9.339 0.871 28.629 C
468 105 9.749 0.896 27.252 C
469 105 10.588 1.627 26.700 O
470 105 9.080 -0.068 26.504 N
471 105 8.157 -0.948 26.995 C
472 105 7.638 -1.815 26.102 N
473 105 7.770 -0.982 28.263 N
474 105 8.396 -0.058 29.015 C
500 107 12.536 -8.083 29.397 P
501 107 12.450 -9.408 30.028 O
502 107 13.504 -7.098 29.915 O
503 107 12.761 -8.214 27.832 O
504 107 11.959 -9.135 27.068 C
505 107 12.273 -9.016 25.591 C
506 107 12.075 -7.645 25.167 O
507 107 13.723 -9.239 25.192 C
508 107 14.080 -10.634 25.189 O
509 107 13.743 -8.628 23.799 C
510 107 13.142 -9.492 22.835 O
511 107 12.862 -7.391 24.013 C
512 107 13.659 -6.159 24.197 N
513 107 14.198 -5.593 23.053 C
514 107 13.940 -6.127 21.967 O
515 107 14.971 -4.488 23.154 N
516 107 15.194 -3.939 24.345 C
517 107 15.954 -2.838 24.394 N
518 107 14.653 -4.486 25.542 C
519 107 13.888 -5.590 25.424 C
