240
1 1 10.760 2.328 -3.309 O
2 1 10.907 0.908 -3.064 C
3 1 9.695 0.102 -2.678 C
4 1 8.629 0.898 -2.248 O
5 1 9.171 -0.725 -3.840 C
6 1 8.681 -2.044 -3.739 O
7 1 7.967 0.133 -4.383 C
8 1 7.481 0.722 -3.094 C
9 1 6.735 2.003 -3.156 N
10 1 5.357 1.794 -3.353 C
11 1 4.867 0.676 -3.423 O
12 1 4.525 2.883 -3.357 N
13 1 5.065 4.152 -3.309 C
14 1 4.180 5.158 -3.327 N
15 1 6.462 4.374 -3.138 C
16 1 7.224 3.254 -3.086 C
17 2 9.864 -3.303 -3.721 P
18 2 10.658 -3.056 -4.896 O
19 2 9.196 -4.479 -3.318 O
20 2 10.760 -2.488 -2.551 O
21 2 10.426 -3.031 -1.258 C
22 2 11.577 -2.639 -0.403 C
23 2 11.774 -1.312 -0.622 O
24 2 11.154 -2.806 1.048 C
25 2 11.495 -4.059 1.525 O
26 2 11.815 -1.636 1.736 C
27 2 12.115 -0.676 0.587 C
28 2 11.316 0.543 0.557 N
29 2 11.842 1.797 0.495 C
30 2 10.960 2.766 0.451 N
31 2 9.746 2.031 0.504 C
32 2 8.402 2.504 0.500 C
33 2 8.164 3.791 0.456 N
34 2 7.465 1.525 0.530 N
35 2 7.763 0.182 0.548 C
36 2 9.008 -0.309 0.522 N
37 2 9.957 0.667 0.526 C
38 3 10.687 -5.035 2.398 P
39 3 11.567 -6.134 3.011 O
40 3 9.670 -5.853 1.547 O
41 3 9.889 -4.198 3.493 O
42 3 9.058 -4.958 4.392 C
43 3 7.715 -4.331 4.576 C
44 3 7.865 -2.964 4.865 O
45 3 6.791 -4.473 3.366 C
46 3 5.564 -5.023 3.756 O
47 3 6.703 -3.031 2.814 C
48 3 6.875 -2.257 4.072 C
49 3 7.436 -0.904 3.984 N
50 3 6.524 0.130 3.971 C
51 3 5.305 -0.052 3.984 O
52 3 7.020 1.426 3.923 N
53 3 8.348 1.645 3.888 C
54 3 8.697 2.908 3.831 N
55 3 9.307 0.571 3.953 C
56 3 8.779 -0.682 3.997 C
57 4 4.944 -6.510 3.612 P
58 4 5.875 -6.946 2.463 O
59 4 3.558 -6.551 3.511 O
60 4 5.598 -7.137 4.948 O
61 4 5.117 -6.652 6.228 C
62 4 5.924 -7.582 7.140 C
63 4 7.245 -7.366 6.903 O
64 4 5.688 -7.276 8.595 C
65 4 4.804 -8.270 9.169 O
66 4 7.048 -7.168 9.187 C
67 4 8.023 -7.159 8.012 C
68 4 8.793 -5.890 7.960 N
69 4 10.145 -5.779 7.964 C
70 4 10.558 -4.547 7.907 N
71 4 9.396 -3.791 7.898 C
72 4 9.181 -2.392 7.841 C
73 4 10.061 -1.503 7.841 O
74 4 7.853 -2.000 7.828 N
75 4 6.862 -2.948 7.824 C
76 4 5.621 -2.426 7.811 N
77 4 6.966 -4.275 7.837 N
78 4 8.284 -4.606 7.898 C
79 5 3.376 -7.625 9.717 P
80 5 2.587 -9.002 10.226 O
81 5 2.487 -7.054 8.569 O
82 5 3.587 -6.572 10.751 O
83 5 2.442 -6.362 11.654 C
84 5 2.535 -4.930 12.080 C
85 5 3.830 -4.559 12.364 O
86 5 2.117 -4.038 10.944 C
87 5 1.266 -2.964 11.269 O
88 5 3.467 -3.519 10.453 C
89 5 4.168 -3.325 11.742 C
90 5 5.627 -3.257 11.646 N
91 5 6.111 -2.034 11.317 C
92 5 5.362 -1.062 11.159 O
93 5 7.447 -1.886 11.142 N
94 5 8.307 -2.920 11.295 C
95 5 9.602 -2.686 11.124 N
96 5 7.835 -4.201 11.632 C
97 5 6.489 -4.300 11.782 C
98 6 -0.277 -2.905 11.120 P
99 6 -0.604 -3.775 9.954 O
100 6 -0.837 -1.584 11.146 O
101 6 -0.747 -4.044 12.229 O
102 6 -0.427 -3.800 13.600 C
103 6 -1.044 -5.035 14.240 C
104 6 -0.122 -6.131 14.148 O
105 6 -1.370 -4.816 15.674 C
106 6 -2.657 -5.316 16.033 O
107 6 -0.209 -5.532 16.371 C
108 6 0.257 -6.578 15.424 C
109 6 1.695 -6.662 15.336 N
110 6 2.417 -7.819 15.367 C
111 6 3.705 -7.569 15.305 N
112 6 3.842 -6.189 15.231 C
113 6 5.005 -5.359 15.139 C
114 6 6.179 -5.723 15.117 O
115 6 4.720 -4.022 15.082 N
116 6 3.453 -3.525 15.130 C
117 6 3.324 -2.213 15.038 N
118 6 2.330 -4.279 15.218 N
119 6 2.585 -5.587 15.279 C
121 7 10.851 3.695 14.617 O
122 7 9.984 3.979 13.548 C
123 7 8.570 3.408 13.636 C
124 7 8.538 2.028 13.596 O
125 7 7.719 3.720 14.880 C
126 7 6.448 4.368 14.648 O
127 7 7.445 2.374 15.450 C
128 7 7.363 1.537 14.223 C
129 7 7.649 0.123 14.359 N
130 7 6.594 -0.787 14.490 C
131 7 5.421 -0.417 14.477 O
132 7 6.878 -2.108 14.626 N
133 7 8.180 -2.525 14.626 C
134 7 8.541 -3.775 14.736 N
135 7 9.249 -1.590 14.481 C
136 7 8.963 -0.278 14.328 C
137 8 6.077 5.871 14.933 P
138 8 6.601 6.578 16.068 O
139 8 4.722 6.168 14.429 O
140 8 6.939 6.637 13.640 O
141 8 6.347 5.995 12.496 C
142 8 7.122 6.674 11.400 C
143 8 8.411 6.168 11.532 O
144 8 6.555 6.301 10.098 C
145 8 6.206 7.467 9.358 O
146 8 7.651 5.513 9.419 C
147 8 8.851 5.794 10.265 C
148 8 9.594 4.529 10.458 N
149 8 10.900 4.257 10.392 C
150 8 11.164 2.988 10.484 N
151 8 9.956 2.371 10.633 C
152 8 9.582 1.016 10.765 C
153 8 10.374 0.059 10.813 O
154 8 8.257 0.824 10.826 N
155 8 7.338 1.824 10.787 C
156 8 6.017 1.605 10.931 N
157 8 7.635 3.093 10.655 N
158 8 8.954 3.309 10.576 C
159 9 4.699 7.350 8.691 P
160 9 4.531 8.634 7.872 O
161 9 3.810 7.295 9.927 O
162 9 4.586 6.017 7.916 O
163 9 3.698 6.202 6.750 C
164 9 3.079 4.853 6.526 C
165 9 3.953 3.874 6.097 O
166 9 2.514 4.288 7.824 C
167 9 1.393 3.445 7.578 O
168 9 3.780 3.624 8.319 C
169 9 4.239 2.905 7.026 C
170 9 5.652 2.541 7.079 N
171 9 5.915 1.201 7.311 C
172 9 5.003 0.377 7.455 O
173 9 7.234 0.824 7.372 N
174 9 8.218 1.747 7.193 C
175 9 9.494 1.371 7.271 N
176 9 7.935 3.136 6.934 C
177 9 6.660 3.476 6.899 C
178 10 -0.173 4.038 7.670 P
179 10 -0.329 4.933 8.858 O
180 10 -0.756 2.698 7.394 O
181 10 -0.354 5.078 6.504 O
182 10 -0.309 4.455 5.207 C
183 10 -0.302 5.569 4.208 C
184 10 0.785 6.436 4.427 O
185 10 -0.181 4.970 2.840 C
186 10 -1.418 4.720 2.284 O
187 10 0.535 6.106 2.143 C
188 10 1.259 6.865 3.186 C
189 10 2.696 6.622 3.204 N
190 10 3.621 7.616 3.182 C
191 10 4.844 7.177 3.195 N
192 10 4.715 5.800 3.239 C
193 10 5.695 4.782 3.292 C
194 10 6.893 4.976 3.274 O
195 10 5.160 3.532 3.375 N
196 10 3.837 3.278 3.366 C
197 10 3.458 1.985 3.384 N
198 10 2.877 4.220 3.300 N
199 10 3.392 5.445 3.243 C
200 11 -2.081 3.352 1.819 P
201 11 -3.546 3.587 1.477 O
202 11 -1.963 2.457 3.055 O
203 11 -1.243 2.939 0.592 O
204 11 -1.616 2.213 -0.557 C
205 11 -0.504 1.256 -0.938 C
206 11 0.765 1.766 -1.175 O
207 11 -0.290 0.259 0.197 C
208 11 -0.114 -1.071 -0.232 O
209 11 0.937 0.846 0.951 C
210 11 1.724 1.176 -0.237 C
211 11 2.754 2.183 -0.110 N
212 11 4.089 1.797 -0.022 C
213 11 4.348 0.580 0.035 O
214 11 5.006 2.815 -0.013 N
215 11 4.629 4.137 -0.075 C
216 11 5.573 4.989 -0.022 O
217 11 3.270 4.492 -0.193 C
218 11 2.825 5.918 -0.263 C
219 11 2.426 3.494 -0.224 C
220 12 -1.418 -2.115 0.118 P
221 12 -1.734 -1.692 1.538 O
222 12 -1.060 -3.457 0.009 O
223 12 -2.414 -1.377 -0.872 O
224 12 -2.535 -1.880 -2.174 C
225 12 -3.639 -1.050 -2.827 C
226 12 -3.367 0.346 -2.678 O
227 12 -3.760 -1.358 -4.300 C
228 12 -5.110 -1.278 -4.747 O
229 12 -2.800 -0.321 -4.922 C
230 12 -3.227 0.855 -4.050 C
231 12 -2.274 1.911 -4.067 N
232 12 -2.602 3.260 -4.002 C
233 12 -1.532 4.038 -3.936 N
234 12 -0.456 3.149 -3.997 C
235 12 0.953 3.380 -3.901 C
236 12 1.564 4.442 -3.831 O
237 12 1.754 2.269 -3.918 N
238 12 1.178 1.022 -3.949 C
239 12 2.062 -0.022 -3.901 N
240 12 -0.143 0.753 -3.980 N
241 12 -0.910 1.852 -4.019 C
