334 828
0 2
0 3
0 4
1 3
1 4
2 5
2 6
2 7
2 8
3 4
3 6
3 7
3 9
3 10
4 7
4 8
4 9
4 20
4 22
4 23
5 6
5 7
5 21
5 22
5 23
5 24
6 9
6 19
7 8
8 10
8 18
8 19
9 11
9 12
9 18
10 12
10 19
11 13
11 14
11 19
12 14
12 15
12 16
12 18
13 16
13 18
13 19
14 15
15 17
15 18
15 19
16 19
17 18
20 24
21 22
21 23
21 24
22 23
23 25
23 26
23 27
24 26
24 27
25 28
25 29
25 30
25 31
26 27
26 29
26 30
26 32
26 39
27 30
27 31
27 32
27 40
27 42
28 29
28 30
28 41
28 42
28 43
28 44
29 32
29 33
30 31
31 33
31 34
31 39
32 34
32 35
32 36
32 38
33 36
33 38
33 39
34 35
35 37
35 38
35 39
36 39
37 38
40 44
41 42
41 43
41 44
42 43
43 45
43 46
43 47
44 46
44 47
45 48
45 49
45 50
45 51
46 47
46 49
46 50
46 52
46 53
47 50
47 51
47 52
47 63
47 65
47 66
48 49
48 50
48 64
48 65
48 66
48 67
49 52
50 51
51 53
51 61
51 62
52 54
52 55
52 61
53 55
53 62
54 56
54 57
54 62
55 57
55 58
55 59
55 61
56 59
56 61
56 62
57 58
57 331
58 60
58 61
58 62
58 329
59 62
60 61
60 328
63 67
64 65
64 66
64 67
65 66
66 68
66 69
66 70
67 69
67 70
67 71
68 71
68 72
68 73
68 74
69 70
69 72
69 73
69 75
69 82
70 73
70 74
70 83
70 85
70 86
71 72
71 73
71 84
71 85
71 86
72 75
72 86
73 74
74 76
74 77
74 82
75 77
75 78
75 79
75 81
76 79
76 81
76 82
77 78
78 80
78 81
78 82
78 311
79 82
80 81
80 310
83 87
84 85
84 86
85 86
85 87
86 88
86 89
87 89
87 90
87 91
88 91
88 92
88 93
88 94
89 90
89 92
89 93
89 95
89 96
90 93
90 94
90 95
90 106
90 108
90 109
91 92
91 93
91 107
91 108
91 109
91 110
92 95
92 105
92 112
93 94
94 96
94 104
94 105
95 97
95 98
95 104
96 98
96 105
97 99
97 100
97 105
98 100
98 101
98 102
98 104
99 102
99 104
99 105
100 101
100 288
101 103
101 104
101 105
101 287
102 105
103 104
106 110
107 108
107 109
107 110
108 109
109 111
109 112
109 113
110 112
110 113
111 114
111 115
111 116
111 117
112 113
112 115
112 116
112 118
112 125
113 116
113 117
113 126
113 128
114 115
114 116
114 127
114 128
114 129
114 130
115 118
116 117
117 119
117 120
117 125
118 120
118 121
118 122
118 124
119 122
119 124
119 125
120 121
120 268
121 123
121 124
121 125
121 267
122 125
123 124
126 130
127 128
127 129
127 130
128 129
129 131
129 132
129 133
130 132
130 133
131 134
131 135
131 136
131 137
132 133
132 135
132 136
132 138
132 139
133 136
133 137
133 138
133 148
133 150
134 135
134 136
134 149
134 150
134 151
134 152
135 138
136 137
137 139
137 146
137 147
138 140
138 141
138 146
139 141
139 147
140 142
140 143
140 147
141 143
141 144
141 145
141 146
142 145
142 146
142 147
143 144
143 224
143 247
144 146
144 147
144 245
145 147
148 152
149 150
149 151
149 152
150 151
151 153
151 154
151 155
152 154
152 155
153 156
153 157
153 158
154 155
154 157
154 159
154 166
155 158
156 157
157 159
157 166
158 160
158 161
158 166
159 161
159 162
159 163
159 165
160 163
160 165
160 166
161 162
161 227
162 164
162 165
162 166
162 225
163 166
164 165
164 224
167 169
167 170
167 171
168 170
168 171
169 172
169 173
169 174
169 175
170 171
170 173
170 174
170 176
170 177
171 174
171 175
171 176
171 187
171 189
171 190
172 173
172 174
172 188
172 189
172 190
172 191
173 176
173 186
174 175
175 177
175 185
175 186
176 178
176 179
176 185
177 179
177 186
178 180
178 181
178 186
179 181
179 182
179 183
179 185
180 183
180 185
180 186
181 182
182 184
182 185
182 186
183 186
184 185
187 191
188 189
188 190
188 191
189 190
190 192
190 193
190 194
190 206
191 193
191 194
192 195
192 196
192 197
192 198
193 194
193 196
193 197
193 199
193 206
194 197
194 198
194 199
194 207
194 209
195 196
195 197
195 208
195 209
195 210
195 211
196 199
196 200
196 201
197 198
198 200
198 201
198 206
199 201
199 202
199 203
199 205
200 203
200 205
200 206
201 202
202 204
202 205
202 206
203 206
204 205
207 211
208 209
208 210
208 211
209 210
210 212
210 213
210 214
211 213
211 214
211 215
212 215
212 216
212 217
212 218
213 214
213 216
213 217
213 219
213 220
214 217
214 218
214 219
214 230
214 232
215 216
215 217
215 231
215 232
215 233
215 234
216 219
217 218
218 220
218 228
218 229
219 221
219 222
219 228
220 222
220 229
221 223
221 224
221 229
222 224
222 225
222 226
222 228
223 226
223 228
223 229
224 225
225 227
225 228
225 229
226 229
227 228
230 234
231 232
231 233
231 234
232 233
233 235
233 236
233 237
234 236
234 237
234 238
235 238
235 239
235 240
235 241
236 237
236 239
236 240
236 242
236 249
237 240
237 241
237 250
237 252
237 253
238 239
238 240
238 251
238 252
238 253
239 242
239 253
240 241
240 253
241 243
241 244
241 249
242 244
242 245
242 246
242 248
243 246
243 248
243 249
244 245
245 247
245 248
245 249
246 249
247 248
250 254
251 252
251 253
252 253
252 254
253 255
253 256
254 256
254 257
254 258
255 258
255 259
255 260
255 261
256 257
256 259
256 260
256 262
256 263
257 260
257 261
257 262
257 273
257 275
257 276
258 259
258 260
258 274
258 275
258 276
258 277
259 262
259 272
260 261
261 263
261 271
261 272
262 264
262 265
262 271
263 265
263 272
264 266
264 267
264 272
265 267
265 268
265 269
265 271
266 269
266 271
266 272
267 268
268 270
268 271
268 272
269 272
270 271
273 277
274 275
274 276
274 277
275 276
276 278
276 279
276 280
277 279
277 280
277 281
278 281
278 282
278 283
278 284
279 280
279 282
279 283
279 285
279 292
280 283
280 284
280 293
280 295
281 282
281 283
281 294
281 295
281 296
281 297
282 285
283 284
284 286
284 287
284 292
285 287
285 288
285 289
285 291
286 289
286 291
286 292
287 288
288 290
288 291
288 292
289 292
290 291
293 297
294 295
294 296
294 297
295 296
296 298
296 299
296 300
297 299
297 300
298 301
298 302
298 303
298 304
299 300
299 302
299 303
299 305
299 306
300 303
300 304
300 305
300 315
300 317
300 318
301 302
301 303
301 316
301 317
301 318
301 319
302 305
303 304
304 306
304 313
304 314
305 307
305 308
305 313
306 308
306 314
307 309
307 310
307 314
308 310
308 311
308 312
308 313
309 312
309 313
309 314
310 311
311 313
311 314
312 314
315 319
316 317
316 318
316 319
317 318
318 320
318 321
318 322
319 321
319 322
320 323
320 324
320 325
321 322
321 324
321 326
321 333
322 325
323 324
324 326
325 327
325 328
325 333
326 328
326 329
326 330
326 332
327 330
327 332
327 333
328 329
329 331
329 332
329 333
330 333
331 332
1 1 40.972000 8.748000 5.279000 O
2 1 42.037998 7.963000 5.819000 C
3 1 41.481998 6.699000 6.422000 C
4 1 40.978001 6.977000 7.756000 O
5 1 40.285999 6.109000 5.685000 C
6 1 40.700001 5.292000 4.598000 O
7 1 39.605999 5.296000 6.780000 C
8 1 40.213001 4.045000 7.016000 O
9 1 39.813999 6.197000 7.997000 C
10 1 38.695000 7.104000 8.209000 N
11 1 38.707001 8.473000 8.103000 C
12 1 37.550999 9.017000 8.364000 N
13 1 36.723999 7.941000 8.655000 C
14 1 35.362000 7.912000 9.019000 C
15 1 34.602001 8.855000 9.166000 O
16 1 34.909000 6.609000 9.225000 N
17 1 35.681000 5.478000 9.105000 C
18 1 35.070000 4.308000 9.370000 N
19 1 36.960999 5.496000 8.760000 N
20 1 37.415001 6.753000 8.556000 C
21 2 39.955002 5.413000 3.180000 P
22 2 40.555000 4.430000 2.256000 O
23 2 39.887001 6.839000 2.784000 O
24 2 38.472000 4.919000 3.478000 O
25 2 38.200001 3.548000 3.817000 C
26 2 36.785000 3.415000 4.322000 C
27 2 36.609001 4.251000 5.499000 O
28 2 35.696999 3.888000 3.370000 C
29 2 35.366001 2.861000 2.447000 O
30 2 34.544998 4.163000 4.322000 C
31 2 33.880001 2.985000 4.724000 O
32 2 35.283001 4.763000 5.523000 C
33 2 35.355000 6.230000 5.485000 N
34 2 34.243999 6.938000 5.885000 C
35 2 33.200001 6.398000 6.248000 O
36 2 34.396000 8.305000 5.845000 N
37 2 35.516998 9.012000 5.453000 C
38 2 35.504002 10.252000 5.493000 O
39 2 36.612999 8.204000 5.046000 C
40 2 36.498001 6.875000 5.072000 C
41 3 34.556000 3.216000 1.114000 P
42 3 34.730000 2.088000 0.167000 O
43 3 34.868999 4.594000 0.658000 O
44 3 33.034000 3.190000 1.593000 O
45 3 32.370998 1.943000 1.874000 C
46 3 30.917999 2.182000 2.183000 C
47 3 30.822001 3.060000 3.333000 O
48 3 30.136000 2.910000 1.107000 C
49 3 29.701000 2.020000 0.093000 O
50 3 28.971001 3.478000 1.909000 C
51 3 28.028000 2.500000 2.304000 O
52 3 29.693001 3.913000 3.179000 C
53 3 30.146999 5.300000 3.145000 N
54 3 31.419001 5.772000 2.909000 C
55 3 31.511000 7.073000 3.004000 N
56 3 30.223000 7.489000 3.313000 C
57 3 29.709999 8.789000 3.573000 C
58 3 30.322001 9.863000 3.618000 O
59 3 28.334999 8.757000 3.825000 N
60 3 27.563999 7.613000 3.849000 C
61 3 26.254999 7.777000 4.096000 N
62 3 28.040001 6.394000 3.640000 N
63 3 29.361000 6.408000 3.377000 C
64 4 29.598000 2.521000 -1.409000 P
65 4 29.341999 1.353000 -2.285000 O
66 4 30.722000 3.435000 -1.740000 O
67 4 28.267000 3.388000 -1.432000 O
68 4 27.021000 2.809000 -1.025000 C
69 4 25.952000 3.869000 -1.004000 C
70 4 26.179001 4.774000 0.105000 O
71 4 25.965000 4.759000 -2.228000 C
72 4 25.250999 4.112000 -3.251000 O
73 4 25.285000 6.025000 -1.718000 C
74 4 23.879000 5.951000 -1.686000 O
75 4 25.801001 6.087000 -0.279000 C
76 4 26.961000 6.977000 -0.112000 N
77 4 26.694000 8.317000 0.124000 C
78 4 25.552000 8.753000 0.195000 O
79 4 27.809999 9.117000 0.267000 N
80 4 29.136000 8.719000 0.195000 C
81 4 30.032000 9.556000 0.333000 O
82 4 29.327999 7.317000 -0.052000 C
83 4 28.259001 6.512000 -0.192000 C
84 5 25.457001 4.550000 -4.768000 P
85 5 24.490000 3.780000 -5.604000 O
86 5 26.874001 4.540000 -5.121000 O
87 5 24.959999 6.053000 -4.742000 O
88 5 25.690001 7.076000 -5.397000 C
89 5 25.188999 8.400000 -4.907000 C
90 5 25.687000 8.647000 -3.563000 O
91 5 25.636000 9.619000 -5.673000 C
92 5 24.858000 9.711000 -6.846000 O
93 5 25.309999 10.708000 -4.660000 C
94 5 23.922001 10.914000 -4.567000 O
95 5 25.774000 10.046000 -3.359000 C
96 5 27.158001 10.407000 -3.068000 N
97 5 28.291000 9.632000 -3.118000 C
98 5 29.379000 10.297000 -2.818000 N
99 5 28.923000 11.586000 -2.549000 C
100 5 29.628000 12.771000 -2.161000 C
101 5 30.832001 12.925000 -1.968000 O
102 5 28.761000 13.851000 -2.002000 N
103 5 27.400999 13.809000 -2.189000 C
104 5 26.726000 14.949000 -2.000000 N
105 5 26.743000 12.726000 -2.541000 N
106 5 27.559000 11.662000 -2.700000 C
107 6 25.531000 10.205000 -8.205000 P
108 6 24.542999 10.060000 -9.300000 O
109 6 26.860001 9.580000 -8.350000 O
110 6 25.729000 11.762000 -7.934000 O
111 6 24.598000 12.592000 -7.620000 C
112 6 25.068001 13.895000 -7.018000 C
113 6 25.854000 13.624000 -5.817000 O
114 6 26.013000 14.693000 -7.896000 C
115 6 25.295000 15.508000 -8.819000 O
116 6 26.753000 15.549000 -6.876000 C
117 6 25.979000 16.631001 -6.436000 O
118 6 26.907000 14.573000 -5.706000 C
119 6 28.190001 13.850000 -5.707000 N
120 6 29.299999 14.505000 -5.188000 C
121 6 29.250000 15.646000 -4.770000 O
122 6 30.468000 13.759000 -5.186000 N
123 6 30.629000 12.454000 -5.663000 C
124 6 31.743000 11.933000 -5.638000 O
125 6 29.443001 11.865000 -6.191000 C
126 6 28.296000 12.553000 -6.194000 C
127 7 26.021000 16.011999 -10.143000 P
128 7 25.014999 16.438999 -11.126000 O
129 7 27.034000 15.004000 -10.536000 O
130 7 26.844999 17.285999 -9.653000 O
131 7 26.184999 18.469000 -9.195000 C
132 7 27.198000 19.517000 -8.809000 C
133 7 27.971001 19.027000 -7.692000 O
134 7 28.233999 19.844999 -9.873000 C
135 7 27.718000 20.820999 -10.777000 O
136 7 29.367001 20.412001 -9.025000 C
137 7 29.103001 21.726999 -8.567000 O
138 7 29.312000 19.493999 -7.800000 C
139 7 30.204000 18.334999 -7.863000 N
140 7 29.884001 17.041000 -8.198000 C
141 7 30.889999 16.205000 -8.110000 N
142 7 31.950001 17.002001 -7.702000 C
143 7 33.299999 16.711000 -7.415000 C
144 7 33.827999 15.485000 -7.503000 N
145 7 34.095001 17.733999 -7.036000 N
146 7 33.561001 18.972000 -6.955000 C
147 7 32.307999 19.368999 -7.197000 N
148 7 31.546000 18.323000 -7.565000 C
149 8 28.143999 20.802000 -12.314000 P
150 8 27.191000 21.716000 -13.006000 O
151 8 28.344999 19.431999 -12.839000 O
152 8 29.572001 21.525999 -12.331000 O
153 8 29.719000 22.844000 -11.751000 C
154 8 31.177999 23.194000 -11.577000 C
155 8 31.761000 22.311001 -10.591000 O
156 8 32.022999 23.055000 -12.839000 C
157 8 32.150002 24.159000 -13.731000 O
158 8 33.297001 22.358000 -12.404000 C
159 8 33.097000 21.971001 -10.944000 C
160 8 33.220001 20.509001 -10.836000 N
161 8 34.450001 19.951000 -10.471000 C
162 8 35.394001 20.704000 -10.207000 O
163 8 34.574001 18.601000 -10.413000 N
164 8 33.521999 17.820999 -10.704000 C
165 8 33.692001 16.495001 -10.657000 N
166 8 32.251999 18.365999 -11.065000 C
167 8 32.146999 19.702000 -11.115000 C
169 9 37.569000 4.675000 -11.614000 O
170 9 38.671001 3.789000 -11.859000 C
171 9 39.818001 4.508000 -12.533000 C
172 9 39.438000 4.924000 -13.876000 O
173 9 40.270000 5.790000 -11.856000 C
174 9 41.193001 5.492000 -10.839000 O
175 9 40.973999 6.500000 -12.995000 C
176 9 42.266998 5.969000 -13.211000 O
177 9 40.066002 6.166000 -14.179000 C
178 9 39.029999 7.181000 -14.377000 N
179 9 37.669998 7.017000 -14.259000 C
180 9 36.998001 8.114000 -14.486000 N
181 9 37.972000 9.065000 -14.768000 C
182 9 37.852001 10.454000 -15.080000 C
183 9 36.830002 11.140000 -15.153000 O
184 9 39.095001 11.042000 -15.303000 N
185 9 40.301998 10.392000 -15.220000 C
186 9 41.407001 11.146000 -15.454000 N
187 9 40.428001 9.105000 -14.924000 N
188 9 39.231998 8.509000 -14.713000 C
189 10 41.112999 6.250000 -9.430000 P
190 10 42.124001 5.666000 -8.520000 O
191 10 39.700001 6.314000 -9.015000 O
192 10 41.550999 7.749000 -9.750000 O
193 10 42.886002 8.076000 -10.136000 C
194 10 42.939999 9.499000 -10.635000 C
195 10 42.067001 9.618000 -11.789000 O
196 10 42.433998 10.553000 -9.659000 C
197 10 43.488998 10.935000 -8.777000 O
198 10 42.030998 11.682000 -10.606000 C
199 10 43.139999 12.433000 -11.064000 O
200 10 41.445000 10.897000 -11.788000 C
201 10 39.985001 10.717000 -11.694000 N
202 10 39.199001 11.816000 -11.970000 C
203 10 39.660999 12.885000 -12.335000 O
204 10 37.846001 11.612000 -11.816000 N
205 10 37.214001 10.437000 -11.460000 C
206 10 35.976002 10.408000 -11.380000 O
207 10 38.098999 9.344000 -11.212000 C
208 10 39.421001 9.519000 -11.331000 C
209 11 43.160000 11.650000 -7.373000 P
210 11 44.303001 11.450000 -6.447000 O
211 11 41.785000 11.295000 -6.924000 O
212 11 43.105999 13.204000 -7.726000 O
213 11 44.272999 13.919000 -8.164000 C
214 11 43.924000 15.369000 -8.417000 C
215 11 43.069000 15.494000 -9.590000 O
216 11 43.146000 16.051001 -7.305000 C
217 11 44.037998 16.482000 -6.295000 O
218 11 42.519001 17.216999 -8.061000 C
219 11 43.450001 18.242001 -8.329000 O
220 11 42.145000 16.552999 -9.386000 C
221 11 40.793999 15.990000 -9.375000 N
222 11 40.436001 14.666000 -9.226000 C
223 11 39.143002 14.478000 -9.268000 N
224 11 38.618000 15.754000 -9.460000 C
225 11 37.265999 16.195999 -9.598000 C
226 11 36.223000 15.527000 -9.596000 O
227 11 37.201000 17.580999 -9.756000 N
228 11 38.280998 18.426001 -9.784000 C
229 11 38.019001 19.721001 -9.919000 N
230 11 39.528000 18.028999 -9.677000 N
231 11 39.625000 16.694000 -9.516000 C
232 12 43.624001 16.400999 -4.755000 P
233 12 44.841000 16.778999 -3.988000 O
234 12 42.917999 15.130000 -4.423000 O
235 12 42.585999 17.597000 -4.549000 O
236 12 42.983002 18.964001 -4.754000 C
237 12 41.763000 19.840000 -4.855000 C
238 12 40.976002 19.451000 -6.010000 O
239 12 40.792999 19.714001 -3.697000 C
240 12 41.249001 20.514999 -2.617000 O
241 12 39.514000 20.261000 -4.314000 C
242 12 39.535999 21.673000 -4.362000 O
243 12 39.601002 19.698999 -5.739000 C
244 12 38.852001 18.441999 -5.907000 N
245 12 37.505001 18.542000 -6.225000 C
246 12 36.956001 19.608999 -6.400000 O
247 12 36.835999 17.348000 -6.332000 N
248 12 37.361000 16.083000 -6.159000 C
249 12 36.598999 15.116000 -6.122000 O
250 12 38.770000 16.056999 -5.862000 C
251 12 39.448002 17.207001 -5.745000 C
252 13 40.568001 20.382000 -1.185000 P
253 13 41.181999 21.349001 -0.245000 O
254 13 40.472000 18.955000 -0.779000 O
255 13 39.105000 20.900999 -1.509000 O
256 13 38.004002 20.606001 -0.662000 C
257 13 36.763000 21.190001 -1.272000 C
258 13 36.612000 20.674999 -2.620000 O
259 13 35.459999 20.830000 -0.590000 C
260 13 35.250000 21.684999 0.517000 O
261 13 34.471001 21.101000 -1.711000 C
262 13 34.278000 22.493000 -1.890000 O
263 13 35.230000 20.542999 -2.918000 C
264 13 34.928001 19.131001 -3.172000 N
265 13 35.777000 18.049999 -3.092000 C
266 13 35.188999 16.910000 -3.357000 N
267 13 33.873001 17.261000 -3.632000 C
268 13 32.744999 16.450001 -3.979000 C
269 13 32.691002 15.220000 -4.109000 O
270 13 31.601999 17.222000 -4.179000 N
271 13 31.542000 18.596001 -4.064000 C
272 13 30.351999 19.173000 -4.324000 N
273 13 32.577999 19.358000 -3.727000 N
274 13 33.696999 18.632999 -3.531000 C
275 14 34.617001 21.108999 1.863000 P
276 14 34.588001 22.156000 2.889000 O
277 14 35.294998 19.827999 2.163000 O
278 14 33.133999 20.688999 1.443000 O
279 14 32.155998 21.652000 1.070000 C
280 14 30.941999 20.944000 0.537000 C
281 14 31.316000 20.146999 -0.617000 O
282 14 30.304001 19.951000 1.500000 C
283 14 29.447001 20.667000 2.374000 O
284 14 29.556999 19.028999 0.544000 C
285 14 28.367001 19.622999 0.061000 O
286 14 30.548000 18.947001 -0.628000 C
287 14 31.466000 17.794001 -0.581000 N
288 14 30.979000 16.573999 -1.027000 C
289 14 29.840000 16.423000 -1.408000 O
290 14 31.882000 15.540000 -0.990000 N
291 14 33.183998 15.589000 -0.540000 C
292 14 33.855999 14.553000 -0.529000 O
293 14 33.615002 16.881001 -0.081000 C
294 14 32.762001 17.914000 -0.118000 C
295 15 28.858000 19.972000 3.687000 P
296 15 28.341000 21.047001 4.579000 O
297 15 29.813999 18.983999 4.235000 O
298 15 27.615000 19.132999 3.141000 O
299 15 26.408001 19.780001 2.685000 C
300 15 25.330000 18.743999 2.436000 C
301 15 25.711000 17.905001 1.302000 O
302 15 25.107000 17.750999 3.571000 C
303 15 24.239000 18.285000 4.564000 O
304 15 24.468000 16.587999 2.823000 C
305 15 23.132000 16.882999 2.454000 O
306 15 25.311001 16.565001 1.548000 C
307 15 26.518000 15.745000 1.640000 N
308 15 27.806000 16.159000 1.905000 C
309 15 28.701000 15.201000 1.820000 N
310 15 27.952999 14.073000 1.501000 C
311 15 28.313000 12.735000 1.246000 C
312 15 29.575001 12.289000 1.255000 N
313 15 27.318001 11.865000 0.958000 N
314 15 26.058001 12.308000 0.945000 C
315 15 25.593000 13.535000 1.167000 N
316 15 26.601999 14.384000 1.429000 C
317 16 24.410000 17.872999 6.097000 P
318 16 23.422001 18.670000 6.888000 O
319 16 25.829000 17.878000 6.516000 O
320 16 23.926001 16.346001 6.173000 O
321 16 22.580000 15.999000 5.806000 C
322 16 22.410999 14.499000 5.744000 C
323 16 23.275000 13.970000 4.706000 O
324 16 22.781000 13.741000 7.014000 C
325 16 22.013000 13.747000 8.218000 O
326 16 23.370001 12.430000 6.521000 C
327 16 23.712999 12.650000 5.055000 C
328 16 25.188999 12.618000 4.931000 N
329 16 25.830000 11.392000 4.634000 C
330 16 25.148001 10.372000 4.451000 O
331 16 27.179001 11.360000 4.560000 N
332 16 27.896000 12.468000 4.768000 C
333 16 29.226000 12.364000 4.683000 N
334 16 27.280001 13.722000 5.070000 C
335 16 25.934999 13.754000 5.136000 C
