486
1 1 19.710 34.085 24.126 O
2 1 18.902 32.976 24.530 C
3 1 19.733 31.714 24.499 C
4 1 18.948 30.599 24.941 O
5 1 20.252 31.347 23.105 C
6 1 21.619 30.980 23.186 O
7 1 19.339 30.230 22.678 C
8 1 19.027 29.528 23.988 C
9 1 17.742 28.944 24.282 N
10 1 17.773 27.800 25.092 C
11 1 18.875 27.381 25.482 O
12 1 16.620 27.193 25.417 N
13 1 15.448 27.663 24.983 C
14 1 14.347 26.999 25.355 N
15 1 15.385 28.819 24.169 C
16 1 16.544 29.423 23.845 C
17 2 22.494 30.495 21.920 P
18 2 23.917 30.749 22.257 O
19 2 21.890 30.974 20.649 O
20 2 22.283 28.897 21.947 O
21 2 23.041 28.055 22.810 C
22 2 22.961 26.611 22.371 C
23 2 21.633 26.080 22.617 O
24 2 23.232 26.372 20.886 C
25 2 24.118 25.280 20.714 O
26 2 21.871 26.102 20.280 C
27 2 21.133 25.453 21.439 C
28 2 19.718 25.690 21.557 N
29 2 18.957 26.755 21.141 C
30 2 17.687 26.623 21.424 N
31 2 17.600 25.393 22.068 C
32 2 16.484 24.704 22.609 C
33 2 15.294 25.063 22.628 O
34 2 16.869 23.478 23.172 N
35 2 18.145 23.007 23.197 C
36 2 18.360 21.810 23.772 N
37 2 19.189 23.640 22.695 N
38 2 18.843 24.818 22.152 C
39 3 24.763 24.877 19.283 P
40 3 26.221 24.770 19.501 O
41 3 24.194 25.754 18.236 O
42 3 24.199 23.402 19.022 O
43 3 24.437 22.451 20.068 C
44 3 23.318 21.455 20.152 C
45 3 22.062 22.077 20.477 O
46 3 23.033 20.727 18.831 C
47 3 23.872 19.592 18.738 O
48 3 21.582 20.368 18.898 C
49 3 21.009 21.250 19.986 C
50 3 20.043 22.244 19.580 N
51 3 18.727 22.001 19.976 C
52 3 18.493 20.974 20.640 O
53 3 17.762 22.885 19.632 N
54 3 18.107 23.962 18.914 C
55 3 17.142 24.822 18.584 N
56 3 19.444 24.219 18.497 C
57 3 20.401 23.342 18.841 C
58 4 23.893 18.695 17.405 P
59 4 25.132 17.884 17.456 O
60 4 23.631 19.539 16.210 O
61 4 22.637 17.733 17.572 O
62 4 22.467 16.843 18.674 C
63 4 21.170 16.085 18.528 C
64 4 20.045 17.006 18.533 O
65 4 21.044 15.283 17.238 C
66 4 20.427 14.023 17.470 O
67 4 20.212 16.170 16.341 C
68 4 19.307 16.899 17.330 C
69 4 18.968 18.265 16.992 N
70 4 19.759 19.230 16.399 C
71 4 19.153 20.364 16.229 N
72 4 17.881 20.145 16.740 C
73 4 16.772 21.019 16.831 C
74 4 16.670 22.195 16.474 O
75 4 15.674 20.406 17.413 N
76 4 15.651 19.102 17.855 C
77 4 14.482 18.712 18.386 N
78 4 16.673 18.280 17.777 N
79 4 17.752 18.858 17.213 C
80 5 20.183 12.984 16.235 P
81 5 20.553 11.631 16.712 O
82 5 20.737 13.513 14.971 O
83 5 18.587 13.046 16.084 O
84 5 17.788 13.059 17.272 C
85 5 16.351 13.332 16.908 C
86 5 16.190 14.733 16.565 O
87 5 15.832 12.533 15.711 C
88 5 14.592 11.960 16.056 O
89 5 15.728 13.538 14.587 C
90 5 15.488 14.845 15.324 C
91 5 16.039 16.109 14.789 N
92 5 17.287 16.292 14.245 C
93 5 17.514 17.535 13.846 N
94 5 16.341 18.195 14.152 C
95 5 15.954 19.535 13.974 C
96 5 16.751 20.450 13.428 N
97 5 14.718 19.863 14.386 N
98 5 13.932 18.931 14.933 C
99 5 14.181 17.638 15.155 N
100 5 15.422 17.344 14.729 C
101 6 13.595 11.227 15.054 P
102 6 12.622 10.435 15.871 O
103 6 14.298 10.624 13.909 O
104 6 12.725 12.404 14.389 O
105 6 11.735 13.057 15.174 C
106 6 11.001 14.049 14.308 C
107 6 11.906 15.108 13.907 O
108 6 10.415 13.446 13.029 C
109 6 9.017 13.613 13.019 O
110 6 11.092 14.192 11.903 C
111 6 11.584 15.470 12.562 C
112 6 12.827 16.090 12.063 N
113 6 14.012 15.419 11.862 C
114 6 14.966 16.186 11.415 N
115 6 14.393 17.453 11.305 C
116 6 14.877 18.712 10.887 C
117 6 16.113 18.951 10.474 N
118 6 14.031 19.787 10.902 N
119 6 12.792 19.531 11.319 C
120 6 12.207 18.413 11.735 N
121 6 13.072 17.390 11.706 C
122 7 8.067 13.177 11.811 P
123 7 6.692 12.938 12.301 O
124 7 8.772 12.143 11.005 O
125 7 7.988 14.507 10.910 O
126 7 7.497 15.710 11.506 C
127 7 7.761 16.864 10.570 C
128 7 9.162 17.050 10.306 O
129 7 7.115 16.669 9.193 C
130 7 6.021 17.567 9.106 O
131 7 8.204 16.934 8.191 C
132 7 9.277 17.640 8.997 C
133 7 10.698 17.453 8.684 N
134 7 11.410 18.563 8.282 C
135 7 10.874 19.656 8.201 O
136 7 12.724 18.336 7.998 N
137 7 13.375 17.131 8.074 C
138 7 14.559 17.071 7.790 O
139 7 12.572 15.999 8.494 C
140 7 13.210 14.655 8.603 C
141 7 11.281 16.209 8.778 C
142 8 5.003 17.590 7.880 P
143 8 3.745 18.154 8.444 O
144 8 4.999 16.275 7.178 O
145 8 5.646 18.628 6.852 O
146 8 5.729 20.016 7.128 C
147 8 6.643 20.700 6.141 C
148 8 7.964 20.113 6.146 O
149 8 6.171 20.600 4.691 C
150 8 5.557 21.821 4.299 O
151 8 7.403 20.307 3.879 C
152 8 8.549 20.431 4.871 C
153 8 9.676 19.508 4.815 N
154 8 10.915 20.027 4.558 C
155 8 11.130 21.227 4.375 O
156 8 11.912 19.094 4.521 N
157 8 11.795 17.721 4.709 C
158 8 12.824 17.064 4.635 O
159 8 10.460 17.247 4.975 C
160 8 10.221 15.777 5.194 C
161 8 9.470 18.152 5.014 C
162 9 4.930 22.010 2.820 P
163 9 3.775 22.935 2.979 O
164 9 4.807 20.737 2.087 O
165 9 6.096 22.796 2.045 O
166 9 6.864 23.812 2.680 C
167 9 8.032 24.194 1.800 C
168 9 8.992 23.115 1.805 O
169 9 7.686 24.456 0.335 C
170 9 8.068 25.779 -0.039 O
171 9 8.441 23.404 -0.437 C
172 9 9.557 22.984 0.495 C
173 9 9.973 21.608 0.663 N
174 9 11.321 21.275 0.659 C
175 9 12.218 22.119 0.513 O
176 9 11.685 19.964 0.824 N
177 9 10.727 19.036 0.984 C
178 9 11.068 17.752 1.144 N
179 9 9.349 19.364 0.990 C
180 9 9.008 20.649 0.829 C
181 10 7.529 26.541 -1.351 P
182 10 7.722 28.007 -1.167 O
183 10 6.216 26.056 -1.819 O
184 10 8.593 26.089 -2.478 O
185 10 9.952 26.507 -2.319 C
186 10 10.810 25.749 -3.302 C
187 10 10.902 24.360 -2.870 O
188 10 10.298 25.689 -4.730 C
189 10 11.338 25.738 -5.688 O
190 10 9.590 24.346 -4.786 C
191 10 10.647 23.540 -4.011 C
192 10 10.246 22.251 -3.534 N
193 10 8.996 21.746 -3.272 C
194 10 9.030 20.514 -2.847 N
195 10 10.380 20.195 -2.831 C
196 10 11.020 18.984 -2.456 C
197 10 10.469 17.949 -2.058 O
198 10 12.390 19.080 -2.586 N
199 10 13.077 20.189 -3.019 C
200 10 14.401 20.055 -3.065 N
201 10 12.491 21.328 -3.372 N
202 10 11.149 21.252 -3.252 C
203 11 11.916 27.137 -6.248 P
204 11 11.934 28.112 -5.119 O
205 11 11.233 27.446 -7.522 O
206 11 13.455 26.798 -6.542 O
207 11 14.346 26.907 -5.423 C
208 11 15.417 25.851 -5.508 C
209 11 14.822 24.534 -5.431 O
210 11 16.223 25.860 -6.806 C
211 11 17.595 25.633 -6.554 O
212 11 15.602 24.746 -7.614 C
213 11 15.239 23.736 -6.541 C
214 11 14.058 22.914 -6.641 N
215 11 14.191 21.563 -6.332 C
216 11 15.294 21.120 -5.989 O
217 11 13.108 20.768 -6.413 N
218 11 11.934 21.267 -6.781 C
219 11 10.889 20.452 -6.852 N
220 11 11.770 22.646 -7.104 C
221 11 12.851 23.421 -7.017 C
222 12 18.722 26.068 -7.615 P
223 12 20.029 26.129 -6.915 O
224 12 18.186 27.171 -8.434 O
225 12 18.802 24.787 -8.598 O
226 12 19.441 23.581 -8.160 C
227 12 19.132 22.479 -9.139 C
228 12 17.760 22.068 -8.980 O
229 12 19.244 22.854 -10.614 C
230 12 20.472 22.402 -11.149 O
231 12 18.082 22.180 -11.302 C
232 12 17.370 21.436 -10.194 C
233 12 15.935 21.547 -10.176 N
234 12 15.154 22.660 -10.382 C
235 12 13.878 22.390 -10.291 N
236 12 13.815 21.033 -10.011 C
237 12 12.697 20.188 -9.806 C
238 12 11.499 20.455 -9.827 O
239 12 13.083 18.876 -9.549 N
240 12 14.374 18.451 -9.498 C
241 12 14.512 17.139 -9.233 N
242 12 15.435 19.226 -9.687 N
243 12 15.079 20.498 -9.937 C
245 13 8.544 9.644 -9.488 O
246 13 8.363 11.052 -9.623 C
247 13 9.689 11.372 -8.980 C
248 13 10.184 12.629 -9.501 O
249 13 9.658 11.561 -7.469 C
250 13 10.865 11.207 -6.833 O
251 13 9.411 13.051 -7.341 C
252 13 10.363 13.546 -8.439 C
253 13 10.081 14.821 -9.036 N
254 13 11.111 15.764 -9.071 C
255 13 12.225 15.474 -8.599 O
256 13 10.881 16.986 -9.625 N
257 13 9.670 17.266 -10.125 C
258 13 9.472 18.475 -10.665 N
259 13 8.610 16.319 -10.093 C
260 13 8.849 15.119 -9.546 C
261 14 10.991 9.942 -5.835 P
262 14 10.786 8.691 -6.618 O
263 14 10.215 10.194 -4.606 O
264 14 12.546 9.997 -5.477 O
265 14 13.482 9.836 -6.557 C
266 14 14.620 10.806 -6.321 C
267 14 14.200 12.149 -6.629 O
268 14 15.105 10.823 -4.880 C
269 14 16.455 10.398 -4.808 O
270 14 14.977 12.248 -4.408 C
271 14 14.707 13.053 -5.656 C
272 14 13.662 14.049 -5.536 N
273 14 12.347 13.796 -5.278 C
274 14 11.597 14.852 -5.217 N
275 14 12.483 15.897 -5.454 C
276 14 12.240 17.289 -5.510 C
277 14 11.160 17.883 -5.355 O
278 14 13.394 18.021 -5.773 N
279 14 14.624 17.439 -5.957 C
280 14 15.635 18.289 -6.203 N
281 14 14.852 16.138 -5.905 N
282 14 13.761 15.406 -5.652 C
283 15 17.163 10.270 -3.350 P
284 15 18.341 9.401 -3.500 O
285 15 16.104 9.987 -2.343 O
286 15 17.658 11.766 -3.081 O
287 15 18.749 12.381 -3.761 C
288 15 18.767 13.862 -3.464 C
289 15 17.444 14.423 -3.624 O
290 15 19.142 14.254 -2.042 C
291 15 20.546 14.341 -1.872 O
292 15 18.479 15.598 -1.854 C
293 15 17.357 15.629 -2.869 C
294 15 15.977 15.491 -2.443 N
295 15 15.191 16.639 -2.586 C
296 15 15.774 17.626 -3.058 O
297 15 13.891 16.616 -2.221 N
298 15 13.372 15.488 -1.717 C
299 15 12.098 15.449 -1.353 N
300 15 14.148 14.303 -1.562 C
301 15 15.432 14.363 -1.935 C
302 16 21.152 14.508 -0.391 P
303 16 22.521 13.931 -0.368 O
304 16 20.171 14.010 0.614 O
305 16 21.237 16.084 -0.184 O
306 16 21.875 16.959 -1.111 C
307 16 21.516 18.395 -0.813 C
308 16 20.079 18.578 -0.812 O
309 16 21.984 18.902 0.551 C
310 16 22.494 20.221 0.421 O
311 16 20.759 18.827 1.425 C
312 16 19.623 19.059 0.437 C
313 16 18.412 18.315 0.711 N
314 16 18.284 17.020 1.148 C
315 16 17.049 16.652 1.298 N
316 16 16.291 17.761 0.941 C
317 16 14.888 17.966 0.900 C
318 16 13.924 17.236 1.165 O
319 16 14.566 19.257 0.473 N
320 16 15.498 20.215 0.134 C
321 16 14.973 21.377 -0.246 N
322 16 16.801 20.045 0.164 N
323 16 17.132 18.798 0.575 C
324 17 22.664 21.208 1.680 P
325 17 23.752 22.189 1.388 O
326 17 22.733 20.465 2.958 O
327 17 21.284 22.013 1.640 O
328 17 20.873 22.683 0.450 C
329 17 19.785 23.674 0.776 C
330 17 18.569 22.978 1.137 O
331 17 20.097 24.604 1.951 C
332 17 19.606 25.898 1.668 O
333 17 19.417 23.946 3.126 C
334 17 18.227 23.263 2.487 C
335 17 17.824 21.925 3.002 N
336 17 18.680 20.940 3.431 C
337 17 18.054 19.860 3.837 N
338 17 16.715 20.155 3.664 C
339 17 15.539 19.416 3.910 C
340 17 15.528 18.171 4.406 N
341 17 14.373 20.016 3.625 N
342 17 14.376 21.264 3.128 C
343 17 15.407 22.056 2.854 N
344 17 16.560 21.430 3.150 C
345 18 19.397 27.035 2.772 P
346 18 19.297 28.352 2.073 O
347 18 20.377 26.870 3.884 O
348 18 17.956 26.751 3.392 O
349 18 16.762 26.951 2.640 C
350 18 15.575 26.744 3.554 C
351 18 15.534 25.369 4.004 O
352 18 15.596 27.609 4.812 C
353 18 14.363 28.295 4.935 O
354 18 15.842 26.633 5.941 C
355 18 15.226 25.353 5.399 C
356 18 15.741 24.034 5.836 N
357 18 17.079 23.703 5.942 C
358 18 17.290 22.475 6.348 N
359 18 16.020 21.953 6.524 C
360 18 15.560 20.688 6.946 C
361 18 16.362 19.679 7.278 N
362 18 14.232 20.474 7.021 N
363 18 13.414 21.488 6.685 C
364 18 13.733 22.718 6.276 N
365 18 15.057 22.901 6.212 C
366 19 14.087 29.306 6.164 P
367 19 13.218 30.401 5.635 O
368 19 15.316 29.550 6.927 O
369 19 13.160 28.412 7.136 O
370 19 12.077 27.710 6.523 C
371 19 11.516 26.724 7.516 C
372 19 12.451 25.665 7.785 O
373 19 11.192 27.342 8.886 C
374 19 9.789 27.320 9.051 O
375 19 11.943 26.502 9.890 C
376 19 12.174 25.199 9.120 C
377 19 13.322 24.336 9.359 N
378 19 13.121 23.007 9.681 C
379 19 12.025 22.484 9.785 O
380 19 14.275 22.301 9.885 N
381 19 15.572 22.726 9.808 C
382 19 16.498 21.960 10.019 O
383 19 15.717 24.132 9.465 C
384 19 17.099 24.698 9.359 C
385 19 14.600 24.832 9.268 C
386 20 9.039 27.980 10.323 P
387 20 7.733 28.452 9.839 O
388 20 10.025 28.880 10.996 O
389 20 8.825 26.750 11.324 O
390 20 8.124 25.560 10.981 C
391 20 8.401 24.498 12.012 C
392 20 9.784 24.096 12.021 O
393 20 8.105 24.965 13.447 C
394 20 6.925 24.315 13.901 O
395 20 9.338 24.617 14.233 C
396 20 10.054 23.606 13.353 C
397 20 11.506 23.484 13.313 N
398 20 12.059 22.243 13.543 C
399 20 11.389 21.255 13.778 O
400 20 13.420 22.222 13.483 N
401 20 14.267 23.283 13.227 C
402 20 15.470 23.088 13.213 O
403 20 13.619 24.558 12.995 C
404 20 14.457 25.766 12.706 C
405 20 12.293 24.584 13.049 C
406 21 6.294 24.655 15.351 P
407 21 4.839 24.509 15.277 O
408 21 6.895 25.899 15.894 O
409 21 6.905 23.481 16.269 O
410 21 6.784 22.137 15.785 C
411 21 7.547 21.204 16.698 C
412 21 8.970 21.378 16.514 O
413 21 7.269 21.423 18.189 C
414 21 6.697 20.242 18.754 O
415 21 8.605 21.775 18.785 C
416 21 9.613 21.239 17.785 C
417 21 10.810 21.960 17.440 N
418 21 12.029 21.267 17.516 C
419 21 12.055 20.079 17.871 O
420 21 13.164 21.920 17.198 N
421 21 13.152 23.194 16.818 C
422 21 14.299 23.802 16.509 N
423 21 11.932 23.913 16.732 C
424 21 10.800 23.268 17.048 C
425 22 5.955 20.288 20.187 P
426 22 4.996 19.155 20.250 O
427 22 5.475 21.656 20.524 O
428 22 7.206 19.993 21.145 O
429 22 7.949 18.781 21.033 C
430 22 9.180 18.842 21.902 C
431 22 10.155 19.733 21.289 O
432 22 8.987 19.385 23.311 C
433 22 9.736 18.653 24.250 O
434 22 9.477 20.822 23.227 C
435 22 10.683 20.574 22.317 C
436 22 11.253 21.727 21.670 N
437 22 10.703 22.916 21.283 C
438 22 11.568 23.725 20.715 N
439 22 12.758 23.015 20.732 C
440 22 14.048 23.353 20.266 C
441 22 14.403 24.399 19.718 O
442 22 14.969 22.338 20.485 N
443 22 14.682 21.131 21.085 C
444 22 15.713 20.296 21.198 N
445 22 13.486 20.797 21.526 N
446 22 12.582 21.778 21.320 C
447 23 9.220 18.309 25.732 P
448 23 8.198 17.249 25.667 O
449 23 8.958 19.547 26.507 O
450 23 10.543 17.690 26.404 O
451 23 11.281 16.656 25.753 C
452 23 12.758 16.905 25.933 C
453 23 13.153 17.965 25.024 O
454 23 13.196 17.371 27.310 C
455 23 13.704 16.309 28.116 O
456 23 14.291 18.367 27.047 C
457 23 14.230 18.686 25.574 C
458 23 13.850 20.040 25.228 N
459 23 14.906 20.811 24.727 C
460 23 16.009 20.259 24.633 O
461 23 14.642 22.082 24.382 N
462 23 13.421 22.590 24.519 C
463 23 13.230 23.852 24.158 N
464 23 12.327 21.827 25.031 C
465 23 12.608 20.562 25.368 C
466 24 14.044 16.632 29.668 P
467 24 14.318 15.352 30.370 O
468 24 13.063 17.602 30.214 O
469 24 15.436 17.429 29.620 O
470 24 16.684 16.833 29.275 C
471 24 17.741 17.897 29.132 C
472 24 17.380 18.841 28.089 O
473 24 17.966 18.777 30.357 C
474 24 18.870 18.185 31.276 O
475 24 18.533 20.053 29.788 C
476 24 17.953 20.116 28.388 C
477 24 16.860 21.052 28.223 N
478 24 15.548 20.997 28.587 C
479 24 14.849 22.054 28.262 N
480 24 15.784 22.865 27.633 C
481 24 15.615 24.157 27.059 C
482 24 14.600 24.865 26.982 O
483 24 16.817 24.609 26.533 N
484 24 18.005 23.937 26.549 C
485 24 19.006 24.600 25.974 N
486 24 18.184 22.734 27.079 N
487 24 17.022 22.274 27.597 C
