123 270
0 2
0 3
0 4
1 3
1 4
1 5
2 5
2 6
2 7
3 4
3 6
3 8
3 9
4 7
4 8
4 19
4 21
4 22
5 6
5 20
5 21
5 22
6 8
6 22
7 9
7 17
7 18
8 10
8 11
8 17
9 11
9 18
10 12
10 13
10 18
11 13
11 14
11 15
11 17
12 15
12 17
12 18
13 14
14 16
14 17
14 18
15 18
16 17
19 23
20 21
20 22
20 23
21 22
22 24
22 25
23 25
23 26
24 27
24 28
24 29
25 26
25 28
25 30
25 37
26 29
26 30
26 38
26 40
27 28
27 39
27 40
27 41
28 30
28 31
28 32
29 31
29 32
29 37
30 32
30 33
30 34
30 36
31 34
31 36
31 37
32 33
33 35
33 36
33 37
33 51
34 37
35 36
38 42
39 40
39 41
39 42
40 41
41 43
41 44
41 45
42 44
42 45
43 46
43 47
43 48
44 45
44 47
44 49
44 50
45 48
45 49
46 47
47 49
47 59
48 50
48 58
48 59
49 51
49 52
49 58
50 52
50 59
51 53
51 54
51 59
52 54
52 55
52 56
52 58
53 56
53 58
53 59
54 55
55 57
55 58
55 59
56 59
57 58
60 64
61 62
61 63
62 63
62 64
63 65
63 66
64 66
64 67
65 68
65 69
65 70
66 67
66 69
66 71
66 72
67 70
67 71
68 69
69 71
69 81
70 72
70 80
70 81
71 73
71 74
71 80
72 74
72 81
73 75
73 76
73 81
74 76
74 77
74 78
74 80
75 78
75 80
75 81
76 77
77 79
77 80
77 81
78 81
79 80
82 86
83 84
83 85
84 85
85 87
85 88
85 89
86 88
86 89
87 90
87 91
87 92
88 89
88 91
88 93
88 94
89 92
89 93
89 104
89 106
90 91
90 105
90 106
90 107
90 108
91 93
91 108
92 94
92 102
92 103
93 95
93 96
93 102
94 96
94 103
95 97
95 98
95 103
96 98
96 99
96 100
96 102
97 100
97 102
97 103
98 99
99 101
99 102
99 103
100 103
101 102
104 108
105 106
105 107
106 107
107 109
107 110
107 111
108 110
108 111
109 112
109 113
109 114
110 111
110 113
110 115
110 122
111 114
112 113
113 115
113 122
114 116
114 117
114 122
115 117
115 118
115 119
115 121
116 119
116 121
116 122
117 118
118 120
118 121
118 122
119 122
120 121
1 1 35.807999 46.009998 7.251000 O
2 1 35.917000 47.432999 7.365000 C
3 1 34.764999 48.056999 8.120000 C
4 1 33.508999 48.033001 7.399000 O
5 1 34.502998 47.276001 9.391000 C
6 1 35.396000 47.737000 10.386000 O
7 1 33.056999 47.619999 9.677000 C
8 1 32.463001 47.623001 8.273000 C
9 1 31.959000 46.340000 7.779000 N
10 1 32.626999 45.474998 6.937000 C
11 1 31.936001 44.412998 6.632000 N
12 1 30.735001 44.578999 7.314000 C
13 1 29.540001 43.801998 7.271000 C
14 1 29.341000 42.707001 6.727000 O
15 1 28.514000 44.405998 7.979000 N
16 1 28.620001 45.577999 8.676000 C
17 1 27.511000 45.959999 9.331000 N
18 1 29.721001 46.310001 8.736000 N
19 1 30.733000 45.757999 8.033000 C
20 2 35.522999 46.915001 11.737000 P
21 2 36.314999 47.605000 12.771000 O
22 2 35.966000 45.602001 11.213000 O
23 2 34.001999 46.805000 12.193000 O
24 2 33.583000 47.179001 13.503000 C
25 2 32.109001 46.887001 13.688000 C
26 2 31.414000 46.794998 12.435000 O
27 2 31.802000 45.576000 14.395000 C
28 2 31.843000 45.769001 15.805000 O
29 2 30.357000 45.362000 14.003000 C
30 2 30.399000 45.797001 12.553000 C
31 2 30.730000 44.673000 11.671000 N
32 2 29.799999 43.658001 11.599000 C
33 2 28.767000 43.768002 12.283000 O
34 2 30.025999 42.599998 10.793000 N
35 2 31.136999 42.549000 10.065000 C
36 2 31.308001 41.492001 9.271000 N
37 2 32.118999 43.580002 10.118000 C
38 2 31.879000 44.612999 10.938000 C
39 3 32.539001 44.658001 16.718000 P
40 3 32.771000 45.240002 18.075001 O
41 3 33.685001 44.189999 15.895000 O
42 3 31.447001 43.505001 16.815001 O
43 3 30.434000 43.556000 17.833000 C
44 3 29.268999 42.668999 17.464001 C
45 3 29.013000 42.733002 16.052000 O
46 3 29.476000 41.192001 17.740999 C
47 3 29.150000 40.908001 19.097000 O
48 3 28.414000 40.584000 16.854000 C
49 3 28.457001 41.487999 15.637000 C
50 3 29.320999 40.932999 14.616000 N
51 3 30.476999 41.459000 14.108000 C
52 3 31.013000 40.715000 13.183000 N
53 3 30.160999 39.623001 13.089000 C
54 3 30.143999 38.549000 12.166000 C
55 3 30.959999 38.257999 11.302000 O
56 3 29.011999 37.773998 12.318000 N
57 3 28.014999 37.988998 13.228000 C
58 3 27.018999 37.120998 13.170000 N
59 3 28.004999 38.974998 14.106000 N
60 3 29.106001 39.750999 13.975000 C
81 5 29.054001 34.144001 20.971001 P
82 5 28.566999 34.026001 22.382000 O
83 5 30.457001 34.516998 20.702000 O
84 5 28.768999 32.821999 20.135000 O
85 5 29.749001 31.819000 19.996000 C
86 5 29.399000 30.968000 18.806000 C
87 5 29.396000 31.825001 17.656000 O
88 5 30.389000 29.855000 18.482000 C
89 5 29.976000 28.695999 19.212000 O
90 5 30.129999 29.657000 17.004000 C
91 5 29.867001 31.086000 16.533001 C
92 5 31.089001 31.722000 16.073000 N
93 5 31.725000 32.792000 16.631001 C
94 5 32.785000 33.153999 15.962000 N
95 5 32.845001 32.264000 14.903000 C
96 5 33.777000 32.153000 13.842000 C
97 5 34.723000 32.889000 13.573000 O
98 5 33.511002 31.056999 13.030000 N
99 5 32.466999 30.202999 13.194000 C
100 5 32.369999 29.247000 12.284000 N
101 5 31.577000 30.292999 14.171000 N
102 5 31.820999 31.353001 14.977000 C
123 7 34.081001 23.138000 18.138000 P
124 7 33.540001 21.899000 18.732000 O
125 7 34.598000 24.202000 19.075001 O
126 7 35.264000 22.805000 17.112000 O
127 7 35.020000 22.169001 15.847000 C
128 7 36.249001 22.243999 14.965000 C
129 7 36.293999 23.532000 14.321000 O
130 7 37.644001 22.056000 15.562000 C
131 7 38.020000 20.672001 15.588000 O
132 7 38.501999 22.732000 14.515000 C
133 7 37.648998 23.934999 14.165000 C
134 7 37.877998 25.106001 15.006000 N
135 7 37.181999 25.542000 16.112000 C
136 7 37.630001 26.684000 16.576000 N
137 7 38.692001 27.007999 15.731000 C
138 7 39.605000 28.122000 15.726000 C
139 7 39.613998 29.120001 16.445000 O
140 7 40.570000 27.995001 14.731000 N
141 7 40.636002 26.969000 13.837000 C
142 7 41.605999 27.018000 12.931000 N
143 7 39.800999 25.951000 13.813000 N
144 7 38.866001 26.031000 14.778000 C
145 8 39.151001 20.160999 16.614000 P
146 8 38.930000 18.700001 16.474001 O
147 8 39.168999 20.787001 17.966000 O
148 8 40.532001 20.570000 15.930000 O
149 8 40.630001 20.631001 14.493000 C
150 8 41.945000 21.249001 14.074000 C
151 8 41.921001 22.684999 14.272000 O
152 8 43.131001 20.712999 14.874000 C
153 8 44.080002 20.294001 13.869000 O
154 8 43.500000 21.854000 15.803000 C
155 8 43.000999 23.108000 15.095000 C
156 8 42.498001 24.157000 16.007999 N
157 8 43.162998 25.378000 16.077999 C
158 8 44.140999 25.579000 15.345000 O
159 8 42.726002 26.316999 16.955000 N
160 8 41.688999 26.063000 17.747999 C
161 8 41.359001 26.982000 18.643999 N
162 8 40.969002 24.841999 17.672001 C
163 8 41.403000 23.927999 16.795000 C
