1274 3555
1 3
1 4
2 5
2 6
2 7
3 4
3 6
3 7
4 7
4 8
5 6
5 7
5 8
9 11
9 12
9 13
9 15
10 13
10 15
10 16
11 12
12 14
12 15
12 16
12 1266
13 16
14 15
14 1265
17 21
18 19
18 20
19 20
19 21
20 22
20 23
21 23
21 24
21 25
22 25
22 26
22 27
22 28
23 24
23 26
23 27
23 29
23 30
24 27
24 28
24 40
24 42
25 26
25 27
25 41
25 42
25 43
26 29
26 39
27 28
28 30
28 38
28 39
29 31
29 32
29 38
30 32
30 39
31 33
31 34
31 39
32 34
32 35
32 36
32 38
32 1266
33 36
33 38
33 39
33 1266
34 35
34 1245
35 37
35 38
35 39
35 56
35 1243
36 39
36 1267
36 1268
37 38
37 53
37 55
37 1242
37 1243
37 1268
38 1267
39 1267
40 44
41 42
41 43
42 43
42 44
43 45
43 46
44 46
44 47
44 48
44 62
45 48
45 49
45 50
45 51
46 47
46 49
46 52
46 59
47 50
47 51
47 52
47 60
47 62
48 49
48 50
48 61
48 62
48 63
48 64
49 52
49 53
49 54
50 51
51 53
51 54
51 59
52 54
52 55
52 56
52 58
53 56
53 58
53 59
54 55
54 1225
55 57
55 58
55 59
55 77
55 1223
56 59
57 58
57 1222
60 64
61 62
61 63
61 64
62 63
63 65
63 66
63 67
64 66
64 67
64 68
65 68
65 69
65 70
66 67
66 69
66 71
66 78
67 70
68 69
69 71
69 72
69 73
70 72
70 73
70 78
71 73
71 74
71 75
71 77
72 75
72 77
72 78
73 74
73 1202
74 76
74 77
74 78
74 1200
75 78
75 1223
76 77
76 1199
76 1221
76 1222
79 83
80 81
80 82
80 83
81 82
82 84
82 85
82 86
82 92
83 85
83 86
84 87
84 88
84 89
84 90
85 86
85 88
85 89
85 91
85 92
86 89
86 90
86 91
86 102
86 104
86 105
87 88
87 89
87 103
87 104
87 105
87 106
88 91
89 90
90 92
90 100
90 101
91 93
91 94
91 100
92 94
92 101
93 95
93 96
93 101
94 96
94 97
94 98
94 100
94 116
95 98
95 100
95 101
95 116
95 119
95 1178
96 97
96 119
96 1157
97 99
97 100
97 101
97 117
97 118
97 1155
97 1178
97 1179
98 101
98 1179
98 1180
99 100
99 1154
99 1180
99 1181
100 1179
101 116
102 106
103 104
103 105
103 106
104 105
105 107
105 108
105 109
106 108
106 109
107 110
107 111
107 112
107 113
108 109
108 111
108 112
108 114
108 115
109 112
109 113
109 114
109 125
109 127
109 128
110 111
110 112
110 126
110 127
110 128
110 129
111 114
111 128
111 129
112 113
112 128
112 129
113 115
113 123
113 124
114 116
114 117
114 123
115 117
115 124
116 118
116 119
116 124
117 119
117 120
117 121
117 123
118 121
118 123
118 124
118 141
119 120
119 142
119 1157
120 122
120 123
120 124
120 141
120 1135
120 1155
121 124
122 123
122 1134
125 129
126 127
126 128
126 129
127 128
128 130
128 131
128 132
129 131
129 132
129 133
130 133
130 134
130 135
130 136
131 132
131 134
131 135
131 137
131 144
132 135
132 136
132 145
132 148
133 134
133 135
133 146
133 147
133 148
134 137
134 145
134 148
135 136
135 145
135 146
135 148
136 138
136 139
136 144
137 139
137 140
137 141
137 143
138 141
138 143
138 144
139 140
139 1117
140 142
140 143
140 144
140 1115
141 144
142 143
142 1114
145 149
146 147
146 148
146 149
147 148
148 150
148 151
149 151
149 152
150 153
150 154
150 155
150 156
151 152
151 154
151 155
151 157
151 158
152 155
152 156
152 168
152 170
152 171
153 154
153 155
153 169
153 170
153 171
154 157
154 167
154 171
155 156
156 158
156 166
156 167
157 159
157 160
157 166
157 1117
158 160
158 167
159 161
159 162
159 167
160 162
160 163
160 164
160 166
160 181
160 182
160 1115
161 164
161 166
161 167
161 182
161 183
162 163
162 183
162 184
162 1092
163 165
163 166
163 167
163 180
163 190
164 167
164 179
164 180
165 166
165 179
167 181
167 1116
168 172
169 170
169 171
169 172
170 171
170 172
171 173
171 174
172 174
172 175
172 176
172 193
173 176
173 177
173 178
173 179
174 175
174 177
174 178
174 180
174 181
175 178
175 179
175 180
175 191
175 193
176 177
176 178
176 192
176 193
176 194
176 195
177 180
177 190
178 179
179 181
179 189
179 190
180 182
180 183
180 189
181 183
181 190
182 184
182 185
182 190
183 185
183 186
183 187
183 189
184 187
184 189
184 190
185 186
185 1074
186 188
186 189
186 190
186 1072
187 190
188 189
188 1071
191 195
192 193
192 194
192 195
193 194
194 196
194 197
194 198
194 210
195 197
195 198
196 199
196 200
196 201
196 202
197 198
197 200
197 201
197 203
197 210
198 201
198 202
198 203
199 200
199 201
200 203
201 202
202 204
202 205
202 210
203 205
203 206
203 207
203 209
204 207
204 209
204 210
205 206
205 1052
206 208
206 209
206 210
207 210
208 209
211 213
211 214
211 215
211 218
211 231
212 216
213 214
213 215
214 215
214 216
215 217
215 218
215 219
216 218
216 219
217 220
217 221
217 222
217 223
218 219
218 221
218 222
218 224
218 231
219 222
219 223
219 224
219 232
219 234
219 235
220 221
220 222
220 233
220 234
220 235
220 236
221 224
221 225
221 226
221 235
222 223
223 225
223 226
223 231
224 226
224 227
224 228
224 230
225 228
225 230
225 231
226 227
226 251
226 987
227 229
227 230
227 231
227 250
227 985
228 231
229 230
229 984
232 236
233 234
233 235
233 236
234 235
235 237
235 238
235 239
236 238
236 239
237 240
237 241
237 242
237 243
238 239
238 241
238 242
238 244
238 251
239 242
239 243
239 244
239 252
239 254
239 255
240 241
240 242
240 253
240 254
240 255
240 256
241 244
241 245
241 246
241 255
241 256
241 258
242 243
242 256
243 245
243 246
243 251
244 246
244 247
244 248
244 250
244 987
245 248
245 250
245 251
246 247
246 258
246 964
247 249
247 250
247 251
247 962
248 251
248 985
249 250
249 961
249 983
249 984
252 256
253 254
253 255
253 256
254 255
255 257
255 258
255 259
255 265
256 258
256 259
256 260
257 260
257 261
257 262
257 263
258 259
258 261
258 262
258 264
258 265
259 262
259 263
259 264
259 275
259 277
260 261
260 262
260 276
260 277
260 278
261 264
261 278
262 263
262 278
262 939
263 265
263 273
263 274
264 266
264 267
264 273
265 267
265 274
266 268
266 269
266 274
267 269
267 270
267 271
267 273
268 271
268 273
268 274
269 270
270 272
270 273
270 274
271 274
272 273
272 920
272 936
275 279
276 277
276 278
276 279
277 278
278 280
278 281
279 281
279 282
279 283
280 283
280 284
280 285
280 286
281 282
281 284
281 285
281 287
281 288
282 285
282 286
282 297
282 299
282 300
283 284
283 285
283 298
283 299
283 300
283 301
284 287
284 316
285 286
286 288
286 295
286 296
287 289
287 290
287 295
287 315
287 316
287 940
287 941
288 290
288 296
288 315
288 940
289 291
289 292
289 296
289 314
289 315
289 917
290 292
290 293
290 294
290 295
290 313
290 314
290 315
290 942
290 943
291 294
291 295
291 296
291 313
291 315
291 942
292 293
292 916
292 933
293 295
293 296
294 296
295 315
295 316
296 315
296 316
296 941
296 942
297 301
298 299
298 300
298 301
298 813
299 300
300 302
300 303
300 304
301 303
301 304
301 305
302 305
302 306
302 307
302 308
303 304
303 306
303 307
303 309
303 316
304 307
304 308
304 309
304 317
304 319
304 320
305 306
305 307
305 318
305 319
305 320
305 321
306 309
306 310
306 311
306 320
307 308
308 310
308 311
308 316
309 311
309 312
309 313
309 315
310 313
310 315
310 316
311 312
311 323
311 329
311 330
312 314
312 315
312 316
313 316
314 315
314 896
314 897
314 916
317 321
318 319
318 320
318 321
319 320
319 814
320 322
320 323
320 324
320 330
321 323
321 324
321 325
322 325
322 326
322 327
322 328
323 324
323 326
323 327
323 329
323 330
324 327
324 328
324 329
324 340
324 342
324 343
325 326
325 327
325 341
325 342
325 343
325 344
326 329
326 343
326 344
327 328
327 344
328 330
328 338
328 339
329 331
329 332
329 338
330 332
330 339
331 333
331 334
331 339
332 334
332 335
332 336
332 338
333 336
333 338
333 339
333 897
334 335
334 895
334 896
334 897
335 337
335 338
335 339
335 897
335 898
335 899
336 339
337 338
337 899
340 344
341 342
341 343
341 344
342 343
343 345
343 346
343 347
343 353
344 346
344 347
344 348
345 348
345 349
345 350
345 351
346 347
346 349
346 352
346 353
347 350
347 351
347 352
347 363
347 365
347 366
348 349
348 350
348 364
348 365
348 366
348 367
349 352
350 351
351 353
351 361
351 362
352 354
352 355
352 361
353 355
353 362
354 356
354 357
354 362
354 379
355 357
355 358
355 359
355 361
355 378
355 379
356 359
356 361
356 362
356 378
357 358
357 378
357 380
358 360
358 361
358 362
358 378
358 851
358 874
359 362
359 377
360 361
360 875
363 367
364 365
364 366
364 367
365 366
366 368
366 369
366 370
367 369
367 370
368 371
368 372
368 373
368 374
369 370
369 372
369 373
369 375
369 382
370 373
370 374
370 375
370 382
370 383
370 385
370 386
371 372
371 373
371 384
371 385
371 386
371 387
372 375
372 382
372 386
372 387
373 374
373 387
374 376
374 377
374 382
375 377
375 378
375 379
375 381
376 379
376 381
376 382
376 851
377 378
377 851
378 380
378 381
378 382
378 826
378 851
379 382
379 826
380 381
380 825
380 826
381 809
383 387
384 385
384 386
384 387
385 386
386 388
386 389
386 390
387 389
387 390
388 391
388 392
388 393
388 394
389 390
389 392
389 393
389 395
389 396
390 393
390 394
390 395
390 405
390 407
390 408
391 392
391 393
391 406
391 407
391 408
391 409
392 395
393 394
394 396
394 403
394 404
394 829
395 397
395 398
395 403
395 418
395 829
396 398
396 404
396 418
396 419
397 399
397 400
397 404
397 418
397 419
397 809
398 400
398 401
398 402
398 403
398 418
398 419
399 402
399 403
399 404
400 401
400 799
400 810
401 403
401 404
402 404
402 832
402 833
403 827
403 828
403 830
404 418
404 827
405 409
406 407
406 408
406 409
407 408
408 410
408 411
408 412
408 418
409 411
409 412
410 413
410 414
410 415
410 416
411 412
411 414
411 415
411 417
411 418
412 415
412 416
412 417
412 428
412 430
412 431
413 414
413 415
413 429
413 430
413 431
414 417
414 427
414 428
414 431
415 416
415 431
415 432
416 418
416 426
416 427
417 419
417 420
417 426
418 420
418 427
419 421
419 422
419 427
420 422
420 423
420 424
420 426
420 446
421 424
421 426
421 427
422 423
422 786
422 807
422 808
422 809
422 810
423 425
423 426
423 427
423 444
423 784
424 427
424 440
424 446
424 447
425 426
425 439
425 440
425 441
425 783
425 784
426 446
426 447
427 446
427 447
428 432
429 430
429 431
429 432
430 431
431 433
431 434
431 435
431 447
432 434
432 435
432 436
433 436
433 437
433 438
433 439
434 435
434 437
434 438
434 440
434 447
435 438
435 439
435 440
435 448
435 450
435 451
436 437
436 438
436 449
436 450
436 451
436 452
437 440
437 441
437 442
437 448
437 451
438 439
438 451
438 452
438 454
439 441
439 442
439 447
440 442
440 443
440 444
440 446
441 444
441 446
441 447
442 443
442 461
442 763
442 764
443 445
443 446
443 447
443 763
444 447
445 446
448 452
449 450
449 451
449 452
450 451
451 453
451 454
451 455
452 454
452 455
453 456
453 457
453 458
453 459
454 455
454 457
454 458
454 460
454 461
455 458
455 459
455 460
455 471
455 473
455 474
456 457
456 458
456 472
456 473
456 474
456 475
457 460
457 470
458 459
458 475
459 461
459 469
459 470
460 462
460 463
460 469
461 463
461 470
462 464
462 465
462 470
462 763
463 465
463 466
463 467
463 469
463 762
463 763
464 467
464 469
464 470
465 466
465 741
466 468
466 469
466 470
466 740
466 760
467 470
468 469
471 475
472 473
472 474
472 475
473 474
474 476
474 477
474 478
475 477
475 478
475 479
476 479
476 480
476 481
476 482
477 478
477 480
477 481
477 483
477 490
478 481
478 482
478 491
478 493
479 480
479 481
479 492
479 493
479 494
480 483
481 482
481 497
482 484
482 485
482 490
483 485
483 486
483 487
483 489
484 487
484 489
484 490
485 486
486 488
486 489
486 490
486 722
487 490
488 489
491 495
492 493
492 494
493 494
493 495
494 496
494 497
495 497
495 498
495 499
496 499
496 500
496 501
496 502
497 498
497 500
497 503
497 504
498 501
498 502
498 503
498 514
498 516
498 518
499 500
499 501
499 515
499 516
499 517
499 518
500 503
500 512
500 513
500 518
501 502
502 504
502 512
502 513
503 505
503 506
503 512
504 506
504 513
505 507
505 508
505 513
506 508
506 509
506 510
506 512
507 510
507 512
507 513
508 509
508 531
508 701
509 511
509 512
509 513
509 699
510 513
510 724
511 512
511 698
514 518
515 516
515 517
516 517
517 519
517 521
517 522
518 520
518 521
519 522
519 523
519 524
519 525
519 526
520 521
520 523
520 524
520 526
520 527
521 524
521 525
521 526
521 527
521 537
521 539
521 540
522 523
522 524
522 538
522 539
522 540
523 526
523 527
523 537
523 540
523 543
524 525
524 540
524 543
525 527
525 535
525 536
526 528
526 529
526 535
527 529
527 536
528 530
528 531
528 536
529 531
529 532
529 533
529 535
530 533
530 535
530 536
530 699
531 532
531 681
531 701
532 534
532 535
532 536
532 679
532 697
532 699
533 536
533 697
533 698
533 699
534 535
534 678
534 697
534 698
535 698
537 541
538 539
538 540
539 540
539 541
540 542
540 543
541 543
541 544
541 545
542 545
542 546
542 547
542 548
543 544
543 546
543 547
543 549
543 550
544 547
544 548
544 549
544 560
544 562
544 563
545 546
545 547
545 561
545 562
545 563
545 564
546 549
546 559
547 548
548 550
548 558
548 559
549 551
549 552
549 558
550 552
550 559
551 553
551 554
551 559
552 554
552 555
552 556
552 558
553 556
553 558
553 559
554 555
554 661
555 557
555 558
555 559
555 659
555 679
556 559
556 678
557 558
557 658
557 677
557 678
560 564
561 562
561 563
561 564
562 563
563 565
563 566
563 567
564 566
564 567
565 568
565 569
565 570
565 571
566 567
566 569
566 570
566 572
566 573
567 570
567 571
567 583
567 585
568 569
568 570
568 584
568 585
568 586
569 572
569 589
570 571
570 589
571 573
571 581
571 582
572 574
572 575
572 581
573 575
573 582
574 576
574 577
574 582
575 577
575 578
575 579
575 581
576 579
576 581
576 582
577 578
578 580
578 581
578 582
578 639
579 582
579 657
580 581
580 638
580 655
580 656
580 657
583 587
584 585
584 586
585 586
585 587
586 588
586 589
587 589
587 590
587 591
588 591
588 592
588 593
588 594
589 590
589 592
589 593
589 595
589 602
590 593
590 594
590 603
590 604
591 592
591 593
591 604
591 605
591 606
592 595
592 596
592 597
592 603
592 604
593 594
593 603
593 604
594 596
594 597
594 602
595 597
595 598
595 599
595 601
596 599
596 601
596 602
597 598
598 600
598 601
598 602
599 602
600 601
603 607
604 605
604 606
604 607
605 606
606 608
607 609
607 610
607 611
608 611
608 612
608 613
608 614
609 610
609 612
609 613
609 615
609 622
610 613
610 614
611 612
611 613
612 615
613 614
614 616
614 617
614 622
615 617
615 618
615 619
615 621
616 619
616 621
616 622
617 618
618 620
618 621
618 622
619 622
620 621
623 625
623 626
623 627
624 628
624 643
625 626
625 627
625 631
625 642
625 643
625 646
626 627
626 628
627 629
627 630
627 631
627 643
628 630
628 631
629 632
629 633
629 634
629 635
630 631
630 633
630 634
630 636
630 643
631 634
631 635
631 636
631 644
631 646
631 647
632 633
632 634
632 645
632 646
632 647
632 648
633 636
633 637
633 647
633 648
633 650
634 635
634 647
634 648
634 649
634 650
635 637
635 638
635 643
636 638
636 639
636 640
636 642
637 640
637 642
637 643
637 663
638 639
638 650
638 663
639 641
639 642
639 643
639 662
639 663
640 643
640 662
641 642
644 648
645 646
645 647
645 648
646 647
647 649
647 650
647 651
648 650
648 651
648 652
649 652
649 653
649 654
649 655
650 651
650 653
650 654
650 656
650 663
651 654
651 655
651 656
651 664
651 666
652 653
652 654
652 665
652 666
652 667
653 656
653 657
653 658
654 655
655 657
655 658
655 663
656 658
656 659
656 660
656 662
657 660
657 662
657 663
657 683
658 659
658 683
659 661
659 662
659 663
659 682
660 663
661 662
664 668
665 666
665 667
666 667
666 668
666 670
666 683
667 669
667 670
668 670
668 671
668 672
669 672
669 673
669 674
669 675
670 671
670 673
670 674
670 676
670 683
671 674
671 675
671 676
671 684
671 686
672 673
672 674
672 685
672 686
672 687
672 688
673 676
673 677
673 678
674 675
675 677
675 678
675 683
676 678
676 679
676 680
676 682
677 680
677 682
677 683
678 679
679 681
679 682
679 683
680 683
681 682
684 688
685 686
685 687
686 687
686 688
687 689
687 691
687 692
688 690
688 691
689 692
689 693
689 694
689 695
689 696
689 703
690 691
690 693
690 694
690 696
690 703
691 694
691 695
691 696
691 703
691 704
691 706
691 707
692 693
692 694
692 705
692 706
692 707
692 708
693 696
693 703
693 707
693 708
693 710
694 695
694 708
694 710
695 697
695 698
695 703
696 698
696 699
696 700
696 702
697 700
697 702
697 703
698 699
699 701
699 702
699 703
700 703
701 702
704 708
705 706
705 707
705 708
706 707
707 709
707 710
707 711
707 717
708 710
708 711
709 712
709 713
709 714
709 715
710 711
710 713
710 714
710 716
710 717
711 714
711 715
711 716
711 726
711 728
711 729
712 713
712 714
712 727
712 728
712 729
712 730
713 716
714 715
714 730
714 732
715 717
715 724
715 725
716 718
716 719
716 724
717 719
717 725
718 720
718 721
718 725
719 721
719 722
719 723
719 724
720 723
720 724
720 725
721 722
722 724
722 725
723 725
726 730
727 728
727 729
727 730
728 729
729 731
729 732
729 733
729 745
730 732
730 733
731 734
731 735
731 736
731 737
732 733
732 735
732 736
732 738
732 745
733 736
733 737
733 738
733 746
733 748
733 749
734 735
734 736
734 747
734 748
734 749
735 738
735 739
735 740
735 749
736 737
736 749
737 739
737 740
737 745
738 740
738 741
738 742
738 744
739 742
739 744
739 745
740 741
741 743
741 744
741 745
742 745
743 744
746 750
747 748
747 749
748 749
748 750
749 751
749 752
750 752
750 753
750 754
751 754
751 755
751 756
751 757
751 758
752 753
752 755
752 756
752 758
752 759
753 756
753 757
753 758
753 769
753 771
753 772
753 773
754 755
754 756
754 770
754 771
754 772
754 773
755 758
755 767
755 768
755 773
756 757
757 759
757 767
757 768
758 760
758 761
758 767
759 761
759 768
760 762
760 763
760 768
761 763
761 764
761 765
761 767
762 765
762 767
762 768
762 787
762 788
763 764
763 787
764 766
764 767
764 768
764 788
765 768
765 775
766 767
766 775
766 780
767 775
769 773
770 771
770 772
771 772
772 774
772 775
772 776
773 775
773 776
773 777
774 777
774 778
774 779
774 780
775 776
775 778
775 779
775 781
775 788
776 779
776 780
776 781
776 789
776 791
776 792
777 778
777 779
777 790
777 791
777 792
778 781
778 782
778 783
778 792
778 795
779 780
780 782
780 783
780 788
781 783
781 784
781 785
781 787
781 802
782 785
782 787
782 788
782 801
782 802
783 784
783 795
783 800
784 786
784 787
784 788
784 801
784 802
784 803
785 788
785 803
785 804
786 787
786 804
786 805
787 803
789 793
790 791
790 792
791 792
791 793
792 794
792 795
793 795
793 796
793 797
794 797
794 798
794 799
794 800
795 796
795 798
795 799
795 801
795 802
796 799
796 800
796 812
796 814
797 798
797 799
797 813
797 814
797 815
797 817
797 818
798 801
798 810
798 811
799 800
799 818
800 802
800 810
800 811
801 803
801 804
801 810
802 804
802 811
803 805
803 806
803 811
804 806
804 807
804 808
804 810
805 808
805 810
805 811
806 807
807 809
807 810
807 811
808 811
809 810
812 816
813 814
813 815
813 816
814 815
815 817
815 818
816 818
816 819
816 820
817 820
817 821
817 822
817 823
818 819
818 821
818 822
818 824
818 825
819 822
819 823
819 834
819 836
819 837
820 821
820 822
820 835
820 836
820 837
821 824
821 832
821 833
822 823
823 825
823 832
823 833
824 826
824 827
824 832
824 848
825 827
825 833
825 848
826 828
826 829
826 833
826 848
826 851
827 829
827 830
827 831
827 832
827 848
827 849
828 831
828 832
828 833
828 848
828 849
828 850
829 830
829 850
829 851
830 832
830 833
831 833
831 846
831 847
832 847
832 848
833 847
833 848
834 838
835 836
835 837
835 838
836 837
837 839
837 840
837 841
837 847
838 840
838 841
839 842
839 843
839 844
839 845
840 841
840 843
840 844
840 846
840 847
841 844
841 845
841 857
841 859
841 860
842 843
842 844
842 858
842 859
842 860
843 846
843 856
844 845
845 847
845 855
845 856
846 848
846 849
846 855
847 849
847 856
848 850
848 851
848 856
849 851
849 852
849 853
849 855
849 871
850 853
850 855
850 856
851 852
851 874
852 854
852 855
852 856
853 856
854 855
855 870
855 871
856 870
856 871
857 861
858 859
858 860
858 861
859 860
860 862
860 863
860 864
861 863
861 864
861 865
862 865
862 866
862 867
862 868
863 864
863 866
863 867
863 869
863 870
864 867
864 868
864 879
864 881
864 882
865 866
865 867
865 880
865 881
865 882
865 883
866 869
866 878
866 882
866 883
867 868
867 883
868 870
868 877
868 878
869 871
869 872
869 877
870 872
870 878
871 873
871 874
871 878
872 874
872 875
872 876
872 877
873 876
873 877
873 878
874 875
875 877
875 878
876 878
876 891
877 885
879 883
880 881
880 882
880 883
881 882
882 884
882 885
882 886
883 885
883 886
884 887
884 888
884 889
884 890
885 886
885 888
885 889
885 891
885 892
886 889
886 890
886 902
886 904
886 905
887 888
887 889
887 903
887 904
887 905
887 906
888 891
888 905
889 890
889 906
889 908
890 892
890 900
890 901
891 893
891 894
891 900
892 894
892 901
893 895
893 896
893 901
894 896
894 897
894 898
894 900
895 898
895 900
895 901
895 917
896 897
897 899
897 900
897 901
897 916
898 901
898 916
899 900
899 916
902 906
903 904
903 905
903 906
904 905
905 907
905 908
905 909
906 908
906 909
907 910
907 911
907 912
907 913
908 909
908 911
908 912
908 914
908 921
909 912
909 913
909 914
909 922
909 924
909 925
910 911
910 912
910 923
910 924
910 925
910 926
911 914
911 921
911 925
911 926
911 928
912 913
912 926
912 928
913 915
913 916
913 921
914 916
914 917
914 918
914 920
915 918
915 920
915 921
916 917
917 919
917 920
917 921
918 921
919 920
922 926
923 924
923 925
923 926
924 925
925 927
925 928
925 929
926 928
926 929
927 930
927 931
927 932
927 933
928 929
928 931
928 932
928 934
928 935
929 932
929 933
929 934
929 944
929 946
929 947
930 931
930 932
930 945
930 946
930 947
930 948
931 934
932 933
933 935
933 942
933 943
934 936
934 937
934 942
935 937
935 943
936 938
936 939
936 943
937 939
937 940
937 941
937 942
938 941
938 942
938 943
939 940
940 942
940 943
941 943
944 948
945 946
945 947
945 948
946 947
947 949
947 950
947 951
948 950
948 951
949 952
949 953
949 954
949 955
950 951
950 953
950 954
950 956
950 957
951 954
951 955
951 956
951 967
951 969
951 970
952 953
952 954
952 968
952 969
952 970
953 956
953 966
953 970
954 955
955 957
955 965
955 966
956 958
956 959
956 965
957 959
957 966
958 960
958 961
958 966
959 961
959 962
959 963
959 965
960 963
960 965
960 966
960 981
961 962
961 981
962 964
962 965
962 966
963 966
963 979
964 965
967 971
968 969
968 970
969 970
969 971
970 972
970 973
971 973
971 974
971 975
971 992
972 975
972 976
972 977
972 978
973 974
973 976
973 977
973 979
973 980
974 977
974 978
974 979
974 990
974 992
975 976
975 977
975 991
975 992
975 993
976 979
976 988
976 989
977 978
978 980
978 988
978 989
979 981
979 982
979 988
980 982
980 989
981 983
981 984
981 989
982 984
982 985
982 986
982 988
983 986
983 988
983 989
984 985
985 987
985 988
985 989
986 989
987 988
990 994
991 992
991 993
992 993
992 994
993 995
993 996
994 996
994 997
994 998
995 998
995 999
995 1000
995 1001
996 997
996 999
996 1002
996 1003
997 1000
997 1001
997 1002
997 1013
997 1015
997 1016
998 999
998 1000
998 1014
998 1015
998 1016
998 1017
999 1002
999 1011
999 1012
1000 1001
1001 1003
1001 1011
1001 1012
1002 1004
1002 1005
1002 1011
1003 1005
1003 1012
1004 1006
1004 1007
1004 1012
1005 1007
1005 1008
1005 1009
1005 1011
1006 1009
1006 1011
1006 1012
1007 1008
1008 1010
1008 1011
1008 1012
1009 1012
1009 1019
1010 1011
1010 1019
1011 1019
1013 1017
1014 1015
1014 1016
1014 1017
1015 1016
1016 1018
1016 1019
1016 1020
1017 1019
1017 1020
1018 1021
1018 1022
1018 1023
1018 1024
1019 1020
1019 1022
1019 1025
1019 1026
1020 1023
1020 1024
1020 1025
1020 1035
1020 1038
1021 1022
1021 1023
1021 1036
1021 1037
1021 1038
1022 1025
1022 1038
1023 1024
1024 1026
1024 1033
1024 1034
1025 1027
1025 1028
1025 1033
1026 1028
1026 1034
1027 1029
1027 1030
1027 1034
1028 1030
1028 1031
1028 1032
1028 1033
1028 1054
1029 1032
1029 1033
1029 1034
1029 1053
1030 1031
1030 1051
1030 1053
1031 1033
1031 1034
1032 1034
1035 1039
1036 1037
1036 1038
1036 1039
1037 1038
1038 1040
1038 1041
1039 1041
1039 1042
1039 1043
1040 1043
1040 1044
1040 1045
1040 1046
1041 1042
1041 1044
1041 1045
1041 1047
1041 1055
1041 1056
1042 1045
1042 1046
1042 1047
1042 1057
1042 1059
1042 1060
1043 1044
1043 1045
1043 1058
1043 1059
1043 1060
1043 1061
1044 1047
1044 1048
1045 1046
1046 1048
1046 1055
1046 1056
1047 1049
1047 1050
1047 1055
1048 1050
1048 1056
1049 1051
1049 1052
1049 1056
1050 1052
1050 1053
1050 1054
1050 1055
1051 1054
1051 1055
1051 1056
1052 1053
1053 1055
1053 1056
1053 1072
1053 1073
1053 1074
1054 1056
1054 1073
1054 1074
1054 1075
1055 1075
1056 1076
1057 1061
1058 1059
1058 1060
1058 1061
1059 1060
1060 1062
1060 1063
1060 1064
1060 1076
1061 1063
1061 1064
1061 1065
1062 1065
1062 1066
1062 1067
1062 1068
1063 1064
1063 1066
1063 1067
1063 1069
1063 1076
1064 1067
1064 1068
1064 1069
1064 1077
1064 1079
1065 1066
1065 1067
1065 1078
1065 1079
1065 1080
1065 1081
1066 1069
1066 1070
1066 1071
1067 1068
1068 1070
1068 1071
1068 1076
1069 1071
1069 1072
1069 1073
1069 1075
1070 1073
1070 1075
1070 1076
1071 1072
1072 1074
1072 1075
1072 1076
1072 1095
1073 1076
1073 1095
1074 1075
1074 1094
1077 1081
1078 1079
1078 1080
1078 1081
1079 1080
1080 1082
1080 1083
1080 1084
1081 1083
1081 1084
1081 1085
1082 1085
1082 1086
1082 1087
1082 1088
1083 1084
1083 1086
1083 1087
1083 1089
1083 1096
1084 1087
1084 1088
1084 1097
1084 1099
1084 1100
1085 1086
1085 1087
1085 1098
1085 1099
1085 1100
1086 1089
1086 1090
1086 1091
1086 1100
1087 1088
1087 1100
1088 1090
1088 1091
1088 1096
1089 1091
1089 1092
1089 1093
1089 1095
1090 1093
1090 1095
1090 1096
1091 1092
1091 1110
1092 1094
1092 1095
1092 1096
1093 1096
1094 1095
1097 1101
1098 1099
1098 1100
1099 1100
1099 1101
1100 1102
1100 1103
1101 1103
1101 1104
1101 1105
1102 1105
1102 1106
1102 1107
1102 1108
1103 1104
1103 1106
1103 1107
1103 1109
1103 1110
1104 1107
1104 1108
1104 1120
1104 1122
1104 1123
1105 1106
1105 1107
1105 1121
1105 1122
1105 1123
1105 1124
1106 1109
1106 1123
1106 1124
1107 1108
1107 1124
1108 1110
1108 1118
1108 1119
1109 1111
1109 1112
1109 1118
1110 1112
1110 1119
1111 1113
1111 1114
1111 1119
1112 1114
1112 1115
1112 1116
1112 1118
1113 1116
1113 1118
1113 1119
1114 1115
1115 1117
1115 1118
1115 1119
1116 1119
1117 1118
1120 1124
1121 1122
1121 1123
1121 1124
1122 1123
1123 1125
1123 1126
1123 1127
1124 1126
1124 1127
1124 1128
1125 1128
1125 1129
1125 1130
1125 1131
1126 1127
1126 1129
1126 1130
1126 1132
1126 1139
1127 1130
1127 1131
1127 1132
1127 1140
1127 1142
1127 1143
1128 1129
1128 1130
1128 1141
1128 1142
1128 1143
1129 1132
1129 1143
1129 1146
1130 1131
1130 1143
1130 1146
1131 1133
1131 1134
1131 1139
1132 1134
1132 1135
1132 1136
1132 1138
1133 1136
1133 1138
1133 1139
1134 1135
1135 1137
1135 1138
1135 1139
1136 1139
1137 1138
1140 1144
1141 1142
1141 1143
1142 1143
1142 1144
1143 1145
1143 1146
1144 1146
1144 1147
1144 1148
1145 1148
1145 1149
1145 1150
1145 1151
1146 1147
1146 1149
1146 1150
1146 1152
1146 1159
1147 1150
1147 1151
1147 1152
1147 1160
1147 1162
1148 1149
1148 1150
1148 1161
1148 1162
1148 1163
1148 1164
1149 1152
1149 1153
1149 1154
1150 1151
1151 1153
1151 1154
1151 1159
1152 1154
1152 1155
1152 1156
1152 1158
1153 1156
1153 1158
1153 1159
1154 1155
1155 1157
1155 1158
1155 1159
1156 1159
1157 1158
1160 1164
1161 1162
1161 1163
1161 1164
1162 1163
1163 1165
1163 1166
1163 1167
1164 1166
1164 1167
1164 1168
1165 1168
1165 1169
1165 1170
1165 1171
1166 1167
1166 1169
1166 1170
1166 1172
1166 1173
1167 1170
1167 1171
1167 1172
1167 1182
1167 1184
1168 1169
1168 1170
1168 1183
1168 1184
1168 1185
1168 1186
1169 1172
1170 1171
1171 1173
1171 1180
1171 1181
1172 1174
1172 1175
1172 1180
1173 1175
1173 1181
1174 1176
1174 1177
1174 1181
1175 1177
1175 1178
1175 1179
1175 1180
1175 1196
1176 1179
1176 1180
1176 1181
1176 1199
1177 1178
1177 1199
1178 1180
1178 1181
1179 1181
1182 1186
1183 1184
1183 1185
1183 1186
1184 1185
1185 1187
1185 1188
1185 1189
1186 1188
1186 1189
1187 1190
1187 1191
1187 1192
1187 1193
1188 1189
1188 1191
1188 1192
1188 1194
1188 1195
1189 1192
1189 1193
1189 1194
1189 1205
1189 1207
1189 1208
1189 1209
1190 1191
1190 1192
1190 1206
1190 1207
1190 1208
1190 1209
1191 1194
1191 1209
1192 1193
1192 1209
1193 1195
1193 1203
1193 1204
1194 1196
1194 1197
1194 1203
1195 1197
1195 1204
1196 1198
1196 1199
1196 1204
1197 1199
1197 1200
1197 1201
1197 1203
1198 1201
1198 1203
1198 1204
1199 1200
1200 1202
1200 1203
1200 1204
1201 1204
1202 1203
1203 1211
1205 1209
1206 1207
1206 1208
1207 1208
1207 1209
1208 1210
1209 1211
1209 1212
1210 1213
1210 1214
1210 1215
1210 1216
1210 1217
1211 1212
1211 1214
1211 1215
1211 1217
1211 1218
1212 1215
1212 1216
1212 1217
1212 1228
1212 1231
1213 1214
1213 1215
1213 1229
1213 1230
1213 1231
1214 1217
1214 1228
1214 1231
1215 1216
1216 1218
1216 1226
1216 1227
1217 1219
1217 1220
1217 1226
1218 1220
1218 1227
1219 1221
1219 1222
1219 1227
1220 1222
1220 1223
1220 1224
1220 1226
1220 1246
1221 1224
1221 1226
1221 1227
1221 1244
1221 1246
1222 1223
1222 1244
1222 1245
1223 1225
1223 1226
1223 1227
1224 1227
1225 1226
1228 1232
1229 1230
1229 1231
1230 1231
1230 1232
1231 1233
1231 1234
1232 1234
1232 1235
1233 1236
1233 1237
1233 1238
1233 1239
1234 1235
1234 1237
1234 1238
1234 1240
1234 1247
1235 1238
1235 1239
1235 1248
1235 1250
1235 1251
1236 1237
1236 1238
1236 1249
1236 1250
1236 1251
1237 1240
1237 1241
1237 1242
1238 1239
1239 1241
1239 1242
1239 1247
1240 1242
1240 1243
1240 1244
1240 1246
1241 1244
1241 1246
1241 1247
1242 1243
1243 1245
1243 1246
1243 1247
1244 1247
1245 1246
1248 1252
1249 1250
1249 1251
1249 1252
1250 1251
1251 1253
1251 1254
1252 1254
1252 1255
1253 1256
1253 1257
1253 1259
1254 1255
1254 1257
1254 1260
1254 1261
1255 1258
1255 1259
1255 1270
1255 1273
1256 1257
1256 1258
1256 1271
1256 1272
1256 1273
1257 1260
1258 1259
1258 1268
1259 1261
1259 1268
1259 1269
1260 1262
1260 1263
1260 1268
1261 1263
1261 1269
1262 1264
1262 1265
1262 1269
1263 1265
1263 1266
1263 1267
1263 1268
1264 1267
1264 1268
1264 1269
1265 1266
1266 1268
1266 1269
1267 1269
1271 1272
1271 1273
1272 1273
1 1 -7.152000 -3.351000 58.366001 2
1 -7 0.914000 -4.559000 58.238998 3
1 -7 0.967000 -4.965000 56.789001 4
1 -8 0.799000 -6.148000 56.648998 5
1 -8 0.619000 -3.952000 55.867001 6
1 -7 0.776000 -2.900000 55.438000 7
1 -9 0.080000 -4.814000 54.703999 8
1 -8 0.013000 -5.078000 53.805000 9
1 -9 0.536000 -6.083000 55.431999 1
0 1 -10.969000 -6.001000 55.768002 1
1 1 -11.886000 -6.816000 55.083000 1
2 1 -11.570000 -7.616000 54.209000 1
3 1 -13.195000 -6.649000 55.466999 1
4 1 -13.684000 -5.778000 56.441002 1
5 1 -14.904000 -5.732000 56.671001 1
6 1 -12.680000 -4.987000 57.095001 1
7 1 -11.396000 -5.122000 56.748001 1
8 2 -8.363000 -1.815000 54.403000 1
9 2 -7.402000 -0.672000 54.294998 2
0 2 -9.798000 -1.540000 54.771000 2
1 2 -8.346000 -2.627000 53.027000 2
2 2 -9.257000 -2.306000 51.963001 2
3 2 -9.690000 -3.565000 51.250000 2
4 2 -10.436000 -4.420000 52.160000 2
5 2 -10.635000 -3.335000 50.082001 2
6 2 -9.864000 -3.027000 48.916000 2
7 2 -11.382000 -4.666000 49.980999 2
8 2 -10.701000 -5.651000 49.230999 2
9 2 -11.467000 -5.092000 51.452000 3
0 2 -12.746000 -4.784000 52.084999 3
1 2 -12.968000 -3.963000 53.166000 3
2 2 -14.231000 -3.878000 53.493000 3
3 2 -14.881000 -4.695000 52.576000 3
4 2 -16.270000 -5.008000 52.425999 3
5 2 -17.233000 -4.610000 53.092999 3
6 2 -16.482000 -5.883000 51.368000 3
7 2 -15.497000 -6.396000 50.557999 3
8 2 -15.898000 -7.235000 49.596001 3
9 2 -14.209000 -6.112000 50.682999 4
0 2 -13.976000 -5.264000 51.702999 4
1 3 -10.561000 -2.321000 47.640999 4
2 3 -9.577000 -1.398000 46.990002 4
3 3 -11.898000 -1.795000 48.074001 4
4 3 -10.793000 -3.531000 46.632999 4
5 3 -11.635000 -3.375000 45.500999 4
6 3 -12.401000 -4.643000 45.251999 4
7 3 -12.821000 -5.250000 46.493000 4
8 3 -13.677000 -4.412000 44.481998 4
9 3 -13.341000 -4.369000 43.129002 5
0 3 -14.544000 -5.593000 44.874001 5
1 3 -14.325000 -6.754000 44.098999 5
2 3 -14.116000 -5.799000 46.330002 5
3 3 -14.998000 -5.097000 47.262001 5
4 3 -16.348000 -5.443000 47.300999 5
5 3 -16.763000 -6.339000 46.534000 5
6 3 -17.162001 -4.799000 48.171001 5
7 3 -16.666000 -3.849000 48.970001 5
8 3 -17.495001 -3.240000 49.816002 5
9 3 -15.294000 -3.480000 48.939999 6
0 3 -14.505000 -4.120000 48.081001 6
1 4 -13.325000 -2.960000 42.398998 6
2 4 -12.349000 -3.028000 41.273998 6
3 4 -13.132000 -1.957000 43.480000 6
4 4 -14.806000 -2.903000 41.826000 6
5 4 -15.246000 -3.976000 40.993999 6
6 4 -16.745001 -4.079000 40.958000 6
7 4 -17.270000 -4.585000 42.220001 6
8 4 -17.459999 -2.755000 40.770000 6
9 4 -17.450001 -2.371000 39.404999 7
0 4 -18.853001 -3.053000 41.313999 7
1 4 -18.547001 -4.019000 42.459000 7
2 4 -18.604000 -3.412000 43.805000 7
3 4 -19.834999 -2.881000 44.223000 7
4 4 -20.802999 -2.957000 43.451000 7
5 4 -19.941000 -2.305000 45.449001 7
6 4 -18.879000 -2.252000 46.251999 7
7 4 -19.039000 -1.677000 47.452000 7
8 4 -17.606001 -2.787000 45.858002 7
9 4 -17.514000 -3.353000 44.632999 1
0 6 -20.886000 2.692000 37.585999 1
1 6 -20.941000 3.079000 36.152000 1
2 6 -19.591000 2.823000 38.338001 1
3 6 -22.054001 3.447000 38.379002 1
4 6 -23.412001 3.463000 37.877998 1
5 6 -24.302999 4.280000 38.786999 1
6 6 -24.427999 3.613000 40.071999 1
7 6 -23.799999 5.668000 39.147999 1
8 6 -24.073999 6.659000 38.174999 1
9 6 -24.516001 5.949000 40.459999 C
110 6 -25.854000 6.358000 40.264999 O
111 6 -24.486000 4.574000 41.118000 C
112 6 -23.278000 4.437000 41.931000 N
113 6 -22.065001 3.932000 41.520000 1
14 6 -21.158001 3.937000 42.459999 N
115 6 -21.808001 4.476000 43.557999 C
116 6 -21.330999 4.724000 44.855999 C
117 6 -20.202999 4.504000 45.312000 O
118 6 -22.316000 5.285000 45.664001 N
119 6 -23.597000 5.568000 45.264000 C
120 6 -24.400000 6.100000 46.187000 N
121 6 -24.056000 5.342000 44.046001 N
122 6 -23.115999 4.795000 43.250000 C
123 7 -23.108999 7.948000 38.074001 1
24 7 -23.600000 8.743000 36.903000 1
25 7 -21.683001 7.485000 38.118999 O
126 7 -23.403999 8.775000 39.416000 O
127 7 -24.676001 9.458000 39.598000 C
128 7 -24.745001 10.203000 40.929001 C
129 7 -24.785000 9.263000 42.039001 O
130 7 -23.598000 11.148000 41.265999 C
131 7 -23.809000 12.431000 40.691002 O
132 7 -23.672001 11.233000 42.785999 C
133 7 -24.650000 12.155000 43.221001 O
134 7 -24.117001 9.820000 43.159000 C
135 7 -22.993999 8.964000 43.507999 N
136 7 -22.419001 8.001000 42.723999 C
137 7 -21.414000 7.410000 43.300999 N
138 7 -21.323000 8.018000 44.542000 C
139 7 -20.424000 7.794000 45.598000 C
140 7 -19.488001 6.989000 45.651001 O
141 7 -20.688000 8.625000 46.680000 N
142 7 -21.688000 9.553000 46.729000 C
143 7 -21.775999 10.253000 47.855000 N
144 7 -22.535000 9.777000 45.743999 N
145 7 -22.296000 8.976000 44.686001 C
146 8 -22.650000 13.539000 40.779999 P
147 8 -23.209000 14.841000 40.316002 O
148 8 -21.416000 12.994000 40.146999 O
149 8 -22.337999 13.632000 42.333000 O
150 8 -23.247000 14.270000 43.219002 C
151 8 -22.573000 14.523000 44.528999 C
152 8 -22.232000 13.258000 45.155998 O
153 8 -21.237000 15.224000 44.382999 C
154 8 -21.438999 16.625999 44.312000 O
155 8 -20.507999 14.822000 45.658001 C
156 8 -20.874001 15.638000 46.750000 O
157 8 -21.037001 13.412000 45.895000 C
158 8 -20.118999 12.302000 45.616001 N
159 8 -19.209000 11.920000 46.618000 C
160 8 -19.201000 12.537000 47.692001 O
161 8 -18.371000 10.892000 46.391998 N
162 8 -18.413000 10.245000 45.229000 C
163 8 -17.573999 9.227000 45.056999 N
164 8 -19.322001 10.613000 44.188999 C
165 8 -20.146999 11.640000 44.422001 C
166 9 -20.223000 17.627001 44.637001 P
167 9 -20.665001 18.421000 45.799999 O
168 9 -19.867001 18.319000 43.368999 O
169 9 -19.014000 16.684000 45.096001 O
170 9 -17.740999 17.225000 45.514000 C
171 9 -17.444000 16.837999 46.952000 C
172 9 -17.365999 15.386000 47.094002 O
173 9 -16.083000 17.292000 47.445000 C
174 9 -16.048000 18.632999 47.847000 O
175 9 -15.773000 16.339001 48.590000 C
176 9 -16.378000 16.722000 49.807999 O
177 9 -16.374001 15.037000 48.068001 C
178 9 -15.362000 14.164000 47.460999 N
179 9 -15.323000 13.705000 46.160999 C
180 9 -14.289000 12.942000 45.915001 N
181 9 -13.599000 12.887000 47.125000 C
182 9 -12.385000 12.197000 47.481998 C
183 9 -11.661000 11.476000 46.776001 O
184 9 -12.045000 12.416000 48.813999 N
185 9 -12.759000 13.187000 49.699001 C
186 9 -12.252000 13.267000 50.945000 N
187 9 -13.884000 13.831000 49.387001 N
188 9 -14.243000 13.637000 48.092999 C
189 10 -14.658000 19.413000 47.765999 1
90 10 -14.881000 20.834999 48.118999 1
91 10 -14.025000 19.055000 46.466000 1
92 10 -13.789000 18.761000 48.919998 1
93 10 -12.425000 19.093000 49.037998 1
94 10 -11.732000 18.082001 49.881001 1
95 10 -12.197000 16.759001 49.542000 1
96 10 -10.241000 18.044001 49.653000 1
97 10 -9.622000 19.062000 50.422001 1
98 10 -9.885000 16.628000 50.080002 1
99 10 -9.791000 16.514000 51.483002 2
0 10 -11.114000 15.850000 49.604000 2
1 10 -10.956000 15.252000 48.278999 2
2 10 -11.770000 15.448000 47.182999 2
3 10 -11.392000 14.769000 46.132000 2
4 10 -10.257000 14.083000 46.554001 2
5 10 -9.410000 13.182000 45.848999 2
6 10 -9.498000 12.794000 44.672001 2
7 10 -8.374000 12.723000 46.657001 2
8 10 -8.174000 13.081000 47.972000 2
9 10 -7.111000 12.533000 48.582001 2
10 10 -8.957000 13.914000 48.640999 2
11 10 -9.972000 14.375000 47.877998 2
12 11 -8.954000 20.323000 49.673000 2
13 11 -8.685000 21.346001 50.737999 2
14 11 -9.827000 20.679001 48.500999 2
15 11 -7.567000 19.743000 49.122002 2
16 11 -6.604000 19.103001 50.019001 2
17 11 -5.815000 18.035999 49.278000 2
18 11 -6.731000 17.025999 48.790001 2
19 11 -5.047000 18.493000 48.042000 2
20 11 -3.864000 19.299000 48.236000 2
21 11 -4.955000 17.225000 47.195999 2
22 11 -3.893000 16.346001 47.542000 2
23 11 -6.309000 16.573000 47.508999 2
24 11 -7.375000 16.951000 46.574001 2
25 11 -7.507000 16.268999 45.355999 2
26 11 -6.692000 15.368000 45.067001 2
27 11 -8.517000 16.614000 44.528999 2
28 11 -9.364000 17.596001 44.874001 2
29 11 -10.358000 17.900999 44.032001 2
30 11 -9.235000 18.309999 46.098999 2
31 11 -8.241000 17.959000 46.907001 2
33 70 2.756000 12.968000 32.706001 2
34 70 3.794000 13.998000 32.009998 2
35 70 4.238000 15.006000 33.037998 2
36 70 4.815000 13.171000 31.294001 2
37 70 2.941000 14.749000 30.884001 2
38 70 2.674000 14.099000 29.624001 2
39 70 1.176000 13.950000 29.393000 2
40 70 0.540000 13.346000 30.562000 2
41 70 0.393000 15.236000 29.184999 2
42 70 0.436000 15.719000 27.861000 2
43 70 -1.023000 14.842000 29.575001 2
44 70 -1.710000 14.173000 28.533001 2
45 70 -0.758000 13.904000 30.750000 2
46 70 -0.745000 14.708000 31.985001 2
47 70 -1.833000 15.577000 32.235001 2
48 70 -2.782000 15.610000 31.423000 2
49 70 -1.817000 16.350000 33.354000 2
50 70 -0.781000 16.273001 34.208000 2
51 70 -0.806000 17.048000 35.303001 2
52 70 0.329000 15.393000 33.979000 2
53 70 0.303000 14.636000 32.868000 2
54 71 0.235000 17.283001 27.608999 2
55 71 0.483000 17.549000 26.162001 2
56 71 1.041000 17.979000 28.656000 2
57 71 -1.298000 17.533001 27.936001 O
258 71 -2.302000 17.104000 27.025000 C
259 71 -3.552000 17.902000 27.232000 C
260 71 -4.059000 17.639000 28.558001 O
261 71 -3.366000 19.405001 27.201000 C
262 71 -3.460000 19.926001 25.899000 O
263 71 -4.540000 19.896000 28.018000 C
264 71 -5.718000 19.893999 27.243000 O
265 71 -4.643000 18.813999 29.083000 C
266 71 -3.936000 19.186001 30.308001 N
267 71 -4.505000 20.150999 31.127001 C
268 71 -5.579000 20.656000 30.785999 O
269 71 -3.876000 20.507999 32.264000 N
270 71 -2.718000 19.931999 32.591000 C
271 71 -2.129000 20.308001 33.727001 N
272 71 -2.110000 18.943001 31.768000 C
273 71 -2.747000 18.604000 30.645000 C
274 72 -2.886000 21.385000 25.608000 P
275 72 -3.394000 21.878000 24.308001 O
276 72 -1.430000 21.299999 25.856001 O
277 72 -3.504000 22.287001 26.754000 O
278 72 -4.885000 22.621000 26.761000 C
279 72 -5.169000 23.513000 27.930000 C
280 72 -4.862000 22.809999 29.155001 O
281 72 -4.310000 24.749001 27.982000 C
282 72 -4.897000 25.743999 27.184000 O
283 72 -4.319000 25.093000 29.461000 C
284 72 -5.502000 25.754000 29.829000 O
285 72 -4.310000 23.702999 30.096001 C
286 72 -2.966000 23.229000 30.396000 N
287 72 -2.180000 22.433001 29.597000 C
288 72 -1.013000 22.176001 30.117001 N
289 72 -1.029000 22.837999 31.334999 C
290 72 -0.036000 22.924999 32.345001 C
291 72 1.106000 22.414000 32.365002 O
292 72 -0.473000 23.701000 33.415001 N
293 72 -1.695000 24.313999 33.499001 C
294 72 -1.917000 25.025000 34.601002 N
295 72 -2.626000 24.238001 32.570999 N
296 72 -2.228000 23.490999 31.524000 C
297 73 -4.163000 27.150000 27.009001 P
298 73 -4.647000 27.766001 25.768000 O
299 73 -2.716000 26.974001 27.228001 O
300 73 -4.730000 28.004999 28.216000 O
301 73 -4.513000 29.412001 28.277000 C
302 73 -5.768000 30.110001 28.709999 C
303 73 -6.179000 29.600000 29.997000 O
304 73 -5.620000 31.596001 28.915001 C
305 73 -5.700000 32.278000 27.674999 O
306 73 -6.730000 31.903000 29.917999 C
307 73 -8.003000 32.042999 29.325001 O
308 73 -6.741000 30.638000 30.784000 C
309 73 -6.009000 30.738001 32.062000 N
310 73 -4.783000 30.204000 32.395000 C
311 73 -4.383000 30.502001 33.606998 N
312 73 -5.415000 31.267000 34.112999 C
313 73 -5.592000 31.891001 35.337002 C
314 73 -4.693000 31.839001 36.324001 N
315 73 -6.730000 32.592999 35.526001 N
316 73 -7.617000 32.648998 34.534000 C
317 73 -7.566000 32.099998 33.337002 N
318 73 -6.426000 31.417000 33.180000 C
319 74 -4.843000 33.596001 27.441000 P
320 74 -5.123000 34.078999 26.052999 O
321 74 -3.465000 33.286999 27.844000 O
322 74 -5.509000 34.601002 28.469999 O
323 74 -6.890000 34.960999 28.313999 C
324 74 -7.370000 35.830002 29.452999 C
325 74 -7.571000 35.041000 30.639999 O
326 74 -6.447000 36.949001 29.858999 C
327 74 -6.673000 38.063999 29.014000 O
328 74 -6.866000 37.202999 31.299000 C
329 74 -8.010000 38.011002 31.408001 O
330 74 -7.220000 35.798000 31.782000 C
331 74 -6.089000 35.112999 32.397999 N
332 74 -5.331000 35.791000 33.277000 C
333 74 -5.578000 36.937000 33.595001 O
334 74 -4.267000 35.080002 33.778000 N
335 74 -3.921000 33.771999 33.474998 C
336 74 -2.943000 33.236000 34.001999 O
337 74 -4.780000 33.158001 32.556999 C
338 74 -5.813000 33.828999 32.066002 C
339 75 -5.486000 39.101002 28.731001 P
340 75 -6.138000 40.331001 28.233999 O
341 75 -4.421000 38.437000 27.913000 O
342 75 -4.899000 39.410999 30.180000 O
343 75 -5.629000 40.238998 31.113001 C
344 75 -4.781000 40.543999 32.317001 C
345 75 -4.624000 39.355999 33.110001 O
346 75 -3.373000 40.997002 32.001999 C
347 75 -3.373000 42.403999 31.792000 O
348 75 -2.627000 40.608002 33.264999 C
349 75 -2.856000 41.523998 34.306000 O
350 75 -3.332000 39.317001 33.653000 C
351 75 -2.686000 38.155998 33.091000 N
352 75 -2.985000 37.554001 31.903000 C
353 75 -2.253000 36.507999 31.667000 N
354 75 -1.420000 36.425999 32.766998 C
355 75 -0.410000 35.498001 33.077000 C
356 75 -0.038000 34.534000 32.428001 O
357 75 0.193000 35.782001 34.285999 N
358 75 -0.136000 36.827000 35.094002 C
359 75 0.563000 36.926998 36.222000 N
360 75 -1.080000 37.708000 34.818001 N
361 75 -1.674000 37.443001 33.646999 C
362 76 -2.167000 43.097000 30.990000 P
363 76 -2.310000 44.562000 31.165001 O
364 76 -2.112000 42.535999 29.625999 O
365 76 -0.879000 42.598000 31.778000 O
366 76 -0.618000 43.057999 33.112000 C
367 76 0.698000 42.512001 33.598999 C
368 76 0.600000 41.077999 33.775002 O
369 76 1.854000 42.709000 32.638000 C
370 76 2.421000 44.001999 32.811001 O
371 76 2.805000 41.583000 33.027000 C
372 76 3.677000 41.903999 34.090000 O
373 76 1.824000 40.471001 33.419998 C
374 76 1.548000 39.625000 32.278999 N
375 76 0.670000 39.907001 31.271000 C
376 76 0.643000 38.988998 30.349001 N
377 76 1.557000 38.041000 30.784000 C
378 76 1.960000 36.817001 30.194000 C
379 76 1.580000 36.310001 29.131001 O
380 76 2.904000 36.164001 30.969999 N
381 76 3.394000 36.619999 32.154999 C
382 76 4.288000 35.823002 32.749001 N
383 76 3.034000 37.765999 32.716999 N
384 76 2.117000 38.417999 31.980000 C
385 77 3.071000 44.754002 31.559000 P
386 77 3.641000 46.005001 32.092999 O
387 77 2.106000 44.820000 30.455000 O
388 77 4.238000 43.771000 31.136999 O
389 77 5.354000 43.664001 31.976000 C
390 77 6.297000 42.625999 31.479000 C
391 77 5.684000 41.325001 31.653000 O
392 77 6.646000 42.675999 29.997000 C
393 77 7.650000 43.623001 29.635000 O
394 77 7.098000 41.248001 29.747999 C
395 77 8.419000 41.022999 30.191999 O
396 77 6.130000 40.459999 30.627001 C
397 77 5.000000 40.009998 29.804001 N
398 77 4.835000 38.651001 29.629999 C
399 77 5.544000 37.826000 30.160999 O
400 77 3.811000 38.294998 28.802000 N
401 77 2.944000 39.138000 28.153000 C
402 77 2.047000 38.660999 27.457001 O
403 77 3.169000 40.528000 28.396999 C
404 77 4.160000 40.905998 29.200001 C
405 78 7.771000 44.118000 28.101000 P
406 78 8.908000 45.044998 28.006001 O
407 78 6.441000 44.560001 27.618999 O
408 78 8.184000 42.801998 27.313999 O
409 78 9.357000 42.069000 27.691999 C
410 78 9.688000 41.020000 26.655001 C
411 78 8.789000 39.883999 26.778999 O
412 78 9.517000 41.456001 25.218000 C
413 78 10.574000 42.207001 24.709000 O
414 78 9.336000 40.140999 24.488001 C
415 78 10.586000 39.519001 24.256001 O
416 78 8.488000 39.356998 25.490000 C
417 78 7.071000 39.615002 25.197001 N
418 78 6.244000 40.535999 25.788000 C
419 78 5.041000 40.573002 25.275999 N
420 78 5.074000 39.608002 24.285999 C
421 78 4.113000 39.166000 23.384001 C
422 78 2.879000 39.659000 23.322001 N
423 78 4.458000 38.182999 22.535000 N
424 78 5.687000 37.691002 22.601000 C
425 78 6.683000 38.026001 23.403999 N
426 78 6.309000 39.002998 24.233999 C
427 79 10.234000 43.428001 23.743000 P
428 79 11.503000 43.981998 23.235001 O
429 79 9.271000 44.308998 24.458000 O
430 79 9.471000 42.743999 22.528999 O
431 79 10.171000 41.897999 21.587000 C
432 79 9.200000 41.352001 20.568001 C
433 79 8.191000 40.577999 21.257999 O
434 79 8.428000 42.391998 19.781000 C
435 79 9.158000 42.792999 18.628000 O
436 79 7.163000 41.639000 19.405001 C
437 79 7.382000 40.806000 18.289000 O
438 79 6.930000 40.777000 20.650000 C
439 79 6.088000 41.432999 21.643000 N
440 79 6.465000 41.772999 22.914000 C
441 79 5.527000 42.377998 23.580999 N
442 79 4.462000 42.435001 22.700001 C
443 79 3.171000 42.984001 22.865000 C
444 79 2.695000 43.549000 23.854000 O
445 79 2.403000 42.831001 21.723000 N
446 79 2.820000 42.227001 20.573000 C
447 79 1.922000 42.181999 19.587000 N
448 79 4.025000 41.708000 20.403999 N
449 79 4.789000 41.848000 21.500999 C
450 80 8.550000 43.917999 17.650999 P
451 80 9.247000 43.859001 16.346001 O
452 80 8.470000 45.195999 18.378000 O
453 80 7.061000 43.445999 17.400000 O
454 80 6.712000 42.709000 16.228001 C
455 80 5.296000 43.012001 15.882000 C
456 80 4.470000 42.653000 17.004000 O
457 80 5.029000 44.484001 15.684000 C
458 80 5.267000 44.827999 14.350000 O
459 80 3.557000 44.601002 16.014999 C
460 80 2.746000 44.164001 14.956000 O
461 80 3.431000 43.596001 17.148001 C
462 80 3.593000 44.237999 18.452000 N
463 80 2.590000 45.049999 18.874001 C
464 80 1.604000 45.257000 18.216999 O
465 80 2.781000 45.612000 20.099001 N
466 80 3.862000 45.438999 20.921000 C
467 80 3.888000 46.007000 22.007000 O
468 80 4.872000 44.582001 20.406000 C
469 80 4.707000 44.027000 19.215000 C
470 81 5.042000 46.334999 13.888000 P
471 81 5.595000 46.437000 12.514000 O
472 81 5.575000 47.206001 14.976000 O
473 81 3.457000 46.505001 13.828000 O
474 81 2.681000 45.762001 12.877000 C
475 81 1.224000 46.164001 12.930000 C
476 81 0.677000 45.917999 14.254000 O
477 81 0.952000 47.637001 12.722000 C
478 81 0.949000 47.993999 11.373000 O
479 81 -0.403000 47.842999 13.377000 C
480 81 -1.497000 47.478001 12.562000 O
481 81 -0.301000 46.900002 14.565000 C
482 81 0.106000 47.637001 15.752000 N
483 81 1.301000 47.570000 16.431999 C
484 81 1.352000 48.380001 17.457001 N
485 81 0.118000 49.014000 17.448999 C
486 81 -0.406000 49.994999 18.309999 C
487 81 0.134000 50.521000 19.290001 O
488 81 -1.698000 50.362000 17.938999 N
489 81 -2.392000 49.846001 16.872000 C
490 81 -3.624000 50.316002 16.677999 N
491 81 -1.911000 48.933998 16.058001 N
492 81 -0.661000 48.564999 16.403999 C
493 82 1.460000 49.448002 10.970000 P
494 82 1.655000 49.432999 9.502000 O
495 82 2.594000 49.769001 11.874000 O
496 82 0.248000 50.402000 11.345000 O
497 82 -1.083000 50.062000 10.952000 C
498 82 -2.050000 51.028999 11.565000 C
499 82 -2.115000 50.832001 12.997000 O
500 82 -1.652000 52.477001 11.397000 C
501 82 -2.099000 52.919998 10.131000 O
502 82 -2.360000 53.160000 12.563000 C
503 82 -3.724000 53.438999 12.307000 O
504 82 -2.271000 52.081001 13.641000 C
505 82 -1.157000 52.238998 14.582000 N
506 82 -1.398000 52.955002 15.732000 C
507 82 -2.477000 53.473999 15.970000 O
508 82 -0.331000 53.046001 16.594999 N
509 82 0.930000 52.507999 16.421000 C
510 82 1.787000 52.674999 17.292999 O
511 82 1.105000 51.787998 15.193000 C
512 82 0.081000 51.681000 14.336000 C
513 83 -1.533000 54.287998 9.524000 P
514 83 -1.483000 54.165001 8.033000 O
515 83 -0.300000 54.653999 10.284000 O
516 83 -2.650000 55.341999 9.927000 O
517 83 -2.286000 56.688000 10.214000 C
518 83 -3.091000 57.219002 11.372000 C
519 83 -2.912000 56.380001 12.536000 O
520 83 -2.644000 58.596001 11.822000 C
521 83 -3.256000 59.582001 11.005000 O
522 83 -3.086000 58.644001 13.280000 C
523 83 -4.426000 59.036999 13.494000 O
524 83 -2.889000 57.188999 13.697000 C
525 83 -1.606000 56.992001 14.336000 N
526 83 -0.591000 56.165001 13.922000 C
527 83 0.442000 56.188999 14.717000 N
528 83 0.083000 57.088001 15.711000 C
529 83 0.794000 57.516998 16.844999 C
530 83 1.926000 57.172001 17.214001 O
531 83 0.057000 58.444000 17.587000 N
532 83 -1.208000 58.896999 17.268999 C
533 83 -1.756000 59.794998 18.108999 N
534 83 -1.880000 58.497002 16.207001 N
535 83 -1.178000 57.597000 15.481000 C
536 84 -2.340000 60.681000 10.290000 P
537 84 -3.012000 61.028999 9.008000 O
538 84 -0.946000 60.143002 10.278000 O
539 84 -2.410000 61.889000 11.321000 5
40 84 -2.502000 61.617001 12.720000 5
41 84 -2.049000 62.806999 13.534000 5
42 84 -1.905000 62.388000 14.913000 5
43 84 -0.694000 63.396999 13.180000 5
44 84 -0.790000 64.357002 12.121000 5
45 84 -0.271000 64.035004 14.493000 5
46 84 -0.893000 65.278999 14.757000 5
47 84 -0.796000 63.011002 15.502000 5
48 84 0.228000 61.985001 15.605000 5
49 84 0.376000 60.917999 14.764000 5
50 84 1.367000 60.153999 15.094000 5
51 84 1.919000 60.755001 16.219000 5
52 84 3.032000 60.382999 17.041000 5
53 84 3.789000 59.402000 16.938000 5
54 84 3.224000 61.275002 18.077000 5
55 84 2.443000 62.396999 18.319000 5
56 84 2.776000 63.146999 19.382000 5
57 84 1.410000 62.750999 17.576000 5
58 84 1.203000 61.894001 16.554001 5
59 85 0.488000 65.266998 11.748000 5
60 85 0.077000 66.055000 10.537000 5
61 85 1.732000 64.436996 11.702000 5
62 85 0.611000 66.241997 13.009000 5
63 85 1.855000 66.888000 13.316000 5
64 85 2.105000 66.912003 14.812000 5
65 85 1.909000 65.592003 15.388000 5
66 85 3.532000 67.279999 15.183000 5
67 85 3.767000 68.688004 15.088000 5
68 85 3.703000 66.632004 16.561001 5
69 85 3.181000 67.363998 17.650000 5
70 85 2.897000 65.343002 16.386999 5
71 85 3.736000 64.257004 15.884000 5
72 85 3.526000 63.551998 14.723000 C
573 85 4.430000 62.639999 14.504000 N
574 85 5.293000 62.743999 15.583000 C
575 85 6.459000 62.006001 15.882000 C
576 85 6.970000 61.084999 15.229000 5
77 85 7.044000 62.429001 17.072001 N
578 85 6.565000 63.433998 17.872000 C
579 85 7.284000 63.688000 18.979000 N
580 85 5.467000 64.136002 17.604000 N
581 85 4.887000 63.736000 16.448999 C
582 86 4.995000 69.223999 14.188000 5
83 86 4.957000 70.705002 14.242000 5
84 86 4.976000 68.531998 12.858000 5
85 86 6.267000 68.739998 15.018000 5
86 86 6.357000 69.042000 16.423000 5
87 86 7.717000 68.677002 16.958000 5
88 86 7.796000 67.242996 17.163000 5
89 86 8.883000 68.981003 16.028999 5
90 86 9.332000 70.318001 16.134001 5
91 86 9.955000 68.004997 16.496000 5
92 86 10.700000 68.477997 17.601999 5
93 86 9.117000 66.793999 16.900999 5
94 86 9.080000 65.721001 15.910000 N
595 86 8.229000 65.596001 14.839000 C
596 86 8.447000 64.514999 14.137000 N
597 86 9.503000 63.888000 14.787000 C
598 86 10.175000 62.660999 14.496000 C
599 86 9.953000 61.854000 13.587000 O
600 86 11.196000 62.408001 15.405000 N
601 86 11.526000 63.216999 16.459999 C
602 86 12.548000 62.798000 17.221001 N
603 86 10.904000 64.352997 16.750000 N
604 86 9.911000 64.623001 15.877000 C
605 87 10.056000 71.019997 14.875000 6
6 87 9.583000 72.431999 14.764000 6
7 87 10.033000 70.134003 13.661000 6
8 87 11.571000 71.064003 15.346000 6
9 87 12.579000 70.459000 14.553000 6
10 87 13.078000 69.239998 15.238000 6
11 87 12.163000 68.140999 15.001000 6
12 87 14.373000 68.792000 14.635000 6
13 87 15.451000 69.556000 15.209000 6
14 87 14.384000 67.303001 14.946000 6
15 87 14.870000 67.021004 16.249001 6
16 87 12.898000 66.945000 14.837000 6
17 87 12.434000 66.260002 13.611000 6
18 87 13.036000 65.061996 13.315000 6
19 87 13.901000 64.574997 14.029000 6
20 87 12.586000 64.440002 12.174000 6
21 87 11.610000 64.883003 11.305000 6
22 87 11.342000 64.203003 10.310000 6
23 87 11.016000 66.136002 11.669000 6
24 87 11.441000 66.772003 12.782000 6
25 88 16.962000 69.018997 15.058000 6
26 88 16.799000 67.521004 15.077000 6
27 88 17.834000 69.672997 16.093000 6
28 88 17.400000 69.474998 13.595000 6
29 88 17.773001 68.519997 12.602000 6
30 88 18.594999 69.188004 11.539000 6
31 88 19.836000 68.458000 11.388000 6
32 88 17.952000 69.102997 10.172000 6
33 88 16.857000 70.075996 10.201000 6
34 88 19.131001 69.177002 9.203000 6
35 88 19.525000 70.533997 9.002000 6
36 88 20.250000 68.492996 10.029000 6
37 88 20.858000 67.162003 9.696000 6
38 88 21.700001 67.042000 8.561000 6
39 88 21.926001 68.043999 7.856000 6
40 88 22.261999 65.841003 8.283000 6
41 88 22.016001 64.780998 9.073000 6
42 88 22.591000 63.603001 8.756000 6
43 88 21.171000 64.874001 10.227000 6
44 88 20.621000 66.070999 10.499000 6
46 90 14.214000 54.417000 13.964000 6
47 90 14.304000 54.304001 15.580000 6
48 90 13.291000 55.193001 16.247000 6
49 90 14.377000 52.860001 15.968000 6
50 90 15.748000 54.948002 15.788000 6
51 90 16.473000 54.797001 17.028000 6
52 90 16.426001 56.088001 17.804001 6
53 90 16.600000 57.195999 16.868999 6
54 90 15.097000 56.403999 18.468000 6
55 90 14.893000 55.769001 19.716999 6
56 90 15.139000 57.922001 18.583000 6
57 90 15.969000 58.362000 19.643000 6
58 90 15.794000 58.299000 17.261999 6
59 90 14.741000 58.504002 16.250999 6
60 90 14.110000 59.749001 16.177999 6
61 90 14.465000 60.653000 16.950001 6
62 90 13.127000 59.938000 15.272000 6
63 90 12.770000 58.944000 14.463000 6
64 90 11.793000 59.179001 13.591000 6
65 90 13.397000 57.669998 14.511000 6
66 90 14.369000 57.494999 15.409000 6
67 91 13.415000 55.785000 20.357000 6
68 91 13.485000 55.216000 21.742001 6
69 91 12.495000 55.174999 19.339001 6
70 91 13.088000 57.341000 20.475000 6
71 91 14.029000 58.220001 21.114000 6
72 91 13.478000 59.611000 21.197001 6
73 91 13.445000 60.233002 19.889000 6
74 91 12.040000 59.646000 21.645000 6
75 91 11.924000 59.528999 23.028999 6
76 91 11.547000 60.974998 21.115999 6
77 91 11.905000 62.049000 21.959999 6
78 91 12.294000 61.054001 19.788000 6
79 91 11.440000 60.525002 18.725000 6
80 91 10.200000 61.144001 18.490000 6
81 91 9.865000 62.119999 19.191999 6
82 91 9.401000 60.664001 17.514999 6
83 91 9.792000 59.605999 16.794001 6
84 91 8.968000 59.155998 15.847000 6
85 91 11.046000 58.959000 17.014999 6
86 91 11.830000 59.446999 17.981001 6
87 92 10.729000 58.660999 23.615999 6
88 92 11.319000 57.487000 24.320000 6
89 92 9.794000 58.442001 22.472000 6
90 92 10.059000 59.660999 24.660000 6
91 92 8.641000 59.749001 24.768000 6
92 92 8.153000 61.067001 24.226000 6
93 92 8.637000 61.284000 22.875000 6
94 92 6.649000 61.118000 24.089001 6
95 92 6.073000 61.424000 25.330000 O
696 92 6.427000 62.178001 23.021000 6
97 92 6.426000 63.508999 23.499001 6
98 92 7.630000 61.936001 22.108000 6
99 92 7.286000 61.070999 20.971001 7
0 92 6.096000 61.320000 20.249001 7
1 92 5.362000 62.264999 20.597000 7
2 92 5.785000 60.521000 19.198999 N
703 92 6.604000 59.512001 18.861000 7
4 92 6.272000 58.743999 17.816999 7
5 92 7.808000 59.243000 19.577999 7
6 92 8.107000 60.037998 20.614000 7
7 93 4.950000 60.458000 25.917000 P
708 93 5.284000 60.169998 27.336000 O
709 93 4.818000 59.341999 24.934999 O
710 93 3.651000 61.363998 25.841999 O
711 93 3.465000 62.209000 24.715000 C
712 93 2.025000 62.234001 24.320000 C
713 93 1.973000 62.551998 22.912001 O
714 93 1.249000 60.936001 24.452000 C
715 93 0.742000 60.719002 25.768999 O
716 93 0.161000 61.124001 23.403999 C
717 93 -0.894000 61.979000 23.805000 O
718 93 0.949000 61.808998 22.294001 C
719 93 1.616000 60.757000 21.534000 N
720 93 1.210000 60.501999 20.233000 C
721 93 0.288000 61.196999 19.743000 O
722 93 1.824000 59.509998 19.541000 N
723 93 2.800000 58.794998 20.115000 C
724 93 3.376000 57.825001 19.403999 N
725 93 3.229000 59.043999 21.444000 C
726 93 2.620000 60.023998 22.108999 C
727 94 0.233000 59.243000 26.194000 P
728 94 -0.412000 59.285000 27.544001 O
729 94 1.347000 58.287998 25.938999 O
730 94 -0.916000 58.943001 25.136999 O
731 94 -1.998000 59.868999 24.983999 C
732 94 -2.887000 59.452000 23.844999 C
733 94 -2.180000 59.599998 22.584999 O
734 94 -3.320000 58.000000 23.858000 C
735 94 -4.371000 57.727001 24.759001 O
736 94 -3.650000 57.749001 22.393999 C
737 94 -4.926000 58.250000 22.014000 O
738 94 -2.542000 58.544998 21.711000 C
739 94 -1.382000 57.666000 21.573000 N
740 94 -0.324000 57.471001 22.438999 C
741 94 0.549000 56.583000 22.016001 N
742 94 0.034000 56.167000 20.792999 C
743 94 0.485000 55.237999 19.834000 C
744 94 1.604000 54.522999 19.948000 N
745 94 -0.271000 55.067001 18.730000 N
746 94 -1.405000 55.782001 18.600000 C
747 94 -1.933000 56.681000 19.424000 N
748 94 -1.157000 56.828999 20.511000 C
749 95 -4.432000 56.286999 25.455999 P
750 95 -5.431000 56.415001 26.552000 O
751 95 -3.033000 55.855000 25.764999 O
752 95 -5.008000 55.362999 24.289000 O
753 95 -6.181000 55.785999 23.555000 C
754 95 -6.411000 54.924000 22.327999 C
755 95 -5.422000 55.227001 21.309999 O
756 95 -6.295000 53.421001 22.506001 C
757 95 -7.411000 52.776001 23.084000 O
758 95 -5.999000 52.943001 21.093000 C
759 95 -7.148000 52.889000 20.261999 O
760 95 -5.069000 54.042999 20.613001 C
761 95 -3.714000 53.660999 21.020000 N
762 95 -3.037000 52.771999 20.218000 C
763 95 -3.515000 52.297001 19.205999 O
764 95 -1.782000 52.452999 20.646999 N
765 95 -1.152000 52.916000 21.775000 C
766 95 -0.013000 52.529999 22.028000 O
767 95 -1.924000 53.828999 22.559999 C
768 95 -3.147000 54.160999 22.163000 C
769 96 -7.232000 51.271999 23.634001 P
770 96 -8.458000 50.901001 24.405001 O
771 96 -5.871000 51.094002 24.254000 O
772 96 -7.210000 50.435001 22.294001 O
773 96 -6.676000 49.144001 22.287001 C
774 96 -6.937000 48.505001 20.966999 C
775 96 -6.225000 49.202999 19.919001 O
776 96 -6.496000 47.075001 20.881001 C
777 96 -7.466000 46.262001 21.489000 O
778 96 -6.285000 46.905998 19.386999 C
779 96 -7.517000 46.743999 18.712000 O
780 96 -5.658000 48.258999 19.035000 C
781 96 -4.251000 48.209000 19.417000 N
782 96 -3.640000 49.044998 20.316000 C
783 96 -2.384000 48.761002 20.510000 N
784 96 -2.148000 47.679001 19.683001 C
785 96 -0.975000 46.953999 19.471001 C
786 96 0.134000 47.129002 19.979000 O
787 96 -1.167000 45.929001 18.559999 N
788 96 -2.348000 45.647999 17.926001 C
789 96 -2.332000 44.610001 17.065001 N
790 96 -3.462000 46.328999 18.115999 N
791 96 -3.291000 47.325001 19.000000 C
792 97 -7.003000 45.243000 22.617001 P
793 97 -8.210000 44.540001 23.091999 O
794 97 -6.155000 45.973999 23.577999 O
795 97 -6.093000 44.256001 21.771999 O
796 97 -6.451000 43.965000 20.410000 C
797 97 -5.492000 42.981998 19.804001 C
798 97 -4.299000 43.658001 19.357000 O
799 97 -4.987000 41.935001 20.761999 C
800 97 -5.899000 40.877998 20.879000 O
801 97 -3.681000 41.506001 20.125999 C
802 97 -3.881000 40.609001 19.063999 O
803 97 -3.176000 42.821999 19.551001 C
804 97 -2.230000 43.498001 20.447001 N
805 97 -1.018000 42.886002 20.709999 C
806 97 -0.778000 41.805000 20.184999 O
807 97 -0.135000 43.480000 21.527000 N
808 97 -0.428000 44.651001 22.075001 C
809 97 0.481000 45.206001 22.882000 N
810 97 -1.663000 45.307999 21.825001 C
811 97 -2.528000 44.700001 21.011999 C
812 98 -5.808000 39.910000 22.143999 P
813 98 -7.064000 39.137001 22.247999 O
814 98 -5.360000 40.730999 23.288000 O
815 98 -4.644000 38.911999 21.733000 O
816 98 -3.904000 38.222000 22.725000 C
817 98 -2.435000 38.341000 22.448000 C
818 98 -2.092000 39.683998 22.052999 O
819 98 -1.597000 38.075001 23.664000 C
820 98 -1.465000 36.681000 23.740000 O
821 98 -0.307000 38.825001 23.364000 C
822 98 0.558000 38.077999 22.542000 O
823 98 -0.831000 40.034000 22.587000 C
824 98 -1.014000 41.275002 23.332001 N
825 98 -2.075000 42.136002 23.202999 C
826 98 -1.990000 43.180000 23.976999 N
827 98 -0.805000 42.998001 24.666000 C
828 98 -0.194000 43.806000 25.643999 C
829 98 -0.596000 44.879002 26.118000 O
830 98 1.005000 43.257000 26.079000 N
831 98 1.543000 42.077999 25.625000 C
832 98 2.714000 41.720001 26.157000 N
833 98 0.977000 41.308998 24.712999 N
834 98 -0.186000 41.826000 24.278999 C
835 99 -2.342000 35.875999 24.804001 P
836 99 -3.063000 34.776001 24.128000 O
837 99 -3.113000 36.882000 25.566999 O
838 99 -1.218000 35.326000 25.787001 O
839 99 -0.501000 34.092999 25.547001 C
840 99 0.389000 34.181000 24.320999 C
841 99 1.029000 35.480999 24.191000 O
842 99 1.551000 33.210999 24.374001 C
843 99 1.150000 31.927999 23.974001 O
844 99 2.553000 33.832001 23.417999 C
845 99 2.242000 33.544998 22.080999 O
846 99 2.335000 35.323002 23.649000 C
847 99 3.320000 35.887001 24.573999 N
848 99 3.117000 36.763000 25.605000 C
849 99 4.208000 37.070000 26.263000 N
850 99 5.195000 36.351002 25.617001 C
851 99 6.559000 36.240002 25.841000 C
852 99 7.194000 36.888000 26.802999 N
853 99 7.263000 35.431000 25.035000 N
854 99 6.620000 34.785999 24.063999 C
855 99 5.334000 34.812000 23.747999 N
856 99 4.666000 35.623001 24.573999 C
857 100 1.440000 30.681999 24.931999 P
858 100 0.965000 29.451000 24.281000 O
859 100 0.971000 31.007999 26.304001 O
860 100 3.018000 30.577999 24.921000 O
861 100 3.692000 29.684000 24.018999 C
862 100 5.153000 29.726999 24.318001 C
863 100 5.579000 31.093000 24.209999 O
864 100 5.505000 29.302999 25.726000 C
865 100 5.786000 27.916000 25.673000 O
866 100 6.778000 30.084999 25.992001 C
867 100 7.902000 29.447001 25.438000 O
868 100 6.507000 31.379000 25.221001 C
869 100 5.932000 32.472000 25.985001 N
870 100 4.770000 33.133999 25.698000 C
871 100 4.507000 34.091999 26.534000 N
872 100 5.559000 34.056000 27.427000 C
873 100 5.818000 34.849998 28.556000 C
874 100 5.158000 35.786999 29.002001 O
875 100 6.985000 34.464001 29.191999 N
876 100 7.800000 33.442001 28.785000 C
877 100 8.881000 33.217999 29.530001 N
878 100 7.572000 32.695000 27.726999 N
879 100 6.442000 33.055000 27.101999 C
880 101 5.073000 26.917000 26.698000 P
881 101 5.461000 25.525999 26.337999 O
882 101 3.644000 27.285000 26.783001 O
883 101 5.765000 27.260000 28.083000 O
884 101 7.092000 26.785000 28.372999 C
885 101 7.577000 27.382000 29.666000 C
886 101 7.797000 28.799999 29.499001 O
887 101 6.595000 27.261999 30.809000 C
888 101 6.814000 26.011999 31.445000 O
889 101 6.999000 28.423000 31.700001 C
890 101 8.125000 28.076000 32.467999 O
891 101 7.428000 29.472000 30.674000 C
892 101 6.408000 30.438999 30.306999 N
893 101 5.955000 30.716999 29.049000 C
894 101 5.041000 31.650000 29.014000 N
895 101 4.884000 32.005001 30.341999 C
896 101 4.064000 32.938999 30.969000 C
897 101 3.206000 33.720001 30.320000 N
898 101 4.149000 33.047001 32.306000 N
899 101 5.003000 32.257999 32.952999 C
900 101 5.826000 31.341000 32.473999 N
901 101 5.716000 31.264000 31.146000 C
902 102 5.668000 25.370001 32.368999 P
903 102 6.375000 24.355000 33.209999 O
904 102 4.518000 24.945000 31.520000 O
905 102 5.194000 26.584999 33.292999 O
906 102 6.107000 27.132999 34.249001 C
907 102 5.442000 28.115000 35.188999 C
908 102 5.080000 29.330999 34.478001 O
909 102 4.137000 27.662001 35.816002 C
910 102 4.337000 26.854000 36.958000 O
911 102 3.486000 28.976000 36.207001 C
912 102 4.002000 29.459999 37.421001 O
913 102 3.936000 29.903000 35.083000 C
914 102 2.895000 30.183001 34.098000 N
915 102 2.654000 29.548000 32.907001 C
916 102 1.611000 30.021000 32.284000 N
917 102 1.144000 31.035000 33.111000 C
918 102 0.036000 31.907000 32.967999 C
919 102 -0.781000 31.971001 32.050999 O
920 102 -0.077000 32.773998 34.039001 N
921 102 0.760000 32.813999 35.102001 C
922 102 0.473000 33.737000 36.023998 N
923 102 1.799000 32.014000 35.254002 N
924 102 1.928000 31.152000 34.226002 C
925 103 3.150000 25.896999 37.458000 P
926 103 3.630000 25.171000 38.662998 O
927 103 2.681000 25.125000 36.286999 O
928 103 1.993000 26.910000 37.882000 O
929 103 2.143000 27.684000 39.064999 C
930 103 0.981000 28.625000 39.268002 C
931 103 0.911000 29.589001 38.181000 O
932 103 -0.394000 27.996000 39.276001 C
933 103 -0.701000 27.389999 40.516998 O
934 103 -1.298000 29.176001 38.929001 C
935 103 -1.579000 30.033001 40.014000 O
936 103 -0.440000 29.941000 37.930000 C
937 103 -0.800000 29.561001 36.557999 N
938 103 -1.498000 30.478001 35.779999 C
939 103 -1.794000 31.597000 36.166000 O
940 103 -1.837000 30.025999 34.530998 N
941 103 -1.555000 28.782000 33.993000 C
942 103 -1.930000 28.514999 32.858002 O
943 103 -0.826000 27.908001 34.849998 C
944 103 -0.479000 28.316999 36.070999 C
945 104 -1.874000 26.297001 40.582001 P
946 104 -2.134000 25.954000 41.998001 O
947 104 -1.537000 25.212000 39.623001 O
948 104 -3.126000 27.122000 40.036999 O
949 104 -3.459000 28.400000 40.619999 C
950 104 -4.731000 28.964001 40.023998 C
951 104 -4.468000 29.556999 38.724998 O
952 104 -5.840000 27.959000 39.766998 C
953 104 -6.602000 27.712000 40.929001 O
954 104 -6.670000 28.648001 38.695999 C
955 104 -7.567000 29.591000 39.240002 O
956 104 -5.593000 29.363001 37.881001 C
957 104 -5.199000 28.561001 36.724998 N
958 104 -4.111000 27.750999 36.567001 C
959 104 -4.067000 27.145000 35.408001 N
960 104 -5.205000 27.587999 34.761002 C
961 104 -5.739000 27.308001 33.500999 C
962 104 -5.183000 26.478001 32.623001 N
963 104 -6.885000 27.917999 33.162998 N
964 104 -7.448000 28.750999 34.042000 C
965 104 -7.045000 29.091000 35.254002 N
966 104 -5.904000 28.466000 35.557999 C
967 105 -7.132000 26.230000 41.223000 P
968 105 -8.137000 26.330000 42.306999 O
969 105 -5.972000 25.319000 41.379002 O
970 105 -7.890000 25.844999 39.889999 O
971 105 -9.071000 26.535000 39.534000 C
972 105 -9.547000 26.061001 38.202000 C
973 105 -8.563000 26.415001 37.201000 O
974 105 -9.670000 24.556999 38.066002 C
975 105 -10.864000 24.046000 38.615002 O
976 105 -9.551000 24.358000 36.562000 C
977 105 -10.741000 24.629999 35.845001 O
978 105 -8.502000 25.403999 36.212002 C
979 105 -7.196000 24.771000 36.283001 N
980 105 -6.251000 24.892000 37.271999 C
981 105 -5.195000 24.158001 37.055000 N
982 105 -5.462000 23.525999 35.847000 C
983 105 -4.684000 22.607000 35.090000 C
984 105 -3.566000 22.149000 35.344002 O
985 105 -5.339000 22.221001 33.928001 N
986 105 -6.581000 22.656000 33.542999 C
987 105 -7.056000 22.163000 32.394001 N
988 105 -7.309000 23.511000 34.234001 N
989 105 -6.692000 23.900000 35.362999 C
990 106 -10.990000 22.469999 38.886002 P
991 106 -12.211000 22.256001 39.691002 O
992 106 -9.684000 21.950001 39.375999 O
993 106 -11.249000 21.888000 37.433998 O
994 106 -11.041000 20.511999 37.153000 C
995 106 -10.766000 20.323000 35.685001 C
996 106 -9.582000 21.061001 35.303001 O
997 106 -10.471000 18.895000 35.289001 C
998 106 -11.698000 18.224001 35.115002 O
999 106 -9.654000 19.065001 34.015999 C
1000 106 -10.470000 19.323999 32.889999 O
1001 106 -8.842000 20.319000 34.351002 C
1002 106 -7.536000 20.045000 34.945000 N
1003 106 -7.039000 20.587000 36.111000 C
1004 106 -5.837000 20.174000 36.398998 N
1005 106 -5.520000 19.304001 35.363998 C
1006 106 -4.350000 18.552999 35.136002 C
1007 106 -3.323000 18.502001 35.831001 O
1008 106 -4.446000 17.802000 33.966999 N
1009 106 -5.535000 17.777000 33.131001 C
1010 106 -5.437000 16.989000 32.057999 N
1011 106 -6.635000 18.471001 33.334000 N
1012 106 -6.560000 19.209999 34.459999 C
1013 107 -12.345000 17.430000 36.356998 P
1014 107 -13.775000 17.843000 36.471001 O
1015 107 -11.450000 17.528999 37.563999 O
1016 107 -12.314000 15.927000 35.838001 O
1017 107 -11.253000 15.048000 36.208000 1
18 107 -10.339000 14.800000 35.035000 1
19 107 -9.380000 15.881000 34.915001 1
20 107 -9.469000 13.577000 35.223000 1
21 107 -10.183000 12.400000 34.933998 1
22 107 -8.263000 13.850000 34.338001 1
23 107 -8.419000 13.503000 32.972000 1
24 107 -8.118000 15.358000 34.523998 C
1025 107 -7.159000 15.666000 35.575001 N
1026 107 -7.294000 16.593000 36.578999 C
1027 107 -6.246000 16.667999 37.354000 N
1028 107 -5.370000 15.727000 36.833000 C
1029 107 -4.065000 15.367000 37.243000 C
1030 107 -3.396000 15.832000 38.168999 O
1031 107 -3.538000 14.361000 36.442001 N
1032 107 -4.184000 13.781000 35.375000 C
1033 107 -3.509000 12.826000 34.722000 1
34 107 -5.399000 14.114000 34.977001 N
1035 107 -5.927000 15.089000 35.743999 C
1036 108 -10.259000 11.269000 36.058998 1
37 108 -11.049000 10.122000 35.511002 1
38 108 -10.700000 11.943000 37.325001 1
39 108 -8.725000 10.857000 36.222000 1
40 108 -7.983000 10.299000 35.116001 1
41 108 -6.611000 9.903000 35.577999 1
42 108 -5.830000 11.102000 35.792999 1
43 108 -6.589000 9.206000 36.930000 1
44 108 -6.883000 7.816000 36.922001 1
45 108 -5.189000 9.500000 37.442001 1
46 108 -4.197000 8.592000 37.007999 1
47 108 -4.974000 10.914000 36.905998 1
48 108 -5.358000 11.862000 37.938000 1
49 108 -6.601000 12.357000 38.254002 1
50 108 -6.596000 13.180000 39.275002 1
51 108 -5.256000 13.234000 39.650002 1
52 108 -4.572000 13.935000 40.674000 1
53 108 -5.168000 14.756000 41.550999 1
54 108 -3.232000 13.756000 40.764999 1
55 108 -2.630000 12.929000 39.889000 1
56 108 -3.162000 12.221000 38.895000 1
57 108 -4.488000 12.424000 38.831001 1
58 109 -7.316000 7.109000 38.300999 1
59 109 -6.745000 5.736000 38.341000 1
60 109 -8.779000 7.312000 38.516998 1
61 109 -6.539000 7.975000 39.384998 1
62 109 -6.028000 7.369000 40.566002 1
63 109 -4.521000 7.309000 40.514999 1
64 109 -3.971000 8.636000 40.313999 1
65 109 -3.887000 6.824000 41.804001 1
66 109 -3.908000 5.404000 41.896000 1
67 109 -2.491000 7.433000 41.754002 1
68 109 -1.550000 6.672000 41.014999 1
69 109 -2.778000 8.777000 41.075001 1
70 109 -2.993000 9.853000 42.044998 1
71 109 -2.100000 10.357000 42.970001 1
72 109 -2.590000 11.335000 43.700001 1
73 109 -3.893000 11.487000 43.228001 1
74 109 -4.949000 12.373000 43.584000 1
75 109 -4.851000 13.312000 44.541000 1
76 109 -6.122000 12.256000 42.910000 1
77 109 -6.223000 11.318000 41.951000 1
78 109 -5.311000 10.437000 41.528000 1
79 109 -4.156000 10.576000 42.210999 1
80 110 -4.676000 4.722000 43.125000 1
81 110 -4.063000 3.402000 43.428001 1
82 110 -6.140000 4.818000 42.847000 1
83 110 -4.280000 5.681000 44.325001 1
84 110 -2.911000 5.771000 44.748001 1
85 110 -2.806000 6.728000 45.890999 1
86 110 -2.807000 8.085000 45.388000 1
87 110 -3.980000 6.674000 46.851002 1
88 110 -3.919000 5.582000 47.763000 1
89 110 -3.950000 8.065000 47.471001 1
90 110 -3.011000 8.261000 48.512001 1
91 110 -3.557000 8.909000 46.264000 1
92 110 -4.812000 9.249000 45.589001 1
93 110 -5.606000 10.252000 46.137001 1
94 110 -5.219000 10.826000 47.172001 1
95 110 -6.772000 10.570000 45.536999 1
96 110 -7.151000 9.926000 44.431000 1
97 110 -8.310000 10.286000 43.867001 1
98 110 -6.360000 8.892000 43.853001 1
99 110 -5.209000 8.590000 44.458000 1
100 111 -5.263000 4.738000 48.089001 1
101 111 -4.871000 3.439000 48.727001 1
102 111 -6.143000 4.736000 46.874001 1
103 111 -5.990000 5.614000 49.195999 1
104 111 -5.266000 6.075000 50.334999 1
105 111 -6.018000 7.193000 50.966999 1
106 111 -6.112000 8.287000 50.020000 1
107 111 -7.463000 6.845000 51.278000 1
108 111 -7.573000 6.161000 52.521999 1
109 111 -8.139000 8.210000 51.272999 1
110 111 -7.997000 8.935000 52.480999 1
111 111 -7.369000 8.923000 50.161999 1
112 111 -8.083000 8.878000 48.879002 1
113 111 -9.308000 9.521000 48.834999 1
114 111 -9.792000 10.091000 49.804001 1
115 111 -9.948000 9.477000 47.623001 1
116 111 -9.504000 8.867000 46.474998 1
117 111 -10.205000 8.919000 45.460999 1
118 111 -8.225000 8.210000 46.598000 1
119 111 -7.575000 8.238000 47.770000 1
120 112 -8.977000 5.502000 52.949001 1
121 112 -8.742000 4.815000 54.251999 1
122 112 -9.564000 4.739000 51.796001 1
123 112 -9.909000 6.767000 53.202999 1
124 112 -11.325000 6.632000 53.209999 C
1125 112 -11.967000 7.981000 53.292999 C
1126 112 -11.668000 8.750000 52.108002 O
1127 112 -13.474000 7.914000 53.334999 C
1128 112 -13.816000 7.734000 54.694000 O
1129 112 -13.895000 9.273000 52.787998 C
1130 112 -13.871000 10.302000 53.756001 O
1131 112 -12.790000 9.544000 51.768002 C
1132 112 -13.128000 9.295000 50.372002 N
1133 112 -12.497000 8.434000 49.511002 C
1134 112 -13.003000 8.450000 48.311001 N
1135 112 -14.037000 9.369000 48.387001 C
1136 112 -14.950000 9.802000 47.395000 C
1137 112 -15.027000 9.447000 46.216000 O
1138 112 -15.839000 10.750000 47.894001 N
1139 112 -15.844000 11.224000 49.188999 C
1140 112 -16.781000 12.149000 49.484001 N
1141 112 -14.993000 10.822000 50.125999 N
1142 112 -14.126000 9.899000 49.655998 C
1143 113 -15.174000 6.991000 55.074001 P
1144 113 -15.321000 7.082000 56.556999 O
1145 113 -15.190000 5.666000 54.404999 O
1146 113 -16.254999 7.905000 54.362000 O
1147 113 -16.408001 9.270000 54.755001 C
1148 113 -17.743000 9.751000 54.314999 C
1149 113 -17.648001 10.318000 53.000000 O
1150 113 -18.750999 8.634000 54.195999 C
1151 113 -19.289000 8.369000 55.474998 O
1152 113 -19.733999 9.197000 53.186001 C
1153 113 -20.638000 10.105000 53.764000 O
1154 113 -18.796000 9.973000 52.259998 C
1155 113 -18.327000 9.201000 51.106998 N
1156 113 -19.138000 9.114000 49.970001 C
1157 113 -20.242001 9.670000 49.977001 O
1158 113 -18.695999 8.426000 48.897999 N
1159 113 -17.496000 7.835000 48.931999 C
1160 113 -17.098000 7.161000 47.844002 N
1161 113 -16.650000 7.904000 50.081001 C
1162 113 -17.103001 8.588000 51.136002 C
1163 114 -20.271999 7.129000 55.680000 P
1164 114 -20.452999 6.944000 57.134998 O
1165 114 -19.781000 6.001000 54.848999 O
1166 114 -21.631001 7.687000 55.084999 O
1167 114 -22.632000 6.813000 54.639000 C
1168 114 -23.481001 7.497000 53.616001 C
1169 114 -22.655001 8.133000 52.619999 O
1170 114 -24.334000 6.536000 52.844002 C
1171 114 -25.471001 6.264000 53.604000 O
1172 114 -24.587999 7.271000 51.543999 C
1173 114 -25.632999 8.200000 51.655998 O
1174 114 -23.254000 7.992000 51.344002 C
1175 114 -22.326000 7.216000 50.512001 N
1176 114 -22.610001 7.024000 49.165001 C
1177 114 -23.629000 7.521000 48.695000 O
1178 114 -21.761999 6.298000 48.407001 N
1179 114 -20.665001 5.774000 48.950001 C
1180 114 -19.855000 5.059000 48.167999 N
1181 114 -20.347000 5.958000 50.320000 C
1182 114 -21.195999 6.681000 51.056999 C
1183 115 -25.733999 4.770000 54.066002 P
1184 115 -26.632999 4.755000 55.236000 O
1185 115 -24.408001 4.132000 54.151001 O
1186 115 -26.528000 4.200000 52.821999 O
1187 115 -27.749001 4.830000 52.442001 C
1188 115 -28.011999 4.658000 50.973999 C
1189 115 -26.933001 5.255000 50.219002 O
1190 115 -28.049999 3.229000 50.478001 C
1191 115 -29.285999 2.606000 50.730000 O
1192 115 -27.743999 3.390000 49.001999 C
1193 115 -28.882999 3.815000 48.279999 O
1194 115 -26.711000 4.510000 49.036999 C
1195 115 -25.358999 3.968000 49.077999 N
1196 115 -24.535999 3.814000 50.158001 C
1197 115 -23.384001 3.270000 49.865002 N
1198 115 -23.454000 3.053000 48.497002 C
1199 115 -22.552999 2.492000 47.575001 C
1200 115 -21.348000 2.027000 47.895000 N
1201 115 -22.938999 2.423000 46.287998 N
1202 115 -24.142000 2.887000 45.958000 C
1203 115 -25.072001 3.434000 46.728001 N
1204 115 -24.660999 3.486000 48.001999 C
1205 116 -29.297001 1.130000 51.355999 P
1206 116 -30.657000 0.887000 51.896999 O
1207 116 -28.112000 0.996000 52.257000 O
1208 116 -29.091999 0.211000 50.069000 O
1209 116 -30.103001 0.168000 49.035999 C
1210 116 -29.629000 -0.642000 47.844002 C
1211 116 -28.562000 0.069000 47.158001 O
1212 116 -29.028999 -2.004000 48.153999 C
1213 116 -30.002001 -3.023000 48.341000 O
1214 116 -28.150000 -2.260000 46.937000 C
1215 116 -28.886000 -2.784000 45.841999 O
1216 116 -27.618999 -0.855000 46.637001 C
1217 116 -26.312000 -0.587000 47.243999 N
1218 116 -26.054001 0.116000 48.394001 C
1219 116 -24.782000 0.169000 48.688999 N
1220 116 -24.160999 -0.538000 47.671001 C
1221 116 -22.785000 -0.822000 47.449001 C
1222 116 -21.806000 -0.497000 48.125000 O
1223 116 -22.604000 -1.570000 46.298000 N
1224 116 -23.608000 -1.994000 45.467999 C
1225 116 -23.238001 -2.716000 44.410999 N
1226 116 -24.886000 -1.734000 45.659000 N
1227 116 -25.091000 -1.009000 46.770000 C
1228 117 -29.653000 -4.291000 49.275002 P
1229 117 -30.908001 -5.056000 49.526001 O
1230 117 -28.865999 -3.795000 50.435001 O
1231 117 -28.679001 -5.167000 48.360001 O
1232 117 -27.459000 -4.599000 47.875999 C
1233 117 -26.757999 -5.496000 46.875000 C
1234 117 -25.771999 -4.693000 46.194000 O
1235 117 -26.031000 -6.751000 47.348000 C
1236 117 -26.916000 -7.877000 47.324001 O
1237 117 -24.934000 -6.901000 46.294998 C
1238 117 -25.361000 -7.516000 45.095001 O
1239 117 -24.590000 -5.437000 46.021000 C
1240 117 -23.667999 -4.891000 47.004002 N
1241 117 -24.011000 -4.122000 48.091000 C
1242 117 -22.987000 -3.747000 48.799000 N
1243 117 -21.903999 -4.307000 48.143002 C
1244 117 -20.537001 -4.243000 48.445999 C
1245 117 -19.993000 -3.661000 49.383999 O
1246 117 -19.775999 -4.950000 47.522999 N
1247 117 -20.282000 -5.636000 46.442001 C
1248 117 -19.389999 -6.263000 45.659000 N
1249 117 -21.566999 -5.703000 46.147999 N
1250 117 -22.313000 -5.020000 47.035000 C
1251 118 -26.365999 -9.347000 47.678001 P
1252 118 -26.612000 -10.198000 46.487000 O
1253 118 -26.952000 -9.736000 48.993999 O
1254 118 -24.789000 -9.163000 47.831001 O
1255 118 -23.981001 -10.209000 48.398998 C
1256 118 -22.618999 -10.234000 47.748001 C
1257 118 -22.145000 -8.883000 47.585999 O
1258 118 -21.527000 -10.949000 48.535000 C
1259 118 -21.459000 -12.335000 48.209000 O
1260 118 -20.257000 -10.261000 48.054001 C
1261 118 -19.723000 -10.810000 46.868999 O
1262 118 -20.749001 -8.835000 47.807999 C
1263 118 -20.504999 -7.873000 48.897999 N
1264 118 -19.188999 -7.596000 49.291000 C
1265 118 -18.257999 -8.182000 48.723000 O
1266 118 -18.971001 -6.693000 50.282001 N
1267 118 -20.002001 -6.082000 50.872002 C
1268 118 -19.740999 -5.196000 51.841999 N
1269 118 -21.350000 -6.350000 50.494999 C
1270 118 -21.554001 -7.245000 49.514999 C
1271 119 -21.174999 -13.417000 49.366001 1
272 119 -21.202000 -14.712000 48.651001 1
273 119 -22.150000 -13.157000 50.485001 1
274 119 -19.700001 -13.104000 49.909000 1
275 119 -18.518999 -13.790000 49.396999 1
276 119 -17.313000 -12.863000 49.431000 1
277 119 -17.745001 -11.598000 50.015999 1
278 119 -16.143000 -13.364000 50.306999 1
279 119 -14.986000 -13.867000 49.561001 1
280 119 -15.542000 -12.067000 50.819000 1
281 119 -14.212000 -11.816000 51.251999 1
282 119 -16.660000 -11.047000 50.717999 1
283 119 -17.115999 -10.361000 51.903999 1
284 119 -18.266001 -10.439000 52.609001 1
285 119 -18.309000 -9.611000 53.612999 1
286 119 -17.094999 -8.951000 53.555000 1
287 119 -16.506001 -7.950000 54.323002 1
288 119 -17.087999 -7.379000 55.379002 1
289 119 -15.274000 -7.542000 53.973999 1
290 119 -14.683000 -8.093000 52.918999 1
291 119 -15.133000 -9.023000 52.117001 1
292 119 -16.351000 -9.411000 52.502998 1
293 120 -15.073000 -15.228000 48.698002 1
294 120 -13.782000 -15.977000 48.737000 1
295 120 -15.620000 -14.778000 47.365002 1
296 120 -16.177999 -16.066000 49.467999 1
