1194 2636
0 2
0 3
0 4
0 5
1 3
1 5
1 6
1 7
2 4
2 6
2 8
2 9
3 4
3 7
3 8
3 9
5 6
7 9
7 10
7 11
7 12
8 10
8 12
8 18
9 11
9 19
10 11
10 18
10 19
10 338
10 344
11 13
12 14
13 15
13 16
14 16
14 17
16 17
18 20
18 21
18 22
18 23
19 21
19 23
19 24
19 327
20 22
20 25
21 22
21 24
21 25
22 24
23 337
24 26
24 27
24 28
24 327
25 27
25 29
25 30
25 32
26 28
26 33
27 28
27 32
27 33
27 324
28 30
28 31
30 31
31 1185
32 34
32 35
32 36
32 37
33 35
33 37
33 38
33 40
34 36
34 41
34 44
35 40
35 41
35 44
36 38
36 39
36 40
36 1193
38 39
40 42
40 43
40 44
41 43
41 45
41 46
41 1170
42 44
42 47
43 46
43 47
43 307
44 46
44 1170
46 48
46 49
46 50
46 51
46 52
46 1170
47 49
47 51
47 52
47 53
48 50
48 51
48 54
49 53
49 54
49 1167
50 53
51 52
51 1174
53 55
53 56
53 57
54 56
54 58
54 59
54 61
55 57
55 62
56 57
56 61
56 62
57 59
57 60
59 60
61 63
61 64
61 65
61 1155
62 64
62 66
62 72
63 65
63 73
63 74
63 75
64 65
64 72
64 73
64 74
64 75
64 1142
64 1152
65 67
66 68
66 107
67 69
67 70
68 70
68 71
70 71
71 291
72 74
72 75
72 76
72 107
73 75
73 77
73 78
73 80
74 76
74 77
74 78
74 81
74 82
74 86
75 80
75 81
75 82
75 86
75 95
76 78
76 79
76 80
78 79
78 86
78 95
78 104
79 112
79 989
80 82
80 84
80 85
80 86
80 1136
81 83
81 85
81 86
82 84
82 85
82 87
83 84
83 86
83 87
85 1124
86 88
86 90
86 91
86 95
87 89
87 91
87 95
88 90
88 96
88 97
88 99
88 104
89 90
89 95
89 96
89 97
89 99
89 219
90 92
90 93
90 94
91 93
91 94
93 94
95 97
95 99
95 104
96 98
96 100
96 101
96 104
97 99
97 105
97 106
98 99
98 104
98 105
99 101
99 102
100 102
100 103
102 103
104 106
104 107
104 108
104 109
105 107
105 109
105 113
106 108
106 114
107 108
107 113
107 114
108 110
108 111
109 111
109 112
110 112
111 994
112 994
113 115
113 116
113 117
113 118
113 205
114 116
114 118
114 119
115 117
115 120
116 119
116 120
116 202
117 119
119 121
119 122
119 123
120 122
120 124
120 125
120 127
121 123
121 128
122 123
122 127
122 128
122 293
123 125
123 126
125 126
127 129
127 130
127 131
127 132
127 191
128 130
128 132
128 133
128 134
129 131
129 133
129 135
129 136
130 134
130 135
130 188
131 134
132 133
134 136
134 137
134 138
134 139
135 137
135 139
135 142
136 138
136 143
136 144
137 138
137 142
137 143
138 140
139 141
142 144
142 146
142 148
142 174
143 145
143 147
143 148
144 146
144 147
144 149
145 148
145 149
146 148
146 193
147 148
148 150
148 151
149 151
149 152
149 158
150 153
150 154
150 158
150 159
151 152
151 153
151 154
151 159
152 154
152 156
152 157
152 159
153 155
153 157
153 158
153 159
154 156
154 160
154 164
155 156
155 159
155 160
155 164
156 158
156 166
159 161
159 163
159 164
159 171
160 162
160 164
160 171
161 163
161 172
162 163
162 171
162 172
163 165
163 166
164 167
164 168
164 169
165 166
165 168
165 169
166 167
166 169
167 168
167 170
168 170
171 173
171 174
171 175
171 176
172 174
172 176
172 180
173 175
173 181
174 175
174 180
174 181
175 177
175 178
176 178
176 179
178 179
180 182
180 183
180 184
180 185
181 183
181 185
181 188
182 184
182 189
183 184
183 188
183 189
183 1043
184 186
184 187
186 187
188 190
188 191
188 192
188 193
189 191
189 193
189 197
190 192
190 198
191 192
191 197
191 198
192 194
193 195
193 196
194 196
195 1023
197 199
197 200
197 201
197 1031
198 200
198 202
199 201
199 203
199 206
200 201
200 202
200 203
200 1020
202 204
202 205
202 206
203 205
203 207
203 209
203 210
204 206
204 207
204 211
204 212
205 210
205 211
205 212
205 220
206 208
206 209
206 210
208 209
208 1027
210 212
210 213
210 214
210 215
210 1018
211 213
211 215
211 220
212 214
212 221
213 214
213 220
213 221
214 216
214 217
215 218
215 219
216 217
216 219
216 1019
217 218
220 222
220 223
220 224
221 223
221 225
221 227
221 228
222 224
222 229
222 232
223 224
223 228
223 229
224 226
224 227
224 228
226 227
228 230
228 231
228 232
229 231
229 233
229 237
230 232
230 238
231 237
231 238
232 234
232 235
232 237
233 235
233 236
235 236
237 239
237 240
238 240
238 241
239 242
239 243
239 250
240 241
240 242
241 243
241 245
241 250
242 244
242 246
242 250
243 245
243 246
243 251
243 252
243 258
244 245
244 246
244 250
244 251
244 252
244 258
244 266
245 247
245 248
246 248
246 249
248 249
250 252
250 254
250 258
251 253
251 255
251 256
251 258
252 254
252 259
252 260
252 266
253 254
253 258
253 259
253 280
254 256
254 257
256 257
256 283
258 260
258 262
258 266
259 261
259 263
259 266
260 262
260 263
260 267
260 268
260 275
261 262
261 266
261 267
261 268
261 275
262 264
263 265
266 268
266 270
266 271
266 275
267 269
267 271
267 275
268 270
268 271
268 276
268 277
268 284
269 275
269 276
269 284
270 272
270 273
270 275
271 273
271 274
271 275
273 274
275 277
275 279
275 284
276 278
276 280
276 284
277 279
277 280
277 285
278 279
278 284
278 285
279 281
280 282
280 283
282 283
284 286
284 287
284 288
285 287
285 289
285 293
286 288
286 289
286 294
286 295
287 289
287 293
287 294
288 290
288 291
288 293
289 291
289 292
291 292
293 295
293 296
293 297
293 299
294 296
294 298
294 299
294 300
295 297
295 298
295 301
296 297
296 300
296 301
298 299
300 302
300 303
300 304
300 306
301 303
301 305
301 306
301 307
302 304
302 305
302 308
303 304
303 307
303 308
303 465
305 306
307 309
307 310
307 311
307 312
307 314
308 310
308 312
308 318
308 456
309 311
309 319
310 311
310 318
310 319
311 313
311 314
312 315
312 316
312 317
313 314
313 316
313 317
314 315
314 317
315 316
318 320
318 321
318 322
318 323
318 456
319 321
319 323
319 324
320 322
320 323
320 325
321 322
321 324
321 325
321 453
324 326
324 327
324 328
325 327
325 329
325 332
326 328
326 329
326 333
327 328
327 332
327 333
328 330
329 331
332 334
332 335
332 336
332 337
332 443
333 335
333 337
333 338
334 336
334 339
335 336
335 338
335 339
335 434
335 440
338 340
338 342
338 343
338 344
339 341
339 343
339 349
340 342
340 350
341 342
341 349
341 350
342 344
342 345
343 346
343 347
343 348
344 345
344 347
344 348
345 346
345 348
346 347
349 351
349 352
349 353
349 354
349 355
350 352
350 354
350 355
350 356
351 353
351 355
351 357
351 358
352 356
352 357
353 356
354 355
356 358
356 359
356 360
356 713
357 359
357 361
357 365
358 360
358 361
358 366
359 360
359 361
359 365
359 366
360 362
360 363
361 363
361 364
363 364
365 367
365 368
366 368
366 369
367 370
368 369
368 370
369 371
369 372
369 373
370 372
370 374
370 378
371 373
371 379
372 373
372 378
372 379
373 375
373 376
374 376
374 377
376 377
378 380
378 381
378 382
379 381
379 383
379 387
380 382
380 383
380 388
381 383
381 387
381 388
382 384
382 385
383 385
383 386
385 386
387 389
387 390
387 391
388 390
388 392
388 393
389 391
389 392
389 394
389 395
389 401
390 393
390 394
390 395
391 393
392 393
393 395
393 397
393 398
393 399
393 401
394 396
394 398
394 399
394 401
395 397
395 402
396 401
396 402
397 399
397 400
397 401
399 400
401 403
401 405
401 409
402 404
402 406
402 407
402 409
403 405
403 410
404 405
404 409
404 410
405 407
405 408
407 408
409 411
409 412
409 413
410 412
410 414
410 418
411 413
411 414
411 419
412 413
412 418
412 419
413 415
414 416
415 417
418 420
418 421
418 422
418 423
418 805
419 421
419 423
419 424
419 426
419 432
420 422
420 424
420 427
420 428
420 432
421 422
421 426
421 427
421 428
421 802
422 425
423 424
424 425
426 428
426 429
426 430
426 431
427 429
427 431
427 432
427 433
427 786
428 430
428 434
429 430
429 433
429 434
430 432
433 435
433 436
433 437
433 438
433 439
433 786
434 436
434 438
434 439
434 440
435 437
435 439
435 441
436 440
436 441
436 783
437 440
438 439
440 442
440 443
440 444
441 443
441 445
442 444
442 446
443 445
443 446
445 447
445 448
445 449
445 450
446 448
446 450
446 452
446 453
447 449
447 454
448 449
448 453
448 454
448 520
449 451
449 452
451 452
453 455
453 456
454 456
454 457
455 458
455 459
456 457
456 458
457 459
457 460
457 461
457 462
457 464
457 503
458 460
458 462
458 464
458 465
459 461
459 466
459 467
460 461
460 465
460 466
460 467
460 468
460 486
461 463
461 464
463 464
465 467
465 469
465 474
466 468
466 470
466 474
467 469
467 470
467 475
468 474
468 475
469 471
469 474
470 472
471 473
474 476
474 478
474 483
475 477
475 479
475 483
476 478
476 484
477 478
477 483
477 484
478 480
478 481
479 481
479 482
481 482
483 485
483 486
483 487
483 488
484 486
484 488
484 492
485 487
485 493
485 494
485 500
486 492
486 493
486 500
487 489
488 490
488 491
489 491
492 494
492 496
492 497
492 498
492 500
493 495
493 497
493 498
493 500
494 496
494 497
494 501
495 496
495 497
495 500
495 501
495 643
496 498
496 499
498 499
499 646
500 502
500 503
500 504
500 505
501 503
501 505
501 508
502 504
502 509
503 504
503 508
503 509
504 506
504 507
506 507
508 510
508 511
508 512
508 513
508 631
509 511
509 513
509 520
510 512
510 521
510 522
511 520
511 521
511 628
512 514
512 515
513 516
513 517
513 518
514 515
514 517
514 518
515 516
515 518
516 517
516 519
517 519
520 522
520 523
520 524
520 525
521 523
521 525
521 527
521 528
522 524
522 529
523 524
523 528
523 529
524 526
524 527
526 527
528 530
528 531
528 532
528 533
528 614
529 531
529 533
529 534
530 532
530 533
530 535
531 534
531 535
531 611
532 534
533 635
534 536
534 537
534 538
534 539
534 757
535 537
535 539
535 540
536 538
536 541
537 538
537 540
537 541
537 758
540 542
540 543
540 544
540 599
541 543
541 545
541 546
541 547
542 544
542 545
542 548
542 549
543 545
543 547
543 548
543 596
543 599
545 546
547 549
547 550
547 551
548 550
548 552
548 554
548 555
549 551
549 556
550 551
550 555
550 556
551 553
551 554
553 554
555 557
555 558
555 559
555 564
555 583
556 558
556 560
556 564
557 559
557 565
557 568
558 559
558 564
558 565
558 568
559 561
560 562
561 563
564 566
564 568
564 569
564 572
565 567
565 569
565 570
565 572
566 568
566 573
566 574
566 576
566 580
567 568
567 572
567 573
567 574
567 580
568 570
568 571
570 571
572 574
572 576
572 577
572 580
573 575
573 577
573 578
573 580
574 576
574 581
575 576
575 580
575 581
576 578
576 579
578 579
580 582
580 583
580 584
581 583
581 585
581 589
581 595
582 584
582 590
582 591
582 595
583 584
583 589
583 590
583 591
584 586
584 587
585 587
586 588
589 591
589 592
589 593
589 594
590 592
590 594
590 595
590 596
591 593
591 597
592 593
592 596
592 597
593 595
596 598
596 599
596 600
596 601
597 599
597 601
597 602
597 603
598 600
598 602
598 604
599 600
599 603
599 604
601 602
603 605
603 606
603 607
604 606
604 608
604 609
604 611
605 607
605 608
605 612
606 607
606 611
606 612
607 609
607 610
609 610
611 613
611 614
611 615
611 616
612 614
612 616
612 620
613 615
613 616
613 621
614 620
614 621
615 617
615 618
615 620
616 618
616 619
618 619
620 622
620 623
620 624
621 623
621 625
621 626
621 627
621 628
622 624
622 629
623 624
623 628
623 629
624 626
624 627
626 627
628 630
628 631
628 632
629 631
629 633
629 637
630 632
630 638
630 639
631 632
631 637
631 638
632 634
632 635
633 635
633 636
635 636
635 761
637 639
637 640
637 641
637 642
638 640
638 642
638 643
639 641
639 644
640 641
640 643
640 644
643 645
643 646
643 647
643 648
644 646
644 648
644 649
644 650
645 647
645 649
645 651
645 652
646 650
646 651
646 652
646 658
647 650
648 649
650 652
650 653
650 654
651 653
651 655
651 656
651 658
651 664
652 654
652 655
652 656
652 659
652 660
652 664
652 665
653 654
653 658
653 659
653 660
653 665
653 674
654 656
654 657
656 657
656 658
656 665
658 660
658 662
658 663
658 665
659 661
659 663
659 664
659 665
660 662
660 666
661 662
661 665
661 666
662 664
665 667
665 669
665 674
666 668
666 670
666 674
667 669
667 675
668 669
668 674
668 675
669 671
670 672
671 673
674 676
674 678
674 679
674 680
674 682
675 677
675 679
675 680
675 682
676 678
676 683
677 678
677 682
677 683
677 706
678 680
678 681
680 681
682 684
682 685
682 686
682 687
683 685
683 687
683 694
683 695
684 686
684 695
684 700
685 686
685 694
685 700
686 688
686 689
687 690
687 691
687 692
688 689
688 691
688 692
689 690
689 692
690 691
690 693
691 693
693 743
694 696
694 697
694 698
694 699
695 697
695 699
695 700
695 701
696 698
696 702
697 701
697 702
698 700
698 701
701 703
701 704
701 705
701 706
702 704
702 706
702 710
703 705
703 711
703 712
704 705
704 710
704 711
704 712
705 707
705 710
706 708
707 709
709 744
710 712
710 714
710 719
711 713
711 715
711 719
712 714
712 715
712 720
712 721
713 719
713 720
713 728
714 716
714 719
715 717
716 718
719 721
719 722
719 723
719 728
720 722
720 724
720 728
721 723
721 724
721 729
721 730
721 731
722 723
722 724
722 728
722 729
722 730
723 725
724 726
724 727
725 727
728 730
728 731
728 732
728 733
729 731
729 733
729 736
730 732
730 737
730 738
730 739
731 736
731 737
731 738
732 734
732 736
733 735
736 738
736 739
736 740
736 741
736 742
736 743
737 739
737 741
737 742
737 745
738 740
738 746
738 747
739 740
739 745
739 746
739 747
739 754
739 765
740 742
740 743
740 745
741 743
741 744
743 744
745 747
745 749
745 754
746 748
746 750
746 754
747 749
747 755
747 756
747 765
748 749
748 754
748 755
748 756
748 765
748 776
749 751
749 752
750 752
751 753
754 756
754 758
754 759
754 765
755 757
755 759
755 765
756 758
756 759
756 766
757 758
757 765
757 766
758 760
759 761
760 762
760 763
761 763
761 764
763 764
765 767
765 769
765 770
765 776
766 768
766 770
766 771
766 776
767 769
767 777
768 769
768 776
768 777
769 771
769 772
770 773
770 774
770 775
771 772
771 774
771 775
772 773
772 775
773 774
776 778
776 779
776 780
776 782
777 779
777 781
777 782
777 783
778 780
778 781
778 784
779 780
779 783
779 784
779 904
781 782
783 785
783 786
783 787
783 788
783 789
784 786
784 788
784 794
784 892
785 787
785 795
786 794
786 795
787 789
787 790
788 791
788 792
788 793
789 790
789 792
789 793
790 791
790 793
791 792
794 796
794 797
794 798
794 799
794 892
795 797
795 799
795 801
795 802
796 798
796 803
796 804
797 798
797 802
797 803
797 889
798 800
798 801
800 801
800 896
802 804
802 805
802 806
803 805
803 807
803 811
804 806
804 807
804 812
805 806
805 811
805 812
806 808
806 809
807 809
807 810
808 810
811 813
811 814
811 815
811 816
811 872
812 814
812 816
812 817
812 819
813 815
813 817
813 820
814 815
814 819
814 820
814 869
815 818
816 817
817 835
819 821
819 822
819 823
819 824
820 822
820 824
820 828
821 823
821 829
822 823
822 828
822 829
823 825
823 826
824 826
824 827
826 827
828 830
828 832
828 836
828 855
829 831
829 833
829 834
829 836
830 832
830 834
830 837
830 840
831 832
831 834
831 836
831 837
832 835
833 834
836 838
836 840
836 844
837 839
837 841
837 842
837 844
838 840
838 845
838 846
838 848
838 852
839 840
839 844
839 845
839 852
840 842
840 843
842 843
844 846
844 848
844 849
844 850
844 852
845 847
845 849
845 850
845 852
846 848
846 853
847 848
847 852
847 853
848 850
848 851
850 851
852 854
852 855
852 856
852 857
853 855
853 857
853 861
854 856
854 862
855 861
855 862
856 858
856 861
857 859
858 860
858 1140
861 863
861 864
861 865
861 866
861 1144
862 864
862 866
862 868
862 869
863 865
863 870
864 865
864 869
864 870
864 1134
864 1141
865 867
865 868
865 869
867 868
869 871
869 872
869 873
869 874
870 872
870 874
870 878
871 873
871 879
872 878
872 879
873 875
873 876
873 878
874 876
874 877
876 877
876 1092
878 880
878 881
878 882
878 883
878 889
879 881
879 883
879 889
880 882
880 890
880 891
881 882
881 889
881 890
881 959
881 970
882 884
882 885
883 886
883 887
883 888
884 885
884 887
884 888
885 886
885 888
886 887
889 891
889 892
889 893
890 892
890 894
890 898
891 893
891 894
891 899
891 900
892 893
892 898
892 899
892 900
893 895
893 896
894 896
894 897
896 897
897 936
898 900
898 901
898 902
898 947
899 901
899 903
899 904
900 902
900 903
900 905
900 906
900 909
901 902
901 903
901 904
901 905
901 906
901 921
903 909
903 918
904 906
904 908
904 909
905 907
905 909
906 908
906 910
906 911
907 908
907 909
907 910
908 909
909 911
909 913
909 918
910 912
910 914
910 918
911 913
911 914
911 919
912 918
912 919
913 915
913 916
914 916
914 917
916 917
918 920
918 921
918 922
918 923
919 921
919 923
919 924
919 929
919 935
920 922
920 930
920 931
920 935
921 922
921 929
921 930
921 931
921 944
922 924
922 925
923 926
923 927
923 928
924 925
924 927
924 928
925 926
925 928
926 927
929 931
929 932
929 933
929 934
930 932
930 934
930 935
930 936
931 933
931 937
931 938
931 940
931 944
932 933
932 936
932 937
932 938
932 940
933 935
936 938
936 940
936 941
936 944
937 939
937 941
937 943
937 944
938 940
938 945
939 940
939 944
939 945
940 942
940 943
942 943
944 946
944 947
944 948
944 949
944 950
945 947
945 949
945 950
945 958
946 948
946 959
947 948
947 958
947 959
948 950
948 951
949 952
949 953
949 954
950 951
950 953
951 952
951 955
951 956
951 957
952 955
953 954
953 956
953 957
954 955
954 957
955 956
958 960
958 961
958 962
958 963
958 1072
959 961
959 963
959 964
959 970
960 962
960 971
960 972
961 962
961 970
961 971
961 972
961 983
961 1069
962 964
962 965
963 966
963 967
963 968
964 965
964 967
964 968
965 966
965 968
966 967
966 969
967 969
967 1090
970 972
970 973
970 974
970 975
971 973
971 975
971 976
971 978
972 974
972 976
972 979
973 974
973 978
973 979
974 977
975 976
976 977
978 980
978 981
978 982
978 983
978 1053
979 981
979 983
979 984
979 1121
980 982
980 985
981 984
981 985
981 1050
982 984
984 986
984 987
984 988
984 989
984 990
984 1121
985 987
985 989
985 990
985 991
986 988
986 989
986 992
987 989
987 991
987 992
987 1118
988 991
989 990
991 993
991 994
991 995
991 996
992 994
992 996
992 997
993 995
993 998
993 999
994 997
994 998
994 999
995 997
997 999
997 1001
997 1006
998 1000
998 1002
998 1006
999 1001
999 1007
1000 1006
1000 1007
1001 1003
1002 1004
1002 1005
1004 1005
1006 1008
1006 1009
1006 1010
1007 1009
1007 1011
1008 1010
1008 1012
1008 1013
1008 1014
1009 1010
1009 1011
1009 1012
1009 1013
1010 1011
1011 1013
1011 1014
1011 1015
1011 1016
1012 1014
1012 1016
1012 1017
1012 1019
1012 1020
1013 1015
1013 1021
1013 1022
1013 1024
1013 1028
1014 1015
1014 1020
1014 1021
1014 1022
1014 1024
1014 1028
1015 1017
1015 1018
1016 1018
1016 1019
1018 1019
1020 1022
1020 1024
1020 1028
1021 1023
1021 1025
1021 1027
1021 1028
1022 1024
1022 1029
1023 1024
1023 1028
1023 1029
1024 1026
1024 1027
1026 1027
1028 1030
1028 1031
1028 1032
1028 1033
1029 1031
1029 1033
1029 1036
1029 1042
1030 1032
1030 1037
1030 1038
1030 1042
1031 1036
1031 1037
1031 1038
1032 1034
1032 1035
1032 1036
1032 1042
1033 1035
1036 1038
1036 1039
1036 1040
1036 1041
1037 1039
1037 1041
1037 1042
1037 1043
1038 1040
1038 1044
1038 1045
1039 1040
1039 1043
1039 1044
1040 1042
1043 1045
1043 1046
1043 1047
1043 1049
1044 1046
1044 1048
1044 1049
1044 1050
1045 1047
1045 1048
1045 1051
1046 1047
1046 1050
1046 1051
1048 1049
1050 1052
1050 1053
1050 1054
1050 1055
1050 1056
1051 1053
1051 1055
1051 1061
1052 1054
1052 1055
1052 1062
1052 1063
1053 1061
1053 1062
1054 1056
1054 1057
1054 1061
1055 1058
1055 1059
1055 1060
1056 1057
1056 1059
1056 1060
1057 1058
1057 1060
1058 1059
1061 1063
1061 1064
1061 1065
1062 1064
1062 1066
1062 1067
1062 1069
1063 1065
1063 1070
1064 1065
1064 1069
1064 1070
1065 1067
1065 1068
1067 1068
1069 1071
1069 1072
1070 1072
1070 1073
1071 1074
1072 1073
1072 1074
1073 1075
1073 1077
1074 1076
1074 1077
1075 1078
1076 1077
1076 1078
1077 1079
1077 1080
1077 1081
1077 1083
1078 1080
1078 1082
1078 1083
1078 1084
1079 1081
1079 1082
1079 1085
1079 1086
1080 1081
1080 1082
1080 1084
1080 1085
1082 1083
1084 1086
1084 1087
1084 1088
1084 1089
1085 1087
1085 1089
1085 1093
1086 1088
1086 1094
1087 1088
1087 1093
1087 1094
1088 1090
1088 1091
1089 1091
1090 1092
1093 1095
1093 1097
1094 1096
1094 1097
1095 1098
1095 1099
1095 1101
1096 1097
1096 1098
1096 1099
1096 1101
1096 1106
1097 1099
1097 1101
1098 1100
1098 1101
1099 1102
1100 1101
1100 1102
1101 1103
1101 1105
1101 1106
1101 1110
1102 1104
1102 1106
1102 1110
1103 1105
1103 1111
1104 1110
1104 1111
1105 1107
1105 1109
1105 1110
1106 1108
1106 1109
1108 1109
1110 1112
1110 1113
1110 1114
1110 1115
1110 1116
1111 1113
1111 1115
1111 1116
1111 1118
1112 1114
1112 1119
1113 1118
1113 1119
1114 1116
1114 1117
1114 1118
1116 1117
1118 1120
1118 1121
1118 1122
1118 1123
1119 1121
1119 1123
1119 1124
1119 1126
1120 1122
1120 1124
1120 1127
1121 1122
1121 1126
1121 1127
1122 1125
1123 1124
1126 1128
1126 1130
1126 1131
1126 1132
1126 1133
1127 1129
1127 1131
1127 1132
1127 1133
1128 1130
1128 1131
1128 1134
1129 1130
1129 1133
1129 1134
1131 1132
1133 1135
1133 1136
1133 1137
1133 1138
1133 1139
1134 1136
1134 1138
1134 1139
1134 1141
1135 1137
1135 1138
1135 1142
1136 1141
1136 1142
1137 1139
1137 1140
1137 1141
1139 1140
1141 1143
1141 1144
1141 1145
1141 1146
1141 1147
1142 1144
1142 1146
1142 1152
1143 1145
1143 1153
1144 1145
1144 1152
1144 1153
1145 1147
1145 1148
1145 1152
1146 1149
1146 1150
1146 1151
1147 1148
1147 1150
1147 1151
1148 1149
1148 1151
1149 1150
1152 1154
1152 1155
1152 1156
1152 1157
1152 1158
1153 1155
1153 1157
1153 1158
1153 1159
1154 1156
1154 1157
1154 1160
1155 1159
1155 1160
1156 1159
1157 1158
1157 1175
1159 1161
1159 1162
1159 1163
1160 1162
1160 1164
1160 1167
1161 1163
1161 1164
1161 1168
1162 1163
1162 1167
1162 1168
1163 1165
1164 1166
1166 1185
1167 1169
1167 1170
1167 1171
1167 1172
1167 1173
1168 1170
1168 1172
1168 1176
1169 1171
1169 1177
1170 1171
1170 1176
1170 1177
1171 1173
1171 1174
1172 1174
1172 1175
1174 1175
1176 1178
1176 1179
1176 1180
1176 1181
1176 1182
1177 1179
1177 1181
1177 1187
1178 1180
1178 1188
1179 1187
1179 1188
1180 1182
1180 1183
1180 1187
1181 1184
1181 1185
1181 1186
1182 1183
1182 1185
1182 1186
1183 1184
1183 1186
1184 1185
1187 1189
1187 1190
1187 1191
1187 1192
1187 1193
1188 1190
1188 1192
1188 1193
1189 1191
1189 1193
1192 1193
1 3 21.162001 16.919001 18.509001 N
2 3 21.367001 17.641001 17.252001 C
3 3 20.066999 18.296000 16.836000 C
4 3 18.985001 17.788000 17.039000 O
5 3 21.834999 16.674000 16.160000 C
6 3 21.146000 15.311000 16.296000 C
7 3 21.837000 17.056000 14.680000 C
8 4 20.086000 19.475000 16.216999 N
9 4 18.698999 20.039000 16.025999 C
10 4 18.042000 19.330000 14.864000 C
11 4 18.695000 19.041000 13.861000 O
12 4 18.794001 21.527000 15.863000 C
13 4 19.327999 22.169001 17.152000 C
14 4 20.065001 23.476000 16.839001 C
15 4 19.162001 24.612000 17.132000 N
16 4 19.188000 25.681000 16.306999 C
17 4 20.179001 25.753000 15.413000 N
18 4 18.249001 26.600000 16.412001 N
19 5 16.784000 18.965000 14.988000 N
20 5 16.020000 18.250000 13.950000 C
21 5 14.684000 19.017000 13.740000 C
22 5 14.255000 19.629000 14.721000 O
23 5 15.721000 16.834999 14.325000 C
24 5 16.840000 15.945000 14.304000 O
25 6 14.147000 18.983000 12.563000 N
26 6 12.823000 19.459999 12.145000 C
27 6 12.010000 18.285000 11.556000 C
28 6 12.588000 17.573000 10.742000 O
29 6 13.001000 20.488001 11.001000 C
30 6 12.394000 21.812000 11.357000 C
31 6 12.478000 22.098000 12.842000 C
32 6 12.853000 22.983000 10.520000 C
33 7 10.752000 18.086000 11.908000 N
34 7 9.824000 17.288000 11.155000 C
35 7 9.215000 17.976000 9.977000 C
36 7 9.014000 19.188999 9.945000 O
37 7 8.832000 16.452999 11.925000 C
38 7 9.561000 15.714000 13.064000 C
39 7 10.209000 14.593000 12.836000 O
40 7 9.609000 16.236000 14.266000 N
41 8 8.976000 17.200001 8.931000 N
42 8 8.819000 17.724001 7.600000 C
43 8 8.340000 16.740999 6.605000 C
44 8 8.604000 15.557000 6.598000 O
45 8 9.840000 18.698000 7.108000 C
46 8 11.365000 17.878000 6.536000 S
47 9 7.551000 17.235001 5.644000 N
48 9 7.331000 16.513000 4.445000 C
49 9 7.936000 17.212000 3.257000 C
50 9 8.222000 18.412001 3.253000 O
51 9 5.838000 16.253000 4.204000 C
52 9 5.178000 17.490000 4.200000 O
53 9 5.264000 15.365000 5.264000 C
54 10 8.156000 16.431000 2.212000 N
55 10 8.753000 17.010000 1.000000 C
56 10 7.759000 16.834999 -0.155000 C
57 10 7.055000 15.854000 -0.266000 O
58 10 10.061000 16.363001 0.635000 C
59 10 11.312000 16.882000 1.145000 C
60 10 11.491000 18.278999 1.634000 C
61 10 12.497000 15.990000 1.314000 C
62 11 7.738000 17.834000 -1.016000 N
63 11 6.952000 17.589001 -2.245000 C
64 11 7.787000 18.069000 -3.410000 C
65 11 8.470000 19.073000 -3.263000 O
66 11 5.657000 18.430000 -2.162000 C
67 11 4.475000 17.583000 -2.598000 C
68 11 3.145000 18.201000 -2.097000 C
69 11 2.766000 17.438999 -0.889000 N
70 11 2.331000 18.127001 0.190000 C
71 11 2.075000 19.437000 0.076000 N
72 11 2.166000 17.474001 1.335000 N
73 12 7.707000 17.378000 -4.540000 N
74 12 8.445000 17.864000 -5.706000 C
75 12 7.824000 19.087000 -6.323000 C
76 12 6.749000 19.486000 -5.869000 O
77 12 8.833000 16.840000 -6.672000 C
78 12 7.803000 16.318001 -7.623000 C
79 12 6.715000 16.864000 -7.779000 O
80 12 8.046000 15.271000 -8.276000 O
81 13 8.456000 19.672001 -7.324000 N
82 13 7.941000 20.968000 -7.881000 C
83 13 6.668000 20.708000 -8.687000 C
84 13 6.024000 21.583000 -9.209000 O
85 13 9.009000 21.528000 -8.811000 C
86 13 9.419000 20.555000 -9.753000 O
87 14 6.284000 19.448000 -8.823000 N
88 14 5.084000 19.048000 -9.529000 C
89 14 4.025000 18.452000 -8.609000 C
90 14 3.062000 17.843000 -9.072000 O
91 14 5.431000 18.025999 -10.604000 C
92 14 6.179000 18.708000 -11.759000 C
93 14 5.506000 18.160999 -13.044000 C
94 14 5.930000 16.990000 -13.478000 O
95 14 4.525000 18.881001 -13.550000 N
96 15 4.186000 18.607000 -7.306000 N
97 15 3.133000 18.368000 -6.353000 C
98 15 2.927000 16.900000 -6.088000 C
99 15 1.928000 16.427000 -5.545000 O
100 15 1.858000 19.113001 -6.697000 C
101 15 1.341000 19.785000 -5.407000 C
102 15 2.173000 21.066999 -5.200000 C
103 15 2.300000 21.892000 -6.226000 O
104 15 2.714000 21.296000 -4.017000 N
105 16 3.962000 16.148001 -6.483000 N
106 16 4.113000 14.756000 -6.116000 C
107 16 4.627000 14.616000 -4.685000 C
108 16 5.605000 15.270000 -4.320000 O
109 16 4.815000 13.888000 -7.075000 C
110 16 4.486000 13.982000 -8.516000 C
111 16 4.844000 12.735000 -9.316000 C
112 16 6.325000 12.627000 -9.583000 C
113 16 6.874000 13.814000 -10.245000 N
114 17 3.975000 13.824000 -3.904000 N
115 17 4.216000 13.418000 -2.547000 C
116 17 5.083000 12.182000 -2.474000 C
117 17 5.165000 11.418000 -3.429000 O
118 17 2.938000 13.241000 -1.759000 C
119 17 2.144000 14.433000 -1.919000 O
120 18 5.762000 11.981000 -1.352000 N
121 18 6.748000 10.880000 -1.304000 C
122 18 6.208000 9.756000 -0.393000 C
123 18 5.665000 10.053000 0.655000 O
124 18 8.063000 11.398000 -0.724000 C
125 18 8.973000 12.062000 -1.668000 C
126 18 8.477000 12.658000 -2.932000 C
127 18 10.218000 12.733000 -1.136000 C
128 19 6.355000 8.507000 -0.793000 N
129 19 5.842000 7.352000 -0.041000 C
130 19 6.850000 6.205000 -0.056000 C
131 19 7.630000 6.087000 -0.986000 O
132 19 4.530000 6.835000 -0.644000 C
133 19 3.486000 7.926000 -0.808000 C
134 19 4.556000 5.933000 -1.886000 C
135 20 6.802000 5.346000 0.949000 N
136 20 7.577000 4.112000 0.979000 C
137 20 7.034000 3.076000 -0.010000 C
138 20 5.906000 2.613000 0.116000 O
139 20 7.713000 3.501000 2.330000 C
140 20 8.607000 4.227000 3.302000 C
141 20 9.855000 3.127000 3.997000 S
142 20 9.302000 2.253000 5.456000 C
143 21 7.853000 2.762000 -0.974000 N
144 21 7.628000 1.716000 -1.968000 C
145 21 7.867000 0.352000 -1.325000 C
146 21 6.907000 -0.328000 -0.954000 O
147 21 8.531000 1.898000 -3.171000 C
148 21 9.084000 0.658000 -3.613000 O
149 22 9.124000 -0.026000 -1.153000 N
150 22 9.401000 -1.251000 -0.355000 C
151 22 9.915000 -0.834000 1.009000 C
152 22 9.781000 0.323000 1.391000 O
153 23 10.524000 -1.749000 1.739000 N
154 23 11.216000 -1.421000 2.975000 C
155 23 12.266000 -0.352000 2.815000 C
156 23 12.692000 0.256000 3.807000 O
157 23 11.841000 -2.752000 3.327000 C
158 23 11.682000 -3.714000 2.187000 C
159 23 10.829000 -3.043000 1.143000 C
160 24 12.742000 -0.092000 1.610000 N
161 24 14.004000 0.580000 1.368000 C
162 24 13.997000 1.450000 0.121000 C
163 24 15.078000 1.851000 -0.353000 O
164 24 15.164000 -0.387000 1.323000 C
165 24 15.343000 -1.097000 2.665000 C
166 24 16.006001 -0.459000 3.712000 C
167 24 14.849000 -2.388000 2.839000 C
168 24 16.167000 -1.119000 4.930000 C
169 24 15.011000 -3.042000 4.054000 C
170 24 15.670000 -2.409000 5.105000 C
171 24 15.823000 -3.078000 6.309000 O
172 25 12.843000 1.754000 -0.412000 N
173 25 12.663000 2.643000 -1.567000 C
174 25 11.622000 3.707000 -1.191000 C
175 25 10.647000 3.394000 -0.498000 O
176 25 12.141000 1.873000 -2.772000 C
177 25 13.221000 1.138000 -3.511000 C
178 25 13.003000 1.193000 -5.017000 C
179 25 11.914000 0.863000 -5.511000 O
180 25 13.952000 1.580000 -5.721000 O
181 26 11.842000 4.894000 -1.675000 N
182 26 10.781000 5.926000 -1.721000 C
183 26 10.254000 5.989000 -3.166000 C
184 26 11.087000 5.747000 -4.044000 O
185 26 11.419000 7.270000 -1.361000 C
186 26 11.746000 7.356000 0.125000 C
187 26 12.915000 8.331000 0.323000 C
188 26 10.566000 7.908000 0.944000 C
189 27 9.003000 6.272000 -3.362000 N
190 27 8.359000 6.464000 -4.697000 C
191 27 7.686000 7.838000 -4.696000 C
192 27 7.328000 8.313000 -3.623000 O
193 27 7.235000 5.434000 -4.839000 C
194 27 7.805000 4.105000 -5.267000 C
195 27 6.658000 3.121000 -5.506000 C
196 27 6.835000 2.526000 -6.904000 C
197 27 8.206000 2.027000 -7.051000 N
198 28 7.569000 8.490000 -5.829000 N
199 28 6.895000 9.815000 -5.768000 C
200 28 5.656000 9.711000 -6.644000 C
201 28 5.725000 9.159000 -7.734000 O
202 28 7.828000 10.914000 -6.238000 C
203 29 4.549000 10.186000 -6.154000 N
204 29 3.242000 10.003000 -6.789000 C
205 29 2.276000 11.119000 -6.474000 C
206 29 2.324000 11.694000 -5.379000 O
207 29 2.649000 8.672000 -6.679000 C
208 29 2.049000 8.154000 -5.432000 C
209 29 2.106000 6.598000 -5.404000 C
210 29 2.562000 8.662000 -4.104000 C
211 30 1.370000 11.441000 -7.376000 N
212 30 0.364000 12.480000 -7.077000 C
213 30 -0.645000 11.987000 -6.060000 C
214 30 -1.466000 11.138000 -6.349000 O
215 30 -0.333000 12.906000 -8.352000 C
216 30 0.543000 13.790000 -9.230000 C
217 30 1.298000 13.400000 -10.318000 N
218 30 0.692000 15.165000 -9.071000 C
219 30 1.924000 14.508000 -10.834000 C
220 30 1.535000 15.600000 -10.063000 N
221 31 -0.605000 12.503000 -4.848000 N
222 31 -1.533000 12.125000 -3.786000 C
223 31 -2.458000 13.341000 -3.471000 C
224 31 -2.003000 14.467000 -3.584000 O
225 31 -0.779000 11.831000 -2.489000 C
226 31 -0.297000 10.421000 -2.365000 C
227 31 0.254000 10.148000 -0.972000 C
228 31 -1.232000 9.323000 -2.811000 C
229 32 -3.668000 13.035000 -3.060000 N
230 32 -4.567000 14.063000 -2.442000 C
231 32 -5.638000 13.369000 -1.630000 C
232 32 -5.920000 12.183000 -1.825000 O
233 32 -5.255000 14.806000 -3.604000 C
234 32 -5.706000 16.201000 -3.196000 C
235 32 -6.716000 16.697001 -4.249000 C
236 32 -7.804000 15.960000 -4.474000 O
237 32 -6.478000 17.802999 -4.920000 N
238 33 -6.271000 14.110000 -0.741000 N
239 33 -7.415000 13.482000 -0.015000 C
240 33 -6.889000 12.930000 1.306000 C
241 33 -5.926000 13.478000 1.844000 O
242 34 -7.518000 11.890000 1.805000 N
243 34 -7.071000 11.279000 3.081000 C
244 34 -5.849000 10.398000 2.757000 C
245 34 -5.108000 10.031000 3.654000 O
246 34 -8.176000 10.417000 3.676000 C
247 34 -7.767000 8.942000 3.771000 C
248 34 -8.808000 8.064000 3.062000 C
249 34 -8.888000 8.111000 1.733000 O
250 34 -9.614000 7.278000 3.767000 N
251 35 -5.704000 10.150000 1.486000 N
252 35 -4.667000 9.303000 0.898000 C
253 35 -3.259000 9.854000 1.163000 C
254 35 -2.287000 9.096000 1.060000 O
255 35 -4.870000 9.327000 -0.639000 C
256 35 -5.117000 7.901000 -1.123000 C
257 35 -4.148000 7.136000 -1.184000 O
258 35 -6.254000 7.544000 -1.445000 O
259 36 -3.166000 11.107000 1.459000 N
260 36 -2.087000 11.903000 1.976000 C
261 36 -1.538000 11.394000 3.293000 C
262 36 -0.404000 11.700000 3.673000 O
263 36 -2.570000 13.353000 2.187000 C
264 36 -1.439000 14.339000 2.052000 C
265 36 -1.289000 14.867000 0.326000 S
266 36 -1.523000 16.657000 0.216000 C
267 37 -2.301000 10.620000 4.044000 N
268 37 -1.792000 9.956000 5.260000 C
269 37 -0.526000 9.159000 4.919000 C
270 37 0.402000 9.124000 5.695000 O
271 37 -2.850000 9.019000 5.825000 C
272 37 -3.040000 7.791000 4.965000 C
273 37 -4.202000 6.920000 5.397000 C
274 37 -4.817000 7.138000 6.455000 O
275 37 -4.555000 5.952000 4.678000 O
276 38 -0.557000 8.601000 3.712000 N
277 38 0.371000 7.611000 3.244000 C
278 38 1.747000 8.110000 2.948000 C
279 38 2.657000 7.367000 2.562000 O
280 38 -0.145000 6.532000 2.375000 C
281 38 -0.259000 6.819000 0.904000 C
282 38 -0.825000 5.635000 0.115000 C
283 38 -0.056000 4.601000 -0.207000 O
284 38 -2.100000 5.641000 -0.254000 N
285 39 1.977000 9.398000 3.127000 N
286 39 3.185000 10.100000 2.864000 C
287 39 4.159000 10.082000 4.038000 C
288 39 3.748000 10.230000 5.177000 O
289 39 3.035000 11.480000 2.295000 C
290 39 3.276000 12.615000 3.231000 C
291 39 2.651000 13.943000 2.803000 C
292 39 2.937000 14.515000 1.636000 O
293 39 1.821000 14.561000 3.628000 N
294 40 5.405000 9.882000 3.717000 N
295 40 6.592000 9.828000 4.550000 C
296 40 6.907000 11.182000 5.173000 C
297 40 7.041000 12.190000 4.476000 O
298 40 7.772000 9.338000 3.670000 C
299 40 9.081000 9.331000 4.389000 C
300 40 7.600000 8.063000 2.851000 C
301 41 7.045000 11.259000 6.475000 N
302 41 7.607000 12.352000 7.253000 C
303 41 9.100000 12.104000 7.493000 C
304 41 9.434000 11.024000 7.964000 O
305 41 6.857000 12.444000 8.605000 C
306 41 7.285000 13.697000 9.385000 C
307 41 5.292000 12.535000 8.451000 C
308 42 9.933000 13.053000 7.158000 N
309 42 11.367000 13.082000 7.454000 C
310 42 11.632000 13.677000 8.808000 C
311 42 10.865000 14.536000 9.239000 O
312 42 12.104000 13.896000 6.381000 C
313 42 11.970000 13.165000 5.048000 C
314 42 12.859000 12.128000 4.753000 C
315 42 10.963000 13.510000 4.168000 C
316 42 12.697000 11.479000 3.533000 C
317 42 10.817000 12.856000 2.948000 C
318 42 11.718000 11.813000 2.644000 C
319 43 12.661000 13.250000 9.505000 N
320 43 13.482000 14.012000 10.371000 C
321 43 14.743000 14.517000 9.724000 C
322 43 15.646000 13.766000 9.431000 O
323 43 13.587000 13.691000 11.804000 C
324 43 14.334000 12.558000 12.119000 O
325 44 14.739000 15.813000 9.493000 N
326 44 15.813000 16.580999 8.966000 C
327 44 16.733999 17.059999 10.072000 C
328 44 16.288000 17.855000 10.901000 O
329 44 15.318000 17.736000 8.128000 C
330 44 16.497999 18.389000 7.356000 C
331 44 15.812000 19.878000 6.566000 S
332 44 14.845000 19.424999 5.110000 C
333 45 17.952999 16.580000 10.057000 N
334 45 18.985001 16.920000 11.025000 C
335 45 19.993999 17.893000 10.446000 C
336 45 20.392000 17.760000 9.301000 O
337 45 19.686001 15.688000 11.597000 C
338 45 18.686001 14.992000 12.362000 O
339 46 20.337999 18.872000 11.255000 N
340 46 21.386999 19.823000 11.141000 C
341 46 22.735001 19.393000 11.633000 C
342 46 23.111000 19.421000 12.806000 O
343 46 21.010000 21.242001 11.483000 C
344 46 19.625000 21.577000 10.875000 C
345 46 18.489000 21.221001 11.569000 C
346 46 19.548000 22.202000 9.636000 C
347 46 17.253000 21.496000 11.022000 C
348 46 18.298000 22.476999 9.090000 C
349 46 17.158001 22.125999 9.790000 C
350 47 23.524000 18.924000 10.682000 N
351 47 24.759001 18.209999 10.950000 C
352 47 25.934000 19.115999 10.599000 C
353 47 25.735001 20.136000 9.958000 O
354 47 24.827000 16.927999 10.104000 C
355 47 23.729000 15.966000 10.605000 C
356 47 24.791000 17.048000 8.578000 C
357 48 27.100000 18.725000 11.063000 N
358 48 28.339001 19.410999 10.722000 C
359 48 28.749001 19.219000 9.282000 C
360 48 28.736000 18.108999 8.739000 O
361 48 29.441000 19.105000 11.689000 C
362 48 30.245001 17.863001 11.310000 C
363 48 31.577999 17.889999 12.085000 C
364 48 31.607000 18.473000 13.286000 O
365 48 32.657001 17.354000 11.545000 N
366 49 29.121000 20.316000 8.636000 N
367 49 29.674999 20.343000 7.291000 C
368 49 29.858999 21.778999 6.791000 C
369 49 30.016001 22.684999 7.614000 O
370 50 29.830999 21.952999 5.491000 N
371 50 30.143999 23.174000 4.755000 C
372 50 28.924000 24.099001 4.630000 C
373 50 28.080999 23.834999 3.766000 O
374 50 30.542999 22.808001 3.313000 C
375 50 32.030998 23.056999 3.107000 C
376 50 32.566002 21.945999 2.200000 C
377 50 32.375999 20.770000 2.558000 O
378 50 33.150002 22.216000 1.146000 O
379 51 28.884001 25.148001 5.425000 N
380 51 27.733000 26.011000 5.557000 C
381 51 27.929001 27.408001 5.057000 C
382 51 28.844000 28.122000 5.497000 O
383 51 26.938000 25.825001 6.776000 C
384 51 26.841999 27.032000 7.672000 C
385 51 25.497999 27.016001 8.398000 C
386 51 25.289000 26.128000 9.237000 O
387 51 24.657000 27.882000 8.126000 O
388 52 27.125999 27.829000 4.107000 N
389 52 26.889999 29.212000 3.681000 C
390 52 25.443001 29.591999 3.900000 C
391 52 24.657000 28.825001 4.474000 O
392 52 27.297001 29.389999 2.232000 C
393 52 26.386999 30.211000 1.513000 O
394 53 25.018999 30.778999 3.496000 N
395 53 23.622000 31.184999 3.888000 C
396 53 22.660000 30.318001 3.031000 C
397 53 21.579000 29.992001 3.506000 O
398 53 23.416000 32.646000 3.480000 C
399 53 24.275999 33.582001 4.329000 C
400 53 24.756001 33.205002 5.510000 O
401 53 24.551001 34.801998 3.874000 N
402 54 23.155001 30.025999 1.863000 N
403 54 22.531000 29.375999 0.730000 C
404 54 22.614000 27.855000 0.846000 C
405 54 21.767000 27.177000 0.251000 O
406 54 23.138000 29.846001 -0.586000 C
407 54 22.327000 30.945999 -1.269000 C
408 54 21.841000 31.903999 -0.641000 O
409 54 22.180000 30.868000 -2.519000 O
410 55 23.580000 27.355000 1.621000 N
411 55 23.931000 25.941000 1.631000 C
412 55 23.945999 25.291000 2.982000 C
413 55 24.969000 25.438999 3.674000 O
414 55 25.302999 25.728001 0.988000 C
415 55 25.325001 24.417999 0.249000 C
416 55 26.520000 24.320000 -0.669000 C
417 55 26.098000 23.834000 -2.046000 C
418 55 27.247999 23.263000 -2.764000 N
419 56 22.957001 24.528999 3.404000 N
420 56 22.979000 23.989000 4.807000 C
421 56 23.108999 22.490999 4.804000 C
422 56 22.388000 21.780001 4.108000 O
423 56 21.754999 24.433001 5.556000 C
424 56 21.367001 25.855000 5.287000 C
425 56 21.679001 23.997000 6.983000 C
426 56 21.964001 26.906000 6.180000 C
427 57 24.052999 21.907000 5.539000 N
428 57 24.166000 20.433001 5.399000 C
429 57 23.157000 19.785000 6.333000 C
430 57 22.985001 20.254999 7.439000 O
431 57 25.583000 20.211000 5.915000 C
432 57 26.054001 21.476999 6.574000 C
433 57 25.316000 22.591000 5.833000 C
434 58 22.459999 18.770000 5.861000 N
435 58 21.379999 18.148001 6.636000 C
436 58 21.540001 16.629999 6.482000 C
437 58 22.136000 16.174000 5.511000 O
438 58 19.996000 18.559000 6.139000 C
439 58 19.712000 20.027000 6.456000 C
440 58 19.586000 18.226000 4.699000 C
441 59 21.054001 15.894000 7.440000 N
442 59 20.677999 14.498000 7.183000 C
443 59 19.188999 14.325000 7.061000 C
444 59 18.396000 15.047000 7.695000 O
445 59 21.315001 13.599000 8.216000 C
446 60 18.750999 13.385000 6.220000 N
447 60 17.363001 13.050000 6.029000 C
448 60 16.975000 11.691000 6.548000 C
449 60 17.190001 10.660000 5.930000 O
450 60 16.833000 13.337000 4.659000 C
451 60 17.079000 14.791000 4.223000 C
452 60 17.006001 14.950000 2.708000 C
453 60 16.098000 15.715000 4.922000 C
454 61 16.379999 11.620000 7.733000 N
455 61 15.921000 10.343000 8.253000 C
456 61 14.377000 10.299000 8.196000 C
457 61 13.725000 11.289000 8.016000 O
458 62 13.855000 9.091000 8.340000 N
459 62 12.392000 8.917000 8.456000 C
460 62 12.021000 9.138000 9.921000 C
461 62 12.858000 8.727000 10.745000 O
462 62 11.998000 7.513000 8.018000 C
463 62 12.266000 7.290000 6.563000 C
464 62 11.449000 6.275000 5.866000 C
465 62 12.718000 8.428000 5.719000 C
466 63 10.912000 9.768000 10.202000 N
467 63 10.448000 10.220000 11.502000 C
468 63 10.764000 9.260000 12.600000 C
469 63 11.659000 9.516000 13.439000 O
470 63 9.019000 10.690000 11.527000 C
471 63 8.716000 11.620000 12.689000 C
472 63 7.567000 11.134000 13.535000 C
473 63 6.270000 11.848000 13.257000 C
474 63 5.349000 10.951000 12.529000 N
475 64 10.093000 8.106000 12.674000 N
476 64 10.470000 7.295000 13.863000 C
477 64 10.978000 5.937000 13.486000 C
478 64 10.641000 4.931000 14.107000 O
479 64 9.481000 7.360000 14.951000 C
480 64 10.110000 7.820000 16.263000 C
481 64 9.431000 9.079000 16.763000 C
482 64 8.207000 9.081000 16.962000 O
483 64 10.110000 10.097000 16.974001 O
484 65 11.805000 5.908000 12.456000 N
485 65 12.537000 4.766000 11.972000 C
486 65 14.037000 5.022000 11.935000 C
487 65 14.477000 6.122000 11.639000 O
488 65 12.045000 4.288000 10.625000 C
489 65 10.546000 4.330000 10.503000 C
490 65 10.079000 3.491000 9.332000 C
491 65 8.666000 2.972000 9.583000 C
492 65 8.700000 1.736000 10.388000 N
493 66 14.839000 4.022000 12.257000 N
494 66 16.287001 4.113000 12.070000 C
495 66 16.667999 3.777000 10.627000 C
496 66 17.434999 2.830000 10.457000 O
497 66 17.004000 3.150000 13.032000 C
498 66 16.440001 1.736000 12.832000 C
499 66 15.190000 1.600000 12.483000 O
500 66 17.181999 0.676000 12.987000 N
501 67 16.160000 4.509000 9.680000 N
502 67 16.400000 4.589000 8.271000 C
503 67 16.771999 6.025000 7.812000 C
504 67 16.063999 6.968000 8.071000 O
505 67 15.271000 4.126000 7.392000 C
506 67 14.912000 2.666000 7.584000 C
507 67 13.460000 2.431000 7.186000 C
508 67 15.834000 1.699000 6.906000 C
509 68 17.868000 6.120000 7.118000 N
510 68 18.431999 7.375000 6.634000 C
511 68 18.632000 7.279000 5.143000 C
512 68 18.881001 6.192000 4.620000 O
513 68 19.764000 7.632000 7.361000 C
514 68 19.478001 8.203000 8.739000 C
515 68 19.291000 9.583000 8.852000 C
516 68 19.378000 7.410000 9.877000 C
517 68 19.006001 10.141000 10.085000 C
518 68 19.106001 7.974000 11.119000 C
519 68 18.919001 9.356000 11.223000 C
520 68 18.641001 9.954000 12.425000 O
521 69 18.468000 8.370000 4.425000 N
522 69 18.937000 8.436000 3.028000 C
523 69 20.464001 8.548000 2.988000 C
524 69 21.063000 9.314000 3.720000 O
525 69 18.302999 9.567000 2.273000 C
526 69 16.798000 9.499000 2.191000 C
527 69 16.246000 10.769000 1.508000 C
528 69 16.259001 8.274000 1.465000 C
529 70 21.104000 7.775000 2.151000 N
530 70 22.537001 7.872000 1.943000 C
531 70 22.802999 7.830000 0.438000 C
532 70 21.976999 7.351000 -0.327000 O
533 70 23.337999 6.791000 2.642000 C
534 70 22.888000 5.527000 2.297000 O
535 71 23.921000 8.385000 0.051000 N
536 71 24.445999 8.301000 -1.310000 C
537 71 25.662001 7.380000 -1.318000 C
538 71 26.575001 7.539000 -0.526000 O
539 71 24.783001 9.673000 -1.859000 C
540 71 24.410999 10.667000 -0.944000 O
541 72 25.587000 6.409000 -2.206000 N
542 72 26.506001 5.292000 -2.229000 C
543 72 26.830000 4.940000 -3.665000 C
544 72 25.971001 5.159000 -4.516000 O
545 72 25.973000 4.103000 -1.445000 C
546 72 25.742001 2.894000 -2.316000 C
547 72 26.663000 3.714000 -0.137000 C
548 73 28.028999 4.491000 -3.930000 N
549 73 28.441999 3.996000 -5.255000 C
550 73 27.843000 2.632000 -5.555000 C
551 73 28.136999 1.649000 -4.870000 O
552 73 29.968000 3.906000 -5.300000 C
553 73 30.582001 5.022000 -6.084000 C
554 73 32.091000 5.062000 -6.008000 C
555 73 30.098000 5.092000 -7.527000 C
556 74 27.004999 2.502000 -6.570000 N
557 74 26.437000 1.168000 -6.858000 C
558 74 26.495001 0.909000 -8.362000 C
559 74 25.556999 1.246000 -9.077000 O
560 74 25.017000 1.050000 -6.359000 C
561 74 24.934999 0.155000 -5.140000 C
562 74 23.594000 -0.558000 -5.078000 C
563 74 23.466000 -1.295000 -3.749000 C
564 74 23.693001 -2.740000 -3.943000 N
565 75 27.591000 0.316000 -8.786000 N
566 75 27.902000 0.051000 -10.176000 C
567 75 28.530001 1.245000 -10.857000 C
568 75 28.152000 1.622000 -11.961000 O
569 75 26.768000 -0.549000 -10.965000 C
570 75 26.639000 -2.058000 -10.687000 C
571 75 26.169001 -2.463000 -9.611000 O
572 75 27.031000 -2.869000 -11.546000 O
573 76 29.499001 1.825000 -10.162000 N
574 76 30.274000 2.974000 -10.594000 C
575 76 29.398001 4.178000 -10.909000 C
576 76 29.778000 5.006000 -11.742000 O
577 76 31.202000 2.646000 -11.754000 C
578 76 31.857000 1.267000 -11.526000 C
579 76 32.762001 1.150000 -10.677000 O
580 76 31.450001 0.290000 -12.182000 O
581 77 28.275999 4.248000 -10.240000 N
582 77 27.240999 5.280000 -10.278000 C
583 77 26.857000 5.687000 -8.852000 C
584 77 26.621000 4.784000 -8.034000 O
585 77 25.988001 4.693000 -10.950000 C
586 77 25.968000 5.068000 -12.415000 C
587 77 24.591000 5.561000 -12.823000 C
588 77 24.084999 6.607000 -11.842000 C
589 77 22.743000 7.078000 -12.250000 N
590 78 26.813999 6.984000 -8.571000 N
591 78 26.124001 7.458000 -7.364000 C
592 78 24.663000 7.028000 -7.361000 C
593 78 23.962000 7.198000 -8.345000 O
594 78 26.250999 8.956000 -7.498000 C
595 78 27.511000 9.170000 -8.347000 C
596 78 27.327000 8.070000 -9.421000 C
597 79 24.250000 6.481000 -6.235000 N
598 79 22.952999 5.810000 -6.061000 C
599 79 22.419001 6.276000 -4.693000 C
600 79 23.205999 6.390000 -3.756000 O
601 79 23.084999 4.320000 -6.167000 C
602 79 23.143999 3.903000 -7.546000 O
603 79 22.002001 3.546000 -5.528000 C
604 80 21.143999 6.528000 -4.635000 N
605 80 20.327999 6.715000 -3.461000 C
606 80 19.820000 5.438000 -2.831000 C
607 80 19.174000 4.590000 -3.435000 O
608 80 19.242001 7.714000 -3.724000 C
609 80 18.611000 8.271000 -2.461000 C
610 80 19.497999 9.353000 -1.879000 C
611 80 17.195999 8.776000 -2.740000 C
612 81 20.106001 5.251000 -1.525000 N
613 81 19.441999 4.152000 -0.807000 C
614 81 18.921000 4.618000 0.537000 C
615 81 19.388000 5.639000 1.071000 O
616 81 20.395000 2.980000 -0.603000 C
617 81 21.693001 3.434000 0.033000 C
618 81 22.534000 2.231000 0.482000 C
619 81 22.305000 1.039000 -0.066000 O
620 81 23.476999 2.396000 1.411000 N
621 82 17.969000 3.876000 1.064000 N
622 82 17.618000 3.946000 2.487000 C
623 82 18.514000 2.981000 3.276000 C
624 82 18.607000 1.814000 2.978000 O
625 82 16.173000 3.521000 2.704000 C
626 82 15.219000 4.671000 2.626000 C
627 82 15.461000 5.718000 3.692000 C
628 82 15.100000 5.292000 1.247000 C
629 83 19.149000 3.467000 4.306000 N
630 83 20.090000 2.594000 5.048000 C
631 83 19.597000 2.464000 6.488000 C
632 83 19.184999 3.441000 7.092000 O
633 83 21.436001 3.370000 5.075000 C
634 83 22.551001 2.410000 4.829000 C
635 83 23.884001 3.079000 5.188000 C
636 83 24.389000 3.822000 4.354000 O
637 83 24.347000 2.847000 6.303000 O
638 84 19.643999 1.288000 7.031000 N
639 84 19.386999 1.029000 8.469000 C
640 84 20.605000 1.479000 9.268000 C
641 84 21.752001 1.314000 8.873000 O
642 84 19.343000 -0.525000 8.639000 C
643 84 17.965000 -0.912000 8.488000 O
644 85 20.340000 2.051000 10.418000 N
645 85 21.429001 2.411000 11.324000 C
646 85 21.138000 1.888000 12.704000 C
647 85 19.983000 1.543000 13.038000 O
648 85 21.646000 3.933000 11.335000 C
649 85 21.957001 4.381000 9.890000 C
650 85 20.600000 4.851000 11.950000 C
651 86 22.174999 1.818000 13.512000 N
652 86 22.006001 1.539000 14.927000 C
653 86 21.122999 2.536000 15.613000 C
654 86 21.483000 3.695000 15.725000 O
655 86 23.392000 1.507000 15.615000 C
656 86 23.188999 0.864000 17.004999 C
657 86 22.392000 1.403000 17.778999 O
658 86 23.794001 -0.167000 17.297001 O
659 87 19.927999 2.142000 16.093000 N
660 87 19.035999 3.168000 16.610001 C
661 87 19.518000 3.833000 17.867001 C
662 87 18.851000 4.775000 18.333000 O
663 87 17.764000 2.388000 16.813999 C
664 87 18.115999 0.929000 16.934999 C
665 87 19.466999 0.771000 16.297001 C
666 88 20.632000 3.448000 18.469999 N
667 88 21.113001 4.067000 19.712999 C
668 88 22.110001 5.183000 19.431000 C
669 88 22.305000 6.075000 20.268000 O
670 88 21.719000 3.046000 20.652000 C
671 88 20.648001 2.371000 21.492001 C
672 88 20.768999 2.851000 22.940001 C
673 88 19.714001 3.929000 23.181000 C
674 88 20.361000 5.241000 23.386999 N
675 89 22.740999 5.139000 18.275999 N
676 89 23.840000 6.005000 17.903000 C
677 89 23.440001 7.154000 16.999001 C
678 89 24.304001 7.998000 16.726999 O
679 89 24.992001 5.219000 17.264999 C
680 89 25.618999 4.321000 18.349001 C
681 89 25.582001 4.738000 19.605000 O
682 89 26.180000 3.179000 18.009001 N
683 90 22.211000 7.225000 16.559000 N
684 90 21.730000 8.089000 15.499000 C
685 90 20.430000 8.796000 15.916000 C
686 90 19.625999 8.116000 16.551001 O
687 90 21.441000 7.345000 14.218000 C
688 90 22.740999 6.971000 13.534000 C
689 90 23.423000 5.820000 13.891000 C
690 90 23.228001 7.830000 12.549000 C
691 90 24.613001 5.486000 13.241000 C
692 90 24.414000 7.498000 11.916000 C
693 90 25.101000 6.334000 12.252000 C
694 90 26.270000 6.053000 11.587000 O
695 91 20.319000 10.047000 15.597000 N
696 91 21.177000 10.844000 14.748000 C
697 91 22.372999 11.428000 15.490000 C
698 91 22.388000 11.434000 16.731001 O
699 91 20.219999 11.971000 14.351000 C
700 91 19.101000 11.995000 15.365000 C
701 91 19.002001 10.565000 15.896000 C
702 92 23.341999 11.914000 14.758000 N
703 92 24.597000 12.497000 15.293000 C
704 92 24.726999 13.934000 14.750000 C
705 92 24.124001 14.232000 13.733000 O
706 92 25.783001 11.733000 14.676000 C
707 92 25.698000 10.264000 14.986000 C
708 92 27.106001 9.690000 15.054000 C
709 92 27.298000 8.573000 14.074000 C
710 92 28.631001 8.633000 13.461000 N
711 93 25.530001 14.750000 15.408000 N
712 93 26.007999 15.978000 14.749000 C
713 93 26.983999 15.640000 13.669000 C
714 93 26.955000 16.105000 12.532000 O
715 93 26.500000 17.009001 15.724000 C
716 93 26.823999 18.319000 15.004000 C
717 93 27.419001 19.323000 15.968000 C
718 93 28.090000 20.469999 15.227000 C
719 93 28.487000 21.517000 16.186001 N
720 94 27.934000 14.760000 13.990000 N
721 94 28.913000 14.484000 12.863000 C
722 94 28.427000 13.278000 12.118000 C
723 94 28.797001 12.140000 12.394000 O
724 94 30.250000 14.317000 13.503000 C
725 94 31.375000 14.016000 12.534000 C
726 94 32.669998 13.882000 13.360000 C
727 94 33.819000 13.452000 12.469000 C
728 94 33.995998 14.422000 11.377000 N
729 95 27.497999 13.448000 11.165000 N
730 95 27.058001 12.197000 10.481000 C
731 95 28.132999 11.806000 9.478000 C
732 95 28.881001 12.685000 9.052000 O
733 95 25.743000 12.390000 9.766000 C
734 95 24.593000 12.696000 10.680000 C
735 95 23.709999 11.215000 11.186000 S
736 95 22.985001 10.398000 9.731000 C
737 96 28.183001 10.532000 9.097000 N
738 96 29.128000 10.105000 8.032000 C
739 96 28.733999 10.750000 6.702000 C
740 96 27.545000 10.964000 6.507000 O
741 96 29.003000 8.596000 7.817000 C
742 96 29.639000 7.797000 8.878000 C
743 96 28.844999 7.732000 10.156000 C
744 96 27.635000 8.005000 10.211000 O
745 96 29.468000 7.392000 11.188000 O
746 97 29.697001 10.985000 5.821000 N
747 97 29.480000 11.828000 4.637000 C
748 97 28.421000 11.290000 3.722000 C
749 97 27.733000 12.058000 3.055000 O
750 97 30.764999 12.155000 3.923000 C
751 97 30.733000 13.524000 3.281000 C
752 97 32.085999 13.919000 2.725000 C
753 97 32.348000 13.233000 1.395000 C
754 97 33.324001 13.995000 0.598000 N
755 98 28.236000 9.971000 3.613000 N
756 98 27.243000 9.445000 2.693000 C
757 98 25.839001 9.865000 3.102000 C
758 98 24.976999 10.016000 2.244000 O
759 98 27.334000 7.955000 2.509000 C
760 98 27.103001 7.216000 3.861000 C
761 98 27.445000 5.736000 3.587000 C
762 98 27.028999 4.890000 4.685000 N
763 98 27.768999 4.748000 5.818000 C
764 98 28.941000 5.360000 5.951000 N
765 98 27.320000 4.026000 6.838000 N
766 99 25.606001 10.107000 4.383000 N
767 99 24.245001 10.529000 4.805000 C
768 99 24.062000 12.025000 4.664000 C
769 99 23.039000 12.472000 5.215000 O
770 99 24.077999 10.260000 6.325000 C
771 99 24.082001 8.770000 6.648000 C
772 99 23.148001 7.884000 6.126000 C
773 99 25.087000 8.318000 7.520000 C
774 99 23.157000 6.511000 6.430000 C
775 99 25.087000 6.962000 7.822000 C
776 99 24.183001 6.048000 7.312000 C
777 100 24.959999 12.798000 4.129000 N
778 100 24.857000 14.283000 4.200000 C
779 100 24.469000 14.833000 2.854000 C
780 100 24.983999 14.442000 1.831000 O
781 100 26.114000 14.904000 4.765000 C
782 100 26.169001 16.438999 4.625000 C
783 100 26.607000 14.496000 6.151000 C
784 101 23.445999 15.688000 2.834000 N
785 101 22.961000 16.503000 1.789000 C
786 101 23.122999 17.997999 2.101000 C
787 101 22.927999 18.427000 3.248000 O
788 101 21.487000 16.194000 1.421000 C
789 101 21.375999 14.705000 1.095000 C
790 101 21.125999 13.792000 2.110000 C
791 101 21.539000 14.246000 -0.219000 C
792 101 21.042999 12.434000 1.812000 C
793 101 21.458000 12.894000 -0.518000 C
794 101 21.198000 11.977000 0.506000 C
795 102 23.507999 18.749001 1.104000 N
796 102 23.485001 20.240000 1.191000 C
797 102 22.080999 20.677999 0.680000 C
798 102 21.799000 20.462999 -0.486000 O
799 102 24.521000 20.775999 0.209000 C
800 102 25.934999 20.282000 0.608000 C
801 102 26.754000 19.907000 -0.381000 O
802 102 26.288000 20.198999 1.855000 N
803 103 21.313000 21.194000 1.589000 N
804 103 20.016001 21.846001 1.325000 C
805 103 20.329000 23.294001 0.841000 C
806 103 20.924999 24.040001 1.581000 O
807 103 19.252001 21.917999 2.640000 C
808 103 17.863001 22.535000 2.331000 C
809 103 16.988001 22.530001 3.545000 C
810 103 17.566000 23.382999 4.677000 C
811 103 17.237000 24.806000 4.462000 N
812 104 20.000999 23.604000 -0.363000 N
813 104 20.089001 24.815001 -1.127000 C
814 104 18.728001 25.452000 -1.389000 C
815 104 17.834000 24.919001 -2.039000 O
816 104 20.747999 24.518999 -2.492000 C
817 104 22.073999 23.788000 -2.229000 C
818 104 20.986000 25.816999 -3.235000 C
819 104 22.375999 22.766001 -3.322000 C
820 105 18.563999 26.657000 -0.859000 N
821 105 17.365999 27.429001 -1.144000 C
822 105 17.559000 28.287001 -2.382000 C
823 105 18.441999 29.129000 -2.426000 O
824 105 16.912001 28.247999 0.019000 C
825 105 17.455999 27.715000 1.323000 C
826 105 17.424999 28.844000 2.349000 C
827 105 16.330999 29.384001 2.588000 O
828 105 18.474001 29.197001 2.900000 O
829 106 16.705999 28.039000 -3.346000 N
830 106 16.830000 28.615000 -4.678000 C
831 106 15.455000 29.014999 -5.210000 C
832 106 14.943000 28.333000 -6.091000 O
833 106 17.569000 27.688999 -5.608000 C
834 106 19.061001 28.018999 -5.609000 C
835 106 16.990000 27.674000 -7.003000 C
836 106 19.986000 26.903999 -6.041000 C
837 107 14.928000 30.061001 -4.614000 N
838 107 13.788000 30.855000 -4.891000 C
839 107 12.463000 30.236000 -4.470000 C
840 107 11.653000 29.900000 -5.340000 O
841 107 13.683000 31.365999 -6.323000 C
842 107 13.619000 32.903999 -6.315000 C
843 107 14.569000 33.585999 -5.688000 O
844 107 12.623000 33.535999 -6.916000 N
845 108 12.294000 30.128000 -3.176000 N
846 108 11.348000 29.313000 -2.471000 C
847 108 11.384000 27.843000 -2.724000 C
848 108 10.595000 27.070999 -2.135000 O
849 108 9.919000 29.851000 -2.630000 C
850 108 9.679000 30.924000 -1.562000 C
851 108 10.675000 31.712999 -1.190000 O
852 108 8.476000 31.031000 -1.027000 N
853 109 12.256000 27.327000 -3.574000 N
854 109 12.455000 25.889000 -3.692000 C
855 109 13.662000 25.370001 -2.985000 C
856 109 14.562000 26.155001 -2.643000 O
857 109 12.270000 25.445000 -5.119000 C
858 109 10.796000 25.670000 -5.498000 C
859 109 10.640000 25.860001 -6.988000 C
860 109 9.160000 26.028999 -7.328000 C
861 109 8.928000 25.620001 -8.721000 N
862 110 13.732000 24.091999 -2.664000 N
863 110 14.887000 23.395000 -2.139000 C
864 110 15.402000 22.372999 -3.196000 C
865 110 14.576000 21.799999 -3.871000 O
866 110 14.525000 22.549000 -0.917000 C
867 110 13.951000 23.410000 0.186000 C
868 110 13.690000 22.562000 1.435000 C
869 110 14.843000 24.607000 0.500000 C
870 111 16.701000 22.261999 -3.208000 N
871 111 17.544001 21.253000 -3.770000 C
872 111 18.374001 20.533001 -2.739000 C
873 111 18.798000 21.090000 -1.733000 O
874 111 18.437000 21.742001 -4.897000 C
875 111 17.646000 22.160999 -6.086000 C
876 111 18.355000 23.090000 -7.038000 C
877 111 19.520000 23.465000 -6.852000 O
878 111 17.709999 23.506001 -8.026000 O
879 112 18.580000 19.253000 -2.972000 N
880 112 19.362000 18.443001 -2.017000 C
881 112 20.500000 17.775000 -2.823000 C
882 112 20.281000 16.806999 -3.508000 O
883 112 18.532000 17.361000 -1.368000 C
884 112 17.466999 17.997999 -0.478000 C
885 112 17.804001 18.304001 0.816000 C
886 112 16.204000 18.257000 -1.023000 C
887 112 16.830000 18.877001 1.584000 C
888 112 15.245000 18.840000 -0.217000 C
889 112 15.563000 19.152000 1.106000 C
890 113 21.625000 18.441999 -2.670000 N
891 113 22.867001 18.016001 -3.255000 C
892 113 23.569000 17.039000 -2.363000 C
893 113 23.681999 17.299000 -1.152000 O
894 113 23.774000 19.264000 -3.442000 C
895 113 24.813999 18.827000 -4.467000 C
896 113 26.108999 19.562000 -4.315000 C
897 113 26.414000 20.177999 -3.298000 O
898 113 26.899000 19.545000 -5.262000 O
899 114 24.047001 15.937000 -2.908000 N
900 114 24.806999 14.989000 -2.007000 C
901 114 26.186001 15.576000 -1.710000 C
902 114 26.858000 16.014000 -2.647000 O
903 114 24.959000 13.705000 -2.836000 C
904 114 26.180000 13.117000 -2.503000 O
905 115 26.604000 15.668000 -0.467000 N
906 115 27.916000 16.139999 -0.053000 C
907 115 29.014000 15.266000 -0.686000 C
908 115 30.065001 15.769000 -1.031000 O
909 115 28.101000 16.059999 1.469000 C
910 116 28.691999 14.012000 -0.790000 N
911 116 29.569000 12.930000 -1.233000 C
912 116 29.785999 12.937000 -2.713000 C
913 116 30.917999 12.762000 -3.191000 O
914 116 29.066999 11.599000 -0.703000 C
915 116 29.757999 10.361000 -1.101000 C
916 116 30.782000 9.788000 -0.146000 C
917 116 30.747999 9.989000 1.159000 O
918 116 31.796000 9.051000 -0.629000 N
919 117 28.778999 13.188000 -3.527000 N
920 117 28.924000 13.320000 -4.971000 C
921 117 28.469000 14.692000 -5.431000 C
922 117 27.280001 14.955000 -5.570000 O
923 117 28.098000 12.261000 -5.725000 C
924 117 28.548000 10.860000 -5.353000 C
925 117 29.865999 10.474000 -5.614000 C
926 117 27.677999 9.948000 -4.763000 C
927 117 30.299000 9.195000 -5.279000 C
928 117 28.111000 8.658000 -4.421000 C
929 117 29.424000 8.285000 -4.678000 C
930 118 29.415001 15.577000 -5.667000 N
931 118 29.056000 16.948999 -6.032000 C
932 118 28.283001 17.004000 -7.336000 C
933 118 28.568001 16.250999 -8.273000 O
934 118 30.415001 17.582001 -6.142000 C
935 118 31.323000 16.778999 -5.202000 C
936 118 30.811001 15.350000 -5.332000 C
937 119 27.292000 17.878000 -7.338000 N
938 119 26.274000 18.083000 -8.334000 C
939 119 25.461000 16.847000 -8.655000 C
940 119 24.987000 16.792999 -9.802000 O
941 119 26.997000 18.504999 -9.673000 C
942 119 27.723000 19.822001 -9.369000 C
943 119 29.011000 19.986000 -9.555000 O
944 119 27.018000 20.818001 -8.850000 N
945 120 25.323000 15.885000 -7.791000 N
946 120 24.218000 14.903000 -7.774000 C
947 120 23.176001 15.326000 -6.755000 C
948 120 23.472000 15.723000 -5.610000 O
949 120 24.757000 13.489000 -7.449000 C
950 120 25.525999 12.988000 -8.662000 C
951 120 26.733999 13.498000 -9.042000 C
952 120 25.169001 11.989000 -9.566000 C
953 120 27.127001 12.798000 -10.214000 N
954 120 26.198000 11.908000 -10.516000 C
955 120 24.097000 11.114000 -9.720000 C
956 120 26.188000 11.044000 -11.552000 C
957 120 24.086000 10.225000 -10.794000 C
958 120 25.112000 10.170000 -11.712000 C
959 121 21.930000 15.277000 -7.187000 N
960 121 20.767000 15.782000 -6.463000 C
961 121 19.761999 14.650000 -6.268000 C
962 121 19.653000 13.858000 -7.207000 O
963 121 20.054001 16.820999 -7.373000 C
964 121 20.981001 18.025000 -7.479000 C
965 121 20.959000 18.969999 -6.468000 C
966 121 21.837999 18.176001 -8.562000 C
967 121 21.792999 20.070000 -6.494000 C
968 121 22.666000 19.283001 -8.588000 C
969 121 22.658001 20.219000 -7.592000 C
970 121 23.478001 21.326000 -7.634000 O
971 122 19.083000 14.649000 -5.154000 N
972 122 17.780001 13.990000 -5.005000 C
973 122 16.808001 14.419000 -6.094000 C
974 122 16.559000 15.594000 -6.257000 O
975 122 17.188999 14.188000 -3.632000 C
976 122 18.174999 13.713000 -2.556000 C
977 122 15.877000 13.395000 -3.512000 C
978 122 17.759001 14.012000 -1.137000 C
979 123 16.354000 13.473000 -6.892000 N
980 123 15.529000 13.749000 -8.066000 C
981 123 14.292000 12.869000 -8.043000 C
982 123 14.335000 11.783000 -7.476000 O
983 123 16.322001 13.486000 -9.341000 C
984 123 17.552999 14.152000 -9.338000 O
985 124 13.206000 13.310000 -8.654000 N
986 124 12.110000 12.396000 -8.993000 C
987 124 11.885000 12.408000 -10.514000 C
988 124 12.327000 13.329000 -11.183000 O
989 124 10.832000 12.830000 -8.295000 C
990 124 10.442000 14.077000 -8.829000 O
991 124 10.926000 12.906000 -6.835000 C
992 125 11.249000 11.389000 -11.037000 N
993 125 10.708000 11.248000 -12.351000 C
994 125 9.459000 12.059000 -12.625000 C
995 125 8.695000 12.395000 -11.704000 O
996 125 10.489000 9.795000 -12.756000 C
997 125 11.771000 9.157000 -12.888000 O
998 126 9.223000 12.380000 -13.881000 N
999 126 7.998000 13.050000 -14.314000 C
1000 126 6.786000 12.162000 -14.138000 C
1001 126 5.735000 12.624000 -13.712000 O
1002 126 8.116000 13.595000 -15.729000 C
1003 126 7.393000 14.921000 -15.886000 C
1004 126 8.343000 16.099001 -16.049000 C
1005 126 8.709000 16.493999 -17.271000 O
1006 126 8.803000 16.754000 -14.982000 N
1007 127 6.954000 10.877000 -14.339000 N
1008 127 5.977000 9.833000 -14.189000 C
1009 127 5.648000 9.475000 -12.750000 C
1010 127 6.552000 9.527000 -11.931000 O
1011 127 6.383000 8.578000 -14.934000 C
1012 128 4.420000 9.126000 -12.500000 N
1013 128 3.850000 8.410000 -11.378000 C
1014 128 4.720000 7.223000 -10.956000 C
1015 128 5.261000 6.543000 -11.827000 O
1016 128 2.486000 7.820000 -11.768000 C
1017 128 1.498000 8.915000 -12.054000 C
1018 128 1.410000 9.834000 -10.842000 C
1019 128 0.800000 9.490000 -9.827000 O
1020 128 1.985000 10.911000 -10.929000 O
1021 129 4.812000 6.985000 -9.661000 N
1022 129 5.144000 5.656000 -9.144000 C
1023 129 6.528000 5.186000 -9.473000 C
1024 129 6.811000 3.977000 -9.438000 O
1025 129 4.097000 4.644000 -9.654000 C
1026 129 3.338000 4.153000 -8.410000 C
1027 129 3.671000 2.992000 -7.889000 O
1028 129 2.393000 4.895000 -7.886000 N
1029 130 7.453000 6.074000 -9.783000 N
1030 130 8.870000 5.781000 -9.916000 C
1031 130 9.632000 6.179000 -8.657000 C
1032 130 9.230000 7.065000 -7.898000 O
1033 130 9.489000 6.472000 -11.123000 C
1034 130 8.676000 6.192000 -12.382000 C
1035 130 8.967000 4.452000 -12.860000 S
1036 130 10.772000 4.237000 -13.005000 C
1037 131 10.729000 5.503000 -8.433000 N
1038 131 11.603000 5.736000 -7.293000 C
1039 131 12.236000 7.122000 -7.343000 C
1040 131 12.498000 7.618000 -8.451000 O
1041 131 12.649000 4.662000 -7.522000 C
1042 131 12.081000 3.669000 -8.538000 C
1043 131 11.172000 4.515000 -9.413000 C
1044 132 12.442000 7.704000 -6.176000 N
1045 132 13.427000 8.767000 -5.898000 C
1046 132 14.832000 8.268000 -6.112000 C
1047 132 15.202000 7.173000 -5.690000 O
1048 132 13.212000 9.207000 -4.421000 C
1049 132 14.039000 10.447000 -4.108000 C
1050 132 11.710000 9.546000 -4.152000 C
1051 133 15.662000 8.985000 -6.835000 N
1052 133 16.987000 8.538000 -7.226000 C
1053 133 17.986000 9.651000 -7.039000 C
1054 133 17.594000 10.797000 -6.813000 O
1055 133 17.054001 8.004000 -8.666000 C
1056 133 16.496000 8.963000 -9.697000 C
1057 133 15.102000 9.126000 -9.835000 C
1058 133 17.340000 9.685000 -10.545000 C
1059 133 14.584000 10.007000 -10.791000 C
1060 133 16.830000 10.565000 -11.484000 C
1061 133 15.444000 10.737000 -11.606000 C
1062 134 19.250999 9.285000 -7.114000 N
1063 134 20.315001 10.286000 -7.256000 C
1064 134 20.511000 10.628000 -8.725000 C
1065 134 20.721001 9.724000 -9.535000 O
1066 134 21.597000 9.841000 -6.593000 C
1067 134 22.350000 10.931000 -5.907000 C
1068 134 21.610001 11.659000 -4.799000 C
1069 134 23.726000 10.475000 -5.432000 C
1070 135 20.368000 11.901000 -9.068000 N
1071 135 20.368000 12.359000 -10.452000 C
1072 135 21.410000 13.463000 -10.645000 C
1073 135 21.518000 14.345000 -9.780000 O
1074 136 22.156000 13.440000 -11.727000 N
1075 136 23.386000 14.227000 -11.912000 C
1076 136 23.195000 15.412000 -12.853000 C
1077 136 24.139999 16.195999 -13.026000 O
1078 137 22.025999 15.537000 -13.415000 N
1079 137 21.596001 16.479000 -14.431000 C
1080 137 20.400000 17.295000 -13.962000 C
1081 137 19.249001 16.841999 -14.035000 O
1082 137 21.330999 15.821000 -15.757000 C
1083 137 20.018000 16.094999 -16.247999 O
1084 137 21.525999 14.338000 -15.687000 C
1085 138 20.677999 18.489000 -13.462000 N
1086 138 19.688999 19.580000 -13.422000 C
1087 138 19.469000 20.174999 -14.800000 C
1088 138 20.426001 20.437000 -15.538000 O
1089 138 20.160000 20.677999 -12.484000 C
1090 138 20.285000 20.170000 -11.069000 C
1091 138 21.052000 21.190001 -10.235000 C
1092 138 20.406000 22.558001 -10.360000 C
1093 138 21.153000 23.540001 -9.543000 N
1094 139 18.228001 20.419001 -15.179000 N
1095 139 17.982000 20.669001 -16.631001 C
1096 139 16.834000 19.747000 -17.077000 C
1097 139 17.125999 18.712999 -17.684999 O
1098 140 15.630000 20.129000 -16.732000 N
1099 140 14.405000 20.045000 -17.514000 C
1100 140 14.077000 18.646000 -17.993000 C
1101 140 13.481000 18.462000 -19.069000 O
1102 141 14.447000 17.625999 -17.226999 N
1103 141 13.937000 16.284000 -17.461000 C
1104 141 13.565000 15.562000 -16.207001 C
1105 141 12.423000 15.153000 -15.992000 O
1106 141 14.727000 15.462000 -18.417999 C
1107 141 16.228001 15.763000 -18.445999 C
1108 141 16.809000 15.247000 -19.778000 C
1109 141 17.381001 16.101999 -20.617001 O
1110 141 16.711000 13.952000 -20.076000 N
1111 142 14.520000 15.386000 -15.294000 N
1112 142 14.116000 14.973000 -13.939000 C
1113 142 13.870000 16.163000 -13.056000 C
1114 142 14.426000 17.247999 -13.290000 O
1115 142 15.084000 13.966000 -13.356000 C
1116 142 15.315000 12.818000 -14.376000 C
1117 142 14.332000 12.270000 -14.887000 O
1118 142 16.468000 12.505000 -14.671000 O
1119 143 13.007000 16.009001 -12.065000 N
1120 143 12.720000 17.065001 -11.091000 C
1121 143 13.705000 17.059000 -9.948000 C
1122 143 13.968000 16.002001 -9.354000 O
1123 143 11.275000 16.951000 -10.627000 C
1124 143 10.332000 16.945999 -11.815000 C
1125 143 10.929000 18.018999 -9.620000 C
1126 143 8.984000 16.245001 -11.594000 C
1127 144 14.333000 18.174000 -9.607000 N
1128 144 15.353000 18.277000 -8.586000 C
1129 144 14.988000 19.247000 -7.505000 C
1130 144 15.664000 19.415001 -6.495000 O
1131 144 16.737000 18.547001 -9.142000 C
1132 144 16.832001 19.797001 -9.802000 O
1133 144 17.174999 17.469000 -10.068000 C
1134 145 13.864000 19.952000 -7.628000 N
1135 145 13.504000 20.896000 -6.580000 C
1136 145 12.193000 20.580999 -5.915000 C
1137 145 11.256000 20.000000 -6.456000 O
1138 145 13.561000 22.341999 -7.051000 C
1139 145 12.648000 22.558001 -8.259000 C
1140 145 12.809000 21.910999 -9.291000 O
1141 145 11.721000 23.377001 -8.196000 O
1142 146 12.131000 20.958000 -4.651000 N
1143 146 11.125000 20.462000 -3.735000 C
1144 146 10.545000 21.625999 -2.959000 C
1145 146 11.240000 22.613001 -2.748000 O
1146 146 11.796000 19.507999 -2.701000 C
1147 146 12.188000 18.225000 -3.426000 C
1148 146 13.409000 18.179001 -4.087000 C
1149 146 11.353000 17.141001 -3.387000 C
1150 146 13.707000 17.003000 -4.723000 C
1151 146 11.655000 15.946000 -4.028000 C
1152 146 12.885000 15.890000 -4.702000 C
1153 147 9.319000 21.490000 -2.498000 N
1154 147 8.940000 22.285000 -1.331000 C
1155 147 8.992000 21.424000 -0.078000 C
1156 147 8.867000 20.205999 -0.174000 O
1157 147 7.549000 22.889000 -1.494000 C
1158 147 6.605000 21.962000 -1.938000 O
1159 147 7.627000 24.056999 -2.430000 C
1160 148 9.127000 22.125000 1.013000 N
1161 148 9.084000 21.590000 2.359000 C
1162 148 7.892000 22.091999 3.153000 C
1163 148 7.636000 23.285000 3.219000 O
1164 148 10.374000 21.947001 3.050000 C
1165 148 10.593000 21.291000 4.374000 C
1166 148 12.115000 22.047001 5.096000 S
1167 148 11.773000 22.452000 6.840000 C
1168 149 7.186000 21.187000 3.815000 N
1169 149 6.148000 21.563999 4.795000 C
1170 149 6.531000 21.136000 6.187000 C
1171 149 7.107000 20.063000 6.397000 O
1172 149 4.830000 20.846001 4.381000 C
1173 149 4.402000 21.275000 2.998000 C
1174 149 5.061000 20.583000 1.827000 C
1175 149 5.359000 19.290001 1.886000 O
1176 149 5.314000 21.212999 0.668000 N
1177 150 6.252000 21.933001 7.200000 N
1178 150 6.413000 21.540001 8.583000 C
1179 150 5.256000 20.733000 9.104000 C
1180 150 4.100000 20.938999 8.738000 O
1181 150 6.834000 22.627001 9.517000 C
1182 150 7.982000 23.459999 8.971000 C
1183 150 7.715000 24.402000 7.969000 C
1184 150 9.276000 23.299999 9.442000 C
1185 150 8.743000 25.172001 7.446000 C
1186 150 10.308000 24.068001 8.922000 C
1187 150 10.038000 24.997999 7.933000 C
1188 151 5.577000 19.761000 9.948000 N
1189 151 4.564000 18.944000 10.598000 C
1190 151 4.599000 19.180000 12.097000 C
1191 151 5.679000 19.462999 12.627000 O
1192 151 4.735000 17.473000 10.252000 C
1193 151 4.549000 17.280001 8.742000 C
1194 151 6.003000 16.730000 10.682000 C
