141
1 1 28.903 20.699 -6.368 O
2 1 28.663 19.230 -6.080 C
3 1 29.888 18.662 -5.259 C
4 1 31.103 18.641 -6.147 O
5 1 30.407 19.413 -3.926 C
6 1 29.562 19.037 -2.768 O
7 1 31.938 18.894 -3.809 C
8 1 32.335 18.860 -5.310 C
9 1 32.948 20.217 -5.724 N
10 1 32.315 21.258 -6.385 C
11 1 33.151 22.330 -6.577 N
12 1 34.370 21.925 -5.986 C
13 1 35.624 22.615 -5.862 C
14 1 35.837 23.902 -6.371 N
15 1 36.668 21.931 -5.211 N
16 1 36.444 20.677 -4.731 C
17 1 35.265 19.940 -4.814 N
18 1 34.259 20.651 -5.458 C
19 2 29.213 20.099 -1.567 P
20 2 28.282 19.357 -0.591 O
21 2 28.757 21.438 -2.132 O
22 2 30.666 20.406 -0.825 O
23 2 31.266 19.293 0.023 C
24 2 32.749 19.686 0.317 C
25 2 33.493 19.873 -0.989 O
26 2 33.035 21.145 1.023 C
27 2 32.672 20.991 2.428 O
28 2 34.616 21.312 0.736 C
29 2 34.596 20.870 -0.765 C
30 2 34.349 22.132 -1.688 N
31 2 35.460 22.971 -1.938 C
32 2 36.587 22.671 -1.429 O
33 2 35.300 24.100 -2.733 N
34 2 34.069 24.386 -3.250 C
35 2 33.987 25.525 -4.042 N
36 2 32.931 23.540 -3.008 C
37 2 33.088 22.439 -2.219 C
38 3 32.219 22.255 3.416 P
39 3 31.794 21.625 4.750 O
40 3 31.263 23.177 2.639 O
41 3 33.606 23.150 3.667 O
42 3 34.711 22.476 4.439 C
43 3 36.009 23.388 4.218 C
44 3 36.354 23.485 2.755 O
45 3 35.876 24.971 4.666 C
46 3 36.144 25.007 6.123 O
47 3 37.122 25.616 3.843 C
48 3 36.922 24.876 2.533 C
49 3 36.026 25.514 1.459 N
50 3 34.762 25.146 0.979 C
51 3 34.319 25.983 0.036 N
52 3 35.363 26.944 -0.108 C
53 3 35.472 28.090 -0.974 C
54 3 34.647 28.508 -1.827 O
55 3 36.659 28.840 -0.851 N
56 3 37.669 28.458 0.089 C
57 3 38.793 29.286 0.112 N
58 3 37.583 27.385 0.902 N
59 3 36.408 26.670 0.756 C
60 4 35.687 26.342 6.991 P
61 4 36.100 26.051 8.459 O
62 4 34.254 26.749 6.607 O
63 4 36.656 27.577 6.407 O
64 4 38.116 27.612 6.742 C
65 4 38.713 28.955 6.107 C
66 4 38.541 28.896 4.617 O
67 4 37.913 30.337 6.523 C
68 4 38.558 30.759 7.782 O
69 4 38.294 31.346 5.310 C
70 4 38.238 30.333 4.189 C
71 4 36.921 30.269 3.342 N
72 4 36.761 31.259 2.353 C
73 4 37.608 32.166 2.126 O
74 4 35.582 31.204 1.585 N
75 4 34.560 30.233 1.786 C
76 4 33.527 30.293 1.040 O
77 4 34.815 29.260 2.840 C
78 4 33.694 28.165 3.105 C
79 4 35.947 29.313 3.565 C
80 5 37.826 31.888 8.732 P
81 5 38.637 31.997 10.019 O
82 5 36.319 31.704 8.776 O
83 5 38.167 33.254 7.807 O
84 5 37.117 34.337 7.766 C
85 5 37.597 35.333 6.626 C
86 5 37.630 34.588 5.314 O
87 5 36.628 36.601 6.346 C
88 5 37.064 37.669 7.262 O
89 5 36.912 36.954 4.805 C
90 5 37.013 35.524 4.304 C
91 5 35.745 34.777 3.869 N
92 5 35.151 33.663 4.446 C
93 5 34.032 33.241 3.816 N
94 5 33.933 34.190 2.690 C
95 5 32.992 34.266 1.657 C
96 5 31.920 33.429 1.504 N
97 5 33.111 35.265 0.724 N
98 5 34.181 36.118 0.886 C
99 5 35.157 36.139 1.836 N
100 5 34.975 35.102 2.748 C
101 6 35.940 38.697 7.923 P
102 6 36.708 39.672 8.806 O
103 6 34.763 37.874 8.506 O
104 6 35.295 39.458 6.589 O
105 6 36.120 40.462 5.838 C
106 6 35.337 40.855 4.534 C
107 6 35.198 39.632 3.620 O
108 6 33.786 41.323 4.708 C
109 6 33.819 42.707 5.181 O
110 6 33.271 41.181 3.184 C
111 6 33.882 39.803 2.887 C
112 6 32.975 38.548 3.319 N
113 6 31.930 38.248 2.446 C
114 6 31.760 38.957 1.391 O
115 6 31.097 37.185 2.740 N
116 6 31.301 36.433 3.888 C
117 6 30.425 35.373 4.127 N
118 6 32.382 36.747 4.834 C
119 6 33.197 37.804 4.522 C
120 7 32.594 43.229 6.169 P
121 7 32.926 44.637 6.638 O
122 7 32.268 42.153 7.228 O
123 7 31.239 43.287 5.173 O
124 7 31.281 44.238 4.005 C
125 7 30.085 43.894 3.023 C
126 7 30.222 42.480 2.542 O
127 7 28.573 43.910 3.641 C
128 7 28.141 45.336 3.659 O
129 7 27.778 43.005 2.572 C
130 7 28.839 41.932 2.303 C
131 7 28.712 40.632 3.148 N
132 7 29.501 40.166 4.184 C
133 7 29.054 38.984 4.674 N
134 7 27.906 38.680 3.897 C
135 7 27.027 37.582 3.951 C
136 7 27.066 36.578 4.725 O
137 7 25.956 37.640 2.984 N
138 7 25.807 38.717 2.070 C
139 7 24.741 38.623 1.217 N
140 7 26.668 39.777 2.016 N
141 7 27.684 39.678 2.968 C
