284
1 1 -10.295 38.068 27.951 O
2 1 -9.350 38.226 29.035 C
3 1 -8.183 37.198 29.047 C
4 1 -8.683 35.852 29.114 O
5 1 -7.314 37.221 27.768 C
6 1 -6.061 36.574 28.029 O
7 1 -8.111 36.316 26.849 C
8 1 -8.460 35.247 27.824 C
9 1 -9.580 34.416 27.457 N
10 1 -10.922 34.638 27.590 C
11 1 -11.629 33.555 27.430 N
12 1 -10.694 32.568 27.164 C
13 1 -10.859 31.164 27.098 C
14 1 -11.898 30.498 27.021 O
15 1 -9.632 30.531 27.052 N
16 1 -8.392 31.134 27.034 C
17 1 -7.321 30.334 26.935 N
18 1 -8.236 32.456 27.090 N
19 1 -9.432 33.095 27.161 C
20 2 -4.849 37.402 28.630 P
21 2 -5.345 38.401 29.595 O
22 2 -4.007 37.826 27.493 O
23 2 -4.133 36.235 29.404 O
24 2 -3.264 36.392 30.507 C
25 2 -3.023 35.016 31.057 C
26 2 -4.270 34.400 31.502 O
27 2 -2.465 34.105 29.950 C
28 2 -1.472 33.330 30.548 O
29 2 -3.626 33.188 29.607 C
30 2 -4.381 33.071 30.930 C
31 2 -5.798 32.653 30.737 N
32 2 -6.078 31.302 30.526 C
33 2 -5.201 30.434 30.467 O
34 2 -7.375 30.938 30.365 N
35 2 -8.362 31.824 30.409 C
36 2 -9.612 31.376 30.360 N
37 2 -8.091 33.203 30.617 C
38 2 -6.805 33.563 30.776 C
39 3 0.074 33.741 30.510 P
40 3 0.399 34.188 29.131 O
41 3 0.828 32.631 31.141 O
42 3 0.210 34.976 31.519 O
43 3 0.339 34.822 32.942 C
44 3 0.150 36.176 33.579 C
45 3 -1.061 36.789 33.086 O
46 3 -0.020 36.022 35.086 C
47 3 1.297 35.948 35.656 O
48 3 -0.808 37.303 35.385 C
49 3 -1.617 37.610 34.118 C
50 3 -3.044 37.295 34.260 N
51 3 -4.079 38.183 34.139 C
52 3 -5.260 37.627 34.206 N
53 3 -4.993 36.260 34.385 C
54 3 -5.883 35.149 34.390 C
55 3 -7.107 35.189 34.330 O
56 3 -5.241 33.916 34.449 N
57 3 -3.881 33.747 34.507 C
58 3 -3.434 32.509 34.498 N
59 3 -3.028 34.786 34.512 N
60 3 -3.645 36.021 34.435 C
61 4 1.620 35.753 37.232 P
62 4 0.725 36.610 38.081 O
63 4 3.095 35.873 37.472 O
64 4 1.219 34.221 37.442 O
65 4 1.680 33.424 38.522 C
66 4 0.709 32.276 38.705 C
67 4 -0.564 32.855 39.030 O
68 4 0.498 31.394 37.433 C
69 4 0.341 30.013 37.770 O
70 4 -0.823 31.884 36.917 C
71 4 -1.544 32.252 38.193 C
72 4 -2.691 33.157 38.005 N
73 4 -3.969 32.607 37.904 C
74 4 -4.182 31.390 37.891 O
75 4 -5.023 33.452 37.839 N
76 4 -4.852 34.783 37.870 C
77 4 -5.931 35.578 37.750 N
78 4 -3.538 35.357 37.977 C
79 4 -2.496 34.506 38.034 C
80 5 1.612 29.100 37.791 P
81 5 2.451 29.359 36.616 O
82 5 1.064 27.740 38.007 O
83 5 2.501 29.449 39.046 O
84 5 2.001 29.302 40.362 C
85 5 2.943 29.959 41.310 C
86 5 3.185 31.335 41.013 O
87 5 2.508 29.836 42.750 C
88 5 3.292 28.777 43.267 O
89 5 3.046 31.103 43.378 C
90 5 3.188 32.086 42.236 C
91 5 2.166 33.156 42.184 N
92 5 2.432 34.484 42.130 C
93 5 1.383 35.252 42.014 N
94 5 0.331 34.348 42.000 C
95 5 -1.047 34.605 41.831 C
96 5 -1.576 35.704 41.651 O
97 5 -1.791 33.434 41.797 N
98 5 -1.267 32.148 41.908 C
99 5 -2.128 31.148 41.804 N
100 5 0.037 31.888 42.074 N
101 5 0.786 33.047 42.107 C
102 6 2.720 27.457 43.910 P
103 6 3.883 26.884 44.603 O
104 6 1.995 26.638 42.873 O
105 6 1.666 27.982 44.955 O
106 6 1.026 27.032 45.788 C
107 6 -0.413 27.394 46.007 C
108 6 -0.509 28.729 46.509 O
109 6 -1.193 27.292 44.729 C
110 6 -2.312 26.494 45.047 O
111 6 -1.570 28.688 44.404 C
112 6 -1.547 29.365 45.753 C
113 6 -1.311 30.825 45.658 N
114 6 -2.413 31.654 45.419 C
115 6 -3.551 31.193 45.397 O
116 6 -2.201 32.990 45.218 N
117 6 -0.950 33.490 45.258 C
118 6 -0.764 34.775 45.047 N
119 6 0.186 32.664 45.517 C
120 6 -0.043 31.345 45.711 C
121 7 -2.333 24.915 44.644 P
122 7 -1.771 24.760 43.282 O
123 7 -3.717 24.447 44.872 O
124 7 -1.284 24.248 45.685 O
125 7 -1.548 23.930 47.060 C
126 7 -0.320 23.443 47.767 C
127 7 0.657 24.492 47.801 O
128 7 -0.607 23.035 49.225 C
129 7 0.134 21.879 49.617 O
130 7 -0.030 24.178 50.009 C
131 7 1.104 24.697 49.148 C
132 7 1.443 26.122 49.367 N
133 7 2.703 26.639 49.391 C
134 7 2.741 27.935 49.501 N
135 7 1.393 28.326 49.559 C
136 7 0.796 29.646 49.590 C
137 7 1.338 30.746 49.638 O
138 7 -0.575 29.618 49.533 N
139 7 -1.329 28.470 49.458 C
140 7 -2.656 28.616 49.366 N
141 7 -0.782 27.225 49.440 N
142 7 0.583 27.219 49.486 C
144 8 -6.299 42.305 53.142 O
145 8 -6.006 40.927 53.457 C
146 8 -6.618 39.878 52.471 C
147 8 -8.066 39.800 52.518 O
148 8 -6.253 40.146 50.990 C
149 8 -6.309 38.988 50.133 O
150 8 -7.467 40.910 50.575 C
151 8 -8.592 40.111 51.225 C
152 8 -9.805 40.918 51.282 N
153 8 -9.885 42.266 51.215 C
154 8 -11.090 42.716 51.183 N
155 8 -11.874 41.596 51.233 C
156 8 -13.272 41.522 51.285 C
157 8 -14.067 42.444 51.132 O
158 8 -13.698 40.230 51.435 N
159 8 -12.876 39.132 51.518 C
160 8 -13.503 37.990 51.749 N
161 8 -11.531 39.180 51.446 N
162 8 -11.105 40.465 51.305 C
163 9 -5.379 37.723 50.293 P
164 9 -5.977 36.851 51.337 O
165 9 -3.971 38.173 50.410 O
166 9 -5.497 36.995 48.871 O
167 9 -6.750 36.516 48.372 C
168 9 -6.838 34.980 48.208 C
169 9 -5.677 34.361 47.629 O
170 9 -7.206 34.154 49.420 C
171 9 -8.043 33.128 48.899 O
172 9 -5.902 33.547 49.808 C
173 9 -5.216 33.303 48.478 C
174 9 -3.756 33.312 48.640 N
175 9 -3.122 32.112 48.863 C
176 9 -3.741 31.053 48.957 O
177 9 -1.778 32.113 48.989 N
178 9 -1.060 33.235 48.911 C
179 9 0.275 33.161 49.021 N
180 9 -1.708 34.485 48.692 C
181 9 -3.047 34.469 48.562 C
182 10 -9.643 33.266 48.904 P
183 10 -10.049 33.944 50.155 O
184 10 -10.205 31.938 48.572 O
185 10 -10.056 34.300 47.742 O
186 10 -10.113 33.919 46.382 C
187 10 -10.403 35.135 45.545 C
188 10 -9.495 36.159 45.889 O
189 10 -10.266 34.798 44.075 C
190 10 -11.576 34.428 43.700 O
191 10 -9.775 36.089 43.490 C
192 10 -9.149 36.812 44.676 C
193 10 -7.695 36.961 44.620 N
194 10 -7.021 38.140 44.606 C
195 10 -5.739 38.004 44.649 N
196 10 -5.532 36.624 44.707 C
197 10 -4.318 35.877 44.742 C
198 10 -3.160 36.306 44.818 O
199 10 -4.589 34.496 44.728 N
200 10 -5.849 33.930 44.691 C
201 10 -5.960 32.624 44.745 N
202 10 -6.970 34.623 44.656 N
203 10 -6.739 35.967 44.674 C
204 11 -11.952 33.793 42.308 P
205 11 -11.671 34.808 41.259 O
206 11 -13.342 33.297 42.430 O
207 11 -11.026 32.561 42.033 O
208 11 -11.110 31.680 40.883 C
209 11 -9.861 30.767 40.808 C
210 11 -8.731 31.455 40.245 O
211 11 -9.391 30.243 42.220 C
212 11 -8.901 28.901 42.151 O
213 11 -8.232 31.127 42.535 C
214 11 -7.632 31.404 41.153 C
215 11 -6.799 32.633 41.146 N
216 11 -5.419 32.506 41.297 C
217 11 -4.837 31.425 41.399 O
218 11 -4.673 33.628 41.353 N
219 11 -5.225 34.839 41.268 C
220 11 -4.396 35.900 41.308 N
221 11 -6.645 34.992 41.113 C
222 11 -7.384 33.866 41.057 C
223 12 -9.938 27.655 42.078 P
224 12 -10.933 27.860 43.147 O
225 12 -9.112 26.420 42.035 O
226 12 -10.828 27.679 40.722 O
227 12 -10.318 27.393 39.413 C
228 12 -11.390 27.678 38.399 C
229 12 -11.861 29.006 38.541 O
230 12 -10.879 27.520 36.987 C
231 12 -11.072 26.153 36.539 O
232 12 -11.615 28.549 36.190 C
233 12 -12.076 29.567 37.229 C
234 12 -11.420 30.896 37.181 N
235 12 -12.063 32.096 37.151 C
236 12 -11.278 33.128 37.217 N
237 12 -9.997 32.561 37.280 C
238 12 -8.734 33.196 37.374 C
239 12 -8.532 34.409 37.389 O
240 12 -7.686 32.302 37.451 N
241 12 -7.844 30.934 37.439 C
242 12 -6.744 30.196 37.478 N
243 12 -9.036 30.319 37.346 N
244 12 -10.067 31.190 37.265 C
245 13 -9.776 25.253 36.209 P
246 13 -10.202 23.869 35.887 O
247 13 -8.784 25.352 37.318 O
248 13 -9.237 25.968 34.880 O
249 13 -8.580 25.250 33.834 C
250 13 -7.228 25.823 33.491 C
251 13 -7.410 27.122 32.949 O
252 13 -6.379 25.937 34.744 C
253 13 -5.062 25.523 34.442 O
254 13 -6.464 27.396 35.078 C
255 13 -6.644 28.050 33.710 C
256 13 -7.295 29.393 33.814 N
257 13 -6.455 30.519 33.944 C
258 13 -5.231 30.406 34.031 O
259 13 -7.015 31.749 33.978 N
260 13 -8.341 31.886 33.894 C
261 13 -8.842 33.109 33.956 N
262 13 -9.224 30.747 33.764 C
263 13 -8.650 29.529 33.732 C
264 14 -4.715 23.998 34.671 P
265 14 -5.220 23.612 36.028 O
266 14 -3.266 23.842 34.437 O
267 14 -5.561 23.138 33.629 O
268 14 -5.303 22.974 32.216 C
269 14 -6.405 22.097 31.593 C
270 14 -7.669 22.799 31.633 O
271 14 -6.111 21.655 30.147 C
272 14 -6.529 20.289 29.918 O
273 14 -6.994 22.653 29.379 C
274 14 -8.190 22.874 30.300 C
275 14 -8.923 24.131 30.149 N
276 14 -10.282 24.291 30.178 C
277 14 -10.666 25.541 30.188 N
278 14 -9.467 26.278 30.155 C
279 14 -9.240 27.713 30.124 C
280 14 -10.064 28.630 30.175 O
281 14 -7.887 28.019 30.066 N
282 14 -6.866 27.068 30.049 C
283 14 -5.588 27.496 30.051 N
284 14 -7.087 25.741 30.078 N
285 14 -8.395 25.417 30.129 C
