281 703
0 2
0 3
0 4
0 6
0 15
0 16
0 17
1 3
1 4
1 6
1 17
2 5
2 6
2 7
3 4
3 5
3 6
3 8
3 18
4 7
4 19
4 22
5 6
5 7
5 20
5 21
5 22
6 8
6 17
6 18
6 37
7 9
7 17
7 18
8 10
8 11
8 17
9 11
9 18
10 12
10 13
10 18
11 13
11 14
11 15
11 17
12 15
12 17
12 18
13 14
14 16
14 17
14 18
15 18
16 17
19 23
20 21
20 22
20 23
21 22
21 23
22 24
22 25
22 26
22 28
23 25
23 26
24 27
24 28
24 29
24 41
25 26
25 27
25 28
25 30
25 37
25 55
25 56
25 58
26 29
26 38
26 39
26 41
27 28
27 29
27 39
27 40
27 41
28 30
29 31
29 32
29 37
30 32
30 33
30 34
30 36
31 34
31 36
31 37
32 33
32 278
33 35
33 36
33 37
33 276
34 37
35 36
35 275
38 42
39 40
39 41
40 41
40 42
41 43
41 44
42 44
42 45
43 46
43 47
43 48
44 45
44 47
44 49
44 58
44 59
45 48
45 60
45 61
45 63
46 47
46 61
46 62
46 63
47 49
47 58
47 59
47 61
48 50
48 58
48 59
49 51
49 52
49 58
50 52
50 59
51 53
51 54
51 59
52 54
52 55
52 56
52 58
53 56
53 58
53 59
54 55
54 256
55 57
55 58
55 59
55 254
56 59
57 58
57 253
60 64
61 62
61 63
61 64
62 63
62 64
63 65
63 66
63 67
63 69
64 66
64 67
65 68
65 69
65 70
66 67
66 68
66 69
66 71
66 78
66 96
66 97
67 70
67 79
67 80
67 82
68 69
68 70
68 80
68 81
68 82
68 83
69 71
70 72
70 73
70 78
71 73
71 74
71 75
71 77
72 75
72 77
72 78
73 74
73 237
74 76
74 77
74 78
74 235
75 78
76 77
76 234
79 83
80 81
80 82
81 82
81 83
82 84
82 85
83 85
83 86
84 87
84 88
84 89
85 86
85 88
85 90
85 99
85 100
86 89
86 101
86 103
86 104
87 88
87 102
87 103
87 104
88 90
88 99
88 100
89 91
89 99
89 100
90 92
90 93
90 99
91 93
91 100
92 94
92 95
92 100
93 95
93 96
93 97
93 99
94 97
94 99
94 100
95 96
95 215
96 98
96 99
96 100
96 213
97 100
98 99
98 212
101 105
102 103
102 104
102 105
103 104
104 106
104 107
104 108
105 107
105 108
106 109
106 110
106 111
107 108
107 109
107 110
107 112
107 119
107 137
107 138
108 111
108 120
108 121
108 123
109 110
109 111
109 121
109 122
109 123
110 112
111 113
111 114
111 119
112 114
112 115
112 116
112 118
113 116
113 118
113 119
114 115
114 196
115 117
115 118
115 119
115 194
116 119
117 118
120 124
121 122
121 123
122 123
122 124
123 125
123 126
124 126
124 127
125 128
125 129
125 130
126 127
126 128
126 129
126 131
126 141
127 130
128 129
128 130
129 131
129 140
129 141
130 132
130 140
130 141
131 133
131 134
131 140
132 134
132 141
133 135
133 136
133 141
134 136
134 137
134 138
134 140
135 138
135 140
135 141
136 137
136 174
137 139
137 140
137 141
137 172
138 141
139 140
139 171
142 144
142 145
142 178
143 145
143 146
144 147
144 148
144 149
144 161
145 146
145 148
145 150
145 157
146 149
146 158
146 159
146 161
147 148
147 149
147 159
147 160
147 161
148 150
148 151
148 152
149 151
149 152
149 157
150 152
150 153
150 154
150 156
151 154
151 156
151 157
152 153
153 155
153 156
153 157
154 157
155 156
158 162
159 160
159 161
160 161
160 162
161 163
161 164
161 165
161 167
162 164
162 165
163 166
163 167
163 168
164 165
164 166
164 167
164 169
164 176
164 194
164 195
165 168
165 177
165 178
165 180
166 167
166 168
166 178
166 179
166 180
166 181
167 169
168 170
168 171
168 176
169 171
169 172
169 173
169 175
170 173
170 175
170 176
171 172
172 174
172 175
172 176
173 176
174 175
177 181
178 179
178 180
179 180
179 181
180 182
180 183
181 183
181 184
182 185
182 186
182 187
183 184
183 186
183 188
183 197
183 198
184 187
184 199
184 200
184 202
185 186
185 200
185 201
185 202
186 188
186 198
186 200
187 189
187 197
187 198
188 190
188 191
188 197
189 191
189 198
190 192
190 193
190 198
191 193
191 194
191 195
191 197
192 195
192 197
192 198
193 194
194 196
194 197
194 198
195 198
196 197
199 203
200 201
200 202
200 203
201 202
201 203
202 204
202 205
202 206
202 208
203 205
203 206
204 207
204 208
204 209
205 206
205 207
205 208
205 210
205 217
205 235
205 236
206 209
206 218
206 219
206 221
207 208
207 209
207 219
207 220
207 221
207 222
208 210
209 211
209 212
209 217
210 212
210 213
210 214
210 216
211 214
211 216
211 217
212 213
213 215
213 216
213 217
214 217
215 216
218 222
219 220
219 221
220 221
220 222
221 223
221 224
222 224
222 225
223 226
223 227
223 228
224 225
224 227
224 229
224 239
225 228
225 240
225 242
225 243
226 227
226 241
226 242
226 243
227 229
228 230
228 238
228 239
229 231
229 232
229 238
230 232
230 239
231 233
231 234
231 239
232 234
232 235
232 236
232 238
233 236
233 238
233 239
234 235
235 237
235 238
235 239
236 239
237 238
240 244
241 242
241 243
241 244
242 243
243 245
243 246
243 247
244 246
244 247
245 248
245 249
245 250
245 262
246 247
246 249
246 251
246 258
246 276
246 277
246 279
247 250
247 259
247 260
247 262
248 249
248 250
248 260
248 261
248 262
248 263
249 251
250 252
250 253
250 258
251 253
251 254
251 255
251 257
252 255
252 257
252 258
253 254
254 256
254 257
254 258
255 258
256 257
259 263
260 261
260 262
261 262
261 263
262 264
262 265
263 265
263 266
264 267
264 268
264 269
265 266
265 267
265 268
265 270
265 280
266 269
267 268
267 269
268 270
268 279
268 280
269 271
269 279
269 280
270 272
270 273
270 279
271 273
271 280
272 274
272 275
272 280
273 275
273 276
273 277
273 279
274 277
274 279
274 280
275 276
276 278
276 279
276 280
277 280
278 279
1 1 5.779000 11.711000 0.238000 O
2 1 5.974000 10.726000 -0.809000 C
3 1 6.339000 9.369000 -0.244000 C
4 1 7.786000 9.320000 -0.127000 O
5 1 5.812000 9.204000 1.183000 C
6 1 5.807000 7.819000 1.541000 O
7 1 6.879000 9.931000 1.983000 C
8 1 8.165000 9.593000 1.230000 C
9 1 9.160000 10.671000 1.199000 N
10 1 10.519000 10.521000 1.329000 C
11 1 11.165000 11.645000 1.246000 N
12 1 10.183000 12.605000 1.071000 C
13 1 10.296000 14.007000 1.016000 C
14 1 11.335000 14.687000 1.069000 O
15 1 9.046000 14.614000 0.896000 N
16 1 7.842000 13.937000 0.863000 C
17 1 6.723000 14.685000 0.755000 N
18 1 7.724000 12.641000 0.926000 N
19 1 8.930000 12.028000 1.022000 C
20 2 4.800000 7.283000 2.672000 P
21 2 5.518000 6.390000 3.634000 O
22 2 3.618000 6.783000 1.907000 O
23 2 4.357000 8.536000 3.534000 O
24 2 3.346000 8.441000 4.563000 C
25 2 2.926000 9.825000 5.018000 C
26 2 4.067000 10.559000 5.537000 O
27 2 2.356000 10.689000 3.892000 C
28 2 1.367000 11.546000 4.458000 O
29 2 3.537000 11.531000 3.480000 C
30 2 4.225000 11.774000 4.812000 C
31 2 5.658000 12.111000 4.729000 N
32 2 6.008000 13.462000 4.493000 C
33 2 5.104000 14.312000 4.382000 O
34 2 7.311000 13.795000 4.392000 N
35 2 8.257000 12.868000 4.533000 C
36 2 9.525000 13.247000 4.460000 N
37 2 7.939000 11.500000 4.771000 C
38 2 6.648000 11.171000 4.862000 C
39 3 -0.160000 11.068000 4.481000 P
40 3 -0.525000 10.613000 3.134000 O
41 3 -0.942000 12.163000 5.139000 O
42 3 -0.118000 9.847000 5.492000 O
43 3 -0.048000 10.032000 6.898000 C
44 3 -0.153000 8.680000 7.595000 C
45 3 0.996000 7.930000 7.171000 O
46 3 -0.072000 8.793000 9.108000 C
47 3 -1.348000 8.505000 9.688000 O
48 3 0.937000 7.728000 9.529000 C
49 3 1.553000 7.177000 8.241000 C
50 3 2.982000 7.436000 8.250000 N
51 3 4.008000 6.527000 8.187000 C
52 3 5.191000 7.075000 8.202000 N
53 3 4.939000 8.441000 8.285000 C
54 3 5.839000 9.561000 8.300000 C
55 3 7.078000 9.569000 8.268000 O
56 3 5.135000 10.763000 8.354000 N
57 3 3.767000 10.888000 8.391000 C
58 3 3.276000 12.130000 8.436000 N
59 3 2.933000 9.866000 8.386000 N
60 3 3.578000 8.673000 8.323000 C
61 4 -1.646000 8.896000 11.213000 P
62 4 -0.720000 8.149000 12.097000 O
63 4 -3.119000 8.724000 11.381000 O
64 4 -1.300000 10.450000 11.361000 O
65 4 -1.590000 11.171000 12.608000 C
66 4 -0.724000 12.411000 12.733000 C
67 4 0.603000 11.953000 13.095000 O
68 4 -0.534000 13.288000 11.493000 C
69 4 -0.345000 14.660000 11.889000 O
70 4 0.763000 12.778000 10.914000 C
71 4 1.544000 12.506000 12.190000 C
72 4 2.682000 11.574000 12.074000 N
73 4 3.987000 12.125000 11.996000 C
74 4 4.143000 13.373000 12.006000 O
75 4 5.044000 11.294000 11.894000 N
76 4 4.861000 9.968000 11.848000 C
77 4 5.948000 9.208000 11.729000 N
78 4 3.556000 9.380000 11.924000 C
79 4 2.506000 10.211000 12.038000 C
80 5 -1.571000 15.696000 11.792000 P
81 5 -2.354000 15.524000 10.553000 O
82 5 -0.914000 17.007000 12.077000 O
83 5 -2.488000 15.299000 13.020000 O
84 5 -2.013000 15.411000 14.357000 C
85 5 -3.011000 14.801000 15.304000 C
86 5 -3.054000 13.380000 15.048000 O
87 5 -2.606000 14.952000 16.768999 C
88 5 -3.485000 15.928000 17.344000 O
89 5 -2.945000 13.619000 17.399000 C
90 5 -3.157000 12.646000 16.253000 C
91 5 -2.193000 11.549000 16.177000 N
92 5 -2.468000 10.219000 16.108000 C
93 5 -1.394000 9.482000 16.000000 N
94 5 -0.361000 10.385000 16.004000 C
95 5 1.015000 10.181000 15.867000 C
96 5 1.614000 9.124000 15.713000 O
97 5 1.722000 11.380000 15.902000 N
98 5 1.148000 12.630000 16.030001 C
99 5 1.967000 13.673000 16.016001 N
100 5 -0.142000 12.828000 16.155001 N
101 5 -0.832000 11.683000 16.132000 C
102 6 -2.876000 17.245001 18.032000 P
103 6 -3.963000 17.900999 18.808001 O
104 6 -2.170000 17.959999 16.941999 O
105 6 -1.739000 16.739000 19.023001 O
106 6 -1.168000 17.634001 19.968000 C
107 6 0.307000 17.346001 20.118999 C
108 6 0.527000 16.004000 20.584999 O
109 6 1.124000 17.493999 18.843000 C
110 6 2.303000 18.219999 19.191999 O
111 6 1.488000 16.083000 18.459000 C
112 6 1.526000 15.379000 19.799999 C
113 6 1.217000 13.936000 19.693001 N
114 6 2.283000 13.042000 19.478001 C
115 6 3.433000 13.488000 19.382999 O
116 6 2.030000 11.717000 19.372000 N
117 6 0.776000 11.272000 19.448999 C
118 6 0.582000 9.981000 19.304001 N
119 6 -0.333000 12.151000 19.671000 C
120 6 -0.067000 13.456000 19.784000 C
121 7 2.378000 19.785000 18.858999 P
122 7 1.855000 20.017000 17.482000 O
123 7 3.747000 20.216999 19.191000 O
124 7 1.315000 20.393999 19.868000 O
125 7 1.631000 20.580999 21.270000 C
126 7 0.458000 21.208000 21.952999 C
127 7 -0.662000 20.270000 21.955999 O
128 7 0.645000 21.611000 23.421000 C
129 7 -0.199000 22.743000 23.705000 O
130 7 0.066000 20.441999 24.177000 C
131 7 -1.080000 20.031000 23.285999 C
132 7 -1.446000 18.618999 23.379000 N
133 7 -2.716000 18.107000 23.429001 C
134 7 -2.750000 16.809000 23.481001 N
135 7 -1.418000 16.429001 23.481001 C
136 7 -0.836000 15.139000 23.507000 C
137 7 -1.403000 14.043000 23.563000 O
138 7 0.543000 15.211000 23.459000 N
139 7 1.282000 16.348000 23.403999 C
140 7 2.609000 16.174000 23.334000 N
141 7 0.766000 17.566999 23.403999 N
142 7 -0.593000 17.525999 23.431999 C
144 8 10.573000 8.941000 26.348000 O
145 8 9.222000 8.471000 26.184000 C
146 8 9.189000 7.338000 25.167999 C
147 8 10.518000 6.782000 25.063000 O
148 8 8.259000 6.142000 25.492001 C
149 8 7.352000 5.872000 24.396999 O
150 8 9.185000 4.969000 25.639000 C
151 8 10.385000 5.394000 24.820000 C
152 8 11.670000 4.749000 25.120001 N
153 8 11.742000 3.356000 25.106001 C
154 8 10.701000 2.691000 24.971001 O
155 8 12.939000 2.756000 25.247999 N
156 8 14.034000 3.490000 25.400000 C
157 8 15.204000 2.844000 25.421000 N
158 8 13.985000 4.912000 25.507000 C
159 8 12.787000 5.502000 25.363001 C
160 9 6.040000 6.776000 24.187000 P
161 9 5.490000 7.152000 25.537001 O
162 9 5.130000 6.176000 23.165001 O
163 9 6.675000 8.118000 23.583000 O
164 9 6.744000 8.366000 22.180000 C
165 9 6.874000 9.856000 21.945000 C
166 9 5.541000 10.343000 21.659000 O
167 9 7.351000 10.637000 23.176001 C
168 9 8.124000 11.773000 22.794001 O
169 9 6.069000 11.111000 23.815001 C
170 9 5.211000 11.373000 22.589001 C
171 9 3.762000 11.354000 22.822001 N
172 9 3.102000 12.586000 22.914000 C
173 9 3.763000 13.638000 22.889000 O
174 9 1.762000 12.612000 23.048000 N
175 9 1.076000 11.481000 23.136000 C
176 9 -0.241000 11.574000 23.287001 N
177 9 1.724000 10.204000 23.083000 C
178 9 3.051000 10.194000 22.924999 C
179 10 9.702000 11.683000 22.917999 P
180 10 10.076000 11.159000 24.239000 O
181 10 10.244000 12.991000 22.458000 O
182 10 10.107000 10.622000 21.815001 O
183 10 9.841000 10.887000 20.434999 C
184 10 10.384000 9.757000 19.586000 C
185 10 9.554000 8.606000 19.829000 O
186 10 10.262000 10.082000 18.104000 C
187 10 11.603000 10.388000 17.676001 O
188 10 9.768000 8.794000 17.476999 C
189 10 9.227000 7.938000 18.625000 C
190 10 7.810000 7.709000 18.632000 N
191 10 7.158000 6.490000 18.677000 C
192 10 5.860000 6.594000 18.693001 N
193 10 5.625000 7.975000 18.650000 C
194 10 4.404000 8.696000 18.722000 C
195 10 3.248000 8.241000 18.752001 O
196 10 4.629000 10.085000 18.777000 N
197 10 5.868000 10.684000 18.768000 C
198 10 5.905000 12.023000 18.862000 N
199 10 7.009000 10.016000 18.674000 N
200 10 6.808000 8.672000 18.618999 C
201 11 11.867000 10.949000 16.202999 P
202 11 11.386000 9.967000 15.193000 O
203 11 13.298000 11.389000 16.176001 O
204 11 10.954000 12.270000 16.101999 O
205 11 10.996000 13.102000 14.928000 C
206 11 9.777000 13.996000 14.872000 C
207 11 8.660000 13.237000 14.352000 O
208 11 9.310000 14.594000 16.201000 C
209 11 8.820000 15.937000 16.011999 O
210 11 8.149000 13.705000 16.584999 C
211 11 7.555000 13.369000 15.231000 C
212 11 6.782000 12.115000 15.225000 N
213 11 5.381000 12.215000 15.401000 C
214 11 4.845000 13.342000 15.541000 O
215 11 4.644000 11.091000 15.427000 N
216 11 5.229000 9.893000 15.313000 C
217 11 4.443000 8.832000 15.397000 N
218 11 6.641000 9.753000 15.119000 C
219 11 7.370000 10.877000 15.081000 C
220 12 9.829000 17.181000 16.148001 P
221 12 10.647000 17.042000 17.375000 O
222 12 8.938000 18.377001 15.971000 O
223 12 10.782000 17.065001 14.883000 O
224 12 10.293000 17.355000 13.572000 C
225 12 11.381000 17.122000 12.551000 C
226 12 11.874000 15.773000 12.670000 O
227 12 10.810000 17.216999 11.147000 C
228 12 11.020000 18.546000 10.641000 O
229 12 11.651000 16.233000 10.359000 C
230 12 12.073000 15.203000 11.387000 C
231 12 11.401000 13.901000 11.345000 N
232 12 12.058000 12.699000 11.290000 C
233 12 11.251000 11.674000 11.278000 N
234 12 9.979000 12.225000 11.320000 C
235 12 8.696000 11.588000 11.382000 C
236 12 8.431000 10.375000 11.415000 O
237 12 7.664000 12.522000 11.430000 N
238 12 7.833000 13.881000 11.460000 C
239 12 6.710000 14.620000 11.520000 N
240 12 9.020000 14.482000 11.426000 N
241 12 10.039000 13.607000 11.356000 C
242 13 9.761000 19.431000 10.165000 P
243 13 10.356000 20.747000 9.803000 O
244 13 8.686000 19.341000 11.190000 O
245 13 9.279000 18.750000 8.806000 O
246 13 8.587000 19.535000 7.806000 C
247 13 7.226000 18.951000 7.546000 C
248 13 7.504000 17.598000 7.104000 O
249 13 6.294000 18.825001 8.750000 C
250 13 4.968000 19.233000 8.388000 O
251 13 6.294000 17.340000 9.082000 C
252 13 6.626000 16.691999 7.754000 C
253 13 7.281000 15.353000 7.828000 N
254 13 6.449000 14.204000 7.924000 C
255 13 5.215000 14.326000 7.937000 O
256 13 7.014000 12.990000 8.001000 N
257 13 8.339000 12.867000 7.995000 C
258 13 8.830000 11.643000 8.110000 N
259 13 9.205000 13.990000 7.883000 C
260 13 8.639000 15.202000 7.809000 C
261 14 4.511000 20.764000 8.657000 P
262 14 4.854000 21.141001 10.028000 O
263 14 3.105000 20.865000 8.187000 O
264 14 5.483000 21.577000 7.687000 O
265 14 5.344000 21.556000 6.257000 C
266 14 6.328000 22.535999 5.653000 C
267 14 7.631000 21.937000 5.738000 O
268 14 6.141000 22.927000 4.187000 C
269 14 6.701000 24.233000 3.973000 O
270 14 7.086000 22.000999 3.458000 C
271 14 8.219000 21.843000 4.457000 C
272 14 8.939000 20.594000 4.403000 N
273 14 10.296000 20.434999 4.376000 C
274 14 10.669000 19.188999 4.350000 N
275 14 9.479000 18.471001 4.351000 C
276 14 9.246000 17.066000 4.214000 C
277 14 10.075000 16.169001 4.153000 O
278 14 7.879000 16.771000 4.158000 N
279 14 6.873000 17.716999 4.237000 C
280 14 5.594000 17.278999 4.223000 N
281 14 7.087000 19.014000 4.335000 N
282 14 8.398000 19.319000 4.385000 C
