227 554
0 2
0 3
1 3
1 4
1 5
2 5
2 6
2 7
2 22
3 4
3 6
3 8
3 9
4 7
4 8
4 23
4 25
4 26
5 6
5 24
5 25
5 26
5 27
6 8
7 9
7 17
7 18
8 10
8 11
8 17
9 11
9 18
10 12
10 13
10 18
11 13
11 14
11 15
11 17
12 15
12 17
12 18
12 19
13 14
13 19
13 39
13 45
14 16
14 17
14 18
14 21
15 18
15 19
15 20
15 21
16 17
16 19
17 20
19 21
23 27
24 25
24 26
24 27
25 26
26 28
26 29
26 30
27 29
27 30
27 31
28 31
28 32
28 33
29 30
29 32
29 34
29 35
30 33
30 34
30 46
30 48
30 49
31 32
31 47
31 48
31 49
31 50
32 34
32 52
33 35
33 42
33 43
34 36
34 37
34 42
35 37
35 43
36 38
36 39
36 43
36 44
37 39
37 40
37 41
37 42
37 44
38 41
38 42
38 43
38 44
38 45
39 40
39 66
40 42
40 43
40 45
41 43
44 62
44 66
46 50
47 48
47 49
47 50
48 49
49 51
49 52
49 53
50 52
50 53
50 54
51 54
51 55
51 56
52 53
52 55
52 57
52 64
53 56
53 57
53 67
53 69
53 70
54 55
54 68
54 69
54 70
54 71
55 57
56 58
56 59
56 64
57 59
57 60
57 61
57 63
58 61
58 63
58 64
59 60
60 62
60 63
60 64
60 66
61 64
61 65
61 66
62 63
62 86
63 65
65 86
66 83
66 86
66 87
67 71
68 69
68 70
68 71
69 70
70 72
70 73
70 74
71 73
71 74
72 75
72 76
72 77
73 74
73 76
73 78
73 85
74 77
74 78
74 88
74 90
75 76
75 89
75 90
75 91
75 92
76 78
76 80
77 79
77 80
77 85
78 80
78 81
78 82
78 84
79 82
79 84
79 85
80 81
81 83
81 84
81 85
81 87
82 85
82 86
82 87
83 84
84 86
88 92
89 90
89 91
89 92
90 91
91 93
91 94
91 95
92 94
92 95
92 96
93 96
93 97
93 98
94 95
94 97
94 99
94 100
95 98
95 99
95 113
95 115
95 116
96 97
96 114
96 115
96 116
96 117
97 99
98 100
98 108
98 109
99 101
99 102
99 108
100 102
100 109
101 103
101 104
101 109
102 104
102 105
102 106
102 108
103 106
103 108
103 109
103 110
104 105
104 110
105 107
105 108
105 109
105 112
106 109
106 110
106 111
106 112
107 108
107 110
108 111
110 112
113 117
114 115
114 116
114 117
115 116
116 118
116 119
116 120
117 119
117 120
117 121
118 121
118 122
118 123
119 120
119 122
119 124
119 131
120 123
120 124
120 134
120 136
120 137
121 122
121 135
121 136
121 137
121 138
122 124
122 125
122 126
123 125
123 126
123 131
124 126
124 127
124 128
124 130
125 128
125 130
125 131
126 127
127 129
127 130
127 131
127 133
128 131
128 132
128 133
129 130
130 132
133 149
133 150
134 138
135 136
135 137
135 138
136 137
137 139
137 140
137 141
138 140
138 141
139 142
139 143
139 144
140 141
140 143
140 145
140 146
141 144
141 145
141 159
141 161
141 162
142 143
142 160
142 161
142 162
143 145
143 162
144 146
144 154
144 155
145 147
145 148
145 154
146 148
146 155
147 149
147 150
147 155
148 150
148 151
148 152
148 154
149 152
149 154
149 155
149 156
149 172
150 151
150 156
151 153
151 154
151 155
151 158
152 155
152 156
152 157
152 158
153 154
153 156
154 157
156 158
159 163
160 161
160 162
161 162
161 163
162 164
162 165
163 165
163 166
164 167
164 168
164 169
165 166
165 168
165 170
165 171
166 169
166 170
166 184
166 186
166 187
167 168
167 185
167 186
167 187
167 188
168 170
168 180
169 171
169 179
169 180
170 172
170 173
170 179
171 173
171 180
172 174
172 175
172 180
173 175
173 176
173 177
173 179
174 177
174 179
174 180
174 181
175 176
175 181
176 178
176 179
176 180
176 183
177 180
177 181
177 182
177 183
178 179
178 181
179 182
181 183
184 188
185 186
185 187
185 188
186 187
187 189
187 190
187 191
188 190
188 191
188 192
189 192
189 193
189 194
190 191
190 193
190 195
190 203
191 194
191 205
191 207
191 208
192 193
192 206
192 207
192 208
192 209
193 195
194 196
194 197
194 203
195 197
195 198
195 199
195 201
196 199
196 201
196 203
196 204
197 198
197 204
198 200
198 201
198 203
199 202
199 203
199 204
200 201
200 202
200 204
200 221
200 226
202 203
205 209
206 207
206 208
206 209
207 208
208 210
208 211
208 212
209 211
209 212
209 224
210 213
210 214
210 215
210 224
211 212
211 214
211 216
211 223
212 215
213 214
214 216
215 217
215 218
215 223
216 218
216 219
216 220
216 222
217 220
217 222
217 223
218 219
219 221
219 222
219 223
219 226
220 223
220 225
220 226
221 222
222 225
1 1 29.104000 14.342000 17.238001 O
2 1 28.040001 13.625000 16.650999 C
3 1 27.422001 14.482000 15.571000 C
4 1 28.014000 14.226000 14.274000 O
5 1 25.944000 14.172000 15.416000 C
6 1 25.232000 15.066000 16.284000 O
7 1 25.702000 14.480000 13.951000 C
8 1 26.990000 13.980000 13.314000 C
9 1 27.032000 12.551000 12.999000 N
10 1 27.683001 11.594000 13.736000 C
11 1 27.608999 10.399000 13.217000 N
12 1 26.856001 10.570000 12.064000 C
13 1 26.476000 9.621000 11.079000 C
14 1 26.754000 8.417000 11.022000 O
15 1 25.716999 10.200000 10.074000 N
16 1 25.377001 11.532000 10.018000 C
17 1 24.636000 11.904000 8.967000 N
18 1 25.739000 12.441000 10.933000 N
19 1 26.475000 11.891000 11.919000 C
20 1 25.403000 9.601000 9.322000 2
1 1 24.344999 12.871000 8.868000 H
22 1 24.372999 11.229000 8.263000 H
23 1 28.764000 15.181000 17.559999 H
24 2 23.972000 14.533000 17.121000 P
25 2 23.551001 15.646000 18.032000 O
26 2 24.288000 13.190000 17.686001 O
27 2 22.844000 14.319000 16.024000 O
28 2 22.302000 15.417000 15.312000 C
29 2 21.556999 14.916000 14.098000 C
30 2 22.471001 14.327000 13.146000 O
31 2 20.549999 13.823000 14.391000 C
32 2 19.323999 14.361000 14.902000 O
33 2 20.382000 13.221000 13.007000 C
34 2 21.820000 13.240000 12.484000 C
35 2 22.538000 12.022000 12.826000 N
36 2 23.301001 11.784000 13.940000 C
37 2 23.808001 10.577000 13.985000 N
38 2 23.348000 9.981000 12.815000 C
39 2 23.534000 8.695000 12.262000 C
40 2 24.254999 7.725000 12.842000 N
41 2 22.947001 8.432000 11.075000 N
42 2 22.218000 9.390000 10.502000 C
43 2 21.969000 10.628000 10.923000 N
44 2 22.572001 10.861000 12.096000 C
45 2 24.667999 7.921000 13.740000 H
46 2 24.389999 6.839000 12.384000 H
47 3 18.426001 13.473000 15.903000 P
48 3 17.337000 14.362000 16.344000 O
49 3 19.275999 12.778000 16.888000 O
50 3 17.809000 12.317000 15.002000 O
51 3 16.951000 12.625000 13.914000 C
52 3 16.836000 11.434000 12.995000 C
53 3 18.121000 11.074000 12.454000 O
54 3 16.337000 10.177000 13.668000 C
55 3 14.913000 10.205000 13.767000 O
56 3 16.783001 9.129000 12.670000 C
57 3 18.149000 9.656000 12.235000 C
58 3 19.229000 9.072000 13.054000 N
59 3 19.745001 7.833000 12.675000 C
60 3 19.320000 7.290000 11.654000 O
61 3 20.695999 7.253000 13.432000 N
62 3 21.138000 7.865000 14.525000 C
63 3 22.084999 7.248000 15.250000 N
64 3 20.639999 9.133000 14.930000 C
65 3 19.700001 9.700000 14.169000 C
66 3 22.433001 7.692000 16.089001 6
7 3 22.447001 6.346000 14.965000 H
68 4 14.175000 9.291000 14.864000 P
69 4 12.754000 9.694000 14.876000 O
70 4 14.958000 9.330000 16.110001 O
71 4 14.268000 7.818000 14.285000 O
72 4 13.624000 7.477000 13.069000 C
73 4 13.972000 6.062000 12.677000 C
74 4 15.363000 5.961000 12.315000 O
75 4 13.773000 4.995000 13.745000 C
76 4 12.401000 4.603000 13.864000 O
77 4 14.621000 3.878000 13.172000 C
78 4 15.818000 4.637000 12.608000 C
79 4 16.919001 4.730000 13.576000 N
80 4 17.785999 3.651000 13.671000 C
81 4 17.568001 2.655000 12.972000 O
82 4 18.834999 3.707000 14.521000 N
83 4 19.027000 4.793000 15.273000 C
84 4 20.112000 4.814000 16.072001 N
85 4 18.131001 5.905000 15.230000 C
86 4 17.096001 5.832000 14.371000 C
87 4 20.301001 5.619000 16.653999 H
88 4 20.737000 4.027000 16.113001 H
89 5 11.883000 3.902000 15.205000 P
90 5 10.404000 3.910000 15.096000 O
91 5 12.533000 4.442000 16.426001 O
92 5 12.435000 2.414000 15.105000 O
93 5 11.902000 1.468000 14.179000 C
94 5 12.662000 0.165000 14.288000 C
95 5 14.037000 0.329000 13.894000 O
96 5 12.730000 -0.403000 15.690000 C
97 5 11.543000 -1.130000 16.003000 O
98 5 13.926000 -1.327000 15.570000 C
99 5 14.866000 -0.489000 14.719000 C
100 5 15.698000 0.390000 15.533000 N
101 5 15.563000 1.739000 15.719000 C
102 5 16.497000 2.247000 16.480000 N
103 5 17.288000 1.155000 16.823000 C
104 5 18.469999 1.073000 17.608999 C
105 5 19.108000 1.988000 18.138000 O
106 5 18.920000 -0.240000 17.726000 N
107 5 18.327000 -1.327000 17.132999 C
108 5 18.884001 -2.526000 17.363001 N
109 5 17.259001 -1.257000 16.371000 N
110 5 16.792999 0.003000 16.261000 C
111 5 19.740000 -0.413000 18.283001 H
112 5 18.479000 -3.359000 16.952000 1
13 5 19.704000 -2.598000 17.950001 1
14 6 11.048000 -1.193000 17.516001 P
115 6 9.761000 -1.941000 17.523001 O
116 6 11.122000 0.155000 18.106001 O
117 6 12.148000 -2.064000 18.254999 O
118 6 12.268000 -3.473000 18.000999 C
119 6 13.435000 -4.042000 18.778000 C
120 6 14.676000 -3.487000 18.309000 O
121 6 13.445000 -3.768000 20.261000 C
122 6 12.557000 -4.607000 20.974001 O
123 6 14.886000 -4.082000 20.599001 C
124 6 15.602000 -3.453000 19.410000 C
125 6 15.939000 -2.050000 19.695000 N
126 6 17.049999 -1.808000 20.483999 C
127 6 17.732000 -2.776000 20.858000 O
128 6 17.365000 -0.543000 20.823999 N
129 6 16.611000 0.469000 20.395000 C
130 6 16.958000 1.705000 20.775000 N
131 6 15.476000 0.259000 19.566000 C
132 6 15.179000 -1.008000 19.239000 C
133 6 16.412001 2.493000 20.466000 H
134 6 17.757999 1.867000 21.370001 1
35 7 11.884000 -4.048000 22.313000 P
136 7 10.824000 -5.002000 22.709000 O
137 7 11.541000 -2.632000 22.083000 O
138 7 13.079000 -4.112000 23.368999 O
139 7 13.801000 -5.340000 23.599001 C
140 7 15.016000 -5.079000 24.464001 C
141 7 15.959000 -4.237000 23.761999 O
142 7 14.750000 -4.360000 25.780001 C
143 7 14.351000 -5.315000 26.773001 O
144 7 16.122999 -3.790000 26.080000 C
145 7 16.639000 -3.405000 24.695000 C
146 7 16.368999 -2.020000 24.337000 N
147 7 15.359000 -1.531000 23.540001 C
148 7 15.401000 -0.225000 23.410000 N
149 7 16.504000 0.163000 24.170000 C
150 7 17.066000 1.449000 24.400999 C
151 7 16.702999 2.537000 23.957001 O
152 7 18.179001 1.384000 25.232000 N
153 7 18.697001 0.232000 25.761000 C
154 7 19.777000 0.367000 26.537001 N
155 7 18.194000 -0.974000 25.544001 N
156 7 17.106001 -0.932000 24.747000 C
157 7 18.643999 2.248000 25.445000 H
158 7 20.204000 -0.453000 26.941000 H
159 7 20.180000 1.274000 26.708000 H
160 8 13.623000 -4.829000 28.117001 P
161 8 13.423000 -6.056000 28.938999 O
162 8 12.465000 -3.944000 27.827999 O
163 8 14.754000 -3.962000 28.809000 O
164 8 14.434000 -2.806000 29.598000 C
165 8 15.705000 -2.060000 29.930000 C
166 8 16.302000 -1.530000 28.733000 O
167 8 15.517000 -0.865000 30.844000 C
168 8 15.528000 -1.297000 32.209999 O
169 8 16.753000 -0.050000 30.521999 C
170 8 16.913000 -0.276000 29.021000 C
171 8 16.264000 0.754000 28.205000 N
172 8 15.206000 0.618000 27.330000 C
173 8 14.892000 1.737000 26.719000 N
174 8 15.788000 2.667000 27.226000 C
175 8 15.966000 4.052000 26.929001 C
176 8 15.338000 4.773000 26.134001 O
177 8 17.011000 4.603000 27.666000 N
178 8 17.785999 3.921000 28.569000 C
179 8 18.746000 4.620000 29.170000 N
180 8 17.638000 2.640000 28.858000 N
181 8 16.632999 2.077000 28.155001 C
182 8 17.226000 5.581000 27.520000 H
183 8 19.346001 4.164000 29.844000 H
184 8 18.891001 5.600000 28.969000 H
185 9 14.728000 -0.453000 33.319000 P
186 9 14.738000 -1.229000 34.584999 O
187 9 13.438000 -0.007000 32.737000 O
188 9 15.610000 0.850000 33.525002 O
189 9 16.934000 0.750000 34.060001 C
190 9 17.584999 2.110000 34.098000 C
191 9 17.732000 2.643000 32.769001 O
192 9 16.771999 3.142000 34.852001 C
193 9 17.101999 3.042000 36.233002 O
194 9 17.302000 4.432000 34.263000 C
195 9 17.558001 4.056000 32.805000 C
196 9 16.474001 4.393000 31.891001 N
197 9 16.468000 5.657000 31.377001 C
198 9 17.240999 6.523000 31.743999 O
199 9 15.511000 5.885000 30.419001 N
200 9 14.564000 4.994000 29.966999 C
201 9 13.810000 5.321000 29.052999 O
202 9 14.569000 3.702000 30.618000 C
203 9 13.517000 2.699000 30.252001 C
204 9 15.525000 3.460000 31.528999 C
205 9 15.503000 6.799000 30.000999 H
206 10 16.004999 3.398000 37.332001 P
207 10 16.664000 3.119000 38.633999 O
208 10 14.738000 2.734000 36.994999 O
209 10 15.789000 4.974000 37.181000 O
210 10 16.830999 5.884000 37.547001 C
211 10 16.558001 7.269000 37.004002 C
212 10 16.594999 7.287000 35.569000 O
213 10 15.246000 7.938000 37.374001 C
214 10 15.259000 8.468000 38.710999 O
215 10 15.161000 9.022000 36.317001 C
216 10 15.805000 8.378000 35.094002 C
217 10 14.836000 7.855000 34.139999 N
218 10 14.442000 8.664000 33.064999 C
219 10 14.904000 9.814000 32.973999 O
220 10 13.566000 8.185000 32.165001 N
221 10 13.036000 6.964000 32.326000 C
222 10 12.112000 6.564000 31.444000 N
223 10 13.416000 6.113000 33.414001 C
224 10 14.313000 6.599000 34.287998 C
225 10 15.437000 7.732000 39.301998 H
226 10 11.673000 5.657000 31.531000 H
227 10 11.842000 7.180000 30.695000 H
