227
1 1 29.196 14.000 16.965 O
2 1 27.910 13.569 16.634 C
3 1 27.313 14.462 15.569 C
4 1 27.893 14.191 14.264 O
5 1 25.843 14.106 15.450 C
6 1 25.100 15.005 16.302 O
7 1 25.561 14.324 13.973 C
8 1 26.869 13.901 13.319 C
9 1 26.969 12.479 12.981 N
10 1 27.639 11.521 13.698 C
11 1 27.587 10.337 13.154 N
12 1 26.829 10.522 12.007 C
13 1 26.439 9.584 10.997 C
14 1 26.727 8.380 10.911 O
15 1 25.661 10.188 10.010 N
16 1 25.325 11.524 9.986 C
17 1 24.584 11.927 8.941 N
18 1 25.692 12.404 10.915 N
19 1 26.435 11.837 11.886 C
20 1 25.320 9.605 9.260 
21 1 24.307 12.895 8.862 H
22 1 24.304 11.262 8.234 H
23 1 29.120 14.899 17.292 H
24 2 23.874 14.443 17.177 P
25 2 23.458 15.509 18.119 O
26 2 24.206 13.086 17.714 O
27 2 22.751 14.237 16.080 O
28 2 22.200 15.359 15.405 C
29 2 21.475 14.897 14.164 C
30 2 22.378 14.305 13.214 O
31 2 20.460 13.814 14.454 C
32 2 19.245 14.372 14.950 O
33 2 20.290 13.188 13.084 C
34 2 21.717 13.224 12.549 C
35 2 22.462 12.002 12.828 N
36 2 23.273 11.753 13.909 C
37 2 23.798 10.554 13.909 N
38 2 23.306 9.975 12.747 C
39 2 23.510 8.711 12.171 C
40 2 24.282 7.764 12.720 N
41 2 22.888 8.448 10.995 N
42 2 22.105 9.402 10.459 C
43 2 21.840 10.627 10.910 N
44 2 22.483 10.855 12.071 C
45 2 24.754 7.942 13.595 H
46 2 24.392 6.872 12.259 H
47 3 18.323 13.497 15.927 P
48 3 17.193 14.326 16.357 O
49 3 19.191 12.829 16.960 O
50 3 17.743 12.355 14.969 O
51 3 16.880 12.679 13.862 C
52 3 16.700 11.472 12.968 C
53 3 17.951 11.088 12.367 O
54 3 16.195 10.216 13.654 C
55 3 14.768 10.243 13.752 O
56 3 16.625 9.150 12.671 C
57 3 17.975 9.663 12.188 C
58 3 19.089 9.111 12.986 N
59 3 19.611 7.850 12.651 C
60 3 19.184 7.258 11.640 O
61 3 20.568 7.308 13.434 N
62 3 21.019 7.971 14.489 C
63 3 21.955 7.382 15.240 N
64 3 20.534 9.258 14.829 C
65 3 19.582 9.788 14.060 C
66 3 22.320 7.855 16.055 
67 3 22.297 6.464 14.993 H
68 4 14.014 9.322 14.847 P
69 4 12.594 9.720 14.815 O
70 4 14.747 9.291 16.131 O
71 4 14.094 7.869 14.258 O
72 4 13.405 7.575 13.079 C
73 4 13.749 6.177 12.645 C
74 4 15.149 6.140 12.353 O
75 4 13.565 5.127 13.727 C
76 4 12.227 4.686 13.798 O
77 4 14.447 4.020 13.197 C
78 4 15.630 4.813 12.645 C
79 4 16.735 4.915 13.610 N
80 4 17.612 3.871 13.660 C
81 4 17.378 2.877 12.954 O
82 4 18.687 3.941 14.476 N
83 4 18.872 4.999 15.251 C
84 4 19.977 5.020 16.040 N
85 4 17.954 6.078 15.258 C
86 4 16.904 5.998 14.422 C
87 4 20.153 5.812 16.642 H
88 4 20.623 4.244 16.025 H
89 5 11.683 4.044 15.140 P
90 5 10.217 4.064 15.017 O
91 5 12.322 4.669 16.319 O
92 5 12.241 2.551 15.095 O
93 5 11.886 1.657 14.028 C
94 5 12.608 0.331 14.179 C
95 5 14.000 0.404 13.820 O
96 5 12.594 -0.260 15.583 C
97 5 11.402 -0.996 15.840 O
98 5 13.762 -1.222 15.524 C
99 5 14.762 -0.423 14.703 C
100 5 15.594 0.444 15.530 N
101 5 15.455 1.794 15.753 C
102 5 16.412 2.293 16.499 N
103 5 17.218 1.200 16.795 C
104 5 18.407 1.105 17.552 C
105 5 19.029 1.991 18.121 O
106 5 18.875 -0.207 17.612 N
107 5 18.273 -1.284 17.023 C
108 5 18.840 -2.465 17.224 N
109 5 17.181 -1.210 16.302 N
110 5 16.711 0.050 16.225 C
111 5 19.725 -0.375 18.131 
112 5 18.430 -3.297 16.823 
113 5 19.682 -2.533 17.778 H
114 6 10.887 -1.144 17.350 P
115 6 9.656 -1.935 17.306 O
116 6 10.882 0.172 17.977 O
117 6 12.021 -1.971 18.084 O
118 6 12.213 -3.369 17.810 C
119 6 13.347 -3.923 18.645 C
120 6 14.596 -3.369 18.207 O
121 6 13.312 -3.630 20.136 C
122 6 12.431 -4.464 20.882 O
123 6 14.746 -3.926 20.510 C
124 6 15.497 -3.320 19.329 C
125 6 15.828 -1.922 19.603 N
126 6 16.932 -1.667 20.388 C
127 6 17.587 -2.618 20.788 O
128 6 17.260 -0.390 20.699 N
129 6 16.500 0.609 20.248 C
130 6 16.839 1.870 20.596 N
131 6 15.359 0.369 19.428 C
132 6 15.067 -0.898 19.129 C
133 6 16.283 2.649 20.275 H
134 6 17.649 2.033 21.177 
135 7 11.760 -3.892 22.223 P
136 7 10.735 -4.905 22.595 O
137 7 11.359 -2.475 22.019 O
138 7 12.969 -3.941 23.256 O
139 7 13.648 -5.185 23.502 C
140 7 14.873 -4.966 24.360 C
141 7 15.828 -4.147 23.660 O
142 7 14.609 -4.238 25.667 C
143 7 14.163 -5.192 26.644 O
144 7 15.990 -3.698 25.985 C
145 7 16.518 -3.324 24.601 C
146 7 16.269 -1.930 24.252 N
147 7 15.275 -1.427 23.448 C
148 7 15.330 -0.124 23.317 N
149 7 16.427 0.251 24.085 C
150 7 17.012 1.532 24.322 C
151 7 16.680 2.625 23.880 O
152 7 18.122 1.445 25.167 N
153 7 18.616 0.286 25.708 C
154 7 19.712 0.405 26.471 N
155 7 18.082 -0.911 25.506 N
156 7 17.005 -0.856 24.682 C
157 7 18.598 2.305 25.398 H
158 7 20.128 -0.415 26.889 H
159 7 20.122 1.315 26.628 H
160 8 13.436 -4.691 27.998 P
161 8 13.168 -5.920 28.790 O
162 8 12.324 -3.786 27.685 O
163 8 14.568 -3.895 28.776 O
164 8 14.258 -2.755 29.565 C
165 8 15.533 -2.017 29.900 C
166 8 16.167 -1.504 28.713 O
167 8 15.329 -0.809 30.792 C
168 8 15.353 -1.215 32.156 O
169 8 16.571 -0.004 30.490 C
170 8 16.771 -0.244 29.000 C
171 8 16.127 0.773 28.172 N
172 8 15.038 0.631 27.341 C
173 8 14.713 1.742 26.724 N
174 8 15.651 2.673 27.174 C
175 8 15.833 4.051 26.850 C
176 8 15.209 4.757 26.044 O
177 8 16.877 4.612 27.571 N
178 8 17.662 3.942 28.475 C
179 8 18.618 4.654 29.064 N
180 8 17.523 2.664 28.770 N
181 8 16.513 2.094 28.083 C
182 8 17.075 5.590 27.419 H
183 8 19.234 4.216 29.734 H
184 8 18.728 5.633 28.841 H
185 9 14.554 -0.358 33.240 P
186 9 14.534 -1.116 34.518 O
187 9 13.265 0.061 32.620 O
188 9 15.459 0.941 33.392 O
189 9 16.795 0.843 33.916 C
190 9 17.439 2.210 33.982 C
191 9 17.624 2.762 32.662 O
192 9 16.645 3.254 34.737 C
193 9 16.930 3.170 36.140 O
194 9 17.209 4.539 34.165 C
195 9 17.439 4.176 32.705 C
196 9 16.328 4.502 31.798 N
197 9 16.287 5.759 31.240 C
198 9 17.021 6.659 31.602 O
199 9 15.337 5.931 30.261 N
200 9 14.413 4.997 29.835 C
201 9 13.650 5.275 28.921 O
202 9 14.447 3.724 30.538 C
203 9 13.438 2.675 30.191 C
204 9 15.395 3.546 31.476 C
205 9 15.312 6.833 29.807 H
206 10 15.780 3.554 37.210 P
207 10 16.359 3.285 38.563 O
208 10 14.503 2.930 36.808 O
209 10 15.601 5.124 37.063 O
210 10 16.658 5.990 37.433 C
211 10 16.383 7.385 36.926 C
212 10 16.432 7.396 35.497 O
213 10 15.020 7.964 37.280 C
214 10 15.034 8.483 38.633 O
215 10 14.878 9.042 36.226 C
216 10 15.583 8.443 35.012 C
217 10 14.652 7.866 34.033 N
218 10 14.296 8.635 32.923 C
219 10 14.800 9.742 32.790 O
220 10 13.415 8.155 32.036 N
221 10 12.862 6.954 32.228 C
222 10 11.915 6.565 31.358 N
223 10 13.232 6.122 33.327 C
224 10 14.126 6.619 34.206 C
225 10 15.246 7.751 39.217 H
226 10 11.455 5.674 31.477 H
227 10 11.663 7.164 30.585 H
