873 3548
0 2
0 3
0 4
1 3
1 4
1 342
2 5
2 6
2 7
2 8
3 4
3 6
3 7
3 9
3 10
4 7
4 8
4 20
4 22
4 23
5 6
5 7
5 21
5 22
5 23
6 9
7 8
8 10
8 18
8 19
9 11
9 12
9 18
10 12
10 19
11 13
11 14
11 19
12 14
12 15
12 16
12 18
13 16
13 18
13 19
14 15
15 17
15 18
15 19
15 35
16 19
17 18
20 24
21 22
21 23
21 24
22 23
23 25
23 26
23 27
23 39
24 26
24 27
24 28
25 28
25 29
25 30
25 31
26 27
26 29
26 30
26 32
26 39
27 30
27 31
27 32
27 40
27 42
27 43
28 29
28 30
28 41
28 42
28 43
28 44
29 32
29 46
30 31
30 46
31 33
31 34
31 39
32 34
32 35
32 36
32 38
33 36
33 38
33 39
34 35
35 37
35 38
35 39
36 39
37 38
40 44
41 42
41 43
41 44
42 43
43 45
43 46
43 47
44 46
44 47
45 48
45 49
45 50
45 51
46 47
46 49
46 50
46 52
46 53
47 50
47 51
47 52
47 63
47 65
48 49
48 50
48 64
48 65
48 66
48 67
49 52
49 62
50 51
51 53
51 61
51 62
52 54
52 55
52 61
53 55
53 62
54 56
54 57
54 62
55 57
55 58
55 59
55 61
56 59
56 61
56 62
56 77
57 58
57 77
57 78
58 60
58 61
58 62
59 62
60 61
63 67
64 65
64 66
65 66
65 67
66 68
67 69
67 70
68 71
68 72
68 73
68 74
68 75
69 70
69 72
69 73
69 75
69 76
70 73
70 74
70 75
70 86
70 88
70 90
71 72
71 73
71 87
71 88
71 89
71 90
72 75
72 90
73 74
73 90
74 76
74 84
74 85
75 77
75 78
75 84
76 78
76 85
77 79
77 80
77 85
78 80
78 81
78 82
78 84
79 82
79 84
79 85
79 102
79 103
80 81
80 103
81 83
81 84
81 85
81 101
82 85
83 84
86 90
87 88
87 89
88 89
88 90
89 91
89 93
90 92
90 93
90 105
91 94
91 95
91 96
91 97
91 98
91 105
92 93
92 95
92 96
92 98
92 105
93 96
93 97
93 98
93 105
93 106
93 109
94 95
94 96
94 107
94 108
94 109
95 98
95 109
95 110
96 97
96 110
97 99
97 100
97 105
98 100
98 101
98 102
98 104
99 102
99 104
99 105
100 101
101 103
101 104
101 105
102 105
103 104
103 123
106 110
107 108
107 109
107 110
108 109
109 111
109 112
109 113
109 125
110 112
110 113
111 114
111 115
111 116
111 117
112 113
112 115
112 116
112 118
112 125
113 116
113 117
113 118
113 125
113 126
113 128
113 129
114 115
114 116
114 127
114 128
114 129
114 130
115 118
115 129
115 130
115 132
116 117
116 129
116 130
116 132
117 119
117 120
117 125
118 120
118 121
118 122
118 124
119 122
119 124
119 125
120 121
120 139
120 140
120 851
121 123
121 124
121 125
122 125
123 124
126 130
127 128
127 129
127 130
128 129
129 131
129 132
129 133
130 132
130 133
131 134
131 135
131 136
131 137
132 133
132 135
132 136
132 138
132 145
133 136
133 137
133 138
133 145
133 146
133 148
134 135
134 136
134 147
134 148
134 149
135 138
135 145
136 137
136 183
137 139
137 140
137 145
138 140
138 141
138 142
138 144
138 171
139 142
139 144
139 145
140 141
140 848
140 849
140 851
140 852
140 854
140 855
141 143
141 144
141 145
141 192
142 145
143 144
144 171
145 171
146 150
147 148
147 149
148 149
148 150
149 151
149 152
149 153
150 152
150 153
150 154
151 154
151 155
151 156
151 157
152 153
152 155
152 156
152 158
152 159
153 156
153 157
153 169
153 171
153 172
154 155
154 156
154 170
154 171
154 172
154 524
155 158
156 157
156 524
156 540
157 159
157 167
157 168
158 160
158 161
158 167
159 161
159 168
160 162
160 163
160 168
160 186
161 163
161 164
161 165
161 167
161 184
161 185
161 186
162 165
162 167
162 168
162 185
162 186
162 187
163 164
163 185
163 186
163 187
164 166
164 167
164 168
165 168
166 167
169 173
170 171
170 172
170 173
171 172
172 174
172 175
172 176
172 182
173 175
173 176
173 195
174 177
174 178
174 179
174 180
175 176
175 178
175 181
175 182
175 830
176 179
176 180
176 191
176 192
177 178
177 179
177 192
177 193
177 194
177 195
177 209
177 210
178 181
178 826
178 854
178 855
179 180
179 825
179 826
179 838
180 182
180 189
180 190
180 826
181 183
181 184
181 189
182 184
182 190
183 185
183 186
183 190
184 186
184 187
184 188
184 189
184 842
185 188
185 189
185 190
186 187
187 189
187 190
187 842
188 190
188 840
188 841
188 842
189 826
189 840
189 841
189 842
190 842
191 195
192 193
192 194
192 852
192 853
192 854
193 194
194 196
194 198
194 199
195 197
195 198
195 210
196 199
196 200
196 201
196 202
196 203
196 210
197 198
197 200
197 201
197 203
197 210
197 510
197 511
198 201
198 202
198 203
198 210
198 211
198 213
198 214
199 200
199 201
199 212
199 213
199 214
200 203
200 211
200 214
201 202
201 214
201 488
201 489
202 204
202 205
202 210
202 488
203 205
203 206
203 207
203 209
204 207
204 209
204 210
204 833
205 206
205 226
205 227
205 486
205 487
205 509
206 208
206 209
206 210
206 227
206 228
206 832
206 833
207 210
208 209
208 834
211 215
212 213
212 214
212 215
213 214
214 216
214 217
214 218
215 217
215 218
216 219
216 220
216 222
216 234
216 236
217 218
217 220
217 223
217 224
217 465
218 221
218 222
218 234
218 236
219 220
219 221
219 235
219 236
219 237
220 223
220 224
220 234
220 236
221 222
221 234
221 235
221 236
221 443
221 445
222 224
222 232
222 233
222 465
223 225
223 226
223 232
224 226
224 233
225 227
225 228
225 233
226 228
226 229
226 230
226 232
227 230
227 232
227 233
228 229
229 231
229 232
229 233
230 233
230 487
231 232
232 465
232 487
234 238
235 236
235 237
235 238
236 237
236 240
236 247
237 239
237 240
238 240
238 241
238 242
238 258
239 242
239 243
239 244
239 245
240 241
240 243
240 246
240 247
241 244
241 245
241 246
241 256
241 258
241 259
242 243
242 244
242 257
242 258
242 259
243 246
243 254
243 255
244 245
245 247
245 254
245 255
246 248
246 249
246 254
246 467
247 249
247 255
248 250
248 251
248 255
248 445
248 463
249 251
249 252
249 253
249 254
250 253
250 254
250 255
251 252
251 435
252 254
252 255
253 255
255 468
256 260
257 258
257 259
258 259
258 260
259 261
259 262
260 262
260 263
260 264
261 264
261 265
261 266
261 267
262 263
262 265
262 266
262 268
262 269
263 266
263 267
263 268
263 279
263 282
264 265
264 266
264 280
264 281
264 282
265 268
265 278
265 285
266 267
267 269
267 277
267 278
268 270
268 271
268 277
269 271
269 278
270 272
270 273
270 278
270 445
271 273
271 274
271 275
271 277
271 445
272 275
272 277
272 278
272 445
273 274
273 422
273 444
273 445
274 276
274 277
274 278
274 301
274 420
275 278
276 277
276 419
279 283
280 281
280 282
280 283
281 282
282 284
282 285
283 285
283 286
283 287
284 287
284 288
284 289
284 290
285 286
285 288
285 289
285 291
285 292
286 289
286 290
286 291
286 302
286 304
286 305
287 288
287 289
287 303
287 304
287 305
287 306
288 291
288 301
289 290
290 292
290 300
290 301
291 293
291 294
291 300
292 294
292 301
293 295
293 296
293 301
294 296
294 297
294 298
294 300
295 298
295 300
295 301
295 400
296 297
296 379
296 400
296 401
296 402
297 299
297 300
297 301
297 398
297 399
297 400
297 420
298 301
298 399
298 418
298 419
298 420
299 300
299 399
299 418
299 419
302 306
303 304
303 305
303 306
304 305
305 307
305 308
305 309
305 321
306 308
306 309
306 310
307 310
307 311
307 312
307 313
308 309
308 311
308 312
308 314
308 321
309 312
309 313
309 314
309 322
309 324
309 325
310 311
310 312
310 323
310 324
310 325
310 326
311 314
312 313
313 315
313 316
313 321
314 316
314 317
314 318
314 320
315 318
315 320
315 321
316 317
316 382
317 319
317 320
317 321
317 380
318 321
319 320
319 339
322 326
323 324
323 325
323 326
324 325
325 327
325 328
325 329
325 341
326 328
326 329
327 330
327 331
327 332
327 333
328 329
328 331
328 332
328 334
328 341
329 332
329 333
329 334
329 341
330 331
330 332
331 334
332 333
333 335
333 336
333 341
334 336
334 337
334 338
334 340
335 338
335 340
335 341
336 337
336 357
336 359
337 339
337 340
337 341
337 356
337 357
338 341
339 340
339 356
342 344
342 345
343 345
343 346
344 347
344 348
344 349
344 350
345 346
345 348
345 349
345 351
345 352
346 349
346 350
346 351
346 362
346 364
346 365
347 348
347 349
347 363
347 364
347 365
348 351
348 362
348 365
349 350
349 365
349 366
350 352
350 360
350 361
351 353
351 354
351 360
352 354
352 361
353 355
353 356
353 361
354 356
354 357
354 358
354 360
355 358
355 360
355 361
356 357
357 359
357 360
357 361
358 361
359 360
362 366
363 364
363 365
363 366
364 365
365 367
365 368
365 369
365 375
366 368
366 369
367 370
367 371
367 372
367 373
368 369
368 371
368 372
368 374
368 375
369 372
369 373
369 374
369 385
369 387
369 388
370 371
370 372
370 386
370 387
370 388
371 374
371 388
371 391
372 373
372 389
373 375
373 383
373 384
374 376
374 377
374 383
375 377
375 384
376 378
376 379
376 384
376 403
377 379
377 380
377 381
377 383
377 403
377 404
378 381
378 383
378 384
379 380
380 382
380 383
380 384
381 384
382 383
384 404
385 389
386 387
386 388
386 389
387 388
388 390
388 391
388 392
389 391
389 392
389 393
390 393
390 394
390 395
390 396
391 392
391 394
391 395
391 397
391 404
392 395
392 396
392 397
392 405
392 407
393 394
393 395
393 406
393 407
393 408
393 409
394 397
394 398
394 399
395 396
396 398
396 399
396 404
397 399
397 400
397 401
397 403
398 401
398 403
398 404
399 400
400 402
400 403
400 404
400 421
400 422
401 404
402 403
405 409
406 407
406 408
406 409
407 408
408 410
408 411
408 412
408 424
409 411
409 412
409 413
410 413
410 414
410 415
410 416
411 412
411 414
411 415
411 417
411 424
412 415
412 416
412 417
412 425
412 427
412 428
413 414
413 415
413 426
413 427
413 428
413 429
414 417
414 428
414 429
414 431
415 416
415 429
416 418
416 419
416 424
417 419
417 420
417 421
417 423
418 421
418 423
418 424
419 420
420 422
420 423
420 424
421 424
422 423
425 429
426 427
426 428
426 429
427 428
428 430
428 431
428 432
429 431
429 432
430 433
430 434
430 435
430 436
431 432
431 434
431 437
431 438
432 435
432 436
432 448
432 450
433 434
433 435
433 449
433 450
433 451
433 452
434 437
435 436
435 461
436 438
436 446
436 447
437 439
437 440
437 446
438 440
438 447
439 441
439 442
439 447
440 442
440 443
440 444
440 446
441 444
441 446
441 447
442 443
443 445
443 446
443 447
444 447
445 446
448 452
449 450
449 451
449 452
450 451
451 453
451 454
451 455
451 461
452 454
452 455
452 456
453 456
453 457
453 458
453 459
453 460
454 455
454 457
454 458
454 460
454 461
455 458
455 459
455 460
455 470
455 472
455 473
456 457
456 458
456 471
456 472
456 473
456 474
457 460
458 459
459 461
459 468
459 469
460 462
460 463
460 468
461 463
461 469
462 464
462 465
462 469
463 465
463 466
463 467
463 468
464 467
464 468
464 469
465 466
466 468
466 469
467 469
470 474
471 472
471 473
471 474
472 473
473 475
473 476
473 477
474 476
474 477
474 478
475 478
475 479
475 480
475 481
476 477
476 479
476 480
476 482
476 483
477 480
477 481
477 482
477 492
477 494
477 495
478 479
478 480
478 493
478 494
478 495
478 496
479 482
479 496
480 481
480 496
481 483
481 490
481 491
482 484
482 485
482 490
483 485
483 491
484 486
484 487
484 491
485 487
485 488
485 489
485 490
486 489
486 490
486 491
487 488
488 490
488 491
489 491
492 496
493 494
493 495
494 495
495 497
495 498
495 499
496 498
496 499
496 500
497 500
497 501
497 502
497 503
498 499
498 501
498 504
498 505
499 502
499 503
499 514
499 516
500 501
500 502
500 515
500 516
500 517
501 504
501 514
501 517
501 520
501 533
502 503
502 517
502 520
503 505
503 512
503 513
504 506
504 507
504 512
504 532
504 533
505 507
505 513
505 532
506 508
506 509
506 513
506 532
507 509
507 510
507 511
507 512
507 530
507 532
508 511
508 512
508 513
509 510
509 810
509 833
510 512
510 513
511 513
512 525
512 526
513 526
513 532
513 533
514 518
515 516
515 517
516 517
516 518
517 519
517 520
518 520
518 521
518 522
518 536
519 522
519 523
519 524
519 525
520 521
520 523
520 524
520 526
520 533
521 524
521 525
521 526
521 534
521 536
522 523
522 524
522 535
522 536
522 537
522 538
523 526
523 527
523 528
524 525
525 527
525 528
525 533
526 528
526 529
526 530
526 532
527 530
527 532
527 533
528 529
528 813
529 531
529 532
529 533
529 811
530 533
531 532
531 551
531 810
534 538
535 536
535 537
535 538
536 537
537 539
537 540
537 541
538 540
538 541
538 542
539 542
539 543
539 544
539 545
540 541
540 543
540 544
540 546
540 553
541 544
541 545
541 546
541 554
541 556
541 557
542 543
542 544
542 555
542 556
542 557
542 558
543 546
543 547
543 548
544 545
545 547
545 548
545 553
546 548
546 549
546 550
546 552
546 813
547 550
547 552
547 553
547 813
548 549
548 813
549 551
549 552
549 553
549 789
549 812
549 813
550 553
551 552
551 787
551 788
551 789
554 558
555 556
555 557
555 558
556 557
557 559
557 560
557 561
558 560
558 561
559 562
559 563
559 564
559 565
560 561
560 563
560 564
560 566
560 573
560 574
561 564
561 565
561 566
562 563
562 564
563 566
564 565
565 567
565 568
565 573
565 574
566 568
566 569
566 570
566 572
567 570
567 572
567 573
567 574
568 569
568 768
569 571
569 572
569 573
569 574
569 766
570 573
570 574
571 572
571 765
575 583
575 584
576 583
576 584
577 581
577 582
578 581
578 582
579 583
579 584
580 583
580 584
581 585
581 586
581 589
581 590
582 585
582 586
582 589
582 590
583 587
583 588
583 589
583 590
583 591
583 592
583 601
583 602
583 603
583 604
584 587
584 588
584 589
584 590
584 591
584 592
584 601
584 602
584 603
584 604
585 591
585 592
585 593
585 594
585 595
585 596
585 597
585 598
585 599
585 600
586 591
586 592
586 593
586 594
586 595
586 596
586 597
586 598
586 599
586 600
587 589
587 590
587 593
587 594
587 595
587 596
587 605
587 606
587 607
587 608
587 609
587 610
587 619
587 620
588 589
588 590
588 593
588 594
588 595
588 596
588 605
588 606
588 607
588 608
588 609
588 610
588 619
588 620
589 595
589 596
589 597
589 598
589 599
589 600
589 601
589 602
589 603
589 604
589 621
589 622
589 627
589 628
589 663
589 664
589 665
589 666
590 595
590 596
590 597
590 598
590 599
590 600
590 601
590 602
590 603
590 604
590 621
590 622
590 627
590 628
590 663
590 664
590 665
590 666
591 593
591 594
591 595
591 596
591 623
591 624
591 625
591 626
591 629
591 630
591 663
591 664
591 665
591 666
592 593
592 594
592 595
592 596
592 623
592 624
592 625
592 626
592 629
592 630
592 663
592 664
592 665
592 666
593 605
593 606
593 607
593 608
593 609
593 610
593 619
593 620
593 627
593 628
593 661
593 662
593 663
593 664
594 605
594 606
594 607
594 608
594 609
594 610
594 619
594 620
594 627
594 628
594 661
594 662
594 663
594 664
595 601
595 602
595 603
595 604
595 605
595 606
595 607
595 608
595 609
595 610
595 617
595 618
595 619
595 620
595 627
595 628
595 661
595 662
595 667
595 668
595 689
595 690
595 695
595 696
596 601
596 602
596 603
596 604
596 605
596 606
596 607
596 608
596 609
596 610
596 617
596 618
596 619
596 620
596 627
596 628
596 661
596 662
596 667
596 668
596 689
596 690
596 695
596 696
597 607
597 608
597 609
597 610
597 617
597 618
597 665
597 666
598 607
598 608
598 609
598 610
598 617
598 618
598 665
598 666
599 611
599 612
599 617
599 618
599 665
599 666
600 611
600 612
600 617
600 618
600 665
600 666
601 607
601 608
601 609
601 610
601 619
601 620
602 607
602 608
602 609
602 610
602 619
602 620
603 607
603 608
603 609
603 610
603 617
603 618
604 607
604 608
604 609
604 610
604 617
604 618
605 611
605 612
605 613
605 614
605 739
605 740
606 611
606 612
606 613
606 614
606 739
606 740
607 615
607 616
607 695
607 696
607 737
607 738
608 615
608 616
608 695
608 696
608 737
608 738
609 615
609 616
609 695
609 696
610 615
610 616
610 695
610 696
611 619
611 620
611 689
611 690
611 695
611 696
611 709
611 710
611 733
611 734
611 735
611 736
611 741
611 742
612 619
612 620
612 689
612 690
612 695
612 696
612 709
612 710
612 733
612 734
612 735
612 736
612 741
612 742
613 619
613 620
613 689
613 690
613 695
613 696
613 709
613 710
613 731
613 732
613 733
613 734
613 735
613 736
613 741
613 742
614 619
614 620
614 689
614 690
614 695
614 696
614 709
614 710
614 731
614 732
614 733
614 734
614 735
614 736
614 741
614 742
615 617
615 618
615 675
615 676
615 705
615 706
615 729
615 730
615 743
615 744
615 747
616 617
616 618
616 675
616 676
616 705
616 706
616 729
616 730
616 743
616 744
616 747
617 689
617 690
617 695
617 696
617 733
617 734
617 737
617 738
618 689
618 690
618 695
618 696
618 733
618 734
618 737
618 738
619 739
619 740
620 739
620 740
621 631
621 632
621 663
621 664
621 665
621 666
622 631
622 632
622 663
622 664
622 665
622 666
623 625
623 626
623 633
623 634
623 635
623 636
623 637
623 638
623 657
623 658
623 659
623 660
623 661
623 662
623 663
623 664
623 665
623 666
624 625
624 626
624 633
624 634
624 635
624 636
624 637
624 638
624 657
624 658
624 659
624 660
624 661
624 662
624 663
624 664
624 665
624 666
625 627
625 628
625 629
625 630
626 627
626 628
626 629
626 630
627 631
627 632
627 633
627 634
627 635
627 636
627 637
627 638
627 657
627 658
627 659
627 660
627 661
627 662
627 663
627 664
627 665
627 666
628 631
628 632
628 633
628 634
628 635
628 636
628 637
628 638
628 657
628 658
628 659
628 660
628 661
628 662
628 663
628 664
628 665
628 666
629 633
629 634
629 635
629 636
629 637
629 638
629 657
629 658
629 659
629 660
629 663
629 664
630 633
630 634
630 635
630 636
630 637
630 638
630 657
630 658
630 659
630 660
630 663
630 664
631 639
631 640
631 641
631 642
631 645
631 646
631 653
631 654
631 661
631 662
631 663
631 664
632 639
632 640
632 641
632 642
632 645
632 646
632 653
632 654
632 661
632 662
632 663
632 664
633 637
633 638
633 639
633 640
633 641
633 642
633 653
633 654
634 637
634 638
634 639
634 640
634 641
634 642
634 653
634 654
635 641
635 642
635 647
635 648
635 651
635 652
635 655
635 656
635 665
635 666
635 667
635 668
635 669
635 670
636 641
636 642
636 647
636 648
636 651
636 652
636 655
636 656
636 665
636 666
636 667
636 668
636 669
636 670
637 641
637 642
637 643
637 644
637 647
637 648
637 651
637 652
637 655
637 656
637 665
637 666
637 667
637 668
637 669
637 670
637 689
637 690
638 641
638 642
638 643
638 644
638 647
638 648
638 651
638 652
638 655
638 656
638 665
638 666
638 667
638 668
638 669
638 670
638 689
638 690
639 649
639 650
639 661
639 662
639 669
639 670
640 649
640 650
640 661
640 662
640 669
640 670
641 655
641 656
641 657
641 658
641 659
641 660
642 655
642 656
642 657
642 658
642 659
642 660
643 649
643 650
643 651
643 652
643 653
643 654
643 655
643 656
644 649
644 650
644 651
644 652
644 653
644 654
644 655
644 656
645 649
645 650
645 655
645 656
645 661
645 662
646 649
646 650
646 655
646 656
646 661
646 662
647 657
647 658
647 659
647 660
647 669
647 670
647 673
647 674
648 657
648 658
648 659
648 660
648 669
648 670
648 673
648 674
649 653
649 654
649 655
649 656
649 657
649 658
649 673
649 674
650 653
650 654
650 655
650 656
650 657
650 658
650 673
650 674
651 657
651 658
651 659
651 660
651 667
651 668
651 669
651 670
651 671
651 672
651 673
651 674
651 683
651 684
651 685
651 686
651 703
651 704
652 657
652 658
652 659
652 660
652 667
652 668
652 669
652 670
652 671
652 672
652 673
652 674
652 683
652 684
652 685
652 686
652 703
652 704
653 661
653 662
653 663
653 664
653 667
653 668
653 671
653 672
653 673
653 674
653 685
653 686
653 687
653 688
653 689
653 690
653 691
653 692
653 693
653 694
653 703
653 704
654 661
654 662
654 663
654 664
654 667
654 668
654 671
654 672
654 673
654 674
654 685
654 686
654 687
654 688
654 689
654 690
654 691
654 692
654 693
654 694
654 703
654 704
655 659
655 660
655 661
655 662
655 663
655 664
655 667
655 668
655 671
655 672
655 683
655 684
655 685
655 686
655 687
655 688
655 689
655 690
655 691
655 692
655 693
655 694
655 695
655 696
655 697
655 698
655 699
655 700
655 701
655 702
655 703
655 704
656 659
656 660
656 661
656 662
656 663
656 664
656 667
656 668
656 671
656 672
656 683
656 684
656 685
656 686
656 687
656 688
656 689
656 690
656 691
656 692
656 693
656 694
656 695
656 696
656 697
656 698
656 699
656 700
656 701
656 702
656 703
656 704
657 661
657 662
657 663
657 664
657 665
657 666
657 667
657 668
657 669
657 670
658 661
658 662
658 663
658 664
658 665
658 666
658 667
658 668
658 669
658 670
659 661
659 662
659 663
659 664
660 661
660 662
660 663
660 664
661 669
661 670
661 687
661 688
661 689
661 690
661 691
661 692
661 693
661 694
661 695
661 696
662 669
662 670
662 687
662 688
662 689
662 690
662 691
662 692
662 693
662 694
662 695
662 696
663 667
663 668
663 669
663 670
663 687
663 688
663 689
663 690
663 695
663 696
664 667
664 668
664 669
664 670
664 687
664 688
664 689
664 690
664 695
664 696
665 667
665 668
665 687
665 688
665 689
665 690
665 695
665 696
666 667
666 668
666 687
666 688
666 689
666 690
666 695
666 696
667 671
667 672
667 673
667 674
667 675
667 676
667 683
667 684
667 685
667 686
667 697
667 698
667 703
667 704
668 671
668 672
668 673
668 674
668 675
668 676
668 683
668 684
668 685
668 686
668 697
668 698
668 703
668 704
669 675
669 676
669 679
669 680
669 699
669 700
669 701
669 702
670 675
670 676
670 679
670 680
670 699
670 700
670 701
670 702
671 677
671 678
671 681
671 682
671 689
671 690
671 695
671 696
672 677
672 678
672 681
672 682
672 689
672 690
672 695
672 696
673 675
673 676
673 677
673 678
673 679
673 680
673 687
673 688
673 689
673 690
673 691
673 692
673 695
673 696
674 675
674 676
674 677
674 678
674 679
674 680
674 687
674 688
674 689
674 690
674 691
674 692
674 695
674 696
675 681
675 682
675 687
675 688
675 689
675 690
675 695
675 696
675 705
675 706
675 707
675 708
675 709
675 710
675 711
675 712
675 733
675 734
675 735
675 736
675 737
675 738
675 741
675 742
675 743
675 744
675 745
675 746
675 747
676 681
676 682
676 687
676 688
676 689
676 690
676 695
676 696
676 705
676 706
676 707
676 708
676 709
676 710
676 711
676 712
676 733
676 734
676 735
676 736
676 737
676 738
676 741
676 742
676 743
676 744
676 745
676 746
676 747
677 685
677 686
677 687
677 688
677 691
677 692
677 693
677 694
677 707
677 708
677 709
677 710
677 711
677 712
677 713
677 714
677 717
677 718
677 729
677 730
677 731
677 732
677 733
677 734
677 735
677 736
677 737
677 738
677 741
677 742
677 745
677 746
677 747
678 685
678 686
678 687
678 688
678 691
678 692
678 693
678 694
678 707
678 708
678 709
678 710
678 711
678 712
678 713
678 714
678 717
678 718
678 729
678 730
678 731
678 732
678 733
678 734
678 735
678 736
678 737
678 738
678 741
678 742
678 745
678 746
678 747
679 687
679 688
679 691
679 692
679 693
679 694
679 705
679 706
679 707
679 708
679 709
679 710
679 711
679 712
679 717
679 718
679 729
679 730
679 735
679 736
679 741
679 742
679 743
679 744
679 745
679 746
679 747
680 687
680 688
680 691
680 692
680 693
680 694
680 705
680 706
680 707
680 708
680 709
680 710
680 711
680 712
680 717
680 718
680 729
680 730
680 735
680 736
680 741
680 742
680 743
680 744
680 745
680 746
680 747
681 683
681 684
681 685
681 686
681 697
681 698
681 703
681 704
681 705
681 706
681 707
681 708
681 713
681 714
681 717
681 718
681 743
681 744
681 745
681 746
682 683
682 684
682 685
682 686
682 697
682 698
682 703
682 704
682 705
682 706
682 707
682 708
682 713
682 714
682 717
682 718
682 743
682 744
682 745
682 746
683 687
683 688
683 689
683 690
683 693
683 694
683 695
683 696
684 687
684 688
684 689
684 690
684 693
684 694
684 695
684 696
685 695
685 696
685 741
685 742
686 695
686 696
686 741
686 742
687 699
687 700
687 701
687 702
688 699
688 700
688 701
688 702
689 697
689 698
689 703
689 704
689 739
689 740
690 697
690 698
690 703
690 704
690 739
690 740
691 699
691 700
691 701
691 702
691 741
691 742
692 699
692 700
692 701
692 702
692 741
692 742
693 699
693 700
693 701
693 702
693 737
693 738
693 739
693 740
693 741
693 742
694 699
694 700
694 701
694 702
694 737
694 738
694 739
694 740
694 741
694 742
695 697
695 698
695 703
695 704
695 737
695 738
695 739
695 740
696 697
696 698
696 703
696 704
696 737
696 738
696 739
696 740
697 705
697 706
697 741
697 742
698 705
698 706
698 741
698 742
699 705
699 706
699 743
699 744
700 705
700 706
700 743
700 744
701 705
701 706
702 705
702 706
703 741
703 742
704 741
704 742
705 713
705 714
705 715
705 716
705 727
705 728
705 733
705 734
705 737
705 738
706 713
706 714
706 715
706 716
706 727
706 728
706 733
706 734
706 737
706 738
707 709
707 710
707 719
707 720
707 723
707 724
707 733
707 734
707 735
707 736
707 737
707 738
707 741
707 742
708 709
708 710
708 719
708 720
708 723
708 724
708 733
708 734
708 735
708 736
708 737
708 738
708 741
708 742
709 711
709 712
709 727
709 728
709 739
709 740
709 745
709 746
710 711
710 712
710 727
710 728
710 739
710 740
710 745
710 746
711 719
711 720
711 723
711 724
711 733
711 734
711 735
711 736
711 737
711 738
711 741
711 742
712 719
712 720
712 723
712 724
712 733
712 734
712 735
712 736
712 737
712 738
712 741
712 742
713 719
713 720
713 721
713 722
713 723
713 724
713 725
713 726
713 731
713 732
713 743
713 744
713 747
714 719
714 720
714 721
714 722
714 723
714 724
714 725
714 726
714 731
714 732
714 743
714 744
714 747
715 721
715 722
715 725
715 726
715 729
715 730
715 743
715 744
715 747
716 721
716 722
716 725
716 726
716 729
716 730
716 743
716 744
716 747
717 719
717 720
717 723
717 724
717 725
717 726
717 731
717 732
717 747
718 719
718 720
718 723
718 724
718 725
718 726
718 731
718 732
718 747
719 729
719 730
719 731
719 732
719 745
719 746
719 747
720 729
720 730
720 731
720 732
720 745
720 746
720 747
721 727
721 728
722 727
722 728
723 729
723 730
723 745
723 746
723 747
724 729
724 730
724 745
724 746
724 747
725 727
725 728
726 727
726 728
727 731
727 732
727 743
727 744
728 731
728 732
728 743
728 744
729 733
729 734
729 735
729 736
729 737
729 738
729 741
729 742
730 733
730 734
730 735
730 736
730 737
730 738
730 741
730 742
731 739
731 740
732 739
732 740
733 745
733 746
734 745
734 746
735 739
735 740
735 745
735 746
736 739
736 740
736 745
736 746
737 743
737 744
737 745
737 746
737 747
738 743
738 744
738 745
738 746
738 747
739 741
739 742
740 741
740 742
741 745
741 746
742 745
742 746
748 752
749 750
749 751
749 752
750 751
751 753
751 754
752 754
752 755
753 756
753 757
753 758
753 759
754 755
754 757
754 758
754 760
754 761
755 758
755 759
755 760
755 771
755 773
755 774
756 757
756 758
756 772
756 773
756 774
756 775
757 760
757 770
758 759
759 761
759 769
759 770
760 762
760 763
760 769
761 763
761 770
762 764
762 765
762 770
763 765
763 766
763 767
763 769
764 767
764 769
764 770
765 766
765 788
766 768
766 769
766 770
767 770
768 769
771 775
772 773
772 774
772 775
773 774
774 776
774 777
774 778
775 777
775 778
775 779
776 779
776 780
776 781
776 782
777 778
777 780
777 781
777 783
777 784
778 781
778 782
778 783
778 793
778 795
778 796
779 780
779 781
779 794
779 795
779 796
779 797
780 783
781 782
782 784
782 791
782 792
783 785
783 786
783 791
784 786
784 792
785 787
785 788
785 792
786 788
786 789
786 790
786 791
787 790
787 791
787 792
788 789
789 791
789 792
790 792
790 815
793 797
794 795
794 796
794 797
795 796
796 798
796 799
796 800
797 799
797 800
797 801
798 801
798 802
798 803
798 804
799 800
799 802
799 803
799 805
799 806
800 803
800 804
800 805
800 816
800 818
801 802
801 803
801 817
801 818
801 819
801 820
802 805
802 822
803 804
803 822
804 806
804 814
804 815
805 807
805 808
805 814
806 808
806 815
807 809
807 810
807 815
808 810
808 811
808 812
808 814
809 812
809 814
809 815
810 811
811 813
811 814
811 815
812 815
813 814
816 820
817 818
817 819
818 819
819 821
819 822
819 823
820 822
820 823
821 824
821 825
821 826
821 827
822 823
822 825
822 828
822 835
823 826
823 827
823 836
823 838
824 825
824 826
824 837
824 838
824 839
824 840
825 828
825 835
825 836
825 838
826 827
826 836
826 838
826 840
827 829
827 830
827 835
828 830
828 831
828 832
828 834
829 832
829 834
829 835
830 831
831 833
831 834
831 835
832 835
833 834
836 840
837 838
837 839
838 839
839 841
839 843
840 842
840 843
841 844
841 845
841 846
841 847
842 843
842 845
842 846
842 848
842 855
843 846
843 847
843 848
843 856
843 858
843 859
844 845
844 846
844 857
844 858
844 859
844 860
845 848
845 849
845 850
845 859
845 860
846 847
846 859
846 860
847 849
847 850
847 855
848 850
848 851
848 852
848 854
849 852
849 854
849 855
850 851
850 862
850 867
850 868
851 853
851 854
851 855
851 870
851 871
852 855
853 854
856 860
857 858
857 859
857 860
858 859
859 861
859 862
859 863
860 862
860 863
861 864
861 865
861 866
861 867
862 863
862 865
862 866
862 868
862 869
863 866
863 867
864 865
864 866
865 868
866 867
867 869
868 870
868 871
869 871
870 872
1 25 24.722000 2.615000 43.317001 O
2 25 23.900000 1.559000 43.803001 C
3 25 22.808001 2.089000 44.698002 C
4 25 23.378000 3.097000 45.567001 O
5 25 21.687000 2.796000 43.959000 C
6 25 20.660000 1.884000 43.631001 O
7 25 21.174000 3.801000 44.973999 C
8 25 20.219999 3.210000 45.823002 O
9 25 22.459000 4.164000 45.727001 C
10 25 23.100000 5.390000 45.257000 N
11 25 24.323000 5.514000 44.627998 C
12 25 24.629000 6.753000 44.346001 N
13 25 23.542000 7.487000 44.813999 C
14 25 23.292999 8.886000 44.798000 C
15 25 23.996000 9.795000 44.351002 O
16 25 22.073000 9.189000 45.376999 N
17 25 21.200001 8.278000 45.898998 C
18 25 20.072001 8.773000 46.404999 N
19 25 21.412001 6.980000 45.923000 N
20 25 22.591999 6.656000 45.369999 C
21 24 19.871000 2.059000 42.252998 P
22 24 18.924999 0.918000 42.071999 O
23 24 20.922001 2.322000 41.228001 O
24 24 18.993999 3.368000 42.472000 O
25 24 17.719000 3.283000 43.102001 C
26 24 17.091000 4.653000 43.224998 C
27 24 17.924000 5.514000 44.042999 O
28 24 16.941000 5.419000 41.933998 C
29 24 15.763000 5.028000 41.282001 O
30 24 16.861000 6.856000 42.414001 C
31 24 15.589000 7.194000 42.928001 O
32 24 17.888000 6.836000 43.539001 C
33 24 19.224001 7.137000 43.036999 N
34 24 19.603001 8.426000 43.007000 C
35 24 18.875000 9.323000 43.356998 O
36 24 20.864000 8.640000 42.540001 N
37 24 21.747000 7.694000 42.088001 C
38 24 22.827000 8.045000 41.608002 O
39 24 21.261000 6.369000 42.148998 C
40 24 20.045000 6.142000 42.615002 C
41 23 15.766000 4.935000 39.695000 P
42 23 14.514000 4.232000 39.285999 O
43 23 17.096001 4.419000 39.258999 O
44 23 15.668000 6.454000 39.244999 O
45 23 14.473000 7.179000 39.476002 C
46 23 14.755000 8.652000 39.500000 C
47 23 15.884000 8.879000 40.375999 O
48 23 15.217000 9.293000 38.209000 C
49 23 14.129000 9.553000 37.342999 O
50 23 15.840000 10.577000 38.730999 C
51 23 14.908000 11.588000 39.067001 O
52 23 16.523001 10.071000 39.997002 C
53 23 17.889999 9.758000 39.676998 N
54 23 18.452999 8.530000 39.459999 C
55 23 19.715000 8.608000 39.139999 N
56 23 19.983000 9.973000 39.160000 C
57 23 21.177000 10.685000 38.901001 C
58 23 22.281000 10.244000 38.603001 O
59 23 20.995001 12.052000 39.030998 N
60 23 19.816000 12.657000 39.382999 C
61 23 19.837999 13.994000 39.488998 N
62 23 18.700001 12.006000 39.625999 N
63 23 18.860001 10.680000 39.498001 C
64 22 14.283000 9.235000 35.785000 P
65 22 12.917000 9.065000 35.207001 O
66 22 15.288000 8.149000 35.632999 O
67 22 14.951000 10.556000 35.212002 O
68 22 16.296000 10.866000 35.519001 C
69 22 16.534000 12.348000 35.386002 C
70 22 17.372000 12.761000 36.490002 O
71 22 17.233999 12.814000 34.115002 C
72 22 16.299000 13.276000 33.146000 O
73 22 18.073000 13.972000 34.618000 C
74 22 17.280001 15.129000 34.741001 O
75 22 18.483999 13.465000 36.000999 C
76 22 19.587999 12.515000 35.984001 N
77 22 19.488001 11.149000 36.084000 C
78 22 20.639999 10.547000 35.999001 N
79 22 21.549999 11.580000 35.841999 C
80 22 22.959000 11.551000 35.685001 C
81 22 23.715000 10.577000 35.643002 O
82 22 23.476000 12.826000 35.567001 N
83 22 22.740999 13.972000 35.584000 C
84 22 23.417000 15.086000 35.446999 N
85 22 21.441999 14.019000 35.723999 N
86 22 20.912001 12.798000 35.847000 C
87 21 16.726000 13.371000 31.594999 P
88 21 15.447000 13.558000 30.856001 O
89 21 17.594000 12.207000 31.271999 O
90 21 17.627001 14.682000 31.472000 O
91 21 18.827999 14.742000 32.186001 C
92 21 19.745001 15.800000 31.657000 C
93 21 20.783001 15.953000 32.666000 O
94 21 20.469999 15.499000 30.346001 C
95 21 19.792000 16.124001 29.239000 O
96 21 21.854000 16.089001 30.620001 C
97 21 21.933001 17.500999 30.559999 O
98 21 22.035000 15.709000 32.084000 C
99 21 22.316999 14.281000 32.271999 N
100 21 23.629000 13.880000 32.289001 C
101 21 24.561001 14.647000 32.145000 O
102 21 23.819000 12.543000 32.479000 N
103 21 22.856001 11.592000 32.644001 C
104 21 23.195999 10.429000 32.834999 O
105 21 21.518000 12.084000 32.604000 C
106 21 21.301001 13.381000 32.424999 C
107 30 20.184000 15.767000 27.694000 P
108 30 20.111000 17.059000 26.985001 O
109 30 19.371000 14.608000 27.193001 O
110 30 21.743999 15.431000 27.705999 O
111 30 22.691000 16.490999 27.809999 C
112 30 24.052999 16.039000 27.357000 C
113 30 24.780001 15.445000 28.464001 O
114 30 24.080999 14.987000 26.266001 C
115 30 23.987000 15.614000 24.992001 O
116 30 25.455000 14.385000 26.490000 C
117 30 26.459999 15.297000 26.100000 O
118 30 25.476999 14.295000 28.014000 C
119 30 24.770000 13.101000 28.530001 N
120 30 25.497999 11.934000 28.834000 C
121 30 26.712999 11.918000 28.656000 O
122 30 24.849001 10.857000 29.309000 N
123 30 23.530001 10.898000 29.472000 C
124 30 22.927999 9.810000 29.927000 N
125 30 22.766001 12.060000 29.172001 C
126 30 23.417000 13.128000 28.707001 C
127 40 23.915001 14.721000 23.667999 P
128 40 24.097000 15.638000 22.506001 O
129 40 22.702000 13.835000 23.728001 O
130 40 25.233000 13.854000 23.808001 O
131 40 26.503000 14.471000 23.680000 C
132 40 27.591999 13.426000 23.714001 C
133 40 27.608999 12.775000 25.014999 O
134 40 27.450001 12.262000 22.740999 C
135 40 27.955000 12.576000 21.462000 O
136 40 28.365999 11.248000 23.381001 C
137 40 29.701000 11.661000 23.156000 O
138 40 27.981001 11.414000 24.851000 C
139 40 26.815001 10.589000 25.183001 N
140 40 26.900000 9.793000 26.275999 C
141 40 27.909000 9.715000 26.931000 O
142 40 25.768999 9.084000 26.569000 N
143 40 24.597000 9.084000 25.864000 C
144 40 23.613001 8.494000 26.312000 O
145 40 24.611000 9.909000 24.714001 C
146 40 25.691000 10.623000 24.424000 C
147 50 27.224001 11.982000 20.176001 P
148 50 27.662001 12.759000 18.992001 O
149 50 25.768999 11.844000 20.472000 O
150 50 27.802000 10.510000 20.055000 O
151 50 27.087999 9.546000 19.289000 C
152 50 27.732000 8.194000 19.407000 C
153 50 29.096001 8.264000 18.934000 O
154 50 27.861000 7.657000 20.808001 C
155 50 26.613001 7.064000 21.127001 O
156 50 28.965000 6.627000 20.625999 C
157 50 28.459000 5.508000 19.924000 O
158 50 29.886999 7.352000 19.649000 C
159 50 31.002001 8.102000 20.197001 N
160 50 31.164000 9.459000 20.157000 C
161 50 32.306999 9.850000 20.650000 N
162 50 32.921001 8.677000 21.056000 C
163 50 34.188000 8.461000 21.666000 C
164 50 35.060001 9.289000 21.964001 O
165 50 34.403999 7.118000 21.923000 N
166 50 33.525002 6.112000 21.622999 C
167 50 33.923000 4.880000 21.931000 N
168 50 32.345001 6.296000 21.056999 N
169 50 32.112999 7.594000 20.801001 C
170 60 25.983999 7.286000 22.579000 P
171 60 24.625999 6.636000 22.552000 O
172 60 26.125999 8.722000 22.917999 O
173 60 27.003000 6.534000 23.551001 O
174 60 26.878000 5.128000 23.808001 C
175 60 28.000000 4.654000 24.702000 C
176 60 29.245001 4.904000 24.025999 O
177 60 28.079000 5.349000 26.049999 C
178 60 27.525000 4.476000 27.020000 O
179 60 29.569000 5.421000 26.333000 C
180 60 30.030001 4.321000 27.099001 O
181 60 30.174999 5.413000 24.931999 C
182 60 30.544001 6.716000 24.444000 N
183 60 29.773001 7.589000 23.742001 C
184 60 30.400000 8.688000 23.422001 N
185 60 31.667000 8.520000 23.966999 C
186 60 32.817001 9.332000 23.983999 C
187 60 32.887001 10.539000 23.431000 N
188 60 33.911999 8.854000 24.594000 N
189 60 33.848999 7.647000 25.136000 C
190 60 32.832001 6.801000 25.191999 N
191 60 31.761999 7.308000 24.587000 C
192 70 26.382000 4.984000 28.011999 P
193 70 26.341000 6.466000 27.987000 O
194 70 26.507999 4.302000 29.312000 O
195 70 25.113001 4.360000 27.315001 O
196 70 25.280001 3.687000 26.115000 C
197 70 24.118999 2.801000 25.879000 C
198 70 24.510000 1.853000 24.856001 O
199 70 23.719999 1.962000 27.080000 C
200 70 22.625000 2.580000 27.757999 O
201 70 23.354000 0.652000 26.407000 C
202 70 22.108999 0.762000 25.723000 O
203 70 24.492001 0.565000 25.396999 C
204 70 25.812000 0.416000 26.017000 N
205 70 26.388000 -0.820000 26.049000 C
206 70 25.850000 -1.798000 25.590000 O
207 70 27.627001 -0.870000 26.635000 N
208 70 28.313999 0.174000 27.190001 C
209 70 29.385000 -0.038000 27.754999 O
210 70 27.649000 1.429000 27.106001 C
211 70 26.451000 1.505000 26.542999 C
212 80 21.851999 1.795000 28.934999 P
213 80 20.542000 2.461000 29.107000 O
214 80 22.757999 1.615000 30.100000 O
215 80 21.559999 0.364000 28.332001 O
216 80 20.243000 -0.138000 28.219999 C
217 80 20.261999 -1.583000 28.604000 C
218 80 21.386999 -2.177000 27.916000 O
219 80 20.524000 -1.778000 30.090000 C
220 80 19.264999 -1.978000 30.745001 O
221 80 21.487000 -2.963000 30.188999 C
222 80 20.969999 -4.196000 30.634001 O
223 80 22.061001 -3.069000 28.770000 C
224 80 23.489000 -2.818000 28.660999 N
225 80 24.179001 -1.770000 29.204000 C
226 80 25.465000 -1.846000 28.997999 N
227 80 25.625000 -3.006000 28.260000 C
228 80 26.799999 -3.615000 27.766001 C
229 80 27.966999 -3.253000 27.908001 O
230 80 26.516001 -4.773000 27.058001 N
231 80 25.261000 -5.281000 26.864000 C
232 80 25.198999 -6.395000 26.141001 N
233 80 24.153000 -4.734000 27.341000 N
234 80 24.412001 -3.605000 28.024000 C
235 90 18.410999 -3.302000 30.431999 P
236 90 18.382999 -4.154000 31.641001 O
237 90 18.877001 -3.867000 29.150000 O
238 90 16.936001 -2.789000 30.193001 O
239 90 15.883000 -3.710000 30.319000 C
240 90 15.458000 -4.226000 28.965000 C
241 90 16.573000 -4.430000 28.062000 O
242 90 14.831000 -5.592000 29.063000 C
243 90 13.529000 -5.453000 29.587999 O
244 90 14.963000 -6.141000 27.648001 C
245 90 13.971000 -5.734000 26.722000 O
246 90 16.320000 -5.567000 27.240000 C
247 90 17.415001 -6.515000 27.427000 N
248 90 18.621000 -6.268000 28.028999 C
249 90 19.417999 -7.303000 28.059999 N
250 90 18.688999 -8.300000 27.438999 C
251 90 18.983999 -9.640000 27.163000 C
252 90 20.142000 -10.221000 27.492001 N
253 90 18.041000 -10.373000 26.531000 N
254 90 16.882000 -9.777000 26.202999 C
255 90 16.490999 -8.518000 26.409000 N
256 90 17.452000 -7.828000 27.040001 C
257 101 13.240000 -6.009000 31.056000 P
258 101 11.909000 -5.554000 31.540001 O
259 101 14.462000 -5.731000 31.879999 O
260 101 13.180000 -7.566000 30.760000 O
261 101 13.881000 -8.470000 31.586000 C
262 101 14.658000 -9.456000 30.757999 C
263 101 15.788000 -8.795000 30.136999 O
264 101 15.291000 -10.512000 31.635000 C
265 101 14.333000 -11.519000 31.933001 O
266 101 16.471001 -10.976000 30.806000 C
267 101 16.070000 -11.895000 29.822001 O
268 101 16.908001 -9.658000 30.164000 C
269 101 17.988001 -8.978000 30.865999 N
270 101 17.973000 -7.713000 31.398001 C
271 101 19.111000 -7.380000 31.943001 N
272 101 19.916000 -8.494000 31.768000 C
273 101 21.267000 -8.737000 32.162998 C
274 101 22.049000 -7.993000 32.784000 O
275 101 21.684999 -10.001000 31.771999 N
276 101 20.908001 -10.917000 31.107000 C
277 101 21.485001 -12.082000 30.818001 N
278 101 19.660000 -10.710000 30.749001 N
279 101 19.233000 -9.488000 31.107000 C
280 102 13.930000 -11.782000 33.470001 P
281 102 13.669000 -13.245000 33.534000 O
282 102 12.887000 -10.829000 33.955002 O
283 102 15.287000 -11.445000 34.233002 O
284 102 15.986000 -12.441000 34.960999 C
285 102 16.886000 -13.258000 34.051998 C
286 102 17.667999 -12.399000 33.188999 O
287 102 17.912001 -14.034000 34.856998 C
288 102 17.410000 -15.278000 35.289001 O
289 102 19.101000 -14.144000 33.924999 C
290 102 19.002001 -15.231000 33.035000 O
291 102 19.028999 -12.791000 33.223000 C
292 102 19.736000 -11.762000 33.963001 N
293 102 19.184000 -10.622000 34.487000 C
294 102 20.056999 -9.858000 35.082001 N
295 102 21.252001 -10.544000 34.945999 C
296 102 22.541000 -10.199000 35.368000 C
297 102 22.906000 -9.181000 35.939999 O
298 102 23.461000 -11.173000 35.043999 N
299 102 23.177000 -12.317000 34.368999 C
300 102 24.216000 -13.114000 34.139999 N
301 102 21.973000 -12.655000 33.945999 N
302 102 21.063999 -11.726000 34.269001 C
303 103 17.539000 -15.657000 36.827000 P
304 103 16.763000 -16.910000 37.014999 O
305 103 17.191000 -14.446000 37.608002 O
306 103 19.096001 -15.924000 36.990002 O
307 103 19.643000 -17.135000 36.521000 C
308 103 21.128000 -17.139999 36.713001 C
309 103 21.698000 -16.004000 36.013000 O
310 103 21.597000 -16.972000 38.145000 C
311 103 21.532000 -18.197001 38.866001 O
312 103 23.003000 -16.410999 37.944000 C
313 103 24.007999 -17.350000 37.570999 O
314 103 22.738001 -15.435000 36.796001 C
315 103 22.252001 -14.138000 37.285999 N
316 103 23.184999 -13.191000 37.748001 C
317 103 24.400999 -13.474000 37.710999 O
318 103 22.737000 -12.001000 38.223000 N
319 103 21.423000 -11.748000 38.244999 C
320 103 21.023001 -10.583000 38.737999 N
321 103 20.455999 -12.690000 37.764999 C
322 103 20.909000 -13.859000 37.299999 C
323 104 21.194000 -18.181000 40.441002 P
324 104 21.176001 -19.629000 40.780998 O
325 104 20.010000 -17.329000 40.765999 O
326 104 22.493000 -17.524000 41.084999 O
327 104 23.778000 -18.013000 40.720001 C
328 104 24.837999 -17.375999 41.568001 C
329 104 25.221001 -16.104000 40.976002 O
330 104 24.405001 -17.023001 42.978001 C
331 104 24.474001 -18.150999 43.855000 O
332 104 25.379000 -15.902000 43.299999 C
333 104 26.695999 -16.403000 43.451000 O
334 104 25.349001 -15.129000 41.986000 C
335 104 24.191000 -14.247000 41.883999 N
336 104 24.341000 -12.928000 42.237000 C
337 104 25.430000 -12.565000 42.674999 O
338 104 23.301001 -12.074000 42.094002 N
339 104 22.142000 -12.520000 41.615002 C
340 104 21.160999 -11.642000 41.441002 N
341 104 21.947001 -13.888000 41.280998 C
342 104 22.990000 -14.713000 41.432999 C
344 114 25.987000 -0.525000 44.323002 O
345 114 26.027000 -1.366000 43.160000 C
346 114 26.884001 -2.572000 43.436001 C
347 114 26.101000 -3.554000 44.167000 O
348 114 27.353001 -3.343000 42.220001 C
349 114 28.525000 -2.797000 41.664001 O
350 114 27.702000 -4.682000 42.827999 C
351 114 28.969000 -4.624000 43.457001 O
352 114 26.561001 -4.851000 43.831001 C
353 114 25.450001 -5.622000 43.275002 N
354 114 24.215000 -5.169000 42.872002 C
355 114 23.433001 -6.129000 42.443001 N
356 114 24.202999 -7.282000 42.567001 C
357 114 23.895000 -8.650000 42.279999 C
358 114 22.837999 -9.140000 41.870998 O
359 114 24.975000 -9.480000 42.540001 N
360 114 26.188999 -9.065000 43.034000 C
361 114 27.113001 -10.012000 43.233002 N
362 114 26.482000 -7.814000 43.320000 N
363 114 25.452000 -6.982000 43.063999 C
364 113 29.156000 -3.477000 40.359001 P
365 113 30.473000 -2.836000 40.168999 O
366 113 28.171000 -3.504000 39.254002 O
367 113 29.419001 -4.983000 40.769001 O
368 113 30.721001 -5.409000 41.137001 C
369 113 30.902000 -6.864000 40.793999 C
370 113 29.879000 -7.650000 41.466999 O
371 113 30.715000 -7.220000 39.335999 C
372 113 31.914000 -7.054000 38.617001 O
373 113 30.402000 -8.696000 39.433998 C
374 113 31.573999 -9.414000 39.757000 O
375 113 29.452000 -8.698000 40.619999 C
376 113 28.099001 -8.389000 40.195999 N
377 113 27.521000 -7.151000 40.098000 C
378 113 26.281000 -7.199000 39.702999 N
379 113 26.039000 -8.548000 39.522999 C
380 113 24.878000 -9.207000 39.103001 C
381 113 23.794001 -8.721000 38.811001 O
382 113 25.059000 -10.581000 39.042999 N
383 113 26.229000 -11.233000 39.362999 C
384 113 26.218000 -12.570000 39.256001 N
385 113 27.327999 -10.619000 39.761002 N
386 113 27.158001 -9.288000 39.818001 C
387 112 31.877001 -7.116000 37.022999 P
388 112 33.261002 -7.401000 36.574001 O
389 112 31.163000 -5.906000 36.532001 O
390 112 31.007000 -8.402000 36.699001 O
391 112 31.629000 -9.662000 36.576000 C
392 112 30.594999 -10.728000 36.348999 C
393 112 29.469000 -10.561000 37.241001 O
394 112 29.959999 -10.722000 34.986000 C
395 112 30.843000 -11.352000 34.073002 O
396 112 28.695000 -11.522000 35.237000 C
397 112 28.926001 -12.898000 35.374001 O
398 112 28.302000 -11.014000 36.609001 C
399 112 27.415001 -9.887000 36.487999 N
400 112 26.188000 -10.071000 35.873001 C
401 112 25.878000 -11.207000 35.465000 O
402 112 25.361000 -9.014000 35.728001 N
403 112 25.737000 -7.810000 36.171001 C
404 112 24.917999 -6.773000 35.957001 N
405 112 26.980000 -7.608000 36.835999 C
406 112 27.782000 -8.664000 36.965000 C
407 111 30.916000 -10.824000 32.567001 P
408 111 32.278000 -11.164000 32.069000 O
409 111 30.450001 -9.414000 32.546001 O
410 111 29.820999 -11.697000 31.823999 O
411 111 30.042000 -13.079000 31.627001 C
412 111 28.868999 -13.673000 30.921000 C
413 111 27.747999 -13.677000 31.830999 O
414 111 28.408001 -12.839000 29.747999 C
415 111 29.105000 -13.217000 28.577999 O
416 111 26.934000 -13.179000 29.666000 C
417 111 26.695999 -14.391000 28.978001 O
418 111 26.584000 -13.283000 31.150000 C
419 111 26.186001 -11.994000 31.698999 N
420 111 24.823999 -11.682000 31.731001 C
421 111 24.004000 -12.537000 31.344999 O
422 111 24.427999 -10.475000 32.178001 N
423 111 25.337000 -9.595000 32.591999 C
424 111 24.889999 -8.402000 32.997002 N
425 111 26.746000 -9.899000 32.602001 C
426 111 27.118999 -11.101000 32.153000 C
427 120 29.351999 -12.131000 27.440001 P
428 120 29.926001 -12.873000 26.295000 O
429 120 30.125999 -11.020000 28.046000 O
430 120 27.875000 -11.636000 27.083000 O
431 120 26.836000 -12.579000 26.819000 C
432 120 25.479000 -11.934000 26.976000 C
433 120 25.408001 -11.328000 28.282000 O
434 120 25.159000 -10.763000 26.065001 C
435 120 24.700001 -11.201000 24.809999 O
436 120 24.049999 -10.032000 26.820000 C
437 120 22.739000 -10.533000 26.688999 O
438 120 24.495001 -10.243000 28.252001 C
439 120 25.139000 -9.062000 28.797001 N
440 120 26.486000 -8.791000 28.927999 C
441 120 26.714001 -7.664000 29.547001 N
442 120 25.444000 -7.169000 29.809999 C
443 120 25.044001 -6.005000 30.466000 C
444 120 25.749001 -5.160000 31.010000 O
445 120 23.662001 -5.878000 30.482000 N
446 120 22.789000 -6.786000 29.955000 C
447 120 21.488001 -6.521000 30.087999 N
448 120 23.153999 -7.885000 29.351000 N
449 120 24.476999 -8.012000 29.319000 C
450 130 24.681999 -10.180000 23.583000 P
451 130 25.379000 -10.919000 22.500999 O
452 130 25.228001 -8.882000 24.051001 O
453 130 23.128000 -10.071000 23.254000 O
454 130 22.398001 -11.261000 22.982000 C
455 130 20.957001 -10.956000 22.712000 C
456 130 20.260000 -10.656000 23.943001 O
457 130 20.760000 -9.751000 21.827000 C
458 130 20.829000 -10.141000 20.466999 O
459 130 19.393000 -9.255000 22.273001 C
460 130 18.326000 -10.022000 21.761000 O
461 130 19.500000 -9.478000 23.775999 C
462 130 20.242001 -8.406000 24.426001 N
463 130 21.517000 -8.458000 24.943001 C
464 130 21.903000 -7.341000 25.504000 N
465 130 20.818001 -6.497000 25.329000 C
466 130 20.599001 -5.186000 25.702000 C
467 130 21.490999 -4.460000 26.364000 N
468 130 19.414000 -4.631000 25.375000 N
469 130 18.514999 -5.374000 24.719000 C
470 130 18.604000 -6.628000 24.318001 N
471 130 19.795000 -7.138000 24.658001 C
472 140 21.691999 -9.264000 19.440001 P
473 140 21.396000 -9.821000 18.094000 O
474 140 23.107000 -9.141000 19.891001 O
475 140 21.017000 -7.828000 19.546000 O
476 140 19.604000 -7.675000 19.424000 C
477 140 19.211000 -6.247000 19.732000 C
478 140 19.275999 -5.981000 21.164000 O
479 140 20.111000 -5.183000 19.125999 C
480 140 19.802000 -4.976000 17.750999 O
481 140 19.808001 -3.969000 20.003000 C
482 140 18.628000 -3.270000 19.643000 O
483 140 19.646999 -4.626000 21.379000 C
484 140 20.907000 -4.620000 22.100000 N
485 140 21.843000 -5.608000 22.118999 C
486 140 22.909000 -5.304000 22.808001 N
487 140 22.646999 -4.029000 23.288000 C
488 140 23.398001 -3.141000 24.082001 C
489 140 24.604000 -3.427000 24.558001 N
490 140 22.862000 -1.942000 24.368000 N
491 140 21.648001 -1.664000 23.886999 C
492 140 20.841999 -2.417000 23.132000 N
493 140 21.412001 -3.601000 22.865999 C
494 151 20.916000 -4.369000 16.771000 P
495 151 20.302999 -4.457000 15.422000 O
496 151 22.226000 -5.015000 17.025999 O
497 151 21.052000 -2.856000 17.260000 O
498 151 19.917000 -2.122000 17.743999 C
499 151 20.355000 -0.784000 18.292000 C
500 151 20.836000 -0.897000 19.653999 O
501 151 21.525000 -0.187000 17.537001 C
502 151 21.058001 0.495000 16.393000 O
503 151 22.132999 0.778000 18.538000 C
504 151 21.487000 2.026000 18.483999 O
505 151 21.864000 0.065000 19.865999 C
506 151 23.023001 -0.618000 20.434999 N
507 151 23.292000 -1.947000 20.368000 C
508 151 24.375999 -2.296000 21.007999 N
509 151 24.861000 -1.110000 21.523001 C
510 151 25.997000 -0.808000 22.306000 C
511 151 26.865999 -1.718000 22.745001 N
512 151 26.207001 0.477000 22.629999 N
513 151 25.325001 1.383000 22.205999 C
514 151 24.214001 1.217000 21.476000 N
515 151 24.044001 -0.066000 21.165001 C
516 152 22.111000 1.127000 15.373000 P
517 152 21.400000 1.300000 14.073000 O
518 152 23.353001 0.316000 15.426000 O
519 152 22.422001 2.538000 16.028999 O
520 152 23.634001 3.190000 15.769000 C
521 152 24.233999 3.647000 17.056000 C
522 152 24.028000 2.662000 18.094000 O
523 152 25.732000 3.748000 16.987000 C
524 152 26.037001 4.948000 16.364000 O
525 152 26.136999 3.710000 18.436001 C
526 152 26.000999 5.003000 19.013000 O
527 152 25.149000 2.659000 18.962000 C
528 152 25.681000 1.295000 18.962000 N
529 152 26.976999 1.057000 19.443001 C
530 152 27.639999 1.996000 19.889000 O
531 152 27.473000 -0.194000 19.421000 N
532 152 26.719999 -1.193000 18.966000 C
533 152 27.242001 -2.413000 18.988001 N
534 152 25.389999 -0.982000 18.476999 C
535 152 24.919001 0.266000 18.492001 C
536 153 26.430000 4.902000 14.843000 P
537 153 25.836000 6.084000 14.181000 O
538 153 26.077999 3.544000 14.359000 O
539 153 27.983999 5.098000 14.957000 O
540 153 28.441000 6.180000 15.690000 C
541 153 29.667000 5.787000 16.393000 C
542 153 29.372999 4.696000 17.281000 O
543 153 30.660999 5.130000 15.477000 C
544 153 31.295000 6.079000 14.678000 O
545 153 31.587000 4.456000 16.466000 C
546 153 32.470001 5.348000 17.132999 O
547 153 30.552999 3.924000 17.444000 C
548 153 30.228001 2.528000 17.184999 N
549 153 31.184000 1.608000 17.499001 C
550 153 32.321999 1.924000 17.837000 O
551 153 30.774000 0.311000 17.392000 N
552 153 29.544001 -0.129000 16.969000 C
553 153 29.299000 -1.321000 16.993000 O
554 153 28.636999 0.897000 16.584999 C
555 153 29.007000 2.166000 16.702000 C
556 154 31.587000 5.714000 13.168000 P
557 154 31.858000 7.038000 12.553000 O
558 154 30.497000 4.831000 12.633000 O
559 154 32.938999 4.888000 13.302000 O
560 154 34.034000 5.433000 14.032000 C
561 154 35.126999 4.404000 14.189000 C
562 154 34.689999 3.394000 15.133000 O
563 154 35.484001 3.584000 12.961000 C
564 154 36.377998 4.265000 12.095000 O
565 154 36.179001 2.397000 13.600000 C
566 154 37.469002 2.769000 14.064000 O
567 154 35.252998 2.139000 14.784000 C
568 154 34.147999 1.220000 14.501000 N
569 154 34.243999 -0.087000 14.923000 C
570 154 35.283001 -0.462000 15.446000 O
571 154 33.209999 -0.921000 14.755000 N
572 154 32.112000 -0.489000 14.161000 C
573 154 31.101999 -1.339000 14.041000 N
574 154 31.997000 0.836000 13.670000 C
575 154 33.033001 1.652000 13.859000 C
576 31 33.033001 1.652000 13.859000 L
36 31 0.286000 4.011000 10.513000 P
577 31 0.286000 4.011000 10.513000 L
37 31 0.299000 4.923000 9.910000 O
578 31 0.299000 4.923000 9.910000 L
34 31 0.851000 4.044000 10.042000 O
579 31 0.851000 4.044000 10.042000 L
36 31 0.803000 2.522000 10.340000 O
580 31 0.803000 2.522000 10.340000 L
36 31 0.157000 1.480000 11.020000 C
581 31 0.157000 1.480000 11.020000 L
36 31 0.734000 0.167000 10.621000 C
582 31 0.734000 0.167000 10.621000 L
36 31 0.307000 -0.810000 11.593000 O
583 31 0.307000 -0.810000 11.593000 L
36 31 0.288000 -0.336000 9.262000 C
584 31 0.288000 -0.336000 9.262000 L
37 31 0.268000 0.081000 8.300000 O
585 31 0.268000 0.081000 8.300000 L
36 31 0.322000 -1.846000 9.458000 C
586 31 0.322000 -1.846000 9.458000 L
37 31 0.642000 -2.320000 9.243000 O
587 31 0.642000 -2.320000 9.243000 L
35 31 0.923000 -1.989000 10.939000 C
588 31 0.923000 -1.989000 10.939000 L
34 31 0.500000 -2.153000 11.187000 N
589 31 0.500000 -2.153000 11.187000 L
33 31 0.580000 -1.144000 11.272000 C
590 31 0.580000 -1.144000 11.272000 L
32 31 0.356000 -1.576000 11.359000 N
591 31 0.356000 -1.576000 11.359000 L
32 31 0.480000 -2.960000 11.357000 C
592 31 0.480000 -2.960000 11.357000 L
31 31 0.485000 -3.977000 11.373000 C
593 31 0.485000 -3.977000 11.373000 L
30 31 0.259000 -3.853000 11.387000 O
594 31 0.259000 -3.853000 11.387000 L
32 31 0.045000 -5.247000 11.357000 N
595 31 0.045000 -5.247000 11.357000 L
33 31 0.379000 -5.516000 11.330000 C
596 31 0.379000 -5.516000 11.330000 L
33 31 0.707000 -6.810000 11.283000 N
597 31 0.707000 -6.810000 11.283000 L
34 31 0.326000 -4.580000 11.329000 N
598 31 0.326000 -4.580000 11.329000 L
33 31 0.803000 -3.331000 11.316000 C
599 32 0.803000 -3.331000 11.316000 L
36 32 0.946000 0.014000 6.716000 P
600 32 0.946000 0.014000 6.716000 L
38 32 0.007000 -0.752000 6.025000 O
601 32 0.007000 -0.752000 6.025000 L
36 32 0.619000 1.382000 6.251000 O
602 32 0.619000 1.382000 6.251000 L
35 32 0.643000 -0.869000 6.609000 O
603 32 0.643000 -0.869000 6.609000 L
34 32 0.756000 -0.650000 5.562000 C
604 32 0.756000 -0.650000 5.562000 L
34 32 0.696000 -1.862000 4.719000 C
605 32 0.696000 -1.862000 4.719000 L
35 32 0.989000 -2.100000 4.139000 O
606 32 0.989000 -2.100000 4.139000 L
34 32 0.475000 -3.124000 5.506000 C
607 32 0.475000 -3.124000 5.506000 L
33 32 0.108000 -3.228000 5.839000 O
608 32 0.108000 -3.228000 5.839000 L
34 32 0.923000 -4.184000 4.513000 C
609 32 0.923000 -4.184000 4.513000 L
33 32 0.933000 -4.528000 3.561000 O
610 32 0.933000 -4.528000 3.561000 L
36 32 0.096000 -3.476000 3.831000 C
611 32 0.096000 -3.476000 3.831000 L
37 32 0.393000 -3.959000 4.303000 N
612 32 0.393000 -3.959000 4.303000 L
37 32 0.661000 -5.290000 4.136000 C
613 32 0.661000 -5.290000 4.136000 L
36 32 0.904000 -6.040000 3.547000 O
614 32 0.904000 -6.040000 3.547000 L
38 32 0.853000 -5.712000 4.659000 N
615 32 0.853000 -5.712000 4.659000 L
39 32 0.799000 -4.935000 5.288000 C
616 32 0.799000 -4.935000 5.288000 L
40 32 0.800000 -5.468000 5.787000 O
617 32 0.800000 -5.468000 5.787000 L
39 32 0.461000 -3.546000 5.371000 C
618 32 0.461000 -3.546000 5.371000 L
38 32 0.291000 -3.122000 4.893000 C
619 33 0.291000 -3.122000 4.893000 L
32 33 0.681000 -3.315000 7.382000 P
620 33 0.681000 -3.315000 7.382000 L
31 33 0.242000 -2.916000 7.479000 O
621 33 0.242000 -2.916000 7.479000 L
33 33 0.717000 -2.583000 8.182000 O
622 33 0.717000 -2.583000 8.182000 L
32 33 0.791000 -4.873000 7.702000 O
623 33 0.791000 -4.873000 7.702000 L
31 33 0.993000 -5.824000 6.991000 C
624 33 0.993000 -5.824000 6.991000 L
32 33 0.710000 -7.152000 6.930000 C
625 33 0.710000 -7.152000 6.930000 L
34 33 0.006000 -6.915000 6.352000 O
626 33 0.006000 -6.915000 6.352000 L
32 33 0.980000 -7.837000 8.267000 C
627 33 0.980000 -7.837000 8.267000 L
31 33 0.857000 -8.697000 8.541000 O
628 33 0.857000 -8.697000 8.541000 L
34 33 0.256000 -8.626000 7.982000 C
629 33 0.256000 -8.626000 7.982000 L
33 33 0.999000 -9.827000 7.296000 O
630 33 0.999000 -9.827000 7.296000 L
34 33 0.961000 -7.723000 6.979000 C
631 33 0.961000 -7.723000 6.979000 L
36 33 0.004000 -6.845000 7.473000 N
632 33 0.004000 -6.845000 7.473000 L
35 33 0.901000 -5.584000 7.983000 C
633 33 0.901000 -5.584000 7.983000 L
37 33 0.057000 -5.043000 8.279000 N
634 33 0.057000 -5.043000 8.279000 L
37 33 0.978000 -6.024000 7.943000 C
635 33 0.978000 -6.024000 7.943000 L
39 33 0.385000 -6.082000 8.012000 C
636 33 0.385000 -6.082000 8.012000 L
40 33 0.169000 -5.095000 8.448000 N
637 33 0.169000 -5.095000 8.448000 L
39 33 0.975000 -7.215000 7.606000 N
638 33 0.975000 -7.215000 7.606000 L
39 33 0.207000 -8.219000 7.167000 C
639 33 0.207000 -8.219000 7.167000 L
37 33 0.893000 -8.285000 7.061000 N
640 33 0.893000 -8.285000 7.061000 L
37 33 0.335000 -7.141000 7.464000 C
641 34 0.335000 -7.141000 7.464000 L
31 34 0.486000 -9.111000 10.057000 P
642 34 0.486000 -9.111000 10.057000 L
30 34 0.305000 -10.031000 9.981000 O
643 34 0.305000 -10.031000 9.981000 L
31 34 0.424000 -7.909000 10.924000 O
644 34 0.424000 -7.909000 10.924000 L
32 34 0.761000 -9.946000 10.501000 O
645 34 0.761000 -9.946000 10.501000 L
32 34 0.976000 -11.237000 9.954000 C
646 34 0.976000 -11.237000 9.954000 L
34 34 0.299000 -11.774000 10.403000 C
647 34 0.299000 -11.774000 10.403000 L
35 34 0.366000 -10.964000 9.859000 O
648 34 0.366000 -10.964000 9.859000 L
34 34 0.523000 -11.741000 11.890000 C
649 34 0.523000 -11.741000 11.890000 L
33 34 0.866000 -12.877000 12.451000 O
650 34 0.866000 -12.877000 12.451000 L
36 34 0.057000 -11.760000 11.985000 C
651 34 0.057000 -11.760000 11.985000 L
36 34 0.680000 -13.033000 11.964000 O
652 34 0.680000 -13.033000 11.964000 L
36 34 0.474000 -11.027000 10.709000 C
653 34 0.474000 -11.027000 10.709000 L
36 34 0.894000 -9.668000 10.918000 N
654 34 0.894000 -9.668000 10.918000 L
36 34 0.118000 -8.629000 11.324000 C
655 34 0.118000 -8.629000 11.324000 L
36 34 0.759000 -7.492000 11.397000 N
656 34 0.759000 -7.492000 11.397000 L
38 34 0.048000 -7.822000 11.014000 C
657 34 0.048000 -7.822000 11.014000 L
39 34 0.205000 -7.063000 10.875000 C
658 34 0.205000 -7.063000 10.875000 L
39 34 0.268000 -5.758000 11.158000 N
659 34 0.268000 -5.758000 11.158000 L
40 34 0.316000 -7.692000 10.442000 N
660 34 0.316000 -7.692000 10.442000 L
40 34 0.253000 -8.997000 10.196000 C
661 34 0.253000 -8.997000 10.196000 L
39 34 0.225000 -9.821000 10.308000 N
662 34 0.225000 -9.821000 10.308000 L
38 34 0.141000 -9.160000 10.720000 C
663 164 32.723999 -12.671000 13.569000 P
664 164 32.729000 -13.809000 14.526000 O
665 164 31.473000 -12.384000 12.825000 O
666 164 33.248001 -11.390000 14.368000 O
667 164 34.145000 -11.550000 15.466000 C
668 164 35.217999 -10.493000 15.441000 C
669 164 35.004002 -9.662000 14.290000 O
670 164 35.203999 -9.511000 16.601000 C
671 164 35.870998 -9.999000 17.754999 O
672 164 35.867001 -8.274000 16.010000 C
673 164 37.276001 -8.261000 15.963000 O
674 164 35.320999 -8.319000 14.599000 C
675 164 34.106998 -7.535000 14.479000 N
676 164 32.828999 -7.980000 14.210000 C
677 164 31.955000 -7.011000 14.145000 N
678 164 32.709000 -5.873000 14.390000 C
679 164 32.323002 -4.533000 14.454000 C
680 164 31.184999 -4.051000 14.295000 O
681 164 33.409000 -3.708000 14.738000 N
682 164 34.694000 -4.140000 14.929000 C
683 164 35.583000 -3.216000 15.206000 N
684 164 35.068001 -5.385000 14.862000 N
685 164 34.035000 -6.193000 14.599000 C
686 163 35.245998 -9.695000 19.195000 P
687 163 35.966000 -10.475000 20.240999 O
688 163 33.758999 -9.832000 19.056000 O
689 163 35.705002 -8.200000 19.431000 O
690 163 37.077000 -7.952000 19.593000 C
691 163 37.348000 -6.490000 19.514999 C
692 163 36.773998 -5.978000 18.289000 O
693 163 36.668999 -5.648000 20.562000 C
694 163 37.374001 -5.636000 21.767000 O
695 163 36.713001 -4.286000 19.917000 C
696 163 38.035000 -3.767000 19.910999 O
697 163 36.294998 -4.661000 18.504999 C
698 163 34.851002 -4.679000 18.301001 N
699 163 34.080002 -5.771000 18.010000 C
700 163 32.833000 -5.477000 17.746000 N
701 163 32.778000 -4.104000 17.907000 C
702 163 31.743000 -3.197000 17.757000 C
703 163 30.535999 -3.548000 17.344999 N
704 163 31.992001 -1.903000 18.032000 N
705 163 33.224998 -1.566000 18.416000 C
706 163 34.293999 -2.330000 18.568001 N
707 163 34.000000 -3.606000 18.291000 C
708 162 36.549000 -5.502000 23.118000 P
709 162 37.563000 -5.711000 24.187000 O
710 162 35.296001 -6.339000 23.077000 O
711 162 36.153000 -3.973000 23.139999 O
712 162 37.180000 -3.008000 23.160999 C
713 162 36.612999 -1.654000 22.907000 C
714 162 35.849998 -1.685000 21.684000 O
715 162 35.599998 -1.198000 23.910999 C
716 162 36.292999 -0.682000 25.021000 O
717 162 34.930000 -0.102000 23.122000 C
718 162 35.827000 0.985000 22.969999 O
719 162 34.784000 -0.791000 21.774000 C
720 162 33.571999 -1.566000 21.634001 N
721 162 33.419998 -2.899000 21.861000 C
722 162 32.205002 -3.314000 21.636999 N
723 162 31.518000 -2.167000 21.257000 C
724 162 30.129999 -1.959000 20.910000 C
725 162 29.191000 -2.764000 20.916000 O
726 162 29.882999 -0.643000 20.555000 N
727 162 30.809999 0.350000 20.569000 C
728 162 30.370001 1.546000 20.202999 N
729 162 32.075001 0.188000 20.917000 N
730 162 32.355999 -1.090000 21.240999 C
731 161 35.877998 -1.155000 26.495001 P
732 161 37.088001 -1.822000 27.051001 O
733 161 34.570000 -1.890000 26.458000 O
734 161 35.659000 0.226000 27.260000 O
735 161 36.089001 1.457000 26.677999 C
736 161 34.891998 2.302000 26.280001 C
737 161 34.119999 1.661000 25.235001 O
738 161 33.863998 2.574000 27.363001 C
739 161 34.300999 3.698000 28.129999 O
740 161 32.615002 2.936000 26.562000 C
741 161 32.543999 4.318000 26.316999 O
742 161 32.837002 2.221000 25.225000 C
743 161 31.844999 1.187000 24.936001 N
744 161 30.886999 1.488000 23.997000 C
745 161 30.889000 2.509000 23.362000 O
746 161 29.923000 0.544000 23.815001 N
747 161 29.829000 -0.659000 24.450001 C
748 161 28.840000 -1.382000 24.240000 O
749 161 30.895000 -0.918000 25.384001 C
750 161 31.844000 -0.001000 25.584000 C
751 170 33.355999 4.302000 29.278999 P
752 170 34.084999 4.064000 30.549999 O
753 170 31.954000 3.805000 29.097000 O
754 170 33.358002 5.869000 29.017000 O
755 170 33.671001 6.390000 27.731001 C
756 170 33.466999 7.886000 27.695000 C
757 170 32.227001 8.214000 27.004999 O
758 170 33.355999 8.586000 29.034000 C
759 170 34.648998 8.865000 29.554001 O
760 170 32.659000 9.877000 28.646999 C
761 170 33.609001 10.759000 28.097000 O
762 170 31.686001 9.395000 27.562000 C
763 170 30.350000 9.081000 28.087999 N
764 170 29.646000 10.078000 28.759001 C
765 170 30.142000 11.210000 28.822001 O
766 170 28.436001 9.784000 29.315001 N
767 170 27.924999 8.552000 29.186001 C
768 170 26.733999 8.297000 29.749001 N
769 170 28.615999 7.526000 28.472000 C
770 170 29.813000 7.832000 27.944000 C
771 11 34.793999 9.339000 31.079000 P
772 11 36.173000 9.846000 31.344999 O
773 11 34.202999 8.314000 31.982000 O
774 11 33.813999 10.582000 31.128000 O
775 11 34.099998 11.747000 30.378000 C
776 11 33.148998 12.844000 30.757999 C
777 11 31.813999 12.506000 30.320999 O
778 11 32.997002 13.070000 32.244999 C
779 11 33.994999 13.962000 32.693001 O
780 11 31.684000 13.805000 32.292000 C
781 11 31.958000 15.117000 31.857000 O
782 11 30.893000 13.103000 31.194000 C
783 11 29.974001 12.078000 31.652000 N
784 11 30.246000 10.837000 32.132999 C
785 11 29.173000 10.123000 32.377998 N
786 11 28.127001 10.969000 32.046001 C
787 11 26.732000 10.808000 32.056999 C
