366
1 1 41.048 -11.302 5.274 O
2 1 40.867 -12.568 4.652 C
3 1 40.498 -13.634 5.649 C
4 1 41.444 -13.672 6.720 O
5 1 39.207 -13.356 6.325 C
6 1 38.194 -13.763 5.421 O
7 1 39.317 -14.391 7.402 C
8 1 40.748 -14.140 7.882 C
9 1 40.856 -13.221 9.069 N
10 1 40.311 -13.596 10.300 C
11 1 39.740 -14.657 10.497 O
12 1 40.410 -12.756 11.346 N
13 1 41.030 -11.578 11.235 C
14 1 41.069 -10.754 12.279 N
15 1 41.606 -11.158 10.000 C
16 1 41.498 -12.013 8.959 C
17 2 36.723 -13.193 5.518 P
18 2 35.956 -13.727 4.379 O
19 2 36.821 -11.741 5.731 O
20 2 36.085 -13.882 6.805 O
21 2 35.618 -15.215 6.777 C
22 2 35.294 -15.671 8.180 C
23 2 36.422 -15.385 9.033 O
24 2 34.192 -14.883 8.789 C
25 2 32.960 -15.480 8.429 O
26 2 34.418 -15.196 10.198 C
27 2 35.907 -15.091 10.335 C
28 2 36.373 -13.785 10.851 N
29 2 36.241 -13.506 12.190 C
30 2 35.737 -14.296 12.985 O
31 2 36.718 -12.323 12.626 N
32 2 37.299 -11.436 11.816 C
33 2 37.779 -10.280 12.280 N
34 2 37.439 -11.714 10.444 C
35 2 36.961 -12.892 10.021 C
36 3 31.767 -14.423 8.097 P
37 3 30.688 -15.157 7.398 O
38 3 32.342 -13.160 7.535 O
39 3 31.257 -14.106 9.540 O
40 3 30.391 -14.974 10.253 C
41 3 30.225 -14.470 11.677 C
42 3 31.438 -14.475 12.427 O
43 3 29.955 -13.026 11.675 C
44 3 28.653 -12.773 11.134 O
45 3 30.095 -12.795 13.162 C
46 3 31.469 -13.341 13.321 C
47 3 32.454 -12.264 12.988 N
48 3 33.157 -11.993 11.838 C
49 3 33.883 -10.920 11.894 N
50 3 33.657 -10.438 13.159 C
51 3 34.245 -9.336 13.802 C
52 3 35.073 -8.556 13.343 O
53 3 33.829 -9.252 15.113 N
54 3 32.969 -10.138 15.722 C
55 3 32.760 -9.983 17.013 N
56 3 32.404 -11.175 15.115 N
57 3 32.793 -11.256 13.834 C
58 4 27.229 -12.446 11.716 P
59 4 26.717 -13.664 12.405 O
60 4 26.488 -11.854 10.577 O
61 4 27.459 -11.226 12.760 O
62 4 26.789 -11.332 14.032 C
63 4 27.332 -10.360 15.030 C
64 4 28.730 -10.337 14.951 O
65 4 26.966 -8.975 14.741 C
66 4 25.655 -8.861 15.248 O
67 4 27.879 -8.360 15.736 C
68 4 29.147 -9.096 15.454 C
69 4 30.051 -8.437 14.489 N
70 4 30.372 -8.739 13.166 C
71 4 31.294 -7.934 12.663 N
72 4 31.589 -7.059 13.697 C
73 4 32.488 -5.992 13.740 C
74 4 33.222 -5.605 12.850 O
75 4 32.493 -5.355 14.969 N
76 4 31.703 -5.708 16.050 C
77 4 31.866 -5.011 17.168 N
78 4 30.838 -6.722 16.022 N
79 4 30.842 -7.350 14.811 C
80 5 24.745 -7.624 14.829 P
81 5 23.384 -8.046 15.212 O
82 5 25.026 -7.190 13.437 O
83 5 25.233 -6.454 15.800 O
84 5 24.763 -6.320 17.138 C
85 5 25.366 -5.045 17.724 C
86 5 26.803 -5.145 17.663 O
87 5 25.047 -3.833 16.868 C
88 5 23.762 -3.311 17.304 O
89 5 26.140 -2.933 17.392 C
90 5 27.353 -3.864 17.371 C
91 5 28.056 -3.901 16.071 N
92 5 27.975 -4.793 15.045 C
93 5 28.770 -4.556 14.040 N
94 5 29.431 -3.422 14.406 C
95 5 30.468 -2.746 13.733 C
96 5 30.972 -3.047 12.653 O
97 5 30.941 -1.687 14.478 N
98 5 30.450 -1.349 15.723 C
99 5 31.038 -0.338 16.353 N
100 5 29.468 -1.990 16.355 N
101 5 29.002 -3.017 15.642 C
102 6 23.024 -2.425 16.205 P
103 6 21.652 -2.102 16.614 O
104 6 23.277 -3.029 14.887 O
105 6 23.842 -1.060 16.331 O
106 6 23.782 -0.053 15.314 C
107 6 25.014 0.850 15.474 C
108 6 26.188 -0.007 15.370 O
109 6 25.169 1.820 14.327 C
110 6 24.375 2.955 14.671 O
111 6 26.668 2.154 14.563 C
112 6 27.242 0.740 14.772 C
113 6 27.720 0.061 13.556 N
114 6 28.885 0.545 12.972 C
115 6 29.525 1.501 13.442 O
116 6 29.318 -0.098 11.848 N
117 6 28.673 -1.139 11.325 C
118 6 29.110 -1.690 10.213 N
119 6 27.503 -1.634 11.928 C
120 6 27.069 -1.006 13.026 C
121 7 23.751 3.788 13.510 P
122 7 22.882 4.785 14.154 O
123 7 23.260 2.836 12.496 O
124 7 24.981 4.572 12.838 O
125 7 25.570 5.686 13.507 C
126 7 26.913 6.027 12.892 C
127 7 27.613 4.814 12.728 O
128 7 26.819 6.564 11.502 C
129 7 26.678 7.976 11.640 O
130 7 28.249 6.317 11.074 C
131 7 28.455 4.904 11.576 C
132 7 28.207 3.794 10.574 N
133 7 29.156 3.621 9.582 C
134 7 30.154 4.343 9.529 O
135 7 28.976 2.616 8.710 N
136 7 27.945 1.820 8.789 C
137 7 27.861 0.848 7.888 N
138 7 26.957 1.966 9.790 C
139 7 27.126 2.971 10.661 C
160 9 27.449 12.302 6.285 P
161 9 27.793 13.685 5.894 O
162 9 26.335 12.068 7.207 O
163 9 27.143 11.444 4.982 O
164 9 27.742 11.869 3.783 C
165 9 28.012 10.844 2.679 C
166 9 28.553 9.633 3.207 O
167 9 26.897 10.405 1.818 C
168 9 26.583 11.504 0.958 O
169 9 27.698 9.393 1.034 C
170 9 28.413 8.662 2.176 C
171 9 27.633 7.490 2.577 N
172 9 26.743 7.334 3.591 C
173 9 26.161 6.175 3.584 N
174 9 26.701 5.513 2.511 C
175 9 26.308 4.291 1.936 C
176 9 25.503 3.482 2.389 O
177 9 26.951 4.088 0.734 N
178 9 27.848 4.954 0.169 C
179 9 28.398 4.630 -0.996 N
180 9 28.205 6.097 0.733 N
181 9 27.599 6.313 1.893 C
182 10 25.163 11.631 0.167 P
183 10 25.176 12.949 -0.502 O
184 10 24.030 11.335 1.051 O
185 10 25.263 10.468 -0.959 O
186 10 26.218 10.733 -2.009 C
187 10 26.454 9.498 -2.842 C
188 10 26.814 8.421 -2.003 O
189 10 25.202 9.066 -3.489 C
190 10 25.101 9.934 -4.594 O
191 10 25.589 7.690 -3.856 C
192 10 26.236 7.250 -2.568 C
193 10 25.289 6.595 -1.647 N
194 10 24.730 7.015 -0.477 C
195 10 24.018 6.092 0.108 N
196 10 24.110 5.003 -0.716 C
197 10 23.536 3.733 -0.628 C
198 10 22.854 3.264 0.259 O
199 10 23.830 2.942 -1.700 N
200 10 24.609 3.318 -2.748 C
201 10 24.822 2.419 -3.703 N
202 10 25.166 4.513 -2.830 N
203 10 24.872 5.303 -1.789 C
205 11 21.728 -5.634 -1.617 O
206 11 22.081 -6.002 -2.962 C
207 11 22.681 -4.840 -3.737 C
208 11 21.770 -3.748 -3.579 O
209 11 23.962 -4.308 -3.191 C
210 11 25.014 -5.074 -3.727 O
211 11 23.970 -3.001 -3.908 C
212 11 22.543 -2.541 -3.598 C
213 11 22.375 -1.707 -2.356 N
214 11 22.826 -0.390 -2.397 C
215 11 23.393 0.075 -3.385 O
216 11 22.592 0.413 -1.328 N
217 11 21.945 -0.039 -0.265 C
218 11 21.679 0.807 0.713 N
219 11 21.481 -1.379 -0.182 C
220 11 21.718 -2.172 -1.245 C
221 12 26.391 -5.150 -2.870 P
222 12 27.224 -6.232 -3.448 O
223 12 26.083 -5.153 -1.417 O
224 12 27.093 -3.773 -3.229 O
225 12 27.697 -3.594 -4.505 C
226 12 28.195 -2.193 -4.623 C
227 12 27.104 -1.316 -4.343 O
228 12 29.173 -1.887 -3.553 C
229 12 30.427 -2.357 -4.023 O
230 12 29.119 -0.389 -3.661 C
231 12 27.616 -0.163 -3.684 C
232 12 26.997 0.077 -2.351 N
233 12 27.171 1.307 -1.755 C
234 12 27.767 2.225 -2.301 O
235 12 26.616 1.518 -0.544 N
236 12 25.912 0.575 0.074 C
237 12 25.376 0.807 1.268 N
238 12 25.717 -0.685 -0.518 C
239 12 26.277 -0.881 -1.720 C
240 13 31.717 -2.508 -3.072 P
241 13 32.791 -3.126 -3.883 O
242 13 31.296 -3.130 -1.794 O
243 13 32.157 -0.974 -2.750 O
244 13 32.967 -0.227 -3.647 C
245 13 33.263 1.124 -3.061 C
246 13 32.058 1.826 -2.800 O
247 13 33.888 1.003 -1.730 C
248 13 35.252 0.717 -1.977 O
249 13 33.731 2.440 -1.269 C
250 13 32.276 2.622 -1.611 C
251 13 31.371 2.207 -0.521 N
252 13 30.548 1.128 -0.411 C
253 13 29.801 1.128 0.653 N
254 13 30.145 2.292 1.310 C
255 13 29.576 2.884 2.476 C
256 13 28.681 2.456 3.214 O
257 13 30.147 4.135 2.709 N
258 13 31.120 4.735 1.948 C
259 13 31.525 5.949 2.305 N
260 13 31.640 4.166 0.868 N
261 13 31.110 2.952 0.602 C
262 14 36.108 0.022 -0.834 P
263 14 37.397 -0.325 -1.456 O
264 14 35.265 -0.996 -0.154 O
265 14 36.393 1.260 0.150 O
266 14 36.662 1.080 1.524 C
267 14 36.395 2.384 2.201 C
268 14 35.038 2.815 1.958 O
269 14 36.492 2.143 3.673 C
270 14 37.858 2.362 4.005 O
271 14 35.672 3.328 4.170 C
272 14 34.479 3.274 3.197 C
273 14 33.370 2.416 3.687 N
274 14 32.924 1.216 3.195 C
275 14 31.924 0.717 3.865 N
276 14 31.680 1.646 4.860 C
277 14 30.709 1.646 5.870 C
278 14 29.848 0.811 6.072 O
279 14 30.802 2.739 6.687 N
280 14 31.732 3.737 6.548 C
281 14 31.702 4.745 7.437 N
282 14 32.641 3.736 5.572 N
283 14 32.560 2.675 4.771 C
284 15 38.515 1.525 5.180 P
285 15 39.965 1.782 5.154 O
286 15 38.026 0.143 5.068 O
287 15 37.881 2.193 6.453 O
288 15 38.346 3.439 6.860 C
289 15 37.379 3.975 7.870 C
290 15 36.084 3.824 7.335 O
291 15 37.277 3.306 9.209 C
292 15 38.318 3.850 10.018 O
293 15 35.987 3.947 9.678 C
294 15 35.155 3.762 8.439 C
295 15 34.432 2.479 8.434 N
296 15 34.560 1.414 7.567 C
297 15 33.668 0.493 7.781 N
298 15 32.915 0.953 8.844 C
299 15 31.861 0.329 9.547 C
300 15 31.318 -0.728 9.267 O
301 15 31.423 1.090 10.627 N
302 15 31.940 2.295 10.982 C
303 15 31.488 2.839 12.103 N
304 15 32.926 2.865 10.300 N
305 15 33.372 2.153 9.253 C
306 16 38.878 2.996 11.264 P
307 16 40.143 3.640 11.704 O
308 16 38.853 1.544 10.889 O
309 16 37.757 3.303 12.391 O
310 16 37.735 4.536 13.074 C
311 16 36.712 4.439 14.149 C
312 16 35.481 4.056 13.520 O
313 16 36.997 3.292 15.083 C
314 16 37.907 3.766 16.062 O
315 16 35.618 3.156 15.686 C
316 16 34.770 3.197 14.414 C
317 16 34.455 1.901 13.753 N
318 16 33.323 1.268 14.178 C
319 16 32.673 1.720 15.119 O
320 16 32.946 0.147 13.518 N
321 16 33.646 -0.337 12.496 C
322 16 33.230 -1.413 11.835 N
323 16 34.811 0.289 12.056 C
324 16 35.172 1.397 12.712 C
325 17 38.874 2.683 16.737 P
326 17 39.874 3.384 17.565 O
327 17 39.334 1.700 15.729 O
328 17 37.816 2.030 17.718 O
329 17 37.950 0.743 18.219 C
330 17 36.616 0.369 18.765 C
331 17 35.659 0.463 17.719 O
332 17 36.658 -1.093 19.094 C
333 17 37.056 -1.150 20.445 O
334 17 35.197 -1.464 18.997 C
335 17 34.808 -0.699 17.737 C
336 17 34.934 -1.483 16.487 N
337 17 34.012 -2.489 16.279 C
338 17 33.070 -2.682 17.050 O
339 17 34.136 -3.209 15.134 N
340 17 35.088 -2.977 14.214 C
341 17 35.131 -3.697 13.091 N
342 17 36.038 -1.948 14.406 C
343 17 35.920 -1.235 15.543 C
364 19 37.475 -7.697 23.111 P
365 19 37.645 -7.856 24.570 O
366 19 38.609 -7.239 22.269 O
367 19 36.876 -9.046 22.474 O
368 19 35.834 -9.768 23.156 C
369 19 35.181 -10.794 22.243 C
370 19 34.634 -10.185 21.112 O
371 19 36.192 -11.688 21.644 C
372 19 36.552 -12.667 22.632 O
373 19 35.298 -12.308 20.598 C
374 19 34.761 -11.069 20.001 C
375 19 35.695 -10.518 18.967 N
376 19 36.591 -9.445 18.996 C
377 19 37.306 -9.309 17.916 N
378 19 36.848 -10.345 17.118 C
379 19 37.242 -10.666 15.825 C
380 19 38.133 -10.130 15.184 O
381 19 36.533 -11.766 15.346 N
382 19 35.558 -12.465 16.048 C
383 19 34.999 -13.509 15.438 N
384 19 35.179 -12.148 17.287 N
385 19 35.878 -11.080 17.741 C
386 20 38.049 -13.293 22.618 P
387 20 38.193 -14.064 23.867 O
388 20 39.090 -12.282 22.286 O
389 20 37.911 -14.329 21.388 O
390 20 37.076 -15.485 21.500 C
391 20 37.118 -16.279 20.210 C
392 20 36.666 -15.466 19.132 O
393 20 38.522 -16.694 19.795 C
394 20 39.011 -17.812 20.523 O
395 20 38.301 -16.989 18.345 C
396 20 37.458 -15.781 17.966 C
397 20 38.305 -14.656 17.518 N
398 20 38.828 -13.560 18.180 C
399 20 39.497 -12.733 17.422 N
400 20 39.404 -13.328 16.173 C
401 20 39.858 -12.863 14.931 C
402 20 40.512 -11.852 14.721 O
403 20 39.505 -13.696 13.891 N
404 20 38.776 -14.852 14.038 C
405 20 38.513 -15.519 12.918 N
406 20 38.339 -15.307 15.215 N
407 20 38.691 -14.495 16.231 C
