240 590
0 2
0 3
0 4
0 6
1 3
1 4
2 5
2 6
2 7
3 4
3 5
3 6
3 8
3 15
3 33
3 34
3 36
3 37
4 7
4 16
4 17
4 19
5 6
5 7
5 17
5 18
5 19
5 20
6 8
7 9
7 10
7 15
8 10
8 11
8 12
8 14
9 12
9 14
9 15
10 11
10 237
11 13
11 14
11 15
11 235
12 15
13 14
13 234
16 20
17 18
17 19
18 19
18 20
19 21
19 22
20 22
20 23
21 24
21 25
21 26
22 23
22 25
22 27
22 37
23 26
23 36
23 38
23 40
23 41
24 25
24 39
24 40
24 41
25 27
26 28
26 36
26 37
27 29
27 30
27 36
28 30
28 37
29 31
29 32
29 37
30 32
30 33
30 34
30 36
31 34
31 36
31 37
32 33
32 215
33 35
33 36
33 37
33 213
34 37
35 36
35 212
38 42
39 40
39 41
39 42
40 41
41 43
41 44
41 45
42 44
42 45
43 46
43 47
43 48
44 45
44 46
44 47
44 49
44 56
44 74
44 75
45 48
45 57
45 58
45 60
46 47
46 48
46 58
46 59
46 60
46 61
47 49
48 50
48 51
48 56
49 51
49 52
49 53
49 55
50 53
50 55
50 56
51 52
51 196
52 54
52 55
52 56
52 194
53 56
54 55
54 193
57 61
58 59
58 60
59 60
59 61
60 62
60 63
61 63
61 64
62 65
62 66
62 67
63 64
63 66
63 68
63 77
63 78
64 67
64 79
64 80
64 82
65 66
65 80
65 81
65 82
66 68
66 80
67 69
67 77
67 78
68 70
68 71
68 77
69 71
69 78
70 72
70 73
70 78
71 73
71 74
71 75
71 77
72 75
72 77
72 78
73 74
73 174
74 76
74 77
74 78
74 172
75 78
76 77
76 171
79 83
80 81
80 82
81 82
81 83
82 84
82 85
82 86
82 88
83 85
83 86
84 87
84 88
84 89
85 86
85 87
85 88
85 90
85 97
85 115
85 116
85 118
86 89
86 98
86 99
87 88
87 89
87 99
87 100
87 101
87 102
88 90
89 91
89 92
89 97
90 92
90 93
90 94
90 96
91 94
91 96
91 97
92 93
92 155
93 95
93 96
93 97
93 153
94 97
95 96
95 152
98 102
99 100
99 101
100 101
100 102
101 103
101 104
102 104
102 105
102 107
103 106
103 107
103 108
104 105
104 106
104 107
104 109
104 119
105 108
106 107
106 108
107 109
107 118
107 119
108 110
108 118
108 119
109 111
109 112
109 118
110 112
110 119
111 113
111 114
111 119
112 114
112 115
112 116
112 118
113 116
113 118
113 119
114 115
114 133
115 117
115 118
115 119
115 131
116 119
117 118
117 130
120 122
120 123
120 124
121 123
121 124
122 125
122 126
122 127
123 124
123 125
123 126
123 128
123 135
123 153
123 154
123 156
124 127
124 136
124 137
125 126
125 127
125 137
125 138
125 139
125 140
126 128
127 129
127 130
127 135
128 130
128 131
128 132
128 134
129 132
129 134
129 135
130 131
131 133
131 134
131 135
132 135
133 134
136 140
137 138
137 139
138 139
138 140
139 141
139 142
140 142
140 143
140 160
141 144
141 145
141 146
142 143
142 145
142 147
142 157
143 146
143 158
143 160
143 161
144 145
144 159
144 160
144 161
145 147
145 157
146 148
146 156
146 157
147 149
147 150
147 156
148 150
148 157
149 151
149 152
149 157
150 152
150 153
150 154
150 156
151 154
151 156
151 157
152 153
153 155
153 156
153 157
154 157
155 156
158 162
159 160
159 161
159 162
160 161
161 163
161 164
161 165
162 164
162 165
163 166
163 167
163 168
164 165
164 166
164 167
164 169
164 176
164 194
164 195
164 197
165 168
165 177
165 178
166 167
166 168
166 178
166 179
166 180
166 181
167 169
168 170
168 171
168 176
169 171
169 172
169 173
169 175
170 173
170 175
170 176
171 172
172 174
172 175
172 176
173 176
174 175
177 181
178 179
178 180
179 180
179 181
180 182
180 183
181 183
181 184
182 185
182 186
182 187
183 184
183 186
183 188
183 198
184 187
184 199
184 201
184 202
185 186
185 200
185 201
185 202
186 188
187 189
187 197
187 198
188 190
188 191
188 197
189 191
189 198
190 192
190 193
190 198
191 193
191 194
191 195
191 197
192 195
192 197
192 198
193 194
194 196
194 197
194 198
195 198
196 197
199 203
200 201
200 202
200 203
201 202
202 204
202 205
202 206
203 205
203 206
204 207
204 208
204 209
205 206
205 207
205 208
205 210
205 217
205 235
205 236
205 238
205 239
206 209
206 218
206 219
206 221
207 208
207 209
207 219
207 220
207 221
207 222
208 210
209 211
209 212
209 217
210 212
210 213
210 214
210 216
211 214
211 216
211 217
212 213
213 215
213 216
213 217
214 217
215 216
218 222
219 220
219 221
220 221
220 222
221 223
221 224
222 224
222 225
222 227
223 226
223 227
223 228
224 225
224 227
224 229
225 228
226 227
226 228
227 229
227 238
228 230
228 238
228 239
229 231
229 232
229 238
230 232
230 239
231 233
231 234
231 239
232 234
232 235
232 236
232 238
233 236
233 238
233 239
234 235
235 237
235 238
235 239
236 239
237 238
1 1 7.415000 13.672000 -4.177000 O
2 1 7.002000 14.571000 -3.088000 C
3 1 8.142000 15.535000 -2.957000 C
4 1 9.372000 14.910000 -2.415000 O
5 1 8.613000 16.260000 -4.280000 C
6 1 9.018000 17.627001 -3.990000 O
7 1 9.910000 15.529000 -4.726000 C
8 1 10.497000 15.185000 -3.265000 C
9 1 11.378000 13.882000 -3.341000 N
10 1 12.715000 14.037000 -3.538000 C
11 1 13.249000 15.143000 -3.656000 O
12 1 13.507000 12.929000 -3.585000 N
13 1 12.947000 11.738000 -3.449000 C
14 1 13.787000 10.657000 -3.521000 N
15 1 11.534000 11.545000 -3.266000 C
16 1 10.771000 12.637000 -3.241000 C
17 2 8.014000 18.815001 -4.073000 P
18 2 7.052000 18.643000 -5.209000 O
19 2 8.846000 19.955000 -4.193000 O
20 2 7.131000 18.632999 -2.797000 O
21 2 7.764000 18.862000 -1.519000 C
22 2 6.627000 18.507000 -0.466000 C
23 2 6.248000 17.226999 -0.721000 O
24 2 7.269000 18.566000 0.936000 C
25 2 6.878000 19.816000 1.476000 O
26 2 6.413000 17.573000 1.607000 C
27 2 5.960000 16.576000 0.487000 C
28 2 6.629000 15.294000 0.501000 N
29 2 6.027000 14.026000 0.388000 C
30 2 6.900000 13.066000 0.391000 N
31 2 8.120000 13.715000 0.394000 C
32 2 9.444000 13.179000 0.348000 C
33 2 9.722000 11.943000 0.245000 O
34 2 10.435000 14.096000 0.279000 N
35 2 10.134000 15.389000 0.317000 C
36 2 11.172000 16.201000 0.270000 N
37 2 8.952000 15.977000 0.466000 N
38 2 8.014000 15.041000 0.464000 C
39 3 8.158000 20.742001 1.882000 P
40 3 7.481000 21.948999 2.215000 O
41 3 9.244000 20.545000 0.943000 O
42 3 8.513000 20.062000 3.319000 O
43 3 9.024000 20.698999 4.482000 C
44 3 10.490000 20.243000 4.634000 C
45 3 10.353000 18.848000 5.026000 O
46 3 11.494000 20.311001 3.381000 C
47 3 12.820000 20.499001 3.900000 O
48 3 11.557000 18.863001 2.959000 C
49 3 11.338000 18.079000 4.316000 C
50 3 10.637000 16.683001 4.143000 N
51 3 11.479000 15.616000 3.970000 C
52 3 12.704000 15.692000 3.902000 O
53 3 10.939000 14.397000 3.799000 N
54 3 9.600000 14.244000 3.877000 C
55 3 9.164000 12.995000 3.713000 N
56 3 8.749000 15.328000 4.055000 C
57 3 9.291000 16.509001 4.185000 C
58 4 13.533000 21.862000 3.905000 P
59 4 12.931000 22.622000 2.827000 O
60 4 14.877000 21.594999 4.289000 O
61 4 12.731000 22.662001 5.137000 O
62 4 12.933000 22.229000 6.449000 C
63 4 11.994000 23.122000 7.310000 C
64 4 10.741000 22.857000 6.936000 O
65 4 12.117000 22.896999 8.809000 C
66 4 13.027000 23.993999 9.273000 O
67 4 10.814000 23.054001 9.319000 C
68 4 9.873000 22.798000 8.149000 C
69 4 9.202000 21.539000 8.101000 N
70 4 7.872000 21.455000 8.008000 C
71 4 7.489000 20.232000 7.923000 N
72 4 8.648000 19.475000 7.901000 C
73 4 8.891000 18.079000 7.852000 C
74 4 7.991000 17.174999 7.685000 O
75 4 10.158000 17.671000 7.889000 N
76 4 11.119000 18.608999 7.893000 C
77 4 12.289000 18.093000 7.884000 N
78 4 11.057000 19.952000 8.006000 N
79 4 9.683000 20.264000 8.010000 C
80 5 13.563000 23.940001 10.767000 P
81 5 12.466000 23.915001 11.769000 O
82 5 14.628000 25.024000 10.838000 O
83 5 14.424000 22.541000 10.803000 O
84 5 15.226000 22.294001 12.011000 C
85 5 15.679000 20.856001 12.099000 C
86 5 14.481000 20.110001 12.549000 O
87 5 16.110001 20.302999 10.723000 C
88 5 17.084999 19.284000 11.040000 O
89 5 14.889000 19.570000 10.196000 C
90 5 14.207000 19.113001 11.620000 C
91 5 12.656000 18.952999 11.553000 N
92 5 12.159000 17.655001 11.383000 C
93 5 12.833000 16.615999 11.288000 O
94 5 10.829000 17.455999 11.226000 N
95 5 9.982000 18.570000 11.356000 C
96 5 8.690000 18.372999 11.258000 N
97 5 10.468000 19.868000 11.536000 C
98 5 11.771000 20.039000 11.647000 C
99 6 18.601999 19.833000 10.892000 P
100 6 18.743999 20.795000 9.728000 O
101 6 19.219999 18.624001 11.038000 O
102 6 18.940001 20.671000 12.180000 O
103 6 18.983000 20.059999 13.495000 C
104 6 19.396000 21.191999 14.378000 C
105 6 18.215000 21.964001 14.506000 O
106 6 19.629999 20.795000 15.759000 C
107 6 20.656000 21.628000 16.306999 O
108 6 18.351999 20.739000 16.483999 C
109 6 17.657000 22.017000 15.730000 C
110 6 16.216999 22.083000 15.707000 N
111 6 15.453000 23.204000 15.855000 C
112 6 14.187000 22.931000 15.761000 N
113 6 14.156000 21.568001 15.535000 C
114 6 13.039000 20.709000 15.408000 C
115 6 11.865000 21.052000 15.326000 O
116 6 13.363000 19.389999 15.246000 N
117 6 14.646000 18.940001 15.178000 C
118 6 14.913000 17.684000 14.976000 N
119 6 15.730000 19.679001 15.370000 N
120 6 15.419000 20.986000 15.486000 C
122 7 7.410000 12.085000 14.930000 O
123 7 7.975000 11.531000 13.798000 C
124 7 9.432000 11.968000 13.883000 C
125 7 9.732000 13.256000 13.497000 O
126 7 10.058000 11.799000 15.287000 C
127 7 11.331000 11.103000 14.959000 O
128 7 10.427000 13.106000 15.771000 C
129 7 10.625000 13.875000 14.375000 C
130 7 10.299000 15.349000 14.525000 N
131 7 11.289000 16.224001 14.713000 C
132 7 12.491000 15.868000 14.751000 O
133 7 11.081000 17.563000 14.703000 N
134 7 9.794000 17.993000 14.553000 C
135 7 9.618000 19.349001 14.637000 N
136 7 8.761000 17.136999 14.392000 C
137 7 9.016000 15.822000 14.383000 C
138 8 11.603000 9.530000 15.113000 P
139 8 10.817000 9.073000 16.173000 O
140 8 13.042000 9.353000 15.239000 O
141 8 11.016000 8.884000 13.794000 O
142 8 11.638000 9.266000 12.562000 C
143 8 10.724000 8.861000 11.374000 C
144 8 9.408000 9.413000 11.399000 O
145 8 11.153000 9.257000 9.989000 C
146 8 11.909000 8.177000 9.558000 O
147 8 9.935000 9.490000 9.232000 C
148 8 8.768000 9.772000 10.277000 C
149 8 8.332000 11.078000 10.339000 N
150 8 7.081000 11.398000 10.337000 C
151 8 6.865000 12.767000 10.427000 N
152 8 8.129000 13.279000 10.577000 C
153 8 8.536000 14.617000 10.746000 C
154 8 7.729000 15.582000 10.829000 O
155 8 9.850000 14.779000 10.763000 N
156 8 10.653000 13.737000 10.709000 C
157 8 11.877000 13.927000 10.837000 N
158 8 10.342000 12.488000 10.570000 N
159 8 9.049000 12.292000 10.479000 C
160 9 13.532000 8.417000 9.344000 P
161 9 14.150000 7.181000 9.120000 O
162 9 14.042000 9.170000 10.460000 O
163 9 13.483000 9.276000 7.964000 O
164 9 14.438000 9.291000 6.844000 C
165 9 15.016000 10.747000 6.631000 C
166 9 13.941000 11.526000 6.166000 O
167 9 15.566000 11.375000 7.910000 C
168 9 16.636999 12.201000 7.461000 O
169 9 14.383000 12.337000 8.345000 C
170 9 13.860000 12.756000 6.870000 C
171 9 12.362000 13.105000 6.977000 N
172 9 11.987000 14.409000 7.212000 C
173 9 12.843000 15.297000 7.328000 O
174 9 10.708000 14.811000 7.330000 N
175 9 9.742000 13.893000 7.243000 C
176 9 8.502000 14.296000 7.411000 N
177 9 10.066000 12.584000 6.961000 C
178 9 11.375000 12.194000 6.843000 C
179 10 18.148001 11.656000 7.521000 P
180 10 18.315001 10.850000 8.659000 O
181 10 18.841999 12.992000 7.366000 O
182 10 18.364000 10.649000 6.347000 O
183 10 18.136000 11.214000 5.014000 C
184 10 18.332001 10.143000 4.078000 C
185 10 17.238001 9.229000 4.237000 O
186 10 18.221001 10.615000 2.599000 C
187 10 19.587999 10.771000 2.179000 O
188 10 17.510000 9.458000 1.929000 C
189 10 16.604000 8.801000 3.041000 C
190 10 15.225000 9.020000 3.106000 N
191 10 14.256000 8.099000 3.140000 C
192 10 13.028000 8.589000 3.233000 N
193 10 13.264000 9.910000 3.265000 C
194 10 12.323000 10.995000 3.380000 C
195 10 11.083000 10.825000 3.528000 O
196 10 12.843000 12.214000 3.369000 N
197 10 14.189000 12.396000 3.309000 C
198 10 14.677000 13.549000 3.384000 N
199 10 15.192000 11.493000 3.223000 N
200 10 14.591000 10.249000 3.255000 C
201 11 20.136999 12.192000 1.667000 P
202 11 21.485001 11.984000 1.160000 O
203 11 20.004999 13.207000 2.724000 O
204 11 19.247000 12.410000 0.335000 O
205 11 19.787001 13.333000 -0.651000 C
206 11 18.893999 14.511000 -1.026000 C
207 11 17.608999 14.088000 -1.378000 O
208 11 18.551001 15.425000 0.133000 C
209 11 18.488001 16.725000 -0.449000 O
210 11 17.204000 14.890000 0.673000 C
211 11 16.458000 14.622000 -0.686000 C
212 11 15.424000 13.518000 -0.450000 N
213 11 14.140000 13.952000 -0.230000 C
214 11 13.839000 15.171000 -0.203000 O
215 11 13.137000 13.004000 -0.129000 N
216 11 13.386000 11.686000 -0.140000 C
217 11 12.372000 10.800000 -0.040000 N
218 11 14.705000 11.181000 -0.348000 C
219 11 15.635000 12.169000 -0.538000 C
220 12 19.702000 17.716000 -0.166000 P
221 12 20.278999 17.632999 1.121000 O
222 12 19.155001 19.072001 -0.450000 O
223 12 20.834000 17.103001 -1.200000 O
224 12 20.580999 17.350000 -2.585000 C
225 12 21.797001 16.701000 -3.265000 C
226 12 21.430000 15.288000 -3.095000 O
227 12 21.903999 16.952999 -4.722000 C
228 12 23.232000 16.801001 -5.307000 O
229 12 20.903000 15.982000 -5.402000 C
230 12 21.174999 14.733000 -4.467000 C
231 12 20.247000 13.627000 -4.365000 N
232 12 20.625000 12.318000 -4.322000 C
233 12 19.516001 11.554000 -4.252000 N
234 12 18.474001 12.471000 -4.216000 C
235 12 17.090000 12.258000 -4.067000 C
236 12 16.577000 11.090000 -3.941000 O
237 12 16.280001 13.375000 -4.053000 N
238 12 16.834999 14.581000 -4.149000 C
239 12 16.003000 15.510000 -4.032000 N
240 12 18.145000 14.887000 -4.262000 N
241 12 18.849001 13.789000 -4.272000 C
