610 1424
0 2
0 3
0 4
0 5
1 3
1 5
1 9
2 4
2 10
3 9
3 10
4 6
4 8
4 9
5 7
5 8
7 8
7 512
9 11
9 12
9 13
10 12
10 14
10 16
10 17
10 23
11 13
11 14
11 16
11 18
11 19
11 23
12 13
12 17
12 18
12 19
12 33
12 40
13 15
13 16
15 16
16 17
16 24
17 19
17 21
17 22
17 24
18 20
18 22
18 23
18 24
19 21
19 25
19 26
20 24
20 25
20 26
20 48
21 23
21 24
24 26
24 28
24 29
24 33
25 27
25 29
25 33
26 28
26 34
26 35
27 33
27 34
27 35
28 30
28 31
28 33
29 31
29 32
31 32
33 35
33 37
33 39
33 40
34 36
34 38
34 39
34 40
35 37
35 38
35 41
35 42
36 38
36 40
36 41
36 42
36 68
37 40
38 39
40 42
40 44
40 45
40 48
41 43
41 45
41 47
41 48
42 44
42 49
42 50
42 59
43 48
43 49
43 50
43 59
43 76
44 46
44 47
44 48
46 47
48 50
48 52
48 59
49 51
49 53
49 59
50 52
50 53
50 60
50 61
51 59
51 60
51 61
51 93
52 54
52 55
52 59
53 56
53 57
53 58
54 55
54 57
54 58
55 56
55 58
56 57
59 61
59 63
59 68
60 62
60 64
60 65
60 68
61 63
61 69
61 70
62 68
62 69
62 70
62 85
63 65
63 68
64 66
64 67
65 67
68 70
68 72
68 73
68 75
68 76
69 71
69 73
69 75
69 76
70 72
70 77
70 85
71 72
71 76
71 77
72 74
72 75
72 76
74 75
76 78
76 80
76 81
76 85
77 79
77 81
77 82
77 85
78 80
78 86
79 80
79 85
79 86
80 82
81 83
82 84
84 473
85 87
85 89
86 88
86 89
87 90
87 91
87 95
88 89
88 90
88 91
88 95
88 102
89 91
89 93
89 94
89 95
90 92
90 94
90 95
91 93
91 96
91 97
91 102
92 95
92 96
92 97
92 102
92 107
92 113
93 95
95 97
95 99
95 100
95 102
96 98
96 100
96 101
96 102
97 99
97 100
97 101
97 103
97 104
98 99
98 102
98 103
98 104
100 101
102 104
102 106
102 107
103 105
103 107
104 106
104 108
105 106
105 107
105 108
107 109
107 111
107 113
108 110
108 112
108 113
109 111
109 114
110 111
110 113
110 114
110 168
110 175
113 115
113 116
113 117
113 118
114 116
114 118
114 123
115 117
115 124
116 117
116 123
116 124
117 119
117 120
117 123
118 121
118 122
119 120
119 122
119 182
120 121
123 125
123 126
123 127
124 126
124 128
125 127
125 129
125 130
126 128
126 129
126 130
126 191
127 128
128 130
128 132
128 134
128 136
129 131
129 133
129 134
129 136
130 132
130 133
130 135
130 137
131 136
131 137
131 203
132 135
133 134
136 138
136 140
136 144
137 139
137 141
137 143
137 144
138 140
138 145
139 140
139 144
139 145
140 142
140 143
142 143
144 146
144 147
144 148
144 149
144 150
145 147
145 149
145 150
145 151
146 148
146 149
146 152
146 153
147 149
147 151
147 152
148 151
149 150
151 153
151 154
151 155
152 154
152 156
152 160
153 155
153 156
153 161
154 155
154 160
154 161
155 157
156 158
156 159
157 159
160 162
160 163
160 164
160 165
161 163
161 165
161 168
162 164
162 169
163 168
163 169
164 166
164 168
165 167
168 170
168 172
168 174
168 175
169 171
169 173
169 174
169 175
170 172
170 173
170 176
171 175
171 176
172 175
173 174
175 177
175 178
176 178
176 179
176 185
177 180
177 181
177 185
178 179
178 180
178 181
179 181
179 182
179 183
179 184
180 182
180 184
180 185
180 186
181 183
181 187
181 188
182 183
182 186
182 187
182 188
183 185
183 186
186 188
186 189
186 190
187 189
187 191
188 190
188 192
188 193
189 190
189 191
189 192
189 193
189 212
189 220
191 193
191 195
191 196
191 203
192 194
192 196
192 198
192 203
193 195
193 204
193 205
193 212
194 195
194 203
194 204
194 205
194 220
194 227
195 197
195 198
196 199
196 200
196 201
197 198
197 200
197 201
198 199
198 201
199 200
199 202
200 202
203 205
203 207
203 208
203 212
204 206
204 208
204 212
205 207
205 208
205 213
205 214
206 212
206 213
206 214
206 232
207 209
208 210
208 211
209 211
211 219
212 214
212 216
212 217
212 219
212 220
213 215
213 217
213 219
213 220
214 216
214 221
214 222
215 220
215 221
215 222
215 237
216 218
216 219
216 220
218 219
220 222
220 224
220 226
220 227
221 223
221 225
221 226
221 227
222 224
222 225
222 228
222 229
222 232
223 227
223 228
223 229
223 237
223 246
224 227
225 226
227 229
227 231
227 232
228 230
228 232
229 231
229 233
229 234
230 232
230 233
230 234
230 257
231 232
232 234
232 236
232 237
233 235
233 237
234 236
234 238
234 239
235 237
235 238
235 239
236 237
237 239
237 241
237 246
238 240
238 242
238 246
239 241
239 242
239 247
239 257
240 242
240 246
240 247
241 243
241 244
241 246
242 244
243 245
246 248
246 250
246 251
246 257
247 249
247 251
247 253
247 257
248 250
248 258
248 259
249 250
249 257
249 258
249 259
249 260
249 262
249 266
250 252
250 253
251 254
251 255
251 256
252 253
252 255
252 256
253 254
253 256
254 255
257 259
257 260
257 261
258 260
258 262
259 261
259 263
260 262
260 263
261 262
262 264
262 266
263 265
263 266
264 267
264 268
265 266
265 267
266 268
266 269
266 270
266 271
267 269
267 271
267 275
268 270
268 276
268 277
269 270
269 275
269 276
269 277
270 272
270 273
271 273
271 274
273 274
275 277
275 278
275 279
276 278
276 280
277 279
277 281
278 279
278 280
278 281
280 282
280 284
281 283
281 284
282 285
282 286
283 284
283 285
283 286
284 286
284 288
284 289
285 287
285 289
286 288
286 290
286 291
287 288
287 289
287 290
287 291
287 312
288 289
289 291
289 293
289 298
290 292
290 294
290 298
291 293
291 294
291 299
291 300
291 303
292 298
292 299
292 300
292 320
293 295
293 296
293 298
294 296
294 297
296 297
297 526
298 300
298 302
298 303
299 301
299 303
300 302
300 304
300 305
301 303
301 304
301 305
301 325
302 303
303 305
303 307
303 308
303 312
304 306
304 308
304 312
305 307
305 313
305 314
306 312
306 313
306 314
306 334
307 309
307 311
308 310
308 311
310 311
312 314
312 316
312 317
312 320
313 315
313 317
313 319
313 320
314 316
314 321
314 322
314 325
315 320
315 321
315 322
315 334
315 345
315 350
316 318
316 319
316 320
318 319
320 322
320 324
320 325
321 323
321 325
322 324
322 326
322 327
323 325
323 326
323 327
323 353
324 325
325 327
325 329
325 334
326 328
326 330
326 333
326 334
327 329
327 330
327 335
327 336
328 334
328 335
328 336
328 362
329 331
329 333
329 334
330 332
330 333
332 333
332 369
334 336
334 338
334 339
334 345
335 337
335 339
335 345
336 338
336 346
336 347
337 345
337 346
337 347
337 370
338 340
339 341
340 342
340 344
341 343
341 344
343 344
345 347
345 349
345 350
345 353
346 348
346 350
346 351
346 353
347 349
347 351
347 354
347 355
348 353
348 354
348 355
348 469
349 352
349 353
350 351
351 352
353 355
353 357
353 362
354 356
354 358
354 362
355 357
355 358
355 363
356 362
356 363
357 359
357 362
358 360
358 361
359 361
361 478
362 364
362 366
362 367
362 370
363 365
363 367
363 368
363 370
364 366
364 371
365 366
365 370
365 371
366 368
366 369
368 369
370 372
370 373
371 373
371 374
371 443
372 375
373 374
373 375
374 376
374 377
374 378
374 443
375 377
375 379
375 380
376 378
376 379
376 381
377 378
377 380
377 381
377 440
379 380
380 382
380 383
380 384
381 383
381 385
381 389
382 384
382 385
382 390
383 384
383 389
383 390
384 386
384 388
385 387
385 388
387 388
387 421
389 391
389 393
389 417
390 392
390 393
390 417
391 394
391 395
392 393
392 394
392 395
393 395
393 397
393 399
393 400
394 396
394 398
394 399
394 400
395 397
395 398
395 401
396 398
396 400
396 401
398 399
400 402
400 404
400 405
400 414
401 403
401 405
401 414
402 404
402 415
403 404
403 414
403 415
404 406
404 407
405 408
405 409
405 410
406 407
406 409
407 408
407 411
407 412
407 413
408 411
409 410
409 412
409 413
410 411
410 413
411 412
414 416
414 417
415 417
415 418
415 424
416 419
416 424
417 418
417 419
418 420
418 422
418 423
418 425
419 421
419 423
419 424
419 425
420 422
420 423
420 426
421 422
421 425
421 426
422 424
425 427
425 428
425 429
425 430
425 431
426 428
426 430
426 431
426 433
426 439
427 429
427 430
427 434
427 439
428 433
428 434
429 432
430 431
431 432
433 435
433 436
433 437
433 438
434 436
434 438
434 439
434 440
435 437
435 438
435 441
435 442
436 437
436 438
436 440
436 441
437 439
437 440
440 442
440 443
440 444
441 443
441 445
441 448
441 454
442 444
442 445
442 449
442 450
442 451
442 454
443 444
443 448
443 449
443 450
444 446
445 447
448 450
448 451
448 452
448 453
449 451
449 453
449 454
449 455
449 461
450 452
450 456
450 457
450 458
450 461
451 452
451 455
451 456
451 457
452 454
455 457
455 458
455 459
455 460
456 458
456 460
456 461
456 462
457 459
457 463
458 462
458 463
459 461
462 464
462 465
462 466
462 467
463 465
463 467
463 468
463 470
464 466
464 471
464 475
465 470
465 471
465 475
466 468
466 469
466 470
468 469
470 472
470 474
470 475
471 473
471 475
472 474
472 476
473 474
473 475
473 476
475 477
475 478
475 479
475 480
475 481
476 478
476 480
476 481
476 482
477 479
477 481
477 483
477 484
478 482
478 483
479 482
480 481
482 484
482 485
482 486
482 487
482 511
483 485
483 487
483 488
484 486
484 487
484 489
484 490
485 487
485 488
485 489
485 490
485 504
485 513
486 488
487 502
487 504
488 490
488 492
488 496
489 491
489 493
489 494
489 495
489 496
490 492
490 497
490 498
490 504
491 496
491 497
491 498
491 518
492 494
492 495
492 496
494 495
496 498
496 500
496 501
496 502
496 504
497 499
497 501
497 502
497 503
497 504
498 500
498 501
498 503
498 505
498 506
499 500
499 504
499 505
499 506
499 527
499 532
500 502
500 503
502 503
504 506
504 508
504 509
504 513
505 507
505 509
505 513
506 508
506 514
506 515
507 513
507 514
507 515
507 534
508 510
508 511
508 513
509 511
509 512
511 512
513 515
513 517
513 518
514 516
514 518
515 517
515 519
515 520
516 518
516 519
516 520
516 542
517 518
518 520
518 522
518 523
518 527
519 521
519 523
519 524
519 527
520 522
520 528
520 529
521 527
521 528
521 529
521 547
522 524
522 526
522 527
523 525
523 526
525 526
527 529
527 531
527 532
527 534
528 530
528 532
528 533
528 534
529 531
529 533
529 535
529 536
530 534
530 535
530 536
530 555
530 556
531 534
532 533
534 536
534 538
534 539
534 542
535 537
535 539
535 541
535 542
536 538
536 543
536 544
537 542
537 543
537 544
537 556
537 570
538 540
538 541
538 542
540 541
542 544
542 546
542 547
543 545
543 547
544 546
544 548
544 549
545 547
545 548
545 549
545 577
546 547
547 549
547 551
547 556
548 550
548 552
548 556
549 551
549 552
549 557
549 558
550 556
550 557
550 558
550 585
551 553
551 554
551 556
552 554
552 555
553 555
556 558
556 560
556 570
557 559
557 561
557 570
558 560
558 561
558 571
558 572
559 570
559 571
559 572
559 585
559 590
560 562
560 563
561 564
561 565
561 566
562 563
562 565
563 564
563 567
563 568
563 569
564 567
565 566
565 568
565 569
566 567
566 569
567 568
570 572
570 574
570 576
570 577
571 573
571 575
571 576
571 577
572 574
572 575
572 578
572 579
572 585
573 577
573 578
573 579
573 585
573 591
574 577
575 576
577 579
577 581
577 582
577 585
578 580
578 582
578 584
578 585
579 581
579 586
579 587
579 591
580 581
580 585
580 586
581 583
581 584
583 584
585 587
585 589
585 590
585 591
586 588
586 590
586 591
587 589
587 590
587 592
587 600
588 589
588 590
588 591
588 592
588 600
591 593
591 595
591 596
591 600
592 594
592 596
592 597
592 600
593 595
593 601
594 595
594 600
594 601
595 597
595 599
596 598
596 599
598 599
600 602
600 603
600 604
601 603
601 605
601 609
602 604
602 605
603 604
603 609
604 606
605 607
605 608
606 608
1 1 -7.323000 -10.325000 9.684000 N
2 1 -6.817000 -9.013000 10.069000 C
3 1 -5.545000 -8.630000 9.322000 C
4 1 -4.962000 -9.471000 8.636000 O
5 1 -6.523000 -9.026000 11.551000 C
6 1 -7.784000 -9.325000 12.328000 C
7 1 -7.414000 -9.467000 13.799000 C
8 1 -7.466000 -10.596000 14.283000 O
9 1 -6.996000 -8.481000 14.418000 O
10 2 -5.189000 -7.353000 9.445000 N
11 2 -4.029000 -6.789000 8.755000 C
12 2 -2.760000 -7.036000 9.574000 C
13 2 -2.699000 -6.646000 10.741000 O
14 2 -4.303000 -5.290000 8.593000 C
15 2 -3.231000 -4.568000 7.767000 C
16 2 -3.582000 -3.568000 7.135000 O
17 2 -2.047000 -4.901000 7.861000 O
18 3 -1.788000 -7.702000 8.965000 N
19 3 -0.511000 -8.065000 9.616000 C
20 3 0.263000 -6.864000 10.159000 C
21 3 0.859000 -6.949000 11.237000 O
22 3 0.303000 -8.752000 8.531000 C
23 3 -0.314000 -8.294000 7.224000 C
24 3 -1.791000 -8.151000 7.552000 C
25 4 0.220000 -5.767000 9.427000 N
26 4 0.922000 -4.574000 9.909000 C
27 4 0.296000 -3.978000 11.167000 C
28 4 1.012000 -3.461000 12.027000 O
29 4 0.945000 -3.531000 8.814000 C
30 4 1.563000 -4.084000 7.539000 C
31 4 1.418000 -3.031000 6.443000 C
32 4 1.883000 -1.907000 6.658000 O
33 4 0.672000 -3.278000 5.490000 O
34 5 -1.023000 -4.087000 11.267000 N
35 5 -1.681000 -3.594000 12.482000 C
36 5 -1.462000 -4.564000 13.638000 C
37 5 -1.179000 -4.131000 14.754000 O
38 5 -3.175000 -3.394000 12.235000 C
39 5 -3.958000 -3.183000 13.527000 C
40 5 -3.443000 -2.260000 11.251000 C
41 6 -1.480000 -5.847000 13.327000 N
42 6 -1.176000 -6.862000 14.344000 C
43 6 0.231000 -6.691000 14.905000 C
44 6 0.444000 -6.852000 16.105000 O
45 6 -1.284000 -8.263000 13.746000 C
46 6 -2.726000 -8.687000 13.495000 C
47 6 -2.791000 -9.947000 12.646000 C
48 6 -3.495000 -8.843000 14.804000 C
49 7 1.161000 -6.426000 14.018000 N
50 7 2.574000 -6.289000 14.420000 C
51 7 2.759000 -5.233000 15.506000 C
52 7 3.481000 -5.449000 16.490999 O
53 7 3.368000 -5.901000 13.183000 C
54 7 4.786000 -5.422000 13.433000 C
55 7 5.120000 -4.107000 13.171000 C
56 7 5.749000 -6.303000 13.875000 C
57 7 6.432000 -3.657000 13.347000 C
58 7 7.067000 -5.866000 14.066000 C
59 7 7.410000 -4.542000 13.794000 C
60 8 1.982000 -4.173000 15.378000 N
61 8 2.000000 -3.142000 16.420000 C
62 8 1.204000 -3.576000 17.652000 C
63 8 1.705000 -3.488000 18.781000 O
64 8 1.366000 -1.864000 15.884000 C
65 8 2.379000 -0.813000 15.463000 C
66 8 3.220000 -1.227000 14.268000 C
67 8 4.242000 -0.155000 13.927000 C
68 8 3.533000 1.090000 13.606000 N
69 9 -0.063000 -3.900000 17.407000 N
70 9 -1.003000 -4.197000 18.495001 C
71 9 -0.576000 -5.345000 19.405001 C
72 9 -0.837000 -5.309000 20.613001 O
73 9 -2.401000 -4.488000 17.948999 C
74 9 -3.042000 -3.156000 17.562000 C
75 9 -4.051000 -3.115000 16.854000 O
76 9 -2.532000 -2.103000 18.169001 N
77 10 -0.045000 -6.390000 18.816000 N
78 10 0.266000 -7.570000 19.641001 C
79 10 1.642000 -7.471000 20.302000 C
80 10 2.084000 -8.407000 20.976000 O
81 10 0.222000 -8.819000 18.783001 C
82 10 -1.156000 -9.035000 18.195000 C
83 10 -2.152000 -9.448000 19.273001 C
84 10 -3.541000 -9.660000 18.676001 C
85 10 -4.422000 -10.293000 19.666000 N
86 11 2.240000 -6.295000 20.207001 N
87 11 3.499000 -6.056000 20.940001 C
88 11 4.781000 -6.552000 20.254999 C
89 11 5.862000 -6.486000 20.855000 O
90 12 4.630000 -7.145000 19.083000 N
91 12 5.777000 -7.669000 18.304001 C
92 12 6.863000 -6.612000 18.124001 C
93 12 8.065000 -6.903000 18.173000 O
94 12 5.273000 -7.993000 16.913000 C
95 12 3.868000 -9.113000 16.910000 S
96 13 6.369000 -5.401000 17.910000 N
97 13 7.204000 -4.213000 17.650999 C
98 13 8.190000 -3.895000 18.777000 C
99 13 9.220000 -3.246000 18.552000 O
100 13 6.296000 -3.019000 17.341999 C
101 13 5.472000 -2.565000 18.538000 C
102 13 7.010000 -1.858000 16.663000 C
103 14 7.901000 -4.425000 19.955999 N
104 14 8.786000 -4.183000 21.101000 C
105 14 10.072000 -5.000000 21.030001 C
106 14 11.051000 -4.653000 21.688000 O
107 14 8.066000 -4.521000 22.405001 C
108 15 10.038000 -6.100000 20.302999 N
109 15 11.210000 -6.992000 20.257999 C
110 15 11.772000 -7.196000 18.844000 C
111 15 12.783000 -7.884000 18.657000 O
112 15 10.820000 -8.366000 20.790001 C
113 15 10.467000 -8.382000 22.563999 S
114 16 11.013000 -6.753000 17.854000 N
115 16 11.422000 -7.016000 16.473000 C
116 16 11.361000 -5.770000 15.592000 C
117 16 10.382000 -5.016000 15.664000 O
118 16 10.502000 -8.068000 15.869000 C
119 16 10.644000 -9.486000 16.396999 C
120 16 11.619000 -10.330000 15.982000 N
121 16 9.793000 -10.187000 17.233000 C
122 16 11.389000 -11.544000 16.547001 C
123 16 10.269000 -11.460000 17.323999 N
124 17 12.277000 -5.730000 14.628000 N
125 17 12.171000 -4.809000 13.481000 C
126 17 12.343000 -5.609000 12.194000 C
127 17 12.719000 -6.787000 12.232000 O
128 17 13.266000 -3.750000 13.534000 C
129 18 12.081000 -4.994000 11.075000 N
130 18 12.254000 -5.792000 9.860000 C
131 18 13.707000 -5.898000 9.390000 C
132 18 14.156000 -6.959000 8.954000 O
133 18 11.211000 -5.285000 8.877000 C
134 18 11.511000 -4.847000 7.456000 C
135 18 9.781000 -5.412000 9.350000 C
136 18 12.301000 -5.762000 6.563000 C
137 19 14.424000 -4.807000 9.501000 N
138 19 15.793000 -4.754000 8.987000 C
139 19 16.886000 -4.946000 10.029000 C
140 19 18.025000 -5.267000 9.677000 O
141 19 16.016001 -3.410000 8.318000 C
142 19 15.710000 -3.557000 6.827000 C
143 19 14.586000 -3.252000 6.419000 O
144 19 16.535000 -4.153000 6.128000 O
145 20 16.580999 -4.637000 11.271000 N
146 20 17.622999 -4.787000 12.287000 C
147 20 17.208000 -5.762000 13.383000 C
148 20 16.024000 -5.914000 13.691000 O
149 20 17.988001 -3.446000 12.905000 C
150 20 16.934000 -3.033000 13.761000 O
151 20 18.197001 -2.365000 11.853000 C
152 21 18.190001 -6.331000 14.024000 N
153 21 17.886000 -7.162000 15.182000 C
154 21 17.729000 -6.309000 16.434000 C
155 21 18.496000 -5.364000 16.641001 O
156 21 18.974001 -8.210000 15.367000 C
157 21 18.763000 -9.046000 16.620001 C
158 21 19.596001 -10.306000 16.603001 C
159 21 20.504999 -10.377000 17.813999 C
160 21 19.702999 -10.206000 19.035000 N
161 22 16.674000 -6.581000 17.180000 N
162 22 16.493000 -5.911000 18.464001 C
163 22 16.646000 -6.904000 19.620001 C
164 22 17.749001 -7.399000 19.868999 O
165 22 15.133000 -5.223000 18.532000 C
166 22 14.976000 -4.084000 17.534000 C
167 22 13.399000 -3.248000 17.790001 S
168 22 13.287000 -1.987000 16.506001 C
169 23 15.525000 -7.389000 20.127001 N
170 23 15.588000 -8.513000 21.077000 C
171 23 15.502000 -9.870000 20.382000 C
172 23 16.351000 -10.742000 20.601999 O
173 23 14.454000 -8.416000 22.087000 C
174 23 14.512000 -9.560000 23.089001 C
175 23 14.407000 -7.052000 22.757000 C
176 24 14.583000 -9.971000 19.431000 N
177 24 14.582000 -11.142000 18.554001 C
178 24 15.174000 -10.775000 17.188000 C
179 24 15.537000 -9.618000 16.944000 O
180 25 15.271000 -11.745000 16.308001 N
181 25 15.827000 -11.559000 14.946000 C
182 25 15.074000 -10.525000 14.102000 C
183 25 13.862000 -10.337000 14.249000 O
184 25 15.720000 -12.931000 14.300000 C
185 25 14.658000 -13.660000 15.105000 C
186 25 14.806000 -13.126000 16.517000 C
187 26 15.784000 -9.963000 13.150000 N
188 26 15.145000 -9.151000 12.104000 C
189 26 14.251000 -10.020000 11.219000 C
190 26 14.613000 -11.160000 10.911000 O
191 26 16.243999 -8.579000 11.207000 C
192 27 13.114000 -9.485000 10.817000 N
193 27 12.244000 -10.281000 9.931000 C
194 27 12.829000 -10.592000 8.553000 C
195 27 12.626000 -11.710000 8.069000 O
196 27 10.820000 -9.739000 9.804000 C
197 27 9.988000 -9.747000 11.072000 C
198 27 9.059000 -8.753000 11.298000 C
199 27 10.182000 -10.737000 12.011000 C
200 27 8.329000 -8.735000 12.492000 C
201 27 9.472000 -10.737000 13.211000 C
202 27 8.548000 -9.723000 13.454000 C
203 27 7.886000 -9.701000 14.592000 O
204 28 13.634000 -9.678000 8.015000 N
205 28 14.336000 -9.996000 6.752000 C
206 28 15.240000 -11.227000 6.850000 C
207 28 15.272000 -12.042000 5.922000 O
208 28 15.129000 -8.821000 6.164000 C
209 28 16.362000 -8.418000 6.974000 C
210 28 17.416000 -7.709000 6.125000 C
211 28 18.600000 -7.190000 6.941000 C
212 28 19.228001 -8.272000 7.724000 N
213 29 15.841000 -11.405000 8.024000 N
214 29 16.709999 -12.563000 8.270000 C
215 29 15.903000 -13.840000 8.432000 C
216 29 16.349001 -14.909000 8.010000 O
217 29 17.568001 -12.365000 9.521000 C
218 29 18.613001 -11.273000 9.264000 C
219 29 19.285000 -10.874000 10.220000 O
220 29 18.872000 -10.969000 8.094000 O
221 30 14.739000 -13.696000 9.040000 N
222 30 13.884000 -14.882000 9.208000 C
223 30 13.355000 -15.346000 7.856000 C
224 30 13.405000 -16.537001 7.530000 O
225 30 12.707000 -14.575000 10.136000 C
226 30 11.770000 -15.763000 10.248000 C
227 30 13.196000 -14.153000 11.518000 C
228 31 12.938000 -14.362000 7.092000 N
229 31 12.416000 -14.638000 5.754000 C
230 31 13.495000 -15.240000 4.862000 C
231 31 13.229000 -16.146999 4.069000 O
232 31 11.957000 -13.325000 5.155000 C
233 32 14.706000 -14.772000 5.072000 N
234 32 15.800000 -15.316000 4.267000 C
235 32 16.103001 -16.768000 4.614000 C
236 32 16.263000 -17.573000 3.698000 O
237 32 17.056999 -14.473000 4.428000 C
238 33 16.108000 -17.079000 5.906000 N
239 33 16.370001 -18.469000 6.325000 C
240 33 15.259000 -19.403000 5.858000 C
241 33 15.516000 -20.510000 5.379000 O
242 33 16.570999 -18.615999 7.845000 C
243 33 16.709000 -20.087000 8.261000 C
244 33 17.715000 -20.353001 9.382000 C
245 33 17.267000 -19.815001 10.726000 C
246 33 18.440001 -19.618999 11.603000 N
247 34 14.034000 -18.964001 6.017000 N
248 34 12.974000 -19.933001 5.736000 C
249 34 12.460000 -19.790001 4.319000 C
250 34 11.638000 -20.611000 3.906000 O
251 34 11.866000 -19.829000 6.769000 C
252 34 12.383000 -20.250999 8.123000 C
253 34 12.576000 -19.316999 9.116000 C
254 34 12.726000 -21.572001 8.332000 C
255 34 13.111000 -19.700001 10.351000 C
256 34 13.258000 -21.975000 9.560000 C
257 34 13.453000 -21.034000 10.575000 C
258 35 13.268000 -18.988001 3.617000 N
259 35 13.312000 -18.802999 2.155000 C
260 35 12.017000 -19.153000 1.436000 C
261 35 10.977000 -18.521999 1.645000 O
262 35 14.429000 -19.673000 1.598000 C
263 36 12.076000 -20.309000 0.832000 N
264 36 10.910000 -20.985001 0.264000 C
265 36 10.886000 -22.448999 0.700000 C
266 36 10.763000 -23.355000 -0.130000 O
267 37 11.017000 -22.656000 2.002000 N
268 37 10.910000 -24.017000 2.529000 C
269 37 9.447000 -24.417000 2.675000 C
270 37 8.634000 -23.665001 3.226000 O
271 37 11.585000 -24.145000 3.887000 C
272 37 13.075000 -23.858999 3.818000 C
273 37 13.700000 -24.169001 5.178000 C
274 37 13.010000 -24.662001 6.076000 O
275 37 15.023000 -24.143000 5.210000 N
276 38 9.166000 -25.591000 2.167000 N
277 38 7.836000 -26.184000 2.312000 C
278 38 7.399000 -26.250999 3.778000 C
279 38 8.125000 -26.788000 4.622000 O
280 38 7.897000 -27.605000 1.763000 C
281 39 6.221000 -25.722000 4.054000 N
282 39 5.631000 -25.872999 5.398000 C
283 39 6.120000 -24.851999 6.430000 C
284 39 5.799000 -24.965000 7.617000 O
285 40 6.962000 -23.933001 5.986000 N
286 40 7.515000 -22.936001 6.927000 C
287 40 6.453000 -22.042000 7.571000 C
288 40 6.624000 -21.593000 8.703000 O
289 40 8.533000 -22.046000 6.218000 C
290 41 5.427000 -21.708000 6.811000 N
291 41 4.410000 -20.802000 7.351000 C
292 41 3.688000 -21.388000 8.566000 C
293 41 3.578000 -20.732000 9.604000 O
294 41 3.405000 -20.448000 6.266000 C
295 41 2.459000 -19.343000 6.720000 C
296 41 1.442000 -19.070000 5.614000 C
297 41 1.853000 -18.573000 4.558000 O
298 41 0.299000 -19.521999 5.748000 O
299 42 3.311000 -22.646999 8.455000 N
300 42 2.663000 -23.318001 9.585000 C
301 42 3.617000 -23.478001 10.764000 C
302 42 3.211000 -23.451000 11.935000 O
303 42 2.209000 -24.701000 9.127000 C
304 43 4.877000 -23.669001 10.420000 N
305 43 5.846000 -23.870001 11.500000 C
306 43 6.212000 -22.587000 12.237000 C
307 43 6.137000 -22.539000 13.471000 O
308 43 7.020000 -24.726999 11.031000 C
309 43 6.422000 -26.063999 10.586000 C
310 43 7.463000 -27.158001 10.344000 C
311 43 7.462000 -27.708000 9.235000 O
312 43 7.974000 -27.686001 11.337000 O
313 44 6.312000 -21.521000 11.476000 N
314 44 6.487000 -20.223000 12.131000 C
315 44 5.244000 -19.816000 12.915000 C
316 44 5.368000 -19.231001 13.989000 O
317 44 6.794000 -19.125000 11.125000 C
318 44 8.234000 -19.118999 10.639000 C
319 44 8.492000 -17.917999 9.743000 C
320 44 9.214000 -19.143999 11.800000 C
321 45 4.085000 -20.110001 12.359000 N
322 45 2.844000 -19.705999 13.040000 C
323 45 2.735000 -20.348000 14.424000 C
324 45 2.402000 -19.691000 15.418000 O
325 45 1.635000 -20.105000 12.198000 C
326 46 3.155000 -21.601000 14.474000 N
327 46 3.149000 -22.292999 15.764000 C
328 46 4.132000 -21.688000 16.775000 C
329 46 3.817000 -21.573999 17.962999 O
330 46 3.450000 -23.768000 15.506000 C
331 46 3.300000 -24.658001 16.740000 C
332 46 1.829000 -24.889999 17.113001 C
333 46 1.569000 -25.664000 18.037001 O
334 46 0.910000 -24.516001 16.228001 N
335 47 5.286000 -21.271999 16.268000 N
336 47 6.295000 -20.674000 17.141001 C
337 47 5.903000 -19.263000 17.584999 C
338 47 6.136000 -18.879999 18.738001 O
339 47 7.681000 -20.700001 16.482000 C
340 47 8.133000 -22.127001 16.181000 C
341 47 9.582000 -22.240999 15.700000 C
342 47 9.725000 -23.362000 14.738000 N
343 47 10.663000 -23.518000 13.783000 C
344 47 10.546000 -24.563999 12.986000 N
345 47 11.688000 -22.684000 13.568000 N
346 48 5.255000 -18.533001 16.697001 N
347 48 4.747000 -17.214001 17.113001 C
348 48 3.733000 -17.341999 18.246000 C
349 48 3.828000 -16.645000 19.257999 O
350 48 4.110000 -16.497000 15.923000 C
351 48 5.148000 -16.228001 14.842000 C
352 48 3.371000 -15.214000 16.299999 C
353 48 4.510000 -15.710000 13.564000 C
354 49 2.884000 -18.341000 18.134001 N
355 49 1.857000 -18.496000 19.170000 C
356 49 2.387000 -19.100000 20.472000 C
357 49 2.044000 -18.646000 21.572001 O
358 49 0.694000 -19.323000 18.617001 C
359 49 -0.479000 -19.410999 19.583000 C
360 49 -1.621000 -20.243999 19.024000 C
361 49 -2.707000 -20.476000 20.069000 C
362 49 -3.273000 -19.190001 20.497999 N
363 50 3.113000 -20.195999 20.344999 N
364 50 3.473000 -20.938999 21.556000 C
365 50 4.884000 -20.660999 22.066000 C
366 50 5.300000 -21.235001 23.077000 O
367 50 3.335000 -22.438000 21.311001 C
368 50 1.860000 -22.761000 21.066000 C
369 50 1.013000 -22.250999 21.809000 O
370 50 1.586000 -23.100000 19.809999 N
371 51 5.618000 -19.830999 21.364000 N
372 51 6.969000 -19.555000 21.858999 C
373 51 8.079000 -20.240999 21.063000 C
374 51 7.848000 -21.209999 20.340000 O
375 52 9.273000 -19.716000 21.188000 N
376 52 10.428000 -20.290001 20.490999 C
377 52 11.704000 -20.131001 21.316000 C
378 52 11.871000 -19.115000 21.986000 O
379 52 10.610000 -19.582001 19.146000 C
380 52 11.638000 -20.226000 18.398001 O
381 53 12.640000 -21.046000 21.166000 N
382 53 13.966000 -20.860001 21.785000 C
383 53 15.032000 -21.643999 21.018999 C
384 53 14.779000 -22.795000 20.646999 O
385 53 13.957000 -21.327000 23.249001 C
386 53 15.237000 -20.917000 23.979000 C
387 53 15.182000 -21.264999 25.471001 C
388 53 15.950000 -20.702000 26.247000 O
389 53 14.057000 -21.761000 25.912001 N
390 54 16.222000 -21.075001 20.882999 N
391 54 17.323999 -21.907000 20.377001 C
392 54 17.607000 -21.729000 18.885000 C
393 54 18.688000 -22.091000 18.416000 O
394 55 16.625999 -21.240999 18.145000 N
395 55 16.850000 -21.111000 16.693001 C
396 55 17.768000 -19.945000 16.320999 C
397 55 18.577000 -20.049999 15.388000 O
398 55 15.523000 -21.038000 15.943000 C
399 55 15.700000 -21.042999 14.421000 C
400 55 14.580000 -22.150999 16.386999 C
401 56 17.617001 -18.843000 17.049000 N
402 56 18.372999 -17.618999 16.724001 C
403 56 19.285000 -17.163000 17.853001 C
404 56 19.809000 -16.042999 17.825001 O
405 56 17.412001 -16.482000 16.409000 C
406 56 16.570000 -16.757000 15.190000 C
407 56 15.330000 -17.374001 15.121000 C
408 56 16.924999 -16.497000 13.864000 C
409 56 14.960000 -17.473000 13.805000 N
410 56 15.867000 -16.969000 13.057000 C
411 56 18.056000 -15.916000 13.310000 C
412 56 15.879000 -16.872999 11.677000 C
413 56 18.083000 -15.818000 11.909000 C
414 56 17.024000 -16.282000 11.116000 C
415 57 19.344999 -17.993000 18.871000 N
416 57 20.089001 -17.625000 20.084000 C
417 57 19.465000 -18.297001 21.299000 C
418 57 18.569000 -19.125000 21.117001 O
419 58 20.028000 -18.046000 22.480000 N
420 58 19.704000 -18.802999 23.698999 C
421 58 18.464001 -18.271000 24.420000 C
422 58 17.983999 -18.920000 25.354000 O
423 58 20.919001 -18.628000 24.600000 C
424 58 21.487000 -17.290001 24.204000 C
425 58 21.235001 -17.209000 22.698999 C
426 59 18.011999 -17.075001 24.047001 N
427 59 16.878000 -16.472000 24.764999 C
428 59 15.545000 -16.730000 24.065001 C
429 59 15.489000 -16.865999 22.837000 O
430 59 17.096001 -14.980000 24.999001 C
431 59 16.981001 -14.141000 23.733999 C
432 59 18.384001 -14.712000 25.761999 C
433 59 16.917000 -12.655000 24.066000 C
434 60 14.503000 -16.929001 24.844999 N
435 60 13.211000 -17.368999 24.311001 C
436 60 12.379000 -16.205000 23.784000 C
437 60 12.341000 -15.121000 24.378000 O
438 60 12.498000 -17.979000 25.506001 C
439 60 13.028000 -17.191000 26.679001 C
440 60 14.477000 -16.893999 26.318001 C
441 61 11.548000 -16.538000 22.827999 N
442 61 10.355000 -15.717000 22.590000 C
443 61 9.248000 -16.333000 23.431999 C
444 61 8.942000 -17.514999 23.239000 O
445 61 9.895000 -15.821000 21.142000 C
446 61 8.597000 -15.027000 20.951000 C
447 61 8.145000 -14.710000 19.221001 S
448 61 8.329000 -16.290001 18.364000 C
449 62 8.746000 -15.580000 24.400000 N
450 62 7.603000 -15.984000 25.239000 C
451 62 6.360000 -16.174999 24.375000 C
452 62 6.242000 -15.534000 23.323999 O
453 62 7.356000 -14.798000 26.166000 C
454 62 8.595000 -13.933000 26.066999 C
455 62 9.116000 -14.181000 24.667000 C
456 63 5.438000 -17.032000 24.802999 N
457 63 4.165000 -17.240000 24.089001 C
458 63 3.363000 -15.944000 23.950001 C
459 63 3.425000 -15.060000 24.804001 O
460 63 3.409000 -18.284000 24.889999 C
461 63 3.985000 -18.183001 26.281000 C
462 63 5.436000 -17.767000 26.080999 C
463 64 2.804000 -15.767000 22.773001 N
464 64 2.108000 -14.525000 22.448999 C
465 64 0.606000 -14.649000 22.667999 C
466 64 0.067000 -15.760000 22.635000 O
467 64 2.401000 -14.129000 21.000000 C
468 64 3.813000 -13.530000 20.907000 C
469 64 4.070000 -12.449000 21.445000 O
470 64 4.722000 -14.248000 20.275000 N
471 65 -0.020000 -13.495000 22.844999 N
472 65 -1.479000 -13.395000 23.000000 C
473 65 -2.153000 -13.239000 21.639000 C
474 65 -2.706000 -12.183000 21.322001 O
475 65 -1.822000 -12.172000 23.849001 C
476 66 -1.930000 -14.224000 20.794001 N
477 66 -2.509000 -14.200000 19.445999 C
478 66 -3.343000 -15.459000 19.223000 C
479 66 -3.054000 -16.504999 19.799000 O
480 66 -1.420000 -14.125000 18.361000 C
481 66 -0.756000 -12.755000 18.264000 C
482 66 -0.406000 -15.265000 18.448000 C
483 67 -4.313000 -15.365000 18.344000 N
484 67 -5.067000 -16.559999 17.993999 C
485 67 -4.375000 -17.281000 16.837000 C
486 67 -3.454000 -16.736000 16.216000 O
487 67 -6.464000 -16.136999 17.548000 C
488 67 -6.356000 -15.492000 16.283001 O
489 68 -4.840000 -18.471001 16.556999 N
490 68 -4.296000 -19.229000 15.430000 C
491 68 -4.415000 -18.488001 14.098000 C
492 68 -3.447000 -18.500999 13.333000 O
493 68 -5.007000 -20.575001 15.321000 C
494 68 -3.962000 -21.664000 15.522000 C
495 68 -3.210000 -21.919001 14.576000 O
496 68 -3.769000 -22.073999 16.672001 O
497 69 -5.572000 -17.851000 13.827000 N
498 69 -5.643000 -17.139000 12.515000 C
499 69 -4.708000 -15.929000 12.515000 C
500 69 -4.135000 -15.599000 11.477000 O
501 69 -7.025000 -16.801001 11.866000 C
502 69 -7.631000 -15.689000 12.685000 C
503 69 -7.951000 -15.862000 13.872000 O
504 69 -7.459000 -14.591000 12.150000 O
505 70 -4.505000 -15.349000 13.696000 N
506 70 -3.582000 -14.194000 13.776000 C
507 70 -2.121000 -14.598000 13.575000 C
508 70 -1.358000 -13.893000 12.908000 O
509 70 -3.730000 -13.458000 15.114000 C
510 70 -5.057000 -12.703000 15.171000 C
511 70 -5.328000 -12.160000 16.579000 C
512 70 -4.786000 -12.684000 17.554001 O
513 70 -6.181000 -11.277000 16.700001 O
514 71 -1.772000 -15.730000 14.139000 N
515 71 -0.401000 -16.240000 13.983000 C
516 71 -0.093000 -16.610001 12.531000 C
517 71 1.017000 -16.368999 12.055000 O
518 71 -0.212000 -17.461000 14.866000 C
519 72 -1.084000 -17.170000 11.854000 N
520 72 -0.877000 -17.521000 10.444000 C
521 72 -0.691000 -16.264999 9.606000 C
522 72 0.157000 -16.246000 8.709000 O
523 72 -2.086000 -18.261999 9.896000 C
524 72 -2.111000 -19.728001 10.280000 C
525 72 -1.033000 -20.490999 9.501000 C
526 72 -0.715000 -21.628000 9.866000 O
527 72 -0.770000 -20.039000 8.279000 N
528 73 -1.485000 -15.251000 9.936000 N
529 73 -1.386000 -13.987000 9.186000 C
530 73 -0.012000 -13.338000 9.338000 C
531 73 0.600000 -12.895000 8.357000 O
532 73 -2.471000 -13.048000 9.689000 C
533 73 -3.719000 -13.634000 9.362000 O
534 73 -2.403000 -11.659000 9.071000 C
535 74 0.450000 -13.370000 10.575000 N
536 74 1.752000 -12.801000 10.903000 C
537 74 2.891000 -13.612000 10.284000 C
538 74 3.836000 -13.023000 9.758000 O
539 74 1.917000 -12.720000 12.421000 C
540 74 1.199000 -11.521000 13.035000 C
541 74 1.016000 -11.661000 14.539000 C
542 74 1.876000 -10.197000 12.688000 C
543 75 2.787000 -14.930000 10.347000 N
544 75 3.856000 -15.769000 9.771000 C
545 75 4.024000 -15.522000 8.271000 C
546 75 5.145000 -15.360000 7.780000 O
547 75 3.528000 -17.236000 9.977000 C
548 76 2.882000 -15.432000 7.606000 N
549 76 2.866000 -15.180000 6.159000 C
550 76 3.491000 -13.817000 5.819000 C
551 76 4.327000 -13.708000 4.909000 O
552 76 1.402000 -15.234000 5.735000 C
553 76 1.115000 -14.613000 4.373000 C
554 76 -0.368000 -14.280000 4.214000 C
555 76 -0.946000 -13.503000 5.406000 C
556 76 -0.230000 -12.231000 5.674000 N
557 77 3.179000 -12.826000 6.646000 N
558 77 3.741000 -11.493000 6.429000 C
559 77 5.243000 -11.437000 6.719000 C
560 77 5.980000 -10.835000 5.935000 O
561 77 2.969000 -10.497000 7.281000 C
562 77 3.497000 -9.078000 7.305000 C
563 77 3.422000 -8.100000 6.319000 C
564 77 4.189000 -8.474000 8.364000 C
565 77 4.038000 -6.964000 6.776000 N
566 77 4.483000 -7.154000 7.963000 C
567 77 4.579000 -8.964000 9.600000 C
568 77 5.163000 -6.263000 8.773000 C
569 77 5.278000 -8.075000 10.420000 C
570 77 5.561000 -6.760000 10.020000 C
571 78 5.683000 -12.130000 7.769000 N
572 78 7.135000 -12.208000 8.046000 C
573 78 7.908000 -12.857000 6.895000 C
574 78 8.919000 -12.322000 6.433000 O
575 78 7.400000 -12.976000 9.337000 C
576 78 8.870000 -13.338000 9.526000 C
577 78 6.861000 -12.233000 10.554000 C
578 79 7.359000 -13.933000 6.375000 N
579 79 8.028000 -14.581000 5.245000 C
580 79 8.043000 -13.723000 3.986000 C
581 79 8.857000 -13.963000 3.091000 O
582 79 7.347000 -15.902000 4.941000 C
583 79 7.644000 -16.893999 6.038000 C
584 79 6.784000 -18.139999 5.918000 C
585 79 9.125000 -17.235001 6.077000 C
586 80 7.169000 -12.739000 3.924000 N
587 80 7.187000 -11.955000 2.681000 C
588 80 8.209000 -10.835000 2.735000 C
589 80 8.408000 -10.125000 1.749000 O
590 80 5.823000 -11.374000 2.361000 C
591 80 5.633000 -10.276000 3.226000 O
592 81 8.889000 -10.762000 3.864000 N
593 81 9.988000 -9.795000 3.989000 C
594 81 11.310000 -10.232000 3.338000 C
595 81 12.345000 -9.600000 3.561000 O
596 81 10.198000 -9.444000 5.451000 C
597 81 8.899000 -9.039000 6.150000 C
598 81 8.222000 -7.856000 5.449000 C
599 81 6.990000 -7.761000 5.449000 O
600 81 8.998000 -6.817000 5.213000 N
601 82 11.215000 -11.215000 2.444000 N
602 82 12.326000 -11.634000 1.560000 C
603 82 11.844000 -11.656000 0.112000 C
604 82 11.066000 -12.561000 -0.212000 O
605 82 12.793000 -13.052000 1.869000 C
606 82 14.003000 -13.480000 1.037000 C
607 82 13.891000 -14.930000 0.573000 C
608 82 15.165000 -15.744000 0.792000 C
609 82 16.304001 -15.155000 0.070000 N
610 82 12.085000 -10.682000 -0.607000 O
