486
1 1 18.762 33.745 24.575 O
2 1 19.422 33.929 23.320 C
3 1 20.521 32.916 23.103 C
4 1 20.136 31.631 23.641 O
5 1 20.870 32.668 21.641 C
6 1 22.275 32.453 21.538 O
7 1 20.071 31.423 21.287 C
8 1 19.991 30.669 22.605 C
9 1 18.717 29.960 22.838 N
10 1 18.759 28.681 23.389 C
11 1 19.856 28.164 23.605 O
12 1 17.606 28.037 23.671 N
13 1 16.441 28.623 23.413 C
14 1 15.335 27.958 23.739 N
15 1 16.360 29.918 22.815 C
16 1 17.512 30.544 22.546 C
17 2 22.987 32.511 20.103 P
18 2 24.340 33.071 20.315 O
19 2 22.064 33.147 19.125 O
20 2 23.131 30.975 19.728 O
21 2 23.769 30.084 20.626 C
22 2 23.676 28.672 20.109 C
23 2 22.409 28.079 20.474 O
24 2 23.797 28.544 18.595 C
25 2 24.668 27.456 18.318 O
26 2 22.375 28.242 18.146 C
27 2 21.799 27.499 19.336 C
28 2 20.352 27.600 19.514 N
29 2 19.552 28.685 19.243 C
30 2 18.294 28.479 19.531 N
31 2 18.258 27.179 20.022 C
32 2 17.162 26.396 20.509 C
33 2 15.961 26.700 20.598 O
34 2 17.580 25.134 20.911 N
35 2 18.868 24.669 20.843 C
36 2 19.061 23.402 21.252 N
37 2 19.891 25.384 20.402 N
38 2 19.518 26.618 20.011 C
39 3 25.162 27.177 16.820 P
40 3 26.644 27.290 16.858 O
41 3 24.372 28.022 15.883 O
42 3 24.760 25.649 16.601 O
43 3 24.606 24.808 17.735 C
44 3 23.668 23.665 17.441 C
45 3 22.323 24.015 17.847 O
46 3 23.586 23.205 15.987 C
47 3 23.784 21.802 15.928 O
48 3 22.158 23.509 15.583 C
49 3 21.397 23.519 16.899 C
50 3 20.261 24.455 16.837 N
51 3 19.008 24.069 17.345 C
52 3 18.894 22.973 17.904 O
53 3 17.951 24.908 17.209 N
54 3 18.109 26.090 16.608 C
55 3 17.037 26.870 16.468 N
56 3 19.379 26.523 16.116 C
57 3 20.416 25.684 16.255 C
58 4 24.096 21.096 14.525 P
59 4 25.507 20.661 14.550 O
60 4 23.607 21.925 13.409 O
61 4 23.196 19.793 14.610 O
62 4 23.160 19.039 15.818 C
63 4 21.835 18.333 15.949 C
64 4 20.777 19.320 16.037 O
65 4 21.498 17.446 14.752 C
66 4 20.841 16.270 15.231 O
67 4 20.598 18.328 13.904 C
68 4 19.867 19.157 14.954 C
69 4 19.441 20.487 14.520 N
70 4 20.156 21.394 13.772 C
71 4 19.506 22.507 13.563 N
72 4 18.292 22.325 14.208 C
73 4 17.166 23.193 14.327 C
74 4 17.029 24.363 13.907 O
75 4 16.133 22.588 15.026 N
76 4 16.171 21.327 15.562 C
77 4 15.054 20.914 16.162 N
78 4 17.220 20.526 15.499 N
79 4 18.233 21.082 14.800 C
80 5 20.188 15.233 14.195 P
81 5 20.417 13.864 14.717 O
82 5 20.615 15.579 12.819 O
83 5 18.633 15.542 14.335 O
84 5 18.010 15.457 15.609 C
85 5 16.519 15.633 15.476 C
86 5 16.253 16.980 15.028 O
87 5 15.842 14.703 14.470 C
88 5 14.570 14.304 15.001 O
89 5 15.709 15.568 13.224 C
90 5 15.545 16.966 13.800 C
91 5 16.084 18.049 12.983 N
92 5 17.263 18.081 12.278 C
93 5 17.480 19.223 11.667 N
94 5 16.368 19.991 11.984 C
95 5 15.992 21.300 11.638 C
96 5 16.730 22.106 10.871 N
97 5 14.813 21.761 12.112 N
98 5 14.073 20.956 12.886 C
99 5 14.320 19.711 13.281 N
100 5 15.497 19.279 12.789 C
101 6 13.580 13.384 14.134 P
102 6 12.778 12.596 15.100 O
103 6 14.336 12.694 13.072 O
104 6 12.615 14.436 13.436 O
105 6 11.740 15.237 14.217 C
106 6 10.838 16.054 13.322 C
107 6 11.621 17.086 12.687 O
108 6 10.135 15.291 12.194 C
109 6 8.768 15.704 12.150 O
110 6 10.890 15.716 10.936 C
111 6 11.362 17.111 11.294 C
112 6 12.587 17.557 10.637 N
113 6 13.745 16.856 10.388 C
114 6 14.685 17.573 9.809 N
115 6 14.100 18.827 9.658 C
116 6 14.569 20.054 9.106 C
117 6 15.794 20.240 8.597 N
118 6 13.720 21.101 9.107 N
119 6 12.499 20.940 9.630 C
120 6 11.947 19.855 10.180 N
121 6 12.806 18.824 10.159 C
122 7 7.727 14.980 11.150 P
123 7 6.435 14.809 11.863 O
124 7 8.350 13.827 10.465 O
125 7 7.476 16.115 10.082 O
126 7 7.233 17.426 10.542 C
127 7 7.306 18.393 9.396 C
128 7 8.677 18.643 9.008 O
129 7 6.575 17.921 8.143 C
130 7 5.671 18.944 7.752 O
131 7 7.684 17.747 7.111 C
132 7 8.737 18.716 7.599 C
133 7 10.133 18.455 7.183 N
134 7 10.822 19.510 6.614 C
135 7 10.323 20.610 6.419 O
136 7 12.127 19.234 6.282 N
137 7 12.802 18.044 6.460 C
138 7 13.991 17.961 6.142 O
139 7 12.015 16.975 7.037 C
140 7 12.660 15.640 7.247 C
141 7 10.735 17.230 7.365 C
142 8 4.596 18.654 6.613 P
143 8 3.323 19.238 7.066 O
144 8 4.673 17.217 6.244 O
145 8 5.138 19.539 5.413 O
146 8 5.571 20.868 5.673 C
147 8 6.174 21.483 4.435 C
148 8 7.561 21.110 4.306 O
149 8 5.488 21.106 3.123 C
150 8 5.157 22.286 2.400 O
151 8 6.533 20.286 2.378 C
152 8 7.848 20.781 2.960 C
153 8 8.955 19.798 2.977 N
154 8 10.187 20.198 2.525 C
155 8 10.405 21.298 2.057 O
156 8 11.169 19.254 2.635 N
157 8 11.050 17.972 3.127 C
158 8 12.039 17.248 3.190 O
159 8 9.720 17.597 3.546 C
160 8 9.479 16.207 4.047 C
161 8 8.752 18.521 3.457 C
162 9 4.071 22.219 1.218 P
163 9 3.138 23.340 1.453 O
164 9 3.547 20.841 1.073 O
165 9 4.966 22.546 -0.053 O
166 9 6.048 23.464 0.075 C
167 9 7.006 23.322 -1.081 C
168 9 8.009 22.332 -0.773 O
169 9 6.385 22.900 -2.411 C
170 9 7.058 23.582 -3.466 O
171 9 6.743 21.431 -2.498 C
172 9 8.116 21.440 -1.865 C
173 9 8.573 20.146 -1.347 N
174 9 9.941 19.850 -1.381 C
175 9 10.735 20.696 -1.857 O
176 9 10.364 18.661 -0.896 N
177 9 9.480 17.795 -0.394 C
178 9 9.934 16.635 0.072 N
179 9 8.089 18.075 -0.348 C
180 9 7.683 19.247 -0.833 C
181 10 6.214 24.254 -4.653 P
182 10 5.585 25.514 -4.179 O
183 10 5.373 23.181 -5.232 O
184 10 7.337 24.648 -5.703 O
185 10 8.559 25.264 -5.277 C
186 10 9.714 24.616 -5.999 C
187 10 9.972 23.319 -5.417 O
188 10 9.397 24.352 -7.472 C
189 10 10.593 24.413 -8.236 O
190 10 8.940 22.909 -7.454 C
191 10 9.909 22.349 -6.439 C
192 10 9.548 21.068 -5.841 N
193 10 8.289 20.540 -5.673 C
194 10 8.300 19.357 -5.121 N
195 10 9.646 19.091 -4.902 C
196 10 10.278 17.959 -4.318 C
197 10 9.754 16.935 -3.849 O
198 10 11.664 18.097 -4.309 N
199 10 12.353 19.187 -4.796 C
200 10 13.690 19.122 -4.721 N
201 10 11.775 20.256 -5.322 N
202 10 10.429 20.138 -5.346 C
203 11 10.780 25.552 -9.348 P
204 11 10.658 26.865 -8.662 O
205 11 9.922 25.246 -10.522 O
206 11 12.304 25.351 -9.747 O
207 11 13.291 25.308 -8.721 C
208 11 14.300 24.215 -8.990 C
209 11 13.844 23.008 -8.329 O
210 11 14.491 23.870 -10.468 C
211 11 15.861 23.914 -10.867 O
212 11 13.955 22.458 -10.600 C
213 11 13.977 21.893 -9.189 C
214 11 12.822 21.005 -8.972 N
215 11 13.006 19.743 -8.368 C
216 11 14.126 19.426 -7.952 O
217 11 11.951 18.905 -8.255 N
218 11 10.752 19.283 -8.704 C
219 11 9.751 18.420 -8.603 N
220 11 10.532 20.568 -9.284 C
221 11 11.580 21.389 -9.389 C
222 12 16.234 23.807 -12.429 P
223 12 17.141 24.922 -12.789 O
224 12 14.981 23.615 -13.197 O
225 12 17.054 22.442 -12.505 O
226 12 18.111 22.174 -11.585 C
227 12 18.442 20.699 -11.581 C
228 12 17.366 19.987 -10.932 O
229 12 18.602 20.086 -12.971 C
230 12 19.883 19.990 -13.575 O
231 12 17.688 18.876 -12.999 C
232 12 17.041 18.792 -11.623 C
233 12 15.589 18.770 -11.759 N
234 12 14.822 19.785 -12.281 C
235 12 13.550 19.505 -12.306 N
236 12 13.467 18.229 -11.763 C
237 12 12.337 17.409 -11.536 C
238 12 11.152 17.662 -11.759 O
239 12 12.692 16.186 -10.987 N
240 12 13.971 15.804 -10.685 C
241 12 14.100 14.571 -10.166 N
242 12 15.042 16.567 -10.880 N
243 12 14.717 17.757 -11.421 C
245 13 7.263 8.583 -9.701 O
246 13 8.515 7.986 -10.054 C
247 13 9.657 8.671 -9.343 C
248 13 9.963 9.910 -10.023 O
249 13 9.360 9.060 -7.894 C
250 13 10.552 8.947 -7.128 O
251 13 9.030 10.535 -7.990 C
252 13 10.005 10.952 -9.066 C
253 13 9.699 12.222 -9.739 N
254 13 10.757 13.075 -10.050 C
255 13 11.912 12.717 -9.777 O
256 13 10.500 14.265 -10.632 N
257 13 9.243 14.618 -10.894 C
258 13 9.030 15.817 -11.429 N
259 13 8.141 13.756 -10.609 C
260 13 8.412 12.576 -10.040 C
261 14 10.712 7.762 -6.063 P
262 14 10.488 6.486 -6.777 O
263 14 9.914 8.096 -4.854 O
264 14 12.251 7.857 -5.700 O
265 14 13.202 8.076 -6.730 C
266 14 14.087 9.249 -6.381 C
267 14 13.539 10.506 -6.850 O
268 14 14.366 9.417 -4.888 C
269 14 15.768 9.581 -4.702 O
270 14 13.619 10.693 -4.536 C
271 14 13.678 11.481 -5.833 C
272 14 12.597 12.451 -5.998 N
273 14 11.265 12.216 -5.787 C
274 14 10.512 13.248 -6.049 N
275 14 11.401 14.232 -6.456 C
276 14 11.159 15.564 -6.882 C
277 14 10.077 16.143 -7.010 O
278 14 12.339 16.230 -7.183 N
279 14 13.587 15.689 -7.090 C
280 14 14.602 16.510 -7.401 N
281 14 13.830 14.435 -6.714 N
282 14 12.695 13.769 -6.414 C
283 15 16.419 9.402 -3.244 P
284 15 17.393 8.279 -3.310 O
285 15 15.323 9.369 -2.238 O
286 15 17.223 10.770 -3.068 O
287 15 17.845 11.395 -4.191 C
288 15 18.118 12.851 -3.900 C
289 15 16.934 13.638 -4.188 O
290 15 18.470 13.135 -2.445 C
291 15 19.515 14.087 -2.357 O
292 15 17.207 13.749 -1.878 C
293 15 16.592 14.451 -3.075 C
294 15 15.118 14.523 -2.998 N
295 15 14.455 15.678 -3.463 C
296 15 15.127 16.624 -3.900 O
297 15 13.099 15.731 -3.407 N
298 15 12.413 14.701 -2.889 C
299 15 11.080 14.792 -2.841 N
300 15 13.063 13.528 -2.396 C
301 15 14.399 13.479 -2.476 C
302 16 20.360 14.194 -1.003 P
303 16 21.644 13.512 -1.270 O
304 16 19.510 13.752 0.132 O
305 16 20.619 15.755 -0.842 O
306 16 20.745 16.599 -1.987 C
307 16 20.069 17.923 -1.722 C
308 16 18.629 17.775 -1.734 O
309 16 20.408 18.547 -0.367 C
310 16 20.381 19.965 -0.507 O
311 16 19.229 18.133 0.495 C
312 16 18.105 18.268 -0.509 C
313 16 16.892 17.524 -0.201 N
314 16 16.799 16.295 0.407 C
315 16 15.567 15.885 0.546 N
316 16 14.798 16.906 -0.001 C
317 16 13.394 17.033 -0.117 C
318 16 12.521 16.243 0.253 O
319 16 13.038 18.234 -0.721 N
320 16 13.919 19.191 -1.153 C
321 16 13.372 20.301 -1.692 N
322 16 15.235 19.082 -1.060 N
323 16 15.602 17.923 -0.471 C
324 17 21.601 20.851 0.039 P
325 17 22.766 20.676 -0.867 O
326 17 21.763 20.622 1.504 O
327 17 21.041 22.319 -0.162 O
328 17 20.438 22.692 -1.389 C
329 17 19.214 23.531 -1.121 C
330 17 18.122 22.676 -0.711 O
331 17 19.398 24.559 -0.005 C
332 17 18.747 25.777 -0.354 O
333 17 18.714 23.912 1.188 C
334 17 17.601 23.112 0.532 C
335 17 17.198 21.919 1.266 N
336 17 18.002 21.005 1.903 C
337 17 17.343 20.010 2.442 N
338 17 16.015 20.290 2.143 C
339 17 14.821 19.608 2.421 C
340 17 14.771 18.441 3.054 N
341 17 13.667 20.169 2.004 N
342 17 13.719 21.327 1.330 C
343 17 14.781 22.051 0.987 N
344 17 15.912 21.471 1.432 C
345 18 18.997 27.090 0.531 P
346 18 19.505 28.157 -0.365 O
347 18 19.769 26.714 1.743 O
348 18 17.532 27.462 1.009 O
349 18 16.438 27.338 0.117 C
350 18 15.148 27.241 0.895 C
351 18 15.006 25.924 1.471 O
352 18 15.012 28.231 2.048 C
353 18 13.690 28.749 2.037 O
354 18 15.273 27.382 3.282 C
355 18 14.729 26.029 2.854 C
356 18 15.320 24.858 3.506 N
357 18 16.640 24.585 3.746 C
358 18 16.839 23.446 4.365 N
359 18 15.561 22.932 4.545 C
360 18 15.075 21.749 5.159 C
361 18 15.846 20.828 5.731 N
362 18 13.744 21.549 5.164 N
363 18 12.956 22.464 4.594 C
364 18 13.284 23.608 3.994 N
365 18 14.617 23.789 4.008 C
366 19 13.313 29.992 2.974 P
367 19 12.454 30.896 2.176 O
368 19 14.540 30.526 3.639 O
369 19 12.407 29.302 4.077 O
370 19 11.392 28.410 3.673 C
371 19 10.845 27.654 4.858 C
372 19 11.666 26.509 5.201 O
373 19 10.642 28.455 6.146 C
374 19 9.325 28.191 6.609 O
375 19 11.640 27.831 7.111 C
376 19 11.696 26.392 6.613 C
377 19 12.912 25.642 6.982 N
378 19 12.784 24.341 7.437 C
379 19 11.714 23.772 7.566 O
380 19 13.968 23.727 7.747 N
381 19 15.235 24.264 7.649 C
382 19 16.201 23.590 7.965 O
383 19 15.295 25.630 7.163 C
384 19 16.624 26.299 7.014 C
385 19 14.148 26.237 6.863 C
386 20 8.658 29.137 7.712 P
387 20 7.327 29.503 7.165 O
388 20 9.606 30.202 8.122 O
389 20 8.436 28.134 8.920 O
390 20 7.797 26.892 8.674 C
391 20 8.002 25.951 9.832 C
392 20 9.327 25.366 9.812 O
393 20 7.806 26.550 11.226 C
394 20 6.928 25.685 11.953 O
395 20 9.210 26.533 11.819 C
396 20 9.826 25.325 11.137 C
397 20 11.305 25.268 11.073 N
398 20 11.894 24.069 11.415 C
399 20 11.255 23.101 11.772 O
400 20 13.264 24.043 11.318 N
401 20 14.093 25.073 10.909 C
402 20 15.308 24.885 10.830 O
403 20 13.411 26.322 10.587 C
404 20 14.227 27.509 10.175 C
405 20 12.067 26.354 10.681 C
406 21 6.343 26.137 13.373 P
407 21 4.873 25.938 13.336 O
408 21 6.901 27.451 13.765 O
409 21 6.951 25.044 14.340 O
410 21 7.138 23.728 13.863 C
411 21 7.785 22.881 14.926 C
412 21 9.212 22.886 14.713 O
413 21 7.560 23.334 16.365 C
414 21 7.279 22.168 17.128 O
415 21 8.884 23.974 16.758 C
416 21 9.899 23.229 15.903 C
417 21 11.098 23.986 15.495 N
418 21 12.348 23.348 15.529 C
419 21 12.420 22.176 15.942 O
420 21 13.442 24.019 15.106 N
421 21 13.329 25.269 14.662 C
422 21 14.443 25.884 14.245 N
423 21 12.077 25.943 14.625 C
424 21 11.000 25.275 15.057 C
425 22 6.643 22.298 18.586 P
426 22 5.520 21.332 18.667 O
427 22 6.413 23.729 18.863 O
428 22 7.804 21.759 19.532 O
429 22 8.396 20.475 19.304 C
430 22 9.756 20.403 19.960 C
431 22 10.732 21.233 19.279 O
432 22 9.772 20.879 21.413 C
433 22 10.808 20.171 22.068 O
434 22 10.237 22.318 21.282 C
435 22 11.312 22.105 20.238 C
436 22 11.810 23.289 19.553 N
437 22 11.116 24.428 19.221 C
438 22 11.862 25.322 18.630 N
439 22 13.122 24.736 18.566 C
440 22 14.349 25.231 18.043 C
441 22 14.585 26.332 17.527 O
442 22 15.375 24.298 18.180 N
443 22 15.249 23.064 18.763 C
444 22 16.356 22.324 18.817 N
445 22 14.120 22.595 19.261 N
446 22 13.105 23.478 19.127 C
447 23 10.460 19.165 23.252 P
448 23 9.344 18.313 22.778 O
449 23 10.307 19.957 24.502 O
450 23 11.781 18.282 23.334 O
451 23 12.345 17.737 22.146 C
452 23 13.851 17.867 22.166 C
453 23 14.266 19.176 21.706 O
454 23 14.498 17.681 23.531 C
455 23 15.688 16.914 23.353 O
456 23 14.809 19.099 23.986 C
457 23 15.096 19.807 22.680 C
458 23 14.794 21.254 22.668 N
459 23 15.754 22.129 22.164 C
460 23 16.864 21.672 21.842 O
461 23 15.457 23.444 22.044 N
462 23 14.256 23.893 22.413 C
463 23 13.971 25.179 22.182 N
464 23 13.281 23.036 23.005 C
465 23 13.589 21.733 23.110 C
466 24 16.279 16.065 24.581 P
467 24 16.789 14.772 24.053 O
468 24 15.290 16.070 25.691 O
469 24 17.506 16.955 25.069 O
470 24 18.523 17.358 24.152 C
471 24 19.478 18.307 24.833 C
472 24 19.141 19.688 24.553 O
473 24 19.521 18.160 26.355 C
474 24 20.865 18.081 26.821 O
475 24 18.837 19.421 26.852 C
476 24 19.133 20.431 25.754 C
477 24 18.116 21.472 25.627 N
478 24 16.793 21.366 25.992 C
479 24 16.116 22.464 25.793 N
480 24 17.039 23.349 25.259 C
481 24 16.877 24.685 24.853 C
482 24 15.857 25.370 24.886 O
483 24 18.062 25.224 24.373 N
484 24 19.258 24.552 24.298 C
485 24 20.291 25.257 23.818 N
486 24 19.425 23.291 24.670 N
487 24 18.280 22.755 25.142 C
