364 868
0 2
0 3
0 4
1 3
1 4
2 5
2 6
2 7
3 4
3 6
3 8
3 9
4 7
4 8
4 19
4 21
4 22
5 6
5 20
5 21
5 22
5 23
6 8
7 9
7 17
7 18
8 10
8 11
8 17
9 11
9 18
10 12
10 13
10 18
11 13
11 14
11 15
11 17
12 15
12 17
12 18
13 14
13 361
14 16
14 17
14 18
14 359
15 18
16 17
16 358
19 23
20 21
20 22
20 23
21 22
22 24
22 25
22 26
23 25
23 26
24 27
24 28
24 29
25 26
25 28
25 30
25 37
26 29
26 38
26 40
26 41
27 28
27 39
27 40
27 41
28 30
28 41
29 31
29 32
29 37
30 32
30 33
30 34
30 36
31 34
31 36
31 37
32 33
32 342
33 35
33 36
33 37
33 51
33 340
34 37
35 36
35 339
38 42
39 40
39 41
40 41
40 42
41 43
41 44
42 44
42 45
42 46
43 46
43 47
43 48
44 45
44 47
44 49
44 50
45 48
45 49
45 60
45 62
45 63
46 47
46 61
46 62
46 63
47 49
48 50
48 58
48 59
49 51
49 52
49 58
50 52
50 59
51 53
51 54
51 59
52 54
52 55
52 56
52 58
53 56
53 58
53 59
54 55
54 320
55 57
55 58
55 59
55 318
56 59
57 58
57 317
60 64
61 62
61 63
61 64
62 63
63 65
63 66
63 67
64 66
64 67
64 68
65 68
65 69
65 70
66 67
66 69
66 71
66 79
67 70
67 71
67 80
67 82
67 83
68 69
68 81
68 82
68 83
69 71
69 83
70 72
70 73
70 79
71 73
71 74
71 75
71 77
72 75
72 77
72 79
73 74
74 76
74 77
74 79
74 300
75 78
75 79
75 93
76 77
76 78
76 93
76 299
78 79
80 84
81 82
81 83
82 83
82 84
83 85
83 86
84 86
84 87
84 88
85 88
85 89
85 90
86 87
86 89
86 91
86 92
87 90
87 91
88 89
89 91
90 92
90 99
90 100
91 93
91 94
91 99
92 94
92 100
93 95
93 96
93 100
94 96
94 97
94 98
94 99
95 98
95 99
95 100
96 97
97 99
97 100
98 100
101 105
102 103
102 104
102 105
103 104
104 106
104 107
104 108
105 107
105 108
105 109
106 109
106 110
106 111
107 108
107 110
107 112
107 113
108 111
108 112
108 122
108 124
108 125
109 110
109 123
109 124
109 125
109 126
110 112
111 113
111 120
111 121
112 114
112 115
112 120
113 115
113 121
114 116
114 117
114 121
115 117
115 118
115 119
115 120
116 119
116 120
116 121
117 118
117 258
118 120
118 121
118 256
119 121
122 126
123 124
123 125
123 126
124 125
125 127
125 128
125 129
126 128
126 129
127 130
127 131
127 132
128 129
128 131
128 133
128 140
129 132
129 133
129 141
129 143
129 144
130 131
130 142
130 143
130 144
130 145
131 133
131 144
132 134
132 135
132 140
133 135
133 136
133 137
133 139
134 137
134 139
134 140
135 136
135 239
136 138
136 139
136 140
136 237
137 140
138 139
138 236
141 145
142 143
142 144
142 145
143 144
144 146
144 147
144 148
145 147
145 148
146 149
146 150
146 151
147 148
147 150
147 152
147 153
148 151
148 152
148 163
148 165
148 166
149 150
149 164
149 165
149 166
149 167
150 152
151 153
151 161
151 162
152 154
152 155
152 161
153 155
153 162
154 156
154 157
154 162
155 157
155 158
155 159
155 161
156 159
156 161
156 162
157 158
157 217
158 160
158 161
158 162
158 215
159 162
160 161
160 214
163 167
164 165
164 166
164 167
165 166
166 168
166 169
166 170
167 169
167 170
168 171
168 172
168 173
169 170
169 172
169 174
169 181
170 173
170 174
171 172
172 174
173 175
173 176
173 181
174 176
174 177
174 178
174 180
175 178
175 180
175 181
176 177
176 198
177 179
177 180
177 181
177 196
178 181
179 180
179 195
182 184
182 185
182 186
183 185
183 186
184 187
184 188
184 189
185 186
185 188
185 190
185 191
186 189
186 201
186 203
186 204
187 188
187 202
187 203
187 204
188 190
188 201
188 204
189 191
189 199
189 200
190 192
190 193
190 199
191 193
191 200
192 194
192 195
192 200
193 195
193 196
193 197
193 199
194 197
194 199
194 200
195 196
196 198
196 199
196 200
197 200
198 199
198 213
198 214
201 205
202 203
202 204
202 205
203 204
204 206
204 207
204 208
205 207
205 208
205 209
206 209
206 210
206 211
207 208
207 210
207 212
207 219
208 211
208 220
208 222
208 223
209 210
209 221
209 222
209 223
210 212
210 223
211 213
211 214
211 219
212 214
212 215
212 216
212 218
213 216
213 218
213 219
214 215
215 217
215 218
215 219
215 233
216 219
216 233
217 218
220 224
221 222
221 223
222 223
222 224
223 225
223 226
224 226
224 227
224 228
225 228
225 229
225 230
226 227
226 229
226 231
226 232
227 230
227 231
227 242
227 244
227 245
228 229
228 243
228 244
228 245
228 246
229 231
229 241
230 232
230 240
230 241
231 233
231 234
231 240
232 234
232 241
233 235
233 236
233 241
234 236
234 237
234 238
234 240
235 238
235 240
235 241
236 237
237 239
237 240
237 241
238 241
239 240
242 246
243 244
243 245
243 246
244 245
245 247
245 248
245 249
246 248
246 249
246 250
247 250
247 251
247 252
248 249
248 251
248 253
248 261
249 252
249 253
249 262
249 264
249 265
250 251
250 263
250 264
250 265
250 266
251 253
251 254
252 254
252 255
252 261
253 255
253 256
253 257
253 259
254 257
254 259
254 261
255 256
256 258
256 259
256 261
256 275
257 260
257 261
258 259
258 260
258 278
260 261
262 266
263 264
263 265
263 266
264 265
265 267
265 268
265 269
266 268
266 269
266 270
267 270
267 271
267 272
268 269
268 271
268 273
268 274
269 272
269 273
270 271
271 273
272 274
272 281
272 282
273 275
273 276
273 281
274 276
274 282
275 277
275 278
275 282
276 278
276 279
276 280
276 281
277 280
277 281
277 282
278 279
279 281
279 282
280 282
283 287
284 285
284 286
284 287
285 286
286 288
286 289
286 290
287 289
287 290
287 291
288 291
288 292
288 293
289 290
289 292
289 294
289 295
290 293
290 294
290 304
290 306
290 307
291 292
291 305
291 306
291 307
291 308
292 294
293 295
293 302
293 303
294 296
294 297
294 302
295 297
295 303
296 298
296 299
296 303
297 299
297 300
297 301
297 302
298 301
298 302
298 303
299 300
300 302
300 303
301 303
304 308
305 306
305 307
305 308
306 307
307 309
307 310
307 311
308 310
308 311
309 312
309 313
309 314
310 311
310 313
310 315
310 322
311 314
311 315
311 323
311 325
312 313
312 324
312 325
312 326
312 327
313 315
313 329
314 316
314 317
314 322
315 317
315 318
315 319
315 321
316 319
316 321
316 322
317 318
318 320
318 321
318 322
319 322
320 321
323 327
324 325
324 326
324 327
325 326
326 328
326 329
326 330
327 329
327 330
328 331
328 332
328 333
329 330
329 332
329 334
329 335
330 333
330 334
330 345
330 347
330 348
331 332
331 346
331 347
331 348
332 334
332 348
333 335
333 343
333 344
334 336
334 337
334 343
335 337
335 344
336 338
336 339
336 344
337 339
337 340
337 341
337 343
338 341
338 343
338 344
339 340
340 342
340 343
340 344
341 344
342 343
345 349
346 347
346 348
346 349
347 348
348 350
348 351
348 352
349 351
349 352
350 353
350 354
350 355
351 352
351 354
351 356
351 363
352 355
353 354
354 356
355 357
355 358
355 363
356 358
356 359
356 360
356 362
357 360
357 362
357 363
358 359
359 361
359 362
359 363
360 363
361 362
1 1 -3.343000 -5.305000 16.649000 O
2 1 -3.017000 -6.352000 17.573999 C
3 1 -2.820000 -7.661000 16.853001 C
4 1 -4.011000 -7.958000 16.083000 O
5 1 -1.685000 -7.652000 15.840000 C
6 1 -0.451000 -7.963000 16.496000 O
7 1 -2.120000 -8.754000 14.891000 C
8 1 -3.649000 -8.583000 14.853000 C
9 1 -4.120000 -7.732000 13.768000 N
10 1 -4.690000 -6.493000 13.889000 C
11 1 -5.014000 -5.963000 12.744000 N
12 1 -4.630000 -6.904000 11.803000 C
13 1 -4.724000 -6.862000 10.422000 C
14 1 -5.192000 -5.952000 9.725000 O
15 1 -4.209000 -8.024000 9.834000 N
16 1 -3.670000 -9.080000 10.525000 C
17 1 -3.219000 -10.101000 9.786000 N
18 1 -3.584000 -9.119000 11.846000 N
19 1 -4.080000 -7.998000 12.417000 C
20 2 0.920000 -7.320000 15.974000 P
21 2 2.045000 -7.727000 16.855000 O
22 2 0.680000 -5.876000 15.719000 O
23 2 1.169000 -7.992000 14.557000 O
24 2 1.373000 -9.406000 14.419000 C
25 2 1.364000 -9.786000 12.955000 C
26 2 0.081000 -9.483000 12.372000 O
27 2 2.349000 -9.023000 12.085000 C
28 2 3.629000 -9.641000 12.157000 O
29 2 1.736000 -9.157000 10.704000 C
30 2 0.248000 -9.070000 11.014000 C
31 2 -0.366000 -7.735000 10.861000 N
32 2 -0.800000 -7.331000 9.589000 C
33 2 -0.621000 -8.093000 8.630000 O
34 2 -1.394000 -6.123000 9.439000 N
35 2 -1.541000 -5.320000 10.495000 C
36 2 -2.122000 -4.127000 10.287000 N
37 2 -1.104000 -5.701000 11.802000 C
38 2 -0.527000 -6.905000 11.939000 C
39 3 4.927000 -8.851000 11.652000 P
40 3 6.115000 -9.733000 11.824000 O
41 3 4.938000 -7.488000 12.228000 O
42 3 4.627000 -8.728000 10.097000 O
43 3 5.168000 -7.662000 9.313000 C
44 3 4.610000 -7.736000 7.916000 C
45 3 3.181000 -7.611000 7.943000 O
46 3 5.085000 -6.609000 7.022000 C
47 3 6.318000 -6.990000 6.446000 O
48 3 3.986000 -6.517000 6.000000 C
49 3 2.779000 -6.780000 6.862000 C
50 3 2.080000 -5.623000 7.407000 N
51 3 1.862000 -5.326000 8.732000 C
52 3 1.130000 -4.255000 8.901000 N
53 3 0.867000 -3.815000 7.615000 C
54 3 0.112000 -2.709000 7.165000 C
55 3 -0.523000 -1.879000 7.847000 O
56 3 0.111000 -2.620000 5.770000 N
57 3 0.755000 -3.493000 4.923000 C
58 3 0.657000 -3.254000 3.597000 N
59 3 1.448000 -4.537000 5.340000 N
60 3 1.461000 -4.636000 6.683000 C
61 4 7.388000 -5.876000 6.057000 P
62 4 8.586000 -6.582000 5.562000 O
63 4 7.519000 -4.892000 7.155000 O
64 4 6.695000 -5.075000 4.867000 O
65 4 6.607000 -5.593000 3.537000 C
66 4 6.164000 -4.491000 2.602000 C
67 4 4.773000 -4.137000 2.796000 O
68 4 6.914000 -3.181000 2.803000 C
69 4 8.145000 -3.233000 2.128000 O
70 4 5.984000 -2.175000 2.179000 C
71 4 4.636000 -2.716000 2.633000 C
72 4 4.141000 -2.149000 3.909000 N
73 4 3.271000 -1.074000 3.837000 C
74 4 2.940000 -0.537000 2.780000 O
75 4 2.804000 -0.636000 5.051000 N
76 4 3.116000 -1.131000 6.302000 C
77 4 2.572000 -0.638000 7.303000 O
78 4 4.069000 -2.235000 6.312000 C
79 4 4.497000 -2.816000 7.626000 C
80 4 4.525000 -2.684000 5.128000 C
81 5 9.376000 -2.380000 2.659000 P
82 5 10.498000 -2.588000 1.692000 O
83 5 9.600000 -2.622000 4.089000 O
84 5 8.856000 -0.887000 2.471000 O
85 5 9.074000 0.118000 3.482000 C
86 5 8.315000 1.367000 3.117000 C
87 5 6.903000 1.108000 3.229000 O
88 5 8.545000 2.562000 4.012000 C
89 5 9.732000 3.236000 3.637000 O
90 5 7.302000 3.377000 3.750000 C
91 5 6.236000 2.289000 3.676000 C
92 5 5.632000 2.001000 4.980000 N
93 5 5.950000 1.013000 5.871000 C
94 5 5.219000 1.026000 6.958000 N
95 5 4.363000 2.099000 6.775000 C
96 5 3.343000 2.656000 7.571000 C
97 5 2.991000 2.211000 8.774000 N
98 5 2.681000 3.716000 7.079000 N
99 5 3.027000 4.192000 5.891000 C
100 5 3.967000 3.773000 5.057000 N
101 5 4.607000 2.709000 5.562000 C
133 7 10.340000 9.333000 7.018000 P
134 7 11.300000 10.393000 6.619000 O
135 7 10.847000 8.096000 7.674000 O
136 7 9.292000 10.033000 7.995000 O
137 7 8.670000 11.275000 7.645000 C
138 7 7.607000 11.634000 8.661000 C
139 7 6.527000 10.674000 8.618000 O
140 7 8.063000 11.632000 10.109000 C
141 7 8.767000 12.830000 10.429000 O
142 7 6.736000 11.511000 10.837000 C
143 7 5.988000 10.510000 9.937000 C
144 7 6.280000 9.141000 10.388000 N
145 7 7.254000 8.270000 9.961000 C
146 7 7.284000 7.144000 10.628000 N
147 7 6.253000 7.269000 11.549000 C
148 7 5.774000 6.411000 12.572000 C
149 7 6.277000 5.176000 12.833000 N
150 7 4.751000 6.867000 13.331000 N
151 7 4.233000 8.084000 13.076000 C
152 7 4.594000 8.971000 12.142000 N
153 7 5.621000 8.495000 11.409000 C
154 8 9.901000 12.795000 11.552000 P
155 8 10.523000 14.140000 11.540000 O
156 8 10.748000 11.588000 11.392000 O
157 8 9.083000 12.624000 12.906000 O
158 8 8.069000 13.576000 13.289000 C
159 8 7.282000 13.054000 14.467000 C
160 8 6.603000 11.834000 14.089000 O
161 8 8.094000 12.635000 15.682000 C
162 8 8.483000 13.764000 16.466000 O
163 8 7.099000 11.754000 16.415001 C
164 8 6.428000 11.018000 15.246000 C
165 8 7.112000 9.732000 15.020000 N
166 8 6.661000 8.639000 15.751000 C
167 8 5.690000 8.816000 16.533001 O
168 8 7.286000 7.433000 15.600000 N
169 8 8.317000 7.321000 14.760000 C
170 8 8.897000 6.120000 14.653000 N
171 8 8.791000 8.430000 13.997000 C
172 8 8.167000 9.602000 14.156000 C
173 9 9.723000 13.628000 17.479000 P
174 9 9.888000 14.963000 18.091000 O
175 9 10.871000 12.965000 16.820999 O
176 9 9.188000 12.670000 18.632999 O
177 9 8.156000 13.106000 19.524000 C
178 9 7.782000 11.997000 20.479000 C
179 9 7.243000 10.878000 19.746000 O
180 9 8.907000 11.383000 21.292000 C
181 9 9.210000 12.185000 22.413000 O
182 9 8.267000 10.095000 21.747000 C
183 9 7.525000 9.685000 20.481001 C
184 9 8.297000 8.778000 19.629999 N
185 9 8.984000 9.042000 18.468000 C
186 9 9.556000 7.978000 17.965000 N
187 9 9.223000 6.963000 18.851000 C
188 9 9.543000 5.567000 18.844000 C
189 9 10.203000 4.920000 18.007000 O
190 9 9.001000 4.914000 19.951000 N
191 9 8.248000 5.517000 20.931000 C
192 9 7.798000 4.746000 21.934000 N
193 9 7.948000 6.798000 20.937000 N
194 9 8.457000 7.450000 19.882999 C
195 10 10.634000 12.057000 23.108000 P
196 10 10.631000 13.120000 24.152000 O
197 10 11.720000 11.997000 22.112000 O
198 10 10.587000 10.666000 23.886999 O
199 10 9.637000 10.437000 24.937000 C
200 10 9.766000 9.021000 25.455000 C
201 10 9.369000 8.098000 24.417999 O
202 10 11.166000 8.563000 25.865000 C
203 10 11.510000 8.929000 27.198000 O
204 10 11.046000 7.056000 25.747000 C
205 10 10.129000 6.902000 24.534000 C
206 10 10.863000 6.717000 23.280001 N
207 10 11.281000 5.446000 22.966999 C
208 10 11.003000 4.526000 23.780001 O
209 10 11.966000 5.242000 21.808001 N
210 10 12.224000 6.280000 21.000000 C
211 10 12.903000 6.044000 19.875999 N
212 10 11.796000 7.597000 21.309999 C
213 10 11.128000 7.768000 22.448999 C
215 11 14.419000 -3.909000 17.809000 O
216 11 14.104000 -5.017000 18.670000 C
217 11 13.459000 -4.572000 19.959999 C
218 11 14.146000 -3.403000 20.434000 O
219 11 11.994000 -4.157000 19.853001 C
220 11 11.188000 -5.285000 20.153000 O
221 11 11.846000 -3.141000 20.959999 C
222 11 13.201000 -2.490000 20.968000 C
223 11 13.362000 -1.213000 20.288000 N
224 11 14.046000 -0.979000 19.112000 C
225 11 14.093000 0.290000 18.799999 N
226 11 13.389000 0.922000 19.820000 C
227 11 13.117000 2.295000 20.035000 C
228 11 13.466000 3.267000 19.340000 O
229 11 12.362000 2.492000 21.197001 N
230 11 11.942000 1.498000 22.040001 C
231 11 11.230000 1.872000 23.097000 N
232 11 12.199000 0.219000 21.855000 N
233 11 12.921000 0.001000 20.732000 C
234 12 9.593000 -5.205000 20.030001 P
235 12 9.092000 -6.472000 20.665001 O
236 12 9.166000 -4.862000 18.657000 O
237 12 9.194000 -3.968000 20.954000 O
238 12 9.130000 -4.112000 22.392000 C
239 12 8.508000 -2.889000 23.007999 C
240 12 9.356000 -1.760000 22.743000 O
241 12 7.184000 -2.505000 22.382999 C
242 12 6.124000 -3.220000 22.993999 O
243 12 7.099000 -1.026000 22.674000 C
244 12 8.546000 -0.609000 22.541000 C
245 12 8.925000 0.007000 21.263000 N
246 12 8.777000 1.386000 21.122999 C
247 12 8.288000 2.021000 22.073999 O
248 12 9.165000 1.986000 19.961000 N
249 12 9.673000 1.242000 18.966000 C
250 12 10.055000 1.870000 17.841999 N
251 12 9.813000 -0.174000 19.084999 C
252 12 9.431000 -0.746000 20.237000 C
253 13 4.673000 -3.195000 22.320000 P
254 13 3.775000 -4.031000 23.173000 O
255 13 4.786000 -3.485000 20.848000 O
256 13 4.216000 -1.670000 22.480000 O
257 13 3.499000 -0.978000 21.441000 C
258 13 3.400000 0.492000 21.764000 C
259 13 4.701000 1.108000 21.691999 O
260 13 2.565000 1.288000 20.773001 C
261 13 1.193000 1.208000 21.124001 O
262 13 3.101000 2.686000 20.948999 C
263 13 4.570000 2.418000 21.146999 C
264 13 5.357000 2.488000 19.931999 N
265 13 6.022000 1.455000 19.313999 C
266 13 6.671000 1.831000 18.245001 N
267 13 6.413000 3.194000 18.148001 C
268 13 6.848000 4.136000 17.193001 C
269 13 7.587000 3.941000 16.209999 O
270 13 6.345000 5.416000 17.465000 N
271 13 5.533000 5.740000 18.531000 C
272 13 5.147000 7.026000 18.627001 N
273 13 5.124000 4.859000 19.440001 N
274 13 5.601000 3.613000 19.183001 C
275 14 0.081000 1.292000 19.976999 P
276 14 -1.253000 1.069000 20.584999 O
277 14 0.500000 0.479000 18.813999 O
278 14 0.136000 2.814000 19.496000 O
279 14 -0.231000 3.896000 20.375999 C
280 14 -0.096000 5.217000 19.658001 C
281 14 1.295000 5.515000 19.412001 O
282 14 -0.694000 5.229000 18.264000 C
283 14 -2.094000 5.352000 18.274000 O
284 14 -0.025000 6.431000 17.652000 C
285 14 1.380000 6.242000 18.173000 C
286 14 2.192000 5.466000 17.233000 N
287 14 2.801000 6.167000 16.216999 C
288 14 2.669000 7.368000 16.059999 O
289 14 3.574000 5.401000 15.386000 N
290 14 3.790000 4.024000 15.453000 C
291 14 4.528000 3.493000 14.622000 O
292 14 3.107000 3.341000 16.537001 C
293 14 3.269000 1.858000 16.684999 C
294 14 2.346000 4.087000 17.364000 C
295 15 -2.921000 4.826000 17.018999 P
296 15 -4.364000 4.937000 17.341000 O
297 15 -2.343000 3.517000 16.566999 O
298 15 -2.637000 5.905000 15.879000 O
299 15 -3.117000 7.253000 16.009001 C
300 15 -2.610000 8.103000 14.870000 C
301 15 -1.169000 8.083000 14.858000 O
302 15 -2.973000 7.597000 13.492000 C
303 15 -4.289000 7.970000 13.133000 O
304 15 -1.919000 8.249000 12.632000 C
305 15 -0.697000 8.130000 13.517000 C
306 15 0.115000 6.936000 13.295000 N
307 15 0.103000 5.772000 14.042000 C
308 15 0.960000 4.870000 13.623000 N
309 15 1.575000 5.473000 12.530000 C
310 15 2.594000 5.037000 11.658000 C
311 15 3.194000 3.846000 11.759000 N
312 15 2.981000 5.891000 10.665000 N
313 15 2.387000 7.094000 10.568000 C
314 15 1.426000 7.612000 11.329000 N
315 15 1.062000 6.745000 12.310000 C
347 17 -5.825000 7.029000 6.441000 P
348 17 -7.085000 7.600000 5.897000 O
349 17 -5.885000 5.965000 7.451000 O
350 17 -4.927000 6.550000 5.230000 O
351 17 -4.796000 7.351000 4.061000 C
352 17 -3.820000 6.706000 3.110000 C
353 17 -2.498000 6.647000 3.698000 O
354 17 -4.120000 5.259000 2.750000 C
355 17 -5.133000 5.190000 1.765000 O
356 17 -2.782000 4.800000 2.218000 C
357 17 -1.824000 5.467000 3.212000 C
358 17 -1.548000 4.587000 4.361000 N
359 17 -2.197000 4.519000 5.574000 C
360 17 -1.715000 3.595000 6.382000 N
361 17 -0.679000 3.024000 5.656000 C
362 17 0.237000 1.981000 5.950000 C
363 17 0.256000 1.308000 7.112000 N
364 17 1.141000 1.654000 4.992000 N
365 17 1.127000 2.326000 3.824000 C
366 17 0.324000 3.320000 3.436000 N
367 17 -0.566000 3.624000 4.405000 C
368 18 -6.155000 3.954000 1.764000 P
369 18 -7.196000 4.243000 0.737000 O
370 18 -6.579000 3.671000 3.146000 O
371 18 -5.278000 2.708000 1.279000 O
372 18 -4.740000 2.653000 -0.047000 C
373 18 -3.657000 1.601000 -0.144000 C
374 18 -2.588000 1.928000 0.780000 O
375 18 -4.046000 0.173000 0.227000 C
376 18 -4.758000 -0.517000 -0.821000 O
377 18 -2.684000 -0.442000 0.480000 C
378 18 -1.974000 0.702000 1.225000 C
379 18 -2.201000 0.542000 2.682000 N
380 18 -1.319000 -0.282000 3.391000 C
381 18 -0.367000 -0.802000 2.761000 O
382 18 -1.519000 -0.494000 4.719000 N
383 18 -2.548000 0.090000 5.336000 C
384 18 -2.705000 -0.151000 6.647000 N
385 18 -3.462000 0.948000 4.635000 C
386 18 -3.247000 1.143000 3.323000 C
387 19 -5.853000 -1.640000 -0.437000 P
388 19 -6.653000 -1.880000 -1.664000 O
389 19 -6.544000 -1.307000 0.831000 O
390 19 -4.972000 -2.923000 -0.112000 O
391 19 -3.994000 -3.404000 -1.046000 C
392 19 -3.007000 -4.311000 -0.352000 C
393 19 -2.362000 -3.600000 0.723000 O
394 19 -3.563000 -5.571000 0.324000 C
395 19 -3.771000 -6.627000 -0.617000 O
396 19 -2.453000 -5.935000 1.278000 C
397 19 -2.053000 -4.555000 1.746000 C
398 19 -2.623000 -4.110000 3.009000 N
399 19 -3.482000 -3.061000 3.252000 C
400 19 -3.736000 -2.893000 4.527000 N
401 19 -3.010000 -3.901000 5.153000 C
402 19 -2.857000 -4.231000 6.547000 C
403 19 -3.335000 -3.652000 7.546000 O
404 19 -2.035000 -5.351000 6.721000 N
405 19 -1.421000 -6.054000 5.700000 C
406 19 -0.681000 -7.115000 6.049000 N
407 19 -1.535000 -5.742000 4.420000 N
408 19 -2.334000 -4.665000 4.223000 C
409 20 -4.812000 -7.802000 -0.287000 P
410 20 -4.756000 -8.675000 -1.504000 O
411 20 -6.130000 -7.299000 0.202000 O
412 20 -4.123000 -8.592000 0.916000 O
413 20 -2.973000 -9.464000 0.715000 C
414 20 -2.713000 -10.276000 1.966000 C
415 20 -2.300000 -9.400000 3.041000 O
416 20 -3.908000 -11.034000 2.553000 C
417 20 -4.169000 -12.286000 1.918000 O
418 20 -3.505000 -11.222000 4.003000 C
419 20 -2.781000 -9.915000 4.295000 C
420 20 -3.596000 -8.872000 4.937000 N
421 20 -3.641000 -8.841000 6.321000 C
422 20 -3.034000 -9.732000 6.947000 O
423 20 -4.338000 -7.853000 6.936000 N
424 20 -4.986000 -6.949000 6.196000 C
425 20 -5.652000 -5.997000 6.835000 N
426 20 -4.972000 -6.981000 4.764000 C
427 20 -4.274000 -7.946000 4.186000 C
