446
1 1 4.844 14.135 8.980 O
2 1 5.602 13.002 8.550 C
3 1 4.702 11.791 8.561 C
4 1 5.426 10.672 8.014 O
5 1 4.221 11.325 9.931 C
6 1 2.894 10.816 9.793 O
7 1 5.241 10.275 10.317 C
8 1 5.468 9.601 8.981 C
9 1 6.747 8.940 8.718 N
10 1 6.738 7.755 7.977 C
11 1 5.645 7.290 7.622 O
12 1 7.909 7.147 7.694 N
13 1 9.058 7.690 8.087 C
14 1 10.183 7.042 7.787 N
15 1 9.100 8.911 8.820 C
16 1 7.933 9.497 9.096 C
17 2 2.000 10.466 11.076 P
18 2 0.593 10.867 10.801 O
19 2 2.640 11.012 12.308 O
20 2 2.083 8.881 11.161 O
21 2 1.371 8.096 10.203 C
22 2 1.404 6.650 10.627 C
23 2 2.686 6.067 10.317 O
24 2 1.196 6.424 12.130 C
25 2 0.305 5.335 12.256 O
26 2 2.582 6.171 12.655 C
27 2 3.264 5.490 11.490 C
28 2 4.694 5.715 11.360 N
29 2 5.442 6.784 11.778 C
30 2 6.710 6.659 11.484 N
31 2 6.800 5.441 10.827 C
32 2 7.925 4.774 10.280 C
33 2 9.103 5.149 10.265 O
34 2 7.561 3.563 9.710 N
35 2 6.288 3.047 9.668 C
36 2 6.146 1.856 9.071 N
37 2 5.239 3.665 10.184 N
38 2 5.566 4.844 10.743 C
39 3 -0.302 4.832 13.653 P
40 3 -1.783 4.720 13.495 O
41 3 0.203 5.644 14.789 O
42 3 0.301 3.359 13.787 O
43 3 -0.013 2.397 12.772 C
44 3 1.125 1.414 12.678 C
45 3 2.361 2.071 12.353 O
46 3 1.421 0.689 13.990 C
47 3 0.585 -0.460 14.080 O
48 3 2.879 0.342 13.916 C
49 3 3.436 1.249 12.864 C
50 3 4.446 2.221 13.305 N
51 3 5.783 1.977 12.985 C
52 3 6.059 0.956 12.350 O
53 3 6.733 2.863 13.358 N
54 3 6.378 3.953 14.039 C
55 3 7.354 4.796 14.392 N
56 3 5.025 4.218 14.386 C
57 3 4.089 3.339 14.008 C
58 4 0.460 -1.225 15.480 P
59 4 -0.783 -2.044 15.472 O
60 4 0.718 -0.306 16.626 O
61 4 1.707 -2.227 15.425 O
62 4 1.845 -3.184 14.375 C
63 4 3.135 -3.932 14.613 C
64 4 4.240 -3.006 14.511 O
65 4 3.257 -4.584 15.992 C
66 4 3.904 -5.831 15.862 O
67 4 4.058 -3.576 16.771 C
68 4 4.962 -2.954 15.712 C
69 4 5.314 -1.571 16.027 N
70 4 4.530 -0.606 16.602 C
71 4 5.143 0.534 16.748 N
72 4 6.416 0.309 16.241 C
73 4 7.534 1.167 16.130 C
74 4 7.633 2.356 16.472 O
75 4 8.634 0.533 15.556 N
76 4 8.639 -0.776 15.139 C
77 4 9.781 -1.228 14.604 N
78 4 7.601 -1.586 15.234 N
79 4 6.533 -0.987 15.789 C
80 5 4.435 -6.737 17.076 P
81 5 4.206 -8.167 16.712 O
82 5 3.935 -6.251 18.386 O
83 5 6.015 -6.494 17.048 O
84 5 6.706 -6.829 15.838 C
85 5 8.184 -6.622 16.019 C
86 5 8.482 -5.227 16.266 O
87 5 8.792 -7.378 17.200 C
88 5 10.056 -7.872 16.778 O
89 5 8.871 -6.350 18.291 C
90 5 9.141 -5.072 17.534 C
91 5 8.571 -3.840 18.070 N
92 5 7.288 -3.654 18.518 C
93 5 7.045 -2.429 18.921 N
94 5 8.243 -1.764 18.714 C
95 5 8.640 -0.435 18.938 C
96 5 7.831 0.492 19.447 N
97 5 9.907 -0.085 18.627 N
98 5 10.704 -1.023 18.115 C
99 5 10.450 -2.300 17.851 N
100 5 9.191 -2.619 18.179 C
101 6 11.071 -8.632 17.733 P
102 6 11.987 -9.453 16.886 O
103 6 10.361 -9.293 18.860 O
104 6 11.924 -7.462 18.393 O
105 6 12.852 -6.730 17.591 C
106 6 13.565 -5.748 18.492 C
107 6 12.635 -4.742 18.925 O
108 6 14.151 -6.367 19.762 C
109 6 15.551 -6.175 19.692 O
110 6 13.497 -5.643 20.909 C
111 6 12.981 -4.377 20.288 C
112 6 11.749 -3.803 20.806 N
113 6 10.550 -4.439 21.001 C
114 6 9.603 -3.661 21.461 N
115 6 10.222 -2.420 21.564 C
116 6 9.756 -1.171 21.992 C
117 6 8.509 -0.942 22.414 N
118 6 10.628 -0.141 21.976 N
119 6 11.878 -0.346 21.561 C
120 6 12.426 -1.484 21.143 N
121 6 11.540 -2.485 21.159 C
143 8 19.564 -2.238 24.743 P
144 8 20.868 -1.658 24.285 O
145 8 19.548 -3.561 25.401 O
146 8 18.884 -1.177 25.717 O
147 8 18.668 0.156 25.218 C
148 8 17.867 0.932 26.225 C
149 8 16.559 0.321 26.343 O
150 8 18.451 0.962 27.636 C
151 8 18.732 2.322 27.937 O
152 8 17.394 0.335 28.509 C
153 8 16.138 0.545 27.733 C
154 8 14.996 -0.351 27.866 N
155 8 13.752 0.185 28.107 C
156 8 13.543 1.374 28.247 O
157 8 12.738 -0.730 28.205 N
158 8 12.848 -2.100 28.050 C
159 8 11.853 -2.799 28.153 O
160 8 14.177 -2.603 27.797 C
161 8 14.393 -4.076 27.633 C
162 8 15.170 -1.710 27.706 C
163 9 19.101 2.917 29.372 P
164 9 19.954 4.125 29.162 O
165 9 19.588 1.819 30.245 O
166 9 17.698 3.419 29.946 O
167 9 16.916 4.360 29.209 C
168 9 15.709 4.736 30.028 C
169 9 14.824 3.615 30.205 O
170 9 16.029 5.221 31.448 C
171 9 15.234 6.370 31.661 O
172 9 15.683 4.046 32.323 C
173 9 14.501 3.455 31.623 C
174 9 14.202 2.017 31.660 N
175 9 12.916 1.557 31.915 C
176 9 11.997 2.352 32.178 O
177 9 12.675 0.226 31.894 N
178 9 13.662 -0.625 31.604 C
179 9 13.400 -1.934 31.600 N
180 9 14.981 -0.174 31.328 C
181 9 15.208 1.140 31.355 C
182 10 15.510 7.415 32.839 P
183 10 14.897 8.707 32.421 O
184 10 16.918 7.357 33.292 O
185 10 14.612 6.830 34.034 O
186 10 13.188 6.858 33.916 C
187 10 12.584 6.017 35.010 C
188 10 12.839 4.607 34.727 O
189 10 13.138 6.245 36.409 C
190 10 12.109 6.203 37.380 O
191 10 14.091 5.072 36.611 C
192 10 13.228 3.999 35.975 C
193 10 13.836 2.726 35.643 N
194 10 15.123 2.354 35.382 C
195 10 15.242 1.074 35.121 N
196 10 13.951 0.575 35.214 C
197 10 13.416 -0.723 35.044 C
198 10 14.004 -1.774 34.759 O
199 10 12.035 -0.759 35.241 N
200 10 11.261 0.326 35.566 C
201 10 9.950 0.110 35.718 N
202 10 11.740 1.549 35.726 N
203 10 13.073 1.582 35.536 C
204 11 11.358 7.520 37.905 P
205 11 11.264 8.550 36.838 O
206 11 11.957 7.902 39.222 O
207 11 9.908 6.948 38.229 O
208 11 8.966 6.741 37.178 C
209 11 7.971 5.717 37.654 C
210 11 8.553 4.391 37.660 O
211 11 7.460 5.905 39.082 C
212 11 6.077 5.583 39.071 O
213 11 8.287 4.954 39.909 C
214 11 8.524 3.800 38.972 C
215 11 9.802 3.080 39.030 N
216 11 9.789 1.699 38.792 C
217 11 8.701 1.150 38.600 O
218 11 10.952 1.015 38.802 N
219 11 12.105 1.658 38.979 C
220 11 13.222 0.934 38.988 N
221 11 12.153 3.065 39.203 C
222 11 10.993 3.720 39.195 C
223 12 5.139 5.892 40.316 P
224 12 3.723 5.898 39.861 O
225 12 5.653 7.088 41.042 O
226 12 5.363 4.671 41.292 O
227 12 4.778 3.400 40.983 C
228 12 5.324 2.399 41.957 C
229 12 6.708 2.118 41.651 O
230 12 5.383 2.859 43.413 C
231 12 4.182 2.477 44.076 O
232 12 6.615 2.206 43.988 C
233 12 7.230 1.475 42.814 C
234 12 8.679 1.550 42.712 N
235 12 9.483 2.655 42.833 C
236 12 10.743 2.382 42.680 N
237 12 10.782 1.016 42.437 C
238 12 11.875 0.151 42.193 C
239 12 13.081 0.408 42.139 O
240 12 11.453 -1.160 41.998 N
241 12 10.143 -1.582 42.031 C
242 12 9.918 -2.885 41.823 N
243 12 9.113 -0.784 42.257 N
244 12 9.511 0.490 42.447 C
246 13 17.057 -7.948 42.635 O
247 13 16.165 -9.050 42.541 C
248 13 14.870 -8.664 41.878 C
249 13 14.371 -7.420 42.427 O
250 13 14.968 -8.409 40.382 C
251 13 13.746 -8.702 39.735 O
252 13 15.226 -6.917 40.300 C
253 13 14.252 -6.458 41.372 C
254 13 14.532 -5.145 41.960 N
255 13 13.547 -4.159 41.919 C
256 13 12.453 -4.412 41.385 O
257 13 13.827 -2.957 42.470 N
258 13 15.013 -2.726 43.042 C
259 13 15.235 -1.520 43.567 N
260 13 16.029 -3.719 43.094 C
261 13 15.747 -4.902 42.544 C
262 14 13.644 -9.866 38.642 P
263 14 13.945 -11.170 39.290 O
264 14 14.374 -9.518 37.399 O
265 14 12.079 -9.818 38.297 O
266 14 11.105 -10.038 39.327 C
267 14 9.961 -9.069 39.118 C
268 14 10.367 -7.749 39.507 O
269 14 9.522 -8.980 37.664 C
270 14 8.198 -9.480 37.534 O
271 14 9.551 -7.532 37.285 C
272 14 9.853 -6.803 38.569 C
273 14 10.886 -5.788 38.403 N
274 14 12.220 -6.020 38.166 C
275 14 12.909 -4.918 38.059 N
276 14 11.974 -3.908 38.234 C
277 14 12.126 -2.495 38.227 C
278 14 13.179 -1.874 38.052 O
279 14 10.918 -1.854 38.446 N
280 14 9.712 -2.473 38.644 C
281 14 8.651 -1.676 38.841 N
282 14 9.552 -3.785 38.660 N
283 14 10.718 -4.429 38.448 C
284 15 7.537 -9.622 36.095 P
285 15 6.394 -10.571 36.260 O
286 15 8.589 -9.948 35.076 O
287 15 6.933 -8.213 35.713 O
288 15 5.844 -7.680 36.492 C
289 15 5.769 -6.196 36.235 C
290 15 7.039 -5.587 36.552 O
291 15 5.514 -5.781 34.792 C
292 15 4.113 -5.779 34.551 O
293 15 6.107 -4.402 34.713 C
294 15 7.175 -4.395 35.764 C
295 15 8.573 -4.435 35.297 N
296 15 9.269 -3.221 35.258 C
297 15 8.653 -2.205 35.591 O
298 15 10.560 -3.213 34.883 N
299 15 11.153 -4.353 34.529 C
300 15 12.425 -4.286 34.141 N
301 15 10.475 -5.602 34.569 C
302 15 9.196 -5.600 34.961 C
303 16 3.532 -5.512 33.097 P
304 16 2.151 -6.081 33.041 O
305 16 4.466 -5.970 32.026 O
306 16 3.405 -3.935 32.966 O
307 16 2.686 -3.144 33.906 C
308 16 2.925 -1.682 33.616 C
309 16 4.335 -1.386 33.708 O
310 16 2.503 -1.217 32.221 C
311 16 2.022 0.111 32.329 O
312 16 3.769 -1.347 31.416 C
313 16 4.843 -1.001 32.448 C
314 16 6.095 -1.687 32.155 N
315 16 6.278 -2.971 31.712 C
316 16 7.536 -3.279 31.539 N
317 16 8.221 -2.121 31.878 C
318 16 9.610 -1.847 31.878 C
319 16 10.546 -2.596 31.578 O
320 16 9.869 -0.546 32.282 N
321 16 8.925 0.378 32.653 C
322 16 9.383 1.582 33.017 N
323 16 7.621 0.130 32.662 N
324 16 7.349 -1.129 32.258 C
325 17 1.864 1.164 31.145 P
326 17 0.770 2.114 31.512 O
327 17 1.787 0.469 29.830 O
328 17 3.228 1.994 31.178 O
329 17 3.567 2.744 32.349 C
330 17 4.682 3.712 32.034 C
331 17 5.894 2.983 31.732 O
332 17 4.420 4.617 30.832 C
333 17 4.950 5.903 31.103 O
334 17 5.137 3.918 29.714 C
335 17 6.314 3.266 30.381 C
336 17 6.736 1.964 29.860 N
337 17 5.918 0.899 29.578 C
338 17 6.567 -0.157 29.148 N
339 17 7.896 0.236 29.184 C
340 17 9.083 -0.441 28.849 C
341 17 9.093 -1.699 28.406 N
342 17 10.252 0.226 28.980 N
343 17 10.213 1.484 29.429 C
344 17 9.164 2.225 29.770 N
345 17 8.018 1.538 29.632 C
346 18 5.011 7.069 30.009 P
347 18 4.957 8.367 30.743 O
348 18 4.014 6.828 28.933 O
349 18 6.476 6.931 29.384 O
350 18 7.633 7.050 30.219 C
351 18 8.870 6.856 29.378 C
352 18 8.930 5.488 28.918 O
353 18 8.936 7.735 28.126 C
354 18 10.140 8.490 28.182 O
355 18 8.861 6.753 26.980 C
356 18 9.397 5.478 27.539 C
357 18 8.905 4.197 27.042 N
358 18 7.583 3.831 26.939 C
359 18 7.402 2.615 26.493 N
360 18 8.692 2.142 26.292 C
361 18 9.186 0.910 25.830 C
362 18 8.413 -0.110 25.465 N
363 18 10.527 0.759 25.749 N
364 18 11.302 1.782 26.123 C
365 18 10.961 2.986 26.576 N
366 18 9.628 3.101 26.639 C
388 20 15.418 8.078 22.749 P
389 20 16.777 8.469 23.210 O
390 20 14.578 9.085 22.042 O
391 20 15.546 6.825 21.781 O
392 20 16.248 5.657 22.213 C
393 20 16.068 4.608 21.140 C
394 20 14.696 4.150 21.146 O
395 20 16.355 5.087 19.717 C
396 20 17.441 4.334 19.216 O
397 20 15.079 4.840 18.952 C
398 20 14.397 3.781 19.768 C
399 20 12.939 3.665 19.714 N
400 20 12.412 2.423 19.418 C
401 20 13.112 1.449 19.203 O
402 20 11.049 2.376 19.407 N
403 20 10.171 3.411 19.657 C
404 20 8.963 3.221 19.585 O
405 20 10.788 4.691 19.931 C
406 20 9.904 5.869 20.198 C
407 20 12.123 4.751 19.952 C
408 21 17.993 4.517 17.719 P
409 21 19.472 4.323 17.728 O
410 21 17.474 5.751 17.065 O
411 21 17.357 3.264 16.983 O
412 21 17.593 1.933 17.470 C
413 21 16.847 1.053 16.494 C
414 21 15.442 1.290 16.692 O
415 21 17.164 1.370 15.033 C
416 21 17.750 0.228 14.426 O
417 21 15.843 1.762 14.426 C
418 21 14.812 1.230 15.373 C
419 21 13.556 1.954 15.618 N
420 21 12.321 1.316 15.489 C
421 21 12.263 0.130 15.135 O
422 21 11.187 2.014 15.741 N
423 21 11.258 3.292 16.119 C
424 21 10.125 3.945 16.375 N
425 21 12.508 3.958 16.267 C
426 21 13.618 3.262 16.018 C
427 22 18.487 0.228 13.009 P
428 22 19.401 -0.942 12.932 O
429 22 18.984 1.587 12.660 O
430 22 17.258 0.005 11.996 O
431 22 16.504 -1.205 12.125 C
432 22 15.306 -1.144 11.219 C
433 22 14.289 -0.288 11.812 O
434 22 15.537 -0.557 9.831 C
435 22 14.729 -1.268 8.918 O
436 22 15.048 0.872 9.946 C
437 22 13.810 0.580 10.784 C
438 22 13.185 1.721 11.425 N
439 22 13.751 2.893 11.846 C
440 22 12.877 3.702 12.387 N
441 22 11.674 3.012 12.318 C
442 22 10.370 3.366 12.738 C
443 22 9.989 4.404 13.288 O
444 22 9.440 2.367 12.474 N
445 22 9.726 1.167 11.872 C
446 22 8.688 0.335 11.702 N
447 22 10.938 0.821 11.474 N
448 22 11.849 1.782 11.727 C
449 23 15.240 -1.869 7.554 P
450 23 16.152 -3.009 7.807 O
451 23 15.745 -0.737 6.724 O
452 23 13.906 -2.408 6.876 O
453 23 13.102 -3.418 7.496 C
454 23 11.674 -3.186 7.053 C
455 23 11.130 -2.062 7.777 O
456 23 11.520 -2.879 5.565 C
457 23 10.550 -3.753 4.998 O
458 23 11.106 -1.432 5.531 C
459 23 10.467 -1.178 6.873 C
460 23 10.657 0.172 7.436 N
461 23 9.594 0.898 7.987 C
462 23 8.460 0.405 7.993 O
463 23 9.813 2.141 8.490 N
464 23 11.034 2.659 8.467 C
465 23 11.229 3.877 8.976 N
466 23 12.142 1.945 7.921 C
467 23 11.911 0.725 7.435 C
468 24 10.293 -3.787 3.411 P
469 24 9.899 -5.174 3.037 O
470 24 11.364 -3.051 2.714 O
471 24 8.992 -2.843 3.255 O
472 24 7.792 -3.310 3.844 C
473 24 6.782 -2.208 3.951 C
474 24 7.211 -1.269 4.970 O
475 24 6.588 -1.320 2.730 C
476 24 5.780 -1.973 1.760 O
477 24 5.933 -0.101 3.341 C
478 24 6.587 -0.001 4.686 C
479 24 7.652 0.992 4.808 N
480 24 8.952 0.893 4.391 C
481 24 9.665 1.954 4.649 N
482 24 8.779 2.816 5.285 C
483 24 8.959 4.121 5.812 C
484 24 9.972 4.825 5.825 O
485 24 7.791 4.619 6.369 N
486 24 6.594 3.950 6.418 C
487 24 5.577 4.594 6.993 N
488 24 6.416 2.735 5.927 N
489 24 7.537 2.232 5.389 C
