500 1271
0 2
0 3
0 4
1 3
1 4
2 5
2 6
2 7
2 8
3 4
3 6
3 7
3 9
3 10
4 7
4 8
4 9
4 20
4 22
4 23
5 6
5 7
5 21
5 22
5 23
5 24
6 9
7 8
8 10
8 18
8 19
9 11
9 12
9 18
10 12
10 19
11 13
11 14
11 19
12 14
12 15
12 16
12 18
13 16
13 18
13 19
14 15
15 17
15 18
15 19
16 19
17 18
20 24
21 22
21 23
21 24
22 23
23 25
23 26
23 27
24 26
24 27
24 28
25 28
25 29
25 30
25 31
26 27
26 29
26 30
26 32
26 33
27 30
27 31
27 32
27 42
27 44
27 45
28 29
28 30
28 43
28 44
28 45
28 46
29 32
29 48
30 31
31 33
31 40
31 41
32 34
32 35
32 40
33 35
33 41
34 36
34 37
34 41
35 37
35 38
35 39
35 40
36 39
36 40
36 41
37 38
38 40
38 41
39 41
42 46
43 44
43 45
43 46
44 45
45 47
45 48
45 49
46 48
46 49
46 50
47 50
47 51
47 52
47 53
48 49
48 51
48 52
48 54
48 61
49 52
49 53
49 54
49 62
49 64
49 65
50 51
50 52
50 63
50 64
50 65
50 66
51 54
51 55
51 56
52 53
53 55
53 56
53 61
54 56
54 57
54 58
54 60
55 58
55 60
55 61
56 57
57 59
57 60
57 61
58 61
59 60
62 66
63 64
63 65
63 66
64 65
65 67
65 68
65 69
66 68
66 69
67 70
67 71
67 72
67 73
68 69
68 71
68 72
68 74
68 81
69 72
69 73
69 74
69 82
69 84
70 71
70 72
70 83
70 84
70 85
70 86
71 74
72 73
73 75
73 76
73 81
74 76
74 77
74 78
74 80
75 78
75 80
75 81
76 77
77 79
77 80
77 81
78 81
79 80
82 86
83 84
83 85
83 86
84 85
85 87
85 88
85 89
86 88
86 89
86 90
87 90
87 91
87 92
87 93
88 89
88 91
88 92
88 94
88 95
89 92
89 93
89 94
89 104
89 106
89 107
90 91
90 92
90 105
90 106
90 107
90 108
91 94
91 110
92 93
93 95
93 102
93 103
94 96
94 97
94 102
95 97
95 103
96 98
96 99
96 103
97 99
97 100
97 101
97 102
98 101
98 102
98 103
99 100
99 497
100 102
100 103
100 495
101 103
104 108
105 106
105 107
105 108
106 107
107 109
107 110
107 111
108 110
108 111
108 112
109 112
109 113
109 114
109 115
110 111
110 113
110 114
110 116
110 123
111 114
111 115
111 116
111 124
111 126
111 127
112 113
112 114
112 125
112 126
112 127
113 116
113 127
114 115
115 117
115 118
115 123
116 118
116 119
116 120
116 122
117 120
117 122
117 123
118 119
118 477
119 121
119 122
119 123
119 475
120 123
121 122
121 141
121 474
124 128
125 126
125 127
125 128
126 127
127 129
127 130
127 131
127 143
128 130
128 131
128 132
129 132
129 133
129 134
129 135
130 131
130 133
130 134
130 136
130 143
131 134
131 135
131 136
131 144
131 146
132 133
132 134
132 145
132 146
132 147
132 148
133 136
133 137
134 135
135 137
135 138
135 143
136 138
136 139
136 140
136 142
137 140
137 142
137 143
138 139
138 452
139 141
139 142
139 143
139 451
140 143
141 142
144 148
145 146
145 147
145 148
146 147
147 149
147 150
147 151
148 150
148 151
149 152
149 153
149 154
149 155
150 151
150 153
150 154
150 156
150 163
151 154
151 155
151 156
151 164
151 166
152 153
152 154
152 165
152 166
152 167
152 168
153 156
153 157
154 155
154 168
155 157
155 158
155 163
156 158
156 159
156 160
156 162
157 160
157 162
157 163
158 159
159 161
159 162
159 163
160 163
161 162
161 431
164 168
165 166
165 167
166 167
167 169
167 170
167 171
168 170
168 171
168 172
169 172
169 173
169 174
169 175
170 171
170 173
170 174
170 176
170 183
171 174
171 175
171 176
171 184
171 186
171 187
172 173
172 174
172 185
172 186
172 187
173 176
173 187
174 175
175 177
175 178
175 183
176 178
176 179
176 180
176 182
177 180
177 182
177 183
178 179
179 181
179 182
179 183
180 183
181 182
181 411
184 188
185 186
185 187
186 187
186 188
187 189
187 190
188 190
188 191
188 192
189 192
189 193
189 194
189 195
190 191
190 193
190 194
190 196
190 197
191 194
191 195
191 196
191 207
191 209
191 210
192 193
192 194
192 208
192 209
192 210
192 211
193 196
194 195
195 197
195 205
195 206
196 198
196 199
196 205
197 199
197 206
198 200
198 201
198 206
199 201
199 202
199 203
199 205
200 203
200 205
200 206
201 202
201 389
202 204
202 205
202 206
202 388
203 206
204 205
207 211
208 209
208 210
208 211
209 210
210 212
210 213
210 214
210 220
211 213
211 214
212 215
212 216
212 217
212 218
213 214
213 216
213 217
213 219
213 220
214 217
214 218
214 219
214 230
214 232
214 233
215 216
215 217
215 231
215 232
215 233
215 234
216 219
216 229
217 218
218 220
218 228
218 229
219 221
219 222
219 228
220 222
220 229
221 223
221 224
221 229
222 224
222 225
222 226
222 228
223 226
223 228
223 229
224 225
224 371
225 227
225 228
225 229
225 369
226 229
227 228
227 368
230 234
231 232
231 233
231 234
232 233
233 235
233 236
233 237
234 236
234 237
234 238
235 238
235 239
235 240
235 241
236 237
236 239
236 240
236 242
236 249
237 240
237 241
237 242
238 239
238 240
239 242
239 243
239 244
240 241
241 243
241 244
241 249
242 244
242 245
242 246
242 248
243 246
243 248
243 249
244 245
244 350
244 351
245 247
245 248
245 249
245 350
246 249
247 248
250 252
250 253
250 254
251 253
251 254
252 255
252 256
252 257
252 258
253 254
253 256
253 257
253 259
253 260
254 257
254 258
254 259
254 270
254 272
255 256
255 257
255 271
255 272
255 273
255 274
256 259
256 269
257 258
258 260
258 268
258 269
259 261
259 262
259 268
260 262
260 269
261 263
261 264
261 269
262 264
262 265
262 266
262 268
263 266
263 268
263 269
264 265
265 267
265 268
265 269
266 269
267 268
270 274
271 272
271 273
271 274
272 273
273 275
273 276
273 277
274 276
274 277
275 278
275 279
275 280
275 281
276 277
276 279
276 280
276 282
276 283
277 280
277 281
277 282
277 292
277 294
278 279
278 280
278 293
278 294
278 295
278 296
279 282
280 281
281 283
281 290
281 291
282 284
282 285
282 290
283 285
283 291
284 286
284 287
284 291
285 287
285 288
285 289
285 290
286 289
286 290
286 291
287 288
288 290
288 291
289 291
292 296
293 294
293 295
293 296
294 295
295 297
295 298
295 299
296 298
296 299
297 300
297 301
297 302
297 303
298 299
298 301
298 302
298 304
298 311
299 302
299 303
299 304
299 312
299 314
299 315
300 301
300 302
300 313
300 314
300 315
300 316
301 304
302 303
303 305
303 306
303 311
304 306
304 307
304 308
304 310
305 308
305 310
305 311
306 307
307 309
307 310
307 311
308 311
309 310
309 329
312 316
313 314
313 315
313 316
314 315
315 317
315 318
315 319
316 318
316 319
316 320
317 320
317 321
317 322
317 323
318 319
318 321
318 322
318 324
318 331
319 322
319 323
319 324
319 332
319 334
319 335
320 321
320 322
320 333
320 334
320 335
321 324
321 335
322 323
322 335
323 325
323 326
323 331
324 326
324 327
324 328
324 330
325 328
325 330
325 331
326 327
327 329
327 330
327 331
328 331
329 330
332 336
333 334
333 335
334 335
334 336
335 337
335 338
336 338
336 339
336 340
337 340
337 341
337 342
337 343
338 339
338 341
338 342
338 344
338 345
339 342
339 343
339 344
339 354
339 356
339 357
340 341
340 342
340 355
340 356
340 357
340 358
341 344
342 343
343 345
343 352
343 353
344 346
344 347
344 352
345 347
345 353
346 348
346 349
346 353
347 349
347 350
347 351
347 352
348 351
348 352
348 353
349 350
350 352
350 353
351 353
354 358
355 356
355 357
355 358
356 357
357 359
357 360
357 361
358 360
358 361
358 362
359 362
359 363
359 364
359 365
360 361
360 363
360 364
360 366
360 373
361 364
361 365
361 366
361 374
361 376
361 377
362 363
362 364
362 375
362 376
362 377
362 378
363 366
363 367
363 368
364 365
365 367
365 368
365 373
366 368
366 369
366 370
366 372
367 370
367 372
367 373
368 369
369 371
369 372
369 373
370 373
371 372
374 378
375 376
375 377
375 378
376 377
377 379
377 380
377 381
378 380
378 381
378 382
379 382
379 383
379 384
379 385
380 381
380 383
380 384
380 386
380 393
381 384
381 385
381 386
381 394
381 396
382 383
382 384
382 395
382 396
382 397
382 398
383 386
383 387
383 388
384 385
385 387
385 388
385 393
386 388
386 389
386 390
386 392
387 390
387 392
387 393
388 389
389 391
389 392
389 393
390 393
391 392
394 398
395 396
395 397
395 398
396 397
397 399
397 400
397 401
398 400
398 401
398 402
399 402
399 403
399 404
399 405
400 401
400 403
400 404
400 406
400 413
401 404
401 405
401 406
401 414
401 416
401 417
402 403
402 404
402 415
402 416
402 417
402 418
403 406
403 407
403 417
404 405
404 418
405 407
405 408
405 413
406 408
406 409
406 410
406 412
407 410
407 412
407 413
408 409
409 411
409 412
409 413
410 413
411 412
411 431
414 418
415 416
415 417
415 418
416 417
417 419
417 420
417 421
418 420
418 421
418 422
419 422
419 423
419 424
419 425
420 421
420 423
420 424
420 426
420 433
421 424
421 425
421 426
421 434
421 436
421 437
422 423
422 424
422 435
422 436
422 437
423 426
423 437
424 425
425 427
425 428
425 433
426 428
426 429
426 430
426 432
427 430
427 432
427 433
428 429
429 431
429 432
429 433
430 433
431 432
434 438
435 436
435 437
436 437
436 438
437 439
437 440
438 440
438 441
438 442
439 442
439 443
439 444
439 445
440 441
440 443
440 444
440 446
440 447
441 444
441 445
441 446
441 457
441 459
441 460
442 443
442 444
442 458
442 459
442 460
442 461
443 446
443 455
443 456
444 445
445 447
445 455
445 456
446 448
446 449
446 455
447 449
447 456
448 450
448 451
448 456
449 451
449 452
449 453
449 455
450 453
450 455
450 456
451 452
452 454
452 455
452 456
453 456
454 455
457 461
458 459
458 460
458 461
459 460
460 462
460 463
460 464
461 463
461 464
462 465
462 466
462 467
462 468
463 464
463 466
463 467
463 469
463 470
464 467
464 468
464 469
464 480
464 482
465 466
465 467
465 481
465 482
465 483
465 484
466 469
467 468
468 470
468 478
468 479
469 471
469 472
469 478
470 472
470 479
471 473
471 474
471 479
472 474
472 475
472 476
472 478
473 476
473 478
473 479
474 475
475 477
475 478
475 479
476 479
477 478
480 484
481 482
481 483
481 484
482 483
483 485
483 486
483 487
484 486
484 487
484 488
485 488
485 489
485 490
485 491
486 487
486 489
486 490
486 492
486 499
487 490
487 491
488 489
488 490
489 492
490 491
491 493
491 494
491 499
492 494
492 495
492 496
492 498
493 496
493 498
493 499
494 495
495 497
495 498
495 499
496 499
497 498
1 1 19.131001 -3.509000 -8.010000 O
2 1 20.499001 -3.542000 -7.619000 C
3 1 21.156000 -2.206000 -7.854000 C
4 1 20.709000 -1.684000 -9.128000 O
5 1 20.806999 -1.096000 -6.880000 C
6 1 21.643999 -1.177000 -5.741000 O
7 1 21.146000 0.141000 -7.701000 C
8 1 22.538000 0.328000 -7.811000 O
9 1 20.643999 -0.275000 -9.076000 C
10 1 19.274000 0.115000 -9.365000 N
11 1 18.177999 -0.704000 -9.433000 C
12 1 17.090000 -0.070000 -9.787000 N
13 1 17.497000 1.250000 -9.943000 C
14 1 16.764000 2.404000 -10.331000 C
15 1 15.568000 2.490000 -10.632000 O
16 1 17.568001 3.540000 -10.361000 N
17 1 18.905001 3.562000 -10.068000 C
18 1 19.506001 4.746000 -10.142000 N
19 1 19.605000 2.496000 -9.718000 N
20 1 18.839001 1.381000 -9.673000 C
21 2 21.129999 -0.618000 -4.333000 P
22 2 22.183001 -0.980000 -3.352000 O
23 2 19.719000 -1.041000 -4.108000 O
24 2 21.136000 0.959000 -4.522000 O
25 2 22.368000 1.680000 -4.653000 C
26 2 22.094999 3.148000 -4.891000 C
27 2 21.430000 3.318000 -6.171000 O
28 2 21.167000 3.825000 -3.905000 C
29 2 21.910999 4.207000 -2.759000 O
30 2 20.705999 5.024000 -4.725000 C
31 2 21.723000 5.996000 -4.873000 O
32 2 20.513000 4.386000 -6.098000 C
33 2 19.195000 3.800000 -6.282000 N
34 2 18.782000 2.514000 -6.090000 C
35 2 17.518999 2.319000 -6.389000 N
36 2 17.079000 3.566000 -6.810000 C
37 2 15.849000 4.023000 -7.300000 C
38 2 14.800000 3.229000 -7.538000 N
39 2 15.733000 5.344000 -7.579000 N
40 2 16.801001 6.119000 -7.422000 C
41 2 18.021999 5.794000 -7.019000 N
42 2 18.093000 4.490000 -6.721000 C
43 3 21.308001 3.971000 -1.280000 P
44 3 22.396999 4.392000 -0.363000 O
45 3 20.733000 2.610000 -1.162000 O
46 3 20.108999 5.008000 -1.170000 O
47 3 20.381001 6.409000 -1.159000 C
48 3 19.174999 7.198000 -1.609000 C
49 3 18.719999 6.754000 -2.914000 O
50 3 17.903999 7.065000 -0.809000 C
51 3 17.973000 7.737000 0.433000 O
52 3 16.920000 7.734000 -1.749000 C
53 3 17.073000 9.140000 -1.774000 O
54 3 17.367001 7.142000 -3.079000 C
55 3 16.570000 5.960000 -3.375000 N
56 3 15.333000 6.086000 -3.885000 C
57 3 14.823000 7.171000 -4.090000 O
58 3 14.690000 4.912000 -4.141000 N
59 3 15.168000 3.649000 -3.920000 C
60 3 14.482000 2.676000 -4.255000 O
61 3 16.462000 3.605000 -3.352000 C
62 3 17.106001 4.741000 -3.109000 C
63 4 17.025999 7.258000 1.646000 P
64 4 17.412001 8.028000 2.842000 O
65 4 17.059999 5.781000 1.682000 O
66 4 15.578000 7.735000 1.195000 O
67 4 15.299000 9.134000 1.066000 C
68 4 13.881000 9.357000 0.612000 C
69 4 13.703000 8.780000 -0.702000 O
70 4 12.775000 8.715000 1.425000 C
71 4 12.487000 9.478000 2.590000 O
72 4 11.626000 8.778000 0.428000 C
73 4 11.057000 10.070000 0.314000 O
74 4 12.348000 8.405000 -0.870000 C
75 4 12.304000 6.975000 -1.109000 N
76 4 11.186000 6.449000 -1.724000 C
77 4 10.237000 7.210000 -1.996000 O
78 4 11.145000 5.128000 -2.003000 N
79 4 12.170000 4.348000 -1.668000 C
80 4 12.104000 3.055000 -1.991000 N
81 4 13.312000 4.853000 -0.999000 C
82 4 13.341000 6.164000 -0.749000 C
83 5 11.929000 8.752000 3.917000 P
84 5 12.214000 9.668000 5.035000 O
85 5 12.395000 7.355000 3.983000 O
86 5 10.360000 8.663000 3.678000 O
87 5 9.600000 9.823000 3.370000 C
88 5 8.229000 9.435000 2.870000 C
89 5 8.314000 8.869000 1.544000 O
90 5 7.530000 8.356000 3.658000 C
91 5 6.954000 8.898000 4.812000 O
92 5 6.490000 7.887000 2.661000 C
93 5 5.450000 8.830000 2.517000 O
94 5 7.328000 7.862000 1.390000 C
95 5 8.020000 6.593000 1.188000 N
96 5 9.269000 6.224000 1.630000 C
97 5 9.612000 5.005000 1.282000 N
98 5 8.511000 4.545000 0.564000 C
99 5 8.235000 3.319000 -0.077000 C
100 5 9.082000 2.293000 -0.111000 N
101 5 7.041000 3.186000 -0.696000 N
102 5 6.195000 4.218000 -0.679000 C
103 5 6.339000 5.420000 -0.116000 N
104 5 7.530000 5.515000 0.498000 C
105 6 6.902000 8.022000 6.139000 P
106 6 6.474000 8.950000 7.221000 O
107 6 8.131000 7.216000 6.312000 O
108 6 5.728000 7.005000 5.829000 O
109 6 4.428000 7.493000 5.562000 C
110 6 3.589000 6.409000 4.955000 C
111 6 4.149000 6.021000 3.678000 O
112 6 3.543000 5.100000 5.717000 C
113 6 2.649000 5.204000 6.822000 O
114 6 3.017000 4.185000 4.626000 C
115 6 1.655000 4.458000 4.370000 O
116 6 3.842000 4.663000 3.431000 C
117 6 5.099000 3.922000 3.312000 N
118 6 5.088000 2.740000 2.611000 C
119 6 4.044000 2.398000 2.054000 O
120 6 6.203000 1.992000 2.543000 N
121 6 7.317000 2.409000 3.145000 C
122 6 8.405000 1.623000 3.071000 N
123 6 7.367000 3.645000 3.849000 C
124 6 6.241000 4.365000 3.904000 C
125 7 2.765000 4.176000 8.052000 P
126 7 1.599000 4.428000 8.926000 O
127 7 4.127000 4.223000 8.611000 O
128 7 2.594000 2.735000 7.388000 O
129 7 1.295000 2.257000 7.045000 C
130 7 1.376000 0.876000 6.455000 C
131 7 2.216000 0.884000 5.276000 O
132 7 1.985000 -0.195000 7.332000 C
133 7 1.000000 -0.653000 8.234000 O
134 7 2.355000 -1.238000 6.285000 C
135 7 1.239000 -1.896000 5.745000 O
136 7 2.901000 -0.350000 5.178000 C
137 7 4.324000 -0.085000 5.377000 N
138 7 5.219000 -1.068000 5.030000 C
139 7 4.889000 -2.141000 4.537000 O
140 7 6.523000 -0.756000 5.262000 N
141 7 7.014000 0.409000 5.763000 C
142 7 8.229000 0.551000 5.857000 O
143 7 6.027000 1.383000 6.090000 C
144 7 4.744000 1.104000 5.894000 C
145 8 1.400000 -1.616000 9.440000 P
146 8 0.349000 -1.508000 10.479000 O
147 8 2.797000 -1.367000 9.809000 O
148 8 1.331000 -3.070000 8.795000 O
149 8 0.073000 -3.676000 8.479000 C
150 8 0.251000 -5.157000 8.265000 C
151 8 1.077000 -5.348000 7.096000 O
152 8 1.012000 -5.912000 9.340000 C
153 8 0.179000 -6.214000 10.449000 O
154 8 1.469000 -7.148000 8.576000 C
155 8 0.457000 -8.121000 8.357000 O
156 8 1.846000 -6.520000 7.241000 C
157 8 3.265000 -6.159000 7.151000 N
158 8 4.128000 -7.167000 6.827000 C
159 8 3.759000 -8.321000 6.625000 O
160 8 5.437000 -6.792000 6.744000 N
161 8 5.953000 -5.548000 6.950000 C
162 8 7.164000 -5.369000 6.816000 O
163 8 4.991000 -4.555000 7.291000 C
164 8 3.710000 -4.889000 7.376000 C
165 9 0.784000 -6.193000 11.933000 P
166 9 -0.385000 -6.148000 12.845000 O
167 9 1.868000 -5.169000 12.068000 O
168 9 1.503000 -7.599000 12.065000 O
169 9 0.958000 -8.763000 11.443000 C
170 9 2.015000 -9.833000 11.362000 C
171 9 2.879000 -9.622000 10.217000 O
172 9 2.974000 -9.846000 12.529000 C
173 9 2.378000 -10.466000 13.656000 O
174 9 4.141000 -10.622000 11.944000 C
175 9 3.838000 -12.003000 11.863000 O
176 9 4.196000 -10.040000 10.531000 C
177 9 5.068000 -8.912000 10.354000 N
178 9 6.402000 -9.147000 9.985000 C
179 9 6.759000 -10.303000 9.730000 O
180 9 7.262000 -8.103000 9.898000 N
181 9 6.822000 -6.861000 10.130000 C
182 9 7.707000 -5.854000 10.035000 N
183 9 5.462000 -6.591000 10.467000 C
184 9 4.629000 -7.637000 10.571000 C
185 10 3.007000 -10.229000 15.112000 P
186 10 2.389000 -11.229000 16.007999 O
187 10 3.029000 -8.792000 15.508000 O
188 10 4.515000 -10.634000 14.888000 O
189 10 5.515000 -10.175000 15.774000 C
190 10 6.815000 -10.824000 15.424000 C
191 10 7.065000 -10.622000 14.016000 O
192 10 8.007000 -10.224000 16.125999 C
193 10 8.167000 -10.823000 17.396999 O
194 10 9.123000 -10.528000 15.145000 C
195 10 9.499000 -11.885000 15.179000 O
196 10 8.410000 -10.239000 13.825000 C
197 10 8.387000 -8.851000 13.329000 N
198 10 7.311000 -8.000000 13.403000 C
199 10 7.641000 -6.746000 13.257000 N
200 10 9.015000 -6.779000 13.058000 C
201 10 9.926000 -5.734000 12.860000 C
202 10 9.695000 -4.538000 12.791000 O
203 10 11.233000 -6.199000 12.739000 N
204 10 11.605000 -7.520000 12.790000 C
205 10 12.924000 -7.785000 12.710000 N
206 10 10.749000 -8.511000 12.934000 N
207 10 9.484000 -8.070000 13.079000 C
208 11 8.796000 -9.968000 18.577999 P
209 11 8.923000 -10.832000 19.778000 O
210 11 8.020000 -8.694000 18.664000 O
211 11 10.243000 -9.618000 18.016001 O
212 11 11.265000 -10.597000 17.996000 C
213 11 12.598000 -9.930000 17.820000 C
214 11 12.680000 -9.369000 16.489000 O
215 11 12.850000 -8.736000 18.709999 C
216 11 13.308000 -9.124000 19.986000 O
217 11 13.944000 -8.037000 17.934999 C
218 11 15.178000 -8.703000 18.011000 O
219 11 13.387000 -8.150000 16.530001 C
220 11 12.217000 -7.065000 16.358000 N
221 11 10.851000 -7.126000 16.360001 C
222 11 10.291000 -5.958000 16.214001 N
223 11 11.358000 -5.078000 16.106001 C
224 11 11.374000 -3.671000 15.946000 C
225 11 10.407000 -2.886000 15.873000 O
226 11 12.680000 -3.185000 15.882000 N
227 11 13.811000 -3.961000 15.984000 C
228 11 14.977000 -3.334000 15.928000 N
229 11 13.802000 -5.261000 16.134001 N
230 11 12.549000 -5.751000 16.186001 C
231 12 13.037000 -8.176000 21.256001 P
232 12 13.753000 -8.835000 22.365000 O
233 12 11.597000 -7.893000 21.375999 O
234 12 13.805000 -6.824000 20.922001 O
235 12 15.241000 -6.800000 20.930000 C
236 12 15.760000 -5.400000 20.711000 C
237 12 15.214000 -4.867000 19.476000 O
238 12 15.368000 -4.370000 21.746000 C
239 12 16.091999 -4.502000 22.969000 O
240 12 15.611000 -3.087000 20.975000 C
241 12 16.999001 -2.831000 20.871000 O
242 12 15.052000 -3.468000 19.601000 C
243 12 13.627000 -3.152000 19.433001 N
244 12 13.261000 -1.844000 19.319000 C
245 12 14.053000 -0.941000 19.368999 O
246 12 11.922000 -1.626000 19.150000 N
247 12 10.940000 -2.566000 19.101000 C
248 12 9.777000 -2.213000 18.945000 O
249 12 11.391000 -3.897000 19.240000 C
250 12 12.690000 -4.141000 19.393000 C
252 13 -3.942000 0.990000 23.618000 O
253 13 -5.200000 1.675000 23.604000 C
254 13 -5.171000 2.919000 24.461000 C
255 13 -4.825000 2.556000 25.825001 O
256 13 -4.132000 3.966000 24.093000 C
257 13 -4.590000 4.787000 23.011000 O
258 13 -3.995000 4.727000 25.410999 C
259 13 -5.077000 5.577000 25.712000 O
260 13 -4.044000 3.581000 26.414000 C
261 13 -2.739000 3.008000 26.690001 N
262 13 -2.279000 1.745000 26.420000 C
263 13 -1.040000 1.565000 26.785000 N
264 13 -0.662000 2.786000 27.323000 C
265 13 0.560000 3.195000 27.867001 C
266 13 1.597000 2.553000 27.980000 O
267 13 0.510000 4.510000 28.302999 N
268 13 -0.580000 5.324000 28.215000 C
269 13 -0.431000 6.565000 28.693001 N
270 13 -1.728000 4.956000 27.697001 N
271 13 -1.701000 3.683000 27.273001 C
272 14 -3.567000 5.232000 21.836000 P
273 14 -4.392000 5.924000 20.816999 O
274 14 -2.712000 4.076000 21.437000 O
275 14 -2.643000 6.333000 22.518000 O
276 14 -3.226000 7.536000 23.056999 C
277 14 -2.179000 8.366000 23.766001 C
278 14 -1.701000 7.652000 24.934999 O
279 14 -0.913000 8.668000 22.983000 C
280 14 -1.102000 9.783000 22.115000 O
281 14 0.051000 8.996000 24.111000 C
282 14 -0.236000 10.268000 24.666000 O
283 14 -0.328000 7.928000 25.135000 C
284 14 0.412000 6.668000 25.020000 N
285 14 0.026000 5.449000 24.509001 C
286 14 0.943000 4.513000 24.627001 N
287 14 2.007000 5.162000 25.240000 C
288 14 3.274000 4.720000 25.671000 C
289 14 3.722000 3.481000 25.525999 N
290 14 4.081000 5.618000 26.274000 N
291 14 3.645000 6.876000 26.419001 C
292 14 2.481000 7.413000 26.056000 N
293 14 1.698000 6.492000 25.471001 C
294 15 -0.423000 9.785000 20.657000 P
295 15 -1.096000 10.802000 19.827999 O
296 15 -0.329000 8.387000 20.172001 O
297 15 1.058000 10.283000 20.930000 O
298 15 1.297000 11.522000 21.594000 C
299 15 2.714000 11.563000 22.098000 C
300 15 2.883000 10.555000 23.125000 O
301 15 3.783000 11.178000 21.091999 C
302 15 4.123000 12.233000 20.226000 O
303 15 4.947000 10.864000 22.003000 C
304 15 5.531000 12.065000 22.468000 O
305 15 4.233000 10.103000 23.122000 C
306 15 4.237000 8.650000 22.900999 N
307 15 5.349000 7.961000 23.323000 C
308 15 6.296000 8.513000 23.844000 O
309 15 5.311000 6.603000 23.115000 N
310 15 4.284000 5.882000 22.546000 C
311 15 4.365000 4.657000 22.509001 O
312 15 3.165000 6.668000 22.118999 C
313 15 3.181000 7.995000 22.305000 C
314 16 4.623000 11.900000 18.739000 P
315 16 4.624000 13.208000 18.049000 O
316 16 3.877000 10.768000 18.150999 O
317 16 6.127000 11.430000 18.937000 O
318 16 7.109000 12.328000 19.462000 C
319 16 8.430000 11.628000 19.612000 C
320 16 8.343000 10.652000 20.680000 O
321 16 8.877000 10.785000 18.441000 C
322 16 9.410000 11.564000 17.382999 O
323 16 9.933000 9.919000 19.111000 C
324 16 11.100000 10.667000 19.405001 O
325 16 9.216000 9.561000 20.409000 C
326 16 8.400000 8.337000 20.299000 N
327 16 8.964000 7.116000 20.631001 C
328 16 10.142000 7.086000 21.000000 O
329 16 8.219000 5.993000 20.542999 N
330 16 6.949000 6.071000 20.134001 C
331 16 6.243000 4.948000 20.049999 N
332 16 6.348000 7.304000 19.788000 C
333 16 7.104000 8.402000 19.881001 C
334 17 9.714000 10.867000 15.969000 P
335 17 10.551000 11.772000 15.188000 O
336 17 8.444000 10.397000 15.405000 O
337 17 10.637000 9.662000 16.434000 O
338 17 10.944000 8.560000 15.594000 C
339 17 12.183000 7.880000 16.117001 C
340 17 11.908000 7.359000 17.438999 O
341 17 12.658000 6.669000 15.362000 C
342 17 13.430000 7.066000 14.268000 O
343 17 13.511000 6.005000 16.414000 C
344 17 14.673000 6.778000 16.632999 O
345 17 12.593000 6.131000 17.625000 C
346 17 11.589000 5.024000 17.702999 N
347 17 10.246000 5.064000 17.424000 C
348 17 9.642000 3.904000 17.544001 N
349 17 10.656000 3.046000 17.941999 C
350 17 10.672000 1.674000 18.233000 C
351 17 9.600000 0.890000 18.176001 N
352 17 11.847000 1.123000 18.596001 N
353 17 12.926000 1.903000 18.669001 C
354 17 13.041000 3.205000 18.424000 N
355 17 11.855000 3.723000 18.056999 C
356 18 13.485000 6.134000 12.972000 P
357 18 14.205000 6.853000 11.894000 O
358 18 12.119000 5.621000 12.733000 O
359 18 14.382000 4.917000 13.444000 O
360 18 15.772000 5.096000 13.617000 C
361 18 16.393000 3.817000 14.074000 C
362 18 15.690000 3.355000 15.249000 O
363 18 16.261999 2.626000 13.148000 C
364 18 17.207001 2.685000 12.087000 O
365 18 16.594000 1.510000 14.121000 C
366 18 17.962999 1.548000 14.501000 O
367 18 15.761000 1.946000 15.318000 C
368 18 14.395000 1.412000 15.264000 N
369 18 14.185000 0.087000 15.615000 C
370 18 15.154000 -0.593000 15.955000 O
371 18 12.936000 -0.419000 15.579000 N
372 18 11.921000 0.364000 15.222000 C
373 18 10.685000 -0.152000 15.245000 N
374 18 12.115000 1.715000 14.840000 C
375 18 13.354000 2.196000 14.878000 C
376 19 16.840000 2.062000 10.658000 P
377 19 18.040001 2.244000 9.810000 O
378 19 15.534000 2.612000 10.214000 O
379 19 16.664000 0.513000 10.964000 O
380 19 17.784000 -0.278000 11.386000 C
381 19 17.353001 -1.700000 11.657000 C
382 19 16.417000 -1.736000 12.763000 O
383 19 16.587000 -2.396000 10.548000 C
384 19 17.478001 -2.812000 9.529000 O
385 19 15.963000 -3.550000 11.324000 C
386 19 16.872000 -4.568000 11.688000 O
387 19 15.540000 -2.830000 12.598000 C
388 19 14.200000 -2.294000 12.433000 N
389 19 13.165000 -3.171000 12.526000 C
390 19 13.317000 -4.354000 12.768000 O
391 19 11.935000 -2.618000 12.333000 N
392 19 11.649000 -1.303000 12.077000 C
393 19 10.475000 -0.964000 11.914000 O
394 19 12.785000 -0.453000 12.013000 C
395 19 13.997000 -0.971000 12.188000 C
396 20 16.915001 -3.216000 8.089000 P
397 20 18.028999 -2.985000 7.158000 O
398 20 15.621000 -2.553000 7.849000 O
399 20 16.663000 -4.789000 8.225000 O
400 20 17.759001 -5.684000 8.502000 C
401 20 17.326000 -7.127000 8.359000 C
402 20 16.462000 -7.517000 9.456000 O
403 20 16.514000 -7.447000 7.127000 C
404 20 17.330999 -7.588000 5.988000 O
405 20 15.824000 -8.738000 7.531000 C
406 20 16.657000 -9.869000 7.390000 O
407 20 15.493000 -8.442000 8.999000 C
408 20 14.188000 -7.796000 9.163000 N
409 20 13.076000 -8.577000 9.156000 C
410 20 13.126000 -9.778000 9.054000 O
411 20 11.891000 -7.900000 9.285000 N
412 20 11.723000 -6.548000 9.435000 C
413 20 10.579000 -6.077000 9.503000 O
414 20 12.930000 -5.806000 9.454000 C
415 20 14.096000 -6.438000 9.317000 C
416 21 16.719999 -7.261000 4.550000 P
417 21 17.792000 -7.440000 3.546000 O
418 21 15.962000 -5.985000 4.587000 O
419 21 15.637000 -8.404000 4.373000 O
420 21 16.024000 -9.786000 4.375000 C
421 21 14.815000 -10.646000 4.167000 C
422 21 13.983000 -10.556000 5.349000 O
423 21 13.898000 -10.135000 3.080000 C
424 21 14.334000 -10.429000 1.763000 O
425 21 12.579000 -10.781000 3.459000 C
426 21 12.518000 -12.152000 3.126000 O
427 21 12.614000 -10.611000 4.975000 C
428 21 11.941000 -9.372000 5.403000 N
429 21 10.571000 -9.420000 5.643000 C
430 21 9.983000 -10.493000 5.494000 O
431 21 9.919000 -8.299000 6.022000 N
432 21 10.588000 -7.161000 6.162000 C
433 21 9.912000 -6.092000 6.547000 N
434 21 11.986000 -7.072000 5.919000 C
435 21 12.622000 -8.198000 5.549000 C
436 22 13.751000 -9.561000 0.549000 P
437 22 14.181000 -10.145000 -0.734000 O
438 22 13.980000 -8.114000 0.806000 O
439 22 12.206000 -9.832000 0.735000 O
440 22 11.238000 -9.067000 0.048000 C
441 22 9.877000 -9.436000 0.549000 C
442 22 9.842000 -9.224000 1.981000 O
443 22 8.757000 -8.576000 0.018000 C
444 22 8.327000 -9.041000 -1.248000 O
445 22 7.715000 -8.748000 1.107000 C
446 22 7.100000 -10.016000 1.048000 O
447 22 8.598000 -8.671000 2.349000 C
448 22 8.840000 -7.304000 2.781000 N
449 22 10.053000 -6.680000 2.911000 C
450 22 9.950000 -5.444000 3.311000 N
451 22 8.582000 -5.245000 3.453000 C
452 22 7.866000 -4.097000 3.834000 C
453 22 8.312000 -2.982000 4.110000 O
454 22 6.493000 -4.323000 3.858000 N
455 22 5.895000 -5.509000 3.535000 C
456 22 4.560000 -5.544000 3.620000 N
457 22 6.554000 -6.586000 3.154000 N
458 22 7.887000 -6.382000 3.138000 C
459 23 8.037000 -7.985000 -2.407000 P
460 23 7.694000 -8.748000 -3.621000 O
461 23 9.177000 -7.032000 -2.422000 O
462 23 6.725000 -7.243000 -1.910000 O
463 23 5.517000 -7.985000 -1.713000 C
464 23 4.426000 -7.087000 -1.200000 C
465 23 4.795000 -6.579000 0.101000 O
466 23 4.176000 -5.834000 -2.012000 C
467 23 3.353000 -6.104000 -3.141000 O
468 23 3.488000 -4.941000 -0.987000 C
469 23 2.145000 -5.306000 -0.731000 O
470 23 4.307000 -5.260000 0.254000 C
471 23 5.455000 -4.376000 0.423000 N
472 23 6.777000 -4.699000 0.269000 C
473 23 7.577000 -3.700000 0.527000 N
474 23 6.724000 -2.656000 0.870000 C
475 23 7.009000 -1.329000 1.259000 C
476 23 8.115000 -0.787000 1.423000 O
477 23 5.848000 -0.605000 1.478000 N
478 23 4.588000 -1.096000 1.344000 C
479 23 3.597000 -0.220000 1.534000 N
480 23 4.310000 -2.338000 1.026000 N
481 23 5.416000 -3.055000 0.796000 C
482 24 3.684000 -5.401000 -4.537000 P
483 24 2.965000 -6.120000 -5.583000 O
484 24 5.165000 -5.277000 -4.608000 O
485 24 3.108000 -3.928000 -4.368000 O
486 24 1.714000 -3.697000 -4.189000 C
487 24 1.470000 -2.252000 -3.858000 C
488 24 2.118000 -1.938000 -2.604000 O
489 24 2.098000 -1.253000 -4.800000 C
490 24 1.432000 -1.161000 -6.031000 O
491 24 2.082000 0.001000 -3.949000 C
492 24 0.787000 0.551000 -3.818000 O
493 24 2.505000 -0.577000 -2.603000 C
494 24 3.957000 -0.538000 -2.291000 N
495 24 4.452000 0.677000 -1.874000 C
496 24 3.730000 1.624000 -1.625000 O
497 24 5.817000 0.754000 -1.772000 N
498 24 6.719000 -0.242000 -2.034000 C
499 24 7.904000 -0.044000 -1.775000 O
500 24 6.137000 -1.477000 -2.483000 C
501 24 4.805000 -1.580000 -2.591000 C
