1008
1 1 -0.522 19.916 2.891 O
2 1 -0.120 18.540 3.095 C
3 1 1.280 18.360 3.641 C
4 1 2.228 18.932 2.732 O
5 1 1.531 19.065 4.957 C
6 1 1.137 18.265 6.045 O
7 1 3.027 19.334 4.919 C
8 1 3.842 18.238 5.315 O
9 1 3.158 19.633 3.424 C
10 1 2.967 21.011 3.036 N
11 1 4.014 21.721 3.301 C
12 1 4.905 21.164 3.989 O
13 1 4.134 22.957 2.863 N
14 1 3.156 23.507 2.155 C
15 1 3.334 24.744 1.704 N
16 1 1.935 22.821 1.887 C
17 1 1.845 21.550 2.361 C
18 2 0.782 18.966 7.444 P
19 2 0.303 17.904 8.383 O
20 2 -0.118 20.119 7.089 O
21 2 2.186 19.504 7.987 O
22 2 3.079 18.637 8.697 C
23 2 4.348 19.365 9.038 C
24 2 4.888 19.944 7.816 O
25 2 4.185 20.584 9.924 C
26 2 3.983 20.296 11.306 O
27 2 5.461 21.358 9.636 C
28 2 6.608 20.875 10.320 O
29 2 5.564 21.168 8.125 C
30 2 4.920 22.243 7.345 N
31 2 5.488 23.549 7.298 C
32 2 6.499 23.800 7.950 O
33 2 4.909 24.489 6.530 N
34 2 3.826 24.189 5.820 C
35 2 3.330 25.147 5.047 N
36 2 3.213 22.893 5.872 C
37 2 3.791 21.969 6.647 C
38 3 2.923 21.182 12.150 P
39 3 2.628 20.490 13.414 O
40 3 1.786 21.581 11.255 O
41 3 3.768 22.482 12.489 O
42 3 5.006 22.371 13.200 C
43 3 5.730 23.700 13.209 C
44 3 6.054 24.092 11.837 O
45 3 4.926 24.894 13.692 C
46 3 4.857 25.003 15.098 O
47 3 5.710 26.058 13.131 C
48 3 6.870 26.320 13.875 O
49 3 6.073 25.557 11.761 C
50 3 5.092 26.052 10.773 N
51 3 5.123 27.391 10.284 C
52 3 5.878 28.230 10.805 O
53 3 4.294 27.697 9.244 N
54 3 3.466 26.764 8.758 C
55 3 2.638 27.096 7.770 N
56 3 3.415 25.478 9.292 C
57 3 4.210 25.195 10.296 C
58 4 3.535 25.613 15.762 P
59 4 3.481 25.197 17.189 O
60 4 2.376 25.312 14.848 O
61 4 3.800 27.175 15.683 O
62 4 5.048 27.708 16.106 C
63 4 5.216 29.107 15.589 C
64 4 5.285 29.108 14.140 O
65 4 4.080 30.076 15.826 C
66 4 4.080 30.545 17.153 O
67 4 4.469 31.191 14.874 C
68 4 5.588 31.901 15.340 O
69 4 4.896 30.386 13.666 C
70 4 3.794 30.240 12.738 N
71 4 3.137 29.101 12.367 C
72 4 2.269 29.308 11.411 N
73 4 2.327 30.678 11.185 C
74 4 1.610 31.503 10.273 C
75 4 0.755 31.178 9.458 O
76 4 1.977 32.841 10.379 N
77 4 2.918 33.330 11.257 C
78 4 3.593 32.570 12.112 N
79 4 3.245 31.269 12.023 C
80 5 2.699 30.650 17.932 P
81 5 3.021 30.773 19.350 O
82 5 1.848 29.534 17.462 O
83 5 2.023 31.979 17.356 O
84 5 2.647 33.280 17.477 C
85 5 1.830 34.324 16.736 C
86 5 1.971 34.120 15.314 O
87 5 0.326 34.298 16.984 C
88 5 0.016 35.087 18.127 O
89 5 -0.221 34.954 15.727 C
90 5 -0.190 36.351 15.811 O
91 5 0.770 34.483 14.655 C
92 5 0.262 33.302 13.953 N
93 5 -0.537 33.513 12.868 C
94 5 -0.772 34.612 12.459 O
95 5 -1.045 32.385 12.286 N
96 5 -0.816 31.077 12.686 C
97 5 -1.369 30.151 12.090 O
98 5 0.053 30.938 13.815 C
99 5 0.553 32.030 14.392 C
100 6 -1.405 34.920 18.866 P
101 6 -1.379 35.839 20.004 O
102 6 -1.672 33.478 19.120 O
103 6 -2.422 35.474 17.768 O
104 6 -2.391 36.859 17.405 C
105 6 -3.436 37.183 16.367 C
106 6 -2.997 36.765 15.069 O
107 6 -4.784 36.543 16.515 C
108 6 -5.563 37.305 17.385 O
109 6 -5.350 36.704 15.126 C
110 6 -5.791 38.021 14.928 O
111 6 -4.117 36.431 14.277 C
112 6 -4.019 35.014 13.970 N
113 6 -3.292 34.074 14.653 C
114 6 -3.438 32.873 14.175 N
115 6 -4.301 33.037 13.111 C
116 6 -4.819 32.104 12.244 C
117 6 -4.653 30.882 12.258 O
118 6 -5.640 32.696 11.283 N
119 6 -5.943 34.032 11.218 C
120 6 -6.778 34.427 10.241 N
121 6 -5.470 34.915 12.052 N
122 6 -4.657 34.354 12.965 C
123 7 -6.872 36.663 18.012 P
124 7 -7.553 37.690 18.804 O
125 7 -6.348 35.453 18.669 O
126 7 -7.784 36.342 16.747 O
127 7 -8.557 37.388 16.168 C
128 7 -9.439 36.891 15.044 C
129 7 -8.661 36.325 13.980 O
130 7 -10.435 35.814 15.335 C
131 7 -11.573 36.383 15.894 O
132 7 -10.792 35.348 13.943 C
133 7 -11.574 36.275 13.269 O
134 7 -9.427 35.341 13.300 C
135 7 -8.836 34.038 13.556 N
136 7 -7.976 33.695 14.568 C
137 7 -7.665 32.434 14.556 N
138 7 -8.352 31.926 13.461 C
139 7 -8.394 30.635 12.941 C
140 7 -7.820 29.613 13.357 O
141 7 -9.205 30.565 11.825 N
142 7 -9.900 31.599 11.290 C
143 7 -10.692 31.309 10.225 N
144 7 -9.850 32.816 11.757 N
145 7 -9.067 32.906 12.837 C
146 8 -12.638 35.445 16.606 P
147 8 -13.800 36.249 17.066 O
148 8 -11.851 34.669 17.593 O
149 8 -13.129 34.540 15.401 O
150 8 -14.061 35.059 14.471 C
151 8 -14.721 33.936 13.719 C
152 8 -13.705 33.212 12.963 O
153 8 -15.367 32.863 14.568 C
154 8 -16.625 33.164 15.177 O
155 8 -15.405 31.722 13.573 C
156 8 -16.305 32.030 12.537 O
157 8 -13.999 31.823 12.987 C
158 8 -12.983 31.155 13.803 N
159 8 -12.290 31.674 14.863 C
160 8 -11.413 30.844 15.348 N
161 8 -11.552 29.704 14.565 C
162 8 -10.866 28.451 14.597 C
163 8 -9.970 28.066 15.357 O
164 8 -11.315 27.600 13.616 N
165 8 -12.283 27.889 12.729 C
166 8 -12.548 26.937 11.842 N
167 8 -12.942 29.022 12.692 N
168 8 -12.523 29.880 13.626 C
170 9 -8.167 19.393 12.034 O
171 9 -8.237 19.625 10.613 C
172 9 -9.597 20.154 10.265 C
173 9 -10.242 20.505 11.512 O
174 9 -9.625 21.445 9.466 C
175 9 -9.515 21.230 8.050 O
176 9 -10.971 22.025 9.879 C
177 9 -12.023 21.299 9.307 O
178 9 -10.978 21.697 11.359 C
179 9 -10.393 22.689 12.260 N
180 9 -10.926 23.956 12.301 C
181 9 -11.797 24.247 11.501 O
182 9 -10.475 24.837 13.217 N
183 9 -9.504 24.481 14.061 C
184 9 -9.110 25.364 14.984 N
185 9 -8.898 23.202 14.002 C
186 9 -9.365 22.344 13.087 C
187 10 -8.536 22.178 7.162 P
188 10 -8.462 21.677 5.786 O
189 10 -7.269 22.394 7.919 O
190 10 -9.355 23.538 7.060 O
191 10 -10.546 23.585 6.286 C
192 10 -11.202 24.914 6.456 C
193 10 -11.473 25.101 7.867 O
194 10 -10.321 26.097 6.131 C
195 10 -10.253 26.334 4.734 O
196 10 -11.017 27.200 6.901 C
197 10 -12.234 27.547 6.276 O
198 10 -11.336 26.466 8.202 C
199 10 -10.332 26.581 9.279 N
200 10 -10.308 27.737 10.022 C
201 10 -11.082 28.661 9.717 O
202 10 -9.450 27.846 11.052 N
203 10 -8.619 26.856 11.339 C
204 10 -7.766 27.027 12.354 N
205 10 -8.609 25.665 10.600 C
206 10 -9.471 25.565 9.570 C
207 11 -8.840 26.750 4.076 P
208 11 -8.944 26.640 2.597 O
209 11 -7.709 26.075 4.780 O
210 11 -8.749 28.298 4.436 O
211 11 -9.739 29.205 3.943 C
212 11 -9.680 30.506 4.695 C
213 11 -9.917 30.262 6.110 O
214 11 -8.346 31.235 4.703 C
215 11 -8.081 31.893 3.463 O
216 11 -8.573 32.190 5.869 C
217 11 -9.436 33.268 5.529 O
218 11 -9.245 31.229 6.861 C
219 11 -8.263 30.553 7.711 N
220 11 -7.706 31.322 8.666 C
221 11 -8.054 32.527 8.709 O
222 11 -6.798 30.807 9.516 N
223 11 -6.421 29.540 9.397 C
224 11 -5.480 29.078 10.240 N
225 11 -6.975 28.691 8.398 C
226 11 -7.901 29.231 7.570 C
227 12 -6.591 31.855 2.841 P
228 12 -6.748 31.908 1.371 O
229 12 -5.798 30.752 3.445 O
230 12 -5.963 33.232 3.350 O
231 12 -6.678 34.469 3.193 C
232 12 -6.018 35.569 3.997 C
233 12 -6.411 35.463 5.390 O
234 12 -4.495 35.588 4.025 C
235 12 -3.935 36.216 2.866 O
236 12 -4.225 36.391 5.298 C
237 12 -4.288 37.795 5.139 O
238 12 -5.347 35.911 6.225 C
239 12 -4.887 34.793 7.043 N
240 12 -5.118 33.472 6.807 C
241 12 -4.499 32.689 7.637 N
242 12 -3.829 33.548 8.494 C
243 12 -2.993 33.272 9.571 C
244 12 -2.630 32.189 9.997 O
245 12 -2.550 34.425 10.179 N
246 12 -2.873 35.682 9.792 C
247 12 -3.645 35.955 8.771 N
248 12 -4.084 34.847 8.166 C
249 13 -2.520 35.716 2.270 P
250 13 -2.367 36.278 0.907 O
251 13 -2.426 34.259 2.452 O
252 13 -1.420 36.383 3.215 O
253 13 -1.611 37.696 3.794 C
254 13 -0.552 37.959 4.840 C
255 13 -0.982 37.543 6.169 O
256 13 0.715 37.176 4.618 C
257 13 1.566 37.796 3.692 O
258 13 1.336 37.177 5.997 C
259 13 1.912 38.423 6.260 O
260 13 0.118 36.949 6.897 C
261 13 -0.193 35.513 6.981 N
262 13 0.230 34.633 8.027 C
263 13 0.900 34.965 9.005 O
264 13 -0.196 33.324 7.834 N
265 13 -0.959 32.838 6.771 C
266 13 -1.243 31.632 6.710 O
267 13 -1.322 33.817 5.806 C
268 13 -0.931 35.066 5.955 C
269 14 2.793 36.972 3.100 P
270 14 3.582 37.859 2.256 O
271 14 2.236 35.726 2.536 O
272 14 3.680 36.655 4.369 O
273 14 4.648 37.601 4.776 C
274 14 5.501 37.038 5.856 C
275 14 4.630 36.451 6.851 O
276 14 6.344 35.859 5.462 C
277 14 7.496 36.215 4.736 O
278 14 6.653 35.246 6.822 C
279 14 7.658 35.894 7.589 O
280 14 5.285 35.365 7.480 C
281 14 4.520 34.161 7.202 N
282 14 3.578 33.984 6.219 C
283 14 3.080 32.775 6.204 N
284 14 3.734 32.122 7.243 C
285 14 3.621 30.805 7.689 C
286 14 2.898 29.907 7.238 O
287 14 4.462 30.556 8.773 N
288 14 5.311 31.470 9.345 C
289 14 6.061 31.045 10.408 N
290 14 5.429 32.709 8.918 N
291 14 4.618 32.963 7.873 C
292 15 8.269 35.087 3.894 P
293 15 9.538 35.645 3.368 O
294 15 7.280 34.497 2.967 O
295 15 8.645 33.999 4.978 O
296 15 9.721 34.224 5.864 C
297 15 10.001 32.971 6.638 C
298 15 8.750 32.515 7.194 O
299 15 10.458 31.754 5.845 C
300 15 11.849 31.790 5.577 O
301 15 10.141 30.650 6.835 C
302 15 11.056 30.698 7.919 O
303 15 8.763 31.127 7.295 C
304 15 7.661 30.630 6.486 N
305 15 6.829 31.259 5.563 C
306 15 5.906 30.439 5.114 N
307 15 6.187 29.245 5.760 C
308 15 5.535 27.963 5.703 C
309 15 4.567 27.608 5.014 O
310 15 6.129 27.052 6.563 N
311 15 7.214 27.323 7.371 C
312 15 7.634 26.330 8.177 N
313 15 7.836 28.484 7.400 N
314 15 7.270 29.377 6.589 C
315 16 12.406 31.172 4.203 P
316 16 13.843 31.583 4.106 O
317 16 11.450 31.514 3.098 O
318 16 12.349 29.599 4.425 O
319 16 13.215 28.960 5.382 C
320 16 12.757 27.544 5.631 C
321 16 11.347 27.573 5.961 O
322 16 12.795 26.588 4.452 C
323 16 14.114 26.180 4.041 O
324 16 11.827 25.500 4.914 C
325 16 12.356 24.592 5.870 O
326 16 10.751 26.342 5.600 C
327 16 9.604 26.618 4.747 N
328 16 9.341 27.776 4.054 C
329 16 8.238 27.710 3.358 N
330 16 7.738 26.434 3.618 C
331 16 6.553 25.782 3.146 C
332 16 5.667 26.222 2.407 O
333 16 6.451 24.488 3.634 N
334 16 7.351 23.893 4.470 C
335 16 7.084 22.616 4.777 N
336 16 8.434 24.493 4.952 N
337 16 8.568 25.750 4.474 C
339 17 18.767 31.096 17.924 O
340 17 17.575 30.291 17.915 C
341 17 17.096 29.892 16.540 C
342 17 18.241 29.646 15.681 O
343 17 16.327 28.583 16.514 C
344 17 14.946 28.775 16.702 O
345 17 16.601 28.060 15.124 C
346 17 15.803 28.676 14.142 O
347 17 18.052 28.398 14.987 C
348 17 18.898 27.397 15.640 N
349 17 18.991 26.053 15.159 C
350 17 18.160 25.605 14.373 O
351 17 20.019 25.295 15.617 N
352 17 20.862 25.795 16.526 C
353 17 21.859 25.024 16.963 N
354 17 20.688 27.085 17.075 C
355 17 19.676 27.816 16.636 C
356 18 14.150 27.843 17.731 P
357 18 12.767 28.360 17.794 O
358 18 14.986 27.744 18.981 O
359 18 14.073 26.448 16.983 O
360 18 13.296 26.319 15.798 C
361 18 13.455 24.932 15.227 C
362 18 14.827 24.748 14.815 O
363 18 13.211 23.791 16.204 C
364 18 11.824 23.504 16.345 O
365 18 13.984 22.672 15.537 C
366 18 13.288 22.171 14.405 O
367 18 15.222 23.461 15.095 C
368 18 16.325 23.517 16.061 N
369 18 16.975 22.378 16.163 C
370 18 16.553 21.435 15.460 O
371 18 18.029 22.250 16.968 N
372 18 18.450 23.281 17.679 C
373 18 19.516 23.108 18.463 N
374 18 17.800 24.540 17.622 C
375 18 16.714 24.631 16.801 C
376 19 11.263 22.995 17.763 P
377 19 9.768 23.023 17.701 O
378 19 11.973 23.759 18.848 O
379 19 11.741 21.477 17.773 O
380 19 11.591 20.663 16.579 C
381 19 12.178 19.277 16.786 C
382 19 13.599 19.241 16.535 O
383 19 12.005 18.662 18.165 C
384 19 10.726 18.067 18.239 O
385 19 13.093 17.610 18.165 C
386 19 12.746 16.483 17.386 O
387 19 14.197 18.379 17.461 C
388 19 14.924 19.211 18.391 N
389 19 15.948 18.622 19.046 C
390 19 16.092 17.398 18.924 O
391 19 16.778 19.369 19.791 N
392 19 16.605 20.679 19.851 C
393 19 17.502 21.388 20.525 N
394 19 15.498 21.317 19.235 C
395 19 14.660 20.546 18.539 C
396 20 10.030 17.828 19.669 P
397 20 8.741 17.140 19.299 O
398 20 10.000 19.062 20.508 O
399 20 11.037 16.829 20.409 O
400 20 11.398 17.030 21.795 C
401 20 12.386 15.982 22.223 C
402 20 13.685 16.284 21.653 O
403 20 12.658 15.896 23.706 C
404 20 11.712 15.029 24.291 O
405 20 14.010 15.213 23.726 C
406 20 13.835 13.886 23.361 O
407 20 14.703 15.876 22.549 C
408 20 15.432 17.057 22.967 N
409 20 15.107 18.358 22.721 C
410 20 15.968 19.196 23.216 N
411 20 16.913 18.394 23.828 C
412 20 18.108 18.736 24.545 C
413 20 18.586 19.860 24.796 O
414 20 18.772 17.602 24.988 N
415 20 18.350 16.315 24.768 C
416 20 17.248 15.993 24.107 N
417 20 16.589 17.071 23.677 C
418 21 11.175 15.321 25.772 P
419 21 10.163 14.294 26.123 O
420 21 10.830 16.767 25.858 O
421 21 12.447 15.107 26.694 O
422 21 13.144 13.883 26.676 C
423 21 14.460 14.054 27.350 C
424 21 15.232 15.057 26.630 O
425 21 14.389 14.648 28.732 C
426 21 14.000 13.663 29.683 O
427 21 15.821 15.164 28.928 C
428 21 16.804 14.199 29.241 O
429 21 16.185 15.676 27.553 C
430 21 16.133 17.145 27.429 N
431 21 17.144 18.047 27.918 C
432 21 18.119 17.732 28.568 O
433 21 16.885 19.370 27.584 N
434 21 15.790 19.853 26.874 C
435 21 15.701 21.059 26.626 O
436 21 14.854 18.853 26.495 C
437 21 15.084 17.588 26.797 C
438 22 13.357 14.125 31.083 P
439 22 12.684 12.994 31.763 O
440 22 12.604 15.364 30.789 O
441 22 14.609 14.531 31.952 O
442 22 15.381 13.529 32.571 C
443 22 16.494 14.147 33.360 C
444 22 17.358 14.855 32.443 O
445 22 16.087 15.194 34.374 C
446 22 15.735 14.555 35.574 O
447 22 17.401 15.912 34.555 C
448 22 18.269 15.078 35.290 O
449 22 17.892 15.989 33.105 C
450 22 17.444 17.193 32.404 N
451 22 16.412 17.309 31.513 C
452 22 16.212 18.532 31.118 N
453 22 17.182 19.259 31.781 C
454 22 17.443 20.615 31.765 C
455 22 16.841 21.498 31.160 O
456 22 18.528 20.937 32.562 N
457 22 19.267 20.046 33.287 C
458 22 20.300 20.538 33.997 N
459 22 19.019 18.763 33.317 N
460 22 17.967 18.441 32.550 C
461 23 14.826 15.313 36.647 P
462 23 14.672 14.392 37.798 O
463 23 13.624 15.863 35.978 O
464 23 15.732 16.519 37.123 O
465 23 16.763 16.282 38.059 C
466 23 17.483 17.566 38.373 C
467 23 18.026 18.117 37.150 O
468 23 16.671 18.725 38.920 C
469 23 16.429 18.587 40.302 O
470 23 17.644 19.859 38.685 C
471 23 18.719 19.803 39.616 O
472 23 18.083 19.512 37.263 C
473 23 17.141 20.051 36.293 N
474 23 16.079 19.445 35.635 C
475 23 15.468 20.286 34.827 N
476 23 16.159 21.473 34.996 C
477 23 15.946 22.767 34.414 C
478 23 15.074 23.108 33.597 O
479 23 16.867 23.696 34.880 N
480 23 17.867 23.418 35.782 C
481 23 18.668 24.438 36.125 N
482 23 18.070 22.223 36.318 N
483 23 17.188 21.323 35.892 C
484 24 15.222 19.394 40.967 P
485 24 15.345 19.263 42.441 O
486 24 13.968 19.031 40.292 O
487 24 15.502 20.917 40.567 O
488 24 16.642 21.631 41.094 C
489 24 16.548 23.119 40.778 C
490 24 16.688 23.372 39.366 O
491 24 15.266 23.839 41.149 C
492 24 15.257 24.122 42.550 O
493 24 15.380 25.095 40.302 C
494 24 16.261 26.036 40.883 O
495 24 15.999 24.518 39.029 C
496 24 15.000 24.093 38.080 N
497 24 14.417 22.841 37.876 C
498 24 13.540 22.866 36.886 N
499 24 13.578 24.181 36.451 C
500 24 12.846 24.850 35.402 C
501 24 11.992 24.379 34.612 O
502 24 13.192 26.195 35.320 N
503 24 14.119 26.823 36.128 C
504 24 14.325 28.113 35.873 N
505 24 14.791 26.225 37.099 N
506 24 14.476 24.930 37.197 C
508 25 11.450 31.451 28.501 O
509 25 12.701 32.184 28.508 C
510 25 13.103 32.598 29.901 C
511 25 12.083 32.142 30.829 O
512 25 14.358 31.952 30.427 C
513 25 15.501 32.644 29.968 O
514 25 14.150 32.040 31.932 C
515 25 14.219 33.372 32.377 O
516 25 12.671 31.706 32.046 C
517 25 12.250 30.307 32.272 N
518 25 12.780 29.597 33.311 C
519 25 13.557 30.171 34.076 O
520 25 12.442 28.291 33.451 N
521 25 11.636 27.716 32.565 C
522 25 11.363 26.421 32.703 N
523 25 11.047 28.449 31.515 C
524 25 11.360 29.732 31.424 C
525 26 16.857 31.826 29.685 P
526 26 17.904 32.780 29.190 O
527 26 16.468 30.648 28.837 O
528 26 17.308 31.376 31.141 O
529 26 17.845 32.359 32.004 C
530 26 18.513 31.711 33.167 C
531 26 17.501 31.038 33.956 O
532 26 19.501 30.608 32.846 C
533 26 20.773 31.113 32.500 O
534 26 19.521 29.859 34.163 C
535 26 20.158 30.569 35.204 O
536 26 18.043 29.811 34.460 C
537 26 17.358 28.700 33.792 N
538 26 17.484 27.396 34.298 C
539 26 18.357 27.152 35.137 O
540 26 16.644 26.441 33.833 N
541 26 15.741 26.749 32.905 C
542 26 14.887 25.788 32.525 N
543 26 15.691 28.040 32.310 C
544 26 16.536 28.958 32.761 C
545 27 21.631 30.370 31.363 P
546 27 22.779 31.256 31.127 O
547 27 20.768 29.960 30.199 O
548 27 22.152 29.078 32.129 O
549 27 22.812 29.213 33.401 C
550 27 23.109 27.854 33.995 C
551 27 21.899 27.246 34.519 O
552 27 23.657 26.777 33.059 C
553 27 25.051 26.900 32.843 O
554 27 23.400 25.529 33.878 C
555 27 24.343 25.451 34.942 O
556 27 22.001 25.821 34.406 C
557 27 20.938 25.367 33.501 N
558 27 20.565 24.020 33.472 C
559 27 21.226 23.197 34.128 O
560 27 19.489 23.658 32.716 N
561 27 18.816 24.581 32.028 C
562 27 17.732 24.200 31.349 N
563 27 19.223 25.936 32.007 C
564 27 20.287 26.271 32.737 C
565 28 25.667 26.463 31.442 P
566 28 27.100 26.856 31.532 O
567 28 24.830 26.949 30.318 O
568 28 25.432 24.881 31.371 O
569 28 26.313 23.964 32.026 C
570 28 25.805 22.546 31.889 C
571 28 24.413 22.529 32.227 O
572 28 25.769 21.870 30.529 C
573 28 27.041 21.440 30.059 O
574 28 24.906 20.682 30.886 C
575 28 25.608 19.774 31.734 O
576 28 23.836 21.450 31.663 C
577 28 22.779 21.928 30.794 N
578 28 22.356 23.162 30.218 C
579 28 21.230 22.961 29.543 N
580 28 20.987 21.602 29.704 C
581 28 19.923 20.779 29.236 C
582 28 18.944 21.114 28.565 O
583 28 20.071 19.455 29.630 N
584 28 21.105 18.969 30.381 C
585 28 22.090 19.716 30.828 N
586 28 21.952 21.002 30.446 C
587 29 27.307 21.358 28.478 P
588 29 28.772 21.144 28.274 O
589 29 26.614 22.494 27.803 O
590 29 26.490 20.087 27.964 O
591 29 26.817 18.748 28.403 C
592 29 25.773 17.755 27.939 C
593 29 24.482 18.109 28.480 O
594 29 25.498 17.695 26.456 C
595 29 26.459 16.903 25.819 O
596 29 24.183 16.964 26.469 C
597 29 24.477 15.659 26.894 O
598 29 23.483 17.726 27.593 C
599 29 22.861 18.961 27.130 N
600 29 21.657 18.827 26.510 C
601 29 21.106 17.762 26.389 O
602 29 21.097 19.977 26.037 N
603 29 21.608 21.249 26.139 C
604 29 21.002 22.179 25.612 O
605 29 22.870 21.341 26.829 C
606 29 23.456 20.214 27.293 C
607 30 26.569 16.919 24.220 P
608 30 27.878 16.322 23.850 O
609 30 26.211 18.254 23.718 O
610 30 25.356 15.992 23.769 O
611 30 25.391 14.567 23.965 C
612 30 24.290 13.916 23.169 C
613 30 23.044 14.409 23.682 O
614 30 24.237 14.286 21.701 C
615 30 25.055 13.501 20.881 O
616 30 22.789 14.013 21.373 C
617 30 22.557 12.625 21.193 O
618 30 22.142 14.546 22.666 C
619 30 21.813 15.958 22.646 N
620 30 22.445 17.084 23.200 C
621 30 21.783 18.183 22.884 N
622 30 20.701 17.715 22.150 C
623 30 19.602 18.410 21.566 C
624 30 19.341 19.620 21.621 O
625 30 18.746 17.558 20.891 N
626 30 18.907 16.210 20.796 C
627 30 18.012 15.569 20.029 N
628 30 19.886 15.543 21.384 N
629 30 20.732 16.360 22.021 C
630 31 25.402 14.034 19.426 P
631 31 26.312 13.113 18.761 O
632 31 25.815 15.427 19.654 O
633 31 24.031 14.045 18.638 O
634 31 23.613 12.921 17.915 C
635 31 22.344 13.221 17.185 C
636 31 21.437 13.898 18.078 O
637 31 22.484 14.194 16.048 C
638 31 22.870 13.517 14.879 O
639 31 21.063 14.687 15.873 C
640 31 20.292 13.836 15.073 O
641 31 20.626 14.800 17.312 C
642 31 20.919 16.172 17.721 N
643 31 21.934 16.586 18.522 C
644 31 21.836 17.853 18.844 N
645 31 20.778 18.316 18.101 C
646 31 20.250 19.598 18.005 C
647 31 20.656 20.636 18.536 O
648 31 19.147 19.635 17.168 N
649 31 18.627 18.559 16.506 C
650 31 17.516 18.779 15.786 N
651 31 19.151 17.360 16.554 N
652 31 20.213 17.301 17.355 C
653 32 23.767 14.279 13.810 P
654 32 24.133 13.364 12.708 O
655 32 24.807 14.943 14.605 O
656 32 22.748 15.299 13.185 O
657 32 21.738 14.817 12.330 C
658 32 20.830 15.936 11.949 C
659 32 20.497 16.629 13.185 O
660 32 21.468 17.027 11.115 C
661 32 21.704 16.699 9.724 O
662 32 20.522 18.181 11.403 C
663 32 19.284 18.000 10.753 O
664 32 20.271 17.989 12.898 C
665 32 21.100 18.808 13.777 N
666 32 22.245 18.452 14.439 C
667 32 22.713 19.412 15.188 N
668 32 21.819 20.461 14.997 C
669 32 21.781 21.766 15.561 C
670 32 22.535 22.264 16.401 O
671 32 20.719 22.506 15.067 N
672 32 19.804 22.053 14.172 C
673 32 18.848 22.907 13.820 N
674 32 19.814 20.849 13.657 N
675 32 20.841 20.110 14.113 C
677 33 10.792 3.242 6.787 O
678 33 10.333 4.071 5.719 C
679 33 9.400 5.133 6.245 C
680 33 8.944 4.692 7.565 O
681 33 10.039 6.491 6.541 C
682 33 10.109 7.368 5.403 O
683 33 9.117 7.060 7.602 C
684 33 7.900 7.474 7.052 O
685 33 8.835 5.865 8.454 C
686 33 9.778 5.706 9.571 N
687 33 10.173 6.714 10.577 C
688 33 9.803 7.898 10.512 O
689 33 10.982 6.281 11.581 N
690 33 11.384 5.010 11.609 C
691 33 12.115 4.620 12.644 N
692 33 11.032 4.091 10.601 C
693 33 10.258 4.500 9.651 C
694 34 11.516 8.074 5.028 P
695 34 11.384 8.721 3.713 O
696 34 12.584 7.067 5.239 O
697 34 11.645 9.232 6.112 O
698 34 10.790 10.379 6.052 C
699 34 11.197 11.378 7.096 C
700 34 10.955 10.816 8.395 O
701 34 12.677 11.719 7.101 C
702 34 12.994 12.700 6.126 O
703 34 12.887 12.177 8.533 C
704 34 12.491 13.517 8.791 O
705 34 11.969 11.175 9.238 C
706 34 12.628 9.949 9.629 N
707 34 13.432 10.110 10.658 C
708 34 13.586 11.279 11.064 O
709 34 14.030 9.069 11.233 N
710 34 13.795 7.845 10.780 C
711 34 14.386 6.823 11.402 N
712 34 12.960 7.606 9.646 C
713 34 12.402 8.695 9.060 C
714 35 14.408 12.625 5.354 P
715 35 14.301 13.559 4.222 O
716 35 14.755 11.202 5.107 O
717 35 15.436 13.259 6.389 O
718 35 15.208 14.568 6.913 C
719 35 16.238 14.895 7.951 C
720 35 15.934 14.255 9.218 O
721 35 17.638 14.424 7.630 C
722 35 18.272 15.291 6.697 O
723 35 18.293 14.449 9.000 C
724 35 18.705 15.742 9.361 O
725 35 17.153 13.954 9.898 C
726 35 17.185 12.497 10.108 N
727 35 17.979 11.943 11.119 C
728 35 18.601 12.693 11.891 O
729 35 18.025 10.601 11.250 N
730 35 17.278 9.833 10.475 C
731 35 17.366 8.518 10.646 N
732 35 16.428 10.372 9.477 C
733 35 16.431 11.694 9.315 C
734 36 19.546 14.762 5.855 P
735 36 20.101 15.871 5.038 O
736 36 19.195 13.486 5.181 O
737 36 20.578 14.468 7.025 O
738 36 21.647 13.533 6.886 C
739 36 22.269 13.328 8.232 C
740 36 21.331 12.623 9.077 O
741 36 23.480 12.448 8.305 C
742 36 24.592 13.190 7.951 O
743 36 23.525 12.166 9.784 C
744 36 23.987 13.317 10.451 O
745 36 22.045 11.903 10.048 C
746 36 21.758 10.489 9.857 N
747 36 20.906 9.875 8.959 C
748 36 20.929 8.572 9.065 N
749 36 21.835 8.339 10.090 C
750 36 22.277 7.134 10.666 C
751 36 21.936 5.985 10.385 O
752 36 23.205 7.351 11.674 N
753 36 23.633 8.571 12.087 C
754 36 23.222 9.705 11.560 N
755 36 22.341 9.513 10.579 C
756 37 25.457 12.732 6.703 P
757 37 26.205 13.931 6.296 O
758 37 24.517 12.101 5.744 O
759 37 26.471 11.683 7.343 O
760 37 27.292 12.073 8.459 C
761 37 27.490 10.927 9.434 C
762 37 26.200 10.288 9.668 O
763 37 28.364 9.753 9.025 C
764 37 29.736 10.020 9.260 O
765 37 27.906 8.692 10.010 C
766 37 28.366 9.007 11.319 O
767 37 26.407 8.912 10.024 C
768 37 25.526 8.040 9.214 N
769 37 25.445 6.646 9.436 C
770 37 26.168 6.034 10.192 O
771 37 24.469 6.016 8.696 N
772 37 23.615 6.609 7.782 C
773 37 22.750 5.941 7.220 O
774 37 23.827 7.987 7.595 C
775 37 24.758 8.619 8.298 C
776 38 30.822 9.471 8.221 P
777 38 32.002 10.347 8.277 O
778 38 30.140 9.268 6.924 O
779 38 31.246 8.063 8.821 O
780 38 32.232 7.978 9.862 C
781 38 32.538 6.528 10.172 C
782 38 31.363 5.866 10.730 O
783 38 32.881 5.673 8.969 C
784 38 34.229 5.847 8.549 O
785 38 32.603 4.288 9.523 C
786 38 33.601 3.913 10.455 O
787 38 31.274 4.541 10.240 C
788 38 30.136 4.489 9.323 N
789 38 29.571 5.556 8.677 C
790 38 28.599 5.215 7.869 N
791 38 28.506 3.835 7.999 C
792 38 27.619 2.902 7.378 C
793 38 26.734 3.107 6.547 O
794 38 27.840 1.612 7.822 N
795 38 28.782 1.247 8.746 C
796 38 28.807 -0.069 9.066 N
797 38 29.629 2.098 9.323 N
798 38 29.434 3.367 8.904 C
799 39 34.603 5.675 6.999 P
800 39 36.051 5.919 6.901 O
801 39 33.666 6.477 6.193 O
802 39 34.337 4.128 6.687 O
803 39 35.024 3.092 7.436 C
804 39 34.489 1.718 7.091 C
805 39 33.114 1.596 7.537 O
806 39 34.393 1.378 5.618 C
807 39 35.650 1.019 5.052 O
808 39 33.420 0.208 5.647 C
809 39 34.013 -0.994 6.095 O
810 39 32.410 0.701 6.670 C
811 39 31.394 1.541 6.018 N
812 39 31.270 2.906 5.911 C
813 39 30.213 3.272 5.236 N
814 39 29.618 2.079 4.854 C
815 39 28.454 1.844 4.091 C
816 39 27.683 2.667 3.603 O
817 39 28.212 0.481 3.914 N
818 39 28.980 -0.516 4.429 C
819 39 28.568 -1.743 4.150 N
820 39 30.067 -0.314 5.160 N
821 39 30.332 0.999 5.322 C
822 40 35.875 1.185 3.470 P
823 40 37.282 0.881 3.108 O
824 40 35.305 2.513 3.136 O
825 40 34.942 0.051 2.870 O
826 40 35.138 -1.305 3.249 C
827 40 34.215 -2.177 2.469 C
828 40 32.869 -1.838 2.835 O
829 40 34.259 -1.903 0.983 C
830 40 35.307 -2.614 0.337 O
831 40 32.897 -2.372 0.515 C
832 40 32.873 -3.751 0.242 O
833 40 32.018 -2.012 1.712 C
834 40 31.285 -0.771 1.498 N
835 40 31.695 0.495 1.837 C
836 40 30.818 1.416 1.531 N
837 40 29.765 0.712 0.954 C
838 40 28.522 1.171 0.431 C
839 40 28.064 2.326 0.405 O
840 40 27.784 0.126 -0.094 N
841 40 28.180 -1.192 -0.110 C
842 40 27.359 -2.048 -0.728 N
843 40 29.303 -1.635 0.416 N
844 40 30.045 -0.640 0.917 C
846 41 20.005 2.056 -1.988 O
847 41 19.359 0.959 -2.661 C
848 41 20.287 -0.223 -2.817 C
849 41 21.506 0.236 -3.463 O
850 41 20.761 -0.863 -1.515 C
851 41 19.857 -1.874 -1.068 O
852 41 22.102 -1.458 -1.916 C
853 41 21.979 -2.667 -2.636 O
854 41 22.648 -0.384 -2.841 C
855 41 23.407 0.641 -2.110 N
856 41 24.707 0.373 -1.614 C
857 41 25.194 -0.760 -1.748 O
858 41 25.380 1.382 -0.995 N
859 41 24.805 2.583 -0.865 C
860 41 25.514 3.559 -0.290 N
861 41 23.491 2.834 -1.327 C
862 41 22.853 1.850 -1.929 C
863 42 19.542 -2.036 0.504 P
864 42 18.314 -2.861 0.570 O
865 42 19.584 -0.715 1.202 O
866 42 20.780 -2.863 1.057 O
867 42 21.062 -4.153 0.536 C
868 42 22.447 -4.562 0.916 C
869 42 23.379 -3.613 0.350 O
870 42 22.751 -4.511 2.401 C
871 42 22.284 -5.685 3.052 O
872 42 24.264 -4.458 2.363 C
873 42 24.796 -5.711 1.998 O
874 42 24.457 -3.467 1.227 C
875 42 24.482 -2.084 1.690 N
876 42 25.534 -1.736 2.513 C
877 42 26.249 -2.625 2.986 O
878 42 25.747 -0.438 2.787 N
879 42 24.942 0.493 2.282 C
880 42 25.205 1.757 2.569 N
881 42 23.799 0.162 1.502 C
882 42 23.576 -1.145 1.255 C
883 43 21.567 -5.581 4.497 P
884 43 20.583 -6.683 4.559 O
885 43 21.108 -4.182 4.708 O
886 43 22.730 -5.895 5.539 O
887 43 24.030 -5.337 5.332 C
888 43 24.896 -5.490 6.555 C
889 43 26.139 -4.837 6.265 O
890 43 24.380 -4.857 7.843 C
891 43 23.687 -5.791 8.664 O
892 43 25.668 -4.398 8.494 C
893 43 26.365 -5.439 9.183 O
894 43 26.371 -3.951 7.208 C
895 43 25.918 -2.725 6.602 N
896 43 26.624 -1.776 7.030 C
897 43 27.545 -2.130 7.848 O
898 43 26.441 -0.529 6.653 N
899 43 25.467 -0.231 5.800 C
900 43 25.284 1.048 5.471 N
901 43 24.625 -1.236 5.231 C
902 43 24.862 -2.527 5.648 C
903 44 22.704 -5.263 9.836 P
904 44 22.334 -6.423 10.686 O
905 44 21.642 -4.477 9.132 O
906 44 23.554 -4.249 10.721 O
907 44 24.449 -4.741 11.714 C
908 44 25.318 -3.628 12.277 C
909 44 25.979 -2.899 11.198 O
910 44 24.645 -2.508 13.037 C
911 44 24.364 -2.837 14.372 O
912 44 25.746 -1.475 13.067 C
913 44 26.721 -1.828 14.026 O
914 44 26.264 -1.558 11.640 C
915 44 25.534 -0.610 10.803 N
916 44 24.516 -0.916 9.963 C
917 44 24.022 0.111 9.338 N
918 44 24.758 1.185 9.812 C
919 44 24.660 2.576 9.502 C
920 44 23.880 3.142 8.719 O
921 44 25.591 3.316 10.211 N
922 44 26.511 2.790 11.091 C
923 44 26.614 1.495 11.384 N
924 44 25.704 0.758 10.719 C
925 45 23.189 -2.068 15.096 P
926 45 22.823 -2.640 16.386 O
927 45 22.199 -1.990 13.985 O
928 45 23.760 -0.594 15.344 O
929 45 24.738 -0.308 16.380 C
930 45 25.019 1.185 16.418 C
931 45 25.484 1.640 15.105 O
932 45 23.811 2.065 16.637 C
933 45 23.518 2.222 18.008 O
934 45 24.302 3.385 16.105 C
935 45 25.283 3.879 16.984 O
936 45 24.994 2.969 14.826 C
937 45 24.099 2.931 13.649 N
938 45 23.718 4.095 12.928 C
939 45 24.087 5.208 13.178 O
940 45 22.856 3.853 11.893 N
941 45 22.345 2.631 11.512 C
942 45 21.476 2.572 10.635 O
943 45 22.812 1.541 12.285 C
944 45 23.652 1.750 13.288 C
945 46 22.122 2.851 18.407 P
946 46 21.796 2.593 19.818 O
947 46 21.190 2.418 17.323 O
948 46 22.398 4.399 18.192 O
949 46 23.473 5.071 18.888 C
950 46 23.411 6.554 18.608 C
951 46 23.646 6.718 17.189 O
952 46 22.050 7.227 18.807 C
953 46 21.769 7.622 20.135 O
954 46 22.200 8.439 17.919 C
955 46 23.076 9.366 18.514 O
956 46 22.888 7.798 16.706 C
957 46 21.951 7.253 15.730 N
958 46 21.607 5.941 15.539 C
959 46 20.735 5.789 14.584 N
960 46 20.512 7.068 14.124 C
961 46 19.684 7.526 13.096 C
962 46 18.984 6.867 12.332 O
963 46 19.720 8.912 12.976 N
964 46 20.482 9.751 13.764 C
965 46 20.363 11.077 13.552 N
966 46 21.291 9.316 14.706 N
967 46 21.248 7.977 14.831 C
968 47 20.251 7.630 20.652 P
969 47 20.295 7.789 22.115 O
970 47 19.560 6.466 20.073 O
971 47 19.570 8.882 19.944 O
972 47 20.092 10.219 20.112 C
973 47 19.352 11.203 19.228 C
974 47 19.654 10.969 17.836 O
975 47 17.843 11.117 19.284 C
976 47 17.381 11.807 20.406 O
977 47 17.456 11.825 17.996 C
978 47 17.621 13.217 18.091 O
979 47 18.534 11.273 17.056 C
980 47 18.112 10.023 16.476 N
981 47 18.463 8.721 16.832 C
982 47 17.863 7.834 16.069 N
983 47 17.102 8.608 15.203 C
984 47 16.223 8.232 14.138 C
985 47 15.910 7.107 13.759 O
986 47 15.679 9.331 13.509 N
987 47 15.911 10.622 13.868 C
988 47 15.273 11.532 13.165 N
989 47 16.708 10.989 14.853 N
990 47 17.263 9.947 15.460 C
991 48 15.863 11.634 20.880 P
992 48 15.677 12.645 21.923 O
993 48 15.605 10.200 21.171 O
994 48 14.987 12.041 19.610 O
995 48 14.385 13.326 19.466 C
996 48 13.443 13.288 18.298 C
997 48 14.101 12.637 17.177 O
998 48 12.233 12.417 18.502 C
999 48 11.304 13.051 19.355 O
1000 48 11.786 12.215 17.075 C
1001 48 11.212 13.386 16.583 O
1002 48 13.124 11.976 16.404 C
1003 48 13.338 10.531 16.360 N
1004 48 14.056 9.643 17.158 C
1005 48 13.993 8.420 16.677 N
1006 48 13.179 8.535 15.566 C
1007 48 12.760 7.562 14.651 C
1008 48 13.063 6.380 14.620 O
1009 48 11.912 8.081 13.690 N
1010 48 11.549 9.399 13.595 C
1011 48 10.742 9.721 12.580 N
1012 48 11.953 10.329 14.438 N
1013 48 12.752 9.816 15.396 C
