660
1 1 3.828 12.128 6.019 O
2 1 4.212 13.418 6.510 C
3 1 3.981 13.565 7.998 C
4 1 2.559 13.571 8.288 O
5 1 4.542 12.448 8.866 C
6 1 5.915 12.679 9.165 O
7 1 3.691 12.562 10.125 C
8 1 4.174 13.569 10.982 O
9 1 2.326 12.959 9.547 C
10 1 1.403 11.838 9.352 N
11 1 0.890 11.390 8.155 C
12 1 0.080 10.374 8.291 N
13 1 0.055 10.133 9.659 C
14 1 -0.649 9.154 10.407 C
15 1 -1.413 8.273 9.996 O
16 1 -0.388 9.266 11.768 N
17 1 0.449 10.194 12.335 C
18 1 0.582 10.130 13.670 N
19 1 1.108 11.112 11.651 N
20 1 0.867 11.026 10.329 C
21 2 6.897 11.444 9.472 P
22 2 8.269 11.989 9.643 O
23 2 6.649 10.384 8.455 O
24 2 6.431 10.884 10.884 O
25 2 6.944 11.452 12.093 C
26 2 6.336 10.775 13.295 C
27 2 4.891 10.819 13.172 O
28 2 6.641 9.294 13.474 C
29 2 7.887 9.111 14.143 O
30 2 5.479 8.854 14.350 C
31 2 5.654 9.250 15.700 O
32 2 4.330 9.640 13.718 C
33 2 3.683 8.909 12.623 N
34 2 2.887 7.836 12.952 C
35 2 2.718 7.468 14.098 O
36 2 2.301 7.204 11.887 N
37 2 2.428 7.535 10.557 C
38 2 1.778 6.912 9.713 O
39 2 3.282 8.653 10.301 C
40 2 3.863 9.287 11.319 C
41 3 8.815 7.850 13.771 P
42 3 10.127 8.025 14.441 O
43 3 8.757 7.681 12.298 O
44 3 8.083 6.614 14.451 O
45 3 8.041 6.489 15.878 C
46 3 7.220 5.290 16.268 C
47 3 5.829 5.507 15.898 O
48 3 7.575 4.014 15.537 C
49 3 8.730 3.397 16.086 O
50 3 6.307 3.200 15.737 C
51 3 6.203 2.690 17.050 O
52 3 5.239 4.273 15.521 C
53 3 4.803 4.377 14.125 N
54 3 5.274 5.232 13.155 C
55 3 4.688 5.086 11.989 N
56 3 3.766 4.070 12.205 C
57 3 2.828 3.446 11.360 C
58 3 2.640 3.780 10.082 N
59 3 2.071 2.460 11.882 N
60 3 2.244 2.134 13.169 C
61 3 3.085 2.649 14.066 N
62 3 3.828 3.623 13.514 C
63 4 9.779 2.670 15.110 P
64 4 11.011 2.398 15.891 O
65 4 9.869 3.463 13.863 O
66 4 9.072 1.277 14.796 O
67 4 8.801 0.344 15.861 C
68 4 7.850 -0.737 15.404 C
69 4 6.560 -0.154 15.062 O
70 4 8.218 -1.487 14.141 C
71 4 9.220 -2.473 14.345 O
72 4 6.878 -2.106 13.783 C
73 4 6.567 -3.181 14.642 O
74 4 5.941 -0.926 14.041 C
75 4 5.807 -0.082 12.843 N
76 4 4.854 -0.431 11.909 C
77 4 4.120 -1.391 12.038 O
78 4 4.796 0.386 10.811 N
79 4 5.581 1.487 10.552 C
80 4 5.464 2.072 9.477 O
81 4 6.536 1.787 11.568 C
82 4 6.611 1.012 12.655 C
83 5 10.294 -2.763 13.176 P
84 5 11.298 -3.716 13.714 O
85 5 10.736 -1.459 12.604 O
86 5 9.456 -3.515 12.046 O
87 5 8.958 -4.842 12.274 C
88 5 7.923 -5.201 11.239 C
89 5 6.889 -4.181 11.242 O
90 5 8.368 -5.200 9.789 C
91 5 9.081 -6.370 9.416 O
92 5 7.029 -5.114 9.075 C
93 5 6.304 -6.325 9.086 O
94 5 6.311 -4.093 9.950 C
95 5 6.524 -2.748 9.430 N
96 5 7.323 -1.739 9.905 C
97 5 7.276 -0.646 9.180 N
98 5 6.382 -0.960 8.161 C
99 5 5.881 -0.226 7.072 C
100 5 6.199 1.040 6.818 N
101 5 5.015 -0.844 6.245 N
102 5 4.668 -2.108 6.505 C
103 5 5.055 -2.893 7.497 N
104 5 5.921 -2.253 8.299 C
105 6 10.236 -6.265 8.303 P
106 6 11.052 -7.500 8.369 O
107 6 10.881 -4.940 8.477 O
108 6 9.441 -6.238 6.925 O
109 6 8.414 -7.204 6.669 C
110 6 7.550 -6.775 5.509 C
111 6 6.932 -5.506 5.808 O
112 6 8.247 -6.513 4.184 C
113 6 8.450 -7.731 3.492 O
114 6 7.222 -5.671 3.465 C
115 6 6.184 -6.506 3.020 O
116 6 6.682 -4.808 4.600 C
117 6 7.324 -3.496 4.686 N
118 6 6.837 -2.466 3.890 C
119 6 5.903 -2.704 3.120 O
120 6 7.396 -1.239 3.974 N
121 6 8.411 -1.030 4.814 C
122 6 8.913 0.199 4.882 N
123 6 8.944 -2.072 5.629 C
124 6 8.374 -3.279 5.539 C
125 7 9.806 -7.934 2.654 P
126 7 9.949 -9.387 2.424 O
127 7 10.844 -7.175 3.344 O
128 7 9.511 -7.170 1.296 O
129 7 8.294 -7.423 0.574 C
130 7 7.888 -6.215 -0.237 C
131 7 7.806 -5.019 0.584 O
132 7 8.848 -5.767 -1.325 C
133 7 8.711 -6.596 -2.479 O
134 7 8.336 -4.361 -1.638 C
135 7 7.270 -4.466 -2.537 O
136 7 7.759 -3.904 -0.290 C
137 7 8.381 -2.720 0.303 N
138 7 7.919 -1.434 0.172 C
139 7 8.681 -0.532 0.747 N
140 7 9.700 -1.278 1.315 C
141 7 10.816 -0.922 2.085 C
142 7 11.123 0.334 2.412 N
143 7 11.628 -1.915 2.506 N
144 7 11.334 -3.176 2.161 C
145 7 10.321 -3.636 1.442 N
146 7 9.528 -2.632 1.051 C
147 8 10.020 -7.115 -3.268 P
148 8 10.201 -8.559 -2.965 O
149 8 11.114 -6.156 -2.972 O
150 8 9.644 -6.946 -4.804 O
151 8 9.560 -5.649 -5.404 C
152 8 9.412 -5.790 -6.905 C
153 8 10.614 -6.395 -7.442 O
154 8 8.253 -6.686 -7.351 C
155 8 7.659 -6.232 -8.573 O
156 8 8.930 -8.016 -7.633 C
157 8 10.281 -7.572 -8.168 C
158 8 11.353 -8.553 -7.955 N
159 8 11.924 -9.183 -9.062 C
160 8 11.521 -8.879 -10.192 O
161 8 12.899 -10.106 -8.869 N
162 8 13.302 -10.403 -7.629 C
163 8 14.259 -11.325 -7.476 N
164 8 12.739 -9.767 -6.486 C
165 8 11.779 -8.857 -6.693 C
167 9 2.581 6.658 0.168 O
168 9 1.939 6.607 -1.112 C
169 9 2.041 5.221 -1.692 C
170 9 3.442 4.867 -1.785 O
171 9 1.416 4.136 -0.831 C
172 9 0.041 3.968 -1.154 O
173 9 2.243 2.913 -1.196 C
174 9 1.848 2.322 -2.420 O
175 9 3.631 3.536 -1.347 C
176 9 4.405 3.597 -0.112 N
177 9 4.819 4.739 0.529 C
178 9 5.528 4.498 1.597 N
179 9 5.582 3.113 1.669 C
180 9 6.226 2.270 2.607 C
181 9 6.914 2.590 3.581 O
182 9 6.018 0.925 2.315 N
183 9 5.291 0.454 1.246 C
184 9 5.202 -0.880 1.130 N
185 9 4.696 1.232 0.358 N
186 9 4.882 2.541 0.628 C
187 10 -0.994 3.506 -0.017 P
188 10 -2.351 3.537 -0.611 O
189 10 -0.707 4.310 1.204 O
190 10 -0.600 1.988 0.274 O
191 10 -0.988 0.939 -0.634 C
192 10 -0.587 -0.415 -0.086 C
193 10 0.858 -0.470 0.054 O
194 10 -1.095 -0.748 1.305 C
195 10 -2.423 -1.247 1.270 O
196 10 -0.098 -1.806 1.751 C
197 10 -0.312 -3.058 1.140 O
198 10 1.199 -1.215 1.211 C
199 10 1.821 -0.295 2.171 N
200 10 2.563 -0.845 3.190 C
201 10 2.682 -2.051 3.343 O
202 10 3.155 0.069 4.027 N
203 10 3.062 1.445 3.955 C
204 10 3.707 2.137 4.742 O
205 10 2.246 1.933 2.889 C
206 10 1.671 1.068 2.052 C
207 11 -3.467 -0.789 2.398 P
208 11 -4.816 -1.260 1.989 O
209 11 -3.240 0.658 2.662 O
210 11 -3.024 -1.622 3.679 O
211 11 -3.279 -3.038 3.756 C
212 11 -2.802 -3.588 5.081 C
213 11 -1.353 -3.520 5.144 O
214 11 -3.251 -2.826 6.315 C
215 11 -4.572 -3.202 6.692 O
216 11 -2.208 -3.256 7.341 C
217 11 -2.451 -4.539 7.880 O
218 11 -0.942 -3.301 6.484 C
219 11 -0.203 -2.042 6.530 N
220 11 -0.315 -0.975 5.672 C
221 11 0.455 0.037 5.987 N
222 11 1.131 -0.397 7.116 C
223 11 2.089 0.214 7.932 C
224 11 2.569 1.446 7.711 N
225 11 2.551 -0.485 8.994 N
226 11 2.081 -1.721 9.201 C
227 11 1.184 -2.407 8.500 N
228 11 0.740 -1.680 7.461 C
229 12 -5.550 -2.124 7.378 P
230 12 -6.901 -2.727 7.390 O
231 12 -5.343 -0.789 6.751 O
232 12 -5.029 -2.048 8.881 O
233 12 -5.147 -3.184 9.746 C
234 12 -4.392 -2.949 11.030 C
235 12 -2.971 -2.843 10.749 O
236 12 -4.691 -1.653 11.757 C
237 12 -5.883 -1.737 12.516 O
238 12 -3.467 -1.527 12.647 C
239 12 -3.536 -2.435 13.728 O
240 12 -2.365 -1.959 11.679 C
241 12 -1.810 -0.829 10.926 N
242 12 -0.750 -0.139 11.478 C
243 12 -0.245 -0.439 12.541 O
244 12 -0.295 0.914 10.729 N
245 12 -0.770 1.330 9.505 C
246 12 -0.251 2.304 8.957 O
247 12 -1.858 0.559 8.993 C
248 12 -2.331 -0.468 9.706 C
249 13 -6.715 -0.401 12.833 P
250 13 -7.950 -0.808 13.550 O
251 13 -6.811 0.403 11.596 O
252 13 -5.788 0.402 13.850 O
253 13 -5.483 -0.140 15.149 C
254 13 -4.454 0.716 15.848 C
255 13 -3.244 0.763 15.046 O
256 13 -4.804 2.183 16.015 C
257 13 -5.670 2.403 17.116 O
258 13 -3.436 2.814 16.233 C
259 13 -2.953 2.681 17.557 O
260 13 -2.578 1.998 15.263 C
261 13 -2.393 2.664 13.970 N
262 13 -3.058 2.452 12.787 C
263 13 -2.641 3.220 11.804 N
264 13 -1.639 3.990 12.383 C
265 13 -0.793 5.004 11.873 C
266 13 -0.831 5.448 10.617 N
267 13 0.104 5.556 12.718 N
268 13 0.136 5.130 13.985 C
269 13 -0.606 4.200 14.583 N
270 13 -1.478 3.660 13.718 C
271 14 -6.775 3.564 17.030 P
272 14 -7.752 3.359 18.122 O
273 14 -7.256 3.634 15.630 O
274 14 -5.944 4.887 17.318 O
275 14 -5.074 4.974 18.453 C
276 14 -4.086 6.093 18.258 C
277 14 -3.173 5.756 17.179 O
278 14 -4.697 7.404 17.799 C
279 14 -5.282 8.129 18.877 O
280 14 -3.497 8.110 17.181 C
281 14 -2.638 8.712 18.130 O
282 14 -2.776 6.942 16.505 C
283 14 -3.150 6.824 15.089 N
284 14 -2.356 7.455 14.126 C
285 14 -1.337 8.060 14.488 O
286 14 -2.716 7.387 12.828 N
287 14 -3.815 6.721 12.476 C
288 14 -4.141 6.696 11.186 N
289 14 -4.629 6.054 13.431 C
290 14 -4.263 6.129 14.716 C
291 15 -6.818 8.610 18.762 P
292 15 -7.689 7.408 18.704 O
293 15 -6.877 9.618 17.671 O
294 15 -7.103 9.371 20.129 O
295 15 -6.539 10.667 20.362 C
296 15 -6.802 11.111 21.776 C
297 15 -6.622 10.002 22.690 O
298 15 -5.860 12.203 22.239 C
299 15 -6.413 13.470 21.901 O
300 15 -5.756 11.963 23.744 C
301 15 -6.770 12.608 24.488 O
302 15 -5.921 10.439 23.837 C
303 15 -4.690 9.652 23.905 N
304 15 -3.911 9.250 22.849 C
305 15 -2.909 8.479 23.194 N
306 15 -3.025 8.381 24.574 C
307 15 -2.276 7.688 25.539 C
308 15 -1.225 6.917 25.247 N
309 15 -2.654 7.807 26.829 N
310 15 -3.720 8.562 27.118 C
311 15 -4.511 9.252 26.302 N
312 15 -4.106 9.117 25.029 C
313 16 -5.482 14.593 21.235 P
314 16 -6.351 15.540 20.500 O
315 16 -4.361 13.918 20.523 O
316 16 -4.908 15.369 22.499 O
317 16 -5.808 15.873 23.504 C
318 16 -5.058 16.153 24.782 C
319 16 -4.585 14.897 25.336 O
320 16 -3.821 17.034 24.587 C
321 16 -3.643 18.012 25.617 O
322 16 -2.672 16.045 24.638 C
323 16 -3.195 14.987 25.592 C
324 16 -2.593 13.665 25.361 N
325 16 -2.604 12.711 26.391 C
326 16 -3.206 12.971 27.445 O
327 16 -1.966 11.531 26.205 N
328 16 -1.349 11.282 25.046 C
329 16 -0.695 10.130 24.915 N
330 16 -1.367 12.213 23.969 C
331 16 -1.994 13.379 24.166 C
333 17 4.614 -11.369 28.199 O
334 17 5.306 -12.450 27.569 C
335 17 5.029 -12.493 26.086 C
336 17 3.597 -12.566 25.877 O
337 17 5.459 -11.255 25.318 C
338 17 6.826 -11.343 24.949 O
339 17 4.533 -11.284 24.111 C
340 17 4.956 -12.191 23.112 O
341 17 3.241 -11.798 24.745 C
342 17 2.333 -10.744 25.183 N
343 17 1.997 -10.416 26.475 C
344 17 1.123 -9.449 26.545 N
345 17 0.871 -9.117 25.220 C
346 17 -0.005 -8.147 24.662 C
347 17 -0.768 -7.366 25.245 O
348 17 0.061 -8.142 23.273 N
349 17 0.866 -8.962 22.518 C
350 17 0.805 -8.799 21.185 N
351 17 1.673 -9.874 23.026 N
352 17 1.625 -9.897 24.371 C
353 18 7.761 -10.049 25.077 P
354 18 9.180 -10.485 25.038 O
355 18 7.267 -9.251 26.229 O
356 18 7.452 -9.240 23.746 O
357 18 7.777 -9.794 22.465 C
358 18 7.134 -8.977 21.376 C
359 18 5.692 -9.087 21.493 O
360 18 7.386 -7.483 21.465 C
361 18 8.643 -7.147 20.894 O
362 18 6.212 -6.933 20.673 C
363 18 6.381 -7.100 19.284 O
364 18 5.088 -7.856 21.141 C
365 18 4.390 -7.333 22.322 N
366 18 3.420 -6.371 22.119 C
367 18 3.095 -5.982 21.010 O
368 18 2.839 -5.887 23.259 N
369 18 3.114 -6.268 24.552 C
370 18 2.514 -5.727 25.478 O
371 18 4.110 -7.285 24.677 C
372 18 4.699 -7.771 23.584 C
373 19 9.429 -5.843 21.406 P
374 19 10.761 -5.822 20.746 O
375 19 9.345 -5.791 22.896 O
376 19 8.579 -4.646 20.799 O
377 19 8.496 -4.469 19.384 C
378 19 7.595 -3.314 19.069 C
379 19 6.242 -3.647 19.473 O
380 19 7.887 -2.043 19.841 C
381 19 8.953 -1.305 19.268 O
382 19 6.558 -1.313 19.730 C
383 19 6.381 -0.724 18.453 O
384 19 5.577 -2.474 19.910 C
385 19 5.127 -2.688 21.290 N
386 19 5.594 -3.602 22.202 C
387 19 4.948 -3.585 23.345 N
388 19 3.999 -2.589 23.176 C
389 19 2.992 -2.095 24.014 C
390 19 2.745 -2.571 25.237 N
391 19 2.225 -1.089 23.548 N
392 19 2.452 -0.629 22.319 C
393 19 3.356 -1.019 21.430 N
394 19 4.109 -2.014 21.926 C
395 20 9.974 -0.520 20.229 P
396 20 11.137 -0.114 19.392 O
397 20 10.194 -1.334 21.453 O
398 20 9.173 0.790 20.658 O
399 20 8.842 1.797 19.688 C
400 20 7.830 2.762 20.252 C
401 20 6.608 2.053 20.586 O
402 20 8.192 3.431 21.563 C
403 20 9.083 4.522 21.375 O
404 20 6.829 3.912 22.028 C
405 20 6.412 5.057 21.309 O
406 20 5.957 2.711 21.662 C
407 20 5.845 1.772 22.788 N
408 20 4.834 1.985 23.708 C
409 20 4.030 2.891 23.618 O
410 20 4.799 1.094 24.743 N
411 20 5.647 0.038 24.956 C
412 20 5.499 -0.653 25.962 O
413 20 6.661 -0.128 23.962 C
414 20 6.722 0.723 22.937 C
415 21 10.338 4.690 22.362 P
416 21 11.170 5.813 21.858 O
417 21 10.943 3.349 22.555 O
418 21 9.698 5.124 23.754 O
419 21 9.153 6.440 23.915 C
420 21 8.152 6.481 25.051 C
421 21 7.238 5.350 24.941 O
422 21 8.633 6.324 26.485 C
423 21 9.289 7.473 27.019 O
424 21 7.299 6.106 27.171 C
425 21 6.522 7.281 27.165 O
426 21 6.644 5.119 26.210 C
427 21 6.901 3.747 26.647 N
428 21 7.769 2.788 26.180 C
429 21 7.705 1.655 26.843 N
430 21 6.726 1.886 27.804 C
431 21 6.165 1.078 28.809 C
432 21 6.482 -0.203 28.999 N
433 21 5.230 1.631 29.612 N
434 21 4.866 2.899 29.396 C
435 21 5.296 3.748 28.474 N
436 21 6.237 3.173 27.703 C
437 22 10.471 7.275 28.108 P
438 22 11.233 8.551 28.191 O
439 22 11.190 6.014 27.809 O
440 22 9.704 7.048 29.487 O
441 22 8.714 7.992 29.914 C
442 22 7.809 7.397 30.965 C
443 22 7.254 6.144 30.493 O
444 22 8.432 7.010 32.293 C
445 22 8.595 8.161 33.107 O
446 22 7.354 6.095 32.861 C
447 22 6.255 6.832 33.361 O
448 22 6.910 5.340 31.606 C
449 22 7.554 4.030 31.463 N
450 22 7.011 2.957 32.146 C
451 22 6.010 3.142 32.842 O
452 22 7.580 1.741 32.033 N
453 22 8.647 1.576 31.253 C
454 22 9.144 0.344 31.138 N
455 22 9.234 2.660 30.547 C
456 22 8.660 3.864 30.677 C
457 23 9.969 8.385 33.902 P
458 23 10.082 9.840 34.152 O
459 23 11.065 7.672 33.195 O
460 23 9.727 7.644 35.294 O
461 23 8.507 7.841 36.032 C
462 23 8.161 6.603 36.822 C
463 23 7.981 5.470 35.936 O
464 23 9.217 6.102 37.795 C
465 23 9.148 6.845 39.014 O
466 23 8.798 4.645 38.019 C
467 23 7.847 4.511 39.051 O
468 23 8.113 4.289 36.697 C
469 23 8.713 3.210 35.905 N
470 23 8.255 1.909 35.899 C
471 23 8.984 1.087 35.186 N
472 23 9.982 1.900 34.667 C
473 23 11.077 1.620 33.837 C
474 23 11.374 0.393 33.400 N
475 23 11.871 2.652 33.476 N
476 23 11.582 3.878 33.944 C
477 23 10.589 4.263 34.749 N
478 23 9.816 3.216 35.082 C
479 24 10.473 7.077 39.897 P
480 24 10.776 8.528 39.918 O
481 24 11.511 6.110 39.457 O
482 24 10.021 6.662 41.366 O
483 24 9.938 5.275 41.749 C
484 24 9.708 5.162 43.239 C
485 24 10.871 5.674 43.938 O
486 24 8.523 5.987 43.745 C
487 24 7.949 5.467 44.948 O
488 24 9.179 7.286 44.166 C
489 24 10.493 6.785 44.737 C
490 24 11.575 7.778 44.690 N
491 24 12.152 8.191 45.891 C
492 24 11.755 7.680 46.946 O
493 24 13.119 9.138 45.874 N
494 24 13.516 9.663 44.714 C
495 24 14.460 10.613 44.744 N
496 24 12.959 9.244 43.467 C
497 24 12.002 8.304 43.502 C
499 25 2.845 -6.885 35.579 O
500 25 2.009 -6.559 36.688 C
501 25 2.196 -5.122 37.096 C
502 25 3.611 -4.809 37.058 O
503 25 1.575 -4.084 36.180 C
504 25 0.193 -3.916 36.475 O
505 25 2.393 -2.849 36.533 C
506 25 2.016 -2.263 37.767 O
507 25 3.788 -3.453 36.700 C
508 25 4.617 -3.413 35.499 N
509 25 5.064 -4.493 34.779 C
510 25 5.822 -4.157 33.770 N
511 25 5.874 -2.771 33.822 C
512 25 6.559 -1.846 32.991 C
513 25 7.276 -2.075 32.010 O
514 25 6.348 -0.534 33.402 N
515 25 5.566 -0.156 34.464 C
516 25 5.471 1.163 34.682 N
517 25 4.925 -1.007 35.251 N
518 25 5.126 -2.291 34.876 C
519 26 -0.830 -3.565 35.293 P
520 26 -2.222 -3.774 35.799 O
521 26 -0.368 -4.302 34.093 O
522 26 -0.605 -2.006 35.054 O
523 26 -0.832 -1.078 36.125 C
524 26 -0.319 0.295 35.767 C
525 26 1.120 0.268 35.641 O
526 26 -0.784 0.861 34.444 C
527 26 -2.061 1.442 34.595 O
528 26 0.271 1.922 34.181 C
529 26 0.058 3.086 34.951 O
530 26 1.529 1.206 34.664 C
531 26 2.191 0.461 33.591 N
532 26 2.954 1.175 32.699 C
533 26 3.088 2.379 32.768 O
534 26 3.556 0.423 31.721 N
535 26 3.466 -0.949 31.556 C
536 26 4.108 -1.497 30.654 O
537 26 2.640 -1.613 32.524 C
538 26 2.047 -0.901 33.484 C
539 27 -3.205 1.109 33.531 P
540 27 -4.507 1.538 34.100 O
541 27 -3.011 -0.307 33.120 O
542 27 -2.864 2.066 32.307 O
543 27 -3.091 3.479 32.409 C
544 27 -2.555 4.190 31.191 C
545 27 -1.105 4.100 31.149 O
546 27 -2.953 3.615 29.848 C
547 27 -4.282 3.951 29.492 O
548 27 -1.930 4.273 28.940 C
549 27 -2.221 5.640 28.737 O
550 27 -0.672 4.154 29.797 C
551 27 0.086 2.941 29.498 N
552 27 0.075 1.736 30.154 C
553 27 0.886 0.844 29.633 N
554 27 1.469 1.511 28.561 C
555 27 2.427 1.121 27.605 C
556 27 3.009 -0.077 27.574 N
557 27 2.776 2.023 26.671 N
558 27 2.209 3.235 26.703 C
559 27 1.310 3.719 27.548 N
560 27 0.979 2.797 28.465 C
561 28 -5.222 2.831 28.836 P
562 28 -6.624 3.257 29.014 O
563 28 -4.778 1.508 29.354 O
564 28 -4.857 2.872 27.286 O
565 28 -4.894 4.109 26.555 C
566 28 -4.100 3.983 25.279 C
567 28 -2.693 3.803 25.595 O
568 28 -4.419 2.766 24.427 C
569 28 -5.583 2.955 23.640 O
570 28 -3.166 2.656 23.568 C
571 28 -3.151 3.581 22.498 O
572 28 -2.079 3.013 24.586 C
573 28 -1.502 1.816 25.210 N
574 28 -0.459 1.209 24.554 C
575 28 -0.013 1.629 23.509 O
576 28 0.037 0.090 25.162 N
577 28 -0.398 -0.472 26.334 C
578 28 0.108 -1.529 26.719 O
579 28 -1.480 0.222 26.961 C
580 28 -1.980 1.317 26.391 C
581 29 -6.405 1.676 23.124 P
582 29 -7.601 2.185 22.406 O
583 29 -6.571 0.740 24.263 O
584 29 -5.444 0.984 22.052 O
585 29 -5.302 1.531 20.726 C
586 29 -4.320 0.716 19.912 C
587 29 -3.032 0.691 20.582 O
588 29 -4.638 -0.757 19.699 C
589 29 -5.568 -0.922 18.630 O
590 29 -3.267 -1.314 19.334 C
591 29 -2.880 -0.994 18.014 O
592 29 -2.362 -0.526 20.276 C
593 29 -2.071 -1.231 21.525 N
594 29 -2.697 -1.088 22.736 C
595 29 -2.203 -1.852 23.680 N
596 29 -1.182 -2.548 23.047 C
597 29 -0.271 -3.513 23.510 C
598 29 -0.236 -3.954 24.768 N
599 29 0.616 -4.013 22.623 N
600 29 0.581 -3.566 21.359 C
601 29 -0.222 -2.660 20.808 N
602 29 -1.092 -2.181 21.718 C
603 30 -6.581 -2.169 18.631 P
604 30 -7.606 -1.893 17.598 O
605 30 -6.993 -2.438 20.028 O
606 30 -5.695 -3.405 18.176 O
607 30 -5.025 -3.403 16.911 C
608 30 -3.952 -4.461 16.900 C
609 30 -3.046 -4.201 18.005 O
610 30 -4.427 -5.880 17.169 C
611 30 -4.939 -6.483 15.985 O
612 30 -3.148 -6.554 17.659 C
613 30 -2.286 -6.940 16.609 O
614 30 -2.497 -5.423 18.460 C
615 30 -2.703 -5.531 19.913 N
616 30 -1.905 -6.416 20.618 C
617 30 -1.079 -7.098 19.994 O
618 30 -2.046 -6.521 21.953 N
619 30 -2.957 -5.789 22.584 C
620 30 -3.044 -5.926 23.912 N
621 30 -3.809 -4.885 21.886 C
622 30 -3.647 -4.786 20.561 C
623 31 -6.167 -7.517 16.072 P
624 31 -6.664 -7.739 14.693 O
625 31 -7.110 -7.038 17.119 O
626 31 -5.492 -8.878 16.561 O
627 31 -4.499 -9.542 15.748 C
628 31 -3.810 -10.628 16.542 C
629 31 -3.083 -10.025 17.643 O
630 31 -4.726 -11.664 17.178 C
631 31 -4.937 -12.739 16.259 O
632 31 -3.909 -12.123 18.381 C
633 31 -2.916 -13.062 18.024 O
634 31 -3.223 -10.821 18.802 C
635 31 -3.973 -10.034 19.778 N
636 31 -5.123 -9.316 19.569 C
637 31 -5.551 -8.684 20.634 N
638 31 -4.626 -9.017 21.611 C
639 31 -4.520 -8.679 22.976 C
640 31 -5.397 -7.901 23.625 N
641 31 -3.473 -9.181 23.663 N
642 31 -2.604 -9.972 23.024 C
643 31 -2.599 -10.367 21.754 N
644 31 -3.647 -9.850 21.096 C
645 32 -6.375 -13.468 16.176 P
646 32 -7.362 -12.517 15.607 O
647 32 -6.651 -14.108 17.484 O
648 32 -6.124 -14.601 15.094 O
649 32 -6.564 -14.433 13.740 C
650 32 -5.437 -14.730 12.778 C
651 32 -4.860 -13.512 12.247 O
652 32 -4.274 -15.545 13.355 C
653 32 -3.832 -16.572 12.469 O
654 32 -3.147 -14.532 13.433 C
655 32 -3.454 -13.656 12.236 C
656 32 -2.851 -12.315 12.283 N
657 32 -2.846 -11.523 11.121 C
658 32 -3.404 -11.948 10.092 O
659 32 -2.240 -10.314 11.152 N
660 32 -1.673 -9.878 12.281 C
661 32 -1.079 -8.680 12.264 N
662 32 -1.688 -10.651 13.480 C
663 32 -2.282 -11.850 13.436 C
