364
1 1 11.062 -5.304 17.732 O
2 1 10.746 -6.167 18.828 C
3 1 10.392 -5.360 20.054 C
4 1 11.459 -4.447 20.364 O
5 1 9.161 -4.495 19.879 C
6 1 8.017 -5.309 20.148 O
7 1 9.401 -3.429 20.929 C
8 1 10.907 -3.226 20.826 C
9 1 11.285 -2.191 19.877 N
10 1 11.951 -2.338 18.683 C
11 1 12.152 -1.208 18.067 N
12 1 11.583 -0.263 18.906 C
13 1 11.498 1.142 18.777 C
14 1 11.941 1.860 17.870 O
15 1 10.821 1.712 19.863 N
16 1 10.301 1.006 20.930 C
17 1 9.662 1.690 21.886 N
18 1 10.395 -0.296 21.057 N
19 1 11.041 -0.865 20.020 C
20 2 6.691 -5.164 19.249 P
21 2 5.773 -6.241 19.669 O
22 2 7.071 -5.042 17.829 O
23 2 6.053 -3.802 19.747 O
24 2 5.675 -3.670 21.126 C
25 2 5.594 -2.218 21.504 C
26 2 6.851 -1.560 21.245 O
27 2 4.625 -1.479 20.622 C
28 2 3.316 -1.695 21.100 O
29 2 5.094 -0.045 20.780 C
30 2 6.611 -0.212 20.815 C
31 2 7.285 -0.004 19.512 N
32 2 7.522 1.310 19.065 C
33 2 7.124 2.269 19.725 O
34 2 8.174 1.504 17.902 N
35 2 8.571 0.463 17.177 C
36 2 9.213 0.711 16.035 N
37 2 8.330 -0.881 17.585 C
38 2 7.690 -1.072 18.747 C
39 3 2.088 -1.323 20.172 P
40 3 0.913 -1.442 21.056 O
41 3 2.169 -2.121 18.925 O
42 3 2.404 0.198 19.808 O
43 3 1.397 1.151 19.493 C
44 3 2.017 2.515 19.279 C
45 3 3.437 2.489 19.029 O
46 3 1.461 3.223 18.070 C
47 3 0.208 3.753 18.419 O
48 3 2.490 4.303 17.828 C
49 3 3.780 3.614 18.225 C
50 3 4.539 3.129 17.092 N
51 3 4.894 1.838 16.790 C
52 3 5.610 1.750 15.709 N
53 3 5.728 3.064 15.277 C
54 3 6.405 3.595 14.164 C
55 3 7.095 2.992 13.318 O
56 3 6.253 4.982 14.094 N
57 3 5.555 5.751 15.002 C
58 3 5.532 7.095 14.799 N
59 3 4.928 5.245 16.049 N
60 3 5.058 3.909 16.120 C
61 4 -0.865 4.024 17.285 P
62 4 -2.071 4.414 18.012 O
63 4 -0.920 2.899 16.333 O
64 4 -0.277 5.304 16.543 O
65 4 -0.343 6.610 17.149 C
66 4 -0.002 7.665 16.124 C
67 4 1.374 7.552 15.724 O
68 4 -0.773 7.496 14.832 C
69 4 -2.043 8.102 14.983 O
70 4 0.119 8.189 13.826 C
71 4 1.512 7.823 14.324 C
72 4 2.116 6.628 13.672 N
73 4 2.960 6.835 12.599 C
74 4 3.205 7.947 12.129 O
75 4 3.503 5.689 12.078 N
76 4 3.296 4.381 12.502 C
77 4 3.878 3.457 11.930 O
78 4 2.386 4.239 13.617 C
79 4 2.058 2.863 14.130 C
80 4 1.858 5.345 14.149 C
81 5 -3.297 7.567 14.129 P
82 5 -4.417 8.537 14.419 O
83 5 -3.495 6.097 14.378 O
84 5 -2.828 7.800 12.630 O
85 5 -2.918 6.816 11.615 C
86 5 -2.265 7.383 10.382 C
87 5 -0.842 7.436 10.587 O
88 5 -2.454 6.633 9.077 C
89 5 -3.667 7.084 8.485 O
90 5 -1.261 7.120 8.284 C
91 5 -0.186 7.134 9.360 C
92 5 0.470 5.840 9.514 N
93 5 0.241 4.902 10.481 C
94 5 1.011 3.852 10.388 N
95 5 1.796 4.104 9.273 C
96 5 2.820 3.389 8.654 C
97 5 3.243 2.194 9.060 N
98 5 3.401 3.944 7.573 N
99 5 2.986 5.132 7.157 C
100 5 2.032 5.899 7.643 N
101 5 1.468 5.324 8.722 C
127 7 -4.409 3.926 2.162 P
128 7 -5.353 4.382 1.119 O
129 7 -4.934 3.234 3.357 O
130 7 -3.413 2.930 1.425 O
131 7 -2.929 3.272 0.124 C
132 7 -1.904 2.274 -0.338 C
133 7 -0.782 2.326 0.554 O
134 7 -2.374 0.832 -0.281 C
135 7 -3.126 0.513 -1.457 O
136 7 -1.045 0.119 -0.262 C
137 7 -0.236 1.016 0.670 C
138 7 -0.389 0.567 2.053 N
139 7 -1.280 0.994 3.009 C
140 7 -1.176 0.349 4.145 N
141 7 -0.139 -0.560 3.928 C
142 7 0.474 -1.545 4.747 C
143 7 0.118 -1.795 6.014 N
144 7 1.475 -2.269 4.209 N
145 7 1.848 -2.020 2.941 C
146 7 1.361 -1.139 2.081 N
147 7 0.354 -0.431 2.644 C
148 8 -4.164 -0.724 -1.465 P
149 8 -4.839 -0.668 -2.778 O
150 8 -4.969 -0.720 -0.222 O
151 8 -3.271 -2.043 -1.420 O
152 8 -2.392 -2.388 -2.493 C
153 8 -1.477 -3.508 -2.063 C
154 8 -0.731 -3.088 -0.905 O
155 8 -2.164 -4.774 -1.589 C
156 8 -2.592 -5.579 -2.693 O
157 8 -1.040 -5.423 -0.804 C
158 8 -0.420 -4.224 -0.107 C
159 8 -0.984 -4.025 1.241 N
160 8 -0.451 -4.761 2.263 C
161 8 0.469 -5.536 2.022 O
162 8 -0.939 -4.628 3.512 N
163 8 -1.955 -3.809 3.756 C
164 8 -2.433 -3.767 5.011 N
165 8 -2.523 -3.012 2.729 C
166 8 -2.016 -3.154 1.489 C
167 9 -3.790 -6.639 -2.498 P
168 9 -4.123 -7.155 -3.832 O
169 9 -4.846 -6.021 -1.660 O
170 9 -3.147 -7.838 -1.679 O
171 9 -2.132 -8.668 -2.254 C
172 9 -1.558 -9.572 -1.196 C
173 9 -0.992 -8.789 -0.125 O
174 9 -2.565 -10.460 -0.496 C
175 9 -2.851 -11.619 -1.288 O
176 9 -1.803 -10.813 0.764 C
177 9 -1.071 -9.520 1.096 C
178 9 -1.810 -8.711 2.059 N
179 9 -2.558 -7.583 1.818 C
180 9 -3.116 -7.097 2.891 N
181 9 -2.711 -7.957 3.903 C
182 9 -3.007 -7.936 5.290 C
183 9 -3.709 -7.132 5.913 O
184 9 -2.390 -8.992 5.960 N
185 9 -1.598 -9.953 5.361 C
186 9 -1.095 -10.918 6.171 N
187 9 -1.320 -9.973 4.059 N
188 9 -1.904 -8.954 3.402 C
189 10 -4.224 -12.430 -1.055 P
190 10 -4.178 -13.619 -1.915 O
191 10 -5.352 -11.470 -1.155 O
192 10 -4.114 -12.945 0.442 O
193 10 -3.222 -14.026 0.779 C
194 10 -3.409 -14.440 2.221 C
195 10 -3.037 -13.360 3.106 O
196 10 -4.828 -14.781 2.641 C
197 10 -5.303 -16.065 2.208 O
198 10 -4.716 -14.657 4.147 C
199 10 -3.758 -13.483 4.325 C
200 10 -4.464 -12.214 4.582 N
201 10 -4.827 -11.926 5.893 C
202 10 -4.550 -12.737 6.792 O
203 10 -5.475 -10.780 6.161 N
204 10 -5.783 -9.929 5.172 C
205 10 -6.455 -8.813 5.495 N
206 10 -5.423 -10.193 3.815 C
207 10 -4.768 -11.336 3.568 C
209 11 -8.090 -7.321 16.410 O
210 11 -6.689 -7.422 16.104 C
211 11 -6.271 -8.857 15.875 C
212 11 -7.216 -9.472 14.977 O
213 11 -4.927 -8.978 15.170 C
214 11 -3.843 -8.989 16.101 O
215 11 -5.073 -10.285 14.418 C
216 11 -6.521 -10.183 13.964 C
217 11 -6.714 -9.463 12.710 N
218 11 -7.330 -8.253 12.529 C
219 11 -7.402 -7.901 11.277 N
220 11 -6.784 -8.940 10.589 C
221 11 -6.563 -9.127 9.197 C
222 11 -6.880 -8.402 8.252 O
223 11 -5.898 -10.314 8.943 N
224 11 -5.496 -11.220 9.895 C
225 11 -4.888 -12.325 9.449 N
226 11 -5.686 -11.053 11.192 N
227 11 -6.339 -9.900 11.463 C
228 12 -2.401 -8.417 15.659 P
229 12 -1.468 -8.541 16.858 O
230 12 -2.596 -7.091 14.957 O
231 12 -1.882 -9.431 14.553 O
232 12 -1.545 -10.760 14.913 C
233 12 -1.185 -11.544 13.683 C
234 12 -2.313 -11.503 12.788 O
235 12 -0.046 -10.936 12.891 C
236 12 1.218 -11.322 13.432 O
237 12 -0.302 -11.536 11.527 C
238 12 -1.831 -11.466 11.447 C
239 12 -2.314 -10.225 10.809 N
240 12 -2.219 -10.117 9.416 C
241 12 -1.698 -11.026 8.763 O
242 12 -2.680 -9.029 8.800 N
243 12 -3.198 -8.033 9.510 C
244 12 -3.642 -6.966 8.836 N
245 12 -3.287 -8.086 10.942 C
246 12 -2.843 -9.197 11.544 C
247 13 2.464 -10.315 13.347 P
248 13 3.605 -10.945 14.060 O
249 13 2.048 -8.931 13.675 O
250 13 2.843 -10.255 11.808 O
251 13 3.414 -11.389 11.162 C
252 13 3.398 -11.186 9.672 C
253 13 2.058 -10.915 9.210 O
254 13 4.177 -9.982 9.190 C
255 13 5.569 -10.283 9.202 O
256 13 3.638 -9.870 7.778 C
257 13 2.166 -10.216 7.972 C
258 13 1.374 -9.006 8.049 N
259 13 0.812 -8.410 9.148 C
260 13 0.166 -7.319 8.852 N
261 13 0.304 -7.198 7.471 C
262 13 -0.196 -6.219 6.579 C
263 13 -0.892 -5.223 6.845 O
264 13 0.186 -6.480 5.259 N
265 13 0.958 -7.545 4.859 C
266 13 1.238 -7.639 3.562 N
267 13 1.423 -8.459 5.693 N
268 13 1.055 -8.226 6.972 C
269 14 6.644 -9.100 9.140 P
270 14 8.009 -9.700 9.313 O
271 14 6.195 -8.007 10.043 O
272 14 6.536 -8.522 7.662 O
273 14 7.052 -9.247 6.548 C
274 14 6.790 -8.483 5.280 C
275 14 5.374 -8.285 5.151 O
276 14 7.316 -7.072 5.299 C
277 14 8.703 -7.027 5.014 O
278 14 6.500 -6.458 4.191 C
279 14 5.138 -7.070 4.448 C
280 14 4.308 -6.197 5.288 N
281 14 3.657 -5.172 4.653 C
282 14 3.764 -4.963 3.470 O
283 14 2.889 -4.383 5.450 N
284 14 2.748 -4.479 6.813 C
285 14 2.039 -3.670 7.396 O
286 14 3.485 -5.565 7.436 C
287 14 3.435 -5.715 8.937 C
288 14 4.204 -6.378 6.650 C
289 15 9.563 -5.769 5.516 P
290 15 10.982 -6.048 5.196 O
291 15 9.172 -5.466 6.921 O
292 15 9.089 -4.557 4.615 O
293 15 9.355 -4.545 3.222 C
294 15 8.646 -3.391 2.565 C
295 15 7.222 -3.504 2.749 O
296 15 8.975 -2.029 3.113 C
297 15 10.197 -1.591 2.535 O
298 15 7.784 -1.225 2.620 C
299 15 6.636 -2.208 2.807 C
300 15 5.975 -2.080 4.104 N
301 15 6.157 -2.838 5.232 C
302 15 5.420 -2.471 6.243 N
303 15 4.697 -1.400 5.747 C
304 15 3.730 -0.583 6.320 C
305 15 3.289 -0.715 7.564 N
306 15 3.220 0.395 5.557 N
307 15 3.652 0.529 4.300 C
308 15 4.544 -0.177 3.648 N
309 15 5.035 -1.147 4.436 C
335 17 11.647 5.046 3.767 P
336 17 12.821 5.658 3.136 O
337 17 11.863 3.961 4.742 O
338 17 10.795 6.212 4.459 O
339 17 10.527 7.437 3.758 C
340 17 9.555 8.299 4.530 C
341 17 8.273 7.633 4.622 O
342 17 9.908 8.651 5.978 C
343 17 10.820 9.753 6.051 O
344 17 8.556 9.091 6.492 C
345 17 7.643 8.057 5.836 C
346 17 7.499 6.893 6.701 N
347 17 8.206 5.716 6.672 C
348 17 7.841 4.862 7.592 N
349 17 6.816 5.519 8.272 C
350 17 5.999 5.142 9.354 C
351 17 6.091 3.956 9.971 N
352 17 5.075 6.038 9.786 N
353 17 4.991 7.228 9.180 C
354 17 5.702 7.695 8.159 N
355 17 6.602 6.776 7.741 C
356 18 11.999 9.745 7.142 P
357 18 12.909 10.840 6.815 O
358 18 12.529 8.374 7.283 O
359 18 11.285 10.081 8.521 O
360 18 10.510 11.260 8.703 C
361 18 9.583 11.060 9.875 C
362 18 8.787 9.876 9.636 O
363 18 10.247 10.749 11.211 C
364 18 10.726 11.918 11.884 O
365 18 9.085 10.165 11.983 C
366 18 8.314 9.419 10.900 C
367 18 8.510 7.973 11.008 N
368 18 7.703 7.289 11.891 C
369 18 6.825 7.914 12.522 O
370 18 7.873 5.970 12.058 N
371 18 8.816 5.324 11.370 C
372 18 8.972 4.002 11.603 N
373 18 9.641 5.996 10.433 C
374 18 9.459 7.311 10.282 C
375 19 11.783 11.762 13.093 P
376 19 12.276 13.130 13.377 O
377 19 12.734 10.654 12.792 O
378 19 10.935 11.278 14.357 O
379 19 9.966 12.134 14.958 C
380 19 9.080 11.357 15.903 C
381 19 8.553 10.215 15.218 O
382 19 9.714 10.766 17.149 C
383 19 9.822 11.752 18.175 O
384 19 8.691 9.723 17.532 C
385 19 8.247 9.218 16.176 C
386 19 8.907 7.988 15.778 N
387 19 9.817 7.805 14.772 C
388 19 10.163 6.555 14.630 N
389 19 9.445 5.874 15.617 C
390 19 9.396 4.482 15.961 C
391 19 9.962 3.542 15.433 O
392 19 8.573 4.245 17.045 N
393 19 7.870 5.208 17.718 C
394 19 7.134 4.791 18.752 N
395 19 7.887 6.489 17.403 N
396 19 8.690 6.752 16.349 C
397 20 10.839 11.513 19.384 P
398 20 10.861 12.757 20.171 O
399 20 12.098 10.950 18.865 O
400 20 10.147 10.370 20.250 O
401 20 9.074 10.645 21.168 C
402 20 8.754 9.394 21.943 C
403 20 8.539 8.376 20.947 O
404 20 9.919 8.860 22.771 C
405 20 10.042 9.336 24.091 O
406 20 9.628 7.383 22.826 C
407 20 9.019 7.130 21.448 C
408 20 9.946 6.533 20.471 N
409 20 10.070 5.140 20.479 C
410 20 9.447 4.483 21.325 O
411 20 10.865 4.536 19.587 N
412 20 11.534 5.257 18.690 C
413 20 12.293 4.587 17.810 N
414 20 11.450 6.695 18.657 C
415 20 10.653 7.284 19.568 C
