2736
1 1 13.086 33.690 23.037 O
2 1 14.426 34.152 22.778 C
3 1 14.534 35.316 21.820 C
4 1 13.978 34.958 20.521 O
5 1 13.762 36.566 22.194 C
6 1 14.434 37.329 23.185 O
7 1 13.675 37.274 20.851 C
8 1 14.922 37.831 20.477 O
9 1 13.345 36.095 19.933 C
10 A 1 11.897 35.826 8.59
11 A 1 11.093 36.546 8.59
12 A 1 11.623 37.381 8.59
13 A 1 9.761 36.307 8.59
14 A 1 9.222 35.402 8.59
15 A 1 7.899 35.214 8.59
16 A 1 10.016 34.650 8.59
17 A 1 11.331 34.890 8.59
18 A 2 13.600 37.920 14.35
19 2 14.588 38.312 25.465 O
20 2 12.512 36.966 24.783 O
21 2 12.932 39.230 23.820 O
22 2 13.718 40.170 23.087 C
23 2 12.828 41.192 22.436 C
24 2 12.177 40.629 21.270 O
25 2 11.687 41.645 23.324 C
26 2 12.149 42.640 24.216 O
27 2 10.667 42.146 22.311 C
28 2 10.940 43.454 21.858 O
29 2 10.863 41.146 21.166 C
30 A 2 9.935 40.020 14.35
31 A 2 10.196 38.741 14.35
32 A 2 9.164 37.942 14.35
33 A 2 8.153 38.747 14.35
34 A 2 6.808 38.492 14.35
35 A 2 6.227 37.293 14.35
36 A 2 6.070 39.520 14.35
37 A 2 6.655 40.718 14.35
38 A 2 7.909 41.078 14.35
39 A 2 8.614 40.033 14.35
40 A 3 11.778 42.536 10.32
41 3 12.851 43.255 26.513 O
42 3 11.474 41.126 26.123 O
43 3 10.433 43.377 25.863 O
44 3 10.350 44.664 25.253 C
45 3 8.911 45.039 25.025 C
46 3 8.438 44.427 23.794 O
47 3 7.943 44.525 26.075 C
48 3 7.927 45.349 27.224 O
49 3 6.630 44.550 25.315 C
50 3 6.109 45.856 25.181 O
51 3 7.086 44.035 23.952 C
52 A 3 7.033 42.575 8.75
53 A 3 5.910 41.975 8.75
54 A 3 4.999 42.706 8.75
55 A 3 5.842 40.623 8.75
56 A 3 6.840 39.880 8.75
57 A 3 6.713 38.543 8.75
58 A 3 8.002 40.473 8.75
59 A 3 8.057 41.809 8.75
60 A 4 7.824 44.672 11.17
61 4 8.039 45.769 29.661 O
62 4 8.702 43.472 28.708 O
63 4 6.310 44.186 28.759 O
64 4 5.251 45.129 28.802 C
65 4 3.938 44.470 28.464 C
66 4 4.067 43.643 27.283 O
67 4 3.370 43.491 29.475 C
68 4 2.790 44.167 30.579 O
69 4 2.317 42.783 28.634 C
70 4 1.159 43.571 28.441 O
71 4 3.052 42.646 27.302 C
72 A 4 3.664 41.320 15.37
73 A 4 2.848 40.272 15.37
74 A 4 1.642 40.507 15.37
75 A 4 3.384 39.037 15.37
76 A 4 4.683 38.834 15.37
77 A 4 5.164 37.597 15.37
78 A 4 5.543 39.889 15.37
79 A 4 4.995 41.106 15.37
80 A 5 2.963 43.559 24.47
81 5 2.510 44.597 33.014 O
82 5 4.340 43.010 32.156 O
83 5 1.919 42.353 32.095 O
84 5 0.526 42.623 32.066 C
85 5 -0.263 41.395 31.670 C
86 5 0.201 40.879 30.389 O
87 5 -0.173 40.162 32.547 C
88 5 -0.904 40.278 33.759 O
89 5 -0.792 39.126 31.623 C
90 5 -2.195 39.279 31.508 O
91 5 -0.142 39.504 30.295 C
92 A 5 1.060 38.704 9.30
93 A 5 2.369 39.071 9.30
94 A 5 3.216 38.107 9.30
95 A 5 2.418 37.034 9.30
96 A 5 2.767 35.691 9.30
97 A 5 3.890 35.163 9.30
98 A 5 1.637 34.938 9.30
99 A 5 0.345 35.400 9.30
100 A 5 -0.613 34.523 9.30
101 A 5 0.008 36.633 9.30
102 A 5 1.085 37.389 9.30
103 A 6 -0.649 39.214 9.03
104 6 -1.361 39.704 36.138 O
105 6 0.797 38.913 35.029 O
106 6 -1.396 37.916 34.400 O
107 6 -2.770 37.972 34.056 C
108 6 -3.243 36.615 33.635 C
109 6 -2.596 36.233 32.393 O
110 6 -2.868 35.489 34.580 C
111 6 -3.746 35.457 35.685 O
112 6 -3.018 34.279 33.672 C
113 6 -4.371 33.915 33.494 O
114 6 -2.453 34.826 32.359 C
115 A 6 -1.039 34.505 9.00
116 A 6 0.043 35.345 9.00
117 A 6 1.185 34.733 9.00
118 A 6 0.827 33.414 9.00
119 A 6 1.627 32.276 9.00
120 A 6 2.857 32.202 9.00
121 A 6 0.846 31.135 9.00
122 A 6 -0.526 31.088 9.00
123 A 6 -1.100 29.888 9.00
124 A 6 -1.281 32.141 9.00
125 A 6 -0.542 33.260 9.00
126 A 7 -3.222 34.911 9.22
127 7 -4.335 35.139 38.046 O
128 7 -1.887 35.455 37.411 O
129 7 -3.048 33.347 36.874 O
130 7 -4.105 32.569 36.327 C
131 7 -3.630 31.159 36.069 C
132 7 -2.724 31.139 34.931 O
133 7 -2.827 30.540 37.197 C
134 7 -3.676 30.003 38.194 O
135 7 -2.051 29.455 36.467 C
136 7 -2.867 28.326 36.215 O
137 7 -1.719 30.164 35.152 C
138 A 7 -0.423 30.836 3.60
139 A 7 -0.143 32.169 3.60
140 A 7 1.135 32.458 3.60
141 A 7 1.740 31.229 3.60
142 A 7 3.091 30.843 3.60
143 A 7 4.124 31.692 3.60
144 A 7 3.341 29.534 3.60
145 A 7 2.310 28.684 3.60
146 A 7 1.009 28.922 3.60
147 A 7 0.789 30.225 3.60
148 A 8 -3.262 30.128 11.91
149 8 -4.435 29.624 40.514 O
150 8 -2.743 31.504 40.003 O
151 8 -2.061 29.093 39.922 O
152 8 -2.267 27.699 39.706 C
153 8 -0.953 26.990 39.468 C
154 8 -0.293 27.549 38.296 O
155 8 0.103 27.117 40.552 C
156 8 -0.149 26.237 41.645 O
157 8 1.364 26.739 39.785 C
158 8 1.452 25.349 39.533 O
159 8 1.113 27.439 38.451 C
160 A 8 1.700 28.785 5.60
161 A 8 3.029 28.869 5.60
162 A 8 3.712 27.873 5.60
163 A 8 3.529 30.152 5.60
164 A 8 2.852 31.328 5.60
165 A 8 3.452 32.404 5.60
166 A 8 1.483 31.152 5.60
167 A 8 0.966 29.913 5.60
168 A 9 0.389 26.623 10.56
169 9 -0.310 25.752 44.087 O
170 9 0.298 28.099 43.244 O
171 9 1.933 26.227 43.088 O
172 9 2.323 24.864 43.047 C
173 9 3.790 24.730 42.699 C
174 9 4.040 25.286 41.377 O
175 9 4.804 25.463 43.558 C
176 9 5.069 24.853 44.819 O
177 9 6.018 25.399 42.651 C
178 9 6.517 24.076 42.577 O
179 9 5.377 25.770 41.317 C
180 A 9 5.340 27.222 24.17
181 A 9 4.257 28.050 24.17
182 A 9 4.539 29.310 24.17
183 A 9 5.893 29.316 24.17
184 A 9 6.762 30.397 24.17
185 A 9 6.501 31.607 24.17
186 A 9 8.056 29.954 24.17
187 A 9 8.465 28.642 24.17
188 A 9 9.759 28.413 24.17
189 A 9 7.665 27.627 24.17
190 A 9 6.402 28.035 24.17
191 A 10 5.935 25.653 13.11
192 10 5.937 24.837 47.150 O
193 10 5.488 27.064 45.987 O
194 10 7.415 25.642 45.339 O
195 10 8.090 24.410 45.120 C
196 10 9.506 24.663 44.681 C
197 10 9.487 25.480 43.485 O
198 10 10.372 25.481 45.621 C
199 10 10.888 24.688 46.670 O
200 10 11.475 25.940 44.683 C
201 10 12.392 24.903 44.406 O
202 10 10.667 26.260 43.427 C
203 A 10 10.299 27.670 5.43
204 A 10 9.059 28.234 5.43
205 A 10 9.074 29.537 5.43
206 A 10 10.404 29.845 5.43
207 A 10 11.047 31.099 5.43
208 A 10 10.551 32.231 5.43
209 A 10 12.417 30.943 5.43
210 A 10 13.086 29.744 5.43
211 A 10 14.422 29.795 5.43
212 A 10 12.497 28.577 5.43
213 A 10 11.169 28.702 5.43
214 A 11 11.199 25.366 11.98
215 11 11.715 24.287 48.974 O
216 11 10.035 26.184 48.508 O
217 11 12.377 26.389 47.768 O
218 11 13.634 25.928 47.301 C
219 11 14.588 27.090 47.136 C
220 11 14.189 27.912 46.005 O
221 11 14.638 28.071 48.291 C
222 11 15.479 27.585 49.319 O
223 11 15.231 29.298 47.617 C
224 11 16.628 29.167 47.412 O
225 11 14.504 29.272 46.275 C
226 A 11 13.252 30.042 4.30
227 A 11 13.329 31.404 4.30
228 A 11 14.379 31.990 4.30
229 A 11 12.123 32.057 4.30
230 A 11 10.882 31.506 4.30
231 A 11 9.897 32.244 4.30
232 A 11 10.886 30.097 4.30
233 A 11 12.040 29.429 4.30
255 A 13 15.389 32.667 8.19
256 13 16.194 32.199 55.398 O
257 13 14.063 32.046 53.966 O
258 13 15.186 34.239 54.339 O
259 13 16.311 35.105 54.364 C
260 13 15.938 36.477 53.855 C
261 13 15.301 36.381 52.551 O
262 13 14.916 37.242 54.670 C
263 13 15.482 37.825 55.832 O
264 13 14.477 38.293 53.665 C
265 13 15.495 39.243 53.454 O
266 13 14.362 37.441 52.403 C
267 A 13 13.025 36.855 2.95
268 A 13 11.953 37.668 2.95
269 A 13 12.150 38.879 2.95
270 A 13 10.728 37.113 2.95
271 A 13 10.551 35.813 2.95
272 A 13 9.328 35.309 2.95
273 A 13 11.623 34.970 2.95
274 A 13 12.827 35.523 2.95
275 A 14 14.532 38.189 9.07
276 14 15.403 38.568 58.198 O
277 14 13.536 37.097 57.235 O
278 14 13.768 39.484 56.571 O
279 14 14.476 40.702 56.348 C
280 14 13.533 41.756 55.845 C
281 14 12.907 41.277 54.625 O
282 14 12.346 42.029 56.745 C
283 14 12.686 42.903 57.795 O
284 14 11.354 42.637 55.771 C
285 14 11.701 43.955 55.406 O
286 14 11.563 41.724 54.566 C
287 A 14 10.687 40.558 8.49
288 A 14 11.039 39.249 8.49
289 A 14 10.024 38.429 8.49
290 A 14 8.937 39.248 8.49
291 A 14 7.563 38.930 8.49
292 A 14 7.011 37.823 8.49
293 A 14 6.810 40.069 8.49
294 A 14 7.306 41.344 8.49
295 A 14 6.418 42.312 8.49
296 A 14 8.579 41.653 8.49
297 A 14 9.332 40.564 8.49
298 A 15 12.084 42.638 12.26
299 15 12.811 43.512 60.206 O
300 15 12.008 41.184 59.504 O
301 15 10.597 43.184 59.093 O
302 15 10.365 44.508 58.630 C
303 15 8.888 44.742 58.418 C
304 15 8.421 44.016 57.251 O
305 15 7.969 44.250 59.518 C
306 15 7.958 45.146 60.614 O
307 15 6.634 44.213 58.794 C
308 15 6.096 45.505 58.595 O
309 15 7.061 43.656 57.437 C
310 A 15 6.941 42.205 10.90
311 A 15 7.941 41.262 10.90
312 A 15 7.500 40.037 10.90
313 A 15 6.131 40.187 10.90
314 A 15 5.116 39.214 10.90
315 A 15 5.230 37.981 10.90
316 A 15 3.863 39.806 10.90
317 A 15 3.617 41.157 10.90
318 A 15 2.335 41.534 10.90
319 A 15 4.553 42.071 10.90
320 A 15 5.776 41.519 10.90
321 A 16 7.801 44.570 11.03
322 16 8.019 45.702 63.034 O
323 16 8.606 43.331 62.262 O
324 16 6.265 44.147 62.162 O
325 16 5.246 45.142 62.131 C
326 16 3.897 44.516 61.874 C
327 16 3.931 43.787 60.618 O
328 16 3.436 43.454 62.854 C
329 16 2.941 44.001 64.065 O
330 16 2.348 42.769 62.043 C
331 16 1.193 43.574 61.929 O
332 16 3.032 42.692 60.678 C
333 A 16 3.804 41.447 7.63
334 A 16 3.099 40.318 7.63
335 A 16 1.901 40.334 7.63
336 A 16 3.842 39.168 7.63
337 A 16 5.189 39.021 7.63
338 A 16 5.686 37.889 7.63
339 A 16 5.870 40.245 7.63
340 A 16 5.162 41.393 7.63
341 A 17 3.174 43.207 14.13
342 17 3.283 44.234 66.510 O
343 17 4.278 42.219 65.258 O
344 17 1.823 42.388 65.650 O
345 17 0.578 42.888 65.173 C
346 17 -0.377 41.742 64.879 C
347 17 0.009 41.032 63.668 O
348 17 -0.454 40.648 65.930 C
349 17 -1.132 41.018 67.144 O
350 17 -1.080 39.507 65.139 C
351 17 -2.477 39.666 64.976 O
352 17 -0.384 39.668 63.782 C
353 A 17 0.803 38.830 8.02
354 A 17 2.107 39.215 8.02
355 A 17 2.967 38.257 8.02
356 A 17 2.185 37.169 8.02
357 A 17 2.562 35.837 8.02
358 A 17 3.698 35.342 8.02
359 A 17 1.448 35.058 8.02
360 A 17 0.148 35.490 8.02
361 A 17 -0.795 34.573 8.02
362 A 17 -0.216 36.724 8.02
363 A 17 0.846 37.503 8.02
365 18 2.680 27.239 58.567 O
366 18 1.657 26.489 59.187 C
367 18 0.442 27.298 59.565 C
368 18 0.610 27.809 60.920 O
369 18 0.138 28.536 58.733 C
370 18 -0.623 28.247 57.561 O
371 18 -0.708 29.326 59.710 C
372 18 -1.993 28.750 59.849 O
373 18 0.084 29.119 60.997 C
374 E 18 1.211 30.070 3.06
375 E 18 0.952 31.406 3.06
376 E 18 -0.208 31.758 3.06
377 E 18 1.984 32.281 3.06
378 E 18 3.226 31.882 3.06
379 E 18 4.203 32.797 3.06
380 E 18 3.523 30.533 3.06
381 E 18 2.492 29.670 3.06
382 E 19 -0.743 29.351 11.44
383 19 -1.800 28.877 55.472 O
384 19 0.600 29.673 55.858 O
385 19 -1.302 30.641 57.151 O
386 19 -2.683 30.751 57.475 C
387 19 -3.002 32.159 57.908 C
388 19 -2.134 32.511 59.010 O
389 19 -2.747 33.239 56.870 C
390 19 -3.882 33.366 56.028 O
391 19 -2.544 34.472 57.737 C
392 19 -3.772 35.000 58.195 O
393 19 -1.792 33.879 58.932 C
394 E 19 -0.331 33.986 22.71
395 E 19 0.578 33.020 22.71
396 E 19 1.830 33.408 22.71
397 E 19 1.742 34.723 22.71
398 E 19 2.724 35.701 22.71
399 E 19 4.048 35.503 22.71
400 E 19 2.285 36.913 22.71
401 E 19 0.966 37.124 22.71
402 E 19 -0.043 36.293 22.71
403 E 19 0.415 35.097 22.71
404 E 20 -3.691 33.791 11.45
405 20 -5.006 33.614 53.834 O
406 20 -2.499 33.111 53.935 O
407 20 -3.407 35.357 54.556 O
408 20 -4.406 36.250 55.028 C
409 20 -3.841 37.648 55.178 C
410 20 -2.971 37.700 56.343 O
411 20 -2.960 38.153 54.051 C
412 20 -3.733 38.655 52.976 O
413 20 -2.189 39.267 54.746 C
414 20 -2.980 40.433 54.902 O
415 20 -1.934 38.639 56.115 C
416 E 20 -0.648 37.936 13.64
417 E 20 0.426 38.572 13.64
418 E 20 0.245 39.691 13.64
419 E 20 1.628 37.952 13.64
420 E 20 1.772 36.738 13.64
421 E 20 2.978 36.168 13.64
422 E 20 0.683 36.059 13.64
423 E 20 -0.496 36.691 13.64
424 E 21 -3.187 38.516 19.55
425 21 -4.317 38.936 50.595 O
426 21 -2.586 37.163 51.300 O
427 21 -2.021 39.602 51.365 O
428 21 -2.319 40.998 51.450 C
429 21 -1.061 41.825 51.647 C
430 21 -0.364 41.436 52.865 O
431 21 0.028 41.713 50.596 C
432 21 -0.286 42.449 49.421 O
433 21 1.217 42.320 51.329 C
434 21 1.153 43.730 51.368 O
435 21 1.014 41.768 52.742 C
436 E 21 1.827 40.570 8.97
437 E 21 3.161 40.731 8.97
438 E 21 3.612 41.879 8.97
439 E 21 3.918 39.630 8.97
440 E 21 3.401 38.413 8.97
441 E 21 4.192 37.363 8.97
442 E 21 2.051 38.222 8.97
443 E 21 1.305 39.318 8.97
444 E 22 0.357 41.999 11.28
445 22 -0.231 42.854 46.961 O
446 22 0.205 40.523 47.949 O
447 22 1.910 42.338 48.171 O
448 22 2.351 43.690 48.169 C
449 22 3.826 43.796 48.506 C
450 22 4.098 43.215 49.814 O
451 22 4.845 43.092 47.625 C
452 22 5.086 43.748 46.380 O
453 22 6.073 43.176 48.514 C
454 22 6.583 44.496 48.554 O
455 22 5.466 42.819 49.870 C
456 E 22 5.549 41.378 6.84
457 E 22 4.542 40.449 6.84
458 E 22 4.943 39.229 6.84
459 E 22 6.296 39.362 6.84
460 E 22 7.276 38.379 6.84
461 E 22 7.135 37.154 6.84
462 E 22 8.527 38.956 6.84
463 E 22 8.803 40.300 6.84
464 E 22 10.065 40.677 6.84
465 E 22 7.907 41.215 6.84
466 E 22 6.685 40.682 6.84
467 E 23 5.948 42.998 12.47
468 23 5.932 43.861 44.045 O
469 23 5.492 41.591 45.133 O
470 23 7.436 42.995 45.812 O
471 23 8.108 44.225 46.069 C
472 23 9.513 43.967 46.545 C
473 23 9.468 43.168 47.752 O
474 23 10.399 43.136 45.637 C
475 23 10.924 43.909 44.579 O
476 23 11.483 42.681 46.601 C
477 23 12.423 43.694 46.891 O
478 23 10.653 42.397 47.853 C
479 E 23 10.298 40.987 14.30
480 E 23 9.058 40.410 14.30
481 E 23 9.079 39.114 14.30
482 E 23 10.413 38.824 14.30
483 E 23 11.056 37.586 14.30
484 E 23 10.555 36.460 14.30
485 E 23 12.428 37.752 14.30
486 E 23 13.096 38.954 14.30
487 E 23 14.429 38.908 14.30
488 E 23 12.506 40.111 14.30
489 E 23 11.175 39.972 14.30
490 E 24 11.078 43.249 11.26
491 24 11.518 44.333 42.205 O
492 24 9.871 42.451 42.802 O
493 24 12.281 42.222 43.311 O
494 24 13.562 42.675 43.721 C
495 24 14.493 41.500 43.929 C
496 24 14.077 40.732 45.088 O
497 24 14.529 40.471 42.814 C
498 24 15.371 40.901 41.757 O
499 24 15.116 39.270 43.537 C
500 24 16.513 39.408 43.733 O
501 24 14.397 39.363 44.883 C
502 E 24 13.158 38.587 11.14
503 E 24 11.868 39.016 11.14
504 E 24 10.965 38.075 11.14
505 E 24 11.707 36.948 11.14
506 E 24 11.345 35.611 11.14
507 E 24 10.085 35.157 11.14
508 E 24 12.339 34.743 11.14
509 E 24 13.600 35.187 11.14
510 E 24 14.065 36.406 11.14
511 E 24 13.060 37.250 11.14
512 E 25 14.980 40.548 13.62
513 25 15.830 41.381 39.353 O
514 25 13.500 40.611 40.097 O
515 25 15.414 39.021 40.094 O
516 25 16.759 38.619 40.340 C
517 25 16.818 37.136 40.633 C
518 25 16.044 36.853 41.833 O
519 25 16.179 36.244 39.586 C
520 25 17.061 35.999 38.495 O
521 25 15.887 34.980 40.384 C
522 25 17.041 34.191 40.583 O
523 25 15.434 35.575 41.716 C
524 E 25 13.974 35.746 14.16
525 E 25 13.217 34.619 14.16
526 E 25 13.715 33.515 14.16
527 E 25 11.861 34.829 14.16
528 E 25 11.191 36.028 14.16
529 E 25 9.962 36.063 14.16
530 E 25 12.044 37.153 14.16
531 E 25 13.378 36.975 14.16
532 E 26 16.442 35.712 4.66
533 26 17.528 35.824 36.046 O
534 26 15.256 36.598 36.939 O
535 26 15.949 34.204 37.142 O
536 26 16.900 33.162 37.341 C
537 26 16.234 31.816 37.557 C
538 26 15.516 31.783 38.825 O
539 26 15.178 31.302 36.592 C
540 26 15.654 30.862 35.326 O
541 26 14.641 30.115 37.380 C
542 26 15.529 29.016 37.351 O
543 26 14.599 30.696 38.791 C
544 E 26 13.258 31.161 22.09
545 E 26 12.292 30.429 22.09
546 E 26 11.164 31.067 22.09
547 E 26 11.399 32.301 22.09
548 E 26 10.540 33.415 22.09
549 E 26 9.364 33.537 22.09
550 E 26 11.184 34.461 22.09
551 E 26 12.483 34.443 22.09
552 E 26 12.921 35.565 22.09
553 E 26 13.296 33.408 22.09
554 E 26 12.690 32.378 22.09
555 E 27 14.596 30.578 13.67
556 27 15.360 30.197 32.941 O
557 27 13.647 31.723 34.085 O
558 27 13.800 29.298 34.653 O
559 27 14.474 28.050 34.825 C
560 27 13.528 26.990 35.340 C
561 27 12.875 27.465 36.548 O
562 27 12.352 26.612 34.461 C
563 27 12.741 25.726 33.436 O
564 27 11.431 25.930 35.464 C
565 27 11.857 24.626 35.813 O
566 27 11.609 26.835 36.682 C
567 E 27 10.572 27.857 9.79
568 E 27 10.708 29.211 9.79
569 E 27 9.576 29.856 9.79
570 E 27 8.639 28.868 9.79
571 E 27 7.239 28.956 9.79
572 E 27 6.521 29.961 9.79
573 E 27 6.680 27.704 9.79
574 E 27 7.374 26.518 9.79
575 E 27 6.644 25.406 9.79
576 E 27 8.677 26.424 9.79
577 E 27 9.240 27.629 9.79
578 E 28 12.114 25.898 9.99
579 28 12.824 24.948 31.077 O
580 28 12.063 27.331 31.615 O
581 28 10.619 25.382 32.170 O
582 28 10.358 24.031 32.538 C
583 28 8.874 23.819 32.776 C
584 28 8.440 24.547 33.956 O
585 28 7.937 24.323 31.693 C
586 28 7.875 23.419 30.610 O
587 28 6.620 24.405 32.446 C
588 28 6.033 23.134 32.657 O
589 28 7.093 24.970 33.783 C
590 E 28 7.044 26.438 3.29
591 E 28 5.857 27.026 3.29
592 E 28 4.861 26.378 3.29
593 E 28 5.867 28.395 3.29
594 E 28 6.914 29.220 3.29
595 E 28 6.732 30.431 3.29
596 E 28 8.107 28.536 3.29
597 E 28 8.136 27.204 3.29
619 E 30 2.954 25.239 5.60
620 30 2.503 24.223 24.877 O
621 30 4.254 25.947 25.670 O
622 30 1.843 26.367 25.943 O
623 30 0.466 26.024 25.918 C
624 30 -0.388 27.212 26.311 C
625 30 0.056 27.721 27.610 O
626 30 -0.334 28.457 25.440 C
627 30 -1.046 28.363 24.211 O
628 30 -0.946 29.484 26.385 C
629 30 -2.353 29.359 26.533 O
630 30 -0.260 29.104 27.697 C
631 E 30 0.975 29.882 6.08
632 E 30 0.861 31.208 6.08
633 E 30 -0.270 31.663 6.08
634 E 30 1.974 31.958 6.08
635 E 30 3.174 31.441 6.08
636 E 30 4.238 32.249 6.08
637 E 30 3.332 30.086 6.08
638 E 30 2.212 29.349 6.08
639 E 31 -0.722 29.402 7.78
640 31 -1.380 28.834 21.809 O
641 31 0.737 29.705 22.986 O
642 31 -1.490 30.727 23.444 O
643 31 -2.910 30.735 23.571 C
644 31 -3.377 32.076 24.072 C
645 31 -2.754 32.320 25.362 O
646 31 -2.972 33.290 23.251 C
647 31 -3.875 33.522 22.191 O
648 31 -3.077 34.392 24.289 C
649 31 -4.417 34.682 24.619 O
650 31 -2.437 33.700 25.487 C
651 E 31 -0.986 33.836 17.15
652 E 31 -0.064 32.859 17.15
653 E 31 1.166 33.288 17.15
654 E 31 1.048 34.633 17.15
655 E 31 2.041 35.627 17.15
656 E 31 3.270 35.513 17.15
657 E 31 1.477 36.862 17.15
658 E 31 0.130 37.109 17.15
659 E 31 -0.221 38.367 17.15
660 E 31 -0.804 36.195 17.15
661 E 31 -0.277 34.987 17.15
662 E 32 -3.333 34.075 4.62
663 32 -4.471 33.958 19.822 O
664 32 -2.023 33.456 20.443 O
665 32 -3.090 35.621 21.066 O
666 32 -4.191 36.497 21.320 C
667 32 -3.700 37.904 21.595 C
668 32 -2.822 37.875 22.743 O
669 32 -2.847 38.554 20.516 C
670 32 -3.655 39.125 19.500 O
671 32 -2.097 39.618 21.305 C
672 32 -2.903 40.744 21.578 O
673 32 -1.821 38.875 22.613 C
674 E 32 -0.506 38.238 18.72
675 E 32 -0.209 36.914 18.72
676 E 32 1.066 36.649 18.72
677 E 32 1.644 37.872 18.72
678 E 32 3.004 38.216 18.72
679 E 32 4.009 37.479 18.72
680 E 32 3.145 39.574 18.72
681 E 32 2.114 40.485 18.72
682 E 32 2.449 41.754 18.72
683 E 32 0.848 40.175 18.72
684 E 32 0.687 38.862 18.72
685 E 33 -3.185 39.016 11.32
686 33 -4.303 39.498 17.122 O
687 33 -2.609 37.666 17.721 O
688 33 -2.006 40.071 17.826 O
689 33 -2.289 41.456 17.681 C
690 33 -1.070 42.282 18.015 C
691 33 -0.534 41.834 19.290 O
692 33 0.122 42.132 17.086 C
693 33 -0.010 42.897 15.893 O
694 33 1.247 42.648 17.967 C
695 33 1.206 44.048 18.121 O
696 33 0.874 41.999 19.298 C
697 E 33 1.503 40.681 13.91
698 E 33 2.807 40.669 13.91
699 E 33 3.415 41.702 13.91
700 E 33 3.372 39.419 13.91
701 E 33 2.769 38.206 13.91
702 E 33 3.422 37.163 13.91
703 E 33 1.404 38.305 13.91
704 E 33 0.833 39.512 13.91
705 E 34 0.543 42.294 13.42
706 34 -0.039 43.088 13.397 O
707 34 0.348 40.815 14.544 O
708 34 2.109 42.561 14.573 O
709 34 2.618 43.881 14.723 C
710 34 4.113 43.841 14.945 C
711 34 4.417 43.206 16.220 O
712 34 4.906 43.011 13.953 C
713 34 5.025 43.594 12.645 O
714 34 6.209 42.807 14.714 C
715 34 6.991 43.988 14.725 O
716 34 5.685 42.573 16.135 C
717 E 34 5.519 41.166 9.65
718 E 34 4.348 40.449 9.65
719 E 34 4.509 39.211 9.65
720 E 34 5.868 39.097 9.65
721 E 34 6.636 37.985 9.65
722 E 34 6.254 36.841 9.65
723 E 34 7.982 38.313 9.65
724 E 34 8.522 39.544 9.65
725 E 34 9.829 39.666 9.65
726 E 34 7.821 40.586 9.65
727 E 34 6.510 40.293 9.65
1 1 -0.884 37.638 68.748 O
2 1 -2.187 37.919 68.213 C
3 1 -2.875 36.690 67.668 C
4 1 -2.417 36.439 66.313 O
5 1 -2.542 35.408 68.402 C
6 1 -3.349 35.281 69.551 O
7 1 -2.839 34.367 67.344 C
8 1 -4.232 34.217 67.145 O
9 1 -2.214 35.046 66.123 C
10 A 1 -0.760 34.826 8.90
11 A 1 -0.276 33.554 8.90
12 A 1 -1.094 32.628 8.90
13 A 1 1.067 33.357 8.90
14 A 1 1.908 34.364 8.90
15 A 1 3.221 34.126 8.90
16 A 1 1.437 35.665 8.90
17 A 1 0.112 35.849 8.90
18 A 2 -2.681 34.806 8.19
19 2 -3.542 35.291 72.033 O
20 2 -1.247 35.146 70.908 O
21 2 -2.778 33.224 70.834 O
22 2 -4.005 32.584 70.497 C
23 2 -3.763 31.115 70.291 C
24 2 -3.090 30.896 69.018 O
25 2 -2.824 30.509 71.315 C
26 2 -3.493 30.185 72.525 O
27 2 -2.287 29.302 70.564 C
28 2 -3.252 28.279 70.484 O
29 2 -2.092 29.897 69.169 C
30 A 2 -0.787 30.535 10.20
31 A 2 -0.479 31.857 10.20
32 A 2 0.767 32.154 10.20
33 A 2 1.318 30.942 10.20
34 A 2 2.606 30.581 10.20
35 A 2 3.619 31.444 10.20
36 A 2 2.826 29.284 10.20
37 A 2 1.816 28.418 10.20
38 A 2 0.563 28.634 10.20
39 A 2 0.374 29.934 10.20
40 A 3 -2.678 30.228 12.45
41 3 -3.670 30.039 74.994 O
42 3 -1.803 31.427 73.917 O
43 3 -1.752 28.943 73.839 O
44 3 -2.295 27.679 73.503 C
45 3 -1.188 26.680 73.299 C
46 3 -0.599 26.858 71.980 O
47 3 0.000 26.850 74.218 C
48 3 -0.249 26.368 75.529 O
49 3 1.064 26.079 73.458 C
50 3 0.876 24.680 73.483 O
51 3 0.791 26.585 72.043 C
52 A 3 1.515 27.837 8.96
53 A 3 2.859 27.763 8.96
54 A 3 3.382 26.632 8.96
55 A 3 3.555 28.912 8.96
56 A 3 2.952 30.095 8.96
57 A 3 3.692 31.198 8.96
58 A 3 1.569 30.198 8.96
59 A 3 0.897 29.053 8.96
60 A 4 0.367 27.161 11.33
61 4 -0.314 26.652 78.001 O
62 4 0.368 28.624 76.503 O
63 4 1.878 26.672 76.807 O
64 4 2.180 25.315 76.514 C
65 4 3.660 25.140 76.295 C
66 4 4.019 25.565 74.946 O
67 4 4.573 25.978 77.165 C
68 4 4.691 25.440 78.473 O
69 4 5.868 25.880 76.378 C
70 4 6.416 24.578 76.483 O
71 4 5.341 26.090 74.955 C
72 A 4 5.274 27.517 8.46
73 A 4 6.424 28.154 8.46
74 A 4 7.470 27.506 8.46
75 A 4 6.367 29.464 8.46
76 A 4 5.234 30.139 8.46
77 A 4 5.241 31.436 8.46
78 A 4 4.043 29.521 8.46
79 A 4 4.109 28.220 8.46
80 A 5 4.902 26.431 14.03
81 5 4.802 25.610 80.957 O
82 5 4.022 27.625 79.548 O
83 5 6.421 26.894 79.571 O
84 5 7.473 25.967 79.834 C
85 5 8.790 26.474 79.295 C
86 5 8.679 26.723 77.864 O
87 5 9.287 27.801 79.834 C
88 5 9.913 27.660 81.096 O
89 5 10.293 28.192 78.767 C
90 5 11.484 27.435 78.861 O
91 5 9.525 27.812 77.501 C
92 A 5 8.677 28.923 23.05
93 A 5 7.311 28.990 23.05
94 A 5 6.819 30.117 23.05
95 A 5 7.927 30.845 23.05
96 A 5 8.016 32.153 23.05
97 A 5 7.107 32.954 23.05
98 A 5 9.330 32.509 23.05
99 A 5 10.425 31.715 23.05
100 A 5 11.611 32.257 23.05
101 A 5 10.361 30.489 23.05
102 A 5 9.086 30.122 23.05
103 A 6 9.750 28.821 12.42
104 6 9.960 28.191 83.518 O
105 6 8.480 29.534 81.905 O
106 6 10.969 29.798 81.876 O
107 6 12.304 29.306 81.810 C
108 6 13.166 30.245 81.011 C
109 6 12.578 30.396 79.694 O
110 6 13.243 31.678 81.516 C
111 6 14.196 31.842 82.557 O
112 6 13.676 32.419 80.263 C
113 6 15.053 32.289 79.960 O
114 6 12.831 31.707 79.208 C
115 A 6 11.556 32.386 12.90
116 A 6 10.291 31.930 12.90
117 A 6 9.352 32.780 12.90
118 A 6 10.042 33.863 12.90
119 A 6 9.564 35.096 12.90
120 A 6 8.394 35.488 12.90
121 A 6 10.611 35.908 12.90
122 A 6 11.945 35.582 12.90
123 A 6 12.811 36.508 12.90
124 A 6 12.401 34.439 12.90
125 A 6 11.401 33.634 12.90
126 A 7 13.896 32.880 16.24
127 7 14.907 32.640 84.798 O
128 7 12.454 32.777 84.066 O
129 7 14.127 34.322 83.104 O
130 7 15.427 34.778 82.751 C
131 7 15.324 36.061 81.958 C
132 7 14.470 35.815 80.803 O
133 7 14.639 37.216 82.676 C
134 7 15.538 37.958 83.500 O
135 7 14.115 38.043 81.514 C
136 7 15.126 38.794 80.876 O
137 7 13.633 36.940 80.572 C
138 A 7 12.247 36.538 18.45
139 A 7 11.798 35.393 18.45
140 A 7 10.491 35.302 18.45
141 A 7 10.045 36.469 18.45
142 A 7 8.752 36.975 18.45
143 A 7 7.623 36.334 18.45
144 A 7 8.658 38.178 18.45
145 A 7 9.788 38.812 18.45
146 A 7 11.054 38.437 18.45
147 A 7 11.114 37.243 18.45
148 A 8 15.167 38.213 20.23
149 8 16.339 38.870 85.687 O
150 8 14.637 36.932 85.595 O
151 8 13.970 39.265 84.989 O
152 8 14.225 40.637 84.713 C
153 8 12.941 41.360 84.386 C
154 8 12.289 40.686 83.268 O
155 8 11.874 41.359 85.466 C
156 8 12.092 42.334 86.485 O
157 8 10.626 41.644 84.644 C
158 8 10.540 42.990 84.225 O
159 8 10.875 40.746 83.432 C
160 A 8 10.375 39.383 13.77
161 A 8 9.013 39.167 13.77
162 A 8 8.228 40.044 13.77
163 A 8 8.603 37.885 13.77
164 A 8 9.406 36.816 13.77
165 A 8 8.888 35.734 13.77
166 A 8 10.804 37.118 13.77
167 A 8 11.229 38.358 13.77
168 A 9 11.274 42.224 18.66
169 9 12.030 42.945 88.930 O
170 9 10.922 40.792 88.057 O
171 9 9.934 43.021 87.571 O
172 9 9.962 44.418 87.289 C
173 9 8.568 44.914 87.030 C
174 9 8.099 44.401 85.755 O
175 9 7.548 44.401 88.027 C
176 9 7.549 45.175 89.210 O
177 9 6.259 44.492 87.235 C
178 9 5.751 45.809 87.141 O
179 9 6.742 43.992 85.875 C
180 A 9 6.722 42.535 19.06
181 A 9 7.797 41.692 19.06
182 A 9 7.466 40.432 19.06
183 A 9 6.091 40.444 19.06
184 A 9 5.172 39.374 19.06
185 A 9 5.397 38.158 19.06
186 A 9 3.869 39.835 19.06
187 A 9 3.503 41.158 19.06
188 A 9 2.202 41.413 19.06
189 A 9 4.351 42.162 19.06
190 A 9 5.619 41.735 19.06
191 A 10 7.571 44.431 8.40
192 10 7.967 45.468 91.611 O
193 10 8.399 43.200 90.465 O
194 10 6.049 44.004 90.842 O
195 10 5.043 45.007 90.779 C
196 10 3.701 44.446 90.352 C
197 10 3.788 43.712 89.101 O
198 10 2.997 43.447 91.249 C
199 10 2.446 44.075 92.399 O
200 10 1.889 42.981 90.316 C
201 10 0.851 43.931 90.211 O
202 10 2.634 42.890 88.981 C
203 A 10 3.027 41.505 5.03
204 A 10 4.288 40.973 5.03
205 A 10 4.282 39.677 5.03
206 A 10 2.935 39.338 5.03
207 A 10 2.308 38.077 5.03
208 A 10 2.832 36.969 5.03
209 A 10 0.919 38.187 5.03
210 A 10 0.221 39.362 5.03
211 A 10 -1.122 39.270 5.03
212 A 10 0.798 40.542 5.03
213 A 10 2.149 40.455 5.03
214 A 11 2.384 43.270 13.01
215 11 1.915 44.213 94.835 O
216 11 3.669 42.527 93.963 O
217 11 1.229 42.195 93.568 O
218 11 -0.131 42.594 93.549 C
219 11 -1.024 41.404 93.323 C
220 11 -0.732 40.810 92.031 O
221 11 -0.827 40.248 94.283 C
222 11 -1.490 40.477 95.509 O
223 11 -1.456 39.109 93.501 C
224 11 -2.870 39.172 93.492 O
225 11 -0.927 39.406 92.099 C
226 A 11 0.363 38.739 13.58
227 A 11 0.340 37.368 13.58
228 A 11 -0.696 36.717 13.58
229 A 11 1.570 36.789 13.58
230 A 11 2.799 37.418 13.58
231 A 11 3.822 36.748 13.58
232 A 11 2.743 38.836 13.58
233 A 11 1.553 39.435 13.58
255 A 13 -3.427 34.292 19.20
256 13 -4.816 34.188 99.515 O
257 13 -2.393 34.946 99.832 O
258 13 -2.965 32.808 98.638 O
259 13 -3.845 31.948 97.910 C
260 13 -3.326 30.532 97.895 C
261 13 -2.453 30.351 96.752 O
262 13 -2.471 30.115 99.078 C
263 13 -3.267 29.727 100.187 O
264 13 -1.685 28.948 98.503 C
265 13 -2.413 27.741 98.437 O
266 13 -1.406 29.458 97.091 C
267 A 13 -0.138 30.192 9.75
268 A 13 1.029 29.464 9.75
269 A 13 0.945 28.224 9.75
270 A 13 2.215 30.116 9.75
271 A 13 2.253 31.447 9.75
272 A 13 3.449 32.052 9.75
273 A 13 1.069 32.219 9.75
274 A 13 -0.095 31.556 9.75
275 A 14 -2.605 29.678 10.47
276 14 -3.627 29.164 102.584 O
277 14 -1.979 30.996 101.902 O
278 14 -1.444 28.591 101.511 O
279 14 -1.771 27.211 101.365 C
280 14 -0.524 26.354 101.358 C
281 14 0.265 26.642 100.173 O
282 14 0.476 26.537 102.487 C
283 14 0.070 25.889 103.686 O
284 14 1.716 25.888 101.890 C
285 14 1.631 24.474 101.895 O
286 14 1.635 26.384 100.446 C
287 A 14 2.384 27.623 17.38
288 A 14 1.887 28.902 17.38
289 A 14 2.807 29.813 17.38
290 A 14 3.981 29.093 17.38
291 A 14 5.305 29.540 17.38
292 A 14 5.719 30.702 17.38
293 A 14 6.193 28.475 17.38
294 A 14 5.850 27.147 17.38
295 A 14 6.855 26.267 17.38
296 A 14 4.615 26.716 17.38
297 A 14 3.737 27.738 17.38
298 A 15 0.514 26.502 7.92
299 15 -0.144 25.678 106.159 O
300 15 0.301 27.981 105.076 O
301 15 2.079 26.193 105.174 O
302 15 2.521 24.857 105.401 C
303 15 3.970 24.679 105.007 C
304 15 4.207 25.162 103.658 O
305 15 5.016 25.432 105.803 C
306 15 5.224 24.843 107.074 O
307 15 6.215 25.271 104.884 C
308 15 6.691 23.945 104.897 O
309 15 5.566 25.563 103.534 C
310 A 15 5.605 26.999 12.51
311 A 15 4.571 27.893 12.51
312 A 15 4.930 29.124 12.51
313 A 15 6.282 29.037 12.51
314 A 15 7.213 30.053 12.51
315 A 15 7.018 31.277 12.51
316 A 15 8.481 29.526 12.51
317 A 15 8.812 28.193 12.51
318 A 15 10.090 27.879 12.51
319 A 15 7.950 27.239 12.51
320 A 15 6.713 27.731 12.51
321 A 16 5.490 25.789 8.41
322 16 5.473 24.901 109.535 O
323 16 4.555 26.943 108.255 O
324 16 6.983 26.295 108.103 O
325 16 8.030 25.344 107.936 C
326 16 9.260 25.986 107.338 C
327 16 8.950 26.555 106.037 O
328 16 9.839 27.161 108.100 C
329 16 10.610 26.729 109.195 O
330 16 10.682 27.823 107.026 C
331 16 11.882 27.126 106.743 O
332 16 9.731 27.721 105.838 C
333 A 16 8.826 28.874 17.87
334 A 16 9.343 30.055 17.87
335 A 16 10.502 30.164 17.87
336 A 16 8.462 31.106 17.87
337 A 16 7.145 31.101 17.87
338 A 16 6.458 32.119 17.87
339 A 16 6.680 29.830 17.87
340 A 16 7.522 28.784 17.87
341 A 17 10.379 27.405 8.98
342 17 10.827 26.405 111.644 O
343 17 9.001 27.975 110.697 O
344 17 11.428 28.606 110.621 O
345 17 12.764 28.390 110.163 C
346 17 13.383 29.693 109.724 C
347 17 12.703 30.191 108.548 O
348 17 13.260 30.819 110.727 C
349 17 14.248 30.643 111.752 O
350 17 13.407 32.058 109.850 C
351 17 14.753 32.376 109.563 O
352 17 12.718 31.611 108.561 C
353 A 17 11.351 32.098 8.62
354 A 17 10.186 31.458 8.62
355 A 17 9.114 32.138 8.62
356 A 17 9.602 33.299 8.62
357 A 17 8.917 34.417 8.62
358 A 17 7.696 34.614 8.62
359 A 17 9.807 35.368 8.62
360 A 17 11.176 35.267 8.62
361 A 17 11.870 36.299 8.62
362 A 17 11.822 34.233 8.62
363 A 17 10.980 33.291 8.62
365 18 7.418 42.402 102.343 O
366 18 8.680 42.895 101.888 C
367 18 9.781 42.591 102.876 C
368 18 9.184 42.175 104.132 O
369 18 10.686 41.443 102.467 C
370 18 11.750 41.938 101.669 O
371 18 11.168 40.892 103.807 C
372 18 12.282 41.582 104.339 O
373 18 9.939 41.115 104.695 C
374 E 18 9.061 39.941 15.19
375 E 18 9.505 38.845 15.19
376 E 18 10.646 38.877 15.19
377 E 18 8.687 37.772 15.19
378 E 18 7.477 37.773 15.19
379 E 18 6.699 36.701 15.19
380 E 18 7.012 38.873 15.19
381 E 18 7.828 39.927 15.19
382 E 19 12.130 41.197 18.46
383 19 13.220 41.988 99.672 O
384 19 10.893 40.935 99.529 O
385 19 12.732 39.809 100.797 O
386 19 13.939 39.788 101.550 C
387 19 14.258 38.388 102.007 C
388 19 13.445 38.024 103.153 O
389 19 13.963 37.276 101.027 C
390 19 14.907 37.178 99.970 O
391 19 13.988 36.064 101.945 C
392 19 15.308 35.733 102.331 O
393 19 13.243 36.617 103.159 C
394 E 19 11.804 36.347 11.93
395 E 19 10.790 37.170 11.93
396 E 19 9.590 36.653 11.93
397 E 19 9.833 35.401 11.93
398 E 19 8.978 34.360 11.93
399 E 19 7.634 34.417 11.93
400 E 19 9.558 33.237 11.93
401 E 19 10.893 33.177 11.93
402 E 19 11.794 34.093 11.93
403 E 19 11.194 35.193 11.93
404 E 20 14.485 36.410 13.37
405 20 15.467 36.751 97.558 O
406 20 13.039 36.656 98.403 O
407 20 14.644 34.878 98.992 O
408 20 15.794 34.405 99.673 C
409 20 15.651 32.934 99.922 C
410 20 14.909 32.728 101.159 O
411 20 14.775 32.235 98.899 C
412 20 15.410 31.977 97.660 O
413 20 14.379 30.981 99.653 C
414 20 15.409 30.017 99.730 O
415 20 14.080 31.579 101.026 C
416 E 20 12.678 32.009 8.29
417 E 20 11.707 31.067 8.29
418 E 20 12.079 29.916 8.29
419 E 20 10.397 31.425 8.29
420 E 20 10.055 32.671 8.29
421 E 20 8.752 32.971 8.29
422 E 20 11.031 33.658 8.29
423 E 20 12.319 33.289 8.29
424 E 21 14.504 31.853 16.43
425 21 15.394 31.930 95.153 O
426 21 13.384 32.817 96.475 O
427 21 13.920 30.371 96.427 O
428 21 14.804 29.261 96.569 C
429 21 14.047 28.021 96.993 C
430 21 13.398 28.244 98.271 O
431 21 12.945 27.568 96.054 C
432 21 13.514 26.733 95.052 O
433 21 12.013 26.795 96.982 C
434 21 12.403 25.455 97.190 O
435 21 12.139 27.590 98.284 C
436 E 21 11.106 28.623 16.31
437 E 21 9.843 28.277 16.31
438 E 21 9.630 27.104 16.31
439 E 21 8.887 29.234 16.31
440 E 21 9.163 30.484 16.31
441 E 21 8.197 31.394 16.31
442 E 21 10.444 30.858 16.31
443 E 21 11.376 29.909 16.31
444 E 22 12.719 26.470 14.41
445 22 13.470 25.431 92.932 O
446 22 12.410 27.775 93.028 O
447 22 11.349 25.810 94.162 O
448 22 11.241 24.397 94.309 C
449 22 9.807 24.013 94.558 C
450 22 9.365 24.660 95.782 O
451 22 8.808 24.530 93.536 C
452 22 8.765 23.768 92.347 O
453 22 7.512 24.455 94.320 C
454 22 7.013 23.140 94.432 O
455 22 7.987 24.972 95.675 C
456 E 22 7.820 26.417 9.90
457 E 22 8.724 27.400 9.90
458 E 22 8.212 28.602 9.90
459 E 22 6.902 28.388 9.90
460 E 22 5.852 29.302 9.90
461 E 22 5.860 30.534 9.90
462 E 22 4.692 28.641 9.90
463 E 22 4.564 27.281 9.90
464 E 22 3.379 26.819 9.90
465 E 22 5.530 26.429 9.90
466 E 22 6.659 27.044 9.90
467 E 23 8.537 24.518 15.62
468 23 8.784 23.490 89.904 O
469 23 9.365 25.750 90.961 O
470 23 6.987 24.943 90.954 O
471 23 5.973 23.943 91.049 C
472 23 4.607 24.516 91.429 C
473 23 4.666 25.341 92.626 O
474 23 3.838 25.423 90.487 C
475 23 3.299 24.755 89.349 O
476 23 2.709 25.873 91.405 C
477 23 1.733 24.871 91.618 O
478 23 3.466 26.106 92.711 C
479 E 23 3.785 27.523 14.78
480 E 23 5.006 28.124 14.78
481 E 23 4.962 29.423 14.78
482 E 23 3.634 29.695 14.78
483 E 23 2.985 30.926 14.78
484 E 23 3.468 32.060 14.78
485 E 23 1.626 30.749 14.78
486 E 23 0.974 29.540 14.78
487 E 23 -0.344 29.576 14.78
488 E 23 1.570 28.382 14.78
489 E 23 2.892 28.533 14.78
490 E 24 3.137 25.565 15.30
491 24 2.711 24.602 86.921 O
492 24 4.365 26.384 87.757 O
493 24 1.921 26.557 88.238 O
494 24 0.673 26.047 88.700 C
495 24 -0.270 27.173 89.071 C
496 24 0.227 27.888 90.233 O
497 24 -0.464 28.271 88.043 C
498 24 -1.388 27.895 87.039 O
499 24 -1.038 29.392 88.894 C
500 24 -2.417 29.225 89.157 O
501 24 -0.230 29.231 90.185 C
502 E 24 0.931 30.120 16.90
503 E 24 2.240 29.820 16.90
504 E 24 3.053 30.842 16.90
505 E 24 2.222 31.888 16.90
506 E 24 2.474 33.246 16.90
507 E 24 3.687 33.808 16.90
508 E 24 1.422 34.018 16.90
509 E 24 0.205 33.456 16.90
510 E 24 -0.157 32.197 16.90
511 E 24 0.912 31.456 16.90
512 E 25 -1.386 28.679 11.11
513 25 -2.424 28.098 84.747 O
514 25 0.031 28.754 85.180 O
515 25 -1.858 30.140 86.044 O
516 25 -3.230 30.419 86.299 C
517 25 -3.422 31.897 86.510 C
518 25 -2.659 32.307 87.678 O
519 25 -2.862 32.778 85.408 C
520 25 -3.730 32.881 84.283 O
521 25 -2.689 34.103 86.132 C
522 25 -3.904 34.811 86.296 O
523 25 -2.152 33.621 87.481 C
524 E 25 -0.684 33.563 12.01
525 E 25 -0.006 34.721 12.01
526 E 25 -0.573 35.740 12.01
527 E 25 1.363 34.637 12.01
528 E 25 2.101 33.530 12.01
529 E 25 3.327 33.626 12.01
530 E 25 1.326 32.356 12.01
531 E 25 -0.008 32.413 12.01
532 E 26 -3.138 33.394 13.92
533 26 -4.087 33.003 81.803 O
534 26 -1.714 32.981 82.783 O
535 26 -3.159 34.976 83.033 O
536 26 -4.364 35.644 83.393 C
537 26 -4.116 37.123 83.553 C
538 26 -3.188 37.356 84.645 O
539 26 -3.432 37.815 82.388 C
540 26 -4.341 38.106 81.340 O
541 26 -2.920 39.094 83.038 C
542 26 -3.937 40.072 83.136 O
543 26 -2.556 38.606 84.441 C
544 E 26 -1.119 38.507 20.62
545 E 26 -0.327 39.535 20.62
546 E 26 0.930 39.208 20.62
547 E 26 0.977 37.878 20.62
548 E 26 2.079 36.994 20.62
549 E 26 3.268 37.219 20.62
550 E 26 1.690 35.732 20.62
551 E 26 0.405 35.362 20.62
552 E 26 0.242 34.083 20.62
553 E 26 -0.638 36.183 20.62
554 E 26 -0.280 37.420 20.62
555 E 27 -3.825 38.070 19.14
556 27 -4.935 38.615 78.993 O
557 27 -3.310 36.702 79.559 O
558 27 -2.603 39.099 79.795 O
559 27 -2.839 40.489 80.002 C
560 27 -1.545 41.272 80.184 C
561 27 -0.844 40.907 81.404 O
562 27 -0.431 41.189 79.155 C
563 27 -0.717 41.887 77.948 O
564 27 0.690 41.910 79.897 C
565 27 0.532 43.313 79.869 O
566 27 0.489 41.404 81.326 C
567 E 27 1.439 40.339 7.72
568 E 27 1.215 38.986 7.72
569 E 27 2.293 38.288 7.72
570 E 27 3.283 39.242 7.72
571 E 27 4.666 39.092 7.72
572 E 27 5.312 38.051 7.72
573 E 27 5.302 40.324 7.72
574 E 27 4.697 41.544 7.72
575 E 27 5.488 42.625 7.72
576 E 27 3.414 41.696 7.72
577 E 27 2.773 40.512 7.72
578 E 28 0.048 41.466 9.84
579 28 -0.594 42.151 75.457 O
580 28 0.188 39.980 76.589 O
581 28 1.518 42.066 76.771 O
582 28 1.770 43.465 76.650 C
583 28 3.204 43.771 77.025 C
584 28 3.481 43.194 78.328 O
585 28 4.287 43.178 76.137 C
586 28 4.504 44.002 74.986 O
587 28 5.495 43.192 77.070 C
588 28 6.058 44.485 77.164 O
589 28 4.851 42.814 78.410 C
590 E 28 4.911 41.376 13.12
591 E 28 6.113 40.851 13.12
592 E 28 7.113 41.526 13.12
593 E 28 6.098 39.500 13.12
594 E 28 5.039 38.632 13.12
595 E 28 5.203 37.424 13.12
596 E 28 3.832 39.250 13.12
597 E 28 3.809 40.568 13.12
619 E 30 9.532 41.100 15.47
620 30 9.909 42.092 69.842 O
621 30 8.206 40.444 70.833 O
622 30 10.661 39.972 70.938 O
623 30 12.038 40.329 70.999 C
624 30 12.863 39.163 71.482 C
625 30 12.444 38.801 72.822 O
626 30 12.706 37.874 70.700 C
627 30 13.515 37.868 69.529 O
628 30 13.165 36.838 71.716 C
629 30 14.571 36.794 71.835 O
630 30 12.549 37.393 72.996 C
631 E 30 11.194 36.855 9.78
632 E 30 11.046 35.711 9.78
633 E 30 12.057 35.174 9.78
634 E 30 9.804 35.216 9.78
635 E 30 8.739 35.809 9.78
636 E 30 7.535 35.274 9.78
637 E 30 8.860 36.976 9.78
638 E 30 10.095 37.458 9.78
639 E 31 13.218 36.795 9.42
640 31 14.215 36.997 67.290 O
641 31 11.768 36.858 68.058 O
642 31 13.508 35.386 69.064 O
643 31 14.845 34.969 69.367 C
644 31 14.826 33.632 70.070 C
645 31 14.049 33.751 71.292 O
646 31 14.144 32.501 69.316 C
647 31 15.011 31.874 68.375 O
648 31 13.753 31.555 70.442 C
649 31 14.853 30.788 70.897 O
650 31 13.332 32.546 71.528 C
651 E 31 11.905 32.859 29.51
652 E 31 11.309 34.040 29.51
653 E 31 10.011 34.028 29.51
654 E 31 9.730 32.759 29.51
655 E 31 8.492 32.159 29.51
656 E 31 7.358 32.646 29.51
657 E 31 8.664 30.852 29.51
658 E 31 9.869 30.203 29.51
659 E 31 9.825 28.936 29.51
660 E 31 11.033 30.750 29.51
661 E 31 10.888 32.021 29.51
662 E 32 14.380 31.001 19.55
663 32 15.499 30.344 66.447 O
664 32 13.413 31.847 66.425 O
665 32 13.573 29.856 67.930 O
666 32 14.243 28.679 68.369 C
667 32 13.248 27.652 68.845 C
668 32 12.438 28.255 69.886 O
669 32 12.210 27.155 67.848 C
670 32 12.709 26.137 66.987 O
671 32 11.157 26.592 68.787 C
672 32 11.558 25.357 69.335 O
673 32 11.164 27.641 69.899 C
674 E 32 10.146 28.662 10.51
675 E 32 10.298 29.930 10.51
676 E 32 9.181 30.599 10.51
677 E 32 8.238 29.717 10.51
678 E 32 6.849 29.881 10.51
679 E 32 6.149 30.889 10.51
680 E 32 6.276 28.719 10.51
681 E 32 6.957 27.556 10.51
682 E 32 6.242 26.533 10.51
683 E 32 8.251 27.405 10.51
684 E 32 8.822 28.515 10.51
685 E 33 12.030 25.908 10.84
686 33 12.758 24.767 64.922 O
687 33 11.957 27.202 64.818 O
688 33 10.540 25.431 65.872 O
689 33 10.281 24.076 66.249 C
690 33 8.791 23.807 66.356 C
691 33 8.210 24.612 67.418 O
692 33 7.911 24.122 65.156 C
693 33 7.950 23.111 64.161 O
694 33 6.535 24.174 65.796 C
695 33 6.020 22.882 66.055 O
696 33 6.851 24.892 67.107 C
697 E 33 6.699 26.344 11.60
698 E 33 5.434 26.876 11.60
699 E 33 4.449 26.189 11.60
700 E 33 5.363 28.245 11.60
701 E 33 6.403 29.116 11.60
702 E 33 6.200 30.330 11.60
703 E 33 7.675 28.482 11.60
704 E 33 7.777 27.154 11.60
705 E 34 7.689 23.508 8.47
706 34 7.911 22.264 61.824 O
707 34 8.489 24.723 62.327 O
708 34 6.146 23.909 62.562 O
709 34 5.120 22.988 62.929 C
710 34 3.777 23.696 63.048 C
711 34 3.849 24.756 64.036 O
712 34 3.241 24.420 61.824 C
713 34 2.693 23.503 60.862 O
714 34 2.190 25.348 62.434 C
715 34 0.967 24.693 62.678 O
716 34 2.823 25.707 63.781 C
717 E 34 3.390 27.051 12.20
718 E 34 4.699 27.409 12.20
719 E 34 4.924 28.684 12.20
720 E 34 3.686 29.203 12.20
721 E 34 3.303 30.542 12.20
722 E 34 4.008 31.560 12.20
723 E 34 1.944 30.626 12.20
724 E 34 1.068 29.570 12.20
725 E 34 -0.206 29.869 12.20
726 E 34 1.412 28.320 12.20
727 E 34 2.726 28.211 12.20
1 1 -1.259 29.218 11.785 O
2 1 -1.960 28.102 11.253 C
3 1 -1.078 26.921 10.902 C
4 1 -0.583 27.065 9.538 O
5 1 0.186 26.753 11.732 C
6 1 -0.046 26.098 12.969 O
7 1 1.047 25.920 10.802 C
8 1 0.615 24.574 10.750 O
9 1 0.762 26.613 9.470 C
10 A 1 1.616 27.796 16.18
11 A 1 2.969 27.624 16.18
12 A 1 3.410 26.475 16.18
13 A 1 3.760 28.711 16.18
14 A 1 3.256 29.931 16.18
15 A 1 4.082 30.972 16.18
16 A 1 1.884 30.139 16.18
17 A 1 1.107 29.053 16.18
18 A 2 0.897 26.439 16.55
19 2 0.490 25.553 15.348 O
20 2 0.920 27.922 14.420 O
21 2 2.347 25.983 13.747 O
22 2 2.685 24.600 13.672 C
23 2 4.160 24.437 13.402 C
24 2 4.470 25.022 12.109 O
25 2 5.069 25.175 14.369 C
26 2 5.292 24.409 15.546 O
27 2 6.333 25.351 13.540 C
28 2 7.106 24.173 13.476 O
29 2 5.740 25.647 12.162 C
30 A 2 5.553 27.074 18.22
31 A 2 4.409 27.821 18.22
32 A 2 4.566 29.085 18.22
33 A 2 5.905 29.173 18.22
34 A 2 6.700 30.249 18.22
35 A 2 6.242 31.488 18.22
36 A 2 8.001 30.000 18.22
37 A 2 8.464 28.758 18.22
38 A 2 7.817 27.667 18.22
39 A 2 6.526 27.946 18.22
40 A 3 5.493 25.156 10.00
41 3 5.522 24.119 18.019 O
42 3 4.518 26.279 17.039 O
43 3 6.963 25.764 16.851 O
44 3 8.091 24.950 17.143 C
45 3 9.370 25.688 16.844 C
46 3 9.367 26.128 15.454 O
47 3 9.601 26.982 17.606 C
48 3 10.062 26.774 18.932 O
49 3 10.663 27.629 16.735 C
50 3 11.902 26.971 16.881 O
51 3 10.104 27.337 15.344 C
52 A 3 9.201 28.414 15.09
53 A 3 9.768 29.592 15.09
54 A 3 11.002 29.676 15.09
55 A 3 8.963 30.604 15.09
56 A 3 7.639 30.479 15.09
57 A 3 6.888 31.518 15.09
58 A 3 7.031 29.284 15.09
59 A 3 7.843 28.286 15.09
60 A 4 9.900 27.947 14.76
61 4 10.338 27.403 21.333 O
62 4 8.542 28.521 19.885 O
63 4 10.960 29.050 19.567 O
64 4 12.315 28.698 19.318 C
65 4 13.104 29.914 18.909 C
66 4 12.775 30.253 17.536 O
67 4 12.795 31.181 19.682 C
68 4 13.495 31.212 20.921 O
69 4 13.253 32.252 18.702 C
70 4 14.656 32.402 18.657 O
71 4 12.755 31.666 17.384 C
72 A 4 11.371 32.085 7.86
73 A 4 11.151 33.276 7.86
74 A 4 12.134 33.922 7.86
75 A 4 9.882 33.704 7.86
76 A 4 8.857 32.986 7.86
77 A 4 7.620 33.469 7.86
78 A 4 9.052 31.746 7.86
79 A 4 10.316 31.335 7.86
80 A 5 12.762 31.787 11.46
81 5 13.396 31.160 23.424 O
82 5 11.289 31.665 22.027 O
83 5 13.128 33.338 22.203 O
84 5 14.395 33.774 21.696 C
85 5 14.255 35.107 20.992 C
86 5 13.461 34.976 19.778 O
87 5 13.511 36.182 21.753 C
88 5 14.296 36.762 22.783 O
89 5 13.171 37.168 20.642 C
90 5 14.282 37.958 20.273 O
91 5 12.825 36.218 19.495 C
92 A 5 11.392 35.980 18.02
93 A 5 10.709 34.843 18.02
94 A 5 9.432 34.907 18.02
95 A 5 9.253 36.164 18.02
96 A 5 8.076 36.796 18.02
97 A 5 6.922 36.352 18.02
98 A 5 8.336 38.077 18.02
99 A 5 9.564 38.681 18.02
100 A 5 9.585 39.932 18.02
101 A 5 10.682 38.101 18.02
102 A 5 10.451 36.849 18.02
103 A 6 13.561 37.486 11.45
104 6 14.597 37.889 25.004 O
105 6 12.428 36.633 24.454 O
106 6 12.961 38.804 23.354 O
107 6 13.833 39.784 22.806 C
108 6 13.049 40.948 22.268 C
109 6 12.300 40.534 21.099 O
110 6 11.989 41.538 23.183 C
111 6 12.567 42.418 24.140 O
112 6 11.121 42.283 22.181 C
113 6 11.751 43.474 21.766 O
114 6 11.117 41.308 20.999 C
115 A 6 9.976 40.397 7.01
116 A 6 9.993 39.049 7.01
117 A 6 8.817 38.493 7.01
118 A 6 7.968 39.537 7.01
119 A 6 6.569 39.545 7.01
120 A 6 5.771 38.594 7.01
121 A 6 6.112 40.825 7.01
122 A 6 6.901 41.951 7.01
123 A 6 6.275 43.096 7.01
124 A 6 8.207 41.955 7.01
125 A 6 8.670 40.723 7.01
126 A 7 11.932 42.515 19.17
127 7 12.778 43.465 26.383 O
128 7 11.715 41.145 26.142 O
129 7 10.511 43.197 25.374 O
130 7 10.421 44.560 24.956 C
131 7 8.982 44.943 24.692 C
132 7 8.471 44.180 23.564 O
133 7 7.995 44.662 25.813 C
134 7 7.994 45.707 26.780 O
135 7 6.678 44.605 25.055 C
136 7 6.199 45.898 24.739 O
137 7 7.103 43.883 23.776 C
138 A 7 6.972 42.434 6.84
139 A 7 7.973 41.520 6.84
140 A 7 7.559 40.279 6.84
141 A 7 6.191 40.378 6.84
142 A 7 5.168 39.408 6.84
143 A 7 5.369 38.096 6.84
144 A 7 3.915 39.845 6.84
145 A 7 3.706 41.161 6.84
146 A 7 4.573 42.164 6.84
147 A 7 5.814 41.701 6.84
148 A 8 7.827 45.352 14.50
149 8 7.784 46.646 29.082 O
150 8 8.841 44.328 28.708 O
151 8 6.381 44.695 28.452 O
152 8 5.209 45.505 28.408 C
153 8 3.981 44.652 28.193 C
154 8 4.192 43.798 27.040 O
155 8 3.623 43.653 29.281 C
156 8 2.921 44.266 30.346 O
157 8 2.711 42.699 28.528 C
158 8 1.409 43.214 28.323 O
159 8 3.444 42.601 27.193 C
160 A 8 4.361 41.454 7.69
161 A 8 3.817 40.237 7.69
162 A 8 2.645 40.115 7.69
163 A 8 4.691 39.175 7.69
164 A 8 6.028 39.212 7.69
165 A 8 6.661 38.155 7.69
166 A 8 6.522 40.521 7.69
167 A 8 5.691 41.572 7.69
168 A 9 2.984 43.609 12.00
169 9 2.481 44.625 32.760 O
170 9 4.342 43.038 31.989 O
171 9 1.931 42.413 31.752 O
172 9 0.565 42.670 32.041 C
173 9 -0.310 41.509 31.624 C
174 9 0.088 41.027 30.302 O
175 9 -0.249 40.219 32.423 C
176 9 -0.892 40.260 33.691 O
177 9 -0.993 39.288 31.485 C
178 9 -2.387 39.543 31.478 O
179 9 -0.398 39.704 30.142 C
180 A 9 0.681 38.795 13.97
181 A 9 0.496 37.550 13.97
182 A 9 1.606 36.903 13.97
183 A 9 2.598 37.772 13.97
184 A 9 4.002 37.606 13.97
185 A 9 4.665 36.628 13.97
186 A 9 4.641 38.730 13.97
187 A 9 4.010 39.873 13.97
188 A 9 4.818 40.856 13.97
189 A 9 2.690 40.040 13.97
190 A 9 2.049 38.955 13.97
191 A 10 -0.539 39.128 12.13
192 10 -1.173 39.488 36.071 O
193 10 0.920 38.883 34.736 O
194 10 -1.269 37.831 34.211 O
195 10 -2.655 37.864 33.909 C
196 10 -3.116 36.510 33.446 C
197 10 -2.356 36.123 32.272 O
198 10 -2.858 35.359 34.400 C
199 10 -3.806 35.332 35.450 O
200 10 -2.979 34.169 33.464 C
201 10 -4.317 33.854 33.141 O
202 10 -2.271 34.710 32.221 C
203 A 10 -0.868 34.313 5.15
204 A 10 0.244 35.083 5.15
205 A 10 1.358 34.406 5.15
206 A 10 0.952 33.117 5.15
207 A 10 1.711 31.934 5.15
208 A 10 2.940 31.783 5.15
209 A 10 0.888 30.847 5.15
210 A 10 -0.487 30.891 5.15
211 A 10 -1.113 29.739 5.15
212 A 10 -1.199 31.986 5.15
213 A 10 -0.420 33.050 5.15
214 A 11 -3.370 34.775 11.44
215 11 -4.533 34.945 37.791 O
216 11 -2.063 35.354 37.274 O
217 11 -3.149 33.220 36.643 O
218 11 -4.172 32.427 36.060 C
219 11 -3.668 31.024 35.823 C
220 11 -2.727 31.012 34.712 O
221 11 -2.884 30.419 36.972 C
222 11 -3.749 29.883 37.960 O
223 11 -2.093 29.329 36.261 C
224 11 -2.906 28.205 35.983 O
225 11 -1.727 30.036 34.953 C
226 A 11 -0.423 30.710 10.17
227 A 11 0.704 29.937 10.17
228 A 11 0.656 28.743 10.17
229 A 11 1.893 30.617 10.17
230 A 11 2.075 31.958 10.17
231 A 11 3.224 32.407 10.17
232 A 11 0.861 32.694 10.17
233 A 11 -0.318 32.059 10.17
255 A 13 0.361 26.602 7.85
256 13 -0.190 25.634 43.876 O
257 13 0.151 28.054 43.102 O
258 13 1.927 26.350 42.744 O
259 13 2.492 25.113 43.138 C
260 13 3.917 24.993 42.655 C
261 13 4.102 25.686 41.394 O
262 13 4.990 25.614 43.527 C
263 13 5.257 24.827 44.681 O
264 13 6.164 25.638 42.561 C
265 13 6.734 24.356 42.389 O
266 13 5.465 26.071 41.271 C
267 A 13 5.547 27.533 5.66
268 A 13 6.771 28.081 5.66
269 A 13 7.730 27.324 5.66
270 A 13 6.881 29.417 5.66
271 A 13 5.825 30.203 5.66
272 A 13 5.988 31.517 5.66
273 A 13 4.559 29.677 5.66
274 A 13 4.466 28.344 5.66
275 A 14 6.083 25.465 7.99
276 14 6.010 24.484 47.003 O
277 14 5.652 26.868 46.137 O
278 14 7.580 25.488 45.369 O
279 14 8.234 24.272 45.032 C
280 14 9.646 24.551 44.607 C
281 14 9.639 25.262 43.344 O
282 14 10.424 25.478 45.519 C
283 14 10.908 24.808 46.664 O
284 14 11.521 25.958 44.585 C
285 14 12.495 24.964 44.351 O
286 14 10.714 26.186 43.309 C
287 A 14 10.151 27.529 12.77
288 A 14 8.837 27.886 12.77
289 A 14 8.644 29.175 12.77
290 A 14 9.908 29.698 12.77
291 A 14 10.334 31.039 12.77
292 A 14 9.660 32.068 12.77
293 A 14 11.705 31.116 12.77
294 A 14 12.559 30.043 12.77
295 A 14 13.852 30.319 12.77
296 A 14 12.173 28.790 12.77
297 A 14 10.845 28.693 12.77
298 A 15 10.918 25.572 10.31
299 15 11.115 24.544 49.130 O
300 15 9.762 26.493 48.162 O
301 15 12.230 26.472 47.987 O
302 15 13.466 25.904 47.578 C
303 15 14.470 26.995 47.294 C
304 15 14.090 27.718 46.091 O
305 15 14.573 28.084 48.346 C
306 15 15.377 27.686 49.443 O
307 15 15.214 29.209 47.552 C
308 15 16.603 29.009 47.356 O
309 15 14.471 29.079 46.223 C
310 A 15 13.270 29.904 11.22
311 A 15 11.961 29.508 11.22
312 A 15 11.116 30.503 11.22
313 A 15 11.920 31.616 11.22
314 A 15 11.582 32.989 11.22
315 A 15 10.461 33.517 11.22
316 A 15 12.718 33.771 11.22
317 A 15 14.008 33.296 11.22
318 A 15 14.979 34.195 11.22
319 A 15 14.328 32.032 11.22
320 A 15 13.248 31.255 11.22
321 A 16 14.963 28.137 12.79
322 16 15.811 27.376 51.880 O
323 16 13.482 28.061 51.050 O
324 16 15.376 29.676 50.977 O
325 16 16.719 30.079 50.730 C
326 16 16.785 31.568 50.473 C
327 16 15.961 31.892 49.320 O
328 16 16.209 32.465 51.554 C
329 16 17.108 32.649 52.644 O
330 16 15.972 33.757 50.783 C
331 16 17.171 34.470 50.560 O
332 16 15.457 33.211 49.454 C
333 A 16 13.987 33.173 5.99
334 A 16 13.363 34.319 5.99
335 A 16 13.987 35.324 5.99
336 A 16 11.991 34.249 5.99
337 A 16 11.188 33.178 5.99
338 A 16 9.959 33.275 5.99
339 A 16 11.906 32.021 5.99
340 A 16 13.257 32.059 5.99
341 A 17 16.511 32.856 7.03
342 17 17.572 32.549 55.108 O
343 17 15.239 32.091 54.160 O
344 17 16.146 34.404 54.175 O
345 17 17.115 35.399 53.844 C
346 17 16.447 36.733 53.555 C
347 17 15.640 36.661 52.347 O
348 17 15.466 37.271 54.583 C
349 17 16.012 37.679 55.853 O
350 17 14.751 38.345 53.773 C
351 17 15.542 39.505 53.614 O
352 17 14.612 37.646 52.415 C
353 A 17 13.319 36.993 9.80
354 A 17 13.039 35.654 9.80
355 A 17 11.793 35.359 9.80
356 A 17 11.208 36.578 9.80
357 A 17 9.863 36.898 9.80
358 A 17 8.887 36.150 9.80
359 A 17 9.712 38.259 9.80
360 A 17 10.712 39.194 9.80
361 A 17 10.365 40.464 9.80
362 A 17 11.958 38.913 9.80
363 A 17 12.135 37.597 9.80
365 18 2.408 41.164 47.981 O
366 18 2.434 42.570 47.731 C
367 18 3.702 43.231 48.217 C
368 18 3.978 42.844 49.590 O
369 18 4.966 42.856 47.463 C
370 18 5.102 43.638 46.277 O
371 18 6.028 43.183 48.497 C
372 18 6.170 44.586 48.624 O
373 18 5.370 42.618 49.755 C
374 E 18 5.565 41.159 8.61
375 E 18 6.819 40.665 8.61
376 E 18 7.744 41.458 8.61
377 E 18 6.988 39.328 8.61
378 E 18 5.974 38.497 8.61
379 E 18 6.196 37.187 8.61
380 E 18 4.691 38.971 8.61
381 E 18 4.533 40.297 8.61
382 E 19 5.979 43.080 7.60
383 19 6.052 44.175 44.065 O
384 19 5.493 41.742 44.634 O
385 19 7.427 42.895 45.678 O
386 19 8.167 44.024 46.126 C
387 19 9.552 43.596 46.502 C
388 19 9.465 42.715 47.645 O
389 19 10.250 42.764 45.443 C
390 19 10.876 43.621 44.501 O
391 19 11.255 41.986 46.276 C
392 19 12.344 42.798 46.629 O
393 19 10.433 41.689 47.530 C
394 E 19 9.738 40.400 15.47
395 E 19 8.419 40.135 15.47
396 E 19 8.097 38.867 15.47
397 E 19 9.283 38.257 15.47
398 E 19 9.613 36.918 15.47
399 E 19 8.740 35.895 15.47
400 E 19 10.890 36.660 15.47
401 E 19 11.768 37.669 15.47
402 E 19 11.581 38.957 15.47
403 E 19 10.304 39.190 15.47
404 E 20 11.071 43.131 13.49
405 20 11.399 44.343 42.189 O
406 20 9.942 42.260 42.577 O
407 20 12.373 42.218 43.055 O
408 20 13.580 42.724 43.604 C
409 20 14.574 41.604 43.795 C
410 20 14.202 40.834 44.971 O
411 20 14.621 40.556 42.695 C
412 20 15.410 40.974 41.593 O
413 20 15.263 39.391 43.425 C
414 20 16.653 39.571 43.613 O
415 20 14.548 39.472 44.769 C
416 E 20 13.321 38.665 11.25
417 E 20 13.418 37.348 11.25
418 E 20 14.524 36.919 11.25
419 E 20 12.310 36.575 11.25
420 E 20 11.136 37.080 11.25
421 E 20 10.077 36.272 11.25
422 E 20 11.004 38.432 11.25
423 E 20 12.114 39.184 11.25
424 E 21 15.064 40.429 7.18
425 21 15.901 41.190 39.162 O
426 21 13.582 40.421 39.954 O
427 21 15.551 38.911 40.159 O
428 21 16.929 38.587 40.300 C
429 21 17.109 37.092 40.475 C
430 21 16.431 36.659 41.690 O
431 21 16.478 36.204 39.418 C
432 21 17.236 36.126 38.215 O
433 21 16.426 34.863 40.140 C
434 21 17.670 34.203 40.181 O
435 21 16.041 35.299 41.551 C
436 E 21 14.593 35.179 21.36
437 E 21 14.079 33.922 21.36
438 E 21 14.874 32.979 21.36
439 E 21 12.741 33.768 21.36
440 E 21 11.928 34.810 21.36
441 E 21 10.614 34.602 21.36
442 E 21 12.427 36.111 21.36
443 E 21 13.756 36.249 21.36
444 E 22 16.467 35.934 14.98
445 22 17.450 36.116 35.722 O
446 22 15.262 36.801 36.864 O
447 22 15.987 34.412 36.845 O
448 22 16.940 33.351 36.928 C
449 22 16.278 32.027 37.281 C
450 22 15.586 32.117 38.560 O
451 22 15.194 31.481 36.370 C
452 22 15.692 30.904 35.173 O
453 22 14.581 30.409 37.259 C
454 22 15.407 29.266 37.344 O
455 22 14.560 31.126 38.609 C
456 E 22 13.271 31.773 12.98
457 E 22 12.978 33.111 12.98
458 E 22 11.726 33.389 12.98
459 E 22 11.153 32.161 12.98
460 E 22 9.805 31.821 12.98
461 E 22 8.816 32.563 12.98
462 E 22 9.669 30.455 12.98
463 E 22 10.681 29.533 12.98
464 E 22 10.347 28.260 12.98
465 E 22 11.928 29.830 12.98
466 E 22 12.093 31.152 12.98
467 E 23 14.670 30.567 11.56
468 23 15.473 30.191 32.798 O
469 23 13.694 31.686 33.886 O
470 23 13.894 29.278 34.494 O
471 23 14.584 28.044 34.699 C
472 23 13.628 26.968 35.160 C
473 23 12.961 27.405 36.372 O
474 23 12.462 26.637 34.245 C
475 23 12.849 25.761 33.208 O
476 23 11.510 25.938 35.201 C
477 23 11.913 24.608 35.464 O
478 23 11.691 26.780 36.464 C
479 E 23 10.662 27.808 8.09
480 E 23 10.794 29.163 8.09
481 E 23 9.676 29.814 8.09
482 E 23 8.752 28.830 8.09
483 E 23 7.369 28.924 8.09
484 E 23 6.658 29.936 8.09
485 E 23 6.820 27.672 8.09
486 E 23 7.505 26.481 8.09
487 E 23 6.785 25.375 8.09
488 E 23 8.792 26.381 8.09
489 E 23 9.347 27.585 8.09
490 E 24 12.130 25.870 14.10
491 24 12.775 24.878 30.885 O
492 24 12.075 27.291 31.378 O
493 24 10.644 25.383 32.085 O
494 24 10.370 24.028 32.423 C
495 24 8.885 23.828 32.637 C
496 24 8.444 24.600 33.786 O
497 24 7.972 24.310 31.522 C
498 24 7.902 23.366 30.468 O
499 24 6.645 24.439 32.251 C
500 24 6.035 23.187 32.488 O
501 24 7.103 25.019 33.587 C
502 E 24 7.056 26.480 13.60
503 E 24 8.067 27.393 13.60
504 E 24 7.670 28.643 13.60
505 E 24 6.310 28.544 13.60
506 E 24 5.302 29.512 13.60
507 E 24 5.514 30.835 13.60
508 E 24 4.045 29.067 13.60
509 E 24 3.826 27.748 13.60
510 E 24 4.685 26.747 13.60
511 E 24 5.922 27.218 13.60
512 E 25 7.812 23.881 21.49
513 25 8.051 22.707 28.070 O
514 25 8.658 25.092 28.794 O
515 25 6.290 24.327 28.801 O
516 25 5.240 23.388 28.999 C
517 25 3.940 24.099 29.277 C
518 25 4.062 24.876 30.498 O
519 25 3.511 25.125 28.247 C
520 25 2.883 24.506 27.136 O
521 25 2.545 25.979 29.056 C
522 25 1.308 25.327 29.265 O
523 25 3.289 26.062 30.389 C
524 E 25 4.207 27.209 13.15
525 E 25 3.685 28.426 13.15
526 E 25 2.501 28.581 13.15
527 E 25 4.595 29.457 13.15
528 E 25 5.947 29.394 13.15
529 E 25 6.653 30.394 13.15
530 E 25 6.406 28.100 13.15
531 E 25 5.541 27.075 13.15
532 E 26 2.914 25.233 16.45
533 26 2.469 24.238 24.698 O
534 26 4.222 25.920 25.532 O
535 26 1.792 26.353 25.810 O
536 26 0.418 25.996 25.894 C
537 26 -0.430 27.215 26.184 C
538 26 -0.078 27.753 27.492 O
539 26 -0.249 28.402 25.253 C
540 26 -0.950 28.242 24.029 O
541 26 -0.800 29.531 26.110 C
542 26 -2.213 29.504 26.196 O
543 26 -0.201 29.167 27.470 C
544 E 26 1.127 29.745 15.01
545 E 26 2.335 29.127 15.01
546 E 26 3.359 29.907 15.01
547 E 26 2.794 31.109 15.01
548 E 26 3.409 32.334 15.01
549 E 26 4.615 32.607 15.01
550 E 26 2.461 33.298 15.01
551 E 26 1.101 33.114 15.01
552 E 26 0.362 34.169 15.01
553 E 26 0.515 31.980 15.01
554 E 26 1.415 31.027 15.01
555 E 27 -0.401 28.963 10.08
556 27 -1.046 28.271 21.550 O
557 27 1.086 29.047 22.763 O
558 27 -0.997 30.436 22.811 O
559 27 -2.369 30.627 23.153 C
560 27 -2.616 32.037 23.646 C
561 27 -1.726 32.340 24.746 O
562 27 -2.328 33.169 22.679 C
563 27 -3.405 33.325 21.774 O
564 27 -2.195 34.379 23.602 C
565 27 -3.399 35.062 23.880 O
566 27 -1.666 33.743 24.892 C
567 E 27 -0.312 34.165 11.68
568 E 27 0.840 33.419 11.68
569 E 27 1.891 34.129 11.68
570 E 27 1.396 35.418 11.68
571 E 27 2.056 36.634 11.68
572 E 27 3.256 36.821 11.68
573 E 27 1.164 37.707 11.68
574 E 27 -0.186 37.628 11.68
575 E 27 -0.889 38.779 11.68
576 E 27 -0.805 36.508 11.68
577 E 27 0.040 35.452 11.68
578 E 28 -3.120 33.883 10.97
579 28 -4.339 33.662 19.471 O
580 28 -1.816 33.355 19.829 O
581 28 -2.968 35.447 20.542 O
582 28 -4.093 36.234 20.932 C
583 28 -3.681 37.673 21.118 C
584 28 -2.851 37.786 22.302 O
585 28 -2.824 38.242 20.001 C
586 28 -3.641 38.706 18.934 O
587 28 -2.081 39.370 20.703 C
588 28 -2.886 40.519 20.833 O
589 28 -1.841 38.761 22.088 C
590 E 28 -0.532 38.108 2.00
591 E 28 0.527 38.881 2.00
592 E 28 0.429 40.074 2.00
593 E 28 1.715 38.210 2.00
594 E 28 1.952 36.875 2.00
595 E 28 3.082 36.415 2.00
596 E 28 0.806 36.145 2.00
597 E 28 -0.368 36.773 2.00
619 E 30 0.365 42.117 6.96
620 30 -0.418 42.967 13.393 O
621 30 0.231 40.633 14.263 O
622 30 1.906 42.472 14.160 O
623 30 2.316 43.804 13.866 C
624 30 3.691 44.078 14.439 C
625 30 3.768 43.584 15.810 O
626 30 4.848 43.387 13.740 C
627 30 5.252 44.091 12.572 O
628 30 5.915 43.415 14.824 C
629 30 6.497 44.699 14.986 O
630 30 5.074 43.083 16.060 C
631 E 30 4.963 41.640 6.14
632 E 30 6.073 40.937 6.14
633 E 30 7.140 41.542 6.14
634 E 30 5.956 39.612 6.14
635 E 30 4.805 38.987 6.14
636 E 30 4.744 37.679 6.14
637 E 30 3.661 39.676 6.14
638 E 30 3.786 40.986 6.14
639 E 31 5.347 43.310 13.19
640 31 5.391 44.344 10.114 O
641 31 4.275 42.282 11.137 O
642 31 6.765 42.585 11.218 O
643 31 7.956 43.345 11.040 C
644 31 9.159 42.601 11.567 C
645 31 8.874 42.107 12.904 O
646 31 9.592 41.345 10.835 C
647 31 10.336 41.652 9.664 O
648 31 10.475 40.683 11.885 C
649 31 11.750 41.286 11.984 O
650 31 9.675 40.962 13.159 C
651 E 31 8.803 39.835 20.55
652 E 31 7.468 39.702 20.55
653 E 31 6.977 38.551 20.55
654 E 31 8.052 37.891 20.55
655 E 31 8.135 36.599 20.55
656 E 31 7.239 35.750 20.55
657 E 31 9.421 36.328 20.55
658 E 31 10.490 37.188 20.55
659 E 31 11.654 36.750 20.55
660 E 31 10.423 38.393 20.55
661 E 31 9.184 38.675 20.55
662 E 32 10.613 40.504 9.11
663 32 11.380 41.137 7.479 O
664 32 9.330 39.814 8.275 O
665 32 11.576 39.487 9.331 O
666 32 12.954 39.795 9.498 C
667 32 13.720 38.576 9.942 C
668 32 13.302 38.187 11.275 O
669 32 13.509 37.318 9.119 C
670 32 14.307 37.323 7.948 O
671 32 13.950 36.246 10.102 C
672 32 15.358 36.211 10.260 O
673 32 13.317 36.773 11.387 C
674 E 32 11.939 36.318 10.37
675 E 32 10.799 36.979 10.37
676 E 32 9.704 36.341 10.37
677 E 32 10.147 35.185 10.37
678 E 32 9.415 34.114 10.37
679 E 32 8.183 33.979 10.37
680 E 32 10.262 33.135 10.37
681 E 32 11.635 33.187 10.37
682 E 32 12.281 32.146 10.37
683 E 32 12.328 34.188 10.37
684 E 32 11.526 35.145 10.37
685 E 33 13.868 36.425 8.94
686 33 14.833 36.712 5.601 O
687 33 12.415 36.628 6.467 O
688 33 14.083 34.927 7.183 O
689 33 15.345 34.501 7.675 C
690 33 15.204 33.195 8.408 C
691 33 14.316 33.367 9.543 O
692 33 14.560 32.069 7.618 C
693 33 15.503 31.408 6.790 O
694 33 14.066 31.153 8.726 C
695 33 15.116 30.395 9.296 O
696 33 13.567 32.176 9.744 C
697 E 33 12.136 32.492 15.60
698 E 33 11.233 31.647 15.60
699 E 33 11.578 30.659 15.60
700 E 33 9.914 32.007 15.60
701 E 33 9.416 33.100 15.60
702 E 33 8.206 33.326 15.60
703 E 33 10.411 33.912 15.60
704 E 33 11.704 33.587 15.60
705 E 34 15.033 30.865 8.94
706 34 16.253 30.522 4.587 O
707 34 14.079 31.874 4.823 O
708 34 14.204 29.542 5.694 O
709 34 14.745 28.531 6.545 C
710 34 13.689 27.493 6.879 C
711 34 12.712 28.045 7.801 O
712 34 12.842 26.972 5.727 C
713 34 13.490 25.985 4.899 O
714 34 11.640 26.389 6.461 C
715 34 11.910 25.105 6.982 O
716 34 11.469 27.373 7.624 C
717 E 34 10.420 28.364 19.84
718 E 34 10.587 29.653 19.84
719 E 34 9.466 30.313 19.84
720 E 34 8.495 29.409 19.84
721 E 34 7.088 29.560 19.84
722 E 34 6.401 30.561 19.84
723 E 34 6.480 28.391 19.84
724 E 34 7.134 27.224 19.84
725 E 34 6.351 26.207 19.84
726 E 34 8.452 27.068 19.84
727 E 34 9.064 28.196 19.84
1 1 13.723 39.271 57.061 O
2 1 14.453 40.403 56.531 C
3 1 13.615 41.606 56.144 C
4 1 13.067 41.420 54.808 O
5 1 12.382 41.887 56.983 C
6 1 12.713 42.566 58.179 O
7 1 11.583 42.772 56.041 C
8 1 12.148 44.066 55.944 O
9 1 11.782 42.028 54.723 C
10 A 1 10.791 40.955 11.83
11 A 1 9.464 41.270 11.83
12 A 1 9.154 42.462 11.83
13 A 1 8.558 40.268 11.83
14 A 1 8.926 39.008 11.83
15 A 1 8.000 38.055 11.83
16 A 1 10.262 38.668 11.83
17 A 1 11.150 39.657 11.83
18 A 2 11.807 42.348 17.15
19 2 12.394 43.165 60.581 O
20 2 11.592 40.899 59.685 O
21 2 10.408 42.985 59.065 O
22 2 10.324 44.323 58.586 C
23 2 8.889 44.662 58.257 C
24 2 8.469 43.942 57.068 O
25 2 7.888 44.225 59.307 C
26 2 7.832 45.154 60.363 O
27 2 6.598 44.164 58.509 C
28 2 6.047 45.443 58.268 O
29 2 7.104 43.572 57.196 C
30 A 2 7.014 42.113 16.75
31 A 2 8.006 41.178 16.75
32 A 2 7.584 39.937 16.75
33 A 2 6.227 40.065 16.75
34 A 2 5.202 39.117 16.75
35 A 2 5.395 37.790 16.75
36 A 2 3.955 39.587 16.75
37 A 2 3.762 40.912 16.75
38 A 2 4.639 41.896 16.75
39 A 2 5.866 41.400 16.75
40 A 3 7.718 44.621 4.02
41 3 8.009 45.780 62.735 O
42 3 8.503 43.372 62.034 O
43 3 6.182 44.215 62.000 O
44 3 5.169 45.208 61.920 C
45 3 3.819 44.585 61.640 C
46 3 3.830 43.887 60.365 O
47 3 3.337 43.511 62.593 C
48 3 2.874 44.043 63.818 O
49 3 2.218 42.887 61.773 C
50 3 1.085 43.732 61.701 O
51 3 2.882 42.830 60.398 C
52 A 3 3.582 41.548 14.49
53 A 3 2.835 40.439 14.49
54 A 3 1.633 40.598 14.49
55 A 3 3.434 39.226 14.49
56 A 3 4.732 39.105 14.49
57 A 3 5.267 37.880 14.49
58 A 3 5.532 40.232 14.49
59 A 3 4.920 41.428 14.49
60 A 4 3.166 43.250 5.58
61 4 3.012 44.260 66.264 O
62 4 4.438 42.476 65.064 O
63 4 1.988 42.182 65.291 O
64 4 0.622 42.586 65.225 C
65 4 -0.268 41.421 64.821 C
66 4 0.137 40.911 63.512 O
67 4 -0.246 40.165 65.679 C
68 4 -0.970 40.266 66.899 O
69 4 -0.886 39.158 64.732 C
70 4 -2.289 39.312 64.608 O
71 4 -0.213 39.535 63.413 C
72 A 4 1.005 38.736 9.68
73 A 4 0.870 37.406 9.68
74 A 4 -0.266 36.958 9.68
75 A 4 1.974 36.644 9.68
76 A 4 3.182 37.155 9.68
77 A 4 4.240 36.343 9.68
78 A 4 3.357 38.513 9.68
79 A 4 2.249 39.262 9.68
80 A 5 -0.645 39.241 13.36
81 5 -1.262 39.827 69.317 O
82 5 0.810 38.929 68.092 O
83 5 -1.436 37.917 67.706 O
84 5 -2.861 37.915 67.633 C
85 5 -3.362 36.576 67.152 C
86 5 -2.822 36.305 65.831 O
87 5 -2.935 35.364 67.959 C
88 5 -3.765 35.181 69.088 O
89 5 -3.130 34.245 66.949 C
90 5 -4.491 33.913 66.766 O
91 5 -2.591 34.909 65.683 C
92 A 5 -1.152 34.703 16.38
93 A 5 -0.163 35.630 16.38
94 A 5 1.036 35.148 16.38
95 A 5 0.829 33.818 16.38
96 A 5 1.761 32.788 16.38
97 A 5 2.996 32.845 16.38
98 A 5 1.122 31.590 16.38
99 A 5 -0.238 31.398 16.38
100 A 5 -0.657 30.151 16.38
101 A 5 -1.120 32.348 16.38
102 A 5 -0.518 33.527 16.38
103 A 6 -3.160 34.511 19.57
104 6 -4.235 34.523 71.447 O
105 6 -1.848 35.135 70.720 O
106 6 -2.897 33.007 69.974 O
107 6 -3.965 32.192 69.508 C
108 6 -3.496 30.767 69.342 C
109 6 -2.621 30.664 68.193 O
110 6 -2.653 30.241 70.491 C
111 6 -3.487 29.786 71.548 O
112 6 -1.878 29.103 69.835 C
113 6 -2.634 27.915 69.759 O
114 6 -1.652 29.654 68.423 C
115 A 6 -0.327 30.220 7.03
116 A 6 0.003 31.549 7.03
117 A 6 1.267 31.750 7.03
118 A 6 1.805 30.477 7.03
119 A 6 3.131 30.061 7.03
120 A 6 4.131 30.763 7.03
121 A 6 3.242 28.674 7.03
122 A 6 2.207 27.796 7.03
123 A 6 2.518 26.487 7.03
124 A 6 0.965 28.173 7.03
125 A 6 0.837 29.520 7.03
126 A 7 -3.035 30.025 10.39
127 7 -4.204 29.760 73.944 O
128 7 -2.344 31.335 73.159 O
129 7 -1.948 28.894 73.321 O
130 7 -2.228 27.537 73.010 C
131 7 -0.946 26.752 72.860 C
132 7 -0.247 27.150 71.652 O
133 7 0.105 26.955 73.930 C
134 7 -0.201 26.244 75.124 O
135 7 1.342 26.391 73.242 C
136 7 1.328 24.977 73.237 O
137 7 1.135 26.885 71.807 C
138 A 7 1.896 28.085 5.10
139 A 7 1.484 29.394 5.10
140 A 7 2.425 30.234 5.10
141 A 7 3.531 29.422 5.10
142 A 7 4.852 29.695 5.10
143 A 7 5.313 30.917 5.10
144 A 7 5.703 28.650 5.10
145 A 7 5.255 27.422 5.10
146 A 7 4.042 27.036 5.10
147 A 7 3.218 28.096 5.10
148 A 8 0.416 26.746 18.29
149 8 -0.160 25.900 77.599 O
150 8 0.285 28.226 76.598 O
151 8 1.968 26.407 76.403 O
152 8 2.420 25.056 76.398 C
153 8 3.903 25.001 76.109 C
154 8 4.158 25.567 74.791 O
155 8 4.783 25.815 77.040 C
156 8 5.096 25.102 78.229 O
157 8 6.013 26.053 76.177 C
158 8 6.840 24.908 76.092 O
159 8 5.363 26.315 74.817 C
160 A 8 5.017 27.729 17.82
161 A 8 6.043 28.616 17.82
162 A 8 7.213 28.273 17.82
163 A 8 5.652 29.922 17.82
164 A 8 4.363 30.422 17.82
165 A 8 4.175 31.639 17.82
166 A 8 3.357 29.434 17.82
167 A 8 3.711 28.155 17.82
168 A 9 5.634 25.905 15.06
169 9 5.715 24.963 80.655 O
170 9 4.830 27.149 79.630 O
171 9 7.108 26.334 79.099 O
172 9 8.135 25.365 78.931 C
173 9 9.410 26.047 78.507 C
174 9 9.219 26.612 77.180 O
175 9 9.763 27.259 79.353 C
176 9 10.412 26.929 80.565 O
177 9 10.630 28.064 78.403 C
178 9 11.944 27.552 78.278 O
179 9 9.852 27.881 77.103 C
180 A 9 8.811 28.896 9.21
181 A 9 7.499 28.797 9.21
182 A 9 6.807 29.877 9.21
183 A 9 7.721 30.742 9.21
184 A 9 7.561 32.071 9.21
185 A 9 6.542 32.777 9.21
186 A 9 8.753 32.578 9.21
187 A 9 9.946 31.902 9.21
188 A 9 10.991 32.563 9.21
189 A 9 10.109 30.666 9.21
190 A 9 8.964 30.150 9.21
191 A 10 10.149 27.841 19.48
192 10 10.533 27.053 83.059 O
193 10 8.774 28.398 81.743 O
194 10 11.185 29.037 81.680 O
195 10 12.577 28.771 81.648 C
196 10 13.329 29.934 81.053 C
197 10 12.810 30.240 79.732 O
198 10 13.209 31.275 81.748 C
199 10 13.984 31.342 82.933 O
200 10 13.750 32.196 80.667 C
201 10 15.153 32.094 80.522 O
202 10 13.067 31.607 79.435 C
203 A 10 11.804 32.295 13.49
204 A 10 10.529 31.843 13.49
205 A 10 9.609 32.714 13.49
206 A 10 10.322 33.805 13.49
207 A 10 9.869 35.061 13.49
208 A 10 8.710 35.474 13.49
209 A 10 10.933 35.873 13.49
210 A 10 12.259 35.528 13.49
211 A 10 13.145 36.451 13.49
212 A 10 12.691 34.364 13.49
213 A 10 11.675 33.559 13.49
214 A 11 13.402 32.125 15.95
215 11 14.203 31.709 85.386 O
216 11 11.931 31.944 84.221 O
217 11 13.695 33.661 83.904 O
218 11 14.996 34.096 83.530 C
219 11 14.907 35.398 82.781 C
220 11 14.132 35.194 81.572 O
221 11 14.175 36.517 83.505 C
222 11 15.045 37.213 84.390 O
223 11 13.731 37.403 82.350 C
224 11 14.782 38.213 81.857 O
225 11 13.359 36.352 81.302 C
226 A 11 11.938 35.981 15.38
227 A 11 11.040 36.891 15.38
228 A 11 11.386 37.961 15.38
229 A 11 9.724 36.503 15.38
230 A 11 9.221 35.325 15.38
231 A 11 8.001 35.138 15.38
232 A 11 10.214 34.426 15.38
233 A 11 11.509 34.779 15.38
255 A 13 11.909 42.867 12.97
256 13 12.707 44.007 87.526 O
257 13 11.983 41.549 87.675 O
258 13 10.375 43.314 86.917 O
259 13 10.021 44.583 86.352 C
260 13 8.517 44.809 86.379 C
261 13 7.887 44.104 85.271 O
262 13 7.713 44.332 87.581 C
263 13 7.788 45.194 88.707 O
264 13 6.300 44.345 87.018 C
265 13 5.762 45.648 86.929 O
266 13 6.539 43.782 85.617 C
267 A 13 6.396 42.321 8.99
268 A 13 5.111 41.756 8.99
269 A 13 4.119 42.503 8.99
270 A 13 4.981 40.416 8.99
271 A 13 6.063 39.640 8.99
272 A 13 5.885 38.319 8.99
273 A 13 7.376 40.186 8.99
274 A 13 7.496 41.517 8.99
275 A 14 7.450 44.608 20.50
276 14 7.561 45.727 91.132 O
277 14 8.287 43.393 90.347 O
278 14 5.922 44.147 90.084 O
279 14 4.869 45.107 90.102 C
280 14 3.508 44.435 89.999 C
281 14 3.470 43.578 88.826 O
282 14 3.069 43.483 91.104 C
283 14 2.587 44.170 92.257 O
284 14 1.918 42.753 90.422 C
285 14 0.730 43.516 90.401 O
286 14 2.461 42.594 89.002 C
287 A 14 3.031 41.262 14.80
288 A 14 4.350 40.885 14.80
289 A 14 4.517 39.593 14.80
290 A 14 3.230 39.093 14.80
291 A 14 2.771 37.760 14.80
292 A 14 3.428 36.715 14.80
293 A 14 1.385 37.709 14.80
294 A 14 0.546 38.800 14.80
295 A 14 -0.766 38.553 14.80
296 A 14 0.963 40.041 14.80
297 A 14 2.305 40.113 14.80
298 A 15 2.639 43.452 6.93
299 15 2.117 44.423 94.694 O
300 15 3.995 42.855 93.878 O
301 15 1.571 42.265 93.609 O
302 15 0.180 42.551 93.698 C
303 15 -0.662 41.339 93.347 C
304 15 -0.221 40.771 92.085 O
305 15 -0.625 40.138 94.279 C
306 15 -1.442 40.335 95.420 O
307 15 -1.231 39.067 93.387 C
308 15 -2.635 39.193 93.263 O
309 15 -0.565 39.395 92.050 C
310 A 15 0.644 38.593 10.02
311 A 15 1.944 38.952 10.02
312 A 15 2.794 37.981 10.02
313 A 15 2.006 36.919 10.02
314 A 15 2.360 35.586 10.02
315 A 15 3.481 35.053 10.02
316 A 15 1.240 34.848 10.02
317 A 15 -0.052 35.321 10.02
318 A 15 -1.003 34.462 10.02
319 A 15 -0.391 36.548 10.02
320 A 15 0.679 37.287 10.02
321 A 16 -0.991 39.726 20.41
322 16 -1.782 40.431 97.878 O
323 16 0.495 39.742 96.897 O
324 16 -1.496 38.216 96.771 O
325 16 -2.889 37.931 96.770 C
326 16 -3.148 36.561 96.204 C
327 16 -2.466 36.442 94.929 O
328 16 -2.609 35.393 97.008 C
329 16 -3.498 35.055 98.073 O
330 16 -2.535 34.302 95.949 C
331 16 -3.789 33.706 95.666 O
332 16 -2.046 35.099 94.738 C
333 A 16 -0.581 35.074 10.84
334 A 16 -0.016 34.031 10.84
335 A 16 -0.683 33.193 10.84
336 A 16 1.359 34.014 10.84
337 A 16 2.201 34.929 10.84
338 A 16 3.417 34.752 10.84
339 A 16 1.535 35.999 10.84
340 A 16 0.199 36.033 10.84
341 A 17 -2.926 34.324 13.47
342 17 -3.955 34.462 100.461 O
343 17 -1.543 34.809 99.628 O
344 17 -2.862 32.794 98.950 O
345 17 -4.020 32.147 98.422 C
346 17 -3.699 30.724 98.052 C
347 17 -2.852 30.689 96.874 O
348 17 -2.909 29.963 99.101 C
349 17 -3.700 29.585 100.232 O
350 17 -2.271 28.861 98.268 C
351 17 -3.194 27.846 97.933 O
352 17 -1.914 29.625 96.991 C
353 A 17 -0.579 30.215 16.07
354 A 17 -0.272 31.509 16.07
355 A 17 0.992 31.794 16.07
356 A 17 1.562 30.613 16.07
357 A 17 2.905 30.324 16.07
358 A 17 3.884 31.087 16.07
359 A 17 3.057 28.998 16.07
360 A 17 2.050 28.067 16.07
361 A 17 2.420 26.833 16.07
362 A 17 0.781 28.329 16.07
363 A 17 0.612 29.616 16.07
365 18 12.147 23.882 94.853 O
366 18 11.139 24.761 94.336 C
367 18 9.749 24.214 94.570 C
368 18 9.163 24.889 95.718 O
369 18 8.737 24.478 93.464 C
370 18 8.810 23.540 92.407 O
371 18 7.421 24.335 94.210 C
372 18 7.073 22.988 94.440 O
373 18 7.763 25.030 95.524 C
374 E 18 7.446 26.458 20.17
375 E 18 6.125 26.860 20.17
376 E 18 5.268 25.996 20.17
377 E 18 5.809 28.170 20.17
378 E 18 6.759 29.060 20.17
379 E 18 6.401 30.342 20.17
380 E 18 8.119 28.676 20.17
381 E 18 8.417 27.376 20.17
382 E 19 8.352 23.974 21.28
383 19 8.184 22.705 90.165 O
384 19 9.296 25.007 90.429 O
385 19 6.910 24.654 91.116 O
386 19 5.734 23.842 91.190 C
387 19 4.450 24.670 91.285 C
388 19 4.429 25.486 92.493 O
389 19 4.075 25.703 90.232 C
390 19 3.609 25.205 88.984 O
391 19 2.900 26.379 90.923 C
392 19 1.730 25.590 90.894 O
393 19 3.425 26.491 92.352 C
394 E 19 4.017 27.817 8.87
395 E 19 5.325 28.191 8.87
396 E 19 5.529 29.479 8.87
397 E 19 4.269 29.986 8.87
398 E 19 3.813 31.288 8.87
399 E 19 4.606 32.361 8.87
400 E 19 2.498 31.451 8.87
401 E 19 1.700 30.373 8.87
402 E 19 2.008 29.103 8.87
403 E 19 3.327 28.974 8.87
404 E 20 3.229 26.254 12.36
405 20 3.040 25.499 86.553 O
406 20 4.230 27.351 87.881 O
407 20 1.827 26.869 88.267 O
408 20 0.597 26.392 87.722 C
409 20 -0.564 27.214 88.243 C
410 20 -0.263 27.658 89.594 O
411 20 -0.859 28.499 87.478 C
412 20 -1.720 28.276 86.372 O
413 20 -1.540 29.344 88.542 C
414 20 -2.895 28.991 88.764 O
415 20 -0.687 29.002 89.763 C
416 E 20 0.516 29.852 7.97
417 E 20 0.383 31.194 7.97
418 E 20 -0.740 31.636 7.97
419 E 20 1.483 31.976 7.97
420 E 20 2.679 31.473 7.97
421 E 20 3.733 32.294 7.97
422 E 20 2.846 30.113 7.97
423 E 20 1.748 29.345 7.97
424 E 21 -1.490 29.091 11.81
425 21 -2.020 28.258 83.896 O
426 21 -0.068 29.530 84.979 O
427 21 -2.381 30.402 85.166 O
428 21 -3.672 30.354 85.769 C
429 21 -4.130 31.749 86.139 C
430 21 -3.467 32.165 87.365 O
431 21 -3.788 32.851 85.148 C
432 21 -4.732 32.936 84.087 O
433 21 -3.843 34.084 86.033 C
434 21 -5.169 34.482 86.317 O
435 21 -3.183 33.557 87.308 C
436 E 21 -1.719 33.731 10.88
437 E 21 -1.183 35.012 10.88
438 E 21 -1.954 35.964 10.88
439 E 21 0.158 35.179 10.88
440 E 21 0.955 34.134 10.88
441 E 21 2.270 34.353 10.88
442 E 21 0.438 32.821 10.88
443 E 21 -0.889 32.666 10.88
444 E 22 -4.264 33.459 12.58
445 22 -5.469 33.464 81.774 O
446 22 -3.058 32.716 82.196 O
447 22 -3.856 34.983 82.862 O
448 22 -4.774 36.024 82.545 C
449 22 -4.232 37.368 82.971 C
450 22 -3.566 37.205 84.256 O
451 22 -3.139 38.005 82.125 C
452 22 -3.626 38.652 80.954 O
453 22 -2.582 39.023 83.106 C
454 22 -3.445 40.130 83.276 O
455 22 -2.559 38.194 84.386 C
456 E 22 -1.254 37.559 9.25
457 E 22 -0.913 36.231 9.25
458 E 22 0.363 36.018 9.25
459 E 22 0.891 37.283 9.25
460 E 22 2.229 37.707 9.25
461 E 22 3.256 37.027 9.25
462 E 22 2.301 39.087 9.25
463 E 22 1.234 39.950 9.25
464 E 22 1.495 41.255 9.25
465 E 22 0.001 39.571 9.25
466 E 22 -0.097 38.238 9.25
467 E 23 -2.808 38.515 11.79
468 23 -3.743 38.924 78.489 O
469 23 -2.192 37.162 79.539 O
470 23 -1.645 39.598 79.684 O
471 23 -1.960 40.982 79.685 C
472 23 -0.734 41.829 79.968 C
473 23 -0.178 41.527 81.275 O
474 23 0.480 41.663 79.072 C
475 23 0.309 42.269 77.800 O
476 23 1.533 42.401 79.884 C
477 23 1.389 43.804 79.791 O
478 23 1.180 41.947 81.300 C
479 E 23 2.033 40.833 8.09
480 E 23 1.686 39.516 8.09
481 E 23 2.703 38.760 8.09
482 E 23 3.781 39.633 8.09
483 E 23 5.156 39.398 8.09
484 E 23 5.718 38.330 8.09
485 E 23 5.898 40.573 8.09
486 E 23 5.391 41.813 8.09
487 E 23 6.262 42.829 8.09
488 E 23 4.122 42.039 8.09
489 E 23 3.380 40.916 8.09
490 E 24 1.253 41.814 14.78
491 24 0.782 42.504 75.352 O
492 24 1.361 40.325 76.601 O
493 24 2.681 42.406 76.972 O
494 24 2.916 43.811 76.987 C
495 24 4.386 44.077 77.163 C
496 24 4.782 43.569 78.461 O
497 24 5.266 43.359 76.146 C
498 24 5.491 44.209 75.018 O
499 24 6.545 43.099 76.935 C
500 24 7.424 44.202 76.940 O
501 24 5.997 42.864 78.347 C
502 E 24 5.725 41.467 9.06
503 E 24 4.512 40.824 9.06
504 E 24 4.589 39.564 9.06
505 E 24 5.944 39.361 9.06
506 E 24 6.683 38.230 9.06
507 E 24 6.140 37.038 9.06
508 E 24 8.022 38.368 9.06
509 E 24 8.571 39.556 9.06
510 E 24 7.984 40.691 9.06
511 E 24 6.656 40.523 9.06
512 E 25 5.327 43.638 18.36
513 25 5.232 44.824 72.628 O
514 25 4.260 42.606 73.479 O
515 25 6.721 42.937 73.201 O
516 25 7.847 43.718 72.811 C
517 25 9.117 43.082 73.303 C
518 25 8.859 42.576 74.636 O
519 25 9.630 41.877 72.526 C
520 25 10.463 42.365 71.464 O
521 25 10.441 41.141 73.589 C
522 25 11.720 41.714 73.742 O
523 25 9.631 41.415 74.862 C
524 E 25 8.736 40.340 9.37
525 E 25 9.314 39.290 9.37
526 E 25 10.509 39.222 9.37
527 E 25 8.446 38.320 9.37
528 E 25 7.084 38.290 9.37
529 E 25 6.430 37.366 9.37
530 E 25 6.549 39.411 9.37
531 E 25 7.378 40.375 9.37
532 E 26 11.209 41.345 15.23
533 26 12.532 41.964 70.214 O
534 26 10.326 41.020 69.303 O
535 26 11.465 40.014 71.300 O
536 26 12.744 39.774 71.877 C
537 26 12.872 38.344 72.356 C
538 26 11.967 38.086 73.463 O
539 26 12.525 37.211 71.406 C
540 26 13.537 36.955 70.440 O
541 26 12.428 36.025 72.362 C
542 26 13.694 35.462 72.645 O
543 26 11.886 36.682 73.632 C
544 E 26 10.544 36.258 11.52
545 E 26 10.292 35.275 11.52
546 E 26 9.023 35.017 11.52
547 E 26 8.387 35.888 11.52
548 E 26 7.003 36.062 11.52
549 E 26 6.045 35.441 11.52
550 E 26 6.784 37.071 11.52
551 E 26 7.770 37.811 11.52
552 E 26 7.346 38.744 11.52
553 E 26 9.071 37.650 11.52
554 E 26 9.306 36.679 11.52
555 E 27 13.178 36.089 12.11
556 27 14.141 36.475 68.071 O
557 27 11.716 36.207 68.884 O
558 27 13.494 34.580 69.560 O
559 27 14.840 34.109 69.618 C
560 27 14.912 32.746 70.283 C
561 27 14.232 32.797 71.567 O
562 27 14.229 31.575 69.596 C
563 27 14.994 31.022 68.533 O
564 27 14.127 30.579 70.741 C
565 27 15.348 29.925 71.035 O
566 27 13.750 31.503 71.894 C
567 E 27 12.301 31.550 9.01
568 E 27 11.461 32.619 9.01
569 E 27 10.200 32.315 9.01
570 E 27 10.212 30.965 9.01
571 E 27 9.142 30.074 9.01
572 E 27 7.928 30.308 9.01
573 E 27 9.605 28.792 9.01
574 E 27 10.925 28.411 9.01
575 E 27 11.177 27.132 9.01
576 E 27 11.928 29.233 9.01
577 E 27 11.499 30.482 9.01
578 E 28 14.237 30.385 10.74
579 28 15.239 30.092 66.203 O
580 28 13.084 31.264 66.947 O
581 28 13.650 29.000 67.796 O
582 28 14.510 27.920 68.169 C
583 28 13.703 26.827 68.831 C
584 28 12.953 27.415 69.928 O
585 28 12.649 26.170 67.948 C
586 28 13.223 25.064 67.257 O
587 28 11.606 25.724 68.963 C
588 28 11.981 24.530 69.628 O
589 28 11.636 26.889 69.955 C
590 E 28 10.701 27.990 12.19
591 E 28 9.335 27.757 12.19
592 E 28 8.872 26.689 12.19
593 E 28 8.531 28.833 12.19
594 E 28 8.935 30.091 12.19
595 E 28 8.084 30.958 12.19
596 E 28 10.351 30.255 12.19
597 E 28 11.166 29.225 12.19
619 E 30 7.365 24.381 12.32
620 30 7.762 23.375 60.976 O
621 30 7.915 25.766 61.923 O
622 30 5.776 24.480 62.027 O
623 30 4.989 23.390 62.494 C
624 30 3.563 23.831 62.688 C
625 30 3.456 24.589 63.923 O
626 30 3.033 24.803 61.647 C
627 30 2.613 24.152 60.462 O
628 30 1.867 25.441 62.383 C
629 30 0.719 24.617 62.411 O
630 30 2.465 25.602 63.780 C
631 E 30 3.111 26.915 10.16
632 E 30 2.334 28.006 10.16
633 E 30 1.127 27.831 10.16
634 E 30 2.913 29.222 10.16
635 E 30 4.215 29.375 10.16
636 E 30 4.740 30.598 10.16
637 E 30 5.034 28.282 10.16
638 E 30 4.445 27.079 10.16
639 E 31 2.821 24.888 16.19
640 31 2.361 23.966 57.986 O
641 31 4.218 25.404 59.033 O
642 31 1.819 26.126 59.118 O
643 31 0.416 25.904 59.205 C
644 31 -0.321 27.180 59.555 C
645 31 0.204 27.742 60.793 O
646 31 -0.207 28.365 58.614 C
647 31 -0.984 28.244 57.429 O
648 31 -0.755 29.475 59.496 C
649 31 -2.163 29.421 59.621 O
650 31 -0.112 29.124 60.836 C
651 E 31 1.099 29.918 14.61
652 E 31 2.412 29.534 14.61
653 E 31 3.255 30.514 14.61
654 E 31 2.446 31.608 14.61
655 E 31 2.783 32.970 14.61
656 E 31 3.902 33.500 14.61
657 E 31 1.644 33.740 14.61
658 E 31 0.354 33.273 14.61
659 E 31 -0.616 34.167 14.61
660 E 31 0.029 32.022 14.61
661 E 31 1.115 31.252 14.61
662 E 32 -0.704 29.245 14.43
663 32 -1.419 28.723 55.013 O
664 32 0.758 29.486 56.126 O
665 32 -1.407 30.598 56.660 O
666 32 -2.793 30.626 56.980 C
667 32 -3.173 31.983 57.512 C
668 32 -2.377 32.257 58.693 O
669 32 -2.868 33.155 56.593 C
670 32 -3.903 33.336 55.641 O
671 32 -2.791 34.311 57.578 C
672 32 -4.064 34.764 57.983 O
673 32 -2.094 33.643 58.763 C
674 E 32 -0.646 33.821 17.29
675 E 32 0.317 32.874 17.29
676 E 32 1.533 33.349 17.29
677 E 32 1.360 34.692 17.29
678 E 32 2.316 35.727 17.29
679 E 32 3.556 35.660 17.29
680 E 32 1.694 36.939 17.29
681 E 32 0.333 37.133 17.29
682 E 32 -0.082 38.370 17.29
683 E 32 -0.558 36.182 17.29
684 E 32 0.019 34.997 17.29
685 E 33 -3.529 33.731 9.76
686 33 -4.756 33.567 53.324 O
687 33 -2.299 33.010 53.741 O
688 33 -3.185 35.287 54.196 O
689 33 -4.223 36.246 54.354 C
690 33 -3.647 37.628 54.576 C
691 33 -2.868 37.652 55.809 O
692 33 -2.661 38.156 53.549 C
693 33 -3.274 38.632 52.363 O
694 33 -2.011 39.285 54.330 C
695 33 -2.872 40.402 54.461 O
696 33 -1.822 38.611 55.687 C
697 E 33 -0.528 37.916 6.18
698 E 33 0.591 38.691 6.18
699 E 33 0.537 39.891 6.18
700 E 33 1.781 38.012 6.18
701 E 33 1.968 36.664 6.18
702 E 33 3.115 36.221 6.18
703 E 33 0.759 35.917 6.18
704 E 33 -0.421 36.555 6.18
705 E 34 -2.452 38.594 6.50
706 34 -3.457 38.695 49.884 O
707 34 -1.530 37.430 51.022 O
708 34 -1.572 39.927 50.998 O
709 34 -2.160 41.192 51.311 C
710 34 -1.091 42.230 51.591 C
711 34 -0.368 41.922 52.814 O
712 34 0.002 42.362 50.548 C
713 34 -0.437 43.028 49.353 O
714 34 1.105 43.064 51.331 C
715 34 0.902 44.457 51.417 O
716 34 0.968 42.411 52.711 C
717 E 34 1.873 41.282 4.74
718 E 34 1.523 39.953 4.74
719 E 34 2.542 39.151 4.74
720 E 34 3.632 39.995 4.74
721 E 34 4.997 39.687 4.74
722 E 34 5.527 38.580 4.74
723 E 34 5.770 40.835 4.74
724 E 34 5.290 42.123 4.74
725 E 34 6.218 43.103 4.74
726 E 34 4.007 42.426 4.74
727 E 34 3.240 41.317 4.74
