404 1032
0 2
0 3
0 4
0 15
1 3
1 4
2 5
2 6
2 7
3 4
3 6
3 8
3 15
4 7
4 16
4 18
5 6
5 7
5 17
5 18
5 19
6 8
6 15
6 16
6 18
6 19
7 9
7 10
7 15
8 10
8 11
8 12
8 14
9 12
9 14
9 15
10 11
10 401
11 13
11 14
11 15
11 399
12 15
13 14
13 376
13 398
16 20
17 18
17 19
17 20
18 19
19 21
19 22
19 23
20 22
20 23
21 24
21 25
21 26
22 23
22 24
22 25
22 27
22 34
23 26
23 35
23 37
24 25
24 26
24 36
24 37
24 38
25 27
25 34
25 35
25 37
25 38
26 28
26 29
26 34
27 29
27 30
27 31
27 33
28 31
28 33
28 34
29 30
29 379
30 32
30 33
30 34
30 377
30 379
31 34
32 33
32 376
35 39
36 37
36 38
36 39
37 38
38 40
38 41
38 42
39 41
39 42
40 43
40 44
40 45
41 42
41 43
41 44
41 46
41 55
42 45
42 56
42 58
43 44
43 45
43 57
43 58
43 59
43 60
44 46
44 47
45 47
45 54
45 55
46 48
46 49
46 54
47 49
47 55
48 50
48 51
48 55
49 51
49 52
49 53
49 54
50 53
50 54
50 55
50 72
51 52
51 337
51 356
52 54
52 55
52 354
53 55
53 379
54 379
56 60
57 58
57 59
57 60
58 59
59 61
59 62
59 63
59 65
60 62
60 63
61 64
61 65
61 66
62 63
62 65
62 67
63 66
63 78
63 80
64 65
64 66
64 79
64 80
64 81
64 82
65 67
65 68
65 80
66 68
66 76
66 77
67 69
67 70
67 76
68 70
68 77
69 71
69 72
69 77
70 72
70 73
70 74
70 76
71 74
71 76
71 77
72 73
72 337
73 75
73 76
73 77
73 335
74 77
75 76
75 334
78 82
79 80
79 81
79 82
80 81
81 83
81 84
81 85
82 84
82 85
83 86
83 87
83 88
84 85
84 87
84 89
84 97
85 88
85 98
85 100
86 87
86 88
86 99
86 100
86 101
86 102
87 89
87 97
87 100
88 90
88 91
88 97
89 91
89 92
89 93
89 95
90 93
90 95
90 97
91 92
92 94
92 95
92 97
93 96
93 97
94 95
94 96
94 316
96 97
98 102
99 100
99 101
99 102
100 101
101 103
101 104
101 105
102 104
102 105
103 106
103 107
103 108
104 105
104 107
104 109
104 110
105 108
105 119
105 121
106 107
106 108
106 120
106 121
106 122
106 123
107 109
107 110
108 110
108 117
108 118
109 111
109 112
109 117
110 112
110 118
111 113
111 114
111 118
112 114
112 115
112 116
112 117
113 116
113 117
113 118
113 275
114 115
114 273
114 274
114 275
115 117
115 118
115 275
116 118
119 123
120 121
120 122
120 123
121 122
122 124
122 125
122 126
123 125
123 126
124 127
124 128
124 129
125 126
125 128
125 130
125 137
126 129
126 138
126 140
127 128
127 129
127 139
127 140
127 141
127 142
128 130
128 137
129 131
129 132
129 137
130 132
130 133
130 134
130 136
131 134
131 136
131 137
132 133
132 277
133 135
133 136
133 137
133 275
134 137
135 136
135 274
138 142
139 140
139 141
139 142
140 141
141 143
141 144
141 145
142 144
142 145
143 146
143 147
143 148
144 145
144 147
144 149
144 150
144 157
145 148
145 158
145 159
145 160
146 147
146 148
146 159
146 160
146 161
146 162
146 170
147 149
147 157
147 171
148 150
148 151
148 157
149 151
149 152
149 153
149 155
150 153
150 155
150 157
151 152
152 154
152 155
152 157
152 254
153 156
153 157
153 234
154 155
154 156
154 233
154 234
154 253
156 157
158 162
159 160
159 161
159 162
160 161
160 170
161 163
161 164
161 165
161 167
162 164
162 165
163 166
163 167
163 168
164 165
164 166
164 167
164 169
164 170
165 168
165 180
165 182
166 167
166 168
166 181
166 182
166 183
166 184
167 169
167 170
167 182
167 184
168 170
168 178
168 179
169 171
169 172
169 178
170 172
170 179
171 173
171 174
171 179
172 174
172 175
172 176
172 178
173 176
173 178
173 179
173 197
174 175
174 215
175 177
175 178
175 179
175 232
176 179
177 178
177 231
180 184
181 182
181 183
182 183
183 185
183 187
184 186
184 187
184 189
184 190
185 188
185 189
185 190
186 187
186 188
186 189
186 191
186 201
187 190
188 189
188 190
189 191
189 192
190 192
190 200
190 201
191 193
191 194
191 200
192 194
192 201
193 195
193 196
193 201
194 196
194 197
194 198
194 200
195 198
195 200
195 201
196 197
196 215
197 199
197 200
197 201
197 213
198 201
199 200
199 211
199 212
199 213
202 204
203 205
203 206
204 207
204 208
204 209
205 206
205 208
205 210
205 217
206 209
206 218
206 220
207 208
207 209
207 219
207 220
207 221
208 210
208 217
209 211
209 212
209 217
210 212
210 213
210 214
210 216
211 214
211 216
211 217
212 213
213 215
213 216
213 217
214 217
214 234
215 216
218 222
219 220
219 221
219 222
220 221
221 223
221 224
221 225
221 227
222 224
222 225
223 226
223 227
223 228
224 225
224 226
224 227
224 229
224 230
224 231
225 228
225 237
225 238
225 239
226 227
226 228
226 238
226 239
226 240
226 241
227 229
227 236
228 230
228 231
228 236
229 231
229 232
229 233
229 235
230 233
230 235
230 236
231 232
232 234
232 235
232 236
233 236
234 235
237 241
238 239
238 240
238 241
239 240
239 249
240 242
240 243
240 244
240 246
240 247
241 243
241 244
241 246
242 245
242 246
242 247
243 244
243 245
243 246
243 248
244 247
244 258
244 260
245 246
245 247
245 259
245 260
245 261
245 262
246 248
246 249
246 260
247 249
247 256
247 257
248 250
248 251
248 256
249 251
249 257
250 252
250 253
250 257
251 253
251 254
251 255
251 256
252 255
252 256
252 257
253 254
254 256
254 257
255 257
258 262
259 260
259 261
259 262
260 261
261 263
261 264
261 265
261 267
262 264
262 265
263 266
263 267
263 268
264 265
264 266
264 267
264 269
264 270
265 268
265 280
265 282
266 267
266 268
266 281
266 282
266 283
266 284
267 269
267 270
268 270
268 278
268 279
269 271
269 272
269 278
270 272
270 279
271 273
271 274
271 279
272 274
272 275
272 276
272 278
273 276
273 278
273 279
274 275
275 277
275 278
275 279
276 279
277 278
280 284
281 282
281 283
281 284
282 283
282 298
283 285
283 286
283 287
283 289
283 290
283 299
284 286
284 287
284 289
285 288
285 289
285 290
286 287
286 288
286 289
286 291
286 299
287 290
287 300
287 302
288 289
288 290
288 301
288 302
288 303
288 304
289 291
289 299
289 300
289 302
290 292
290 293
290 299
291 293
291 294
291 295
291 297
292 295
292 297
292 299
293 294
294 296
294 297
294 299
294 315
295 298
295 299
295 316
296 297
296 298
296 316
298 299
300 304
301 302
301 303
301 304
302 303
303 305
303 306
303 307
303 309
304 306
304 307
305 308
305 309
305 310
306 307
306 309
306 311
306 312
307 310
307 321
307 323
308 309
308 310
308 322
308 323
308 324
308 325
309 311
309 312
309 321
309 323
310 312
310 319
310 320
311 313
311 314
311 319
312 314
312 320
313 315
313 316
313 320
314 316
314 317
314 318
314 319
315 318
315 319
315 320
316 317
317 319
317 320
318 320
321 325
322 323
322 324
323 324
324 326
324 328
325 327
325 328
326 329
326 330
326 331
327 328
327 330
327 332
327 339
328 331
328 340
328 342
329 330
329 341
329 342
329 343
329 344
330 332
330 339
331 333
331 334
331 339
332 334
332 335
332 336
332 338
333 336
333 338
333 339
334 335
335 337
335 338
335 339
336 339
337 338
338 356
340 344
341 342
341 343
341 344
342 343
343 345
343 346
343 347
343 349
344 346
344 347
345 348
345 349
345 350
346 347
346 348
346 349
346 351
346 352
347 350
347 360
347 361
347 362
348 349
348 350
348 361
348 362
348 363
348 364
349 351
349 359
350 352
350 353
350 359
351 353
351 354
351 355
351 357
352 355
352 357
352 359
353 354
354 356
354 357
354 359
355 358
355 359
356 357
356 358
358 359
360 364
361 362
361 363
361 364
362 363
363 365
363 366
363 367
363 369
364 366
364 367
364 369
365 368
365 369
365 370
366 367
366 368
366 369
366 371
366 381
367 370
367 382
367 384
368 369
368 370
368 383
368 384
368 385
368 386
369 371
369 372
369 382
369 384
370 372
370 380
370 381
371 373
371 374
371 380
372 374
372 381
373 375
373 376
373 381
374 376
374 377
374 378
374 380
375 378
375 380
375 381
376 377
377 379
377 380
377 381
378 381
379 380
382 386
383 384
383 385
383 386
384 385
385 387
385 388
385 389
385 391
385 394
386 388
386 389
387 390
387 391
387 392
388 389
388 390
388 391
388 393
389 392
390 391
390 392
391 393
391 394
392 394
392 402
392 403
393 395
393 396
393 402
394 396
394 403
395 397
395 398
395 403
396 398
396 399
396 400
396 402
397 400
397 402
397 403
398 399
399 401
399 402
399 403
400 403
401 402
1 1 0.279000 7.446000 2.419000 O
2 1 0.271000 8.810000 1.998000 C
3 1 1.073000 9.730000 2.895000 C
4 1 0.606000 9.607000 4.257000 O
5 1 2.574000 9.463000 2.922000 C
6 1 3.334000 10.668000 2.903000 O
7 1 2.808000 8.770000 4.247000 C
8 1 1.643000 9.193000 5.122000 C
9 1 1.162000 8.024000 5.833000 N
10 1 0.879000 8.099000 7.189000 C
11 1 0.981000 9.191000 7.768000 O
12 1 0.510000 6.972000 7.830000 N
13 1 0.415000 5.821000 7.158000 C
14 1 0.074000 4.730000 7.832000 N
15 1 0.669000 5.743000 5.771000 C
16 1 1.018000 6.851000 5.155000 C
17 2 4.904000 10.588000 3.218000 P
18 2 5.597000 11.822000 2.823000 O
19 2 5.317000 9.286000 2.640000 O
20 2 4.971000 10.521000 4.807000 O
21 2 4.910000 11.723000 5.570000 C
22 2 5.565000 11.534000 6.920000 C
23 2 4.936000 10.470000 7.664000 O
24 2 7.071000 11.277000 6.969000 C
25 2 7.581000 12.177000 7.982000 O
26 2 7.165000 9.792000 7.303000 C
27 2 5.900000 9.535000 8.120000 C
28 2 5.286000 8.205000 7.970000 N
29 2 4.964000 7.456000 9.106000 C
30 2 5.238000 7.907000 10.233000 O
31 2 4.338000 6.264000 8.949000 N
32 2 4.024000 5.828000 7.726000 C
33 2 3.369000 4.662000 7.608000 N
34 2 4.357000 6.566000 6.566000 C
35 2 4.995000 7.729000 6.731000 C
36 3 8.911000 11.827000 8.824000 P
37 3 9.348000 13.053000 9.535000 O
38 3 9.880000 11.085000 8.001000 O
39 3 8.403000 10.837000 9.955000 O
40 3 8.248000 11.274000 11.303000 C
41 3 8.604000 10.159000 12.261000 C
42 3 8.026000 8.890000 11.862000 O
43 3 10.084000 9.862000 12.456000 C
44 3 10.181000 9.427000 13.793000 O
45 3 10.334000 8.679000 11.534000 C
46 3 9.048000 7.909000 11.700000 C
47 3 8.672000 7.065000 10.570000 N
48 3 8.960000 7.189000 9.224000 C
49 3 8.420000 6.244000 8.485000 N
50 3 7.737000 5.447000 9.401000 C
51 3 6.978000 4.266000 9.267000 C
52 3 6.679000 3.702000 8.105000 N
53 3 6.509000 3.686000 10.390000 N
54 3 6.741000 4.285000 11.566000 C
55 3 7.405000 5.414000 11.820000 N
56 3 7.896000 5.939000 10.685000 C
57 4 11.596000 9.403000 14.516000 P
58 4 11.414000 10.331000 15.661000 O
59 4 12.703000 9.617000 13.529000 O
60 4 11.686000 7.930000 15.101000 O
61 4 10.753000 7.508000 16.059000 C
62 4 11.063000 6.094000 16.476999 C
63 4 10.600000 5.179000 15.453000 O
64 4 12.549000 5.837000 16.666000 C
65 4 12.734000 5.039000 17.850000 O
66 4 12.933000 5.138000 15.372000 C
67 4 11.663000 4.385000 14.946000 C
68 4 11.424000 4.204000 13.493000 N
69 4 11.762000 5.073000 12.462000 C
70 4 11.315000 4.688000 11.293000 N
71 4 10.650000 3.490000 11.562000 C
72 4 9.931000 2.621000 10.712000 C
73 4 9.641000 2.771000 9.522000 O
74 4 9.485000 1.484000 11.385000 N
75 4 9.672000 1.226000 12.701000 C
76 4 9.226000 0.056000 13.147000 N
77 4 10.258000 2.052000 13.521000 N
78 4 10.740000 3.149000 12.900000 C
79 5 14.212000 4.627000 18.326000 P
80 5 14.332000 5.078000 19.730000 O
81 5 15.240000 5.035000 17.332001 O
82 5 14.114000 3.042000 18.337000 O
83 5 12.976000 2.416000 18.923000 C
84 5 12.915000 0.973000 18.493999 C
85 5 12.556000 0.895000 17.084999 O
86 5 14.273000 0.289000 18.634001 C
87 5 14.097000 -0.947000 19.327999 O
88 5 14.747000 0.105000 17.195999 C
89 5 13.445000 0.035000 16.396000 C
90 5 13.532000 0.505000 14.980000 N
91 5 12.871000 -0.203000 13.972000 C
92 5 12.218000 -1.228000 14.160000 O
93 5 13.016000 0.343000 12.710000 N
94 5 13.733000 1.466000 12.353000 C
95 5 13.807000 1.800000 11.170000 O
96 5 14.369000 2.157000 13.441000 C
97 5 15.105000 3.431000 13.143000 C
98 5 14.263000 1.643000 14.681000 C
99 6 15.368000 -1.892000 19.642000 P
100 6 15.130000 -2.291000 21.047001 O
101 6 16.658001 -1.269000 19.267000 O
102 6 15.097000 -3.146000 18.724001 O
103 6 13.792000 -3.726000 18.621000 C
104 6 13.664000 -4.635000 17.421000 C
105 6 13.773000 -3.854000 16.209999 O
106 6 14.806000 -5.662000 17.360001 C
107 6 14.268000 -6.935000 17.061001 O
108 6 15.696000 -5.164000 16.226000 C
109 6 14.708000 -4.422000 15.330000 C
110 6 15.288000 -3.364000 14.495000 N
111 6 16.105000 -2.331000 14.892000 C
112 6 16.417999 -1.502000 13.915000 N
113 6 15.779000 -2.062000 12.800000 C
114 6 15.697000 -1.641000 11.459000 C
115 6 16.223000 -0.508000 10.980000 N
116 6 15.021000 -2.423000 10.606000 N
117 6 14.412000 -3.510000 11.086000 C
118 6 14.359000 -3.974000 12.319000 N
119 6 15.088000 -3.197000 13.139000 C
120 7 15.074000 -8.242000 17.510000 P
121 7 14.093000 -9.087000 18.209000 O
122 7 16.381001 -7.912000 18.200001 O
123 7 15.375000 -8.893000 16.099001 O
124 7 14.370000 -8.834000 15.094000 C
125 7 14.985000 -8.938000 13.716000 C
126 7 15.399000 -7.651000 13.228000 O
127 7 16.171000 -9.879000 13.523000 C
128 7 15.894000 -10.741000 12.389000 O
129 7 17.320999 -8.922000 13.229000 C
130 7 16.613001 -7.783000 12.543000 C
131 7 17.304001 -6.489000 12.643000 N
132 7 17.382999 -5.668000 11.502000 C
133 7 16.782000 -6.002000 10.471000 O
134 7 18.059999 -4.515000 11.575000 N
135 7 18.556000 -4.103000 12.740000 C
136 7 19.129999 -2.940000 12.762000 N
137 7 18.458000 -4.878000 13.925000 C
138 7 17.848000 -6.075000 13.830000 C
139 8 16.896000 -11.920000 12.016000 P
140 8 15.986000 -12.915000 11.397000 O
141 8 17.746000 -12.294000 13.175000 O
142 8 17.858999 -11.253000 10.931000 O
143 8 17.334000 -10.758000 9.697000 C
144 8 18.445999 -10.167000 8.860000 C
145 8 18.860001 -8.868000 9.355000 O
146 8 19.716999 -11.011000 8.798000 C
147 8 20.162001 -11.102000 7.442000 O
148 8 20.718000 -10.200000 9.598000 C
149 8 20.257000 -8.809000 9.283000 C
150 8 20.707001 -7.773000 10.178000 N
151 8 20.964001 -6.552000 9.615000 C
152 8 20.843000 -6.350000 8.436000 O
153 8 21.375999 -5.581000 10.483000 N
154 8 21.552000 -5.716000 11.839000 C
155 8 21.898001 -4.754000 12.506000 O
156 8 21.285000 -7.039000 12.366000 C
157 8 21.481001 -7.284000 13.825000 C
158 8 20.870001 -7.992000 11.520000 C
159 9 20.385000 -12.525000 6.764000 P
160 9 19.033001 -13.124000 6.695000 O
161 9 21.459999 -13.193000 7.521000 O
162 9 20.917000 -12.142000 5.317000 O
163 9 20.180000 -11.241000 4.499000 C
164 9 21.120001 -10.337000 3.740000 C
165 9 21.726999 -9.354000 4.599000 O
166 9 22.275000 -11.040000 3.049000 C
167 9 22.556999 -10.379000 1.824000 O
168 9 23.427000 -10.885000 4.026000 C
169 9 23.124001 -9.567000 4.713000 C
170 9 23.405001 -9.584000 6.136000 N
171 9 23.268999 -10.650000 6.986000 C
172 9 23.518000 -10.345000 8.232000 N
173 9 23.853001 -9.002000 8.195000 C
174 9 24.205999 -8.108000 9.252000 C
175 9 24.254000 -8.323000 10.466000 O
176 9 24.504000 -6.846000 8.768000 N
177 9 24.447001 -6.472000 7.447000 C
178 9 24.809999 -5.216000 7.193000 N
179 9 24.077000 -7.279000 6.452000 N
180 9 23.806999 -8.524000 6.899000 C
181 10 23.608999 -11.031000 0.832000 P
182 10 23.049999 -11.048000 -0.524000 O
183 10 23.979000 -12.304000 1.499000 O
184 10 24.816999 -10.006000 0.879000 O
185 10 25.122999 -9.360000 2.095000 C
186 10 26.466000 -8.685000 2.018000 C
187 10 26.791000 -8.358000 3.390000 O
188 10 27.582001 -9.615000 1.558000 C
189 10 28.688000 -8.832000 1.060000 O
190 10 27.920000 -10.356000 2.837000 C
191 10 27.764999 -9.264000 3.888000 C
192 10 27.344000 -9.761000 5.194000 N
193 10 26.893000 -11.026000 5.467000 C
194 10 26.712999 -11.252000 6.746000 N
195 10 27.037001 -10.051000 7.367000 C
196 10 27.049000 -9.711000 8.749000 C
197 10 26.837000 -10.446000 9.713000 O
198 10 27.372999 -8.364000 8.945000 N
199 10 27.691000 -7.476000 7.942000 C
200 10 27.941999 -6.211000 8.322000 N
201 10 27.742001 -7.801000 6.657000 N
202 10 27.391001 -9.100000 6.437000 C
204 11 32.451000 -2.852000 16.146999 O
205 11 31.320000 -3.504000 15.623000 C
206 11 31.228001 -3.200000 14.153000 C
207 11 30.823000 -4.379000 13.415000 O
208 11 30.212000 -2.104000 13.830000 C
209 11 30.791000 -1.176000 12.898000 O
210 11 29.041000 -2.858000 13.227000 C
211 11 29.712999 -4.062000 12.587000 C
212 11 28.857000 -5.249000 12.504000 N
213 11 28.438999 -5.698000 11.234000 C
214 11 28.766001 -5.035000 10.234000 O
215 11 27.677999 -6.832000 11.152000 N
216 11 27.299999 -7.465000 12.280000 C
217 11 26.524000 -8.554000 12.179000 N
218 11 27.693001 -7.004000 13.573000 C
219 11 28.468000 -5.911000 13.639000 C
220 12 30.138000 0.280000 12.699000 P
221 12 31.197001 1.016000 11.948000 O
222 12 29.608000 0.818000 13.984000 O
223 12 28.979000 -0.042000 11.690000 O
224 12 29.259001 -0.011000 10.296000 C
225 12 27.980000 -0.073000 9.523000 C
226 12 27.400999 -1.349000 9.767000 O
227 12 26.945999 0.959000 9.999000 C
228 12 26.162001 1.305000 8.882000 O
229 12 26.114000 0.136000 10.972000 C
230 12 26.073000 -1.157000 10.197000 C
231 12 25.648001 -2.398000 10.903000 N
232 12 25.238001 -3.504000 10.126000 C
233 12 25.201000 -3.394000 8.858000 O
234 12 24.882000 -4.645000 10.761000 N
235 12 24.913000 -4.709000 12.107000 C
236 12 24.566999 -5.884000 12.691000 N
237 12 25.288000 -3.580000 12.907000 C
238 12 25.648001 -2.455000 12.265000 C
239 13 25.729000 2.821000 8.596000 P
240 13 26.971001 3.605000 8.389000 O
241 13 24.719999 3.212000 9.613000 O
242 13 24.987000 2.794000 7.190000 O
243 13 25.698000 2.465000 6.010000 C
244 13 24.820999 1.627000 5.125000 C
245 13 24.322001 0.494000 5.882000 O
246 13 23.570000 2.402000 4.745000 C
247 13 23.035000 1.785000 3.600000 O
248 13 22.636999 2.144000 5.910000 C
249 13 22.933001 0.685000 6.181000 C
250 13 22.709999 0.260000 7.561000 N
251 13 22.827000 0.976000 8.730000 C
252 13 22.615999 0.259000 9.814000 N
253 13 22.334000 -1.010000 9.323000 C
254 13 22.054001 -2.252000 9.956000 C
255 13 22.065001 -2.446000 11.290000 N
256 13 21.789000 -3.311000 9.154000 N
257 13 21.839001 -3.143000 7.825000 C
258 13 22.122999 -2.049000 7.120000 N
259 13 22.361000 -1.010000 7.934000 C
260 14 21.917999 2.540000 2.775000 P
261 14 22.420000 2.499000 1.384000 O
262 14 21.680000 3.839000 3.439000 O
263 14 20.659000 1.591000 2.958000 O
264 14 20.773001 0.212000 2.648000 C
265 14 19.509001 -0.517000 3.024000 C
266 14 19.510000 -0.862000 4.419000 O
267 14 18.238001 0.296000 2.822000 C
268 14 17.170000 -0.578000 2.465000 O
269 14 17.938999 0.790000 4.217000 C
270 14 18.240000 -0.483000 4.944000 C
271 14 18.396999 -0.305000 6.376000 N
272 14 18.896999 0.801000 6.999000 C
273 14 19.042000 0.630000 8.278000 N
274 14 18.597000 -0.662000 8.508000 C
275 14 18.563000 -1.401000 9.679000 C
276 14 18.972000 -1.079000 10.790000 O
277 14 18.004000 -2.656000 9.489000 N
278 14 17.549000 -3.143000 8.301000 C
279 14 17.014000 -4.403000 8.312000 N
280 14 17.604000 -2.461000 7.183000 N
281 14 18.143999 -1.233000 7.362000 C
282 15 15.905000 0.015000 1.671000 P
283 15 16.023001 -0.033000 0.203000 O
284 15 15.398000 1.282000 2.314000 O
285 15 14.807000 -1.034000 1.906000 O
286 15 14.770000 -2.177000 1.103000 C
287 15 14.109000 -3.259000 1.891000 C
288 15 14.481000 -3.066000 3.259000 O
289 15 12.602000 -3.073000 1.876000 C
290 15 12.026000 -4.250000 2.358000 O
291 15 12.375000 -2.083000 2.993000 C
292 15 13.258000 -2.820000 3.989000 C
293 15 13.525000 -2.238000 5.224000 N
294 15 13.472000 -2.614000 6.569000 C
295 15 13.120000 -3.685000 7.017000 O
296 15 13.865000 -1.579000 7.415000 N
297 15 14.277000 -0.303000 7.063000 C
298 15 14.599000 0.514000 7.924000 O
299 15 14.282000 -0.027000 5.639000 C
300 15 14.653000 1.316000 5.129000 C
301 15 13.921000 -0.997000 4.824000 C
302 16 10.470000 -4.457000 2.164000 P
303 16 10.204000 -5.622000 1.323000 O
304 16 9.872000 -3.121000 1.819000 O
305 16 10.028000 -4.876000 3.605000 O
306 16 10.336000 -6.168000 4.063000 C
307 16 9.760000 -6.324000 5.442000 C
308 16 10.316000 -5.242000 6.230000 O
309 16 8.243000 -6.120000 5.450000 C
310 16 7.687000 -7.132000 6.261000 O
311 16 8.046000 -4.732000 6.065000 C
312 16 9.289000 -4.568000 6.937000 C
313 16 9.768000 -3.201000 7.189000 N
314 16 9.876000 -2.213000 6.263000 C
315 16 10.448000 -1.115000 6.721000 N
316 16 10.720000 -1.413000 8.042000 C
317 16 11.370000 -0.673000 9.070000 C
318 16 11.946000 0.533000 8.908000 N
319 16 11.423000 -1.243000 10.299000 N
320 16 10.923000 -2.461000 10.452000 C
321 16 10.337000 -3.262000 9.562000 N
322 16 10.269000 -2.669000 8.355000 C
323 17 6.121000 -7.142000 6.500000 P
324 17 5.719000 -8.555000 6.595000 O
325 17 5.508000 -6.228000 5.462000 O
326 17 5.923000 -6.620000 7.984000 O
327 17 7.015000 -6.564000 8.883000 C
328 17 6.666000 -5.723000 10.089000 C
329 17 7.280000 -4.431000 9.955000 O
330 17 5.176000 -5.495000 10.275000 C
331 17 4.771000 -6.040000 11.530000 O
332 17 4.987000 -3.986000 10.126000 C
333 17 6.373000 -3.379000 10.282000 C
334 17 6.755000 -2.123000 9.502000 N
335 17 7.533000 -1.128000 10.157000 C
336 17 7.822000 -1.276000 11.375000 O
337 17 7.968000 -0.033000 9.451000 N
338 17 7.677000 0.089000 8.167000 C
339 17 8.185000 1.158000 7.496000 N
340 17 6.868000 -0.871000 7.502000 C
341 17 6.421000 -1.945000 8.210000 C
342 18 3.215000 -6.031000 11.944000 P
343 18 2.876000 -7.055000 12.936000 O
344 18 2.480000 -6.036000 10.662000 O
345 18 3.026000 -4.607000 12.655000 O
346 18 3.981000 -4.169000 13.651000 C
347 18 3.768000 -2.729000 14.020000 C
348 18 4.457000 -1.799000 13.119000 O
349 18 2.319000 -2.334000 14.017000 C
350 18 2.135000 -1.450000 15.085000 O
351 18 2.216000 -1.525000 12.735000 C
352 18 3.547000 -0.805000 12.743000 C
353 18 3.971000 -0.250000 11.437000 N
354 18 4.883000 0.773000 11.403000 C
355 18 5.481000 1.158000 12.379000 O
356 18 5.119000 1.314000 10.187000 N
357 18 4.552000 0.916000 8.975000 C
358 18 4.831000 1.542000 7.932000 O
359 18 3.678000 -0.207000 9.068000 C
360 18 3.082000 -0.765000 7.812000 C
361 18 3.413000 -0.733000 10.261000 C
362 19 0.828000 -1.589000 15.952000 P
363 19 1.099000 -2.726000 16.841000 O
364 19 -0.375000 -1.613000 15.073000 O
365 19 0.943000 -0.237000 16.746000 O
366 19 2.176000 0.108000 17.339001 C
367 19 2.348000 1.599000 17.290001 C
368 19 2.615000 1.998000 15.924000 O
369 19 1.071000 2.332000 17.681999 C
370 19 1.468000 3.585000 18.219999 O
371 19 0.382000 2.511000 16.344999 C
372 19 1.568000 2.853000 15.486000 C
373 19 1.362000 2.608000 14.071000 N
374 19 0.500000 1.702000 13.495000 C
375 19 0.603000 1.656000 12.193000 N
376 19 1.575000 2.609000 11.890000 C
377 19 2.092000 3.041000 10.631000 C
378 19 1.807000 2.633000 9.490000 O
379 19 3.024000 4.071000 10.790000 N
380 19 3.391000 4.635000 11.995000 C
381 19 4.253000 5.649000 11.930000 N
382 19 2.928000 4.240000 13.172000 N
383 19 2.030000 3.226000 13.042000 C
384 20 0.376000 4.649000 18.684999 P
385 20 0.598000 4.744000 20.138000 O
386 20 -1.005000 4.424000 18.120001 O
387 20 0.896000 5.981000 18.025000 O
388 20 2.170000 6.515000 18.344999 C
389 20 2.342000 7.856000 17.660999 C
390 20 2.373000 7.669000 16.211000 O
391 20 1.216000 8.854000 17.931000 C
392 20 1.714000 10.177000 17.976999 O
393 20 0.263000 8.630000 16.761000 C
394 20 1.162000 8.142000 15.614000 C
395 20 0.613000 7.089000 14.735000 N
396 20 -0.171000 6.007000 15.072000 C
397 20 -0.557000 5.318000 14.033000 N
398 20 0.016000 5.970000 12.956000 C
399 20 -0.116000 5.758000 11.515000 C
400 20 -0.763000 4.889000 10.888000 O
401 20 0.585000 6.713000 10.798000 N
402 20 1.309000 7.728000 11.340000 C
403 20 1.903000 8.495000 10.490000 N
404 20 1.437000 7.950000 12.633000 N
405 20 0.761000 7.044000 13.377000 C
