444 1092
0 2
1 3
1 4
1 6
2 5
2 6
2 7
3 4
3 5
3 6
3 8
3 9
3 10
3 15
4 7
4 16
4 18
5 6
5 7
5 17
5 18
5 19
5 20
6 8
6 15
7 9
7 10
7 15
8 10
8 11
8 12
8 14
9 12
9 14
9 15
10 11
10 441
11 13
11 14
11 15
11 439
12 15
13 14
13 438
16 20
17 18
17 19
18 19
19 21
19 22
19 23
20 22
20 23
21 24
21 25
21 26
22 23
22 24
22 25
22 27
22 28
23 26
23 38
23 39
23 40
24 25
24 26
24 39
24 40
24 41
24 42
25 27
25 28
26 28
26 36
26 37
27 29
27 30
27 36
28 30
28 37
29 31
29 32
29 37
30 32
30 33
30 34
30 36
31 34
31 36
31 37
32 33
32 419
33 35
33 36
33 37
33 417
34 37
34 441
35 36
35 416
38 42
39 40
39 41
40 41
41 43
41 44
41 45
42 44
42 45
43 46
43 47
43 48
44 45
44 47
44 49
44 56
45 48
45 57
45 59
46 47
46 58
46 59
46 60
46 61
47 49
47 56
48 50
48 51
48 56
49 51
49 52
49 53
49 55
50 53
50 55
50 56
51 52
51 400
52 54
52 55
52 56
52 398
53 56
53 73
54 55
54 73
54 397
57 61
58 59
58 60
58 61
59 60
60 62
60 63
60 64
60 66
61 63
61 64
61 66
62 65
62 66
62 67
63 64
63 65
63 66
63 68
64 67
65 66
65 67
66 68
66 69
67 69
67 77
67 78
68 70
68 71
68 77
69 71
69 78
70 72
70 73
70 78
71 73
71 74
71 75
71 77
72 75
72 77
72 78
73 74
73 378
74 76
74 77
74 78
74 376
75 78
76 77
76 375
79 83
80 81
80 82
80 83
81 82
82 84
82 85
82 86
83 85
83 86
84 87
84 88
84 89
85 86
85 88
85 90
85 91
86 89
86 100
86 102
87 88
87 89
87 101
87 102
87 103
87 104
88 90
88 100
88 102
88 103
89 91
89 98
89 99
90 92
90 93
90 98
91 93
91 99
92 94
92 95
92 99
93 95
93 96
93 97
93 98
94 97
94 98
94 99
95 96
95 317
95 338
96 98
96 99
96 336
97 99
100 104
101 102
101 103
101 104
102 103
103 105
103 106
103 107
104 106
104 107
105 108
105 109
105 110
106 107
106 109
106 111
106 119
107 110
107 120
107 122
108 109
108 121
108 122
108 123
108 124
109 111
109 119
109 120
109 122
109 123
110 112
110 113
110 119
111 113
111 114
111 115
111 117
112 115
112 117
112 119
113 114
113 126
114 116
114 117
114 119
114 318
115 118
115 119
116 117
116 118
116 317
118 119
120 124
121 122
121 123
121 124
122 123
123 125
123 126
123 127
124 126
124 127
125 128
125 129
125 130
126 127
126 129
126 131
126 139
127 130
127 140
127 142
128 129
128 130
128 141
128 142
128 143
128 144
129 131
129 139
129 142
130 132
130 133
130 139
131 133
131 134
131 135
131 137
132 135
132 137
132 139
133 134
133 319
134 136
134 137
134 139
135 138
135 139
136 137
136 138
138 139
140 144
141 142
141 143
142 143
143 145
143 147
144 146
144 147
144 149
145 148
145 149
145 150
146 147
146 148
146 149
146 151
146 158
147 150
147 159
147 161
148 149
148 150
148 160
148 161
148 162
148 163
149 151
149 158
150 152
150 153
150 158
151 153
151 154
151 155
151 157
152 155
152 157
152 158
153 154
153 298
154 156
154 157
154 158
154 296
155 158
156 157
156 295
159 163
160 161
160 162
160 163
161 162
162 164
162 165
162 166
162 168
163 165
163 166
164 167
164 168
164 169
165 166
165 167
165 168
165 170
165 180
166 169
166 181
166 182
167 168
167 169
167 182
167 183
167 184
167 185
167 199
168 170
168 171
169 171
169 179
169 180
170 172
170 173
170 179
171 173
171 180
172 174
172 175
172 180
173 175
173 176
173 177
173 179
174 177
174 179
174 180
175 176
175 276
176 178
176 179
176 180
176 274
177 180
178 179
178 273
181 185
182 183
182 184
182 185
183 184
184 186
184 187
184 188
184 190
185 187
185 188
186 189
186 190
186 191
187 188
187 189
187 190
187 192
187 199
188 191
188 200
188 202
189 190
189 191
189 201
189 202
189 203
190 192
190 199
191 193
191 194
191 199
192 194
192 195
192 196
192 198
193 196
193 198
193 199
194 195
194 257
195 197
195 198
195 199
195 255
196 199
197 198
197 235
197 254
200 204
201 202
201 203
201 204
202 203
203 205
203 206
203 207
204 206
204 207
205 208
205 209
205 210
206 207
206 209
206 211
206 212
207 210
208 209
209 211
210 212
210 220
210 221
211 213
211 214
211 220
212 214
212 221
213 215
213 216
213 221
214 216
214 217
214 218
214 220
215 218
215 220
215 221
216 217
216 235
217 219
217 220
217 221
217 233
218 221
219 220
219 232
222 224
222 225
222 226
222 228
222 237
223 225
223 226
223 228
224 227
224 228
224 229
225 226
225 227
225 228
225 230
225 237
226 229
226 238
226 240
227 228
227 229
227 239
227 240
227 241
227 242
228 230
228 237
228 240
229 231
229 232
229 237
230 232
230 233
230 234
230 236
231 234
231 236
231 237
232 233
233 235
233 236
233 237
234 237
235 236
238 242
239 240
239 241
239 242
240 241
241 243
241 244
241 245
242 244
242 245
243 246
243 247
243 248
244 245
244 247
244 249
244 250
245 248
245 260
245 262
246 247
246 248
246 261
246 262
246 263
246 264
247 249
247 250
247 260
247 262
248 250
248 258
248 259
248 266
249 251
249 252
249 258
250 252
250 259
251 253
251 254
251 259
252 254
252 255
252 256
252 258
253 256
253 258
253 259
254 255
255 257
255 258
255 259
256 259
256 273
257 258
257 273
260 264
261 262
261 263
262 263
263 265
263 266
263 267
264 266
264 267
265 268
265 269
265 270
266 267
266 269
266 271
266 278
267 270
267 279
267 281
268 269
268 280
268 281
268 282
268 283
269 271
269 285
270 272
270 273
270 278
271 273
271 274
271 275
271 277
272 275
272 277
272 278
273 274
274 276
274 277
274 278
275 278
276 277
276 295
279 283
280 281
280 282
281 282
282 284
282 285
282 286
283 285
283 286
284 287
284 288
284 289
285 286
285 288
285 290
285 291
286 289
287 288
287 289
288 290
288 291
289 291
289 299
289 300
290 292
290 293
290 299
291 293
291 300
292 294
292 295
292 300
293 295
293 296
293 297
293 299
294 297
294 299
294 300
295 296
296 298
296 299
296 300
297 300
298 299
301 305
302 303
302 304
303 304
304 306
304 307
304 308
305 307
305 308
306 309
306 310
306 311
307 308
307 310
307 312
307 313
308 311
308 322
308 324
309 310
309 323
309 324
309 325
309 326
310 312
310 322
311 313
311 320
311 321
312 314
312 315
312 320
313 315
313 321
314 316
314 317
314 321
315 317
315 318
315 319
315 320
316 319
316 320
316 321
317 318
318 320
318 321
319 321
322 326
323 324
323 325
323 326
324 325
325 327
325 328
325 329
326 328
326 329
327 330
327 331
327 332
328 329
328 331
328 333
328 341
329 332
329 342
329 344
330 331
330 332
330 343
330 344
330 345
330 346
331 333
331 341
331 344
332 334
332 335
332 341
333 335
333 336
333 337
333 339
334 337
334 339
334 341
335 336
336 338
336 339
336 341
337 340
337 341
338 339
338 340
340 341
342 346
343 344
343 345
343 346
344 345
345 347
345 348
345 349
346 348
346 349
347 350
347 351
347 352
348 349
348 351
348 353
348 361
349 352
349 362
349 364
349 365
350 351
350 352
350 363
350 364
350 365
350 366
351 353
351 361
351 362
351 365
351 366
352 354
352 355
352 361
352 366
353 355
353 356
353 357
353 359
354 357
354 359
354 361
355 356
355 368
356 358
356 359
356 361
357 360
357 361
358 359
358 360
360 361
362 366
363 364
363 365
364 365
365 367
365 369
366 368
366 369
366 371
366 372
367 370
367 371
367 372
368 369
368 370
368 371
368 373
368 380
369 372
369 381
369 383
370 371
370 372
370 382
370 383
370 384
371 373
371 380
372 374
372 375
372 380
373 375
373 376
373 377
373 379
374 377
374 379
374 380
375 376
376 378
376 379
376 380
376 396
377 380
377 397
378 379
378 397
381 385
382 383
382 384
382 385
383 384
384 386
384 387
384 388
384 390
385 387
385 388
386 389
386 390
386 391
387 388
387 389
387 390
387 392
388 391
388 403
388 404
388 405
389 390
389 391
389 404
389 405
389 406
389 407
390 392
390 393
391 393
391 401
391 402
391 420
391 421
392 394
392 395
392 401
392 420
393 395
393 402
394 396
394 397
394 402
395 397
395 398
395 399
395 401
396 399
396 401
396 402
397 398
398 400
398 401
398 402
399 402
400 401
403 407
404 405
404 406
405 406
406 408
406 409
406 410
407 409
407 410
408 411
408 412
408 413
409 410
409 412
409 414
409 421
410 413
410 422
410 424
410 425
411 412
411 423
411 424
411 425
411 426
412 414
412 425
413 415
413 416
413 421
414 416
414 417
414 418
414 420
415 418
415 420
415 421
416 417
417 419
417 420
417 421
417 437
418 421
419 420
419 438
422 426
423 424
423 425
423 426
424 425
425 427
425 428
425 429
425 431
425 434
426 428
426 429
427 430
427 431
427 432
428 429
428 430
428 431
428 433
428 434
429 432
430 431
430 432
431 433
431 434
432 434
432 442
432 443
433 435
433 436
433 442
434 436
434 443
435 437
435 438
435 443
436 438
436 439
436 440
436 442
437 440
437 442
437 443
438 439
439 441
439 442
439 443
440 443
441 442
1 1 20.122000 34.123001 23.889999 O
2 1 19.492001 32.846001 24.044001 C
3 1 20.504000 31.726999 23.934000 C
4 1 19.969999 30.521999 24.528999 O
5 1 20.875999 31.326000 22.510000 C
6 1 22.142000 30.688999 22.559999 O
7 1 19.812000 30.295000 22.181999 C
8 1 19.688999 29.563999 23.509001 C
9 1 18.378000 28.982000 23.816999 N
10 1 18.336000 27.892000 24.695999 C
11 1 19.402000 27.459999 25.160000 O
12 1 17.156000 27.348000 25.020000 N
13 1 16.037001 27.848000 24.511999 C
14 1 14.887000 27.285000 24.886999 N
15 1 16.045000 28.955000 23.597000 C
16 1 17.230000 29.483000 23.281000 C
17 2 23.121000 30.757999 21.299000 P
18 2 24.281000 31.583000 21.728001 O
19 2 22.353001 31.129000 20.068001 O
20 2 23.596001 29.249001 21.091000 O
21 2 23.972000 28.414000 22.188000 C
22 2 23.659000 26.966000 21.868000 C
23 2 22.299000 26.634001 22.233000 O
24 2 23.806000 26.558001 20.396000 C
25 2 24.396000 25.254999 20.329000 O
26 2 22.362000 26.469999 19.926001 C
27 2 21.715000 25.906000 21.169001 C
28 2 20.268999 26.054001 21.268000 N
29 2 19.490999 27.086000 20.806000 C
30 2 18.218000 26.931000 21.080000 N
31 2 18.156000 25.722000 21.757999 C
32 2 17.049000 25.030001 22.308001 C
33 2 15.861000 25.357000 22.305000 O
34 2 17.434999 23.837000 22.910000 N
35 2 18.721001 23.365000 22.969999 C
36 2 18.896000 22.190001 23.597000 N
37 2 19.764000 23.995001 22.457001 N
38 2 19.412001 25.163000 21.874001 C
39 3 25.180000 24.791000 19.004999 P
40 3 26.476000 25.514999 18.985001 O
41 3 24.242001 24.906000 17.861000 O
42 3 25.471001 23.243999 19.252001 O
43 3 25.176001 22.631001 20.504999 C
44 3 24.011000 21.674000 20.371000 C
45 3 22.764000 22.378000 20.483999 O
46 3 23.907000 20.900999 19.061001 C
47 3 24.480000 19.611000 19.233999 O
48 3 22.410000 20.757999 18.822001 C
49 3 21.750000 21.552999 19.940001 C
50 3 20.659000 22.426001 19.479000 N
51 3 19.350000 22.059999 19.754000 C
52 3 19.143000 20.997999 20.357000 O
53 3 18.336000 22.865999 19.348000 N
54 3 18.603001 23.993000 18.683001 C
55 3 17.570999 24.761000 18.315001 N
56 3 19.931999 24.384001 18.374001 C
57 3 20.923000 23.580999 18.790001 C
58 4 24.702000 18.660000 17.959999 P
59 4 25.825001 17.766001 18.344000 O
60 4 24.792000 19.471001 16.716999 O
61 4 23.368999 17.804001 17.893999 O
62 4 23.014999 16.945999 18.961000 C
63 4 21.705000 16.270000 18.652000 C
64 4 20.690001 17.292000 18.540001 O
65 4 21.657000 15.537000 17.311001 C
66 4 20.573000 14.611000 17.356001 O
67 4 21.250000 16.649000 16.374001 C
68 4 20.164000 17.277000 17.216999 C
69 4 19.808001 18.642000 16.853001 N
70 4 20.608999 19.589001 16.257999 C
71 4 19.989000 20.719000 16.042999 N
72 4 18.708000 20.503000 16.530001 C
73 4 17.591000 21.365000 16.577000 C
74 4 17.503000 22.535999 16.181000 O
75 4 16.493000 20.743000 17.156000 N
76 4 16.473000 19.448000 17.628000 C
77 4 15.307000 19.016001 18.124001 N
78 4 17.511999 18.641001 17.601999 N
79 4 18.586000 19.226000 17.038000 C
103 6 13.764000 11.648000 15.486000 P
104 6 12.986000 10.753000 16.372999 O
105 6 14.670000 11.060000 14.461000 O
106 6 12.706000 12.604000 14.788000 O
107 6 11.901000 13.476000 15.572000 C
108 6 11.152000 14.441000 14.682000 C
109 6 12.014000 15.482000 14.177000 O
110 6 10.487000 13.802000 13.467000 C
111 6 9.093000 14.041000 13.547000 O
112 6 11.107000 14.498000 12.263000 C
113 6 11.677000 15.781000 12.836000 C
114 6 12.895000 16.283001 12.200000 N
115 6 14.094000 15.641000 12.034000 C
116 6 15.021000 16.392000 11.486000 N
117 6 14.379000 17.606001 11.262000 C
118 6 14.819000 18.823000 10.714000 C
119 6 16.048000 19.016001 10.269000 N
120 6 13.939000 19.844000 10.643000 N
121 6 12.699000 19.646000 11.090000 C
122 6 12.160000 18.542000 11.622000 N
123 6 13.069000 17.549000 11.683000 C
124 7 8.171000 13.734000 12.287000 P
125 7 6.787000 13.506000 12.775000 O
126 7 8.832000 12.702000 11.447000 O
127 7 8.228000 15.117000 11.511000 O
128 7 7.689000 16.296000 12.092000 C
129 7 7.657000 17.396000 11.062000 C
130 7 9.015000 17.690001 10.688000 O
131 7 6.926000 17.006001 9.777000 C
132 7 5.769000 17.829000 9.627000 O
133 7 7.948000 17.188999 8.664000 C
134 7 9.060000 17.997999 9.313000 C
135 7 10.434000 17.723000 8.844000 N
136 7 11.185000 18.789000 8.387000 C
137 7 10.758000 19.930000 8.325000 O
138 7 12.456000 18.465000 8.000000 N
139 7 13.040000 17.216000 8.017000 C
140 7 14.201000 17.079000 7.637000 O
141 7 12.195000 16.143999 8.499000 C
142 7 12.749000 14.759000 8.560000 C
143 7 10.949000 16.447001 8.879000 C
144 8 4.948000 17.813999 8.251000 P
145 8 3.584000 18.308001 8.535000 O
146 8 5.131000 16.495001 7.590000 O
147 8 5.712000 18.882999 7.351000 O
148 8 5.983000 20.193001 7.839000 C
149 8 6.754000 20.986000 6.812000 C
150 8 8.103000 20.495001 6.700000 O
151 8 6.182000 21.010000 5.390000 C
152 8 6.133000 22.372000 4.944000 O
153 8 7.195000 20.223000 4.577000 C
154 8 8.481000 20.478001 5.332000 C
155 8 9.518000 19.438999 5.176000 N
156 8 10.790000 19.827999 4.852000 C
157 8 11.096000 20.995001 4.656000 O
158 8 11.699000 18.796000 4.768000 N
159 8 11.450000 17.443001 4.979000 C
160 8 12.360000 16.622999 4.891000 O
161 8 10.096000 17.117001 5.307000 C
162 8 9.740000 15.688000 5.566000 C
163 8 9.206000 18.112000 5.380000 C
164 9 5.489000 22.737000 3.518000 P
165 9 4.560000 23.855000 3.790000 O
166 9 4.987000 21.539000 2.824000 O
167 9 6.736000 23.284000 2.705000 O
168 9 8.010000 23.362000 3.320000 C
169 9 8.919000 24.285999 2.548000 C
170 9 10.165000 23.598000 2.314000 O
171 9 8.447000 24.701000 1.159000 C
172 9 9.172000 25.879000 0.778000 O
173 9 8.896000 23.524000 0.312000 C
174 9 10.194000 23.082001 0.989000 C
175 9 10.363000 21.629999 1.102000 N
176 9 11.621000 21.070000 0.849000 C
177 9 12.554000 21.799999 0.520000 O
178 9 11.790000 19.740999 0.977000 N
179 9 10.769000 18.974001 1.344000 C
180 9 11.001000 17.674000 1.456000 N
181 9 9.472000 19.509001 1.608000 C
182 9 9.312000 20.834000 1.471000 C
183 10 8.691000 26.760000 -0.478000 P
184 10 9.106000 28.155001 -0.193000 O
185 10 7.270000 26.457001 -0.774000 O
186 10 9.576000 26.225000 -1.684000 O
187 10 11.000000 26.252001 -1.636000 C
188 10 11.563000 25.421000 -2.769000 C
189 10 11.511000 24.013000 -2.435000 O
190 10 10.783000 25.556999 -4.081000 C
191 10 11.683000 25.427000 -5.194000 O
192 10 9.860000 24.357000 -4.022000 C
193 10 10.852000 23.354000 -3.491000 C
194 10 10.390000 22.054001 -3.017000 N
195 10 9.129000 21.653000 -2.632000 C
196 10 9.083000 20.393999 -2.280000 N
197 10 10.392000 19.948999 -2.439000 C
198 10 10.974000 18.679001 -2.208000 C
199 10 10.425000 17.636999 -1.821000 O
200 10 12.343000 18.684000 -2.484000 N
201 10 13.051000 19.763000 -2.941000 C
202 10 14.359000 19.586000 -3.181000 N
203 10 12.521000 20.940001 -3.159000 N
204 10 11.201000 20.962999 -2.888000 C
205 11 12.059000 26.722000 -6.082000 P
206 11 11.911000 27.886999 -5.178000 O
207 11 11.300000 26.693001 -7.357000 O
208 11 13.605000 26.521999 -6.401000 O
209 11 14.560000 26.492001 -5.342000 C
210 11 15.580000 25.396000 -5.569000 C
211 11 15.009000 24.087999 -5.323000 O
212 11 16.198999 25.296000 -6.960000 C
213 11 17.506001 24.756001 -6.790000 O
214 11 15.302000 24.274000 -7.640000 C
215 11 15.102000 23.287001 -6.504000 C
216 11 13.906000 22.424000 -6.533000 N
217 11 14.081000 21.048000 -6.322000 C
218 11 15.243000 20.605000 -6.193000 O
219 11 12.997000 20.247999 -6.264000 N
220 11 11.776000 20.763000 -6.420000 C
221 11 10.741000 19.931999 -6.335000 N
222 11 11.564000 22.156000 -6.668000 C
223 11 12.649000 22.941999 -6.720000 C
224 12 18.709999 25.271999 -7.709000 P
225 12 19.933001 25.410999 -6.866000 O
226 12 18.215000 26.438000 -8.478000 O
227 12 18.931000 24.077999 -8.742000 O
228 12 19.785999 22.983000 -8.435000 C
229 12 19.403999 21.792999 -9.281000 C
230 12 18.044001 21.431999 -8.981000 O
231 12 19.400000 22.073999 -10.781000 C
232 12 20.698999 21.820999 -11.319000 O
233 12 18.254999 21.221001 -11.318000 C
234 12 17.565001 20.666000 -10.071000 C
235 12 16.103001 20.691000 -10.037000 N
236 12 15.262000 21.773001 -10.164000 C
237 12 13.994000 21.451000 -10.065000 N
238 12 14.005000 20.066999 -9.866000 C
239 12 12.927000 19.121000 -9.690000 C
240 12 11.715000 19.318001 -9.670000 O
241 12 13.402000 17.823999 -9.531000 N
242 12 14.724000 17.466999 -9.531000 C
243 12 14.982000 16.165001 -9.364000 N
244 12 15.727000 18.319000 -9.685000 N
245 12 15.299000 19.590000 -9.851000 C
247 13 7.729000 11.560000 -8.750000 O
248 13 8.178000 10.820000 -9.898000 C
249 13 9.667000 10.597000 -9.803000 C
250 13 10.335000 11.858000 -10.029000 O
251 13 10.140000 10.141000 -8.427000 C
252 13 11.345000 9.383000 -8.546000 O
253 13 10.411000 11.448000 -7.705000 C
254 13 10.953000 12.319000 -8.824000 C
255 13 10.625000 13.743000 -8.683000 N
256 13 11.652000 14.690000 -8.731000 C
257 13 12.815000 14.308000 -8.874000 O
258 13 11.346000 16.002001 -8.617000 N
259 13 10.073000 16.374001 -8.460000 C
260 13 9.805000 17.676001 -8.364000 N
261 13 9.012000 15.427000 -8.399000 C
262 13 9.330000 14.136000 -8.513000 C
263 14 11.946000 8.654000 -7.249000 P
264 14 12.480000 7.333000 -7.682000 O
265 14 10.899000 8.711000 -6.200000 O
266 14 13.158000 9.590000 -6.809000 O
267 14 14.345000 9.684000 -7.603000 C
268 14 15.390000 10.516000 -6.891000 C
269 14 15.043000 11.919000 -6.944000 O
270 14 15.560000 10.168000 -5.414000 C
271 14 16.930000 9.997000 -5.069000 O
272 14 14.977000 11.354000 -4.667000 C
273 14 15.100000 12.500000 -5.646000 C
274 14 13.983000 13.430000 -5.536000 N
275 14 12.677000 13.099000 -5.285000 C
276 14 11.890000 14.134000 -5.246000 N
277 14 12.726000 15.217000 -5.483000 C
278 14 12.431000 16.591999 -5.554000 C
279 14 11.334000 17.150999 -5.427000 O
280 14 13.566000 17.346001 -5.806000 N
281 14 14.827000 16.839001 -5.975000 C
282 14 15.799000 17.743000 -6.213000 N
283 14 15.117000 15.549000 -5.914000 N
284 14 14.021000 14.803000 -5.664000 C
285 15 17.322001 9.788000 -3.529000 P
286 15 18.351000 8.717000 -3.459000 O
287 15 16.054001 9.637000 -2.773000 O
288 15 17.973000 11.182000 -3.126000 O
289 15 18.895000 11.828000 -4.005000 C
290 15 18.771999 13.330000 -3.885000 C
291 15 17.393000 13.720000 -4.020000 O
292 15 19.166000 13.882000 -2.522000 C
293 15 20.568001 14.084000 -2.444000 O
294 15 18.424999 15.203000 -2.457000 C
295 15 17.254999 15.005000 -3.418000 C
296 15 15.933000 15.085000 -2.794000 N
297 15 15.338000 16.323999 -2.707000 C
298 15 15.965000 17.299000 -3.127000 O
299 15 14.107000 16.436001 -2.168000 N
300 15 13.479000 15.347000 -1.721000 C
301 15 12.266000 15.495000 -1.200000 N
302 15 14.072000 14.058000 -1.791000 C
303 15 15.292000 13.973000 -2.324000 C
304 16 21.283001 14.017000 -1.019000 P
305 16 22.603001 13.354000 -1.172000 O
306 16 20.285000 13.461000 -0.081000 O
307 16 21.535999 15.542000 -0.648000 O
308 16 22.004999 16.471001 -1.623000 C
309 16 21.437000 17.841000 -1.337000 C
310 16 19.995001 17.722000 -1.323000 O
311 16 21.840000 18.417000 0.022000 C
312 16 22.343000 19.754000 -0.137000 O
313 16 20.561001 18.379999 0.844000 C
314 16 19.474001 18.408001 -0.207000 C
315 16 18.219000 17.768999 0.181000 N
316 16 18.014000 16.473000 0.613000 C
317 16 16.757999 16.218000 0.885000 N
318 16 16.099001 17.415001 0.619000 C
319 16 14.722000 17.757000 0.709000 C
320 16 13.772000 17.062000 1.072000 O
321 16 14.497000 19.072001 0.313000 N
322 16 15.466000 19.951000 -0.107000 C
323 16 15.047000 21.183001 -0.447000 N
324 16 16.742001 19.653000 -0.186000 N
325 16 16.988001 18.378000 0.184000 C
349 18 19.664000 26.544001 2.112000 P
350 18 20.052000 27.733000 1.307000 O
351 18 20.597000 26.011999 3.137000 O
352 18 18.285999 26.833000 2.837000 O
353 18 17.063999 26.826000 2.117000 C
354 18 15.935000 26.490999 3.057000 C
355 18 16.070999 25.118999 3.485000 O
356 18 15.915000 27.333000 4.343000 C
357 18 14.770000 28.193001 4.298000 O
358 18 15.824000 26.313000 5.480000 C
359 18 15.468000 25.014000 4.761000 C
360 18 15.924000 23.763000 5.373000 N
361 18 17.207001 23.305000 5.552000 C
362 18 17.271000 22.120001 6.110000 N
363 18 15.943000 21.780001 6.320000 C
364 18 15.342000 20.653999 6.888000 C
365 18 16.030001 19.628000 7.363000 N
366 18 13.996000 20.618000 6.951000 N
367 18 13.306000 21.662001 6.468000 C
368 18 13.758000 22.784000 5.912000 N
369 18 15.103000 22.780001 5.872000 C
370 19 14.470000 29.205999 5.508000 P
371 19 13.665000 30.302999 4.917000 O
372 19 15.747000 29.511999 6.208000 O
373 19 13.516000 28.368999 6.465000 O
374 19 12.322000 27.785000 5.953000 C
375 19 11.712000 26.855000 6.974000 C
376 19 12.598000 25.737000 7.203000 O
377 19 11.439000 27.469000 8.353000 C
378 19 10.040000 27.400000 8.637000 O
379 19 12.223000 26.597000 9.327000 C
380 19 12.404000 25.320000 8.541000 C
381 19 13.544000 24.465000 8.911000 N
382 19 13.248000 23.211000 9.384000 C
383 19 12.102000 22.823999 9.547000 O
384 19 14.339000 22.433001 9.661000 N
385 19 15.668000 22.787001 9.536000 C
386 19 16.549000 21.990000 9.845000 O
387 19 15.908000 24.125000 9.042000 C
388 19 17.318001 24.584999 8.861000 C
389 19 14.847000 24.889999 8.762000 C
390 20 9.433000 28.257999 9.850000 P
391 20 8.204000 28.948999 9.367000 O
392 20 10.544000 29.045000 10.425000 O
393 20 8.977000 27.157000 10.902000 O
394 20 8.144000 26.076000 10.495000 C
395 20 8.328000 24.905001 11.425000 C
396 20 9.693000 24.441000 11.348000 O
397 20 8.073000 25.233999 12.896000 C
398 20 7.129000 24.304001 13.399000 O
399 20 9.427000 25.052999 13.559000 C
400 20 10.092000 24.059999 12.638000 C
401 20 11.558000 24.016001 12.667000 N
402 20 12.135000 22.860001 13.137000 C
403 20 11.478000 21.908001 13.523000 O
404 20 13.516000 22.860001 13.131000 N
405 20 14.347000 23.889999 12.710000 C
406 20 15.573000 23.757999 12.756000 O
407 20 13.667000 25.072001 12.234000 C
408 20 14.485000 26.231001 11.766000 C
409 20 12.326000 25.077999 12.236000 C
410 21 6.660000 24.392000 14.930000 P
411 21 5.562000 23.408001 15.082000 O
412 21 6.449000 25.813000 15.311000 O
413 21 7.895000 23.830999 15.753000 O
414 21 8.712000 22.816000 15.200000 C
415 21 8.601000 21.552000 16.014999 C
416 21 9.937000 21.035999 16.100000 O
417 21 8.173000 21.768000 17.459999 C
418 21 7.664000 20.552000 18.024000 O
419 21 9.471000 22.184999 18.122000 C
420 21 10.533000 21.436001 17.323999 C
421 21 11.742000 22.212000 17.004999 N
422 21 12.986000 21.601999 17.166000 C
423 21 13.032000 20.427999 17.577000 O
424 21 14.107000 22.295000 16.870001 N
425 21 14.016000 23.548000 16.434999 C
426 21 15.151000 24.187000 16.160999 N
427 21 12.761000 24.198999 16.261000 C
428 21 11.659000 23.500999 16.556999 C
429 22 6.961000 20.572001 19.474001 P
430 22 6.079000 19.391001 19.492001 O
431 22 6.393000 21.913000 19.782000 O
432 22 8.167000 20.333000 20.479000 O
433 22 8.570000 19.004000 20.816000 C
434 22 9.707000 19.031000 21.811001 C
435 22 10.832000 19.700001 21.200001 O
436 22 9.446000 19.773001 23.128000 C
437 22 10.182000 19.114000 24.159000 O
438 22 10.107000 21.113001 22.889999 C
439 22 11.324000 20.664000 22.111000 C
440 22 11.957000 21.719999 21.341000 N
441 22 11.355000 22.839001 20.820000 C
442 22 12.189000 23.621000 20.197001 N
443 22 13.412000 22.975000 20.306000 C
444 22 14.668000 23.351999 19.837000 C
445 22 14.973000 24.367001 19.201000 O
446 22 15.646000 22.417999 20.173000 N
447 22 15.427000 21.261999 20.877001 C
448 22 16.503000 20.507999 21.099001 N
449 22 14.240000 20.893000 21.325001 N
450 22 13.284000 21.797001 21.004999 C
451 23 9.743000 19.261999 25.701000 P
452 23 8.501000 18.465000 25.889000 O
453 23 9.762000 20.693001 26.101999 O
454 23 10.946000 18.537001 26.455000 O
455 23 11.509000 17.334000 25.931000 C
456 23 13.016000 17.438000 25.862000 C
457 23 13.419000 18.218000 24.715000 O
458 23 13.690000 18.108000 27.054001 C
459 23 13.959000 17.125000 28.056999 O
460 23 14.987000 18.636000 26.459000 C
461 23 14.610000 18.957001 25.014999 C
462 23 14.341000 20.379999 24.715000 N
463 23 15.411000 21.240999 24.468000 C
464 23 16.570999 20.798000 24.524000 O
465 23 15.157000 22.538000 24.172001 N
466 23 13.900000 22.980000 24.122000 C
467 23 13.699000 24.278000 23.825001 N
468 23 12.792000 22.122999 24.372999 C
469 23 13.056000 20.847000 24.665001 C
470 24 14.514000 17.579000 29.490999 P
471 24 14.612000 16.351000 30.329000 O
472 24 13.708000 18.733999 29.952000 O
473 24 15.988000 18.103001 29.208000 O
474 24 16.997999 17.219000 28.735001 C
475 24 18.322001 17.943001 28.657000 C
476 24 18.141001 19.091000 27.791000 O
477 24 18.820000 18.500999 29.993999 C
478 24 20.229000 18.731001 30.066000 O
479 24 18.257000 19.902000 29.990999 C
480 24 18.362000 20.285999 28.525000 C
481 24 17.337999 21.245001 28.132999 N
482 24 16.000000 21.172001 28.427999 C
483 24 15.323000 22.187000 27.974001 N
484 24 16.271999 22.974001 27.330000 C
485 24 16.125999 24.195000 26.643999 C
486 24 15.101000 24.834999 26.451000 O
487 24 17.330000 24.659000 26.149000 N
488 24 18.534000 24.020000 26.283001 C
489 24 19.608999 24.632999 25.719999 N
490 24 18.686001 22.865999 26.920000 N
491 24 17.518000 22.407000 27.417999 C
