332 858
0 2
0 3
1 3
1 4
2 5
2 6
2 7
2 8
3 4
3 6
3 7
3 9
3 10
4 7
4 8
4 9
4 20
4 22
4 23
5 6
5 7
5 21
5 22
5 23
6 9
6 19
6 23
7 8
8 10
8 18
8 19
9 11
9 12
9 18
10 12
10 19
11 13
11 14
11 19
12 14
12 15
12 16
12 18
13 16
13 18
13 19
14 15
14 288
15 17
15 18
15 19
16 19
17 18
20 24
21 22
21 23
21 24
22 23
23 25
23 26
23 27
23 39
24 26
24 27
25 28
25 29
25 30
25 31
26 27
26 29
26 30
26 32
26 39
27 30
27 31
27 32
27 40
27 42
27 43
28 29
28 30
28 41
28 42
28 43
29 32
29 43
30 31
30 43
30 44
31 33
31 34
31 39
32 34
32 35
32 36
32 38
33 36
33 38
33 39
33 54
34 35
35 37
35 38
35 39
35 54
35 267
36 39
37 38
37 57
40 44
41 42
41 43
41 44
42 43
43 45
43 46
43 47
44 46
44 47
45 48
45 49
45 50
45 51
46 47
46 49
46 50
46 52
46 53
47 50
47 51
47 52
47 63
47 65
48 49
48 50
48 64
48 65
48 66
49 52
50 51
51 53
51 61
51 62
52 54
52 55
52 61
53 55
53 62
54 56
54 57
54 62
55 57
55 58
55 59
55 61
56 59
56 61
56 62
57 58
57 246
58 60
58 61
58 62
58 244
59 62
60 61
60 242
60 243
60 244
63 67
64 65
64 66
64 67
65 66
66 68
66 69
66 70
66 82
67 69
67 70
68 71
68 72
68 73
68 74
69 70
69 72
69 73
69 75
69 82
70 73
70 74
70 75
70 82
70 83
70 85
70 86
71 72
71 73
71 84
71 85
71 86
71 87
72 75
73 74
74 76
74 77
74 82
75 77
75 78
75 79
75 81
76 79
76 81
76 82
77 78
77 226
78 80
78 81
78 82
78 97
78 224
79 82
79 97
80 81
80 97
80 100
83 87
84 85
84 86
84 87
85 86
86 88
86 89
86 90
87 89
87 90
88 91
88 92
88 93
88 94
89 90
89 92
89 93
89 95
89 96
90 93
90 94
90 95
90 105
90 107
90 108
91 92
91 93
91 106
91 107
91 108
91 109
92 95
92 109
92 111
93 94
93 109
94 96
94 103
94 104
95 97
95 98
95 103
96 98
96 104
97 99
97 100
97 104
98 100
98 101
98 102
98 103
99 102
99 103
99 104
100 101
101 103
101 104
101 201
102 104
105 109
106 107
106 108
107 108
108 110
108 111
108 112
109 111
109 112
110 113
110 114
110 115
110 116
111 112
111 114
111 115
111 117
111 124
112 115
112 116
112 125
112 127
112 128
113 114
113 115
113 126
113 127
113 128
113 129
114 117
114 119
114 128
115 116
115 129
116 118
116 119
116 124
117 119
117 120
117 121
117 123
118 121
118 123
118 124
118 183
119 120
119 183
120 122
120 123
120 124
120 181
120 183
121 124
122 123
122 142
125 129
126 127
126 128
126 129
127 128
128 130
128 131
128 132
128 145
129 131
129 132
130 133
130 134
130 135
130 136
131 132
131 134
131 137
131 145
131 146
132 135
132 136
132 147
132 149
133 134
133 135
133 148
133 149
133 150
133 151
134 137
135 136
135 151
136 138
136 145
136 146
137 139
137 140
137 145
138 140
138 146
139 141
139 142
139 146
140 142
140 143
140 144
140 145
141 144
141 145
141 146
142 143
143 145
143 146
144 146
147 151
148 149
148 150
149 150
149 151
150 152
150 153
150 154
150 156
150 165
151 153
151 154
152 155
152 156
152 157
153 154
153 155
153 156
153 158
153 165
154 157
155 156
155 157
156 158
156 165
157 159
157 160
157 165
158 160
158 161
158 162
158 164
159 162
159 164
159 165
160 161
161 163
161 164
161 165
162 165
163 164
166 168
166 169
166 170
166 176
167 169
167 170
168 171
168 172
168 173
168 174
168 175
169 170
169 172
169 173
169 175
169 176
170 173
170 174
170 175
170 186
170 188
170 189
171 172
171 173
171 187
171 188
171 189
171 190
172 175
173 174
174 176
174 184
174 185
175 177
175 178
175 184
176 178
176 185
177 179
177 180
177 185
178 180
178 181
178 182
178 184
179 182
179 184
179 185
179 203
180 181
181 183
181 184
181 185
182 185
182 201
183 184
186 190
187 188
187 189
187 190
188 189
189 191
189 192
189 193
189 205
190 192
190 193
190 194
191 194
191 195
191 196
191 197
192 193
192 195
192 196
192 198
192 205
193 196
193 197
193 198
193 206
193 208
193 209
194 195
194 196
194 207
194 208
194 209
194 210
195 198
196 197
197 199
197 200
197 205
198 200
198 201
198 202
198 204
199 202
199 204
199 205
200 201
201 203
201 204
201 205
202 205
203 204
206 210
207 208
207 209
207 210
208 209
209 211
209 212
209 213
210 212
210 213
211 214
211 215
211 216
211 217
212 213
212 215
212 216
212 218
212 219
213 216
213 217
213 218
213 229
213 231
213 232
214 215
214 216
214 230
214 231
214 232
214 233
215 218
216 217
217 219
217 227
217 228
218 220
218 221
218 227
219 221
219 228
220 222
220 223
220 228
221 223
221 224
221 225
221 227
222 225
222 227
222 228
222 245
223 224
223 246
224 226
224 227
224 228
225 228
226 227
229 233
230 231
230 232
230 233
231 232
232 234
232 235
232 236
233 235
233 236
234 237
234 238
234 239
234 240
235 236
235 238
235 239
235 241
235 248
236 239
236 240
236 241
236 249
236 251
237 238
237 239
237 250
237 251
237 252
237 253
238 241
239 240
240 242
240 243
240 248
241 243
241 244
241 245
241 247
242 245
242 247
242 248
243 244
244 246
244 247
244 248
245 248
246 247
249 253
250 251
250 252
250 253
251 252
252 254
252 255
252 256
253 255
253 256
253 257
254 257
254 258
254 259
254 260
255 256
255 258
255 259
255 261
255 262
256 259
256 260
256 261
256 271
256 273
257 258
257 259
257 272
257 273
257 274
257 275
258 261
258 275
258 277
259 260
259 275
259 277
260 262
260 269
260 270
261 263
261 264
261 269
262 264
262 270
263 265
263 266
263 270
264 266
264 267
264 268
264 269
265 268
265 269
265 270
265 286
266 267
267 269
267 270
267 284
267 285
267 286
268 270
268 284
268 285
271 275
272 273
272 274
273 274
274 276
274 277
274 278
275 277
275 278
275 279
276 279
276 280
276 281
276 282
277 278
277 280
277 281
277 283
277 290
278 281
278 282
278 291
278 293
279 280
279 281
279 292
279 293
279 294
279 295
280 283
280 285
281 282
282 284
282 285
282 290
283 285
283 286
283 287
283 289
284 287
284 289
284 290
285 286
286 288
286 289
286 290
287 290
288 289
291 295
291 304
292 293
292 294
293 294
293 304
293 305
294 296
294 297
294 298
294 304
295 297
295 298
296 299
296 300
296 301
296 302
297 298
297 300
297 301
297 303
297 304
298 301
298 302
298 303
298 304
298 313
298 315
299 300
299 301
299 314
299 315
299 316
300 303
300 304
301 302
302 304
302 311
302 312
303 305
303 306
303 311
304 306
304 312
305 307
305 308
305 312
306 308
306 309
306 310
306 311
307 310
307 311
307 312
308 309
309 311
309 312
310 312
313 317
314 315
314 316
314 317
315 316
316 318
316 319
316 320
317 319
317 320
318 321
318 322
318 323
319 320
319 322
319 324
319 331
320 323
321 322
322 324
322 331
323 325
323 326
323 331
324 326
324 327
324 328
324 330
325 328
325 330
325 331
326 327
327 329
327 330
327 331
328 331
329 330
1 1 3.508000 11.837000 5.766000 O
2 1 4.809000 11.861000 6.374000 C
3 1 4.706000 12.350000 7.798000 C
4 1 3.315000 12.662000 8.081000 O
5 1 5.139000 11.375000 8.890000 C
6 1 6.527000 11.575000 9.185000 O
7 1 4.298000 11.839000 10.073000 C
8 1 4.881000 12.997000 10.620000 O
9 1 2.985000 12.232000 9.391000 C
10 1 2.009000 11.150000 9.265000 N
11 1 1.482000 10.666000 8.092000 C
12 1 0.636000 9.686000 8.270000 N
13 1 0.597000 9.519000 9.645000 C
14 1 -0.146000 8.604000 10.432000 C
15 1 -0.937000 7.731000 10.053000 O
16 1 0.106000 8.774000 11.793000 N
17 1 0.970000 9.703000 12.324000 C
18 1 1.071000 9.706000 13.655000 N
19 1 1.679000 10.563000 11.595000 N
20 1 1.443000 10.417000 10.277000 C
21 2 7.350000 10.482000 10.043000 P
22 2 8.637000 11.117000 10.416000 O
23 2 7.346000 9.207000 9.279000 O
24 2 6.535000 10.260000 11.397000 O
25 2 7.074000 10.709000 12.658000 C
26 2 6.559000 9.855000 13.802000 C
27 2 5.109000 9.805000 13.735000 O
28 2 6.988000 8.393000 13.839000 C
29 2 8.238000 8.243000 14.517000 O
30 2 5.869000 7.753000 14.655000 C
31 2 6.026000 7.963000 16.048000 O
32 2 4.651000 8.535000 14.161000 C
33 2 3.968000 7.903000 13.030000 N
34 2 3.080000 6.890000 13.309000 C
35 2 2.843000 6.513000 14.449000 O
36 2 2.472000 6.339000 12.213000 N
37 2 2.654000 6.698000 10.897000 C
38 2 1.988000 6.140000 10.025000 O
39 2 3.592000 7.757000 10.690000 C
40 2 4.203000 8.308000 11.742000 C
41 3 9.038000 6.851000 14.419000 P
42 3 10.278000 6.967000 15.224000 O
43 3 9.132000 6.513000 12.975000 O
44 3 8.075000 5.783000 15.112000 O
45 3 8.040000 5.634000 16.545000 C
46 3 7.242000 4.406000 16.936001 C
47 3 5.828000 4.607000 16.645000 O
48 3 7.591000 3.112000 16.209999 C
49 3 8.727000 2.455000 16.778000 O
50 3 6.319000 2.297000 16.415001 C
51 3 6.259000 1.746000 17.719999 O
52 3 5.245000 3.375000 16.236000 C
53 3 4.842000 3.529000 14.841000 N
54 3 5.368000 4.428000 13.946000 C
55 3 4.817000 4.362000 12.765000 N
56 3 3.867000 3.357000 12.883000 C
57 3 2.952000 2.849000 11.928000 C
58 3 2.789000 3.206000 10.753000 O
59 3 2.172000 1.828000 12.457000 N
60 3 2.261000 1.355000 13.742000 C
61 3 1.428000 0.345000 14.058000 N
62 3 3.105000 1.830000 14.651000 N
63 3 3.872000 2.823000 14.156000 C
64 4 9.685000 1.560000 15.839000 P
65 4 10.881000 1.173000 16.628000 O
66 4 9.855000 2.301000 14.554000 O
67 4 8.849000 0.233000 15.573000 O
68 4 8.789000 -0.794000 16.572001 C
69 4 7.826000 -1.884000 16.156000 C
70 4 6.518000 -1.291000 15.900000 O
71 4 8.121000 -2.622000 14.857000 C
72 4 9.130000 -3.627000 14.970000 O
73 4 6.756000 -3.212000 14.543000 C
74 4 6.454000 -4.338000 15.344000 O
75 4 5.850000 -2.026000 14.881000 C
76 4 5.754000 -1.169000 13.699000 N
77 4 4.733000 -1.398000 12.779000 C
78 4 3.874000 -2.262000 13.032000 O
79 4 4.699000 -0.675000 11.644000 N
80 4 5.629000 0.254000 11.414000 C
81 4 5.591000 0.904000 10.250000 N
82 4 6.645000 0.546000 12.359000 C
83 4 6.675000 -0.185000 13.478000 C
84 5 10.106000 -3.914000 13.718000 P
85 5 11.023000 -5.010000 14.115000 O
86 5 10.666000 -2.614000 13.256000 O
87 5 9.144000 -4.479000 12.578000 O
88 5 8.550000 -5.786000 12.715000 C
89 5 7.627000 -6.093000 11.553000 C
90 5 6.560000 -5.106000 11.490000 O
91 5 8.210000 -6.004000 10.159000 C
92 5 9.042000 -7.092000 9.819000 O
93 5 6.945000 -5.951000 9.323000 C
94 5 6.279000 -7.195000 9.302000 O
95 5 6.123000 -4.963000 10.142000 C
96 5 6.278000 -3.598000 9.630000 N
97 5 7.005000 -2.600000 10.237000 C
98 5 6.978000 -1.456000 9.590000 N
99 5 6.181000 -1.723000 8.478000 C
100 5 5.737000 -0.921000 7.404000 C
101 5 6.012000 0.377000 7.268000 N
102 5 4.971000 -1.507000 6.461000 N
103 5 4.655000 -2.794000 6.601000 C
104 5 4.990000 -3.642000 7.566000 N
105 5 5.760000 -3.038000 8.481000 C
106 6 10.235000 -6.866000 8.766000 P
107 6 11.116000 -8.055000 8.826000 O
108 6 10.807000 -5.516000 8.991000 O
109 6 9.489000 -6.810000 7.358000 O
110 6 8.334000 -7.633000 7.108000 C
111 6 7.556000 -7.121000 5.916000 C
112 6 6.999000 -5.820000 6.223000 O
113 6 8.325000 -6.865000 4.632000 C
114 6 8.541000 -8.051000 3.886000 O
115 6 7.370000 -5.954000 3.879000 C
116 6 6.339000 -6.698000 3.263000 O
117 6 6.802000 -5.100000 5.014000 C
118 6 7.429000 -3.773000 5.146000 N
119 6 7.074000 -2.779000 4.236000 C
120 6 6.289000 -3.059000 3.324000 O
121 6 7.598000 -1.545000 4.366000 N
122 6 8.458000 -1.288000 5.352000 C
123 6 8.945000 -0.045000 5.450000 N
124 6 8.858000 -2.289000 6.283000 C
125 6 8.324000 -3.507000 6.144000 C
126 7 9.682000 -8.073000 2.752000 P
127 7 9.647000 -9.420000 2.127000 O
128 7 10.944000 -7.575000 3.364000 O
129 7 9.186000 -7.008000 1.671000 O
130 7 8.007000 -7.265000 0.875000 C
131 7 7.783000 -6.158000 -0.134000 C
132 7 7.505000 -4.914000 0.546000 O
133 7 8.940000 -5.823000 -1.067000 C
134 7 8.873000 -6.676000 -2.215000 O
135 7 8.615000 -4.400000 -1.509000 C
136 7 7.784000 -4.389000 -2.650000 O
137 7 7.834000 -3.844000 -0.312000 C
138 7 8.512000 -2.805000 0.462000 N
139 7 8.360000 -1.444000 0.325000 C
140 7 9.111000 -0.741000 1.135000 N
141 7 9.801000 -1.702000 1.861000 C
142 7 10.760000 -1.604000 2.875000 C
143 7 11.223000 -0.444000 3.346000 N
144 7 11.246000 -2.754000 3.394000 N
145 7 10.796000 -3.918000 2.906000 C
146 7 9.903000 -4.139000 1.944000 N
147 7 9.438000 -2.977000 1.459000 C
148 8 10.215000 -7.281000 -2.861000 P
149 8 10.113000 -8.762000 -2.813000 O
150 8 11.367000 -6.601000 -2.225000 O
151 8 10.136000 -6.840000 -4.388000 O
152 8 9.877000 -5.465000 -4.744000 C
153 8 9.776000 -5.380000 -6.250000 C
154 8 10.983000 -5.948000 -6.817000 O
155 8 8.624000 -6.169000 -6.872000 C
156 8 8.317000 -5.709000 -8.197000 O
157 8 9.268000 -7.509000 -7.165000 C
158 8 10.645000 -7.063000 -7.626000 C
159 8 11.684000 -8.084000 -7.455000 N
160 8 12.318000 -8.588000 -8.594000 C
161 8 12.023000 -8.117000 -9.704000 O
162 8 13.238000 -9.569000 -8.458000 N
163 8 13.537000 -10.039000 -7.245000 C
164 8 14.438000 -11.019000 -7.163000 N
165 8 12.923000 -9.526000 -6.063000 C
166 8 12.012000 -8.554000 -6.214000 C
168 9 3.104000 6.446000 0.937000 O
169 9 2.093000 6.398000 -0.072000 C
170 9 2.071000 5.039000 -0.718000 C
171 9 3.440000 4.603000 -0.922000 O
172 9 1.421000 3.954000 0.123000 C
173 9 0.029000 3.881000 -0.180000 O
174 9 2.193000 2.715000 -0.307000 C
175 9 1.800000 2.233000 -1.577000 O
176 9 3.600000 3.289000 -0.431000 C
177 9 4.331000 3.396000 0.827000 N
178 9 4.622000 4.563000 1.488000 C
179 9 5.351000 4.380000 2.555000 N
180 9 5.541000 3.006000 2.615000 C
181 9 6.271000 2.217000 3.546000 C
182 9 6.926000 2.590000 4.530000 O
183 9 6.200000 0.866000 3.238000 N
184 9 5.522000 0.333000 2.170000 C
185 9 5.562000 -1.000000 2.057000 N
186 9 4.853000 1.054000 1.282000 N
187 9 4.902000 2.375000 1.566000 C
188 10 -1.010000 3.376000 0.939000 P
189 10 -2.397000 3.518000 0.423000 O
190 10 -0.627000 4.048000 2.203000 O
191 10 -0.685000 1.827000 1.097000 O
192 10 -0.900000 0.908000 0.010000 C
193 10 -0.504000 -0.482000 0.433000 C
194 10 0.938000 -0.557000 0.579000 O
195 10 -1.042000 -0.866000 1.796000 C
196 10 -2.358000 -1.384000 1.680000 O
197 10 -0.035000 -1.909000 2.249000 C
198 10 -0.248000 -3.135000 1.580000 O
199 10 1.266000 -1.282000 1.753000 C
200 10 1.864000 -0.329000 2.697000 N
201 10 2.731000 -0.893000 3.613000 C
202 10 2.951000 -2.090000 3.668000 O
203 10 3.335000 0.002000 4.463000 N
204 10 3.153000 1.376000 4.494000 C
205 10 3.795000 2.056000 5.296000 O
206 10 2.226000 1.871000 3.533000 C
207 10 1.627000 1.022000 2.690000 C
208 11 -3.433000 -1.062000 2.825000 P
209 11 -4.772000 -1.539000 2.377000 O
210 11 -3.247000 0.360000 3.214000 O
211 11 -2.952000 -1.960000 4.043000 O
212 11 -3.193000 -3.364000 4.039000 C
213 11 -2.720000 -3.972000 5.328000 C
214 11 -1.276000 -3.893000 5.394000 O
215 11 -3.146000 -3.254000 6.595000 C
216 11 -4.481000 -3.562000 6.962000 O
217 11 -2.147000 -3.811000 7.595000 C
218 11 -2.459000 -5.135000 7.979000 O
219 11 -0.872000 -3.823000 6.752000 C
220 11 -0.099000 -2.607000 6.947000 N
221 11 -0.120000 -1.468000 6.183000 C
222 11 0.662000 -0.533000 6.642000 N
223 11 1.238000 -1.095000 7.773000 C
224 11 2.158000 -0.558000 8.681000 C
225 11 2.659000 0.562000 8.689000 O
226 11 2.490000 -1.470000 9.671000 N
227 11 1.986000 -2.738000 9.773000 C
228 11 2.435000 -3.481000 10.801000 N
229 11 1.112000 -3.247000 8.934000 N
230 11 0.785000 -2.374000 7.962000 C
231 12 -5.362000 -2.460000 7.726000 P
232 12 -6.746000 -2.969000 7.803000 O
233 12 -5.094000 -1.138000 7.103000 O
234 12 -4.742000 -2.456000 9.188000 O
235 12 -4.821000 -3.631000 9.997000 C
236 12 -4.093000 -3.425000 11.302000 C
237 12 -2.664000 -3.359000 11.056000 O
238 12 -4.377000 -2.130000 12.052000 C
239 12 -5.602000 -2.142000 12.779000 O
240 12 -3.170000 -2.056000 12.973000 C
241 12 -3.271000 -2.942000 14.073000 O
242 12 -2.059000 -2.515000 12.026000 C
243 12 -1.456000 -1.376000 11.324000 N
244 12 -0.477000 -0.623000 11.980000 C
245 12 -0.124000 -0.959000 13.120000 O
246 12 0.059000 0.445000 11.355000 N
247 12 -0.346000 0.769000 10.121000 C
248 12 0.180000 1.857000 9.553000 N
249 12 -1.321000 0.001000 9.421000 C
250 12 -1.849000 -1.050000 10.056000 C
251 13 -6.408000 -0.766000 12.994000 P
252 13 -7.737000 -1.132000 13.511000 O
253 13 -6.299000 0.049000 11.753000 O
254 13 -5.619000 -0.037000 14.165000 O
255 13 -5.460000 -0.680000 15.436000 C
256 13 -4.386000 0.005000 16.233000 C
257 13 -3.136000 -0.049000 15.500000 O
258 13 -4.608000 1.487000 16.440001 C
259 13 -5.532000 1.706000 17.496000 O
260 13 -3.193000 1.979000 16.729000 C
261 13 -2.738000 1.706000 18.042000 O
262 13 -2.390000 1.135000 15.741000 C
263 13 -2.170000 1.803000 14.461000 N
264 13 -2.795000 1.549000 13.266000 C
265 13 -2.381000 2.307000 12.282000 N
266 13 -1.425000 3.122000 12.869000 C
267 13 -0.611000 4.149000 12.352000 C
268 13 -0.646000 4.556000 11.076000 N
269 13 0.252000 4.752000 13.202000 N
270 13 0.281000 4.348000 14.478000 C
271 13 -0.439000 3.400000 15.080000 N
272 13 -1.282000 2.821000 14.209000 C
273 14 -6.548000 2.946000 17.406000 P
274 14 -7.660000 2.687000 18.354000 O
275 14 -6.844000 3.206000 15.973000 O
276 14 -5.684000 4.169000 17.922001 O
277 14 -4.614000 3.929000 18.827999 C
278 14 -3.446000 4.811000 18.500999 C
279 14 -2.871000 4.456000 17.219000 O
280 14 -3.792000 6.265000 18.298000 C
281 14 -3.997000 6.883000 19.556999 O
282 14 -2.538000 6.770000 17.596001 C
283 14 -1.452000 6.920000 18.488001 O
284 14 -2.206000 5.589000 16.687000 C
285 14 -2.592000 5.771000 15.281000 N
286 14 -1.779000 6.570000 14.468000 C
287 14 -0.788000 7.124000 14.975000 O
288 14 -2.083000 6.717000 13.161000 N
289 14 -3.146000 6.100000 12.652000 C
290 14 -3.380000 6.242000 11.348000 N
291 14 -4.010000 5.299000 13.459000 C
292 14 -3.701000 5.165000 14.759000 C
293 15 -5.321000 7.753000 19.798000 P
294 15 -5.952000 7.267000 21.047001 O
295 15 -6.094000 7.741000 18.525000 O
296 15 -4.786000 9.242000 20.020000 O
297 15 -3.451000 9.507000 20.518999 C
298 15 -2.807000 10.598000 19.697001 C
299 15 -2.330000 10.060000 18.433001 O
300 15 -3.791000 11.684000 19.308001 C
301 15 -3.829000 12.683000 20.294001 O
302 15 -3.211000 12.200000 18.003000 C
303 15 -2.093000 13.035000 18.219000 O
304 15 -2.756000 10.888000 17.363001 C
305 15 -3.837000 10.180000 16.680000 N
306 15 -4.967000 9.652000 17.256001 C
307 15 -5.745000 9.022000 16.409000 N
308 15 -5.095000 9.151000 15.194000 C
309 15 -5.396000 8.693000 13.905000 C
310 15 -6.486000 7.980000 13.611000 N
311 15 -4.531000 8.993000 12.916000 N
312 15 -3.437000 9.711000 13.207000 C
313 15 -3.045000 10.198000 14.380000 N
314 15 -3.924000 9.875000 15.344000 C
315 16 -5.234000 13.089000 20.937000 P
316 16 -5.588000 12.046000 21.941999 O
317 16 -6.158000 13.355000 19.813999 O
318 16 -4.902000 14.447000 21.693001 O
319 16 -5.855000 15.044000 22.575001 C
320 16 -5.200000 15.363000 23.902000 C
321 16 -4.880000 14.128000 24.586000 O
322 16 -3.885000 16.129999 23.764999 C
323 16 -3.909000 17.547001 23.902000 O
324 16 -2.841000 15.297000 24.493000 C
325 16 -3.627000 14.227000 25.239000 C
326 16 -2.955000 12.925000 25.114000 N
327 16 -2.776000 12.134000 26.249001 C
328 16 -3.247000 12.525000 27.336000 O
329 16 -2.099000 10.968000 26.135000 N
330 16 -1.624000 10.576000 24.945999 C
331 16 -0.934000 9.435000 24.872999 N
332 16 -1.830000 11.348000 23.771000 C
333 16 -2.495000 12.500000 23.896999 C
