762 1963
0 2
0 3
0 4
0 5
1 5
2 3
2 4
3 4
3 5
4 6
4 7
4 8
4 10
4 13
5 7
5 8
5 10
6 9
6 10
6 11
7 8
7 9
7 10
7 12
7 13
7 22
8 11
8 23
8 25
9 10
9 11
9 24
9 25
9 26
9 27
10 12
10 13
11 13
11 21
11 22
12 14
12 15
12 21
13 15
13 22
14 16
14 17
14 22
15 17
15 18
15 19
15 21
16 19
16 21
16 22
17 18
17 348
18 20
18 21
18 22
18 346
19 22
20 21
20 345
20 544
20 558
21 557
23 27
24 25
24 26
24 27
25 26
26 28
26 29
26 30
27 29
27 30
28 31
28 32
28 33
29 30
29 31
29 32
29 34
29 42
30 33
30 43
30 45
31 32
31 33
31 44
31 45
31 46
31 47
32 34
32 42
33 35
33 36
33 42
34 36
34 37
34 38
34 40
35 38
35 40
35 42
36 37
37 39
37 40
37 42
37 328
38 41
38 42
39 40
39 41
39 327
41 42
43 47
44 45
44 46
44 47
45 46
46 48
46 49
46 50
47 49
47 50
48 51
48 52
48 53
49 50
49 52
49 54
49 55
50 53
50 64
50 66
51 52
51 53
51 65
51 66
51 67
51 68
52 54
53 55
53 62
53 63
54 56
54 57
54 62
55 57
55 63
56 58
56 59
56 63
57 59
57 60
57 61
57 62
58 61
58 62
58 63
59 60
59 307
60 62
60 63
60 305
61 63
64 68
65 66
65 67
65 68
66 67
67 69
67 70
67 71
68 70
68 71
69 72
69 73
69 74
70 71
70 73
70 75
70 83
71 74
71 84
71 86
72 73
72 74
72 85
72 86
72 87
72 88
73 75
73 83
73 84
73 86
74 76
74 77
74 83
75 77
75 78
75 79
75 81
76 79
76 81
76 83
77 78
78 80
78 81
78 83
78 287
79 82
79 83
80 81
80 82
80 286
82 83
84 88
85 86
85 87
85 88
86 87
87 89
87 90
87 91
88 90
88 91
89 92
89 93
89 94
90 91
90 92
90 93
90 95
90 96
91 94
91 105
91 107
92 93
92 94
92 106
92 107
92 108
92 109
93 95
93 96
94 96
94 103
94 104
95 97
95 98
95 103
96 98
96 104
97 99
97 100
97 104
98 100
98 101
98 102
98 103
99 102
99 103
99 104
100 101
100 266
101 103
101 104
101 264
102 104
105 109
106 107
106 108
107 108
108 110
108 112
109 111
109 112
110 113
110 114
110 115
111 112
111 114
111 116
111 124
112 115
112 125
112 127
113 114
113 115
113 126
113 127
113 128
113 129
114 116
114 124
114 127
115 117
115 118
115 124
116 118
116 119
116 120
116 122
117 120
117 122
117 124
117 138
118 119
119 121
119 122
119 124
119 246
120 123
120 124
121 122
121 123
121 141
121 245
123 124
125 129
126 127
126 128
126 129
127 128
128 130
128 131
128 132
128 134
129 131
129 132
130 133
130 134
130 135
131 132
131 133
131 134
131 136
131 137
132 135
132 146
132 148
133 134
133 135
133 147
133 148
133 149
133 150
134 136
134 137
135 137
135 144
135 145
136 138
136 139
136 144
137 139
137 145
138 140
138 141
138 145
139 141
139 142
139 143
139 144
140 143
140 144
140 145
141 142
141 225
142 144
142 145
142 223
142 246
143 145
143 247
146 150
147 148
147 149
147 150
148 149
149 151
149 152
149 153
150 152
150 153
151 154
151 155
151 156
152 153
152 154
152 155
152 157
152 164
153 156
153 165
153 167
154 155
154 156
154 166
154 167
154 168
154 169
155 157
155 164
156 158
156 159
156 164
157 159
157 160
157 161
157 163
158 161
158 163
158 164
159 160
159 206
160 162
160 163
160 164
160 204
161 164
162 163
162 203
165 169
166 167
166 168
167 168
167 179
168 170
168 171
168 172
168 174
168 175
168 176
169 171
169 172
169 174
170 173
170 174
170 175
171 172
171 173
171 174
171 176
171 185
171 186
172 175
173 174
173 175
174 176
174 177
175 177
175 185
175 186
176 178
176 179
176 185
177 179
177 186
178 180
178 181
178 186
179 181
179 182
179 183
179 185
180 183
180 185
180 186
181 182
182 184
182 185
182 186
183 186
184 185
187 191
188 189
188 190
188 191
189 190
190 192
190 193
190 194
191 193
191 194
192 195
192 196
192 197
193 194
193 195
193 196
193 198
193 199
194 197
194 209
194 211
195 196
195 197
195 210
195 211
195 212
195 213
196 198
196 199
196 209
196 212
197 199
197 207
197 208
198 200
198 201
198 207
199 201
199 208
200 202
200 203
200 208
201 203
201 204
201 205
201 207
201 225
202 205
202 207
202 208
203 204
204 206
204 207
204 208
205 208
206 207
209 213
210 211
210 212
210 213
211 212
212 214
212 215
212 216
213 215
213 216
214 217
214 218
214 219
215 216
215 217
215 218
215 220
215 221
215 228
216 219
216 229
216 231
217 218
217 219
217 230
217 231
217 232
217 233
218 220
218 228
218 229
218 231
219 221
219 222
219 228
220 222
220 223
220 224
220 226
221 224
221 226
221 228
222 223
223 225
223 226
223 228
224 227
224 228
225 226
225 227
227 228
229 233
230 231
230 232
230 233
231 232
232 234
232 235
232 236
233 235
233 236
234 237
234 238
234 239
235 236
235 238
235 240
235 241
236 239
236 250
236 252
237 238
237 239
237 251
237 252
237 253
237 254
238 240
238 241
239 241
239 248
239 249
240 242
240 243
240 248
241 243
241 249
242 244
242 245
242 249
243 245
243 246
243 247
243 248
244 247
244 248
244 249
245 246
246 248
246 249
247 249
250 254
251 252
251 253
251 254
252 253
253 255
253 256
253 257
254 256
254 257
255 258
255 259
255 260
256 257
256 259
256 261
256 269
257 260
257 270
257 272
258 259
258 260
258 271
258 272
258 273
258 274
259 261
259 269
259 270
259 272
260 262
260 263
260 269
261 263
261 264
261 265
261 267
262 265
262 267
262 269
262 283
263 264
263 276
263 282
264 266
264 267
264 269
265 268
265 269
266 267
266 268
268 269
270 274
271 272
271 273
271 274
272 273
273 275
273 276
273 277
274 276
274 277
275 278
275 279
275 280
276 277
276 278
276 279
276 281
276 282
277 280
277 291
277 293
277 294
278 279
278 280
278 292
278 293
278 294
278 295
279 281
279 291
279 293
279 294
280 282
280 289
280 290
281 283
281 284
281 289
282 284
282 290
283 285
283 286
283 290
284 286
284 287
284 288
284 289
285 288
285 289
285 290
286 287
287 289
287 290
287 305
288 290
288 303
288 305
289 302
289 303
291 295
292 293
292 294
292 295
293 294
294 296
294 297
294 298
294 300
295 297
295 298
295 300
296 299
296 300
296 301
297 298
297 299
297 300
297 302
297 303
297 310
298 301
298 311
298 313
299 300
299 301
299 312
299 313
299 314
299 315
300 302
300 310
300 311
300 313
301 303
301 304
301 310
302 304
302 305
302 306
302 308
303 306
303 308
303 310
304 305
305 307
305 308
305 310
306 309
306 310
307 308
307 309
309 310
311 315
312 313
312 314
312 315
313 314
314 316
314 317
314 318
314 320
315 317
315 318
316 319
316 320
316 321
317 318
317 319
317 320
317 322
317 323
318 321
318 332
318 334
319 320
319 321
319 333
319 334
319 335
319 336
320 322
320 323
320 334
321 323
321 330
321 331
322 324
322 325
322 330
323 325
323 331
324 326
324 327
324 331
325 327
325 328
325 329
325 330
326 329
326 330
326 331
327 328
328 330
328 331
329 331
332 336
333 334
333 335
333 336
334 335
335 337
335 338
335 339
335 341
336 338
336 339
337 340
337 341
337 342
338 339
338 340
338 341
338 343
338 344
338 345
339 342
339 351
339 353
340 341
340 342
340 352
340 353
340 354
340 355
341 343
341 350
342 344
342 345
342 350
343 345
343 346
343 347
343 349
344 347
344 349
344 350
345 346
345 542
345 543
346 348
346 349
346 350
347 350
348 349
348 592
351 355
352 353
352 354
353 354
353 365
354 356
354 357
354 358
354 361
354 362
354 372
355 357
355 358
356 359
356 360
356 361
356 532
357 358
357 359
357 360
357 362
357 371
357 372
357 595
357 611
358 361
359 360
360 362
360 363
361 363
361 371
361 372
361 624
362 364
362 365
362 371
363 365
363 372
364 366
364 367
364 372
365 367
365 368
365 369
365 371
366 369
366 371
366 372
367 368
368 370
368 371
368 372
369 372
369 604
370 371
370 596
371 595
373 375
373 376
373 377
373 378
374 378
375 376
375 377
376 377
376 378
377 379
377 380
377 381
377 383
377 386
378 380
378 381
379 382
379 383
379 384
380 381
380 382
380 383
380 385
380 386
381 384
381 396
381 398
382 383
382 384
382 397
382 398
382 399
382 400
383 385
383 386
383 396
384 386
384 394
384 395
385 387
385 388
385 394
386 388
386 395
387 389
387 390
387 395
388 390
388 391
388 392
388 394
389 392
389 394
389 395
390 391
390 737
391 393
391 394
391 395
391 735
392 395
393 394
393 734
396 400
397 398
397 399
397 400
398 399
399 401
399 402
399 403
400 402
400 403
401 404
401 405
401 406
402 403
402 404
402 405
402 407
402 415
403 406
403 416
403 418
404 405
404 406
404 417
404 418
404 419
404 420
405 407
405 415
406 408
406 409
406 415
407 409
407 410
407 411
407 413
408 411
408 413
408 415
409 410
410 412
410 413
410 415
410 717
411 414
411 415
412 413
412 414
412 716
414 415
416 420
417 418
417 419
417 420
418 419
419 421
419 422
419 423
420 422
420 423
421 424
421 425
421 426
422 423
422 424
422 425
422 427
422 428
423 426
423 437
423 439
424 425
424 426
424 438
424 439
424 440
424 441
425 427
425 428
426 428
426 435
426 436
427 429
427 430
427 435
428 430
428 436
429 431
429 432
429 436
430 432
430 433
430 434
430 435
431 434
431 435
431 436
432 433
432 675
432 696
433 435
433 436
433 694
434 436
437 441
438 439
438 440
438 441
439 440
440 442
440 443
440 444
441 443
441 444
442 445
442 446
442 447
443 444
443 445
443 446
443 448
443 456
444 447
444 457
444 459
445 446
445 447
445 458
445 459
445 460
445 461
446 448
446 456
446 459
447 449
447 450
447 456
448 450
448 451
448 452
448 454
449 452
449 454
449 456
450 451
451 453
451 454
451 456
451 676
452 455
452 456
453 454
453 455
453 675
455 456
457 461
458 459
458 460
458 461
459 460
460 462
460 463
460 464
461 463
461 464
462 465
462 466
462 467
463 464
463 465
463 466
463 468
463 469
464 467
464 478
464 480
465 466
465 467
465 479
465 480
465 481
465 482
466 468
466 469
466 478
466 481
467 469
467 476
467 477
468 470
468 471
468 476
469 471
469 477
470 472
470 473
470 477
471 473
471 474
471 475
471 476
472 475
472 476
472 477
473 474
473 655
474 476
474 477
474 653
475 477
475 677
478 482
479 480
479 481
479 482
480 481
481 483
481 484
481 485
482 484
482 485
483 486
483 487
483 488
484 485
484 486
484 487
484 489
484 497
485 488
485 498
485 500
485 501
486 487
486 488
486 499
486 500
486 501
486 502
487 489
487 497
487 498
487 500
487 501
488 490
488 491
488 497
489 491
489 492
489 493
489 495
490 493
490 495
490 497
491 492
492 494
492 495
492 497
492 635
493 496
493 497
494 495
494 496
494 634
496 497
498 502
499 500
499 501
499 502
500 501
501 503
501 504
501 505
501 507
502 504
502 505
503 506
503 507
503 508
504 505
504 506
504 507
504 509
504 510
504 518
505 508
505 519
505 521
506 507
506 508
506 520
506 521
506 522
506 523
507 509
507 510
507 519
508 510
508 517
508 518
509 511
509 512
509 517
510 512
510 518
511 513
511 514
511 518
511 535
512 514
512 515
512 516
512 517
513 516
513 517
513 518
514 515
514 614
515 517
515 518
515 612
515 635
516 518
516 636
519 523
520 521
520 522
520 523
521 522
522 524
522 525
522 526
523 525
523 526
524 527
524 528
524 529
525 526
525 527
525 528
525 530
525 537
526 529
526 538
526 540
527 528
527 529
527 539
527 540
527 541
527 542
528 530
528 537
529 531
529 532
529 537
530 532
530 533
530 534
530 536
531 534
531 536
531 537
532 533
532 595
533 535
533 536
533 537
533 593
534 537
535 536
535 592
538 542
539 540
539 541
539 542
540 541
540 551
541 543
541 544
541 545
541 547
541 548
541 549
541 550
542 544
542 545
542 547
543 546
543 547
543 548
544 545
544 546
544 547
544 549
544 558
544 559
545 548
546 547
546 548
547 549
547 550
548 550
548 558
548 559
549 551
549 552
549 558
550 552
550 559
551 553
551 554
551 559
552 554
552 555
552 556
552 558
553 556
553 558
553 559
554 555
555 557
555 558
555 559
556 559
557 558
560 562
560 563
560 564
561 563
561 564
562 565
562 566
562 567
563 564
563 565
563 566
563 568
563 569
563 570
564 567
564 576
564 577
564 579
565 566
565 567
565 577
565 578
565 579
565 580
566 568
566 575
567 569
567 570
567 575
568 570
568 571
568 572
568 574
569 572
569 574
569 575
570 571
571 573
571 574
571 575
572 575
573 574
576 580
577 578
577 579
578 579
578 580
579 581
579 582
579 583
579 585
580 582
580 583
581 584
581 585
581 586
582 583
582 584
582 585
582 587
582 588
583 586
583 598
583 600
584 585
584 586
584 599
584 600
584 601
584 602
585 587
585 588
586 588
586 596
586 597
587 589
587 590
587 596
588 590
588 597
589 591
589 592
589 597
590 592
590 593
590 594
590 596
591 594
591 596
591 597
592 593
593 595
593 596
593 597
594 597
594 612
595 596
595 611
596 612
598 602
599 600
599 601
599 602
600 601
601 603
601 604
601 605
602 604
602 605
603 606
603 607
603 608
604 605
604 606
604 607
604 609
604 610
604 617
605 608
605 618
605 620
606 607
606 608
606 619
606 620
606 621
606 622
607 609
607 617
607 618
607 620
608 610
608 611
608 617
609 611
609 612
609 613
609 615
610 613
610 615
610 617
611 612
612 614
612 615
612 617
613 616
613 617
614 615
614 616
616 617
618 622
619 620
619 621
619 622
620 621
621 623
621 624
621 625
621 627
622 624
622 625
623 626
623 627
623 628
624 625
624 627
624 629
624 630
625 628
625 639
625 641
626 627
626 628
626 640
626 641
626 642
626 643
627 629
627 630
627 639
627 642
628 630
628 637
628 638
629 631
629 632
629 637
630 632
630 638
631 633
631 634
631 638
632 634
632 635
632 636
632 637
633 636
633 637
633 638
634 635
635 637
635 638
636 638
639 643
640 641
640 642
640 643
641 642
642 644
642 645
642 646
643 645
643 646
644 647
644 648
644 649
645 646
645 648
645 650
645 658
646 649
646 659
646 661
647 648
647 649
647 660
647 661
647 662
647 663
648 650
648 658
648 659
648 661
649 651
649 652
649 658
650 652
650 653
650 654
650 656
651 654
651 656
651 658
652 653
652 665
653 655
653 656
653 658
654 657
654 658
655 656
655 657
657 658
659 663
660 661
660 662
660 663
661 662
662 664
662 665
662 666
662 668
663 665
663 666
664 667
664 668
664 669
665 666
665 668
665 670
665 671
666 669
666 680
666 682
667 668
667 669
667 681
667 682
667 683
667 684
668 670
668 671
668 680
668 682
669 671
669 678
669 679
670 672
670 673
670 678
671 673
671 679
672 674
672 675
672 679
673 675
673 676
673 677
673 678
674 677
674 678
674 679
675 676
676 678
676 679
676 694
677 679
677 692
677 694
680 684
681 682
681 683
681 684
682 683
683 685
683 686
683 687
683 689
684 686
684 687
685 688
685 689
685 690
686 687
686 688
686 689
686 691
686 692
686 699
687 690
687 700
687 702
688 689
688 690
688 701
688 702
688 703
688 704
689 691
689 699
689 702
690 692
690 693
690 699
691 693
691 694
691 695
691 697
692 695
692 697
692 699
693 694
694 696
694 697
694 699
695 698
695 699
696 697
696 698
698 699
700 704
701 702
701 703
701 704
702 703
703 705
703 706
703 707
703 709
704 706
704 707
705 708
705 709
705 710
706 707
706 708
706 709
706 711
706 712
707 710
707 721
707 723
708 709
708 710
708 722
708 723
708 724
708 725
709 711
709 712
710 712
710 719
710 720
711 713
711 714
711 719
712 714
712 720
713 715
713 716
713 720
714 716
714 717
714 718
714 719
715 718
715 719
715 720
715 737
716 717
717 719
717 720
718 720
721 725
722 723
722 724
722 725
723 724
724 726
724 727
724 728
724 730
725 727
725 728
726 729
726 730
726 731
727 728
727 729
727 730
727 732
727 733
727 734
727 739
728 731
728 740
728 742
729 730
729 731
729 741
729 742
729 743
729 744
730 732
730 739
731 733
731 734
731 739
732 734
732 735
732 736
732 738
733 736
733 738
733 739
734 735
735 737
735 738
735 739
736 739
737 738
740 744
741 742
741 743
742 743
742 754
743 745
743 746
743 747
743 749
743 750
743 751
743 761
744 746
744 747
744 749
744 750
745 748
745 749
745 750
746 747
746 748
746 749
746 751
746 760
746 761
747 750
748 749
748 750
749 751
749 752
750 752
750 760
750 761
751 753
751 754
751 760
752 754
752 761
753 755
753 756
753 761
754 756
754 757
754 758
754 760
755 758
755 760
755 761
756 757
757 759
757 760
757 761
758 761
759 760
1 1 41.949001 23.572001 17.539000 O
2 2 41.919998 22.063000 18.110001 P
3 2 40.764999 22.049000 19.063999 O
4 2 43.296001 21.657000 18.568001 O
5 2 41.577000 21.194000 16.830000 O
6 2 42.428001 21.264000 15.689000 C
7 2 41.653999 20.879999 14.458000 C
8 2 41.346001 19.475000 14.496000 O
9 2 40.313000 21.573000 14.326000 C
10 2 40.050999 21.641001 12.930000 O
11 2 39.379002 20.625999 15.061000 C
12 2 39.969002 19.270000 14.732000 C
13 2 39.889000 18.264000 15.776000 N
14 2 39.972000 18.445999 17.132999 C
15 2 39.988998 17.313999 17.797001 N
16 2 39.886002 16.339001 16.818001 C
17 2 39.875999 14.953000 16.927999 C
18 2 39.980999 14.274000 17.931999 O
19 2 39.734001 14.342000 15.691000 N
20 2 39.624001 15.009000 14.485000 C
21 2 39.456001 14.269000 13.383000 N
22 2 39.661999 16.308001 14.372000 N
23 2 39.791000 16.910999 15.569000 C
24 3 38.726002 22.337999 12.400000 P
25 3 39.110001 22.985001 11.126000 O
26 3 38.047001 23.113001 13.473000 O
27 3 37.817001 21.104000 12.027000 O
28 3 38.224998 20.216999 11.002000 C
29 3 37.319000 19.017000 10.986000 C
30 3 37.479000 18.275999 12.216000 O
31 3 35.827999 19.343000 10.892000 C
32 3 35.250999 18.410000 9.993000 O
33 3 35.318001 19.037001 12.294000 C
34 3 36.198002 17.871000 12.630000 C
35 3 36.285999 17.445999 14.024000 N
36 3 36.237000 16.101000 14.257000 C
37 3 36.064999 15.289000 13.379000 O
38 3 36.380001 15.739000 15.560000 N
39 3 36.525002 16.572001 16.645000 C
40 3 36.625000 16.091999 17.768999 O
41 3 36.542999 17.982000 16.330999 C
42 3 36.688000 18.969999 17.436001 C
43 3 36.429001 18.344000 15.049000 C
44 4 34.301998 18.908001 8.809000 P
45 4 35.132999 19.205999 7.611000 O
46 4 33.373001 19.948999 9.327000 O
47 4 33.506001 17.563000 8.546000 O
48 4 34.210999 16.454000 7.991000 C
49 4 33.627998 15.144000 8.456000 C
50 4 33.867001 14.971000 9.861000 O
51 4 32.139999 14.916000 8.237000 C
52 4 31.990999 13.658000 7.574000 O
53 4 31.549000 14.944000 9.641000 C
54 4 32.705002 14.536000 10.531000 C
55 4 32.754002 15.137000 11.865000 N
56 4 32.813000 16.475000 12.160000 C
57 4 32.930000 16.733000 13.440000 N
58 4 32.929001 15.490000 14.024000 C
59 4 33.025002 15.104000 15.339000 C
60 4 33.146999 15.976000 16.341999 N
61 4 32.994999 13.779000 15.611000 N
62 4 32.876999 12.918000 14.596000 C
63 4 32.777000 13.169000 13.295000 N
64 4 32.810001 14.493000 13.074000 C
65 5 30.552000 13.210000 7.030000 P
66 5 30.784000 12.221000 5.965000 O
67 5 29.673000 14.378000 6.772000 O
68 5 30.017000 12.407000 8.278000 O
69 5 30.849001 11.389000 8.801000 C
70 5 30.311001 10.867000 10.104000 C
71 5 30.566999 11.815000 11.163000 O
72 5 28.809000 10.572000 10.116000 C
73 5 28.608999 9.275000 10.682000 O
74 5 28.254000 11.654000 11.022000 C
75 5 29.417999 11.818000 11.981000 C
76 5 29.455000 13.019000 12.804000 N
77 5 29.646000 12.852000 14.148000 C
78 5 29.716999 11.761000 14.680000 O
79 5 29.749001 14.007000 14.855000 N
80 5 29.659000 15.278000 14.366000 C
81 5 29.809000 16.215000 15.115000 O
82 5 29.402000 15.380000 12.958000 C
83 5 29.222000 16.731001 12.354000 C
84 5 29.326000 14.260000 12.250000 C
85 6 27.134001 8.666000 10.788000 P
86 6 27.158001 7.337000 10.128000 O
87 6 26.184999 9.702000 10.325000 O
88 6 26.959000 8.413000 12.352000 O
89 6 27.868000 7.529000 13.025000 C
90 6 27.532000 7.410000 14.494000 C
91 6 27.771999 8.639000 15.206000 O
92 6 26.108000 7.013000 14.834000 C
93 6 26.181999 6.161000 15.966000 O
94 6 25.459999 8.335000 15.193000 C
95 6 26.591999 9.094000 15.837000 C
96 6 26.516001 10.533000 15.621000 N
97 6 26.351999 11.198000 14.428000 C
98 6 26.320999 12.508000 14.554000 N
99 6 26.469000 12.711000 15.918000 C
100 6 26.492001 13.875000 16.697001 C
101 6 26.367001 15.103000 16.197001 N
102 6 26.643999 13.732000 18.027000 N
103 6 26.764999 12.490000 18.527000 C
104 6 26.759001 11.323000 17.896000 N
105 6 26.600000 11.504000 16.583000 C
106 7 24.898001 5.324000 16.431000 P
107 7 25.344999 3.904000 16.547001 O
108 7 23.705000 5.658000 15.597000 O
109 7 24.656000 5.902000 17.889000 O
110 7 25.760000 6.404000 18.655001 C
111 7 25.264999 7.386000 19.688999 C
112 7 25.240000 8.760000 19.224001 O
113 7 23.853001 7.082000 20.177999 C
114 7 23.822001 7.114000 21.591000 O
115 7 23.020000 8.217000 19.614000 C
116 7 24.017000 9.349000 19.624001 C
117 7 23.705999 10.450000 18.695999 N
118 7 23.579000 11.699000 19.239000 C
119 7 23.752001 11.929000 20.429001 O
120 7 23.245001 12.682000 18.336000 N
121 7 23.037001 12.536000 16.973000 C
122 7 22.707001 13.510000 16.291000 O
123 7 23.223000 11.208000 16.471001 C
124 7 23.061001 10.969000 15.011000 C
125 7 23.537001 10.239000 17.341000 C
126 8 22.590000 6.451000 22.348000 P
127 8 23.143000 5.454000 23.302000 O
128 8 21.559999 6.045000 21.354000 O
129 8 22.042999 7.689000 23.164000 O
130 8 22.961000 8.573000 23.827999 C
131 8 22.207001 9.749000 24.400000 C
132 8 22.087999 10.831000 23.441000 O
133 8 20.788000 9.398000 24.832001 C
134 8 20.556999 9.995000 26.108999 O
135 8 19.934000 9.972000 23.705999 C
136 8 20.737000 11.179000 23.233999 C
137 8 20.598000 11.535000 21.825001 N
138 8 20.617001 10.693000 20.760000 C
139 8 20.503000 11.298000 19.603001 N
140 8 20.385000 12.632000 19.937000 C
141 8 20.216000 13.798000 19.150999 C
142 8 20.091999 13.785000 17.819000 N
143 8 20.162001 14.981000 19.785000 N
144 8 20.243000 14.984000 21.114000 C
145 8 20.379000 13.956000 21.964001 N
146 8 20.447001 12.795000 21.301001 C
147 9 19.163000 9.770000 26.857000 P
148 9 19.462000 9.838000 28.287001 O
149 9 18.561001 8.548000 26.273001 O
150 9 18.306999 11.039000 26.451000 O
151 9 18.677000 12.318000 26.938000 C
152 9 17.757000 13.371000 26.375000 C
153 9 17.944000 13.450000 24.943001 O
154 9 16.246000 13.171000 26.590000 C
155 9 15.655000 14.446000 26.785000 O
156 9 15.767000 12.702000 25.229000 C
157 9 16.653999 13.559000 24.358999 C
158 9 16.754999 13.200000 22.948000 N
159 9 16.791000 14.235000 22.011000 C
160 9 16.736000 15.399000 22.410000 O
161 9 16.889999 13.940000 20.698000 N
162 9 16.964001 12.660000 20.309999 C
163 9 17.068001 12.410000 19.007000 N
164 9 16.934999 11.581000 21.247000 C
165 9 16.823999 11.896000 22.546000 C
166 10 14.372000 14.598000 27.715000 P
167 10 14.483000 15.935000 28.325001 O
168 10 14.394000 13.384000 28.547001 O
169 10 13.118000 14.609000 26.724001 O
170 10 13.234000 15.089000 25.384001 C
171 10 11.951000 14.834000 24.629000 C
172 10 11.593000 13.440000 24.733000 O
173 10 10.751000 15.583000 25.188999 C
174 10 9.731000 15.695000 24.149000 O
175 10 10.283000 14.644000 26.280001 C
176 10 10.567000 13.266000 25.697001 C
177 10 11.098000 12.396000 26.732000 N
178 10 10.829000 12.475000 28.075001 C
179 10 11.577000 11.686000 28.790001 N
180 10 12.367000 11.035000 27.864000 C
181 10 13.394000 10.136000 28.059999 C
182 10 13.869000 9.758000 29.113001 O
183 10 13.918000 9.673000 26.867001 N
184 10 13.514000 10.072000 25.625999 C
185 10 14.164000 9.499000 24.587999 N
186 10 12.554000 10.966000 25.417999 N
187 10 12.034000 11.407000 26.584000 C
189 12 14.138000 20.278000 11.844000 P
190 12 12.798000 19.731001 12.208000 O
191 12 15.138000 19.412001 11.167000 O
192 12 14.811000 20.881001 13.152000 O
193 12 14.014000 21.541000 14.141000 C
194 12 14.870000 21.961000 15.314000 C
195 12 15.131000 20.863001 16.216999 O
196 12 16.224001 22.573000 14.985000 C
197 12 16.361000 23.733999 15.808000 O
198 12 17.212000 21.451000 15.296000 C
199 12 16.517000 20.610001 16.363001 C
200 12 16.679001 19.164000 16.257000 N
201 12 16.707001 18.423000 15.098000 C
202 12 16.764999 17.134001 15.313000 N
203 12 16.795000 17.018000 16.691999 C
204 12 16.855000 15.859000 17.511999 C
205 12 16.886999 14.681000 17.173000 O
206 12 16.882999 16.183001 18.865000 N
207 12 16.872000 17.459999 19.361000 C
208 12 16.951000 17.563000 20.688000 N
209 12 16.802000 18.558001 18.601999 N
210 12 16.767000 18.261999 17.290001 C
211 13 17.801001 24.405001 16.024000 P
212 13 17.552000 25.726000 16.667000 O
213 13 18.594999 24.320000 14.776000 O
214 13 18.472000 23.476000 17.120001 O
215 13 17.995001 23.539000 18.462000 C
216 13 18.978001 22.888000 19.393999 C
217 13 18.962999 21.461000 19.184000 O
218 13 20.421000 23.327000 19.204000 C
219 13 20.961000 23.506001 20.500000 O
220 13 21.059000 22.136999 18.499001 C
221 13 20.288000 20.985001 19.101999 C
222 13 20.254000 19.714001 18.350000 N
223 13 20.121000 18.525999 19.073999 C
224 13 20.111000 18.469000 20.302999 O
225 13 20.006001 17.399000 18.299000 N
226 13 20.018000 17.329000 16.915001 C
227 13 19.833000 16.242001 16.351999 O
228 13 20.230000 18.594000 16.238001 C
229 13 20.347000 18.601999 14.750000 C
230 13 20.323000 19.707001 16.978001 C
231 14 22.472000 23.990000 20.674000 P
232 14 22.393999 25.285000 21.382999 O
233 14 23.183001 23.899000 19.368999 O
234 14 23.080000 22.919001 21.677999 O
235 14 22.412001 22.669001 22.916000 C
236 14 22.913000 21.392000 23.534000 C
237 14 22.636000 20.285999 22.643000 O
238 14 24.409000 21.386999 23.770000 C
239 14 24.658001 20.910999 25.084000 O
240 14 24.938999 20.422001 22.722000 C
241 14 23.783001 19.480000 22.473000 C
242 14 23.733999 18.921000 21.118000 N
243 14 23.801001 19.639999 19.962000 C
244 14 23.664000 18.917000 18.879000 N
245 14 23.506001 17.628000 19.355000 C
246 14 23.285999 16.400000 18.698000 C
247 14 23.163000 16.271000 17.371000 N
248 14 23.186001 15.299000 19.452999 N
249 14 23.294001 15.431000 20.778000 C
250 14 23.485001 16.530001 21.511000 N
251 14 23.577000 17.608999 20.730000 C
252 15 26.134001 21.028000 25.711000 P
253 15 25.990999 21.316999 27.158001 O
254 15 27.000000 21.900000 24.854000 O
255 15 26.667000 19.542999 25.597000 O
256 15 25.849001 18.476999 26.041000 C
257 15 26.386000 17.165001 25.530001 C
258 15 26.087999 16.988001 24.118999 O
259 15 27.896999 16.973000 25.690001 C
260 15 28.115999 15.788000 26.459999 O
261 15 28.405001 16.872999 24.254999 C
262 15 27.194000 16.351999 23.504000 C
263 15 27.122999 16.617001 22.048000 N
264 15 27.039000 15.541000 21.173000 C
265 15 27.042999 14.369000 21.523001 O
266 15 26.944000 15.877000 19.858000 N
267 15 26.929001 17.129999 19.326000 C
268 15 26.844000 17.264000 18.118999 O
269 15 27.021000 18.214001 20.281000 C
270 15 27.002001 19.624001 19.778000 C
271 15 27.118000 17.903000 21.582001 C
272 16 29.584999 15.167000 26.594999 P
273 16 29.625999 14.426000 27.888000 O
274 16 30.568001 16.239000 26.325001 O
275 16 29.622999 14.082000 25.434999 O
276 16 28.629000 13.074000 25.430000 C
277 16 29.017000 11.924000 24.535999 C
278 16 28.834999 12.293000 23.158001 O
279 16 30.434000 11.376000 24.666000 C
280 16 30.377001 9.946000 24.691000 O
281 16 31.149000 11.905000 23.427999 C
282 16 30.025999 12.101000 22.417999 C
283 16 30.149000 13.258000 21.546000 N
284 16 30.159000 14.570000 21.898001 C
285 16 30.186001 15.386000 20.879999 N
286 16 30.212000 14.547000 19.790001 C
287 16 30.233000 14.797000 18.431000 C
288 16 30.237000 16.018000 17.924999 N
289 16 30.254000 13.743000 17.597000 N
290 16 30.267000 12.512000 18.125000 C
291 16 30.256001 12.151000 19.399000 N
292 16 30.218000 13.233000 20.186001 C
293 17 31.712999 9.105000 24.434000 P
294 17 31.468000 7.677000 24.761000 O
295 17 32.842999 9.840000 25.070000 O
296 17 31.847000 9.183000 22.865000 O
297 17 30.843000 8.557000 22.080999 C
298 17 31.445999 8.099000 20.787001 C
299 17 31.610001 9.253000 19.941000 O
300 17 32.840000 7.535000 20.999001 C
301 17 33.029999 6.565000 19.990000 O
302 17 33.731998 8.745000 20.791000 C
303 17 32.987999 9.454000 19.674000 C
304 17 33.185001 10.894000 19.528000 N
305 17 33.112000 11.398000 18.260000 C
306 17 32.956001 10.699000 17.273001 O
307 17 33.226002 12.745000 18.174999 N
308 17 33.417000 13.628000 19.202000 C
309 17 33.501999 14.829000 18.959000 O
310 17 33.506001 13.034000 20.518000 C
311 17 33.699001 13.921000 21.705000 C
312 17 33.398998 11.706000 20.613001 C
313 18 34.405998 5.768000 19.903999 P
314 18 34.068001 4.318000 20.098000 O
315 18 35.435001 6.442000 20.767000 O
316 18 34.797001 5.946000 18.381001 O
317 18 33.832001 5.667000 17.358000 C
318 18 34.409000 6.046000 16.021999 C
319 18 34.536999 7.482000 15.967000 O
320 18 35.818001 5.503000 15.842000 C
321 18 36.011002 5.208000 14.472000 O
322 18 36.699001 6.649000 16.299000 C
323 18 35.902000 7.860000 15.848000 C
324 18 36.098999 9.056000 16.663000 N
325 18 36.123001 9.114000 18.023001 C
326 18 36.299999 10.320000 18.500999 N
327 18 36.411999 11.109000 17.375000 C
328 18 36.605000 12.488000 17.218000 C
329 18 36.748001 13.328000 18.243999 N
330 18 36.645000 12.976000 15.964000 N
331 18 36.494999 12.119000 14.940000 C
332 18 36.308998 10.791000 14.964000 N
333 18 36.280998 10.346000 16.230000 C
334 19 37.361000 4.496000 14.005000 P
335 19 37.020000 3.567000 12.912000 O
336 19 38.035999 3.975000 15.222000 O
337 19 38.188000 5.703000 13.393000 O
338 19 37.676998 6.399000 12.257000 C
339 19 38.653000 7.463000 11.827000 C
340 19 38.634998 8.538000 12.792000 O
341 19 40.101002 6.987000 11.753000 C
342 19 40.736000 7.535000 10.600000 O
343 19 40.712002 7.552000 13.020000 C
344 19 39.943001 8.842000 13.180000 C
345 19 39.883999 9.445000 14.519000 N
346 19 39.657001 10.809000 14.593000 C
347 19 39.445000 11.430000 13.542000 O
348 19 39.653999 11.423000 15.796000 N
349 19 39.842999 10.711000 16.898001 C
350 19 39.855999 11.364000 18.051001 N
351 19 40.035999 9.300000 16.861000 C
352 19 40.055000 8.711000 15.661000 C
353 20 42.056000 6.843000 10.022000 P
354 20 42.247002 7.183000 8.598000 O
355 20 41.990002 5.426000 10.434000 O
356 20 43.231998 7.543000 10.833000 O
357 20 43.189999 8.944000 11.111000 C
358 20 44.557999 9.447000 11.510000 C
359 20 45.085999 8.637000 12.590000 O
360 20 45.609001 9.418000 10.410000 C
361 20 46.450001 10.543000 10.590000 O
362 20 46.397999 8.151000 10.686000 C
363 20 46.080002 7.746000 12.122000 C
364 20 45.493999 6.407000 12.083000 N
365 20 45.741001 5.488000 11.098000 C
366 20 45.060001 4.387000 11.235000 N
367 20 44.327999 4.570000 12.394000 C
368 20 43.417000 3.698000 13.034000 C
369 20 43.053001 2.560000 12.676000 O
370 20 42.903000 4.262000 14.198000 N
371 20 43.217999 5.509000 14.671000 C
372 20 42.613998 5.860000 15.806000 N
373 20 44.063000 6.343000 14.075000 N
374 20 44.584000 5.809000 12.947000 C
376 21 67.624001 2.902000 17.754999 O
377 22 68.111000 4.424000 17.561001 P
378 22 67.259003 5.084000 16.540001 O
379 22 69.586998 4.381000 17.375000 O
380 22 67.838997 5.074000 18.983999 O
381 22 68.682999 4.752000 20.091999 C
382 22 68.070000 5.258000 21.374001 C
383 22 67.954002 6.695000 21.284000 O
384 22 66.660004 4.741000 21.635000 C
385 22 66.462997 4.562000 23.047001 O
386 22 65.781998 5.839000 21.061001 C
387 22 66.596001 7.090000 21.323000 C
388 22 66.430000 8.116000 20.309000 N
389 22 66.546997 7.938000 18.955999 C
390 22 66.419998 9.053000 18.283001 N
391 22 66.190002 10.022000 19.254000 C
392 22 66.011002 11.402000 19.125000 C
393 22 66.009003 12.072000 18.106001 O
394 22 65.827003 12.014000 20.353001 N
395 22 65.806999 11.364000 21.556999 C
396 22 65.612000 12.112000 22.642000 N
397 22 65.969002 10.070000 21.691000 N
398 22 66.167000 9.460000 20.506001 C
399 23 65.035004 4.051000 23.606001 P
400 23 65.307999 3.406000 24.915001 O
401 23 64.260002 3.324000 22.559999 O
402 23 64.266998 5.399000 23.915001 O
403 23 64.735001 6.241000 24.951000 C
404 23 63.787998 7.393000 25.148001 C
405 23 63.839001 8.277000 24.006001 O
406 23 62.319000 7.010000 25.326000 C
407 23 61.834999 7.775000 26.415001 O
408 23 61.673000 7.463000 24.018999 C
409 23 62.521999 8.656000 23.664000 C
410 23 62.537998 9.086000 22.268000 N
411 23 62.504002 10.431000 22.028000 C
412 23 62.405998 11.268000 22.907000 O
413 23 62.576000 10.777000 20.714001 N
414 23 62.636002 9.933000 19.638000 C
415 23 62.638000 10.394000 18.510000 O
416 23 62.668999 8.538000 19.952999 C
417 23 62.778999 7.550000 18.836000 C
418 23 62.610001 8.185000 21.242001 C
419 24 60.483002 7.357000 27.164000 P
420 24 60.881001 7.099000 28.577999 O
421 24 59.706001 6.313000 26.417000 O
422 24 59.689999 8.735000 27.171000 O
423 24 60.292000 9.838000 27.827000 C
424 24 59.804001 11.141000 27.257000 C
425 24 60.140999 11.255000 25.865000 O
426 24 58.310001 11.380000 27.353001 C
427 24 58.136002 12.672000 27.900999 O
428 24 57.828999 11.324000 25.915001 C
429 24 59.042999 11.779000 25.146000 C
430 24 59.134998 11.267000 23.778999 N
431 24 59.208000 9.957000 23.396000 C
432 24 59.311001 9.791000 22.103001 N
433 24 59.292999 11.080000 21.601000 C
434 24 59.361000 11.578000 20.297001 C
435 24 59.473000 10.802000 19.212999 N
436 24 59.313999 12.912000 20.132000 N
437 24 59.212002 13.681000 21.214001 C
438 24 59.141998 13.327000 22.495001 N
439 24 59.186001 11.997000 22.620001 C
440 25 56.715000 13.084000 28.506001 P
441 25 56.924999 13.949000 29.687000 O
442 25 55.876999 11.860000 28.617001 O
443 25 56.151001 14.000000 27.347000 O
444 25 56.924000 15.114000 26.927999 C
445 25 56.386002 15.674000 25.639000 C
446 25 56.712002 14.813000 24.525999 O
447 25 54.875999 15.910000 25.587999 C
448 25 54.672001 17.212000 25.080000 O
449 25 54.389000 14.887000 24.577000 C
450 25 55.592999 14.799000 23.662001 C
451 25 55.695000 13.609000 22.813000 N
452 25 55.995998 13.813000 21.490999 C
453 25 56.161999 14.925000 21.007999 O
454 25 56.103001 12.673000 20.753000 N
455 25 55.944000 11.383000 21.197001 C
456 25 56.104000 10.450000 20.424000 O
457 25 55.598999 11.248000 22.584999 C
458 25 55.334999 9.885000 23.131001 C
459 25 55.507999 12.352000 23.320000 C
460 26 53.230999 17.868999 25.145000 P
461 26 53.367001 19.124001 25.923000 O
462 26 52.248001 16.841000 25.559999 O
463 26 53.007999 18.306000 23.642000 O
464 26 54.007000 19.093000 23.011999 C
465 26 53.778000 19.153000 21.521999 C
466 26 53.963001 17.863001 20.907000 O
467 26 52.398998 19.629000 21.089001 C
468 26 52.578999 20.551001 20.024000 O
469 26 51.701000 18.358000 20.635000 C
470 26 52.841999 17.511999 20.129000 C
471 26 52.646000 16.084000 20.296000 N
472 26 52.299000 15.378000 21.412001 C
473 26 52.275002 14.081000 21.226999 N
474 26 52.617001 13.934000 19.895000 C
475 26 52.768002 12.804000 19.066000 C
476 26 52.576000 11.541000 19.461000 N
477 26 53.116001 13.025000 17.787001 N
478 26 53.283001 14.289000 17.375000 C
479 26 53.165001 15.416000 18.047001 N
480 26 52.831001 15.165000 19.312000 C
481 27 51.313000 21.201000 19.320000 P
482 27 51.817001 22.476000 18.738001 O
483 27 50.154999 21.205000 20.267000 O
484 27 51.041000 20.165001 18.156000 O
485 27 52.089001 19.848000 17.257999 C
486 27 51.514999 19.237000 16.009001 C
487 27 51.463001 17.798000 16.091999 O
488 27 50.104000 19.702000 15.688000 C
489 27 50.063999 20.034000 14.307000 O
490 27 49.243000 18.503000 16.047001 C
491 27 50.166000 17.327000 15.805000 C
492 27 49.925999 16.163000 16.681000 N
493 27 50.042000 14.899000 16.138000 C
494 27 50.328999 14.684000 14.950000 O
495 27 49.816002 13.882000 17.037001 N
496 27 49.508999 13.998000 18.379000 C
497 27 49.347000 12.996000 19.061001 O
498 27 49.409000 15.327000 18.868999 C
499 27 49.094002 15.525000 20.312000 C
500 27 49.608002 16.337999 18.014000 C
501 28 48.669998 20.187000 13.566000 P
502 28 49.007999 20.858999 12.275000 O
503 28 47.653999 20.778999 14.474000 O
504 28 48.320000 18.677999 13.252000 O
505 28 49.202000 17.926001 12.423000 C
506 28 48.428001 16.872999 11.674000 C
507 28 48.237000 15.714000 12.509000 O
508 28 47.040001 17.296000 11.216000 C
509 28 46.787998 16.612000 10.005000 O
510 28 46.150002 16.759001 12.318000 C
511 28 46.865002 15.475000 12.708000 C
512 28 46.707001 15.087000 14.097000 N
513 28 46.528000 15.877000 15.191000 C
514 28 46.419998 15.211000 16.309000 N
515 28 46.532001 13.892000 15.913000 C
516 28 46.471001 12.687000 16.627001 C
517 28 46.229000 12.627000 17.938999 N
518 28 46.646999 11.535000 15.934000 N
519 28 46.837002 11.614000 14.602000 C
520 28 46.882000 12.692000 13.822000 N
521 28 46.722000 13.806000 14.552000 C
522 29 45.431000 16.864000 9.204000 P
523 29 45.916000 16.795000 7.816000 O
524 29 44.769001 18.087999 9.718000 O
525 29 44.535999 15.589000 9.513000 O
526 29 44.845001 14.362000 8.871000 C
527 29 44.021999 13.243000 9.447000 C
528 29 44.271000 13.186000 10.869000 O
529 29 42.500999 13.368000 9.289000 C
530 29 41.969002 12.071000 9.065000 O
531 29 42.044998 13.789000 10.671000 C
532 29 43.025002 12.994000 11.502000 C
533 29 43.153000 13.388000 12.904000 N
534 29 43.196999 12.383000 13.861000 C
535 29 43.150002 11.205000 13.489000 O
536 29 43.287998 12.712000 15.164000 N
537 29 43.340000 13.998000 15.524000 C
538 29 43.426998 14.282000 16.839001 N
539 29 43.306000 15.049000 14.559000 C
540 29 43.216000 14.700000 13.273000 C
541 30 40.707001 11.875000 8.105000 P
542 30 40.811001 10.459000 7.659000 O
543 30 40.735001 12.988000 7.115000 O
544 30 39.448002 11.994000 9.079000 O
545 30 39.480000 11.402000 10.380000 C
546 30 38.136002 11.547000 11.058000 C
547 30 37.770000 12.942000 11.076000 O
548 30 36.972000 10.835000 10.376000 C
549 30 35.823002 10.607000 11.241000 O
550 30 36.513000 11.870000 9.377000 C
551 30 36.826000 13.205000 10.054000 C
552 30 37.483002 14.051000 9.073000 N
553 30 37.325001 13.956000 7.717000 C
554 30 38.118999 14.737000 7.060000 N
555 30 38.825001 15.404000 8.032000 C
556 30 39.825001 16.318001 7.895000 C
557 30 40.313999 16.731001 6.865000 O
558 30 40.294998 16.768999 9.120000 N
559 30 39.841999 16.353001 10.335000 C
560 30 40.463001 16.892000 11.404000 N
561 30 38.867001 15.468000 10.485000 N
562 30 38.416000 15.030000 9.286000 C
564 31 45.367001 1.465000 24.802000 O
565 31 44.094002 1.454000 24.160000 C
566 31 43.058998 2.226000 24.945000 C
567 31 43.105000 1.813000 26.333000 O
568 31 43.212002 3.751000 24.959999 C
569 31 41.905998 4.342000 24.951000 O
570 31 43.848999 4.017000 26.312000 C
571 31 43.146000 2.967000 27.153000 C
572 31 43.810001 2.601000 28.403999 N
573 31 43.075001 1.926000 29.388000 C
574 31 41.867001 1.676000 29.186001 O
575 31 43.696999 1.561000 30.534000 N
576 31 44.990002 1.849000 30.715000 C
577 31 45.569000 1.450000 31.851999 N
578 31 45.749001 2.550000 29.738001 C
579 31 45.125999 2.903000 28.608999 C
580 32 41.660999 5.737000 24.198999 P
581 32 42.625999 6.768000 24.683001 O
582 32 40.186001 6.013000 24.204000 O
583 32 42.014999 5.369000 22.705000 O
584 32 41.251999 4.397000 22.002001 C
585 32 41.806000 4.260000 20.606001 C
586 32 41.714001 5.527000 19.899000 O
587 32 43.283001 3.929000 20.632999 C
588 32 43.525002 3.005000 19.617001 O
589 32 43.978001 5.260000 20.372000 C
590 32 42.993000 5.981000 19.478001 C
591 32 42.980000 7.437000 19.575001 N
592 32 42.749001 8.175000 20.711000 C
593 32 42.706001 9.464000 20.489000 N
594 32 42.943001 9.591000 19.128000 C
595 32 43.007000 10.752000 18.313000 C
596 32 42.900002 11.938000 18.642000 O
597 32 43.242001 10.436000 16.988001 N
598 32 43.436001 9.173000 16.506001 C
599 32 43.685001 9.095000 15.187000 N
600 32 43.398998 8.069000 17.257999 N
601 32 43.138000 8.353000 18.548000 C
602 33 44.868000 2.181000 19.658001 P
603 33 44.521999 0.758000 19.344000 O
604 33 45.610001 2.525000 20.896999 O
605 33 45.662998 2.785000 18.444000 O
606 33 45.080002 2.732000 17.174000 C
607 33 45.881001 3.569000 16.219999 C
608 33 45.734001 4.962000 16.548000 O
609 33 47.369999 3.287000 16.254999 C
610 33 47.748001 3.180000 14.901000 O
611 33 47.958000 4.526000 16.933001 C
612 33 46.993000 5.586000 16.489000 C
613 33 46.888000 6.831000 17.260000 N
614 33 46.598999 7.986000 16.552999 C
615 33 46.542000 8.040000 15.328000 O
616 33 46.391998 9.084000 17.327000 N
617 33 46.459999 9.161000 18.691000 C
618 33 46.193001 10.207000 19.240999 O
619 33 46.841999 7.945000 19.365999 C
620 33 47.021999 7.968000 20.849001 C
621 33 47.028999 6.847000 18.625000 C
622 34 49.265999 2.903000 14.529000 P
623 34 49.256001 1.613000 13.790000 O
624 34 50.119999 3.063000 15.738000 O
625 34 49.590000 4.076000 13.518000 O
626 34 48.772999 4.248000 12.367000 C
627 34 49.237999 5.451000 11.602000 C
628 34 48.987999 6.610000 12.426000 O
629 34 50.738998 5.415000 11.367000 C
630 34 51.046001 5.889000 10.061000 O
631 34 51.303001 6.318000 12.452000 C
632 34 50.185001 7.305000 12.698000 C
633 34 50.105000 7.765000 14.074000 N
634 34 50.098999 6.995000 15.197000 C
635 34 50.021999 7.683000 16.312000 N
636 34 49.966000 8.992000 15.887000 C
637 34 49.868999 10.195000 16.587000 C
638 34 49.813000 10.275000 17.915001 N
639 34 49.831001 11.328000 15.871000 N
640 34 49.890999 11.244000 14.530000 C
641 34 49.986000 10.166000 13.754000 N
642 34 50.016998 9.059000 14.507000 C
643 35 52.571999 6.007000 9.619000 P
644 35 52.648998 6.057000 8.141000 O
645 35 53.362000 5.001000 10.376000 O
646 35 52.952000 7.450000 10.124000 O
647 35 52.203999 8.528000 9.639000 C
648 35 52.810001 9.828000 10.089000 C
649 35 52.523998 10.096000 11.483000 O
650 35 54.316002 9.986000 9.893000 C
651 35 54.459000 11.209000 9.163000 O
652 35 54.853001 10.020000 11.320000 C
653 35 53.687000 10.592000 12.112000 C
654 35 53.584000 10.273000 13.552000 N
655 35 53.351002 11.330000 14.407000 C
656 35 53.298000 12.495000 14.033000 O
657 35 53.188999 10.986000 15.722000 N
658 35 53.245998 9.731000 16.261000 C
659 35 53.050999 9.582000 17.465000 O
660 35 53.535000 8.665000 15.318000 C
661 35 53.660000 7.264000 15.833000 C
662 35 53.682999 8.987000 14.022000 C
663 36 55.886002 11.874000 8.938000 P
664 36 55.845001 12.563000 7.618000 O
665 36 56.950001 10.899000 9.235000 O
666 36 55.886002 13.009000 10.035000 O
667 36 54.837002 13.958000 10.030000 C
668 36 55.112999 15.027000 11.048000 C
669 36 54.991001 14.434000 12.356000 O
670 36 56.516998 15.627000 10.960000 C
671 36 56.410999 17.052999 11.097000 O
672 36 57.269001 14.954000 12.099000 C
673 36 56.162998 14.681000 13.110000 C
674 36 56.367001 13.527000 13.975000 N
675 36 56.568001 12.239000 13.589000 C
676 36 56.695999 11.402000 14.589000 N
677 36 56.567001 12.201000 15.712000 C
678 36 56.611000 11.916000 17.083000 C
679 36 56.778000 10.696000 17.577999 N
680 36 56.476002 12.948000 17.938999 N
681 36 56.308998 14.178000 17.441000 C
682 36 56.241001 14.568000 16.180000 N
683 36 56.376999 13.517000 15.349000 C
684 37 57.731998 17.959000 11.173000 P
685 37 57.404999 19.357000 10.798000 O
686 37 58.827000 17.230000 10.489000 O
687 37 57.984001 18.014000 12.726000 O
688 37 56.980000 18.563999 13.547000 C
689 37 57.528000 18.771999 14.927000 C
690 37 57.688000 17.483999 15.540000 O
691 37 58.908001 19.416000 14.950000 C
692 37 58.950001 20.270000 16.082001 O
693 37 59.841000 18.232000 15.139000 C
694 37 58.992001 17.386000 16.052999 C
695 37 59.292999 15.975000 16.162001 N
696 37 59.188999 15.437000 17.409000 C
697 37 58.923000 16.096001 18.389999 O
698 37 59.400002 14.102000 17.473000 N
699 37 59.698002 13.257000 16.427000 C
700 37 59.842999 12.052000 16.639000 O
701 37 59.807999 13.896000 15.130000 C
702 37 60.104000 13.058000 13.932000 C
703 37 59.619999 15.217000 15.066000 C
704 38 60.196999 21.236000 16.295000 P
705 38 59.689999 22.628000 16.381001 O
706 38 61.243000 20.865999 15.297000 O
707 38 60.681000 20.851999 17.745001 O
708 38 59.756001 20.921000 18.820999 C
709 38 60.405998 20.403999 20.073000 C
710 38 60.577000 18.972000 20.006001 O
711 38 61.798000 20.979000 20.232000 C
712 38 61.977001 21.257000 21.601000 O
713 38 62.708000 19.870001 19.721001 C
714 38 61.945000 18.625999 20.125000 C
715 38 62.169998 17.443001 19.299999 N
716 38 62.215000 17.378000 17.940001 C
717 38 62.417000 16.165001 17.476000 N
718 38 62.523998 15.383000 18.617001 C
719 38 62.757999 13.989000 18.812000 C
720 38 62.962002 13.115000 17.827999 N
721 38 62.782001 13.535000 20.070000 N
722 38 62.595001 14.413000 21.059999 C
723 38 62.380001 15.737000 21.006001 N
724 38 62.361000 16.160000 19.743999 C
725 39 63.285000 22.006001 22.072001 P
726 39 62.909000 22.825001 23.250999 O
727 39 63.867001 22.653000 20.857000 O
728 39 64.195999 20.792000 22.556000 O
729 39 63.787998 20.006001 23.684000 C
730 39 64.862000 19.020000 24.066999 C
731 39 64.835999 17.892000 23.177000 O
732 39 66.296997 19.534000 24.037001 C
733 39 67.031998 18.829000 25.041000 O
734 39 66.779999 19.048000 22.684000 C
735 39 66.138000 17.681999 22.665001 C
736 39 66.018997 17.003000 21.364000 N
737 39 65.926003 15.616000 21.353001 C
738 39 65.935997 15.012000 22.427999 O
739 39 65.814003 14.964000 20.184999 N
740 39 65.773003 15.653000 19.054001 C
741 39 65.641998 14.978000 17.917000 N
742 39 65.862000 17.073000 19.034000 C
743 39 65.989998 17.702000 20.200001 C
744 40 68.306999 19.510000 25.732000 P
745 40 68.378998 19.068001 27.153000 O
746 40 68.222000 20.964001 25.408001 O
747 40 69.536003 18.860001 24.961000 O
748 40 69.430000 17.551001 24.403000 C
749 40 70.799004 17.038000 24.021999 C
750 40 71.430000 17.982000 23.132999 O
751 40 71.761002 16.900000 25.184999 C
752 40 72.750999 15.935000 24.812000 O
753 40 72.387001 18.275999 25.257000 C
754 40 72.297997 18.832001 23.847000 C
755 40 71.679001 20.153999 23.900000 N
756 40 71.900002 21.079000 24.881001 C
757 40 71.185997 22.158001 24.743000 N
758 40 70.459000 21.948000 23.590000 C
759 40 69.524002 22.775999 22.961000 C
760 40 69.137001 23.879999 23.315001 O
761 40 69.013000 22.204000 21.806000 N
762 40 69.355003 20.971001 21.337999 C
763 40 68.735001 20.591999 20.230000 N
764 40 70.237000 20.167999 21.922001 N
765 40 70.751999 20.722000 23.041000 C
