1329 2990
0 2
0 3
0 4
0 5
1 3
1 5
1 8
2 4
2 5
2 9
2 10
3 8
3 9
3 10
4 6
4 8
5 7
8 10
8 11
8 12
8 13
9 11
9 13
9 14
9 15
10 12
10 14
10 16
11 15
11 16
11 396
11 401
13 14
15 17
15 18
15 19
15 20
16 18
16 20
16 24
17 19
17 25
18 24
18 25
19 21
19 22
19 24
20 22
20 23
22 23
24 26
24 27
24 28
24 29
24 404
25 27
25 29
25 36
26 28
26 37
26 38
27 28
27 36
27 37
27 38
28 30
28 31
29 32
29 33
29 34
30 31
30 33
30 34
31 32
31 34
32 33
32 35
33 35
35 386
36 38
36 39
36 40
36 600
37 39
37 41
37 45
38 40
38 46
39 40
39 45
39 46
39 593
39 602
40 42
41 43
42 44
44 420
44 424
45 47
45 48
45 49
45 420
46 48
46 50
46 53
47 49
47 54
48 49
48 53
48 54
48 433
49 51
49 52
51 52
53 55
53 56
53 57
53 58
53 605
54 56
54 58
54 59
54 60
55 57
55 59
55 61
56 60
56 61
56 617
58 59
60 62
60 63
60 64
60 66
60 436
61 63
61 65
61 66
61 67
62 64
62 65
62 68
62 71
63 64
63 67
63 68
63 454
65 66
67 69
67 70
67 71
67 620
68 70
68 72
68 73
68 74
69 71
69 72
69 75
70 74
70 75
70 620
70 631
72 73
74 76
74 77
75 77
75 78
76 79
77 78
77 79
77 117
77 462
77 766
78 80
78 81
78 82
79 81
79 83
80 82
80 84
80 85
81 83
81 84
81 85
81 104
81 117
82 83
83 85
83 86
83 87
84 86
84 88
84 94
85 87
85 95
85 96
85 98
86 94
86 95
86 96
86 98
87 89
87 94
88 90
89 91
89 92
90 92
90 93
92 93
94 96
94 98
95 97
95 98
96 99
97 98
97 99
97 100
97 934
98 100
98 102
98 103
98 104
98 105
99 101
99 103
99 104
99 105
100 102
100 106
100 934
101 105
101 106
101 925
101 934
103 104
105 107
105 109
106 108
106 109
107 110
107 111
108 109
108 110
108 111
108 129
109 111
109 113
109 114
109 118
110 112
110 114
110 118
111 113
111 119
112 118
112 119
112 142
113 115
113 116
113 118
114 116
114 117
115 117
117 462
118 120
118 122
118 123
118 124
119 121
119 123
119 124
120 122
120 125
120 126
121 122
121 124
121 125
121 126
121 144
122 124
123 271
123 448
124 126
124 128
124 129
125 127
125 129
126 128
126 130
126 131
127 129
127 130
127 131
127 152
128 129
129 131
129 133
129 137
130 132
130 134
130 135
130 137
131 133
131 138
131 139
132 137
132 138
132 139
132 161
133 135
133 136
133 137
135 136
137 139
137 141
137 142
137 144
138 140
138 142
138 143
138 144
139 141
139 143
139 145
139 146
140 144
140 145
140 146
140 169
142 143
144 146
144 148
144 149
144 152
145 147
145 149
145 150
145 152
146 148
146 150
146 153
146 154
147 152
147 153
147 154
147 177
147 186
148 151
149 150
150 151
152 154
152 156
152 161
153 155
153 157
153 158
153 161
154 156
154 162
155 161
155 162
155 163
155 186
155 187
155 1182
156 158
157 159
157 160
159 160
159 194
159 1179
160 1154
161 163
161 165
161 169
162 164
162 166
162 168
162 169
163 165
163 170
164 169
164 170
164 171
165 167
165 168
165 169
167 168
169 171
169 173
169 174
169 177
170 172
170 174
170 175
170 176
170 177
171 173
171 175
171 178
172 177
172 178
173 176
173 177
174 175
177 179
177 181
177 182
177 186
178 180
178 182
178 186
179 181
179 187
179 188
179 190
180 181
180 186
180 187
180 188
180 189
180 190
181 183
181 184
182 184
182 185
184 185
186 188
186 190
186 194
187 189
187 191
187 192
187 194
188 190
188 191
188 195
188 198
189 190
189 191
189 193
189 194
189 195
189 198
190 192
190 193
192 193
194 196
194 197
194 198
195 197
195 199
195 204
196 198
196 199
196 205
197 198
197 199
197 204
197 205
198 200
198 201
198 204
199 202
199 203
200 201
200 203
201 202
204 206
204 207
204 208
205 207
205 209
205 210
205 215
206 208
206 209
206 216
207 208
207 215
207 216
208 210
208 211
209 212
209 213
209 214
210 211
210 213
210 214
210 1154
211 212
211 214
212 213
215 217
215 218
215 219
215 221
216 218
216 220
216 221
216 222
217 219
217 220
217 223
217 230
218 219
218 222
218 223
220 221
222 224
222 226
222 230
223 225
223 227
223 228
223 230
224 226
224 227
224 231
225 226
225 227
225 230
225 231
226 228
226 229
228 229
230 232
230 233
230 234
231 233
231 235
231 239
232 234
232 240
233 239
233 240
234 236
234 237
234 239
235 237
235 238
237 238
239 241
239 242
239 243
240 242
240 244
240 245
240 251
241 243
241 252
241 255
242 243
242 251
242 252
242 255
243 245
243 246
244 247
244 248
244 249
245 246
245 248
245 249
246 247
246 249
247 248
247 250
248 250
251 253
251 255
252 254
252 256
252 257
252 259
252 265
253 255
253 256
253 257
253 260
253 261
253 265
254 255
254 256
254 257
254 259
254 260
254 261
255 257
255 258
257 258
259 261
259 262
259 263
259 264
260 262
260 264
260 265
260 266
261 263
261 267
262 263
262 266
262 267
263 265
266 268
266 269
266 270
266 271
267 269
267 271
267 272
267 273
268 270
268 272
268 274
268 275
269 270
269 273
269 274
269 460
271 272
273 275
273 276
273 277
273 278
273 281
274 276
274 278
274 279
274 280
274 281
275 277
275 279
275 282
275 285
276 281
276 282
277 280
277 281
278 279
279 280
281 283
281 284
281 285
282 284
282 286
282 290
283 285
283 291
284 285
284 290
284 291
285 287
285 288
286 288
286 289
288 289
290 292
290 293
290 294
290 444
291 293
291 295
291 296
291 298
292 294
292 299
293 294
293 298
293 299
293 441
293 444
294 296
294 297
296 297
298 300
298 301
298 302
299 301
299 303
299 304
300 302
300 303
300 305
301 302
301 304
301 305
303 304
304 306
304 307
304 308
304 309
304 428
305 307
305 309
305 316
306 308
306 317
307 308
307 316
307 317
307 412
307 425
308 310
308 311
309 312
309 313
309 314
310 311
310 313
310 314
311 312
311 314
312 313
312 315
313 315
316 318
316 319
316 320
316 321
317 319
317 321
317 327
317 412
318 320
318 328
319 320
319 327
319 328
320 322
320 323
321 323
321 324
322 324
322 325
323 325
323 326
325 326
327 329
327 330
327 331
327 412
328 330
328 332
328 333
328 336
329 331
329 332
329 337
329 338
330 331
330 336
330 337
330 409
331 333
332 334
333 335
336 338
336 339
336 340
337 339
337 341
337 342
337 345
338 340
338 342
338 344
338 346
338 349
339 340
339 345
339 346
340 342
340 344
341 343
341 344
343 344
343 394
345 347
345 348
345 349
345 398
346 348
346 350
346 351
346 352
347 349
347 350
347 353
348 352
348 353
348 395
350 351
352 354
352 355
352 356
352 358
353 355
353 357
353 358
353 359
354 356
354 357
354 360
355 356
355 359
355 360
357 358
359 361
359 362
359 363
359 364
359 382
360 362
360 364
360 365
360 367
361 363
361 365
361 368
361 369
362 363
362 367
362 368
362 369
362 379
363 366
364 365
365 366
367 369
367 371
367 372
367 373
367 375
368 370
368 372
368 373
368 375
369 371
369 376
370 371
370 375
370 376
371 373
371 374
373 374
373 1279
374 1276
374 1279
374 1308
375 377
375 379
376 378
376 379
377 380
378 379
378 380
379 381
379 382
379 383
380 382
380 384
380 388
381 383
381 384
381 389
381 390
382 383
382 388
382 389
382 390
383 385
383 386
384 386
384 387
386 387
386 1307
388 390
388 391
388 392
388 393
389 391
389 393
389 394
389 395
390 392
390 394
390 396
390 399
391 392
391 395
391 396
391 399
393 394
395 397
395 398
395 399
396 398
396 400
396 401
397 399
397 402
398 401
398 402
401 403
401 404
401 405
402 404
402 406
402 409
403 405
403 406
403 410
403 411
404 405
404 409
404 410
405 407
405 408
407 408
409 411
409 412
409 413
410 412
410 414
410 415
410 417
411 413
411 418
412 413
412 417
412 418
413 415
413 416
415 416
417 419
417 420
417 421
417 425
418 420
418 422
418 423
418 425
419 421
419 422
419 426
420 421
420 422
420 425
420 426
421 423
421 424
423 424
425 427
425 428
425 429
425 430
426 428
426 430
426 431
426 433
427 429
427 431
427 434
428 429
428 433
428 434
429 432
430 431
431 432
431 433
433 435
433 436
433 437
434 436
434 438
434 439
434 441
435 437
435 442
436 437
436 441
436 442
437 439
437 440
439 440
441 443
441 444
441 445
442 444
442 446
442 447
442 449
443 445
443 446
443 450
444 445
444 449
444 450
445 447
445 448
447 448
449 451
449 452
449 453
449 454
449 455
450 452
450 454
450 455
450 456
451 453
451 454
451 457
452 456
452 457
453 456
454 455
456 458
456 459
456 460
457 459
457 461
458 460
458 462
458 463
459 460
459 461
459 462
459 463
459 464
461 463
461 465
462 464
462 465
463 466
464 465
464 466
464 533
464 766
465 467
465 468
465 469
466 468
466 470
466 474
467 469
467 475
467 478
468 474
468 475
468 478
468 479
469 471
469 472
469 474
470 472
470 473
472 473
472 474
474 476
474 477
474 478
475 477
475 479
475 483
476 478
476 479
476 484
476 485
476 492
477 483
477 484
477 485
477 492
477 495
478 480
478 481
478 483
479 481
479 482
479 483
481 482
482 498
483 485
483 487
483 488
483 492
484 486
484 488
484 492
485 487
485 493
485 494
486 487
486 492
486 493
486 504
487 489
487 490
488 490
488 491
490 491
492 494
492 495
492 496
492 498
492 504
493 495
493 497
493 498
493 504
494 496
494 505
495 496
495 504
495 505
495 531
495 532
496 498
496 499
497 500
497 501
497 502
498 499
498 501
498 502
499 500
499 502
500 501
500 503
501 503
504 506
504 507
504 508
504 509
505 507
505 509
505 510
506 508
506 511
506 512
506 515
507 510
507 511
507 512
507 515
507 523
508 510
510 512
510 514
510 515
511 513
511 515
512 514
512 516
512 517
512 523
513 514
513 515
513 516
513 517
513 523
513 534
513 538
513 539
513 540
515 517
515 519
515 523
516 518
516 520
516 523
517 519
517 524
518 519
518 520
518 523
518 524
519 521
520 522
523 525
523 527
523 528
523 534
524 526
524 528
524 534
525 527
525 535
525 536
525 542
526 527
526 534
526 535
526 536
526 542
526 551
526 563
527 529
527 534
528 530
529 531
529 532
530 532
530 533
532 533
534 536
534 538
534 540
534 542
535 537
535 539
535 540
535 542
536 538
536 543
536 544
537 542
537 543
537 544
537 571
538 540
538 541
538 542
539 823
540 541
540 795
540 823
541 823
542 544
542 546
542 551
543 545
543 547
543 551
544 546
544 547
544 552
545 551
545 552
546 548
547 549
547 550
549 550
551 553
551 555
551 556
551 563
552 554
552 556
552 563
553 555
553 564
553 565
553 571
554 555
554 563
554 564
554 565
554 589
555 557
555 558
555 563
556 559
556 560
556 561
557 558
557 560
557 561
558 559
558 561
559 560
559 562
560 562
563 565
563 567
563 568
563 571
564 566
564 568
564 571
565 567
565 572
565 573
566 567
566 571
566 572
566 573
567 569
568 570
571 573
571 575
571 582
572 574
572 576
572 582
573 575
573 576
573 583
574 582
574 583
574 839
575 577
575 582
576 578
577 579
577 580
578 580
578 581
580 581
582 584
582 586
582 587
582 588
582 589
583 585
583 587
583 588
583 589
584 586
584 587
584 590
584 591
585 586
585 589
585 590
585 591
587 588
589 591
589 592
590 592
590 593
591 594
591 595
592 593
592 594
592 839
593 595
593 597
593 598
593 602
594 596
594 598
594 602
595 597
595 603
596 602
596 603
597 599
597 600
597 602
598 600
598 601
600 601
602 604
602 605
603 605
603 606
604 607
605 606
605 607
606 608
606 609
606 610
606 611
606 612
606 880
607 609
607 611
607 617
608 610
608 618
609 610
609 617
609 618
610 612
610 613
611 614
611 615
611 616
612 613
612 615
612 616
613 614
613 616
614 615
617 619
617 620
617 621
618 620
618 622
618 624
618 625
619 621
619 626
620 621
620 625
620 626
621 623
621 624
623 624
625 627
625 628
625 629
625 630
625 895
626 628
626 630
626 631
627 629
627 632
628 629
628 631
628 632
628 907
631 633
631 634
631 635
631 637
632 634
632 636
632 637
632 638
633 635
633 636
633 639
634 638
634 639
636 637
638 640
638 641
638 642
638 643
638 910
639 641
639 643
639 649
640 642
640 643
640 650
641 649
641 650
641 918
642 644
642 645
642 649
643 646
643 647
643 648
644 645
644 647
644 648
645 646
645 648
646 647
649 651
649 652
649 653
650 652
650 654
651 653
651 655
652 653
652 654
652 655
652 656
652 662
652 670
654 656
654 658
654 659
654 660
654 662
654 921
655 657
655 659
655 660
655 662
656 658
656 659
656 663
657 658
657 662
657 663
657 970
657 977
657 984
658 661
659 660
661 929
662 664
662 666
662 667
662 668
662 670
663 665
663 667
663 668
663 670
664 666
664 667
664 668
664 671
664 982
665 666
665 667
665 670
665 671
665 982
666 668
666 669
668 669
670 672
670 673
670 674
671 673
671 675
671 676
671 678
672 674
672 675
672 676
672 679
672 680
673 674
673 678
673 679
673 680
673 699
674 676
674 677
676 677
677 699
678 680
678 682
678 683
678 685
679 681
679 683
679 684
679 685
680 682
680 686
680 687
681 685
681 686
681 687
681 700
681 711
681 716
683 684
685 687
685 689
685 694
686 688
686 690
686 694
687 689
687 695
687 696
687 700
688 689
688 694
688 695
688 696
688 720
688 725
688 726
689 691
689 694
690 692
691 693
694 696
694 698
694 699
694 700
695 697
695 699
695 700
696 698
696 699
696 701
696 702
697 698
697 700
697 701
700 702
700 704
700 711
701 703
701 705
701 711
702 704
702 705
702 712
702 713
703 711
703 712
703 713
704 706
704 707
704 711
705 708
705 709
705 710
706 707
706 709
706 710
707 708
707 710
708 709
709 1024
711 713
711 715
711 716
711 720
712 714
712 716
712 720
713 715
713 721
713 722
714 720
714 721
714 722
715 717
715 718
716 718
716 719
718 719
720 722
720 724
720 725
720 726
720 728
721 723
721 725
721 726
721 728
722 724
722 729
722 730
722 736
723 724
723 728
723 729
723 730
723 736
723 746
724 726
724 727
726 727
728 730
728 732
728 733
728 736
729 731
729 733
729 734
729 735
729 736
730 732
730 734
730 737
730 738
731 734
731 736
731 737
731 738
731 767
732 735
733 734
736 738
736 740
736 746
737 739
737 741
737 746
738 740
738 741
738 743
738 747
738 748
739 746
739 747
739 748
739 755
739 778
740 742
740 743
740 746
741 744
741 745
742 743
742 745
743 744
743 753
746 748
746 750
746 755
747 749
747 751
747 755
748 750
748 756
749 755
749 756
750 752
751 753
751 754
753 754
755 757
755 759
755 760
755 767
756 758
756 760
756 767
757 759
757 768
757 769
758 767
758 768
758 769
758 796
758 801
759 761
759 762
759 767
760 763
760 764
760 765
761 762
761 764
761 765
762 763
762 765
763 764
763 766
764 766
767 769
767 771
767 778
768 770
768 772
768 778
769 771
769 779
770 778
770 779
770 780
770 804
771 773
772 774
773 775
773 776
774 776
774 777
776 777
778 780
778 782
778 787
779 781
779 783
779 784
779 787
780 782
780 788
780 789
781 782
781 787
781 788
781 789
781 813
781 817
782 784
782 785
782 787
783 785
783 786
785 786
787 789
787 791
787 796
788 790
788 792
788 796
789 791
789 792
789 797
789 798
790 792
790 796
790 797
790 798
790 824
790 830
791 793
791 794
792 794
792 795
794 795
796 798
796 800
796 801
796 804
797 799
797 801
797 802
797 804
798 800
798 802
798 805
798 806
799 804
799 805
799 806
799 831
800 803
801 802
802 803
804 806
804 808
804 809
804 813
805 807
805 809
805 813
806 808
806 814
806 815
807 813
807 814
807 815
807 840
808 810
808 811
808 813
809 811
810 812
813 815
813 817
813 824
814 816
814 818
814 824
815 817
815 818
815 825
815 826
816 824
816 825
816 826
817 819
818 820
819 821
819 822
820 822
820 823
822 823
824 826
824 828
824 829
824 830
824 831
825 827
825 829
825 830
825 831
826 828
826 832
826 833
826 840
827 828
827 831
827 832
829 830
831 833
831 835
831 836
831 840
832 834
832 836
832 840
833 835
833 841
833 842
833 844
833 848
834 835
834 840
834 841
834 842
834 844
835 837
836 838
837 839
840 842
840 844
840 845
840 848
841 843
841 845
841 846
841 848
842 844
842 849
843 844
843 848
843 849
844 846
844 847
846 847
848 850
848 851
848 852
848 853
849 851
849 853
849 854
850 852
850 853
850 855
851 854
851 855
852 854
854 856
854 858
854 859
854 860
854 862
855 857
855 859
855 860
855 862
856 858
856 863
857 862
857 863
858 860
858 861
860 861
862 864
862 865
862 866
863 865
863 867
863 868
863 870
864 866
864 871
865 866
865 870
865 871
865 1327
866 868
866 869
868 869
870 872
870 873
870 874
870 875
871 873
871 875
871 876
871 877
871 883
872 874
872 876
872 878
872 879
872 883
873 877
873 878
873 879
875 876
877 879
877 880
877 881
877 882
878 880
878 882
878 883
878 884
879 881
879 885
879 888
880 881
880 884
880 885
881 883
884 886
884 887
884 888
885 887
885 889
885 892
886 888
886 893
887 892
887 893
888 890
889 891
892 894
892 895
892 896
892 897
893 895
893 897
893 898
893 899
894 896
894 898
894 900
894 901
895 899
895 900
897 898
899 901
899 902
899 903
899 1105
900 902
900 904
900 905
900 907
901 903
901 908
902 903
902 907
902 908
902 1121
903 905
903 906
905 906
907 909
907 910
907 911
907 913
908 910
908 912
908 913
908 914
909 911
909 912
909 915
910 911
910 914
910 915
912 913
914 916
914 917
914 918
914 1124
915 917
915 918
916 919
917 918
917 919
917 1138
918 920
918 921
918 922
919 921
919 923
919 924
919 926
920 922
920 923
920 927
920 930
921 926
921 927
921 930
922 924
922 925
922 926
923 926
924 925
924 926
924 1143
926 928
926 930
926 931
926 935
926 1141
927 929
927 931
927 935
928 930
928 936
929 930
929 935
929 936
930 932
931 933
931 934
932 934
935 937
935 939
935 941
935 1141
936 938
936 940
936 941
937 939
937 942
938 939
938 941
938 942
940 1141
940 1191
941 943
941 945
941 946
941 947
941 949
942 944
942 946
942 947
942 949
943 945
943 946
943 950
944 949
944 950
945 947
945 948
947 948
947 1150
949 951
949 952
949 953
949 954
950 952
950 954
950 957
951 953
951 958
951 959
951 960
952 953
952 957
952 958
953 955
953 956
955 956
957 959
957 960
957 961
958 960
958 962
959 961
959 963
959 964
960 961
960 962
960 963
962 964
962 966
963 965
963 966
964 967
965 966
965 967
966 968
966 969
966 970
966 971
967 969
967 971
967 977
968 970
968 971
968 978
969 977
969 978
970 972
970 973
971 973
972 974
972 975
972 987
973 975
973 976
975 976
975 987
975 1005
975 1137
976 1136
977 979
977 981
977 982
977 983
977 984
978 980
978 982
978 983
978 984
979 981
979 982
979 985
980 981
980 984
980 985
982 983
984 986
984 987
984 988
984 990
985 987
985 989
985 990
985 991
986 988
986 989
986 992
986 993
987 988
987 991
987 992
989 990
991 993
991 994
991 995
992 994
992 996
992 1000
993 995
993 1001
993 1002
994 1000
994 1001
995 997
995 998
995 1000
996 998
996 999
998 999
1000 1002
1000 1004
1000 1005
1000 1006
1001 1003
1001 1005
1001 1006
1002 1004
1002 1007
1002 1008
1002 1017
1003 1004
1003 1006
1003 1007
1003 1008
1003 1009
1003 1031
1003 1035
1005 1137
1006 1008
1006 1010
1006 1017
1007 1009
1007 1011
1007 1017
1008 1010
1008 1018
1008 1019
1009 1017
1009 1018
1009 1019
1009 1031
1009 1040
1009 1045
1010 1012
1010 1017
1011 1013
1012 1014
1012 1015
1013 1015
1013 1016
1015 1016
1017 1019
1017 1021
1017 1026
1018 1020
1018 1022
1018 1026
1019 1021
1019 1027
1019 1028
1020 1021
1020 1026
1020 1027
1020 1048
1021 1023
1021 1024
1021 1026
1022 1024
1022 1025
1024 1025
1026 1028
1026 1030
1026 1031
1027 1029
1027 1031
1028 1030
1028 1032
1028 1033
1029 1031
1029 1032
1029 1033
1029 1056
1031 1033
1031 1035
1031 1040
1032 1034
1032 1036
1032 1037
1032 1040
1033 1035
1033 1036
1033 1041
1033 1042
1034 1039
1034 1040
1034 1041
1034 1042
1034 1056
1034 1061
1035 1037
1035 1038
1035 1040
1036 1038
1036 1039
1038 1039
1040 1042
1040 1044
1040 1045
1040 1046
1040 1048
1041 1043
1041 1045
1041 1046
1041 1048
1042 1044
1042 1049
1042 1050
1043 1048
1043 1049
1043 1050
1043 1051
1043 1072
1043 1077
1044 1046
1044 1047
1044 1048
1046 1047
1048 1050
1048 1052
1048 1056
1049 1051
1049 1053
1049 1054
1049 1056
1050 1052
1050 1053
1050 1057
1050 1058
1051 1056
1051 1057
1051 1058
1051 1059
1051 1072
1052 1054
1052 1055
1052 1056
1054 1055
1056 1058
1056 1060
1056 1061
1057 1059
1057 1061
1058 1060
1058 1062
1058 1063
1059 1061
1059 1062
1059 1063
1059 1081
1059 1097
1060 1061
1060 1097
1061 1063
1061 1065
1061 1072
1062 1064
1062 1066
1062 1072
1063 1065
1063 1073
1063 1074
1063 1081
1064 1072
1064 1073
1064 1074
1064 1081
1065 1067
1065 1072
1066 1068
1067 1069
1067 1070
1068 1070
1068 1071
1070 1071
1072 1074
1072 1076
1072 1077
1072 1078
1073 1075
1073 1077
1073 1078
1074 1076
1074 1079
1074 1080
1074 1081
1075 1078
1075 1079
1076 1078
1078 1080
1078 1081
1078 1082
1078 1083
1079 1081
1079 1083
1079 1084
1079 1090
1080 1082
1080 1091
1080 1092
1080 1094
1081 1090
1081 1091
1081 1094
1082 1084
1082 1085
1083 1086
1083 1087
1083 1088
1084 1085
1084 1087
1084 1088
1085 1086
1085 1088
1086 1087
1086 1089
1087 1089
1090 1092
1090 1094
1091 1093
1091 1094
1092 1095
1093 1094
1093 1095
1094 1096
1094 1097
1094 1098
1095 1097
1095 1099
1095 1100
1095 1102
1095 1108
1096 1098
1096 1100
1096 1103
1096 1108
1097 1098
1097 1102
1097 1103
1097 1104
1098 1101
1099 1100
1102 1104
1102 1105
1102 1106
1102 1107
1103 1105
1103 1107
1103 1108
1103 1109
1104 1106
1104 1110
1105 1106
1105 1109
1105 1110
1106 1108
1109 1111
1109 1112
1109 1113
1110 1112
1110 1114
1110 1115
1110 1121
1111 1113
1111 1114
1111 1122
1112 1113
1112 1121
1112 1122
1113 1115
1113 1116
1114 1117
1114 1118
1114 1119
1115 1116
1115 1118
1115 1119
1116 1117
1116 1119
1117 1118
1117 1120
1118 1120
1120 1137
1121 1123
1121 1124
1121 1125
1121 1127
1122 1124
1122 1126
1122 1127
1122 1129
1123 1125
1123 1126
1123 1130
1124 1129
1124 1130
1125 1128
1126 1127
1128 1132
1129 1131
1129 1132
1129 1133
1129 1134
1130 1132
1130 1134
1130 1138
1131 1133
1131 1139
1132 1133
1132 1138
1132 1139
1133 1135
1133 1136
1134 1136
1134 1137
1136 1137
1138 1140
1138 1141
1138 1142
1138 1143
1138 1144
1139 1141
1139 1143
1139 1144
1139 1145
1139 1186
1140 1142
1140 1143
1140 1146
1141 1145
1141 1146
1142 1145
1143 1144
1145 1147
1145 1148
1145 1149
1145 1186
1146 1148
1146 1150
1146 1151
1147 1149
1147 1150
1147 1152
1147 1153
1147 1156
1148 1149
1148 1151
1148 1152
1148 1172
1148 1173
1148 1183
1150 1165
1151 1153
1151 1155
1151 1156
1152 1154
1152 1156
1153 1155
1153 1157
1153 1158
1154 1155
1154 1156
1154 1157
1154 1158
1156 1158
1156 1160
1156 1165
1157 1159
1157 1161
1157 1165
1158 1160
1158 1161
1158 1166
1159 1165
1159 1166
1160 1162
1160 1165
1161 1163
1162 1164
1165 1167
1165 1169
1165 1170
1165 1172
1166 1168
1166 1170
1166 1171
1166 1172
1167 1169
1167 1171
1167 1173
1167 1174
1167 1176
1167 1183
1168 1171
1168 1172
1168 1173
1168 1176
1170 1171
1172 1174
1172 1176
1172 1183
1173 1175
1173 1177
1173 1183
1174 1176
1174 1184
1174 1185
1175 1176
1175 1183
1175 1184
1175 1185
1175 1192
1176 1178
1177 1179
1177 1180
1178 1180
1178 1181
1179 1181
1179 1182
1181 1182
1181 1211
1183 1185
1183 1186
1183 1187
1184 1186
1184 1188
1184 1192
1185 1187
1185 1188
1185 1193
1186 1187
1186 1192
1186 1193
1187 1189
1187 1191
1188 1190
1188 1191
1190 1191
1192 1194
1192 1196
1193 1195
1193 1196
1194 1197
1194 1198
1195 1196
1195 1197
1195 1198
1195 1220
1196 1198
1196 1200
1196 1201
1196 1202
1196 1203
1197 1199
1197 1201
1197 1202
1197 1203
1198 1200
1198 1202
1198 1204
1198 1205
1199 1203
1199 1204
1199 1205
1201 1202
1203 1205
1203 1207
1203 1208
1203 1212
1204 1206
1204 1208
1204 1212
1205 1207
1205 1213
1205 1214
1206 1212
1206 1213
1206 1214
1206 1215
1206 1236
1206 1240
1206 1241
1207 1209
1207 1210
1207 1212
1208 1210
1208 1211
1210 1211
1212 1214
1212 1216
1212 1220
1213 1215
1213 1217
1213 1218
1213 1220
1214 1216
1214 1221
1214 1222
1215 1220
1215 1221
1215 1222
1215 1248
1215 1253
1216 1218
1216 1219
1216 1220
1218 1219
1220 1222
1220 1224
1220 1225
1221 1223
1221 1225
1222 1224
1222 1226
1222 1227
1223 1225
1223 1226
1223 1227
1224 1225
1225 1227
1225 1229
1225 1236
1226 1228
1226 1230
1226 1236
1227 1229
1227 1237
1227 1238
1228 1229
1228 1236
1228 1237
1229 1231
1229 1232
1230 1233
1230 1234
1230 1235
1231 1232
1231 1234
1231 1235
1232 1233
1232 1235
1233 1234
1236 1238
1236 1240
1236 1241
1236 1242
1236 1248
1237 1239
1237 1241
1237 1242
1237 1248
1238 1240
1238 1249
1238 1250
1239 1248
1239 1249
1239 1250
1239 1270
1240 1242
1240 1243
1240 1248
1241 1244
1241 1245
1241 1246
1242 1243
1242 1245
1242 1246
1243 1244
1243 1246
1244 1245
1244 1247
1245 1247
1248 1250
1248 1252
1248 1253
1248 1255
1249 1251
1249 1253
1249 1254
1249 1255
1250 1252
1250 1254
1250 1256
1250 1257
1251 1255
1251 1256
1251 1257
1251 1270
1251 1281
1252 1255
1253 1254
1255 1257
1255 1259
1255 1263
1256 1258
1256 1260
1256 1261
1256 1263
1257 1259
1257 1260
1257 1264
1257 1265
1257 1270
1258 1263
1258 1264
1258 1265
1258 1266
1258 1281
1258 1290
1259 1261
1259 1262
1261 1262
1263 1265
1263 1267
1263 1269
1263 1270
1264 1266
1264 1268
1264 1269
1264 1270
1265 1267
1265 1268
1265 1271
1265 1272
1265 1281
1266 1268
1266 1270
1266 1271
1266 1272
1266 1290
1266 1298
1267 1270
1268 1269
1270 1272
1270 1274
1270 1275
1270 1281
1271 1273
1271 1275
1271 1281
1272 1274
1272 1282
1272 1283
1273 1281
1273 1282
1273 1314
1274 1276
1275 1277
1276 1278
1276 1279
1277 1279
1277 1280
1279 1280
1281 1283
1281 1285
1281 1290
1282 1284
1282 1286
1282 1287
1282 1290
1283 1285
1283 1291
1283 1292
1284 1285
1284 1290
1284 1291
1284 1292
1285 1287
1285 1288
1285 1290
1286 1288
1286 1289
1288 1289
1290 1292
1290 1294
1290 1295
1290 1298
1291 1293
1291 1295
1291 1296
1291 1298
1292 1294
1292 1296
1292 1299
1292 1300
1292 1309
1293 1298
1293 1299
1293 1300
1293 1309
1293 1318
1294 1297
1294 1298
1295 1296
1296 1297
1298 1300
1298 1302
1298 1309
1299 1301
1299 1303
1299 1309
1300 1302
1300 1310
1301 1309
1301 1310
1302 1304
1302 1305
1303 1305
1304 1306
1304 1307
1305 1307
1305 1308
1307 1308
1309 1311
1309 1313
1309 1314
1309 1318
1310 1312
1310 1314
1310 1318
1311 1313
1311 1319
1311 1320
1312 1313
1312 1318
1312 1319
1312 1320
1313 1315
1313 1317
1314 1316
1314 1317
1316 1317
1318 1320
1318 1321
1318 1322
1319 1321
1319 1323
1319 1328
1320 1322
1321 1328
1322 1324
1322 1325
1322 1328
1323 1326
1323 1327
1324 1325
1324 1327
1325 1326
1 1 -7.025000 32.777000 -6.944000 N
2 1 -5.772000 32.064999 -6.857000 C
3 1 -5.802000 31.101999 -5.681000 C
4 1 -6.528000 31.222000 -4.684000 O
5 1 -4.551000 33.021000 -6.664000 C
6 1 -4.588000 33.735001 -5.318000 C
7 1 -3.122000 34.701000 -4.896000 S
8 1 -3.289000 35.990002 -6.100000 C
9 2 -4.905000 30.152000 -5.863000 N
10 2 -4.653000 29.122999 -4.882000 C
11 2 -4.165000 29.747000 -3.564000 C
12 2 -3.266000 30.584000 -3.500000 O
13 2 -3.658000 28.215000 -5.623000 C
14 2 -4.516000 27.649000 -6.621000 O
15 2 -2.936000 27.152000 -4.834000 C
16 3 -4.852000 29.431999 -2.486000 N
17 3 -4.359000 29.856001 -1.202000 C
18 3 -3.930000 28.579000 -0.507000 C
19 3 -4.416000 27.475000 -0.817000 O
20 3 -5.461000 30.542999 -0.407000 C
21 3 -5.959000 31.847000 -1.045000 C
22 3 -7.106000 32.540001 -0.327000 C
23 3 -7.301000 32.359001 0.887000 O
24 3 -7.800000 33.292999 -1.016000 O
25 4 -2.974000 28.753000 0.410000 N
26 4 -2.564000 27.660999 1.265000 C
27 4 -2.699000 28.044001 2.722000 C
28 4 -1.975000 28.878000 3.243000 O
29 4 -1.143000 27.287001 0.982000 C
30 4 -0.945000 26.761000 -0.431000 C
31 4 -1.049000 25.407000 -0.708000 C
32 4 -0.574000 27.662001 -1.424000 C
33 4 -0.762000 24.954000 -1.985000 C
34 4 -0.283000 27.235001 -2.694000 C
35 4 -0.380000 25.888000 -2.958000 C
36 4 -0.096000 25.496000 -4.237000 O
37 5 -3.642000 27.431999 3.412000 N
38 5 -3.802000 27.666000 4.813000 C
39 5 -2.716000 26.867001 5.582000 C
40 5 -2.679000 25.645000 5.607000 O
41 5 -5.279000 27.278999 5.097000 C
42 5 -6.198000 28.344999 5.773000 C
43 5 -6.328000 28.396000 7.365000 C
44 5 -5.096000 28.622000 8.317000 C
45 5 -4.394000 29.889000 8.135000 N
46 6 -1.803000 27.572001 6.273000 N
47 6 -0.662000 27.010000 7.009000 C
48 6 -0.722000 27.364000 8.479000 C
49 6 -1.112000 28.497000 8.781000 O
50 6 0.647000 27.591999 6.567000 C
51 6 1.432000 27.389000 5.290000 C
52 6 0.605000 27.141001 4.056000 C
53 6 2.283000 28.643999 5.220000 C
54 7 -0.367000 26.509001 9.438000 N
55 7 -0.336000 27.006001 10.817000 C
56 7 0.972000 26.594999 11.457000 C
57 7 1.540000 25.556999 11.133000 O
58 7 -1.698000 26.554001 11.649000 C
59 7 -2.600000 25.663000 10.763000 C
60 7 -1.338000 25.955000 13.003000 C
61 8 1.552000 27.590000 12.163000 N
62 8 2.826000 27.458000 12.851000 C
63 8 2.544000 27.139000 14.349000 C
64 8 1.929000 27.878000 15.141000 O
65 8 3.606000 28.756001 12.705000 C
66 8 5.024000 28.504999 13.115000 C
67 8 3.592000 29.240000 11.296000 C
68 9 3.065000 25.989000 14.781000 N
69 9 2.700000 25.448000 16.059999 C
70 9 4.004000 24.961000 16.732000 C
71 9 5.076000 24.857000 16.135000 O
72 9 1.580000 24.398001 15.630000 C
73 9 2.146000 23.007999 15.501000 C
74 9 0.450000 24.403000 16.624001 C
75 10 3.932000 24.774000 18.049999 N
76 10 5.074000 24.377001 18.820999 C
77 10 4.994000 25.044001 20.160999 C
78 10 4.042000 25.777000 20.473000 O
79 11 6.040000 24.785999 20.952999 N
80 11 6.109000 25.246000 22.351999 C
81 11 6.487000 26.708000 22.549000 C
82 11 6.913000 27.365999 21.591999 O
83 11 7.082000 24.372999 23.054001 C
84 12 6.296000 27.308001 23.730000 N
85 12 6.576000 28.743000 23.855000 C
86 12 8.055000 29.072001 23.829000 C
87 12 8.947000 28.299999 24.188999 O
88 12 5.998000 29.330999 25.136000 C
89 12 4.510000 29.639999 25.049000 C
90 12 3.909000 30.438000 26.205999 C
91 12 2.446000 30.607000 26.139999 N
92 12 1.807000 31.489000 25.339001 C
93 12 2.435000 32.303001 24.481001 N
94 12 0.480000 31.558001 25.400999 N
95 13 8.329000 30.243999 23.287001 N
96 13 9.683000 30.735001 23.231001 C
97 13 10.495000 30.139000 22.097000 C
98 13 11.599000 30.652000 21.882999 O
99 14 10.016000 29.132000 21.316999 N
100 14 10.872000 28.506001 20.297001 C
101 14 11.092000 29.377001 19.021000 C
102 14 12.042000 29.181000 18.278999 O
103 14 10.268000 27.089001 20.000000 C
104 14 10.328000 26.375000 21.336000 C
105 14 8.871000 27.094999 19.364000 C
106 15 10.302000 30.414000 18.756001 N
107 15 10.560000 31.349001 17.691999 C
108 15 9.652000 31.159000 16.521999 C
109 15 10.049000 31.391001 15.378000 O
110 16 8.464000 30.636000 16.853001 N
111 16 7.340000 30.577999 15.909000 C
112 16 7.138000 31.929001 15.215000 C
113 16 7.179000 31.997999 14.001000 O
114 16 6.064000 30.186001 16.687000 C
115 16 6.206000 28.790001 17.296000 C
116 16 4.863000 28.323000 17.775000 C
117 16 4.289000 29.105000 18.938999 C
118 16 4.988000 28.767000 20.141001 N
119 17 6.932000 33.012001 15.985000 N
120 17 6.762000 34.395000 15.523000 C
121 17 7.950000 35.050999 14.857000 C
122 17 7.801000 35.948002 14.040000 O
123 17 6.414000 35.362999 16.643999 C
124 17 5.140000 35.203999 17.242001 O
125 18 9.148000 34.653999 15.239000 N
126 18 10.338000 35.202999 14.669000 C
127 18 10.389000 34.580002 13.306000 C
128 18 10.502000 35.352001 12.379000 O
129 18 11.536000 34.806000 15.512000 C
130 19 10.304000 33.278000 13.062000 N
131 19 10.255000 32.742001 11.687000 C
132 19 9.230000 33.417000 10.771000 C
133 19 9.526000 33.703999 9.613000 O
134 19 9.896000 31.274000 11.687000 C
135 19 10.872000 30.120001 11.754000 C
136 19 12.237000 30.542000 12.235000 C
137 19 10.292000 29.091999 12.722000 C
138 20 7.996000 33.636002 11.250000 N
139 20 6.899000 34.229000 10.452000 C
140 20 7.152000 35.702000 10.102000 C
141 20 6.935000 36.091000 8.961000 O
142 20 5.517000 34.146000 11.212000 C
143 20 5.298000 32.812000 11.662000 O
144 20 4.359000 34.467999 10.301000 C
145 21 7.615000 36.575001 11.011000 N
146 21 7.915000 37.970001 10.666000 C
147 21 9.214000 38.091000 9.814000 C
148 21 9.369000 39.006001 8.995000 O
149 21 7.941000 38.712002 12.037000 C
150 21 6.514000 38.743000 12.570000 C
151 21 8.438000 40.147999 11.910000 C
152 21 6.367000 39.026001 14.059000 C
153 22 10.150000 37.140999 9.898000 N
154 22 11.344000 37.160999 9.081000 C
155 22 10.886000 36.887001 7.639000 C
156 22 11.286000 37.591000 6.714000 O
157 22 12.284000 36.118000 9.725000 C
158 22 13.740000 36.066002 9.292000 C
159 22 14.424000 37.422001 9.156000 C
160 22 14.243000 38.187000 8.188000 O
161 22 15.224000 37.750000 10.152000 N
162 23 9.904000 35.997002 7.425000 N
163 23 9.306000 35.709000 6.119000 C
164 23 8.455000 36.851002 5.543000 C
165 23 8.669000 37.327000 4.445000 O
166 23 8.465000 34.463001 6.271000 C
167 23 8.157000 33.419998 5.216000 C
168 23 6.733000 33.616001 4.776000 C
169 23 9.179000 33.460999 4.088000 C
170 24 7.478000 37.331001 6.282000 N
171 24 6.525000 38.340000 5.875000 C
172 24 7.101000 39.765999 5.710000 C
173 24 6.807000 40.470001 4.741000 O
174 24 5.384000 38.289001 6.936000 C
175 24 4.611000 36.960999 6.901000 C
176 24 4.457000 39.455002 6.694000 C
177 24 4.326000 36.346001 5.526000 C
178 25 7.840000 40.192001 6.734000 N
179 25 8.403000 41.520000 6.880000 C
180 25 9.932000 41.595001 6.838000 C
181 25 10.504000 42.660999 7.077000 O
182 25 7.991000 42.132999 8.203000 C
183 25 6.535000 42.467999 8.424000 C
184 25 6.320000 42.804001 9.875000 C
185 25 7.249000 43.196999 10.586000 O
186 25 5.090000 42.625000 10.346000 N
187 26 10.627000 40.485001 6.637000 N
188 26 12.065000 40.506001 6.473000 C
189 26 12.880000 41.217999 7.552000 C
190 26 13.587000 42.181000 7.278000 O
191 26 12.362000 41.094002 5.099000 C
192 26 13.829000 40.901001 4.767000 C
193 26 14.266000 39.784000 4.489000 O
194 26 14.639000 41.966999 4.787000 N
195 27 12.760000 40.784000 8.808000 N
196 27 13.577000 41.310001 9.868000 C
197 27 13.415000 40.537998 11.149000 C
198 27 12.320000 40.091999 11.481000 O
199 27 13.244000 42.743000 10.156000 C
200 27 12.167000 43.016998 11.182000 C
201 27 12.537000 43.444000 12.368000 N
202 27 10.806000 42.962002 10.991000 C
203 27 11.370000 43.675999 12.965000 C
204 27 10.353000 43.390999 12.145000 N
205 28 14.498000 40.539001 11.921000 N
206 28 14.560000 39.825001 13.183000 C
207 28 13.979000 40.527000 14.416000 C
208 28 14.410000 41.604000 14.848000 O
209 28 16.021000 39.432999 13.445000 C
210 28 16.146000 38.497002 14.629000 C
211 28 15.281000 37.397999 14.754000 C
212 28 17.100000 38.770000 15.604000 C
213 28 15.390000 36.592999 15.865000 C
214 28 17.190001 37.944000 16.722000 C
215 28 16.337999 36.859001 16.855000 C
216 29 12.961000 39.875000 14.999000 N
217 29 12.362000 40.411999 16.221001 C
218 29 13.027000 39.736000 17.417999 C
219 29 12.881000 38.560001 17.733999 O
220 29 10.819000 40.179001 16.261999 C
221 29 10.272000 40.601002 17.618999 C
222 29 10.147000 40.994999 15.188000 C
223 30 13.878000 40.523998 18.032000 N
224 30 14.561000 40.044998 19.197001 C
225 30 13.770000 40.410000 20.457001 C
226 30 14.302000 40.424999 21.562000 O
227 30 15.950000 40.652000 19.115000 C
228 30 16.916000 40.181999 20.188999 C
229 30 17.000999 38.981998 20.473000 O
230 30 17.591999 41.039001 20.753000 O
231 31 12.475000 40.681999 20.371000 N
232 31 11.713000 41.049000 21.549000 C
233 31 11.069000 39.901001 22.332001 C
234 31 11.110000 38.730999 21.978001 O
235 31 10.632000 42.055000 21.143999 C
236 31 11.006000 43.483002 21.562000 C
237 31 11.347000 44.483002 20.450001 C
238 31 10.526000 44.729000 19.558001 O
239 31 12.438000 45.048000 20.499001 O
240 32 10.446000 40.279999 23.444000 N
241 32 9.729000 39.382000 24.319000 C
242 32 8.276000 39.761002 24.138000 C
243 32 7.795000 40.793999 24.638000 O
244 32 10.233000 39.657001 25.707001 C
245 32 9.930000 38.556000 26.687000 C
246 32 8.648000 38.389999 27.086000 C
247 32 10.940000 37.727001 27.145000 C
248 32 8.382000 37.382999 27.940001 C
249 32 10.649000 36.705002 28.021999 C
250 32 9.347000 36.535999 28.414000 C
251 32 9.027000 35.471001 29.240999 O
252 33 7.552000 38.894001 23.429001 N
253 33 6.186000 39.243999 23.083000 C
254 33 5.241000 38.058998 22.777000 C
255 33 4.981000 37.726002 21.621000 O
256 33 6.314000 40.223999 21.910000 C
257 33 5.016000 40.681000 21.205999 C
258 33 3.892000 40.672001 21.747000 O
259 33 5.157000 41.064999 20.054001 O
260 34 4.696000 37.362000 23.787001 N
261 34 3.922000 36.151001 23.643999 C
262 34 2.648000 36.443001 22.896000 C
263 34 1.959000 37.450001 23.120001 O
264 34 3.653000 35.687000 25.025999 C
265 34 4.752000 36.348000 25.781000 C
266 34 4.843000 37.705002 25.174000 C
267 35 2.420000 35.470001 22.011000 N
268 35 1.295000 35.448002 21.070999 C
269 35 0.075000 34.745998 21.639000 C
270 35 0.164000 33.756001 22.362000 O
271 35 1.734000 34.743000 19.764000 C
272 35 2.832000 35.549000 19.364000 O
273 35 0.698000 34.627998 18.625999 C
274 36 -1.060000 35.348000 21.304001 N
275 36 -2.389000 34.835999 21.598000 C
276 36 -2.744000 34.230999 20.247999 C
277 36 -2.858000 33.012001 20.160999 O
278 36 -3.337000 35.995998 21.989000 C
279 36 -2.871000 36.657001 23.271999 C
280 36 -4.751000 35.450001 22.221001 C
281 36 -2.695000 35.721001 24.482000 C
282 37 -2.839000 35.076000 19.207001 N
283 37 -3.032000 34.615002 17.851999 C
284 37 -2.730000 35.757999 16.941000 C
285 37 -3.166000 36.869999 17.211000 O
286 37 -4.459000 34.167999 17.618000 C
287 37 -4.662000 33.195000 16.480000 C
288 37 -5.684000 32.104000 16.778000 C
289 37 -6.860000 32.425999 16.930000 O
290 37 -5.310000 30.927999 16.825001 O
291 38 -1.919000 35.513000 15.928000 N
292 38 -1.657000 36.500000 14.916000 C
293 38 -1.887000 35.740002 13.624000 C
294 38 -1.495000 34.569000 13.535000 O
295 38 -0.202000 37.007999 14.934000 C
296 38 0.268000 37.875000 16.122999 C
297 38 -0.230000 38.985001 16.340000 O
298 38 1.191000 37.464001 16.830999 O
299 39 -2.554000 36.362999 12.627000 N
300 39 -2.740000 35.790001 11.279000 C
301 39 -2.055000 36.668999 10.216000 C
302 39 -2.022000 37.898998 10.353000 O
303 39 -4.198000 35.695000 10.949000 C
304 39 -4.284000 35.125999 9.666000 O
305 40 -1.458000 36.119999 9.156000 N
306 40 -0.751000 36.933998 8.146000 C
307 40 -1.016000 36.477001 6.722000 C
308 40 -0.889000 35.297001 6.443000 O
309 40 0.788000 36.922001 8.313000 C
310 40 1.297000 37.412998 9.665000 C
311 40 1.332000 36.542999 10.747000 C
312 40 1.761000 38.707001 9.811000 C
313 40 1.829000 36.950001 11.978000 C
314 40 2.259000 39.112999 11.038000 C
315 40 2.287000 38.240002 12.111000 C
316 40 2.733000 38.673000 13.343000 O
317 41 -1.368000 37.383999 5.808000 N
318 41 -1.665000 37.049999 4.422000 C
319 41 -0.722000 37.856998 3.568000 C
320 41 -0.580000 39.081001 3.679000 O
321 41 -3.105000 37.412998 4.081000 C
322 41 -4.094000 36.499001 4.748000 C
323 41 -5.487000 37.098999 4.894000 C
324 41 -6.119000 37.377998 3.629000 N
325 41 -6.652000 36.410000 2.879000 C
326 41 -6.676000 35.139999 3.315000 N
327 41 -7.164000 36.724998 1.673000 N
328 42 -0.027000 37.064999 2.774000 N
329 42 0.982000 37.555000 1.867000 C
330 42 0.896000 36.860001 0.505000 C
331 42 0.981000 35.633999 0.348000 O
332 42 2.313000 37.321999 2.515000 C
333 42 3.519000 37.820000 1.769000 C
334 42 3.643000 39.306000 1.822000 C
335 42 4.907000 39.576000 1.046000 C
336 42 5.052000 40.969002 0.704000 N
337 43 0.659000 37.705002 -0.495000 N
338 43 0.552000 37.250999 -1.870000 C
339 43 1.989000 37.081001 -2.407000 C
340 43 2.837000 37.986000 -2.390000 O
341 43 -0.290000 38.320999 -2.557000 C
342 43 -0.902000 38.046001 -3.914000 C
343 43 0.114000 37.555000 -4.924000 C
344 43 -0.024000 36.462002 -5.493000 O
345 43 1.162000 38.368000 -5.131000 N
346 44 2.267000 35.845001 -2.859000 N
347 44 3.620000 35.415001 -3.175000 C
348 44 3.697000 34.679001 -4.536000 C
349 44 2.677000 34.523998 -5.219000 O
350 44 3.899000 34.650002 -1.801000 C
351 44 4.005000 33.160999 -1.970000 C
352 44 5.195000 35.185001 -1.180000 C
353 45 4.870000 34.296001 -5.060000 N
354 45 4.942000 33.407001 -6.226000 C
355 45 5.801000 32.247002 -5.769000 C
356 45 6.862000 32.515999 -5.207000 O
357 45 5.643000 33.993999 -7.458000 C
358 45 5.703000 32.941002 -8.587000 C
359 45 4.872000 35.209000 -7.942000 C
360 46 5.429000 30.973000 -5.960000 N
361 46 6.267000 29.858000 -5.561000 C
362 46 6.327000 28.878000 -6.722000 C
363 46 5.277000 28.357000 -7.117000 O
364 46 5.673000 29.165001 -4.271000 C
365 46 5.751000 30.086000 -3.076000 C
366 46 6.512000 27.937000 -3.862000 C
367 46 4.936000 29.589001 -1.843000 C
368 47 7.544000 28.537001 -7.208000 N
369 47 7.796000 27.648001 -8.378000 C
370 47 6.929000 28.009001 -9.592000 C
371 47 6.257000 27.186001 -10.214000 O
372 47 7.582000 26.155001 -7.955000 C
373 47 8.465000 25.823999 -6.767000 C
374 47 9.627000 26.214001 -6.717000 O
375 47 7.980000 25.214001 -5.834000 O
376 48 6.935000 29.332001 -9.875000 N
377 48 6.138000 29.975000 -10.921000 C
378 48 4.648000 30.110001 -10.627000 C
379 48 3.927000 30.721001 -11.393000 O
380 49 4.121000 29.591000 -9.528000 N
381 49 2.689000 29.691000 -9.191000 C
382 49 2.327000 30.874001 -8.302000 C
383 49 2.918000 31.121000 -7.255000 O
384 49 2.260000 28.423000 -8.500000 C
385 49 0.776000 28.400999 -8.211000 C
386 49 0.359000 27.242001 -7.338000 C
387 49 0.875000 27.069000 -6.240000 O
388 49 -0.456000 26.462999 -7.800000 O
389 50 1.297000 31.600000 -8.707000 N
390 50 0.815000 32.736000 -7.942000 C
391 50 0.042000 32.176998 -6.765000 C
392 50 -0.842000 31.363001 -6.984000 O
393 50 -0.081000 33.584000 -8.840000 C
394 50 0.733000 34.070000 -9.902000 O
395 50 -0.692000 34.755001 -8.082000 C
396 51 0.297000 32.520000 -5.504000 N
397 51 -0.536000 31.941000 -4.459000 C
398 51 -0.664000 32.826000 -3.216000 C
399 51 0.071000 33.811001 -3.094000 O
400 51 0.057000 30.528999 -4.171000 C
401 51 1.795000 30.344999 -3.686000 S
402 52 -1.616000 32.639999 -2.288000 N
403 52 -1.576000 33.474998 -1.098000 C
404 52 -1.277000 32.624001 0.111000 C
405 52 -1.822000 31.537001 0.343000 O
406 52 -2.890000 34.209000 -0.917000 C
407 52 -3.062000 35.145000 0.286000 C
408 52 -3.487000 36.493000 -0.206000 C
409 52 -4.085000 34.567001 1.263000 C
410 53 -0.280000 33.139000 0.806000 N
411 53 0.121000 32.597000 2.085000 C
412 53 -0.742000 33.200001 3.193000 C
413 53 -0.648000 34.389999 3.501000 O
414 53 1.565000 32.938999 2.336000 C
415 53 2.639000 31.851000 2.268000 C
416 53 2.268000 30.691999 1.345000 C
417 53 3.908000 32.571999 1.905000 C
418 54 -1.598000 32.339001 3.740000 N
419 54 -2.470000 32.655998 4.853000 C
420 54 -1.967000 31.841999 6.031000 C
421 54 -2.360000 30.672001 6.213000 O
422 54 -3.878000 32.247002 4.543000 C
423 54 -4.795000 32.554001 5.687000 C
424 54 -4.752000 33.629002 6.251000 O
425 54 -5.601000 31.705999 6.018000 O
426 55 -1.058000 32.488998 6.782000 N
427 55 -0.352000 31.924000 7.923000 C
428 55 -1.031000 32.242001 9.241000 C
429 55 -1.527000 33.335999 9.454000 O
430 55 1.104000 32.458000 8.014000 C
431 55 1.898000 32.272999 6.713000 C
432 55 1.795000 31.663000 9.112000 C
433 55 3.146000 33.172001 6.635000 C
434 56 -1.071000 31.275999 10.158000 N
435 56 -1.618000 31.511000 11.465000 C
436 56 -0.480000 31.158001 12.416000 C
437 56 0.009000 30.023001 12.492000 O
438 56 -2.835000 30.606001 11.664000 C
439 56 -3.861000 30.684999 12.805000 C
440 56 -3.158000 30.464001 14.067000 C
441 56 -4.580000 32.047001 12.836000 C
442 57 -0.115000 32.199001 13.172000 N
443 57 0.889000 32.129002 14.218000 C
444 57 0.155000 31.888000 15.540000 C
445 57 -0.777000 32.612999 15.914000 O
446 57 1.600000 33.437000 14.194000 C
447 57 2.845000 33.512001 15.028000 C
448 57 3.348000 32.493999 15.483000 O
449 57 3.312000 34.609001 15.260000 O
450 58 0.562000 30.834000 16.268999 N
451 58 -0.181000 30.450001 17.478001 C
452 58 0.522000 30.643999 18.805000 C
453 58 1.689000 31.020000 18.885000 O
454 58 -0.612000 28.965000 17.368000 C
455 58 0.499000 28.134001 17.584000 O
456 58 -1.087000 28.615000 15.992000 C
457 59 -0.178000 30.396000 19.896999 N
458 59 0.436000 30.464001 21.216000 C
459 59 1.138000 29.136999 21.566000 C
460 59 0.627000 28.056000 21.252001 O
461 59 -0.677000 30.789000 22.197001 C
462 60 2.336000 29.181000 22.172001 N
463 60 3.064000 27.978001 22.531000 C
464 60 2.232000 27.017000 23.351000 C
465 60 1.827000 25.948999 22.881001 O
466 61 1.930000 27.412001 24.573000 N
467 61 1.042000 26.566000 25.368000 C
468 61 -0.168000 27.431999 25.812000 C
469 61 -0.538000 28.278000 25.003000 O
470 61 1.945000 26.004999 26.497999 C
471 61 1.539000 24.643999 27.094999 C
472 61 0.867000 24.722000 28.465000 C
473 61 0.509000 25.796000 28.955999 O
474 61 0.652000 23.591000 29.136999 N
475 62 -0.803000 27.222000 26.986000 N
476 62 -1.871000 27.983999 27.681000 C
477 62 -3.247000 27.313999 27.642000 C
478 62 -3.346000 26.111000 27.367001 O
479 62 -2.080000 29.480000 27.153000 C
480 62 -2.851000 29.783001 25.827999 C
481 62 -3.707000 31.048000 25.787001 C
482 62 -3.172000 32.140999 25.972000 O
483 62 -4.911000 30.931999 25.555000 O
484 63 -4.316000 28.087000 27.973000 N
485 63 -5.683000 27.607000 27.851000 C
486 63 -6.109000 27.360001 26.398001 C
487 63 -7.285000 27.235001 26.051001 O
488 63 -6.653000 28.582001 28.549999 C
489 63 -6.796000 30.037001 28.115000 C
490 63 -8.043000 30.730000 28.680000 C
491 63 -9.147000 30.461000 28.187000 O
492 63 -7.915000 31.528999 29.618000 O
493 64 -5.114000 27.270000 25.511999 N
494 64 -5.368000 26.698000 24.231001 C
495 64 -5.215000 25.216999 24.552000 C
496 64 -4.111000 24.719999 24.778000 O
497 64 -4.342000 27.264000 23.252001 C
498 64 -4.931000 28.487000 22.541000 C
499 64 -5.850000 29.282000 23.219000 C
500 64 -4.580000 28.802000 21.224001 C
501 64 -6.420000 30.379000 22.611000 C
502 64 -5.159000 29.915001 20.603001 C
503 64 -6.081000 30.698000 21.309999 C
504 64 -6.685000 31.813999 20.756001 O
505 65 -6.359000 24.518000 24.698000 N
506 65 -6.392000 23.100000 25.077999 C
507 65 -7.042000 22.297001 23.961000 C
508 65 -6.471000 22.252001 22.863001 O
509 65 -7.158000 23.027000 26.389000 C
510 65 -8.258000 23.914000 26.575001 O
511 66 -8.200000 21.648001 24.135000 N
512 66 -8.959000 21.238001 22.961000 C
513 66 -9.130000 22.520000 22.139000 C
514 66 -9.121000 22.424999 20.924999 O
515 66 -10.358000 20.733000 23.294001 C
516 67 -9.204000 23.743000 22.728001 N
517 67 -9.246000 25.016001 21.976000 C
518 67 -8.243000 25.198999 20.816000 C
519 67 -8.267000 26.201000 20.113001 O
520 67 -9.070000 26.139999 22.966999 C
521 67 -9.893000 27.358000 22.559999 C
522 67 -10.785000 28.191999 23.903000 S
523 67 -9.559000 29.375000 24.400000 C
524 68 -7.303000 24.268000 20.608000 N
525 68 -6.452000 24.226999 19.420000 C
526 68 -7.202000 23.546000 18.277000 C
527 68 -6.967000 23.850000 17.101999 O
528 68 -5.175000 23.413000 19.643999 C
529 68 -4.212000 23.922001 20.700001 C
530 68 -3.148000 22.879999 21.059999 C
531 68 -2.020000 23.559000 21.698999 N
532 68 -1.753000 23.594000 23.020000 C
533 68 -2.488000 22.958000 23.947001 N
534 68 -0.693000 24.302000 23.410000 N
535 69 -8.084000 22.599001 18.613001 N
536 69 -8.825000 21.787001 17.632999 C
537 69 -9.377000 22.570000 16.454000 C
538 69 -9.380000 22.118999 15.311000 O
539 69 -10.034000 21.063999 18.264999 C
540 69 -9.774000 19.863001 19.187000 C
541 69 -8.691000 19.784000 19.782000 O
542 69 -10.675000 19.011999 19.325001 O
543 70 -9.854000 23.768000 16.785000 N
544 70 -10.391000 24.702999 15.822000 C
545 70 -9.416000 25.103001 14.710000 C
546 70 -9.825000 25.040001 13.552000 O
547 70 -10.882000 25.927999 16.591999 C
548 70 -11.618000 26.884001 15.645000 C
549 70 -12.550000 27.914000 16.283001 C
550 70 -12.146000 28.900999 16.910000 O
551 70 -13.844000 27.671000 16.090000 N
552 71 -8.153000 25.496000 14.974000 N
553 71 -7.237000 25.848000 13.877000 C
554 71 -6.573000 24.698999 13.155000 C
555 71 -6.257000 24.709999 11.955000 O
556 71 -6.129000 26.766001 14.332000 C
557 71 -5.280000 26.458000 15.540000 C
558 71 -4.185000 25.625999 15.409000 C
559 71 -5.536000 27.125000 16.733000 C
560 71 -3.311000 25.466000 16.474001 C
561 71 -4.668000 26.969999 17.794001 C
562 71 -3.557000 26.146000 17.653000 C
563 71 -2.634000 26.024000 18.690001 O
564 72 -6.445000 23.669001 13.979000 N
565 72 -5.925000 22.427999 13.487000 C
566 72 -6.901000 21.815001 12.513000 C
567 72 -6.434000 21.148001 11.618000 O
568 72 -5.678000 21.517000 14.655000 C
569 72 -4.374000 21.913000 15.257000 C
570 72 -4.233000 20.843000 16.677000 S
571 72 -2.684000 21.304001 17.400999 C
572 73 -8.218000 22.033001 12.638000 N
573 73 -9.203000 21.503000 11.699000 C
574 73 -9.128000 22.129000 10.278000 C
575 73 -9.207000 21.458000 9.224000 O
576 73 -10.554000 21.725000 12.350000 C
577 73 -11.722000 21.035000 11.736000 C
578 73 -12.730000 20.799000 12.854000 C
579 73 -12.710000 19.400000 13.199000 N
580 73 -12.941000 18.906000 14.430000 C
581 73 -13.255000 19.688000 15.477000 N
582 73 -12.846000 17.576000 14.599000 N
583 74 -8.829000 23.445999 10.313000 N
584 74 -8.733000 24.268000 9.110000 C
585 74 -7.385000 24.521000 8.445000 C
586 74 -7.383000 24.811001 7.243000 O
587 74 -9.377000 25.618999 9.387000 C
588 74 -8.854000 26.179001 10.582000 O
589 74 -10.854000 25.423000 9.473000 C
590 75 -6.248000 24.478001 9.168000 N
591 75 -4.958000 24.614000 8.516000 C
592 75 -4.740000 23.407000 7.633000 C
593 75 -5.055000 22.282000 8.019000 O
594 76 -4.282000 23.625999 6.393000 N
595 76 -3.973000 22.554001 5.469000 C
596 76 -2.593000 21.969000 5.763000 C
597 76 -2.416000 20.764000 5.706000 O
598 76 -3.991000 23.101999 4.104000 C
599 76 -5.340000 23.525999 3.653000 C
600 76 -5.244000 24.028000 2.200000 C
601 76 -4.826000 25.181999 2.010000 O
602 76 -5.539000 23.250000 1.271000 O
603 77 -1.571000 22.795000 6.052000 N
604 77 -0.214000 22.327999 6.378000 C
605 77 0.274000 22.891001 7.710000 C
606 77 -0.152000 23.975000 8.089000 O
607 78 1.150000 22.173000 8.443000 N
608 78 1.718000 22.577999 9.731000 C
609 78 3.232000 22.667999 9.779000 C
610 78 3.889000 21.837999 9.149000 O
611 78 1.272000 21.597000 10.824000 C
612 78 -0.236000 21.650000 10.980000 C
613 78 -1.027000 20.907000 10.131000 C
614 78 -0.793000 22.497999 11.921000 C
615 78 -2.398000 21.039000 10.229000 C
616 78 -2.157000 22.615000 12.006000 C
617 78 -2.960000 21.892000 11.163000 C
618 79 3.769000 23.701000 10.481000 N
619 79 5.195000 23.791000 10.793000 C
620 79 5.327000 23.374001 12.227000 C
621 79 4.787000 24.049999 13.098000 O
622 79 5.795000 25.187000 10.732000 C
623 79 6.322000 25.820999 9.444000 C
624 79 7.247000 26.989000 9.752000 C
625 79 7.221000 24.867001 8.730000 C
626 80 5.938000 22.252001 12.556000 N
627 80 6.136000 21.948000 13.967000 C
628 80 7.543000 22.333000 14.324000 C
629 80 8.531000 21.784000 13.856000 O
630 80 5.964000 20.482000 14.313000 C
631 80 4.293000 20.016001 13.815000 S
632 81 7.544000 23.379000 15.154000 N
633 81 8.778000 23.997999 15.631000 C
634 81 9.128000 23.674999 17.113001 C
635 81 8.288000 23.666000 18.051001 O
636 81 8.664000 25.552999 15.390000 C
637 81 10.081000 26.122999 15.577000 C
638 81 8.161000 25.917000 13.991000 C
639 82 10.416000 23.313999 17.243000 N
640 82 11.071000 23.215000 18.549999 C
641 82 12.321000 24.061001 18.417999 C
642 82 12.630000 24.558001 17.346001 O
643 82 11.458000 21.753000 18.899000 C
644 82 12.485000 21.052000 17.997999 C
645 82 12.085000 20.473000 16.797001 C
646 82 13.823000 21.003000 18.389999 C
647 82 13.027000 19.854000 15.998000 C
648 82 14.749000 20.379000 17.573999 C
649 82 14.346000 19.806000 16.375999 C
650 83 13.103000 24.240000 19.464001 N
651 83 14.300000 25.054001 19.436001 C
652 83 15.466000 24.118000 19.723000 C
653 83 15.334000 23.275999 20.617001 O
654 83 14.207000 26.117001 20.521999 C
655 84 16.620001 24.245001 19.034000 N
656 84 17.709000 23.271000 19.188999 C
657 84 18.497000 23.264000 20.466000 C
658 84 19.370001 22.403999 20.632999 O
659 84 18.742001 23.372999 18.041000 C
660 84 19.344000 24.759001 17.799000 C
661 84 17.975000 22.891001 16.805000 C
662 84 20.705000 25.080999 18.386999 C
663 85 18.204000 24.198999 21.381001 N
664 85 18.851999 24.306000 22.701000 C
665 85 17.791000 24.061001 23.763000 C
666 85 17.997999 24.379000 24.933001 O
667 85 19.490999 25.743999 22.914000 C
668 85 18.469999 26.906000 23.041000 C
669 85 17.386999 26.879999 22.423000 O
670 85 18.752001 27.907000 23.888000 N
671 86 16.615000 23.510000 23.417000 N
672 86 15.556000 23.285999 24.393000 C
673 86 14.996000 21.870001 24.330999 C
674 86 14.100000 21.643999 23.513000 O
675 86 14.471000 24.332001 24.124001 C
676 86 13.288000 24.320999 25.094999 C
677 86 13.269000 23.698999 26.157000 O
678 86 12.256000 25.073999 24.739000 N
679 87 15.406000 20.921000 25.198999 N
680 87 14.994000 19.525000 25.020000 C
681 87 13.515000 19.277000 25.257999 C
682 87 12.855000 18.589001 24.471001 O
683 87 15.872000 18.622999 25.914000 C
684 87 17.226000 18.993999 25.676001 O
685 87 15.917000 17.173000 25.466999 C
686 88 12.945000 19.993999 26.223000 N
687 88 11.527000 19.929001 26.513000 C
688 88 10.643000 20.228001 25.312000 C
689 88 9.679000 19.502001 25.118000 O
690 88 11.121000 20.926001 27.577000 C
691 88 10.833000 20.351000 28.930000 C
692 88 10.235000 21.516001 29.680000 C
693 88 10.707000 21.469000 31.124001 C
694 88 10.072000 22.520000 31.902000 N
695 89 10.900000 21.316000 24.561001 N
696 89 10.107000 21.674000 23.388000 C
697 89 10.225000 20.613001 22.295000 C
698 89 9.317000 20.552000 21.476000 O
699 89 10.578000 23.013000 22.830999 C
700 89 11.921000 23.017000 22.313999 O
701 90 11.333000 19.830000 22.230000 N
702 90 11.548000 18.804001 21.208000 C
703 90 10.723000 17.617001 21.608999 C
704 90 10.099000 16.983999 20.750000 O
705 90 13.039000 18.382999 21.113001 C
706 90 13.397000 17.176001 20.223000 C
707 90 13.204000 17.207001 18.853001 C
708 90 13.862000 16.018000 20.798000 C
709 90 13.463000 16.104000 18.086000 C
710 90 14.113000 14.917000 20.018999 C
711 90 13.918000 14.946000 18.664000 C
712 91 10.685000 17.343000 22.917999 N
713 91 9.908000 16.235001 23.471001 C
714 91 8.414000 16.552000 23.365999 C
715 91 7.620000 15.653000 23.056000 O
716 91 10.344000 15.999000 24.934999 C
717 91 11.846000 15.687000 25.068001 C
718 91 12.394000 15.260000 26.438999 C
719 91 11.697000 15.338000 27.452999 O
720 91 13.546000 14.814000 26.493000 O
721 92 8.016000 17.830000 23.575001 N
722 92 6.639000 18.256001 23.306000 C
723 92 6.147000 18.118000 21.865999 C
724 92 4.953000 18.181999 21.642000 O
725 92 6.406000 19.701000 23.635000 C
726 92 6.668000 20.145000 25.059999 C
727 92 6.646000 19.313999 25.961000 O
728 92 6.893000 21.344000 25.254999 O
729 93 6.989000 18.000999 20.844999 N
730 93 6.563000 17.829000 19.444000 C
731 93 5.575000 16.674000 19.299000 C
732 93 4.642000 16.747000 18.485001 O
733 93 7.809000 17.541000 18.537001 C
734 93 8.595000 18.844999 18.399000 C
735 93 7.441000 16.958000 17.184999 C
736 93 7.850000 20.077000 17.900999 C
737 94 5.787000 15.583000 20.063000 N
738 94 4.970000 14.389000 19.917000 C
739 94 3.499000 14.747000 20.171000 C
740 94 2.584000 14.461000 19.389000 O
741 94 5.507000 13.335000 20.899000 C
742 94 4.522000 12.188000 21.129000 C
743 94 4.408000 11.207000 20.228001 N
744 94 3.490000 12.218000 22.046000 C
745 94 3.277000 10.622000 20.566000 C
746 94 2.736000 11.222000 21.635000 N
747 95 3.316000 15.477000 21.264999 N
748 95 2.005000 15.892000 21.695999 C
749 95 1.185000 16.653999 20.656000 C
750 95 -0.038000 16.469000 20.593000 O
751 95 2.179000 16.726000 22.976999 C
752 95 2.183000 15.990000 24.344000 C
753 95 3.428000 15.207000 24.780001 C
754 95 3.503000 13.977000 24.704000 O
755 95 4.438000 15.884000 25.319000 N
756 96 1.830000 17.534000 19.851000 N
757 96 1.142000 18.285000 18.801001 C
758 96 0.838000 17.461000 17.559999 C
759 96 -0.264000 17.556000 17.025999 O
760 96 1.946000 19.459000 18.350000 C
761 96 1.959000 20.606001 19.344999 C
762 96 0.969000 21.577999 19.350000 C
763 96 3.028000 20.690001 20.195000 C
764 96 1.071000 22.639000 20.222000 C
765 96 3.144000 21.739000 21.058001 C
766 96 2.170000 22.695000 21.065001 C
767 96 2.323000 23.722000 21.983000 O
768 97 1.796000 16.677999 17.058001 N
769 97 1.587000 15.753000 15.946000 C
770 97 0.381000 14.822000 16.271000 C
771 97 -0.516000 14.675000 15.445000 O
772 97 2.995000 15.128000 15.814000 C
773 97 3.228000 13.733000 15.289000 C
774 97 3.076000 13.702000 13.783000 C
775 97 3.051000 12.354000 13.211000 N
776 97 3.110000 12.187000 11.880000 C
777 97 3.316000 13.226000 11.062000 N
778 97 2.967000 10.964000 11.363000 N
779 98 0.247000 14.226000 17.465000 N
780 98 -0.912000 13.427000 17.858000 C
781 98 -2.285000 14.115000 17.945999 C
782 98 -3.344000 13.531000 17.671000 O
783 98 -0.694000 12.772000 19.218000 C
784 98 0.226000 11.543000 19.284000 C
785 98 -0.004000 10.522000 18.166000 C
786 98 -1.062000 9.885000 18.118999 O
787 98 0.880000 10.405000 17.309999 O
788 99 -2.305000 15.381000 18.375000 N
789 99 -3.548000 16.107000 18.438000 C
790 99 -3.877000 16.506001 17.013000 C
791 99 -5.061000 16.559999 16.671000 O
792 99 -3.379000 17.313000 19.320000 C
793 99 -4.655000 18.160000 19.368999 C
794 99 -4.713000 19.164000 20.521000 C
795 99 -3.825000 19.240999 21.379000 O
796 99 -5.808000 19.914000 20.611000 N
797 100 -2.892000 16.745001 16.139999 N
798 100 -3.244000 17.135000 14.816000 C
799 100 -3.815000 15.915000 14.097000 C
800 100 -4.791000 15.998000 13.354000 O
801 100 -1.986000 17.709000 14.153000 C
802 100 -1.753000 19.077000 14.780000 C
803 100 -2.129000 17.747999 12.606000 C
804 100 -0.482000 19.823000 14.328000 C
805 101 -3.235000 14.751000 14.319000 N
806 101 -3.754000 13.560000 13.642000 C
807 101 -5.167000 13.227000 14.153000 C
808 101 -6.039000 12.821000 13.377000 O
809 101 -2.860000 12.351000 13.889000 C
810 101 -1.488000 12.429000 13.316000 C
811 101 -0.601000 11.437000 14.061000 C
812 101 -1.016000 10.042000 13.763000 C
813 101 0.157000 9.199000 13.863000 N
814 102 -5.349000 13.407000 15.477000 N
815 102 -6.632000 13.226000 16.146999 C
816 102 -7.685000 14.165000 15.552000 C
817 102 -8.772000 13.685000 15.258000 O
818 102 -6.484000 13.494000 17.667000 C
819 102 -7.786000 13.509000 18.500999 C
820 102 -7.579000 14.393000 19.757000 C
821 102 -8.635000 15.385000 20.027000 N
822 102 -8.446000 16.468000 20.820999 C
823 102 -7.271000 16.733000 21.417999 N
824 102 -9.462000 17.311001 21.027000 N
825 103 -7.486000 15.465000 15.328000 N
826 103 -8.561000 16.247000 14.736000 C
827 103 -8.710000 16.114000 13.234000 C
828 103 -9.835000 16.173000 12.754000 O
829 103 -8.417000 17.743999 15.102000 C
830 103 -8.803000 17.829000 16.575001 C
831 103 -7.038000 18.295000 14.905000 C
832 104 -7.643000 15.911000 12.463000 N
833 104 -7.759000 15.798000 11.017000 C
834 104 -8.218000 14.434000 10.574000 C
835 104 -8.321000 14.210000 9.358000 O
836 104 -6.408000 16.076000 10.300000 C
837 104 -5.918000 17.514000 10.571000 C
838 104 -5.551000 18.319000 9.315000 C
839 104 -6.737000 18.829000 8.494000 C
840 104 -6.749000 20.263000 8.532000 N
841 105 -8.421000 13.498000 11.532000 N
842 105 -8.820000 12.114000 11.243000 C
843 105 -7.878000 11.388000 10.298000 C
844 105 -8.295000 10.538000 9.511000 O
845 105 -10.219000 12.036000 10.614000 C
846 105 -11.371000 12.271000 11.559000 C
847 105 -11.296000 11.865000 12.718000 O
848 105 -12.372000 12.842000 11.122000 O
849 106 -6.586000 11.694000 10.314000 N
850 106 -5.678000 11.005000 9.423000 C
851 106 -4.299000 10.873000 9.985000 C
852 106 -3.923000 11.580000 10.916000 O
853 106 -5.562000 11.710000 8.067000 C
854 106 -5.014000 13.003000 8.144000 O
855 107 -3.613000 9.936000 9.314000 N
856 107 -2.233000 9.599000 9.612000 C
857 107 -1.180000 10.306000 8.760000 C
858 107 -0.031000 10.451000 9.186000 O
859 107 -2.144000 8.058000 9.536000 C
860 107 -2.943000 7.370000 10.665000 C
861 107 -3.177000 7.905000 11.738000 O
862 107 -3.342000 6.244000 10.472000 O
863 108 -1.560000 10.789000 7.575000 N
864 108 -0.699000 11.653000 6.786000 C
865 108 -1.384000 13.026000 6.635000 C
866 108 -2.431000 13.171000 5.982000 O
867 108 -0.419000 11.049000 5.367000 C
868 108 0.832000 11.648000 4.657000 C
869 108 0.801000 12.815000 4.221000 O
870 108 1.846000 10.944000 4.533000 O
871 109 -0.809000 14.041000 7.303000 N
872 109 -1.236000 15.446000 7.183000 C
873 109 0.022000 16.207001 6.760000 C
874 109 1.091000 15.875000 7.279000 O
875 109 -1.891000 15.978000 8.568000 C
876 109 -1.389000 15.233000 9.765000 C
877 109 -1.569000 17.451000 8.787000 C
878 110 0.043000 17.135000 5.767000 N
879 110 1.252000 17.885000 5.397000 C
880 110 1.934000 18.523001 6.622000 C
881 110 1.313000 19.257999 7.406000 O
882 110 0.738000 18.879999 4.344000 C
883 110 -0.430000 18.162001 3.717000 C
884 110 -1.094000 17.575001 4.951000 C
885 111 3.224000 18.226999 6.834000 N
886 111 3.937000 18.674000 8.023000 C
887 111 5.428000 18.721001 7.709000 C
888 111 5.846000 18.069000 6.750000 O
889 111 3.664000 17.663000 9.142000 C
890 111 3.826000 18.034000 10.623000 C
891 111 3.055000 16.791000 11.690000 S
892 111 1.372000 17.129000 11.313000 C
893 112 6.193000 19.566000 8.449000 N
894 112 7.675000 19.586000 8.429000 C
895 112 8.109000 19.914000 9.834000 C
896 112 7.473000 20.681999 10.576000 O
897 112 8.347000 20.641001 7.375000 C
898 112 7.325000 21.514999 6.756000 C
899 112 9.314000 21.601000 8.023000 C
900 113 9.149000 19.187000 10.236000 N
901 113 9.745000 19.438000 11.537000 C
902 113 10.814000 20.514000 11.345000 C
903 113 11.629000 20.391001 10.426000 O
904 113 10.331000 18.129999 12.056000 C
905 113 10.724000 18.076000 13.526000 C
906 113 9.462000 18.186001 14.372000 C
907 113 11.436000 16.725000 13.847000 C
908 114 10.784000 21.563000 12.185000 N
909 114 11.656000 22.733000 12.103000 C
910 114 12.434000 22.881001 13.409000 C
911 114 11.877000 23.046000 14.495000 O
912 114 10.797000 24.013000 11.817000 C
913 114 11.655000 25.280001 11.668000 C
914 114 10.138000 23.882999 10.488000 C
915 115 13.752000 22.732000 13.287000 N
916 115 14.689000 22.865999 14.393000 C
917 115 15.237000 24.275000 14.313000 C
918 115 16.179001 24.561001 13.571000 O
919 116 14.569000 25.146999 15.070000 N
920 116 14.932000 26.546000 15.061000 C
921 116 16.044001 26.903999 16.027000 C
922 116 16.330000 26.169001 16.962999 O
923 116 13.656000 27.409000 15.346000 C
924 116 13.900000 28.898001 15.065000 C
925 116 14.556000 29.333000 14.121000 O
926 116 13.410000 29.768999 15.896000 N
927 117 16.701000 28.051001 15.795000 N
928 117 17.767000 28.656000 16.618999 C
929 117 19.104000 27.959999 16.445999 C
930 117 19.915001 27.907000 17.378000 O
931 117 17.419001 28.669001 18.152000 C
932 117 16.153000 29.448000 18.584000 C
933 117 15.928000 29.297001 20.083000 C
934 117 15.112000 30.422001 20.722000 C
935 117 13.797000 30.441999 20.135000 N
936 118 19.339001 27.533001 15.185000 N
937 118 20.542000 26.811001 14.758000 C
938 118 21.855000 27.604000 14.745000 C
939 118 22.931000 27.004000 14.593000 O
940 118 20.334999 26.188000 13.341000 C
941 118 20.242001 27.266001 11.859000 S
942 119 21.723000 28.943001 14.880000 N
943 119 22.804001 29.927999 15.036000 C
944 119 23.483000 29.881001 16.430000 C
945 119 24.629000 30.302999 16.629000 O
946 119 22.212000 31.332001 14.786000 C
947 119 21.030001 31.666000 15.711000 C
948 119 19.930000 31.167000 15.462000 O
949 119 21.205999 32.387001 16.697001 O
950 120 22.767000 29.391001 17.445000 N
951 120 23.288000 29.240999 18.806000 C
952 120 24.204000 28.031000 18.962000 C
953 120 23.912001 26.879000 18.580000 O
954 120 22.188000 29.035000 19.823000 C
955 120 21.013000 29.973000 19.906000 C
956 120 20.056999 29.298000 20.823000 C
957 120 21.371000 31.372000 20.405001 C
958 121 25.363001 28.367001 19.493999 N
959 121 26.316000 27.351999 19.931999 C
960 121 25.733999 26.868000 21.243999 C
961 121 25.059000 27.618999 21.948999 O
962 121 27.674000 27.941999 20.222000 C
963 122 25.930000 25.625000 21.618000 N
964 122 25.261000 25.159000 22.823000 C
965 122 23.850000 24.683001 22.500000 C
966 122 22.836000 25.268999 22.896000 O
967 123 23.797001 23.606001 21.722000 N
968 123 22.521999 22.976000 21.412001 C
969 123 22.393999 21.759001 22.319000 C
970 123 23.403999 21.191999 22.728001 O
971 123 22.448999 22.542000 19.920000 C
972 123 23.431000 21.532000 19.365999 C
973 123 22.761999 20.822001 18.191000 C
974 123 22.698999 21.695999 17.042000 N
975 123 21.806999 21.601000 16.047001 C
976 123 20.823999 20.729000 16.011000 N
977 123 21.898001 22.433001 15.039000 N
978 124 21.187000 21.358999 22.709000 N
979 124 20.959000 20.191000 23.551001 C
980 124 20.191999 19.131001 22.771000 C
981 124 20.051001 17.999001 23.193001 O
982 124 20.209999 20.665001 24.823000 C
983 124 19.207001 21.580000 24.431999 O
984 124 21.117001 21.438000 25.773001 C
985 125 19.750000 19.479000 21.552999 N
986 125 19.023001 18.591999 20.691000 C
987 125 19.882000 18.407000 19.445999 C
988 125 19.986000 19.323000 18.648001 O
989 125 17.663000 19.233999 20.349001 C
990 125 16.927999 18.294001 19.450001 C
991 125 16.830999 19.517000 21.601000 C
992 126 20.542000 17.256001 19.285000 N
993 126 21.334000 16.941999 18.087000 C
994 126 20.415001 16.658001 16.917999 C
995 126 19.283001 16.259001 17.125999 O
996 126 22.239000 15.672000 18.212999 C
997 126 23.290001 15.561000 19.313999 C
998 126 24.212000 16.768999 19.507000 C
999 126 24.818001 17.287001 18.549999 O
1000 126 24.299999 17.195000 20.662001 O
1001 127 20.931000 16.856001 15.705000 N
1002 127 20.179001 16.646999 14.485000 C
1003 127 19.965000 15.210000 14.130000 C
1004 127 18.972000 14.969000 13.438000 O
1005 127 20.856001 17.292000 13.338000 C
1006 127 20.753000 18.653000 13.656000 O
1007 128 20.841000 14.262000 14.538000 N
1008 128 20.527000 12.840000 14.311000 C
1009 128 19.141001 12.557000 14.828000 C
1010 128 18.263000 12.039000 14.146000 O
1011 128 21.417000 11.822000 15.049000 C
1012 128 22.709999 11.462000 14.359000 C
1013 128 22.538000 10.519000 13.170000 C
1014 128 23.622000 10.726000 12.207000 N
1015 128 23.393000 10.936000 10.898000 C
1016 128 22.174000 10.773000 10.371000 N
1017 128 24.408001 11.312000 10.107000 N
1018 129 18.972000 13.050000 16.042999 N
1019 129 17.754000 12.830000 16.802999 C
1020 129 16.531000 13.324000 16.084999 C
1021 129 15.524000 12.632000 16.027000 O
1022 129 17.711000 13.571000 18.122000 C
1023 129 18.611000 13.384000 19.295000 C
1024 129 17.886999 14.011000 20.495001 C
1025 129 17.121000 14.962000 20.343000 O
1026 129 18.049999 13.504000 21.723000 N
1027 130 16.650999 14.585000 15.681000 N
1028 130 15.592000 15.291000 15.038000 C
1029 130 15.409000 14.782000 13.620000 C
1030 130 14.302000 14.821000 13.104000 O
1031 130 15.989000 16.730000 15.117000 C
1032 131 16.431999 14.228000 12.957000 N
1033 131 16.290001 13.587000 11.650000 C
1034 131 15.554000 12.242000 11.699000 C
1035 131 14.606000 11.979000 10.949000 O
1036 131 17.679001 13.394000 11.064000 C
1037 131 17.612000 12.974000 9.605000 C
1038 131 16.739000 13.890000 8.764000 C
1039 131 17.129999 15.013000 8.444000 O
1040 131 15.533000 13.415000 8.441000 N
1041 132 15.979000 11.358000 12.614000 N
1042 132 15.327000 10.078000 12.848000 C
1043 132 13.893000 10.285000 13.282000 C
1044 132 13.009000 9.526000 12.899000 O
1045 132 16.084000 9.335000 13.932000 C
1046 132 17.569000 9.023000 13.673000 C
1047 132 18.090000 9.225000 12.560000 O
1048 132 18.205999 8.551000 14.621000 O
1049 133 13.593000 11.269000 14.135000 N
1050 133 12.206000 11.536000 14.473000 C
1051 133 11.439000 11.876000 13.204000 C
1052 133 10.406000 11.246000 12.918000 O
1053 133 12.054000 12.716000 15.459000 C
1054 133 10.628000 12.997000 15.983000 C
1055 133 10.006000 11.690000 16.458000 C
1056 133 10.655000 13.937000 17.172001 C
1057 134 11.977000 12.839000 12.416000 N
1058 134 11.315000 13.236000 11.188000 C
1059 134 11.131000 12.003000 10.323000 C
1060 134 10.004000 11.777000 9.903000 O
1061 134 12.117000 14.244000 10.406000 C
1062 135 12.178000 11.187000 10.136000 N
1063 135 12.084000 9.917000 9.452000 C
1064 135 10.922000 9.021000 9.906000 C
1065 135 10.272000 8.407000 9.046000 O
1066 135 13.368000 9.089000 9.630000 C
1067 135 14.061000 8.823000 8.313000 C
1068 135 14.407000 7.349000 8.172000 C
1069 135 13.298000 6.602000 7.563000 N
1070 135 13.264000 6.160000 6.270000 C
1071 135 14.320000 6.288000 5.440000 N
1072 135 12.145000 5.574000 5.794000 N
1073 136 10.663000 8.893000 11.222000 N
1074 136 9.610000 7.995000 11.724000 C
1075 136 8.183000 8.384000 11.386000 C
1076 136 7.358000 7.523000 11.073000 O
1077 136 9.785000 7.851000 13.231000 C
1078 136 10.997000 7.093000 13.372000 O
1079 137 7.917000 9.689000 11.481000 N
1080 137 6.738000 10.324000 10.874000 C
1081 137 7.150000 10.248000 9.391000 C
1082 137 8.337000 10.101000 9.165000 O
1083 137 6.640000 11.817000 11.328000 C
1084 137 6.682000 12.166000 12.827000 C
1085 137 6.271000 11.247000 13.779000 C
1086 137 7.082000 13.430000 13.270000 C
1087 137 6.250000 11.557000 15.142000 C
1088 137 7.061000 13.762000 14.632000 C
1089 137 6.641000 12.814000 15.573000 C
1090 137 6.606000 13.085000 16.937000 O
1091 138 6.487000 10.239000 8.244000 N
1092 138 7.227000 10.325000 6.961000 C
1093 138 7.265000 11.827000 6.639000 C
1094 138 6.648000 12.263000 5.673000 O
1095 139 7.962000 12.620000 7.477000 N
1096 139 7.949000 14.079000 7.464000 C
1097 139 9.345000 14.709000 7.234000 C
1098 139 10.277000 14.186000 7.852000 O
1099 139 7.269000 14.439000 8.835000 C
1100 139 5.890000 14.906000 8.458000 C
1101 139 7.989000 15.464000 9.714000 C
1102 139 4.841000 13.789000 8.250000 C
1103 140 9.587000 15.809000 6.445000 N
1104 140 10.887000 16.466000 6.299000 C
1105 140 11.438000 17.150000 7.527000 C
1106 140 10.690000 17.648001 8.334000 O
1107 140 10.743000 17.461000 5.152000 C
1108 140 9.551000 16.920000 4.402000 C
1109 140 8.644000 16.472000 5.548000 C
1110 141 12.746000 17.125999 7.690000 N
1111 141 13.371000 17.841999 8.769000 C
1112 141 14.164000 18.969999 8.162000 C
1113 141 14.952000 18.684000 7.256000 O
1114 141 14.350000 16.968000 9.578000 C
1115 141 15.051000 17.749001 10.689000 C
1116 141 14.306000 18.466000 11.592000 C
1117 141 16.437000 17.711000 10.781000 C
1118 141 14.967000 19.156000 12.603000 C
1119 141 17.110001 18.382000 11.774000 C
1120 141 16.362000 19.106001 12.687000 C
1121 141 17.003000 19.780001 13.711000 O
1122 142 13.934000 20.202999 8.669000 N
1123 142 14.757000 21.323999 8.272000 C
1124 142 15.144000 22.267000 9.414000 C
1125 142 14.383000 22.641001 10.305000 O
1126 142 14.053000 22.062000 7.013000 C
1127 142 14.126000 23.565001 7.151000 C
1128 142 12.611000 21.646000 6.833000 C
1129 142 15.363000 24.223000 6.559000 C
1130 143 16.441999 22.561001 9.487000 N
1131 143 16.938000 23.566999 10.439000 C
1132 143 16.860001 25.056000 10.049000 C
1133 143 17.118999 25.482000 8.910000 O
1134 143 18.356001 23.281000 10.757000 C
1135 143 18.363001 22.068001 11.625000 C
1136 143 19.569000 21.900999 12.514000 C
1137 143 20.601999 22.555000 12.379000 O
1138 143 19.448999 21.056000 13.381000 O
1139 144 16.510000 25.892000 11.014000 N
1140 144 16.385000 27.319000 10.740000 C
1141 144 17.004999 28.256001 11.783000 C
1142 144 17.393000 27.879999 12.887000 O
1143 144 14.894000 27.733000 10.594000 C
1144 144 14.322000 27.659000 11.902000 O
1145 144 14.136000 26.878000 9.571000 C
1146 145 17.118999 29.507000 11.368000 N
1147 145 17.448999 30.610001 12.258000 C
1148 145 16.715000 31.853001 11.726000 C
1149 145 16.923000 32.300999 10.590000 O
1150 145 18.962000 30.907000 12.300000 C
1151 145 19.190001 32.081001 13.066000 O
1152 146 15.796000 32.346001 12.560000 N
1153 146 15.080000 33.577000 12.297000 C
1154 146 16.004999 34.770000 12.530000 C
1155 146 15.730000 35.898998 12.111000 O
1156 146 13.908000 33.705002 13.223000 C
1157 147 17.125999 34.566002 13.214000 N
1158 147 18.084999 35.634998 13.369000 C
1159 147 18.868999 35.847000 12.046000 C
1160 147 18.884001 36.929001 11.451000 O
1161 147 18.933001 35.213001 14.544000 C
1162 147 19.924999 36.251999 14.938000 C
1163 147 20.653999 35.712002 16.141001 C
1164 147 21.652000 36.733002 16.656000 C
1165 147 22.466000 36.160000 17.709999 N
1166 148 19.528000 34.785999 11.550000 N
1167 148 20.292999 34.817001 10.304000 C
1168 148 19.389000 34.792999 9.056000 C
1169 148 19.775999 35.299999 7.994000 O
1170 148 21.238001 33.606998 10.346000 C
1171 148 22.296000 33.971001 11.228000 O
1172 148 21.809999 33.216000 9.000000 C
1173 149 18.188999 34.207001 9.217000 N
1174 149 17.235001 33.962002 8.169000 C
1175 149 17.663000 32.654999 7.495000 C
1176 149 17.100000 32.220001 6.478000 O
1177 149 17.193001 35.145000 7.159000 C
1178 149 15.907000 35.195000 6.377000 C
1179 149 15.721000 36.463001 5.590000 C
1180 149 14.283000 36.632000 5.488000 N
1181 149 13.596000 36.202000 4.431000 C
1182 149 14.200000 35.566002 3.436000 N
1183 149 12.288000 36.412998 4.370000 N
1184 150 18.617001 31.927000 8.087000 N
1185 150 19.062000 30.659000 7.513000 C
1186 150 17.934999 29.645000 7.520000 C
1187 150 17.386999 29.320000 8.567000 O
1188 150 20.177000 30.018000 8.291000 C
1189 150 20.944000 29.117001 7.317000 C
1190 150 21.440001 27.760000 7.821000 C
1191 150 22.106001 27.042999 7.081000 O
1192 150 21.129000 27.312000 9.034000 N
1193 151 17.563999 29.132000 6.369000 N
1194 151 16.509001 28.132999 6.309000 C
1195 151 15.075000 28.658001 6.325000 C
1196 151 14.176000 27.853001 6.085000 O
1197 152 14.718000 29.931000 6.499000 N
1198 152 13.310000 30.208000 6.712000 C
1199 152 12.431000 30.063000 5.454000 C
1200 152 11.352000 29.447001 5.536000 O
1201 152 13.171000 31.629999 7.427000 C
1202 152 14.136000 31.608999 8.613000 C
1203 152 13.407000 32.820999 6.547000 C
1204 153 12.851000 30.544001 4.270000 N
1205 153 12.077000 30.348000 3.041000 C
1206 153 11.978000 28.857000 2.663000 C
1207 153 10.973000 28.275000 2.250000 O
1208 153 12.739000 31.165001 1.918000 C
1209 153 12.425000 32.667000 1.931000 C
1210 153 12.958000 33.483002 0.730000 C
1211 153 12.671000 33.162998 -0.427000 O
1212 153 13.669000 34.473000 0.937000 O
1213 154 13.059000 28.156000 2.880000 N
1214 154 13.086000 26.743999 2.621000 C
1215 154 12.029000 26.007999 3.471000 C
1216 154 11.238000 25.222000 2.937000 O
1217 154 14.518000 26.375000 2.906000 C
1218 154 15.003000 25.059999 2.364000 C
1219 154 14.423000 24.503000 1.442000 O
1220 154 15.976000 24.563000 2.917000 O
1221 155 11.950000 26.207001 4.795000 N
1222 155 10.937000 25.533001 5.592000 C
1223 155 9.525000 25.856001 5.120000 C
1224 155 8.748000 24.924999 4.954000 O
1225 155 11.044000 25.934000 7.045000 C
1226 156 9.166000 27.112000 4.786000 N
1227 156 7.800000 27.452999 4.411000 C
1228 156 7.379000 26.972000 3.033000 C
1229 156 6.221000 26.593000 2.884000 O
1230 156 7.588000 28.974001 4.506000 C
1231 156 7.275000 29.542999 5.913000 C
1232 156 5.965000 29.600000 6.364000 C
1233 156 8.298000 30.027000 6.739000 C
1234 156 5.677000 30.128000 7.604000 C
1235 156 7.991000 30.556000 7.985000 C
1236 156 6.681000 30.608999 8.422000 C
1237 157 8.331000 27.000999 2.072000 N
1238 157 8.177000 26.576000 0.670000 C
1239 157 8.162000 25.075001 0.615000 C
1240 157 7.371000 24.520000 -0.130000 O
1241 157 9.344000 27.083000 -0.225000 C
1242 157 9.390000 28.615000 -0.406000 C
1243 157 8.551000 29.471001 0.316000 C
1244 157 10.274000 29.174999 -1.328000 C
1245 157 8.591000 30.839001 0.133000 C
1246 157 10.312000 30.549000 -1.519000 C
1247 157 9.473000 31.375999 -0.786000 C
1248 157 9.518000 32.756001 -0.978000 O
1249 158 8.980000 24.351999 1.380000 N
1250 158 8.870000 22.889000 1.416000 C
1251 158 7.460000 22.424000 1.799000 C
1252 158 6.870000 21.530001 1.202000 O
1253 158 9.870000 22.348000 2.432000 C
1254 158 11.134000 22.725000 1.926000 O
1255 158 9.867000 20.822001 2.605000 C
1256 159 6.913000 23.016001 2.860000 N
1257 159 5.588000 22.707001 3.357000 C
1258 159 4.545000 23.039000 2.294000 C
1259 159 3.607000 22.264999 2.157000 O
1260 159 5.307000 23.510000 4.633000 C
1261 159 3.898000 23.476999 5.143000 C
1262 159 3.354000 22.041000 5.386000 C
1263 159 3.939000 24.323000 6.389000 C
1264 160 4.631000 24.142000 1.529000 N
1265 160 3.659000 24.348000 0.488000 C
1266 160 3.736000 23.183001 -0.485000 C
1267 160 2.683000 22.688999 -0.877000 O
1268 160 3.939000 25.650000 -0.214000 C
1269 160 3.344000 25.725000 -1.632000 C
1270 160 3.293000 26.691000 0.638000 C
1271 161 4.952000 22.704000 -0.823000 N
1272 161 5.112000 21.635000 -1.814000 C
1273 161 4.603000 20.283001 -1.299000 C
1274 161 4.246000 19.386000 -2.087000 O
1275 161 6.610000 21.540001 -2.243000 C
1276 161 7.060000 22.788000 -2.989000 C
1277 161 8.329000 22.726000 -3.886000 C
1278 161 9.563000 22.832001 -3.129000 N
1279 161 10.291000 23.952999 -3.057000 C
1280 161 10.012000 25.055000 -3.795000 N
1281 161 11.329000 23.940001 -2.204000 N
1282 162 4.518000 20.183001 0.047000 N
1283 162 3.866000 19.066000 0.717000 C
1284 162 2.356000 19.136000 0.618000 C
1285 162 1.691000 18.087999 0.558000 O
1286 162 4.176000 18.992001 2.209000 C
1287 162 5.543000 18.490999 2.598000 C
1288 162 5.783000 17.062000 2.159000 C
1289 162 5.417000 16.141001 2.884000 O
1290 162 6.345000 16.865000 1.095000 O
1291 163 1.751000 20.322001 0.624000 N
1292 163 0.295000 20.395000 0.530000 C
1293 163 0.011000 20.056999 -0.932000 C
1294 163 -0.796000 19.200001 -1.294000 O
1295 163 -0.154000 21.818001 0.903000 C
1296 163 -0.071000 22.091000 2.405000 C
1297 163 -1.634000 21.968000 0.559000 C
1298 163 -0.353000 23.598000 2.767000 C
1299 164 0.770000 20.665001 -1.836000 N
1300 164 0.651000 20.447001 -3.267000 C
1301 164 0.675000 18.957001 -3.682000 C
1302 164 0.005000 18.538000 -4.624000 O
1303 164 1.793000 21.304001 -3.808000 C
1304 164 1.684000 21.718000 -5.249000 C
1305 164 2.037000 23.205000 -5.388000 C
1306 164 3.440000 23.462000 -5.208000 N
1307 164 3.951000 24.677000 -5.365000 C
1308 164 3.198000 25.773001 -5.561000 N
1309 164 5.274000 24.757999 -5.317000 N
1310 165 1.408000 18.112000 -2.949000 N
1311 165 1.574000 16.690001 -3.250000 C
1312 165 0.604000 15.732000 -2.554000 C
1313 165 0.625000 14.513000 -2.800000 O
1314 165 3.023000 16.250000 -2.896000 C
1315 165 4.180000 16.768999 -3.781000 C
1316 165 4.260000 16.184999 -5.201000 C
1317 165 4.070000 16.863001 -6.229000 O
1318 165 4.583000 14.885000 -5.234000 N
1319 166 -0.238000 16.257000 -1.661000 N
1320 166 -1.126000 15.395000 -0.918000 C
1321 166 -2.336000 14.995000 -1.761000 C
1322 166 -2.760000 15.714000 -2.669000 O
1323 166 -1.553000 16.112000 0.368000 C
1324 166 -2.167000 15.211000 1.439000 C
1325 166 -3.431000 15.173000 1.876000 N
1326 166 -1.469000 14.303000 2.200000 C
1327 166 -3.534000 14.310000 2.852000 C
1328 166 -2.345000 13.799000 3.029000 N
1329 166 -2.798000 13.887000 -1.541000 O
