486
1 1 18.759 33.554 25.922 O
2 1 19.419 33.835 24.665 C
3 1 20.411 32.756 24.302 C
4 1 19.987 31.490 24.838 O
5 1 20.603 32.505 22.816 C
6 1 21.906 31.969 22.666 O
7 1 19.588 31.421 22.530 C
8 1 19.703 30.583 23.785 C
9 1 18.489 29.852 24.165 N
10 1 18.622 28.681 24.903 C
11 1 19.766 28.268 25.167 O
12 1 17.519 28.027 25.307 N
13 1 16.316 28.497 24.990 C
14 1 15.250 27.818 25.412 N
15 1 16.151 29.680 24.223 C
16 1 17.254 30.317 23.828 C
17 2 22.568 31.880 21.217 P
18 2 23.813 32.690 21.212 O
19 2 21.502 32.132 20.206 O
20 2 22.982 30.356 21.104 O
21 2 23.779 29.744 22.096 C
22 2 23.799 28.261 21.846 C
23 2 22.541 27.672 22.264 O
24 2 23.926 27.962 20.355 C
25 2 24.763 26.830 20.210 O
26 2 22.501 27.650 19.935 C
27 2 21.951 26.984 21.176 C
28 2 20.502 27.070 21.314 N
29 2 19.694 28.114 20.933 C
30 2 18.427 27.893 21.171 N
31 2 18.402 26.629 21.742 C
32 2 17.312 25.852 22.197 C
33 2 16.108 26.139 22.183 O
34 2 17.728 24.617 22.694 N
35 2 19.028 24.182 22.729 C
36 2 19.228 22.938 23.188 N
37 2 20.059 24.907 22.323 N
38 2 19.675 26.107 21.841 C
39 3 25.258 26.359 18.755 P
40 3 26.739 26.506 18.735 O
41 3 24.429 27.046 17.722 O
42 3 24.902 24.809 18.786 O
43 3 24.629 24.167 20.035 C
44 3 23.903 22.866 19.802 C
45 3 22.495 23.048 20.079 O
46 3 23.998 22.376 18.363 C
47 3 24.293 20.997 18.327 O
48 3 22.621 22.621 17.791 C
49 3 21.718 22.565 19.007 C
50 3 20.575 23.463 18.855 N
51 3 19.322 23.055 19.308 C
52 3 19.206 21.951 19.862 O
53 3 18.267 23.866 19.122 N
54 3 18.427 25.031 18.503 C
55 3 17.346 25.786 18.298 N
56 3 19.694 25.481 18.053 C
57 3 20.732 24.678 18.250 C
58 4 24.537 20.289 16.920 P
59 4 25.878 19.653 16.938 O
60 4 24.192 21.234 15.833 O
61 4 23.414 19.179 16.964 O
62 4 23.180 18.453 18.155 C
63 4 21.886 17.698 18.020 C
64 4 20.815 18.667 17.965 O
65 4 21.819 16.935 16.704 C
66 4 21.014 15.782 16.869 O
67 4 21.126 17.911 15.778 C
68 4 20.142 18.562 16.725 C
69 4 19.716 19.895 16.332 N
70 4 20.466 20.850 15.692 C
71 4 19.808 21.960 15.489 N
72 4 18.550 21.721 16.028 C
73 4 17.417 22.561 16.119 C
74 4 17.299 23.733 15.738 O
75 4 16.341 21.914 16.730 N
76 4 16.356 20.626 17.196 C
77 4 15.210 20.186 17.715 N
78 4 17.419 19.834 17.142 N
79 4 18.475 20.445 16.544 C
80 5 20.877 14.737 15.667 P
81 5 21.554 13.512 16.142 O
82 5 21.297 15.368 14.387 O
83 5 19.309 14.477 15.602 O
84 5 18.556 14.361 16.808 C
85 5 17.092 14.600 16.537 C
86 5 16.851 15.987 16.210 O
87 5 16.526 13.800 15.370 C
88 5 15.154 13.514 15.690 O
89 5 16.633 14.778 14.217 C
90 5 16.282 16.080 14.916 C
91 5 16.823 17.282 14.291 N
92 5 18.090 17.477 13.805 C
93 5 18.304 18.696 13.369 N
94 5 17.089 19.341 13.571 C
95 5 16.669 20.671 13.343 C
96 5 17.469 21.633 12.892 N
97 5 15.387 20.982 13.628 N
98 5 14.600 20.027 14.139 C
99 5 14.886 18.762 14.425 N
100 5 16.162 18.476 14.111 C
101 6 14.318 12.472 14.804 P
102 6 13.724 11.421 15.674 O
103 6 15.194 12.086 13.653 O
104 6 13.122 13.360 14.270 O
105 6 12.378 14.169 15.157 C
106 6 11.529 15.115 14.359 C
107 6 12.363 16.163 13.812 O
108 6 10.892 14.412 13.166 C
109 6 9.552 14.835 13.071 O
110 6 11.703 14.889 11.976 C
111 6 12.149 16.266 12.417 C
112 6 13.380 16.773 11.803 N
113 6 14.523 16.107 11.443 C
114 6 15.433 16.877 10.893 N
115 6 14.848 18.137 10.894 C
116 6 15.284 19.412 10.427 C
117 6 16.465 19.643 9.854 N
118 6 14.440 20.455 10.572 N
119 6 13.256 20.240 11.143 C
120 6 12.737 19.109 11.619 N
121 6 13.589 18.084 11.458 C
122 7 8.637 14.305 11.879 P
123 7 7.262 14.160 12.405 O
124 7 9.320 13.163 11.207 O
125 7 8.636 15.544 10.912 O
126 7 8.377 16.806 11.442 C
127 7 8.410 17.826 10.343 C
128 7 9.765 18.182 9.999 O
129 7 7.729 17.377 9.060 C
130 7 6.848 18.411 8.703 O
131 7 8.870 17.263 8.064 C
132 7 9.866 18.283 8.600 C
133 7 11.276 18.049 8.240 N
134 7 12.017 19.107 7.764 C
135 7 11.567 20.231 7.669 O
136 7 13.304 18.797 7.405 N
137 7 13.914 17.560 7.484 C
138 7 15.095 17.432 7.128 O
139 7 13.075 16.493 8.011 C
140 7 13.634 15.113 8.134 C
141 7 11.821 16.794 8.362 C
142 8 5.795 18.187 7.537 P
143 8 4.469 18.638 8.029 O
144 8 5.966 16.820 7.014 O
145 8 6.322 19.219 6.451 O
146 8 6.522 20.570 6.820 C
147 8 7.215 21.340 5.722 C
148 8 8.620 21.018 5.655 O
149 8 6.660 21.196 4.305 C
150 8 6.492 22.512 3.776 O
151 8 7.764 20.448 3.569 C
152 8 9.020 20.888 4.309 C
153 8 10.133 19.927 4.286 N
154 8 11.395 20.365 3.927 C
155 8 11.629 21.512 3.581 O
156 8 12.375 19.406 3.980 N
157 8 12.216 18.082 4.311 C
158 8 13.179 17.336 4.291 O
159 8 10.859 17.687 4.653 C
160 8 10.577 16.257 5.002 C
161 8 9.905 18.623 4.630 C
162 9 5.690 22.739 2.406 P
163 9 4.580 23.722 2.578 O
164 9 5.403 21.388 1.881 O
165 9 6.782 23.474 1.525 O
166 9 7.877 24.125 2.161 C
167 9 8.864 24.568 1.116 C
168 9 10.031 23.713 1.114 O
169 9 8.259 24.460 -0.272 C
170 9 8.708 25.552 -1.042 O
171 9 8.808 23.151 -0.803 C
172 9 10.170 23.054 -0.136 C
173 9 10.597 21.664 0.130 N
174 9 11.960 21.340 0.052 C
175 9 12.773 22.233 -0.227 O
176 9 12.352 20.058 0.276 N
177 9 11.438 19.121 0.537 C
178 9 11.855 17.860 0.667 N
179 9 10.049 19.431 0.650 C
180 9 9.678 20.701 0.440 C
181 10 7.863 26.023 -2.315 P
182 10 7.343 27.386 -2.034 O
183 10 6.921 24.931 -2.698 O
184 10 8.972 26.110 -3.449 O
185 10 10.279 26.601 -3.156 C
186 10 11.291 25.896 -4.027 C
187 10 11.537 24.557 -3.536 O
188 10 10.813 25.724 -5.469 C
189 10 11.952 25.726 -6.316 O
190 10 10.247 24.319 -5.453 C
191 10 11.290 23.649 -4.586 C
192 10 10.919 22.364 -4.012 N
193 10 9.660 21.929 -3.686 C
194 10 9.639 20.693 -3.261 N
195 10 10.970 20.294 -3.299 C
196 10 11.568 19.047 -2.972 C
197 10 11.023 18.006 -2.574 O
198 10 12.945 19.085 -3.149 N
199 10 13.652 20.177 -3.573 C
200 10 14.968 20.014 -3.667 N
201 10 13.111 21.341 -3.881 N
202 10 11.775 21.326 -3.730 C
203 11 12.118 26.854 -7.435 P
204 11 11.713 28.143 -6.823 O
205 11 11.417 26.358 -8.648 O
206 11 13.692 26.860 -7.666 O
207 11 14.578 26.910 -6.546 C
208 11 15.672 25.870 -6.671 C
209 11 15.154 24.560 -6.326 O
210 11 16.297 25.727 -8.059 C
211 11 17.707 25.542 -7.941 O
212 11 15.638 24.479 -8.617 C
213 11 15.433 23.636 -7.368 C
214 11 14.305 22.695 -7.442 N
215 11 14.538 21.338 -7.203 C
216 11 15.699 20.962 -6.975 O
217 11 13.498 20.477 -7.229 N
218 11 12.270 20.928 -7.485 C
219 11 11.264 20.057 -7.474 N
220 11 12.013 22.296 -7.759 C
221 11 13.048 23.137 -7.726 C
222 12 18.630 25.651 -9.247 P
223 12 19.993 26.080 -8.831 O
224 12 17.866 26.455 -10.243 O
225 12 18.707 24.157 -9.792 O
226 12 19.746 23.271 -9.374 C
227 12 19.789 22.048 -10.263 C
228 12 18.594 21.259 -10.038 O
229 12 19.826 22.336 -11.769 C
230 12 20.447 21.330 -12.551 O
231 12 18.379 22.163 -12.185 C
232 12 17.934 21.036 -11.273 C
233 12 16.501 21.025 -11.027 N
234 12 15.646 22.089 -11.145 C
235 12 14.404 21.771 -10.926 N
236 12 14.442 20.418 -10.632 C
237 12 13.402 19.534 -10.326 C
238 12 12.194 19.773 -10.263 O
239 12 13.873 18.248 -10.088 N
240 12 15.185 17.868 -10.148 C
241 12 15.435 16.576 -9.905 N
242 12 16.176 18.693 -10.434 N
243 12 15.731 19.947 -10.668 C
245 13 8.323 10.217 -9.267 O
246 13 9.316 10.569 -10.241 C
247 13 10.663 10.846 -9.613 C
248 13 11.110 12.181 -9.957 O
249 13 10.681 10.784 -8.088 C
250 13 11.950 10.302 -7.671 O
251 13 10.568 12.241 -7.690 C
252 13 11.404 12.902 -8.769 C
253 13 11.108 14.324 -9.010 N
254 13 12.149 15.178 -9.366 C
255 13 13.297 14.740 -9.405 O
256 13 11.882 16.464 -9.650 N
257 13 10.631 16.913 -9.578 C
258 13 10.407 18.178 -9.912 N
259 13 9.554 16.076 -9.173 C
260 13 9.835 14.800 -8.904 C
261 14 12.072 9.403 -6.352 P
262 14 11.946 8.007 -6.814 O
263 14 11.197 9.910 -5.255 O
264 14 13.576 9.641 -5.915 O
265 14 14.597 9.665 -6.886 C
266 14 15.645 10.679 -6.505 C
267 14 15.183 12.013 -6.821 O
268 14 16.017 10.690 -5.022 C
269 14 17.437 10.749 -4.879 O
270 14 15.366 11.960 -4.495 C
271 14 15.378 12.871 -5.709 C
272 14 14.306 13.862 -5.723 N
273 14 12.972 13.619 -5.550 C
274 14 12.240 14.690 -5.640 N
275 14 13.146 15.707 -5.887 C
276 14 12.931 17.087 -6.088 C
277 14 11.855 17.699 -6.105 O
278 14 14.125 17.768 -6.292 N
279 14 15.366 17.189 -6.308 C
280 14 16.399 18.007 -6.512 N
281 14 15.579 15.897 -6.133 N
282 14 14.429 15.220 -5.929 C
283 15 18.108 10.499 -3.443 P
284 15 19.139 9.469 -3.655 O
285 15 17.038 10.289 -2.442 O
286 15 18.852 11.872 -3.138 O
287 15 19.303 12.688 -4.208 C
288 15 19.619 14.077 -3.717 C
289 15 18.433 14.884 -3.911 O
290 15 20.009 14.211 -2.245 C
291 15 21.121 15.084 -2.092 O
292 15 18.796 14.864 -1.609 C
293 15 18.159 15.643 -2.748 C
294 15 16.702 15.728 -2.624 N
295 15 16.041 16.912 -2.968 C
296 15 16.695 17.872 -3.394 O
297 15 14.707 16.980 -2.826 N
298 15 14.028 15.924 -2.362 C
299 15 12.712 16.044 -2.197 N
300 15 14.671 14.706 -2.035 C
301 15 15.998 14.652 -2.178 C
302 16 21.927 15.118 -0.708 P
303 16 23.266 14.547 -0.955 O
304 16 21.098 14.591 0.403 O
305 16 22.151 16.672 -0.509 O
306 16 22.522 17.458 -1.628 C
307 16 22.061 18.874 -1.430 C
308 16 20.614 18.897 -1.409 O
309 16 22.521 19.465 -0.103 C
310 16 22.910 20.819 -0.340 O
311 16 21.303 19.309 0.798 C
312 16 20.136 19.401 -0.178 C
313 16 18.937 18.636 0.167 N
314 16 18.867 17.356 0.661 C
315 16 17.637 16.944 0.848 N
316 16 16.850 18.014 0.458 C
317 16 15.449 18.149 0.434 C
318 16 14.595 17.312 0.735 O
319 16 15.061 19.416 -0.010 N
320 16 15.923 20.420 -0.397 C
321 16 15.363 21.573 -0.765 N
322 16 17.239 20.293 -0.406 N
323 16 17.633 19.072 0.039 C
324 17 23.124 21.811 0.887 P
325 17 24.202 22.758 0.519 O
326 17 23.252 20.983 2.123 O
327 17 21.760 22.627 0.902 O
328 17 21.201 23.116 -0.310 C
329 17 20.020 24.002 -0.008 C
330 17 18.854 23.221 0.339 O
331 17 20.267 24.922 1.178 C
332 17 19.602 26.149 0.941 O
333 17 19.610 24.194 2.334 C
334 17 18.436 23.508 1.673 C
335 17 18.063 22.238 2.295 N
336 17 18.916 21.269 2.765 C
337 17 18.308 20.231 3.270 N
338 17 16.962 20.532 3.125 C
339 17 15.816 19.826 3.471 C
340 17 15.855 18.651 4.084 N
341 17 14.615 20.372 3.179 N
342 17 14.595 21.574 2.591 C
343 17 15.621 22.355 2.229 N
344 17 16.793 21.762 2.525 C
345 18 19.841 27.373 1.934 P
346 18 20.034 28.576 1.084 O
347 18 20.911 26.933 2.869 O
348 18 18.455 27.469 2.704 O
349 18 17.249 27.487 1.963 C
350 18 16.064 27.248 2.865 C
351 18 16.007 25.864 3.296 O
352 18 16.048 28.107 4.126 C
353 18 14.768 28.723 4.251 O
354 18 16.302 27.111 5.247 C
355 18 15.744 25.812 4.687 C
356 18 16.372 24.600 5.217 N
357 18 17.713 24.391 5.415 C
358 18 17.997 23.218 5.929 N
359 18 16.759 22.607 6.074 C
360 18 16.376 21.337 6.567 C
361 18 17.242 20.420 7.000 N
362 18 15.061 21.035 6.587 N
363 18 14.200 21.937 6.117 C
364 18 14.435 23.159 5.611 N
365 18 15.749 23.441 5.630 C
366 19 14.525 29.841 5.379 P
367 19 13.791 30.959 4.723 O
368 19 15.803 30.093 6.106 O
369 19 13.513 29.129 6.364 O
370 19 12.432 28.423 5.816 C
371 19 11.878 27.462 6.829 C
372 19 12.750 26.321 7.019 O
373 19 11.647 28.073 8.205 C
374 19 10.322 27.775 8.593 O
375 19 12.626 27.329 9.102 C
376 19 12.750 25.992 8.394 C
377 19 13.974 25.212 8.694 N
378 19 13.822 23.897 9.088 C
379 19 12.729 23.352 9.194 O
380 19 15.002 23.245 9.361 N
381 19 16.276 23.760 9.273 C
382 19 17.244 23.049 9.522 O
383 19 16.361 25.135 8.869 C
384 19 17.713 25.775 8.789 C
385 19 15.229 25.785 8.591 C
386 20 9.604 28.675 9.700 P
387 20 8.430 29.297 9.036 O
388 20 10.601 29.522 10.398 O
389 20 9.126 27.601 10.768 O
390 20 8.451 26.435 10.347 C
391 20 8.573 25.358 11.393 C
392 20 9.910 24.807 11.388 O
393 20 8.292 25.798 12.830 C
394 20 7.382 24.880 13.412 O
395 20 9.645 25.699 13.512 C
396 20 10.322 24.602 12.723 C
397 20 11.779 24.629 12.740 N
398 20 12.415 23.462 13.069 C
399 20 11.817 22.446 13.375 O
400 20 13.785 23.529 13.028 N
401 20 14.558 24.629 12.693 C
402 20 15.783 24.533 12.653 O
403 20 13.821 25.831 12.390 C
404 20 14.577 27.075 12.055 C
405 20 12.485 25.773 12.423 C
406 21 6.684 25.227 14.807 P
407 21 5.234 24.953 14.667 O
408 21 7.138 26.556 15.267 O
409 21 7.302 24.120 15.756 O
410 21 7.833 22.943 15.181 C
411 21 8.512 22.123 16.241 C
412 21 9.939 22.168 16.032 O
413 21 8.273 22.660 17.648 C
414 21 8.168 21.562 18.538 O
415 21 9.541 23.428 17.954 C
416 21 10.576 22.615 17.215 C
417 21 11.761 23.373 16.828 N
418 21 12.982 22.750 16.904 C
419 21 13.019 21.576 17.305 O
420 21 14.097 23.428 16.543 N
421 21 14.005 24.686 16.113 C
422 21 15.127 25.303 15.749 N
423 21 12.760 25.354 16.033 C
424 21 11.667 24.665 16.400 C
425 22 7.118 21.614 19.744 P
426 22 6.026 20.676 19.397 O
427 22 6.808 23.043 20.014 O
428 22 7.952 21.031 20.969 O
429 22 8.665 19.799 20.852 C
430 22 9.892 19.823 21.732 C
431 22 10.960 20.576 21.118 O
432 22 9.651 20.493 23.080 C
433 22 10.556 19.938 24.004 O
434 22 10.150 21.898 22.834 C
435 22 11.384 21.546 22.052 C
436 22 11.985 22.650 21.329 N
437 22 11.378 23.810 20.928 C
438 22 12.191 24.614 20.307 N
439 22 13.402 23.937 20.293 C
440 22 14.639 24.294 19.735 C
441 22 14.926 25.300 19.087 O
442 22 15.599 23.331 19.971 N
443 22 15.393 22.162 20.635 C
444 22 16.456 21.384 20.777 N
445 22 14.240 21.792 21.128 N
446 22 13.292 22.729 20.926 C
447 23 10.077 18.788 24.989 P
448 23 9.236 17.821 24.232 O
449 23 9.534 19.463 26.179 O
450 23 11.454 18.089 25.357 O
451 23 12.417 17.824 24.331 C
452 23 13.817 18.012 24.863 C
453 23 14.424 19.157 24.219 O
454 23 13.859 18.295 26.362 C
455 23 14.993 17.686 26.966 O
456 23 14.013 19.796 26.433 C
457 23 14.845 20.084 25.202 C
458 23 14.598 21.437 24.700 N
459 23 15.642 22.136 24.129 C
460 23 16.718 21.560 23.975 O
461 23 15.451 23.419 23.754 N
462 23 14.257 23.990 23.932 C
463 23 14.111 25.272 23.589 N
464 23 13.157 23.276 24.477 C
465 23 13.368 22.013 24.836 C
466 24 14.936 17.290 28.520 P
467 24 14.257 15.984 28.650 O
468 24 14.428 18.457 29.292 O
469 24 16.462 17.082 28.880 O
470 24 17.183 18.094 29.553 C
471 24 18.432 18.430 28.778 C
472 24 18.097 19.355 27.710 O
473 24 19.486 19.134 29.627 C
474 24 20.788 18.885 29.092 O
475 24 19.161 20.601 29.426 C
476 24 18.643 20.652 27.993 C
477 24 17.580 21.641 27.822 N
478 24 16.271 21.498 28.207 C
479 24 15.542 22.547 27.943 N
480 24 16.421 23.438 27.346 C
481 24 16.197 24.749 26.836 C
482 24 15.152 25.401 26.824 O
483 24 17.356 25.295 26.298 N
484 24 18.576 24.666 26.261 C
485 24 19.581 25.350 25.689 N
486 24 18.799 23.450 26.745 N
487 24 17.683 22.897 27.263 C
