227
1 1 28.445 12.780 16.727 O
2 1 28.383 14.200 16.550 C
3 1 27.495 14.612 15.397 C
4 1 28.008 14.105 14.149 O
5 1 26.063 14.109 15.475 C
6 1 25.263 15.013 16.251 O
7 1 25.641 14.146 14.019 C
8 1 26.924 13.784 13.279 C
9 1 27.033 12.373 12.916 N
10 1 27.692 11.380 13.607 C
11 1 27.632 10.217 13.016 N
12 1 26.888 10.457 11.868 C
13 1 26.504 9.578 10.826 C
14 1 26.772 8.385 10.695 O
15 1 25.734 10.226 9.865 N
16 1 25.384 11.559 9.903 C
17 1 24.606 12.005 8.900 N
18 1 25.759 12.394 10.859 N
19 1 26.500 11.779 11.801 C
20 1 25.410 9.675 9.086 H
21 1 24.314 12.970 8.882 H
22 1 24.313 11.376 8.166 H
23 1 29.035 12.620 17.467 H
24 2 23.995 14.454 17.068 P
25 2 23.559 15.503 18.022 O
26 2 24.357 13.109 17.582 O
27 2 22.870 14.266 15.954 O
28 2 22.393 15.378 15.187 C
29 2 21.620 14.889 13.982 C
30 2 22.501 14.299 13.007 O
31 2 20.582 13.818 14.274 C
32 2 19.350 14.403 14.709 O
33 2 20.415 13.185 12.909 C
34 2 21.841 13.199 12.375 C
35 2 22.575 11.978 12.706 N
36 2 23.391 11.758 13.783 C
37 2 23.908 10.555 13.817 N
38 2 23.402 9.942 12.682 C
39 2 23.583 8.657 12.143 C
40 2 24.346 7.717 12.710 N
41 2 22.945 8.364 10.990 N
42 2 22.168 9.301 10.433 C
43 2 21.913 10.542 10.849 N
44 2 22.575 10.805 11.989 C
45 2 24.834 7.913 13.574 H
46 2 24.439 6.810 12.276 H
47 3 18.393 13.588 15.709 P
48 3 17.261 14.479 16.049 O
49 3 19.213 12.988 16.796 O
50 3 17.825 12.406 14.816 O
51 3 16.910 12.683 13.757 C
52 3 16.750 11.466 12.876 C
53 3 18.033 11.098 12.332 O
54 3 16.247 10.216 13.576 C
55 3 14.809 10.215 13.684 O
56 3 16.736 9.137 12.632 C
57 3 18.095 9.677 12.191 C
58 3 19.199 9.179 13.025 N
59 3 19.750 7.947 12.720 C
60 3 19.337 7.341 11.725 O
61 3 20.715 7.441 13.509 N
62 3 21.140 8.130 14.566 C
63 3 22.084 7.580 15.331 N
64 3 20.615 9.412 14.886 C
65 3 19.657 9.895 14.094 C
66 3 22.422 8.072 16.145 H
67 3 22.458 6.672 15.095 H
68 4 14.095 9.365 14.853 P
69 4 12.684 9.788 14.982 O
70 4 14.979 9.383 16.047 O
71 4 14.095 7.889 14.277 O
72 4 13.442 7.604 13.046 C
73 4 13.787 6.207 12.591 C
74 4 15.171 6.141 12.211 O
75 4 13.629 5.132 13.650 C
76 4 12.278 4.702 13.789 O
77 4 14.489 4.033 13.068 C
78 4 15.660 4.825 12.494 C
79 4 16.778 4.936 13.439 N
80 4 17.669 3.875 13.515 C
81 4 17.482 2.886 12.789 O
82 4 18.704 3.938 14.373 N
83 4 18.861 5.002 15.150 C
84 4 19.901 4.995 15.996 N
85 4 17.964 6.110 15.101 C
86 4 16.946 6.037 14.234 C
87 4 20.058 5.780 16.611 H
88 4 20.525 4.203 16.018 H
89 5 11.805 4.044 15.171 P
90 5 10.325 3.973 15.152 O
91 5 12.495 4.736 16.289 O
92 5 12.387 2.566 15.084 O
93 5 11.908 1.654 14.082 C
94 5 12.634 0.333 14.186 C
95 5 14.018 0.492 13.825 O
96 5 12.659 -0.239 15.591 C
97 5 11.468 -0.967 15.893 O
98 5 13.868 -1.148 15.527 C
99 5 14.824 -0.321 14.678 C
100 5 15.674 0.560 15.470 N
101 5 15.557 1.921 15.626 C
102 5 16.486 2.428 16.390 N
103 5 17.260 1.335 16.760 C
104 5 18.418 1.261 17.568 C
105 5 19.024 2.176 18.116 O
106 5 18.871 -0.052 17.701 N
107 5 18.285 -1.149 17.117 C
108 5 18.846 -2.337 17.374 N
109 5 17.220 -1.086 16.342 N
110 5 16.763 0.175 16.210 C
111 5 19.690 -0.207 18.272 H
112 5 18.457 -3.181 16.979 H
113 5 19.663 -2.391 17.966 H
114 6 11.011 -1.100 17.420 P
115 6 9.719 -1.821 17.488 O
116 6 11.126 0.245 18.023 O
117 6 12.159 -1.991 18.062 O
118 6 12.274 -3.383 17.744 C
119 6 13.366 -4.014 18.575 C
120 6 14.656 -3.514 18.180 O
121 6 13.294 -3.732 20.058 C
122 6 12.364 -4.544 20.749 O
123 6 14.706 -4.076 20.476 C
124 6 15.509 -3.479 19.330 C
125 6 15.859 -2.080 19.604 N
126 6 16.983 -1.816 20.389 C
127 6 17.674 -2.763 20.785 O
128 6 17.292 -0.538 20.696 N
129 6 16.533 0.460 20.239 C
130 6 16.881 1.705 20.573 N
131 6 15.388 0.224 19.419 C
132 6 15.093 -1.052 19.126 C
133 6 16.338 2.490 20.244 H
134 6 17.690 1.861 21.157 H
135 7 11.798 -4.037 22.154 P
136 7 10.852 -5.057 22.669 O
137 7 11.349 -2.634 21.968 O
138 7 13.076 -4.002 23.100 O
139 7 13.791 -5.203 23.404 C
140 7 14.975 -4.900 24.293 C
141 7 15.912 -4.027 23.631 O
142 7 14.663 -4.217 25.612 C
143 7 14.306 -5.195 26.592 O
144 7 16.010 -3.617 25.959 C
145 7 16.564 -3.213 24.600 C
146 7 16.313 -1.820 24.263 N
147 7 15.326 -1.313 23.446 C
148 7 15.387 -0.014 23.318 N
149 7 16.479 0.357 24.101 C
150 7 17.052 1.630 24.340 C
151 7 16.712 2.726 23.886 O
152 7 18.140 1.550 25.202 N
153 7 18.617 0.396 25.766 C
154 7 19.668 0.532 26.589 N
155 7 18.104 -0.796 25.545 N
156 7 17.046 -0.744 24.705 C
157 7 18.621 2.409 25.428 H
158 7 20.062 -0.282 27.037 H
159 7 20.065 1.445 26.761 H
160 8 13.622 -4.729 27.967 P
161 8 13.394 -5.938 28.784 O
162 8 12.486 -3.834 27.630 O
163 8 14.744 -3.862 28.679 O
164 8 14.398 -2.765 29.536 C
165 8 15.641 -1.972 29.857 C
166 8 16.218 -1.475 28.635 O
167 8 15.453 -0.745 30.733 C
168 8 15.484 -1.116 32.113 O
169 8 16.684 0.061 30.380 C
170 8 16.824 -0.208 28.884 C
171 8 16.151 0.789 28.058 N
172 8 15.077 0.608 27.216 C
173 8 14.732 1.699 26.587 N
174 8 15.628 2.657 27.048 C
175 8 15.763 4.029 26.718 C
176 8 15.093 4.698 25.921 O
177 8 16.808 4.627 27.417 N
178 8 17.617 3.985 28.322 C
179 8 18.573 4.723 28.892 N
180 8 17.499 2.713 28.642 N
181 8 16.497 2.113 27.967 C
182 8 16.977 5.608 27.249 H
183 8 19.198 4.303 29.564 H
184 8 18.671 5.699 28.651 H
185 9 14.633 -0.275 33.178 P
186 9 14.604 -1.033 34.451 O
187 9 13.358 0.131 32.534 O
188 9 15.509 1.033 33.407 O
189 9 16.829 0.944 33.971 C
190 9 17.458 2.315 34.025 C
191 9 17.588 2.836 32.689 O
192 9 16.594 3.319 34.765 C
193 9 16.940 3.294 36.155 O
194 9 17.009 4.629 34.126 C
195 9 17.311 4.235 32.685 C
196 9 16.229 4.484 31.710 N
197 9 16.223 5.694 31.046 C
198 9 17.025 6.584 31.269 O
199 9 15.235 5.823 30.105 N
200 9 14.273 4.893 29.776 C
201 9 13.476 5.137 28.878 O
202 9 14.307 3.667 30.541 C
203 9 13.271 2.621 30.279 C
204 9 15.271 3.524 31.456 C
205 9 15.206 6.695 29.596 H
206 10 15.834 3.668 37.262 P
207 10 16.460 3.493 38.598 O
208 10 14.573 2.951 36.942 O
209 10 15.596 5.224 37.042 O
210 10 16.640 6.163 37.331 C
211 10 16.272 7.531 36.805 C
212 10 16.288 7.552 35.365 O
213 10 14.889 8.025 37.194 C
214 10 14.849 8.509 38.548 O
215 10 14.633 9.075 36.131 C
216 10 15.363 8.533 34.901 C
217 10 14.473 7.904 33.919 N
218 10 14.091 8.645 32.810 C
219 10 14.536 9.791 32.681 O
220 10 13.245 8.103 31.907 N
221 10 12.779 6.867 32.092 C
222 10 11.927 6.382 31.190 N
223 10 13.164 6.078 33.211 C
224 10 14.011 6.629 34.092 C
225 10 13.956 8.819 38.715 H
226 10 11.589 5.437 31.285 H
227 10 11.619 6.947 30.414 H
