288 916
0 3
0 4
0 5
0 8
0 10
0 11
0 23
0 24
0 31
0 32
0 45
0 46
0 49
1 2
1 4
1 5
1 6
1 7
1 8
1 9
1 12
1 16
2 6
2 7
2 8
2 9
2 19
2 20
2 35
2 36
2 39
2 40
2 43
2 44
2 45
2 46
2 47
2 48
3 7
3 8
3 9
3 12
3 16
4 10
4 11
4 12
4 13
4 14
4 15
4 16
4 17
4 18
4 19
4 20
4 45
4 46
5 10
5 11
5 13
5 14
5 15
5 17
5 18
5 19
5 20
5 45
5 46
6 8
6 9
6 12
6 13
6 14
6 17
6 18
7 8
7 9
7 13
7 14
7 15
8 13
8 14
8 15
8 16
8 17
8 18
8 19
8 20
8 23
8 24
8 45
8 46
8 50
8 52
8 53
9 15
9 16
9 17
9 18
9 45
9 46
9 50
9 52
9 53
10 12
10 13
10 14
10 15
10 19
10 20
10 23
10 24
10 27
10 28
10 31
10 32
10 35
10 36
10 45
10 46
10 47
10 48
10 51
10 52
10 53
10 54
11 12
11 13
11 14
11 15
11 19
11 20
11 23
11 24
11 27
11 28
11 31
11 32
11 35
11 36
11 45
11 46
11 47
11 48
11 51
11 52
11 53
11 54
12 15
13 16
13 54
14 16
14 33
14 34
15 17
15 18
15 21
15 22
15 25
15 26
15 27
15 28
15 29
15 30
15 37
15 38
15 41
15 42
15 45
15 46
19 21
19 22
19 27
19 28
19 37
19 38
19 41
19 42
19 43
19 44
20 21
20 22
20 27
20 28
20 37
20 38
20 41
20 42
20 43
20 44
21 23
21 24
21 27
21 28
21 29
21 30
22 23
22 24
22 27
22 28
22 29
22 30
23 25
23 26
23 33
23 34
23 35
23 36
23 37
23 38
23 39
23 40
23 41
23 42
23 43
23 44
23 47
23 48
23 50
23 51
24 25
24 26
24 33
24 34
24 35
24 36
24 37
24 38
24 39
24 40
24 41
24 42
24 43
24 44
24 47
24 48
24 50
24 51
25 27
25 28
25 45
25 46
25 49
26 27
26 28
26 45
26 46
26 49
27 33
27 34
27 41
27 42
27 45
27 46
27 49
27 50
27 51
28 33
28 34
28 41
28 42
28 45
28 46
28 49
28 50
28 51
29 37
29 38
29 41
29 42
30 37
30 38
30 41
30 42
31 37
31 38
31 39
31 40
31 41
31 42
31 43
31 44
31 45
31 46
31 49
31 50
31 51
32 37
32 38
32 39
32 40
32 41
32 42
32 43
32 44
32 45
32 46
32 49
32 50
32 51
33 45
33 46
33 49
34 45
34 46
34 49
35 45
35 46
35 49
36 45
36 46
36 49
39 45
39 46
39 49
40 45
40 46
40 49
45 47
45 48
46 47
46 48
47 49
48 49
50 54
51 52
51 53
51 54
52 53
53 55
53 56
53 57
54 56
54 57
55 58
55 59
55 60
55 61
56 57
56 59
56 60
56 62
56 63
57 60
57 61
57 62
57 73
57 75
57 76
58 59
58 60
58 74
58 75
58 76
58 77
59 62
60 61
61 63
61 71
61 72
62 64
62 65
62 71
63 65
63 72
64 66
64 67
64 72
65 67
65 68
65 69
65 71
66 69
66 71
66 72
67 68
68 70
68 71
68 72
69 72
70 71
73 77
74 75
74 76
74 77
75 76
76 78
76 79
76 80
77 79
77 80
77 81
78 81
78 82
78 83
78 84
79 80
79 82
79 83
79 85
79 86
80 83
80 84
80 85
80 95
80 97
80 98
81 82
81 83
81 96
81 97
81 98
81 99
82 85
83 84
84 86
84 93
84 94
85 87
85 88
85 93
86 88
86 94
87 89
87 90
87 94
88 90
88 91
88 92
88 93
89 92
89 93
89 94
90 91
91 93
91 94
92 94
95 99
96 97
96 98
96 99
97 98
98 100
98 101
98 102
99 101
99 102
100 103
100 104
100 105
100 106
101 102
101 104
101 105
101 107
101 108
102 105
102 106
102 107
102 118
102 120
102 121
103 104
103 105
103 119
103 120
103 121
104 107
104 121
105 106
106 108
106 116
106 117
107 109
107 110
107 116
108 110
108 117
109 111
109 112
109 117
110 112
110 113
110 114
110 116
111 114
111 116
111 117
112 113
113 115
113 116
113 117
114 117
115 116
118 122
119 120
119 121
120 121
120 122
121 123
121 124
122 124
122 125
122 126
123 126
123 127
123 128
123 129
124 125
124 127
124 128
124 130
124 137
125 128
125 129
125 130
125 138
125 140
125 141
126 127
126 128
126 139
126 140
126 141
126 142
127 130
127 131
127 132
128 129
129 131
129 132
129 137
130 132
130 133
130 134
130 136
131 134
131 136
131 137
132 133
133 135
133 136
133 137
134 137
135 136
138 142
139 140
139 141
139 142
140 141
141 143
141 144
141 145
142 144
142 145
143 146
143 147
143 148
143 149
144 145
144 147
144 148
144 150
144 157
145 148
145 149
145 150
145 158
145 160
146 147
146 148
146 159
146 160
146 161
146 162
147 150
147 151
148 149
149 151
149 152
149 157
150 152
150 153
150 154
150 156
151 154
151 156
151 157
152 153
153 155
153 156
153 157
154 157
155 156
158 162
159 160
159 161
159 162
160 161
161 163
161 164
161 165
162 164
162 165
162 166
163 166
163 167
163 168
163 169
164 165
164 167
164 168
164 170
164 177
165 168
165 169
165 170
165 178
165 180
165 181
166 167
166 168
166 179
166 180
166 181
166 182
167 170
167 171
167 172
168 169
169 171
169 172
169 177
170 172
170 173
170 174
170 176
171 174
171 176
171 177
172 173
173 175
173 176
173 177
174 177
175 176
178 182
179 180
179 181
179 182
180 181
181 183
181 184
181 185
182 184
182 185
183 186
183 187
183 188
183 189
184 185
184 187
184 188
184 190
184 197
185 188
185 189
185 190
185 198
185 200
185 201
186 187
186 188
186 199
186 200
186 201
186 202
187 190
187 191
187 192
187 204
188 189
189 191
189 192
189 197
190 192
190 193
190 194
190 196
191 194
191 196
191 197
192 193
193 195
193 196
193 197
194 197
195 196
198 202
199 200
199 201
199 202
200 201
201 203
201 204
201 205
202 204
202 205
203 206
203 207
203 208
203 209
204 205
204 207
204 208
204 210
204 211
205 208
205 209
205 210
205 221
205 223
205 224
206 207
206 208
206 222
206 223
206 224
206 225
207 210
207 220
208 209
209 211
209 219
209 220
210 212
210 213
210 219
211 213
211 220
212 214
212 215
212 220
213 215
213 216
213 217
213 219
214 217
214 219
214 220
215 216
216 218
216 219
216 220
217 220
218 219
221 225
222 223
222 224
222 225
223 224
224 226
224 227
224 228
224 234
225 227
225 228
226 229
226 230
226 231
226 232
227 228
227 230
227 231
227 233
227 234
228 231
228 232
228 233
228 244
228 246
228 247
229 230
229 231
229 245
229 246
229 247
229 248
230 233
230 243
231 232
232 234
232 242
232 243
233 235
233 236
233 242
234 236
234 243
235 237
235 238
235 243
236 238
236 239
236 240
236 242
237 240
237 242
237 243
238 239
239 241
239 242
239 243
240 243
241 242
244 248
245 246
245 247
245 248
246 247
247 249
247 250
247 251
248 250
248 251
249 252
249 253
249 254
249 255
250 251
250 253
250 254
250 256
250 263
251 254
251 255
251 256
251 264
251 266
251 267
252 253
252 254
252 265
252 266
252 267
252 268
253 256
253 257
253 258
254 255
255 257
255 258
255 263
256 258
256 259
256 260
256 262
257 260
257 262
257 263
258 259
259 261
259 262
259 263
260 263
261 262
264 268
265 266
265 267
265 268
266 267
267 269
267 270
267 271
268 270
268 271
269 272
269 273
269 274
269 275
270 271
270 273
270 274
270 276
270 283
271 274
271 275
271 276
271 284
271 286
271 287
272 273
272 274
272 285
272 286
272 287
273 276
274 275
275 277
275 278
275 283
276 278
276 279
276 280
276 282
277 280
277 282
277 283
278 279
279 281
279 282
279 283
280 283
281 282
285 286
285 287
286 287
1 1 -0.227000 -3.185000 18.771000 O
2 1 -4.205000 -3.144000 18.552999 O
3 1 -1.568000 -3.206000 19.275000 C
4 1 -2.859000 -3.408000 18.951000 C
5 1 -2.161000 -4.595000 19.229000 C
6 1 -2.588000 -4.885000 19.128000 C
7 1 -3.423000 -4.604000 19.950001 O
8 1 -3.644000 -5.471000 19.940001 O
9 1 -2.531000 -5.114000 17.850000 C
10 1 -2.616000 -5.714000 17.855000 C
11 1 -1.413000 -5.646000 17.150999 O
12 1 -1.384000 -5.662000 17.152000 O
13 1 -3.557000 -6.189000 18.188999 C
14 1 -2.901000 -7.105000 18.400000 C
15 1 -2.962000 -7.385000 18.653999 O
16 1 -1.764000 -7.722000 18.973000 O
17 1 -4.320000 -5.516000 19.332001 C
18 1 -3.935000 -6.782000 19.476999 C
19 1 -3.935000 -6.782000 19.476999 A
1 -5 0.488000 -4.762000 18.379999 2
0 -5 0.488000 -4.762000 18.379999 A
1 -5 0.294000 -6.782000 19.860001 2
1 -5 0.294000 -6.782000 19.860001 A
1 -6 0.584000 -5.483000 17.680000 2
2 -6 0.584000 -5.483000 17.680000 A
1 -5 0.874000 -8.006000 19.549999 2
3 -5 0.874000 -8.006000 19.549999 A
1 -6 0.622000 -6.702000 17.389999 2
4 -6 0.622000 -6.702000 17.389999 A
1 -5 0.313000 -9.065000 19.860001 2
5 -5 0.313000 -9.065000 19.860001 A
1 -7 0.636000 -4.725000 17.290001 2
6 -7 0.636000 -4.725000 17.290001 A
1 -7 0.135000 -7.944000 19.219999 2
7 -7 0.135000 -7.944000 19.219999 A
1 -7 0.704000 -3.350000 17.580000 2
8 -7 0.704000 -3.350000 17.580000 A
1 -7 0.858000 -6.805000 19.240000 2
9 -7 0.858000 -6.805000 19.240000 A
1 -8 0.725000 -2.810000 18.260000 3
0 -8 0.725000 -2.810000 18.260000 A
1 -8 0.980000 -6.911000 19.480000 3
1 -8 0.980000 -6.911000 19.480000 A
1 -6 0.534000 -2.676000 17.520000 3
2 -6 0.534000 -2.676000 17.520000 A
1 -7 0.191000 -5.578000 19.219999 3
3 -7 0.191000 -5.578000 19.219999 A
1 -5 0.493000 -3.388000 17.540001 3
4 -5 0.493000 -3.388000 17.540001 A
1 -5 0.963000 -5.607000 19.459999 3
5 2 -1.393000 -5.597000 15.544000 P
36 2 -0.086000 -6.109000 15.056000 O
37 2 -1.838000 -4.238000 15.154000 O
38 2 -2.552000 -6.608000 15.110000 O
39 2 -2.448000 -8.000000 15.392000 C
40 2 -3.734000 -8.724000 15.053000 C
41 2 -4.854000 -8.092000 15.726000 O
42 2 -4.182000 -8.737000 13.604000 C
43 2 -3.484000 -9.718000 12.868000 O
44 2 -5.642000 -9.125000 13.751000 C
45 2 -5.789000 -10.492000 14.069000 O
46 2 -6.036000 -8.297000 14.969000 C
47 2 -6.576000 -6.995000 14.599000 N
48 2 -5.990000 -5.768000 14.793000 C
49 2 -6.732000 -4.777000 14.379000 N
50 2 -7.875000 -5.387000 13.876000 C
51 2 -9.043000 -4.821000 13.304000 C
52 2 -9.318000 -3.624000 13.129000 O
53 2 -9.949000 -5.803000 12.921000 N
54 2 -9.760000 -7.156000 13.071000 C
55 2 -10.739000 -7.950000 12.618000 N
56 2 -8.684000 -7.693000 13.619000 N
57 2 -7.789000 -6.756000 13.994000 C
58 3 -3.334000 -9.556000 11.282000 P
59 3 -2.454000 -10.636000 10.801000 O
60 3 -2.994000 -8.147000 10.991000 O
61 3 -4.790000 -9.856000 10.734000 O
62 3 -5.339000 -11.153000 10.853000 C
63 3 -6.683000 -11.202000 10.190000 C
64 3 -7.585000 -10.324000 10.906000 O
65 3 -6.718000 -10.665000 8.773000 C
66 3 -6.288000 -11.638000 7.840000 O
67 3 -8.185000 -10.310000 8.617000 C
68 3 -9.013000 -11.435000 8.409000 O
69 3 -8.478000 -9.711000 9.991000 C
70 3 -8.241000 -8.274000 10.035000 N
71 3 -7.132000 -7.611000 10.493000 C
72 3 -7.224000 -6.308000 10.414000 N
73 3 -8.480000 -6.099000 9.860000 C
74 3 -9.181000 -4.935000 9.517000 C
75 3 -8.699000 -3.707000 9.682000 N
76 3 -10.410000 -5.078000 8.990000 N
77 3 -10.894000 -6.307000 8.812000 C
78 3 -10.335000 -7.477000 9.088000 N
79 3 -9.113000 -7.301000 9.619000 C
80 4 -5.625000 -11.162000 6.469000 P
81 4 -4.983000 -12.329000 5.820000 O
82 4 -4.819000 -9.953000 6.751000 O
83 4 -6.867000 -10.689000 5.597000 O
84 4 -7.893000 -11.595000 5.240000 C
85 4 -8.982000 -10.871000 4.502000 C
86 4 -9.655000 -9.974000 5.416000 O
87 4 -8.516000 -9.956000 3.387000 C
88 4 -8.275000 -10.670000 2.192000 O
89 4 -9.698000 -9.014000 3.248000 C
90 4 -10.760000 -9.592000 2.524000 O
91 4 -10.082000 -8.821000 4.714000 C
92 4 -9.419000 -7.658000 5.292000 N
93 4 -8.256000 -7.618000 6.025000 C
94 4 -7.928000 -6.410000 6.391000 N
95 4 -8.934000 -5.610000 5.867000 C
96 4 -9.126000 -4.214000 5.939000 C
97 4 -8.426000 -3.370000 6.502000 O
98 4 -10.275000 -3.822000 5.265000 N
99 4 -11.134000 -4.664000 4.610000 C
100 4 -12.200000 -4.101000 4.017000 N
101 4 -10.965000 -5.967000 4.541000 N
102 4 -9.854000 -6.366000 5.186000 C
103 5 -7.346000 -10.022000 1.058000 P
104 5 -7.067000 -11.044000 0.028000 O
105 5 -6.220000 -9.333000 1.717000 O
106 5 -8.298000 -8.936000 0.407000 O
107 5 -7.778000 -7.747000 -0.138000 C
108 5 -8.890000 -6.758000 -0.313000 C
109 5 -9.364000 -6.347000 0.995000 O
110 5 -8.472000 -5.473000 -0.991000 C
111 5 -8.526000 -5.637000 -2.396000 O
112 5 -9.508000 -4.492000 -0.467000 C
113 5 -10.745000 -4.594000 -1.143000 O
114 5 -9.641000 -4.958000 0.985000 C
115 5 -8.680000 -4.302000 1.884000 N
116 5 -8.848000 -2.945000 2.172000 C
117 5 -9.827000 -2.357000 1.712000 O
118 5 -7.949000 -2.318000 2.951000 N
119 5 -6.924000 -2.994000 3.456000 C
120 5 -6.058000 -2.329000 4.210000 N
121 5 -6.742000 -4.385000 3.207000 C
122 5 -7.633000 -4.994000 2.423000 C
123 6 -7.338000 -5.073000 -3.305000 P
124 6 -7.655000 -5.447000 -4.703000 O
125 6 -6.047000 -5.469000 -2.717000 O
126 6 -7.461000 -3.492000 -3.152000 O
127 6 -8.641000 -2.805000 -3.570000 C
128 6 -8.569000 -1.347000 -3.168000 C
129 6 -8.675000 -1.224000 -1.727000 O
130 6 -7.266000 -0.634000 -3.487000 C
131 6 -7.222000 -0.222000 -4.843000 O
132 6 -7.333000 0.550000 -2.537000 C
133 6 -8.205000 1.560000 -3.003000 O
134 6 -7.912000 -0.114000 -1.285000 C
135 6 -6.850000 -0.601000 -0.393000 N
136 6 -6.227000 0.327000 0.416000 C
137 6 -6.547000 1.499000 0.443000 O
138 6 -5.216000 -0.170000 1.194000 N
139 6 -4.775000 -1.476000 1.249000 C
140 6 -3.818000 -1.757000 1.969000 O
141 6 -5.481000 -2.382000 0.398000 C
142 6 -6.470000 -1.927000 -0.374000 C
143 7 -5.835000 0.256000 -5.479000 P
144 7 -5.863000 -0.048000 -6.918000 O
145 7 -4.719000 -0.231000 -4.657000 O
146 7 -5.889000 1.838000 -5.323000 O
147 7 -6.833000 2.614000 -6.046000 C
148 7 -6.554000 4.078000 -5.837000 C
149 7 -6.738000 4.407000 -4.432000 O
150 7 -5.123000 4.507000 -6.108000 C
151 7 -4.889000 4.678000 -7.502000 O
152 7 -5.056000 5.812000 -5.327000 C
153 7 -5.741000 6.868000 -5.964000 O
154 7 -5.828000 5.434000 -4.063000 C
155 7 -4.940000 4.927000 -3.006000 N
156 7 -4.190000 5.852000 -2.324000 C
157 7 -4.251000 7.043000 -2.554000 O
158 7 -3.364000 5.336000 -1.359000 N
159 7 -3.217000 4.013000 -1.015000 C
160 7 -2.401000 3.702000 -0.145000 O
161 7 -4.034000 3.111000 -1.765000 C
162 7 -4.849000 3.588000 -2.711000 C
163 8 -3.424000 4.408000 -8.106000 P
164 8 -3.518000 4.503000 -9.585000 O
165 8 -2.860000 3.183000 -7.484000 O
166 8 -2.556000 5.634000 -7.584000 O
167 8 -2.829000 6.958000 -8.013000 C
168 8 -1.952000 7.935000 -7.270000 C
169 8 -2.312000 7.912000 -5.862000 O
170 8 -0.466000 7.626000 -7.224000 C
171 8 0.245000 7.937000 -8.412000 O
172 8 -0.024000 8.480000 -6.047000 C
173 8 0.083000 9.862000 -6.335000 O
174 8 -1.172000 8.224000 -5.075000 C
175 8 -0.843000 7.059000 -4.251000 N
176 8 -0.013000 7.244000 -3.151000 C
177 8 0.376000 8.392000 -2.885000 O
178 8 0.349000 6.177000 -2.409000 N
179 8 -0.086000 4.961000 -2.739000 C
180 8 0.324000 3.935000 -1.999000 N
181 8 -0.956000 4.745000 -3.849000 C
182 8 -1.309000 5.815000 -4.567000 C
183 9 1.523000 7.053000 -8.814000 P
184 9 1.983000 7.473000 -10.158000 O
185 9 1.160000 5.636000 -8.575000 O
186 9 2.638000 7.403000 -7.733000 O
187 9 3.136000 8.724000 -7.583000 C
188 9 3.880000 8.862000 -6.268000 C
189 9 3.043000 8.360000 -5.187000 O
190 9 5.159000 8.061000 -6.093000 C
191 9 6.276000 8.677000 -6.711000 O
192 9 5.311000 8.079000 -4.583000 C
193 9 5.785000 9.313000 -4.092000 O
194 9 3.867000 7.854000 -4.142000 C
195 9 3.618000 6.423000 -3.995000 N
196 9 2.763000 5.647000 -4.735000 C
197 9 2.818000 4.381000 -4.418000 N
198 9 3.754000 4.319000 -3.392000 C
199 9 4.248000 3.205000 -2.654000 C
200 9 3.959000 2.012000 -2.774000 O
201 9 5.180000 3.592000 -1.702000 N
202 9 5.602000 4.872000 -1.492000 C
203 9 6.528000 5.031000 -0.537000 N
204 9 5.157000 5.922000 -2.171000 N
205 9 4.241000 5.572000 -3.102000 C
206 10 7.480000 7.769000 -7.264000 P
207 10 8.410000 8.655000 -7.998000 O
208 10 6.868000 6.613000 -7.960000 O
209 10 8.215000 7.248000 -5.955000 O
210 10 9.002000 8.126000 -5.167000 C
211 10 9.809000 7.343000 -4.160000 C
212 10 8.922000 6.714000 -3.197000 O
213 10 10.616000 6.186000 -4.721000 C
214 10 11.842000 6.632000 -5.284000 O
215 10 10.820000 5.338000 -3.477000 C
216 10 11.791000 5.869000 -2.604000 O
217 10 9.439000 5.443000 -2.836000 C
218 10 8.551000 4.434000 -3.394000 N
219 10 7.494000 4.640000 -4.247000 C
220 10 6.881000 3.539000 -4.571000 N
221 10 7.574000 2.547000 -3.893000 C
222 10 7.367000 1.149000 -3.855000 C
223 10 6.500000 0.487000 -4.431000 O
224 10 8.300000 0.515000 -3.045000 N
225 10 9.305000 1.146000 -2.360000 C
226 10 10.096000 0.368000 -1.623000 N
227 10 9.514000 2.447000 -2.395000 N
228 10 8.612000 3.083000 -3.171000 C
229 11 12.518000 5.804000 -6.477000 P
230 11 13.667000 6.574000 -6.987000 O
231 11 11.473000 5.357000 -7.416000 O
232 11 13.085000 4.508000 -5.748000 O
233 11 13.971000 4.641000 -4.652000 C
234 11 14.323000 3.290000 -4.082000 C
235 11 13.141000 2.697000 -3.484000 O
236 11 14.803000 2.233000 -5.063000 C
237 11 16.183001 2.394000 -5.355000 O
238 11 14.551000 0.964000 -4.265000 C
239 11 15.500000 0.822000 -3.221000 O
240 11 13.197000 1.287000 -3.640000 C
241 11 12.054000 0.864000 -4.465000 N
242 11 11.740000 -0.490000 -4.516000 C
243 11 12.470000 -1.280000 -3.927000 O
244 11 10.662000 -0.897000 -5.208000 N
245 11 9.915000 -0.007000 -5.857000 C
246 11 8.858000 -0.455000 -6.522000 N
247 11 10.225000 1.385000 -5.854000 C
248 11 11.296000 1.770000 -5.151000 C
249 12 16.749001 1.918000 -6.774000 P
250 12 18.169001 2.312000 -6.828000 O
251 12 15.823000 2.375000 -7.836000 O
252 12 16.667000 0.327000 -6.711000 O
253 12 17.427000 -0.409000 -5.757000 C
254 12 17.093000 -1.881000 -5.830000 C
255 12 15.713000 -2.103000 -5.420000 O
256 12 17.162001 -2.515000 -7.206000 C
257 12 18.504999 -2.836000 -7.551000 O
258 12 16.304001 -3.758000 -7.008000 C
259 12 16.981001 -4.773000 -6.290000 O
260 12 15.176000 -3.202000 -6.139000 C
261 12 14.032000 -2.726000 -6.930000 N
262 12 13.098000 -3.659000 -7.334000 C
263 12 13.194000 -4.850000 -7.088000 O
264 12 12.044000 -3.152000 -8.042000 N
265 12 11.829000 -1.842000 -8.395000 C
266 12 10.821000 -1.553000 -9.040000 O
267 12 12.845000 -0.933000 -7.962000 C
268 12 13.887000 -1.393000 -7.260000 C
269 13 18.985001 -2.714000 -9.077000 P
270 13 20.440001 -2.991000 -9.117000 O
271 13 18.466000 -1.435000 -9.629000 O
272 13 18.208000 -3.887000 -9.826000 O
