414 1015
0 2
0 3
1 3
1 4
2 5
2 6
2 7
2 8
3 4
3 6
3 7
3 9
3 10
4 7
4 8
4 9
4 20
4 22
5 6
5 7
5 21
5 22
5 23
6 9
7 8
8 10
8 18
8 19
9 11
9 12
9 18
10 12
10 19
11 13
11 14
11 19
12 14
12 15
12 16
12 18
13 16
13 18
13 19
14 15
14 411
15 17
15 18
15 19
15 409
16 19
17 18
17 408
20 24
21 22
21 23
21 24
22 23
23 25
23 26
23 27
24 26
24 27
25 28
25 29
25 30
25 31
26 27
26 29
26 30
26 32
26 33
27 30
27 31
27 32
27 42
27 44
28 29
28 30
28 43
28 44
28 45
28 46
29 32
29 48
30 31
30 46
30 48
31 33
31 40
31 41
32 34
32 35
32 40
33 35
33 41
34 36
34 37
34 41
35 37
35 38
35 39
35 40
36 39
36 40
36 41
37 38
37 391
38 40
38 41
38 389
39 41
42 46
43 44
43 45
44 45
45 47
45 49
46 48
46 49
46 50
47 50
47 51
47 52
47 53
48 49
48 51
48 52
48 54
48 55
49 52
49 53
49 54
49 64
49 66
50 51
50 52
50 65
50 66
50 67
51 54
51 67
52 53
53 55
53 62
53 63
54 56
54 57
54 62
55 57
55 63
56 58
56 59
56 63
57 59
57 60
57 61
57 62
58 61
58 62
58 63
59 60
59 371
60 62
60 63
60 369
61 63
64 68
65 66
65 67
66 67
66 68
67 69
67 70
68 70
68 71
68 72
69 72
69 73
69 74
69 75
69 76
70 71
70 73
70 74
70 76
70 77
71 74
71 75
71 76
71 87
71 89
72 73
72 74
72 88
72 89
72 90
72 91
73 76
74 75
75 77
75 85
75 86
76 78
76 79
76 85
77 79
77 86
78 80
78 81
78 86
79 81
79 82
79 83
79 85
80 83
80 85
80 86
81 82
81 352
82 84
82 85
82 86
82 350
83 86
84 85
84 349
87 91
88 89
88 90
89 90
90 92
90 93
90 94
91 93
91 94
91 95
92 95
92 96
92 97
92 98
93 94
93 96
93 97
93 99
93 100
94 97
94 98
94 99
94 109
94 111
95 96
95 97
95 110
95 111
95 112
96 99
97 98
98 100
98 107
98 108
99 101
99 102
99 107
100 102
100 108
101 103
101 104
101 108
102 104
102 105
102 106
102 107
103 106
103 107
103 108
104 105
104 332
105 107
105 108
105 330
106 108
109 113
110 111
110 112
111 112
111 113
112 114
112 115
113 115
113 116
113 117
114 117
114 118
114 119
114 120
114 121
115 116
115 118
115 119
115 121
115 122
116 119
116 120
116 121
116 132
116 134
117 118
117 119
117 133
117 134
117 135
117 136
118 121
118 131
119 120
120 122
120 130
120 131
121 123
121 124
121 130
122 124
122 131
123 125
123 126
123 131
124 126
124 127
124 128
124 130
125 128
125 130
125 131
126 127
126 313
127 129
127 130
127 131
127 311
128 131
129 130
129 310
132 136
133 134
133 135
134 135
135 137
135 138
135 139
136 138
136 139
136 140
137 140
137 141
137 142
137 143
138 139
138 141
138 142
138 144
138 145
139 142
139 143
139 144
139 154
139 156
140 141
140 142
140 155
140 156
140 157
141 144
141 160
142 143
143 145
143 152
143 153
144 146
144 147
144 152
145 147
145 153
146 148
146 149
146 153
147 149
147 150
147 151
147 152
148 151
148 152
148 153
149 150
149 293
150 152
150 153
150 291
151 153
154 158
155 156
155 157
156 157
156 158
157 159
157 160
158 160
158 161
158 162
159 162
159 163
159 164
159 165
159 166
160 161
160 163
160 164
160 166
160 167
161 164
161 165
161 166
161 176
161 178
162 163
162 164
162 177
162 178
162 179
162 180
163 166
163 175
164 165
164 180
165 167
165 174
165 175
166 168
166 169
166 174
167 169
167 175
168 170
168 171
168 175
169 171
169 172
169 173
169 174
170 173
170 174
170 175
171 172
171 273
172 174
172 175
172 271
173 175
176 180
177 178
177 179
177 180
178 179
179 181
179 182
179 183
180 182
180 183
181 184
181 185
181 186
181 187
182 183
182 185
182 186
182 188
182 189
183 186
183 187
183 188
183 199
183 201
184 185
184 186
184 200
184 201
184 202
184 203
185 188
186 187
187 189
187 197
187 198
188 190
188 191
188 197
189 191
189 198
190 192
190 193
190 198
191 193
191 194
191 195
191 197
192 195
192 197
192 198
193 194
193 216
193 254
194 196
194 197
194 198
194 252
195 198
196 197
196 251
199 203
200 201
200 202
200 203
201 202
202 204
202 205
202 206
203 205
203 206
203 207
204 207
204 208
204 209
204 210
205 206
205 208
205 209
205 211
205 218
206 209
206 210
206 211
207 208
207 209
208 211
208 212
208 213
209 210
210 212
210 213
210 218
211 213
211 214
211 215
211 217
212 215
212 217
212 218
213 214
213 235
214 216
214 217
214 218
214 233
215 218
216 217
216 232
219 221
219 222
219 223
220 222
220 223
220 224
221 224
221 225
221 226
222 223
222 225
222 227
222 228
223 226
223 227
223 238
223 240
224 225
224 239
224 240
224 241
225 227
225 241
226 228
226 236
226 237
227 229
227 230
227 236
228 230
228 237
229 231
229 232
229 237
230 232
230 233
230 234
230 236
231 234
231 236
231 237
232 233
233 235
233 236
233 237
234 237
235 236
238 242
239 240
239 241
239 242
240 241
241 243
241 244
241 245
241 256
242 244
242 245
243 246
243 247
243 248
244 245
244 247
244 249
244 256
245 248
245 249
245 257
245 259
246 247
246 258
246 259
246 260
246 261
247 249
247 251
248 250
248 251
248 256
249 251
249 252
249 253
249 255
250 253
250 255
250 256
251 252
252 254
252 255
252 256
253 256
254 255
257 261
258 259
258 260
258 261
259 260
260 262
260 263
260 264
261 263
261 264
261 265
262 265
262 266
262 267
263 264
263 266
263 268
263 276
264 267
264 268
264 277
264 279
265 266
265 278
265 279
265 280
265 281
266 268
266 269
266 270
267 269
267 270
267 276
268 270
268 271
268 272
268 274
269 272
269 274
269 276
270 271
271 273
271 274
271 276
272 275
272 276
273 274
273 275
275 276
277 281
278 279
278 280
279 280
280 282
280 283
280 284
281 283
281 284
282 285
282 286
282 287
283 284
283 286
283 288
283 296
284 287
284 297
284 299
285 286
285 298
285 299
285 300
286 288
287 289
287 290
287 296
288 290
288 291
288 292
288 294
289 292
289 294
289 296
290 291
291 293
291 294
291 296
292 295
292 296
293 294
293 295
295 296
297 301
298 299
298 300
298 301
299 300
300 302
300 303
300 304
301 303
301 304
301 305
302 305
302 306
302 307
303 304
303 306
303 308
303 315
304 307
304 308
304 316
304 318
305 306
305 317
305 318
305 319
306 308
306 310
306 319
307 309
307 310
307 315
308 310
308 311
308 312
308 314
309 312
309 314
309 315
310 311
311 313
311 314
311 315
312 315
313 314
316 320
317 318
317 319
317 320
318 319
319 321
319 322
319 323
320 322
320 323
320 324
321 324
321 325
321 326
322 323
322 325
322 327
322 335
323 326
323 327
323 336
323 338
324 325
324 337
324 338
324 339
324 340
325 327
326 328
326 329
326 335
327 329
327 330
327 331
327 333
328 331
328 333
328 335
329 330
330 332
330 333
330 335
331 334
331 335
332 333
332 334
334 335
336 340
337 338
337 339
338 339
339 341
339 342
339 343
340 342
340 343
340 344
341 344
341 345
341 346
342 343
342 345
342 347
342 354
343 346
343 355
344 345
344 356
344 357
344 358
344 359
345 347
345 348
345 349
346 348
346 349
346 354
347 349
347 350
347 351
347 353
348 351
348 353
348 354
349 350
350 352
350 353
350 354
351 354
352 353
355 359
356 357
356 358
356 359
357 358
358 360
358 361
358 362
359 361
359 362
359 363
360 363
360 364
360 365
361 362
361 364
361 366
361 374
362 365
362 375
362 377
363 364
363 376
363 377
363 378
363 379
364 366
365 367
365 368
365 374
366 368
366 369
366 370
366 372
367 370
367 372
367 374
368 369
369 371
369 372
369 374
370 373
370 374
371 372
371 373
373 374
375 379
376 377
376 378
377 378
378 380
378 381
378 382
379 381
379 382
380 383
380 384
380 385
381 382
381 384
381 386
381 394
382 385
382 395
382 397
383 384
383 396
383 397
383 398
384 386
384 398
385 387
385 388
385 394
386 388
386 389
386 390
386 392
387 390
387 392
387 394
388 389
389 391
389 392
389 394
390 393
390 394
390 411
391 392
391 393
391 411
393 394
395 399
396 397
396 398
396 399
397 398
398 400
398 401
398 402
399 401
399 402
400 403
400 404
400 405
401 402
401 403
401 404
401 406
401 413
402 405
403 404
403 405
404 406
404 413
405 407
405 408
405 413
406 408
406 409
406 410
406 412
407 410
407 412
407 413
408 409
409 411
409 412
409 413
410 413
411 412
1 1 -3.485000 14.950000 6.955000 O
2 1 -2.451000 14.461000 7.861000 C
3 1 -1.631000 15.715000 8.171000 C
4 1 -2.321000 16.421000 9.243000 O
5 1 -0.279000 15.422000 8.740000 C
6 1 0.752000 15.376000 7.778000 O
7 1 -0.022000 16.431999 9.841000 C
8 1 0.308000 17.723000 9.350000 O
9 1 -1.443000 16.589001 10.347000 C
10 1 -1.818000 15.714000 11.491000 N
11 1 -2.756000 14.714000 11.459000 C
12 1 -2.901000 14.128000 12.622000 N
13 1 -2.018000 14.818000 13.473000 C
14 1 -1.786000 14.669000 14.863000 C
15 1 -2.312000 13.861000 15.627000 O
16 1 -0.820000 15.547000 15.380000 N
17 1 -0.172000 16.492001 14.596000 C
18 1 0.726000 17.214001 15.252000 N
19 1 -0.433000 16.657000 13.302000 N
20 1 -1.353000 15.800000 12.784000 C
21 2 2.106000 14.536000 8.005000 P
22 2 2.958000 14.686000 6.807000 O
23 2 1.636000 13.165000 8.325000 O
24 2 2.911000 15.164000 9.263000 O
25 2 3.444000 16.490000 9.256000 C
26 2 4.002000 16.763000 10.647000 C
27 2 2.955000 16.740000 11.660000 O
28 2 4.886000 15.622000 11.107000 C
29 2 6.226000 15.702000 10.653000 O
30 2 4.875000 15.713000 12.626000 C
31 2 5.727000 16.747000 13.112000 O
32 2 3.431000 16.049000 12.824000 C
33 2 2.515000 14.907000 13.109000 N
34 2 1.683000 14.208000 12.277000 C
35 2 0.981000 13.287000 12.878000 N
36 2 1.386000 13.367000 14.185000 C
37 2 1.001000 12.668000 15.336000 C
38 2 0.104000 11.710000 15.368000 N
39 2 1.599000 13.031000 16.497999 N
40 2 2.529000 14.009000 16.483000 C
41 2 2.932000 14.732000 15.469000 N
42 2 2.314000 14.364000 14.334000 C
43 3 7.140000 14.417000 10.357000 P
44 3 8.129000 14.884000 9.368000 O
45 3 6.259000 13.264000 10.037000 O
46 3 7.948000 13.952000 11.709000 O
47 3 8.193000 14.924000 12.725000 C
48 3 8.113000 14.366000 14.117000 C
49 3 6.764000 14.381000 14.688000 O
50 3 8.524000 12.897000 14.330000 C
51 3 9.932000 12.788000 14.339000 O
52 3 8.037000 12.702000 15.769000 C
53 3 8.806000 13.472000 16.712999 O
54 3 6.662000 13.325000 15.623000 C
55 3 5.638000 12.410000 15.068000 N
56 3 5.171000 12.222000 13.798000 C
57 3 4.201000 11.372000 13.758000 N
58 3 4.000000 10.968000 15.067000 C
59 3 3.134000 10.052000 15.687000 C
60 3 2.204000 9.298000 15.081000 N
61 3 3.304000 9.961000 17.011000 N
62 3 4.181000 10.664000 17.693001 C
63 3 5.046000 11.545000 17.204000 N
64 3 4.879000 11.599000 15.870000 C
65 4 10.855000 11.450000 14.326000 P
66 4 12.244000 11.932000 14.461000 O
67 4 10.391000 10.578000 13.228000 O
68 4 10.518000 10.723000 15.725000 O
69 4 10.016000 9.391000 15.705000 C
70 4 9.553000 9.259000 17.153999 C
71 4 8.202000 9.752000 17.264999 O
72 4 9.418000 7.781000 17.499001 C
73 4 10.667000 7.334000 17.985001 O
74 4 8.376000 7.738000 18.584999 C
75 4 8.960000 8.201000 19.795000 O
76 4 7.445000 8.741000 17.950001 C
77 4 6.557000 8.205000 16.905001 N
78 4 6.537000 8.477000 15.564000 C
79 4 5.525000 7.865000 14.975000 N
80 4 4.888000 7.136000 15.983000 C
81 4 3.765000 6.280000 15.978000 C
82 4 3.018000 5.906000 15.064000 O
83 4 3.468000 5.857000 17.285000 N
84 4 4.161000 6.098000 18.445999 C
85 4 3.698000 5.506000 19.554001 N
86 4 5.235000 6.871000 18.424000 N
87 4 5.498000 7.368000 17.188999 C
88 5 11.088000 5.806000 17.677000 P
89 5 12.535000 5.686000 17.841999 O
90 5 10.589000 5.489000 16.309000 O
91 5 10.259000 4.889000 18.730000 O
92 5 10.321000 5.184000 20.149000 C
93 5 9.321000 4.296000 20.830000 C
94 5 7.935000 4.589000 20.540001 O
95 5 9.362000 2.875000 20.222000 C
96 5 10.514000 2.235000 20.693001 O
97 5 8.151000 2.222000 20.881001 C
98 5 8.456000 2.069000 22.271000 O
99 5 7.186000 3.335000 20.573000 C
100 5 6.609000 3.321000 19.207001 N
101 5 7.062000 4.112000 18.156000 C
102 5 6.370000 3.949000 17.063999 N
103 5 5.413000 3.028000 17.426001 C
104 5 4.367000 2.454000 16.712999 C
105 5 4.163000 2.763000 15.438000 N
106 5 3.601000 1.566000 17.358000 N
107 5 3.831000 1.256000 18.636000 C
108 5 4.797000 1.741000 19.386000 N
109 5 5.553000 2.622000 18.718000 C
110 6 11.308000 1.084000 19.923000 P
111 6 12.600000 0.847000 20.551001 O
112 6 11.188000 1.374000 18.469000 O
113 6 10.380000 -0.237000 20.155001 O
114 6 9.979000 -0.811000 18.902000 C
115 6 8.874000 -1.776000 19.315001 C
116 6 7.617000 -1.085000 19.465000 O
117 6 8.664000 -2.727000 18.132999 C
118 6 9.527000 -3.839000 18.288000 O
119 6 7.207000 -3.051000 18.184000 C
120 6 6.959000 -3.958000 19.219999 O
121 6 6.709000 -1.611000 18.509001 C
122 6 6.651000 -0.833000 17.237000 N
123 6 7.425000 0.119000 16.632000 C
124 6 6.952000 0.523000 15.452000 N
125 6 5.821000 -0.250000 15.248000 C
126 6 4.947000 -0.336000 14.157000 C
127 6 4.943000 0.328000 13.121000 O
128 6 3.903000 -1.278000 14.339000 N
129 6 3.799000 -2.054000 15.475000 C
130 6 2.717000 -2.840000 15.451000 N
131 6 4.679000 -2.031000 16.488001 N
132 6 5.627000 -1.092000 16.320000 C
133 7 10.183000 -4.501000 16.944000 P
134 7 11.245000 -5.386000 17.487000 O
135 7 10.596000 -3.389000 16.108999 O
136 7 9.000000 -5.345000 16.219999 O
137 7 8.134000 -6.172000 17.061001 C
138 7 6.947000 -6.629000 16.257999 C
139 7 6.030000 -5.557000 15.940000 O
140 7 7.370000 -7.046000 14.836000 C
141 7 7.933000 -8.351000 14.881000 O
142 7 6.062000 -7.034000 14.074000 C
143 7 5.254000 -8.107000 14.469000 O
144 7 5.462000 -5.716000 14.640000 C
145 7 5.884000 -4.612000 13.754000 N
146 7 6.983000 -3.782000 13.883000 C
147 7 7.100000 -2.911000 12.929000 N
148 7 6.029000 -3.208000 12.100000 C
149 7 5.602000 -2.640000 10.890000 C
150 7 6.231000 -1.607000 10.300000 N
151 7 4.515000 -3.192000 10.321000 N
152 7 3.909000 -4.216000 10.915000 C
153 7 4.226000 -4.830000 12.036000 N
154 7 5.308000 -4.250000 12.581000 C
155 8 9.030000 -8.962000 13.881000 P
156 8 9.644000 -10.119000 14.549000 O
157 8 9.926000 -7.882000 13.366000 O
158 8 8.187000 -9.528000 12.618000 O
159 8 8.399000 -8.779000 11.395000 C
160 8 7.061000 -8.986000 10.704000 C
161 8 6.211000 -7.856000 11.001000 O
162 8 7.234000 -9.006000 9.191000 C
163 8 7.467000 -10.358000 8.803000 O
164 8 5.911000 -8.437000 8.708000 C
165 8 4.778000 -9.247000 8.839000 O
166 8 5.748000 -7.349000 9.766000 C
167 8 6.614000 -6.182000 9.466000 N
168 8 7.753000 -5.754000 10.069000 C
169 8 8.203000 -4.676000 9.472000 N
170 8 7.285000 -4.409000 8.442000 C
171 8 7.179000 -3.403000 7.463000 C
172 8 8.058000 -2.378000 7.362000 N
173 8 6.147000 -3.500000 6.618000 N
174 8 5.240000 -4.492000 6.700000 C
175 8 5.247000 -5.477000 7.592000 N
176 8 6.310000 -5.347000 8.418000 C
177 9 8.093000 -10.850000 7.420000 P
178 9 8.165000 -12.325000 7.389000 O
179 9 9.332000 -10.083000 7.291000 O
180 9 7.111000 -10.520000 6.159000 O
181 9 5.734000 -10.889000 6.358000 C
182 9 4.992000 -10.220000 5.209000 C
183 9 4.812000 -8.807000 5.536000 O
184 9 5.804000 -10.167000 3.923000 C
185 9 5.668000 -11.363000 3.139000 O
186 9 5.211000 -8.996000 3.169000 C
187 9 3.903000 -9.282000 2.673000 O
188 9 5.000000 -8.038000 4.346000 C
189 9 6.185000 -7.167000 4.557000 N
190 9 7.175000 -7.292000 5.487000 C
191 9 8.085000 -6.352000 5.382000 N
192 9 7.639000 -5.554000 4.332000 C
193 9 8.138000 -4.356000 3.752000 C
194 9 9.135000 -3.747000 4.026000 O
195 9 7.363000 -3.908000 2.661000 N
196 9 6.228000 -4.518000 2.207000 C
197 9 5.569000 -3.985000 1.183000 N
198 9 5.741000 -5.605000 2.786000 N
199 9 6.474000 -6.075000 3.811000 C
200 10 6.859000 -11.934000 2.225000 P
201 10 6.399000 -13.303000 1.814000 O
202 10 8.142000 -11.832000 2.885000 O
203 10 6.970000 -10.997000 0.905000 O
204 10 5.782000 -10.871000 0.093000 C
205 10 5.908000 -9.732000 -0.881000 C
206 10 5.875000 -8.446000 -0.161000 O
207 10 7.288000 -9.669000 -1.550000 C
208 10 7.305000 -10.599000 -2.625000 O
209 10 7.324000 -8.240000 -2.067000 C
210 10 6.455000 -8.133000 -3.204000 O
211 10 6.735000 -7.535000 -0.826000 C
212 10 7.784000 -7.170000 0.141000 N
213 10 8.451000 -5.980000 -0.190000 C
214 10 8.079000 -5.364000 -1.193000 O
215 10 9.452000 -5.582000 0.599000 N
216 10 9.799000 -6.302000 1.682000 C
217 10 10.788000 -5.767000 2.374000 N
218 10 9.164000 -7.532000 2.027000 C
219 10 8.153000 -7.939000 1.192000 C
221 11 14.648000 3.746000 -0.643000 O
222 11 14.565000 3.978000 -2.066000 C
223 11 13.379000 3.168000 -2.556000 C
224 11 13.759000 1.739000 -2.495000 O
225 11 12.235000 3.114000 -1.534000 C
226 11 11.546000 4.365000 -1.538000 O
227 11 11.387000 2.001000 -2.171000 C
228 11 12.534000 1.017000 -2.403000 C
229 11 12.741000 0.064000 -1.257000 N
230 11 13.687000 0.088000 -0.277000 C
231 11 13.591000 -0.887000 0.579000 N
232 11 12.477000 -1.598000 0.124000 C
233 11 11.860000 -2.779000 0.617000 C
234 11 12.152000 -3.456000 1.565000 O
235 11 10.731000 -3.132000 -0.133000 N
236 11 10.293000 -2.465000 -1.244000 C
237 11 9.221000 -2.985000 -1.835000 N
238 11 10.871000 -1.365000 -1.743000 N
239 11 11.937000 -1.000000 -0.988000 C
240 12 10.192000 4.705000 -0.768000 P
241 12 9.695000 6.003000 -1.300000 O
242 12 10.646000 4.722000 0.653000 O
243 12 9.041000 3.639000 -1.031000 O
244 12 8.220000 3.772000 -2.215000 C
245 12 7.192000 2.651000 -2.252000 C
246 12 7.884000 1.368000 -2.211000 O
247 12 6.379000 2.517000 -0.944000 C
248 12 5.265000 3.392000 -0.982000 O
249 12 5.769000 1.098000 -1.150000 C
250 12 7.117000 0.464000 -1.416000 C
251 12 7.881000 0.097000 -0.197000 N
252 12 7.524000 -1.119000 0.384000 C
253 12 6.575000 -1.762000 -0.070000 O
254 12 8.219000 -1.519000 1.456000 N
255 12 9.220000 -0.825000 1.972000 C
256 12 9.801000 -1.360000 3.025000 N
257 12 9.646000 0.399000 1.390000 C
258 12 8.911000 0.805000 0.300000 C
259 13 4.367000 3.895000 0.233000 P
260 13 3.395000 4.828000 -0.396000 O
261 13 5.327000 4.390000 1.252000 O
262 13 3.417000 2.720000 0.850000 O
263 13 2.718000 1.920000 -0.126000 C
264 13 2.280000 0.636000 0.552000 C
265 13 3.514000 -0.108000 0.833000 O
266 13 1.862000 0.873000 2.009000 C
267 13 0.519000 1.306000 2.115000 O
268 13 1.916000 -0.576000 2.555000 C
269 13 3.284000 -0.914000 1.998000 C
270 13 4.429000 -0.633000 2.905000 N
271 13 4.591000 -1.609000 3.853000 C
272 13 3.859000 -2.579000 3.966000 O
273 13 5.653000 -1.422000 4.686000 N
274 13 6.544000 -0.391000 4.651000 C
275 13 7.430000 -0.453000 5.495000 O
276 13 6.280000 0.596000 3.627000 C
277 13 7.234000 1.761000 3.551000 C
278 13 5.245000 0.457000 2.778000 C
279 14 -0.212000 1.848000 3.425000 P
280 14 -1.343000 2.640000 2.898000 O
281 14 0.732000 2.638000 4.254000 O
282 14 -0.749000 0.616000 4.321000 O
283 14 -1.390000 -0.532000 3.765000 C
284 14 -1.407000 -1.632000 4.826000 C
285 14 -0.064000 -2.194000 4.998000 O
286 14 -1.702000 -1.166000 6.242000 C
287 14 -3.059000 -0.918000 6.551000 O
288 14 -1.167000 -2.292000 7.133000 C
289 14 0.077000 -2.689000 6.343000 C
290 14 1.338000 -2.080000 6.806000 N
291 14 2.075000 -2.758000 7.736000 C
292 14 1.712000 -3.804000 8.231000 O
293 14 3.252000 -2.152000 8.126000 N
294 14 3.730000 -0.946000 7.670000 C
295 14 4.816000 -0.485000 8.072000 O
296 14 2.869000 -0.284000 6.700000 C
297 14 3.360000 1.035000 6.158000 C
298 14 1.712000 -0.857000 6.299000 C
299 15 -3.570000 -0.205000 7.915000 P
300 15 -5.025000 -0.149000 7.727000 O
301 15 -2.783000 1.025000 8.084000 O
302 15 -3.272000 -1.037000 9.262000 O
303 15 -3.861000 -2.360000 9.355000 C
304 15 -3.260000 -3.062000 10.576000 C
305 15 -1.828000 -3.232000 10.383000 O
306 15 -3.174000 -2.072000 11.757000 C
307 15 -4.470000 -1.996000 12.333000 O
308 15 -2.168000 -2.746000 12.693000 C
309 15 -1.145000 -3.092000 11.638000 C
310 15 -0.059000 -2.098000 11.429000 N
311 15 0.977000 -2.185000 12.346000 C
312 15 0.890000 -3.043000 13.251000 O
313 15 2.019000 -1.368000 12.202000 N
314 15 2.051000 -0.464000 11.218000 C
315 15 3.155000 0.274000 11.189000 N
316 15 1.021000 -0.349000 10.252000 C
317 15 -0.026000 -1.207000 10.407000 C
318 16 -4.915000 -0.856000 13.385000 P
319 16 -6.362000 -0.939000 13.634000 O
320 16 -4.426000 0.380000 12.813000 O
321 16 -4.078000 -1.212000 14.715000 O
322 16 -4.549000 -2.215000 15.630000 C
323 16 -3.553000 -2.288000 16.768000 C
324 16 -2.191000 -2.365000 16.240999 O
325 16 -3.366000 -0.956000 17.542000 C
326 16 -4.480000 -0.842000 18.452999 O
327 16 -2.110000 -1.250000 18.377001 C
328 16 -1.279000 -1.812000 17.236000 C
329 16 -0.445000 -0.830000 16.474001 N
330 16 0.793000 -0.523000 16.972000 C
331 16 1.185000 -0.979000 18.034000 O
332 16 1.544000 0.319000 16.188999 N
333 16 1.142000 0.895000 14.989000 C
334 16 1.925000 1.658000 14.408000 O
335 16 -0.163000 0.501000 14.558000 C
336 16 -0.764000 1.051000 13.306000 C
337 16 -0.910000 -0.351000 15.290000 C
338 17 -5.143000 0.596000 18.681000 P
339 17 -6.414000 0.255000 19.427000 O
340 17 -5.453000 1.202000 17.360001 O
341 17 -4.107000 1.542000 19.504000 O
342 17 -3.559000 1.012000 20.705999 C
343 17 -2.261000 1.672000 21.132000 C
344 17 -1.294000 1.477000 20.032000 O
345 17 -2.255000 3.187000 21.223000 C
346 17 -3.069000 3.791000 22.174000 O
347 17 -0.796000 3.543000 21.083000 C
348 17 -0.294000 2.467000 20.103001 C
349 17 -0.165000 2.969000 18.709999 N
350 17 1.003000 3.715000 18.552999 C
351 17 1.754000 3.820000 19.517000 O
352 17 1.248000 4.217000 17.344999 N
353 17 0.381000 4.103000 16.316000 C
354 17 0.861000 4.716000 15.241000 N
355 17 -0.832000 3.354000 16.445000 C
356 17 -1.060000 2.795000 17.695999 C
357 18 -3.419000 5.330000 22.458000 P
358 18 -4.334000 5.435000 23.622999 O
359 18 -4.036000 5.938000 21.242001 O
360 18 -2.058000 6.183000 22.714001 O
361 18 -1.170000 5.778000 23.742001 C
362 18 0.144000 6.490000 23.587000 C
363 18 0.779000 6.202000 22.309999 O
364 18 -0.044000 8.025000 23.448000 C
365 18 -0.191000 8.537000 24.763000 O
366 18 1.313000 8.425000 22.900999 C
367 18 1.518000 7.356000 21.874001 C
368 18 1.083000 7.560000 20.468000 N
369 18 1.901000 8.339000 19.681000 C
370 18 2.917000 8.893000 20.046000 O
371 18 1.534000 8.471000 18.356001 N
372 18 0.422000 7.926000 17.783001 C
373 18 0.196000 8.109000 16.591999 O
374 18 -0.408000 7.151000 18.684999 C
375 18 -1.621000 6.549000 18.034000 C
376 18 -0.055000 6.971000 19.972000 C
377 19 -0.767000 9.905000 25.292999 P
378 19 -0.948000 9.765000 26.760000 O
379 19 -2.047000 10.186000 24.604000 O
380 19 0.285000 11.098000 24.955999 O
381 19 1.672000 10.895000 25.169001 C
382 19 2.465000 11.909000 24.336000 C
383 19 2.598000 11.409000 22.962999 O
384 19 1.664000 13.218000 24.149000 C
385 19 2.056000 14.119000 25.188999 O
386 19 2.217000 13.767000 22.834000 C
387 19 2.518000 12.516000 22.059000 C
388 19 1.476000 12.082000 21.087999 N
389 19 1.826000 12.411000 19.775000 C
390 19 2.875000 13.019000 19.695999 O
391 19 0.972000 12.010000 18.777000 N
392 19 -0.184000 11.279000 19.027000 C
393 19 -0.877000 10.949000 18.055000 O
394 19 -0.456000 11.002000 20.415001 C
395 19 -1.686000 10.245000 20.850000 C
396 19 0.385000 11.388000 21.419001 C
397 20 1.505000 15.654000 25.347000 P
398 20 2.344000 16.233000 26.419001 O
399 20 0.054000 15.477000 25.426001 O
400 20 1.839000 16.445999 23.952999 O
401 20 3.177000 16.827000 23.587000 C
402 20 3.044000 17.733000 22.375000 C
403 20 2.666000 17.039000 21.164000 O
404 20 2.005000 18.870001 22.496000 C
405 20 2.661000 20.014000 21.914000 O
406 20 0.860000 18.431999 21.582001 C
407 20 1.554000 17.563999 20.524000 C
408 20 0.635000 16.507000 19.993999 N
409 20 0.497000 16.414000 18.600000 C
410 20 1.157000 17.170000 17.872999 O
411 20 -0.376000 15.521000 18.083000 N
412 20 -1.086000 14.715000 18.895000 C
413 20 -1.911000 13.857000 18.323999 N
414 20 -0.946000 14.795000 20.313000 C
415 20 -0.094000 15.708000 20.813000 C
