466 1149
0 2
0 4
1 3
1 4
2 5
2 6
2 7
3 4
3 5
3 6
3 8
3 15
4 7
4 16
4 18
5 6
5 7
5 17
5 18
5 19
5 20
6 8
6 15
7 9
7 10
7 15
8 10
8 11
8 12
8 14
9 12
9 14
9 15
10 11
11 13
11 14
11 15
12 15
13 14
16 20
17 18
17 19
17 20
18 19
19 21
19 22
19 23
19 25
20 22
20 23
21 24
21 25
21 26
22 23
22 24
22 25
22 27
22 28
22 37
23 26
23 38
23 40
24 25
24 26
24 39
24 40
24 41
24 42
25 27
25 28
26 28
26 36
26 37
27 29
27 30
27 36
28 30
28 37
29 31
29 32
29 37
30 32
30 33
30 34
30 36
31 34
31 36
31 37
32 33
32 459
33 35
33 36
33 37
33 457
34 37
35 36
35 456
38 42
39 40
39 41
39 42
40 41
41 43
41 44
41 45
42 44
42 45
43 46
43 47
43 48
44 45
44 47
44 49
44 56
45 48
45 57
45 59
46 47
46 58
46 59
46 60
46 61
47 49
47 60
48 50
48 51
48 56
49 51
49 52
49 53
49 55
50 53
50 55
50 56
51 52
51 440
52 54
52 55
52 56
52 438
53 56
54 55
54 437
57 61
58 59
58 60
58 61
59 60
60 62
60 63
60 64
60 66
61 63
61 64
62 65
62 66
62 67
63 64
63 65
63 66
63 68
63 69
64 67
64 79
64 81
65 66
65 67
65 80
65 81
65 82
65 83
66 68
66 69
66 79
66 81
67 69
67 77
67 78
68 70
68 71
68 77
69 71
69 78
70 72
70 73
70 78
71 73
71 74
71 75
71 77
72 75
72 77
72 78
73 74
73 418
74 76
74 77
74 78
74 416
75 78
76 77
76 415
79 83
80 81
80 82
80 83
81 82
82 84
82 85
82 86
82 88
83 85
83 86
84 87
84 88
84 89
85 86
85 87
85 88
85 90
85 91
86 89
86 100
86 102
87 88
87 89
87 101
87 102
87 103
87 104
88 90
88 91
89 91
89 98
89 99
90 92
90 93
90 98
91 93
91 99
92 94
92 95
92 99
93 95
93 96
93 97
93 98
94 97
94 98
94 99
95 96
95 398
96 98
96 99
96 396
97 99
100 104
101 102
101 103
101 104
102 103
103 105
103 106
103 107
104 106
104 107
105 108
105 109
105 110
106 107
106 109
106 111
106 112
107 110
108 109
109 111
109 112
110 112
110 119
110 120
111 113
111 114
111 119
112 114
112 120
113 115
113 116
113 120
114 116
114 117
114 118
114 119
115 118
115 119
115 120
116 117
116 377
117 119
117 120
118 120
121 125
122 123
122 124
122 125
123 124
124 126
124 127
124 128
125 127
125 128
126 129
126 130
126 131
127 128
127 130
127 132
127 140
128 131
128 141
128 143
129 130
129 131
129 142
129 143
129 144
129 145
130 132
130 140
130 141
130 143
131 133
131 134
131 140
132 134
132 135
132 136
132 138
133 136
133 138
133 140
134 135
134 379
135 137
135 138
135 140
135 357
136 139
136 140
137 138
137 139
137 356
139 140
141 145
142 143
142 144
142 145
143 144
144 146
144 147
144 148
145 147
145 148
146 149
146 150
146 151
147 148
147 149
147 150
147 152
147 159
148 151
148 160
148 162
149 150
149 151
149 161
149 162
149 163
149 164
150 152
150 159
151 153
151 154
151 159
152 154
152 155
152 156
152 158
153 156
153 158
153 159
154 155
154 337
155 157
155 158
155 159
155 335
156 159
157 158
157 334
160 164
161 162
161 163
161 164
162 163
163 165
163 166
163 167
163 169
164 166
164 167
165 168
165 169
165 170
166 167
166 168
166 169
166 171
166 181
167 170
167 182
167 183
168 169
168 170
168 183
168 184
168 185
168 186
169 171
169 172
170 172
170 180
170 181
171 173
171 174
171 180
172 174
172 181
173 175
173 176
173 181
174 176
174 177
174 178
174 180
175 178
175 180
175 181
176 177
176 315
177 179
177 180
177 181
177 313
178 181
179 180
179 312
179 337
182 186
183 184
183 185
183 186
184 185
185 187
185 188
185 189
185 191
186 188
186 189
187 190
187 191
187 192
188 189
188 190
188 191
188 193
188 200
189 192
189 201
189 203
190 191
190 192
190 202
190 203
190 204
190 205
191 193
191 200
192 194
192 195
192 200
193 195
193 196
193 197
193 199
194 197
194 199
194 200
195 196
195 296
196 198
196 199
196 200
196 294
197 200
198 199
198 217
198 293
201 205
202 203
202 204
202 205
203 204
204 206
204 207
204 208
205 207
205 208
206 209
206 210
206 211
207 208
207 210
207 212
207 213
208 211
209 210
210 212
210 213
211 213
211 221
211 222
212 214
212 215
212 221
213 215
213 222
214 216
214 217
214 222
215 217
215 218
215 219
215 221
216 219
216 221
216 222
217 218
218 220
218 221
218 222
219 222
220 221
223 227
223 228
223 229
223 230
223 231
223 232
223 235
224 227
224 228
224 229
224 230
224 232
224 235
225 229
225 230
225 231
225 232
225 234
225 235
226 229
226 230
226 231
226 232
226 235
227 233
227 235
227 236
227 237
227 238
227 239
228 233
228 234
228 235
228 236
228 237
228 238
228 239
229 231
229 232
229 233
229 234
229 235
229 236
230 231
230 232
230 235
230 236
231 237
231 238
231 239
231 275
231 278
232 237
232 238
232 239
232 278
233 235
233 237
233 238
233 239
233 275
233 276
233 277
233 278
233 279
233 280
233 281
234 235
234 236
234 237
234 238
234 239
234 275
234 276
234 277
234 278
234 279
234 280
234 281
236 278
240 246
240 247
240 252
240 253
240 256
240 257
241 246
241 247
241 252
241 253
241 256
241 257
242 258
242 259
243 258
243 259
246 248
246 249
246 250
246 251
246 252
246 253
246 256
246 257
247 248
247 249
247 250
247 251
247 252
247 253
247 256
247 257
252 268
252 269
253 268
253 269
254 260
254 261
254 325
255 260
255 261
255 325
256 258
256 259
256 268
256 269
257 258
257 259
257 268
257 269
258 264
258 265
259 264
259 265
260 342
261 342
262 325
262 326
262 340
262 342
263 325
263 326
263 340
263 342
266 322
267 322
275 277
275 278
275 279
275 280
275 281
276 277
276 278
276 279
276 280
276 281
277 279
277 280
278 279
278 280
279 282
279 283
279 284
280 282
280 283
280 284
281 283
281 284
282 285
282 286
282 287
283 284
283 286
283 288
283 289
284 287
284 299
284 301
285 286
285 300
285 301
285 302
285 303
286 288
286 289
286 299
287 289
287 297
287 298
288 290
288 291
288 297
289 291
289 298
290 292
290 293
290 298
291 293
291 294
291 295
291 297
292 295
292 297
292 298
293 294
294 296
294 297
294 298
295 298
296 297
299 303
300 301
300 302
300 303
301 302
302 304
302 305
302 306
303 305
303 306
304 307
304 308
304 309
305 306
305 308
305 310
305 317
306 309
306 318
306 320
307 308
307 319
307 320
307 321
307 322
308 310
308 321
309 311
309 312
309 317
310 312
310 313
310 314
310 316
311 314
311 316
311 317
312 313
313 315
313 316
313 317
314 317
315 316
318 322
319 320
319 321
319 322
320 321
321 323
321 324
321 325
321 327
322 324
322 325
323 326
323 327
323 328
324 325
324 326
324 327
324 329
325 328
325 340
325 342
326 327
326 328
326 341
326 342
326 343
326 344
327 329
327 330
327 340
327 342
328 330
328 338
328 339
329 331
329 332
329 338
330 332
330 339
331 333
331 334
331 339
332 334
332 335
332 336
332 338
333 336
333 338
333 339
334 335
335 337
335 338
335 339
336 339
337 338
340 344
341 342
341 343
341 344
342 343
343 345
343 346
343 347
343 349
344 346
344 347
345 348
345 349
345 350
346 347
346 348
346 349
346 351
346 352
347 350
347 361
347 363
348 349
348 350
348 362
348 363
348 364
348 365
349 351
349 352
349 361
349 363
350 352
350 359
350 360
351 353
351 354
351 359
352 354
352 360
353 355
353 356
353 360
354 356
354 357
354 358
354 359
355 358
355 359
355 360
356 357
357 359
357 360
358 360
361 365
362 363
362 364
362 365
363 364
364 366
364 367
364 368
365 367
365 368
366 369
366 370
366 371
367 368
367 370
367 372
367 373
368 371
369 370
369 371
370 372
371 373
371 380
371 381
372 374
372 375
372 380
373 375
373 381
374 376
374 377
374 381
375 377
375 378
375 379
375 380
376 379
376 380
376 381
377 378
378 380
378 381
379 381
382 386
383 384
383 385
383 386
384 385
385 387
385 388
385 389
386 388
386 389
387 390
387 391
387 392
388 389
388 391
388 393
388 401
389 392
389 402
389 404
390 391
390 392
390 403
390 404
390 405
390 406
391 393
391 401
392 394
392 395
392 401
393 395
393 396
393 397
393 399
394 397
394 399
394 401
395 396
396 398
396 399
396 401
397 400
397 401
398 399
398 400
400 401
402 406
403 404
403 405
403 406
404 405
405 407
405 408
405 409
406 408
406 409
407 410
407 411
407 412
408 409
408 411
408 413
408 420
409 412
409 421
409 423
410 411
410 422
410 423
410 424
410 425
411 413
411 420
412 414
412 415
412 420
413 415
413 416
413 417
413 419
414 417
414 419
414 420
415 416
416 418
416 419
416 420
417 420
418 419
418 437
421 425
422 423
422 424
422 425
423 424
424 426
424 427
424 428
424 430
425 427
425 428
426 429
426 430
426 431
427 428
427 429
427 430
427 432
428 431
428 443
428 445
429 430
429 431
429 444
429 445
429 446
429 447
430 432
430 433
431 433
431 441
431 442
432 434
432 435
432 441
433 435
433 442
434 436
434 437
434 442
435 437
435 438
435 439
435 441
436 439
436 441
436 442
437 438
438 440
438 441
438 442
439 442
440 441
443 447
444 445
444 446
444 447
445 446
446 448
446 449
446 450
447 449
447 450
448 451
448 452
448 453
449 450
449 452
449 454
449 461
450 453
450 462
450 464
451 452
451 463
451 464
451 465
452 454
452 461
452 462
452 464
453 455
453 456
453 461
454 456
454 457
454 458
454 460
455 458
455 460
455 461
456 457
457 459
457 460
457 461
458 461
459 460
463 464
463 465
464 465
1 1 5.002000 14.286000 9.180000 O
2 1 5.779000 13.150000 8.786000 C
3 1 4.876000 11.939000 8.764000 C
4 1 5.563000 10.808000 8.187000 O
5 1 4.403000 11.444000 10.131000 C
6 1 3.087000 10.943000 9.999000 O
7 1 5.437000 10.397000 10.485000 C
8 1 5.621000 9.730000 9.133000 C
9 1 6.894000 9.055000 8.863000 N
10 1 6.881000 7.870000 8.119000 C
11 1 5.791000 7.381000 7.785000 O
12 1 8.049000 7.271000 7.814000 N
13 1 9.214000 7.804000 8.176000 C
14 1 10.339000 7.164000 7.871000 N
15 1 9.256000 9.026000 8.905000 C
16 1 8.094000 9.622000 9.186000 C
17 2 2.172000 10.562000 11.260000 P
18 2 0.750000 10.865000 10.940000 O
19 2 2.784000 11.104000 12.503000 O
20 2 2.288000 8.973000 11.360000 O
21 2 1.595000 8.204000 10.366000 C
22 2 1.624000 6.757000 10.779000 C
23 2 2.915000 6.180000 10.469000 O
24 2 1.412000 6.509000 12.271000 C
25 2 0.533000 5.404000 12.389000 O
26 2 2.796000 6.262000 12.805000 C
27 2 3.476000 5.583000 11.636000 C
28 2 4.912000 5.793000 11.494000 N
29 2 5.644000 6.870000 11.920000 C
30 2 6.914000 6.756000 11.645000 N
31 2 7.026000 5.543000 10.977000 C
32 2 8.154000 4.888000 10.423000 C
33 2 9.333000 5.269000 10.416000 O
34 2 7.814000 3.669000 9.847000 N
35 2 6.541000 3.155000 9.808000 C
36 2 6.396000 1.967000 9.213000 N
37 2 5.472000 3.741000 10.311000 N
38 2 5.790000 4.928000 10.880000 C
39 3 -0.116000 4.912000 13.766000 P
40 3 -1.603000 4.901000 13.610000 O
41 3 0.451000 5.655000 14.918000 O
42 3 0.403000 3.411000 13.851000 O
43 3 0.165000 2.489000 12.790000 C
44 3 1.298000 1.496000 12.723000 C
45 3 2.557000 2.151000 12.456000 O
46 3 1.548000 0.724000 14.017000 C
47 3 0.742000 -0.449000 14.041000 O
48 3 3.021000 0.416000 14.007000 C
49 3 3.611000 1.315000 12.959000 C
50 3 4.645000 2.259000 13.424000 N
51 3 5.977000 2.022000 13.093000 C
52 3 6.268000 1.014000 12.444000 O
53 3 6.927000 2.918000 13.457000 N
54 3 6.575000 3.990000 14.166000 C
55 3 7.548000 4.830000 14.531000 N
56 3 5.222000 4.248000 14.519000 C
57 3 4.289000 3.381000 14.119000 C
58 4 0.556000 -1.245000 15.425000 P
59 4 -0.669000 -2.079000 15.342000 O
60 4 0.725000 -0.324000 16.579000 O
61 4 1.843000 -2.197000 15.408000 O
62 4 2.017000 -3.150000 14.351000 C
63 4 3.331000 -3.863000 14.564000 C
64 4 4.415000 -2.911000 14.503000 O
65 4 3.449000 -4.559000 15.919000 C
66 4 4.112000 -5.801000 15.781000 O
67 4 4.226000 -3.567000 16.749001 C
68 4 5.140000 -2.918000 15.713000 C
69 4 5.501000 -1.548000 16.069000 N
70 4 4.720000 -0.605000 16.690001 C
71 4 5.332000 0.536000 16.868999 N
72 4 6.602000 0.329000 16.334999 C
73 4 7.728000 1.180000 16.257999 C
74 4 7.825000 2.356000 16.638000 O
75 4 8.830000 0.573000 15.661000 N
76 4 8.824000 -0.721000 15.188000 C
77 4 9.959000 -1.175000 14.629000 N
78 4 7.782000 -1.536000 15.259000 N
79 4 6.718000 -0.953000 15.845000 C
80 5 4.597000 -6.726000 17.000000 P
81 5 4.349000 -8.152000 16.643000 O
82 5 4.124000 -6.230000 18.315001 O
83 5 6.189000 -6.518000 16.969999 O
84 5 6.919000 -6.782000 15.772000 C
85 5 8.391000 -6.530000 15.985000 C
86 5 8.644000 -5.134000 16.254999 O
87 5 8.998000 -7.287000 17.171000 C
88 5 10.257000 -7.787000 16.761999 O
89 5 9.065000 -6.265000 18.275000 C
90 5 9.311000 -4.977000 17.518000 C
91 5 8.751000 -3.753000 18.084000 N
92 5 7.463000 -3.582000 18.530001 C
93 5 7.211000 -2.372000 18.958000 N
94 5 8.408000 -1.687000 18.771999 C
95 5 8.811000 -0.370000 19.035000 C
96 5 8.017000 0.569000 19.566999 N
97 5 10.089000 -0.041000 18.740999 N
98 5 10.901000 -0.955000 18.202999 C
99 5 10.639000 -2.238000 17.927000 N
100 5 9.365000 -2.527000 18.223000 C
101 6 11.301000 -8.540000 17.722000 P
102 6 12.189000 -9.349000 16.830999 O
103 6 10.610000 -9.218000 18.848000 O
104 6 12.148000 -7.355000 18.365999 O
105 6 13.050000 -6.592000 17.565001 C
106 6 13.781000 -5.644000 18.485001 C
107 6 12.868000 -4.624000 18.952000 O
108 6 14.360000 -6.288000 19.743999 C
109 6 15.761000 -6.107000 19.700001 O
110 6 13.692000 -5.590000 20.903999 C
111 6 13.195000 -4.294000 20.308001 C
112 6 11.963000 -3.730000 20.854000 N
113 6 10.765000 -4.370000 21.046000 C
114 6 9.810000 -3.603000 21.525000 N
115 6 10.427000 -2.362000 21.650000 C
116 6 9.964000 -1.114000 22.101000 C
117 6 8.726000 -0.896000 22.533001 N
118 6 10.834000 -0.076000 22.101999 N
119 6 12.078000 -0.295000 21.662001 C
120 6 12.629000 -1.417000 21.221001 N
121 6 11.741000 -2.422000 21.223000 C
143 8 19.806000 -2.192000 24.813999 P
144 8 21.125000 -1.665000 24.377001 O
145 8 19.766001 -3.512000 25.481001 O
146 8 19.106001 -1.139000 25.789000 O
147 8 18.863001 0.182000 25.306000 C
148 8 18.045000 0.960000 26.308001 C
149 8 16.724001 0.388000 26.417000 O
150 8 18.614000 0.967000 27.726999 C
151 8 18.927000 2.310000 28.069000 O
152 8 17.544001 0.350000 28.594999 C
153 8 16.292999 0.566000 27.783001 C
154 8 15.162000 -0.364000 27.944000 N
155 8 13.931000 0.167000 28.254999 C
156 8 13.709000 1.352000 28.419001 O
157 8 12.907000 -0.747000 28.341999 N
158 8 13.029000 -2.117000 28.177999 C
159 8 12.023000 -2.803000 28.290001 O
160 8 14.350000 -2.605000 27.843000 C
161 8 14.573000 -4.070000 27.643000 C
162 8 15.340000 -1.712000 27.738001 C
163 9 19.315001 2.825000 29.535999 P
164 9 20.165001 4.041000 29.382999 O
165 9 19.830999 1.696000 30.358000 O
166 9 17.924000 3.285000 30.169001 O
167 9 17.167999 4.268000 29.450001 C
168 9 15.968000 4.679000 30.257000 C
169 9 15.051000 3.566000 30.386999 O
170 9 16.250000 5.124000 31.691000 C
171 9 15.486000 6.302000 31.885000 O
172 9 15.830000 3.956000 32.540001 C
173 9 14.666000 3.387000 31.768999 C
174 9 14.347000 1.951000 31.794001 N
175 9 13.045000 1.501000 32.047001 C
176 9 12.141000 2.317000 32.299999 O
177 9 12.784000 0.173000 31.997000 N
178 9 13.752000 -0.694000 31.688999 C
179 9 13.445000 -1.997000 31.666000 N
180 9 15.082000 -0.264000 31.431999 C
181 9 15.325000 1.053000 31.487000 C
182 10 15.777000 7.365000 33.039001 P
183 10 15.225000 8.677000 32.636002 O
184 10 17.202000 7.267000 33.456001 O
185 10 14.889000 6.805000 34.250000 O
186 10 13.468000 6.783000 34.109001 C
187 10 12.847000 5.965000 35.209999 C
188 10 13.070000 4.560000 34.908001 O
189 10 13.403000 6.158000 36.612999 C
190 10 12.375000 6.150000 37.582001 O
191 10 14.319000 4.962000 36.803001 C
192 10 13.427000 3.916000 36.138000 C
193 10 14.004000 2.628000 35.793999 N
194 10 15.283000 2.233000 35.518002 C
195 10 15.382000 0.951000 35.244999 N
196 10 14.082000 0.482000 35.345001 C
197 10 13.516000 -0.804000 35.161999 C
198 10 14.073000 -1.858000 34.865002 O
199 10 12.132000 -0.802000 35.362999 N
200 10 11.374000 0.283000 35.703999 C
201 10 10.063000 0.104000 35.866001 N
202 10 11.889000 1.491000 35.870998 N
203 10 13.220000 1.495000 35.674999 C
204 11 11.679000 7.478000 38.146000 P
205 11 11.593000 8.531000 37.108002 O
206 11 12.304000 7.795000 39.469002 O
207 11 10.204000 6.960000 38.488998 O
208 11 9.268000 6.766000 37.426998 C
209 11 8.271000 5.722000 37.860001 C
210 11 8.895000 4.419000 37.851002 O
211 11 7.717000 5.855000 39.276001 C
212 11 6.332000 5.539000 39.214001 O
213 11 8.541000 4.899000 40.109001 C
214 11 8.813000 3.778000 39.131001 C
215 11 10.079000 3.031000 39.229000 N
216 11 10.032000 1.647000 39.007000 C
217 11 8.933000 1.123000 38.812000 O
218 11 11.176000 0.931000 39.032001 N
219 11 12.347000 1.541000 39.198002 C
220 11 13.443000 0.781000 39.229000 N
221 11 12.427000 2.945000 39.415001 C
222 11 11.287000 3.645000 39.375999 C
223 12 5.350000 5.889000 40.425999 P
224 12 3.932000 5.849000 39.974998 O
225 12 5.821000 7.094000 41.162998 O
226 12 5.546000 4.652000 41.419998 O
227 12 4.900000 3.413000 41.112000 C
228 12 5.373000 2.392000 42.105000 C
229 12 6.753000 2.055000 41.841000 O
230 12 5.386000 2.839000 43.567001 C
231 12 4.153000 2.453000 44.162998 O
232 12 6.596000 2.177000 44.176998 C
233 12 7.227000 1.417000 43.034000 C
234 12 8.673000 1.476000 42.929001 N
235 12 9.480000 2.581000 43.043999 C
236 12 10.743000 2.291000 42.879002 N
237 12 10.763000 0.930000 42.632000 C
238 12 11.835000 0.036000 42.377998 C
239 12 13.040000 0.303000 42.318001 O
240 12 11.388000 -1.266000 42.176998 N
241 12 10.078000 -1.678000 42.227001 C
242 12 9.835000 -2.975000 42.015999 N
243 12 9.069000 -0.853000 42.456001 N
244 12 9.488000 0.409000 42.645000 C
246 13 17.062000 -8.029000 42.826000 O
247 13 17.423000 -7.609000 42.556000 O
248 13 16.188000 -9.156000 42.721001 C
249 13 16.445999 -8.552000 43.026001 C
250 13 14.908000 -8.761000 42.026001 C
251 13 15.110000 -8.264000 42.370998 C
252 13 14.418000 -7.510000 42.576000 O
253 13 14.817000 -6.851000 42.484001 O
254 13 15.019000 -8.496000 40.530998 C
255 13 15.042000 -8.603000 40.882999 C
256 13 13.810000 -8.754000 39.848999 O
257 13 13.892000 -9.399000 40.604000 O
258 13 15.368000 -7.015000 40.504002 C
259 13 14.986000 -7.261000 40.194000 C
260 13 14.373000 -6.520000 41.550999 C
261 13 14.313000 -6.384000 41.230999 C
262 13 14.313000 -6.384000 41.230999 B
13 14 0.678000 -5.208000 24.320000 2
63 14 0.678000 -5.208000 24.320000 B
13 14 0.619000 -4.952000 28.370001 2
64 14 0.619000 -4.952000 28.370001 B
13 13 0.712000 -4.197000 23.350000 2
65 13 0.712000 -4.197000 23.350000 B
13 13 0.588000 -4.020000 26.920000 2
66 13 0.588000 -4.020000 26.920000 B
13 12 0.635000 -4.434000 23.950001 2
67 12 0.635000 -4.434000 23.950001 B
13 12 0.444000 -4.426000 24.500000 2
68 12 0.444000 -4.426000 24.500000 B
13 13 0.986000 -2.983000 24.459999 2
69 13 0.986000 -2.983000 24.459999 B
13 13 0.872000 -2.701000 31.049999 2
70 13 0.872000 -2.701000 31.049999 B
13 15 0.153000 -2.764000 24.580000 2
71 15 0.153000 -2.764000 24.580000 B
13 15 0.117000 -2.302000 27.549999 2
72 15 0.117000 -2.302000 27.549999 B
13 15 0.377000 -1.552000 29.190001 2
73 15 0.377000 -1.552000 29.190001 B
13 15 0.353000 -0.990000 30.889999 2
74 15 0.353000 -0.990000 30.889999 B
13 16 0.150000 -3.775000 25.070000 2
75 16 0.150000 -3.775000 25.070000 B
13 16 0.183000 -3.231000 35.849998 2
76 16 0.183000 -3.231000 35.849998 B
13 15 0.869000 -4.970000 23.770000 2
77 15 0.869000 -4.970000 23.770000 B
13 15 0.890000 -4.534000 36.770000 2
78 15 0.890000 -4.534000 36.770000 B
14 13 0.652000 -9.933000 26.040001 2
79 13 0.652000 -9.933000 26.040001 B
14 13 0.703000 -10.146000 30.730000 2
80 14 13.941000 -11.242000 39.410999 O
281 14 13.735000 -11.621000 39.401001 O
282 14 14.389000 -9.570000 37.528000 O
283 14 14.629000 -9.560000 38.180000 O
284 14 12.087000 -9.883000 38.437000 O
285 14 12.214000 -9.746000 38.757000 O
286 14 11.136000 -10.073000 39.497002 C
287 14 9.962000 -9.148000 39.257000 C
288 14 10.303000 -7.795000 39.583000 O
289 14 9.514000 -9.147000 37.799000 C
290 14 8.137000 -9.501000 37.708000 O
291 14 9.757000 -7.755000 37.289001 C
292 14 9.902000 -6.916000 38.543999 C
293 14 10.934000 -5.891000 38.409000 N
294 14 12.256000 -6.143000 38.141998 C
295 14 12.982000 -5.061000 38.064999 N
296 14 12.076000 -4.037000 38.296001 C
297 14 12.255000 -2.630000 38.348999 C
298 14 13.308000 -2.001000 38.185001 O
299 14 11.069000 -1.954000 38.610001 N
300 14 9.846000 -2.543000 38.810001 C
301 14 8.805000 -1.737000 39.056999 N
302 14 9.666000 -3.854000 38.775002 N
303 14 10.806000 -4.530000 38.511002 C
304 15 7.435000 -9.689000 36.278999 P
305 15 6.279000 -10.613000 36.494999 O
306 15 8.445000 -10.042000 35.242001 O
307 15 6.845000 -8.262000 35.904999 O
308 15 5.831000 -7.671000 36.722000 C
309 15 5.782000 -6.189000 36.458000 C
310 15 7.079000 -5.610000 36.699001 O
311 15 5.462000 -5.779000 35.023998 C
312 15 4.054000 -5.735000 34.837002 O
313 15 6.104000 -4.425000 34.882999 C
314 15 7.198000 -4.412000 35.925999 C
315 15 8.580000 -4.434000 35.422001 N
316 15 9.314000 -3.241000 35.430000 C
317 15 8.736000 -2.217000 35.803001 O
318 15 10.592000 -3.263000 35.015999 N
319 15 11.156000 -4.386000 34.577000 C
320 15 12.412000 -4.340000 34.153000 N
321 15 10.433000 -5.608000 34.570000 C
322 15 9.171000 -5.590000 35.004002 C
323 16 3.455000 -5.454000 33.382000 P
324 16 2.021000 -5.859000 33.331001 O
325 16 4.371000 -5.978000 32.324001 O
326 16 3.486000 -3.871000 33.223999 O
327 16 2.708000 -3.041000 34.091000 C
328 16 3.017000 -1.593000 33.807999 C
329 16 4.443000 -1.356000 33.902000 O
330 16 2.600000 -1.108000 32.415001 C
331 16 2.146000 0.224000 32.505001 O
332 16 3.860000 -1.276000 31.605000 C
333 16 4.946000 -0.973000 32.638000 C
334 16 6.183000 -1.692000 32.345001 N
335 16 6.349000 -2.976000 31.905001 C
336 16 7.595000 -3.291000 31.728001 N
337 16 8.303000 -2.140000 32.050999 C
338 16 9.698000 -1.894000 32.042000 C
339 16 10.618000 -2.659000 31.737000 O
340 16 9.980000 -0.589000 32.429001 N
341 16 9.043000 0.342000 32.796001 C
342 16 9.520000 1.546000 33.147999 N
343 16 7.730000 0.121000 32.826000 N
344 16 7.439000 -1.138000 32.437000 C
345 17 2.045000 1.275000 31.296000 P
346 17 0.968000 2.259000 31.612000 O
347 17 1.969000 0.567000 29.988001 O
348 17 3.452000 2.023000 31.400999 O
349 17 3.774000 2.771000 32.576000 C
350 17 4.904000 3.719000 32.252998 C
351 17 6.099000 2.969000 31.937000 O
352 17 4.643000 4.632000 31.056999 C
353 17 5.171000 5.924000 31.318001 O
354 17 5.333000 3.914000 29.924000 C
355 17 6.519000 3.268000 30.594000 C
356 17 6.947000 1.987000 30.055000 N
357 17 6.114000 0.930000 29.768000 C
358 17 6.755000 -0.121000 29.334000 N
359 17 8.088000 0.258000 29.355000 C
360 17 9.262000 -0.424000 28.997999 C
361 17 9.261000 -1.683000 28.554001 N
362 17 10.438000 0.218000 29.129999 N
363 17 10.425000 1.475000 29.584999 C
364 17 9.386000 2.224000 29.934000 N
365 17 8.230000 1.558000 29.808001 C
366 18 5.157000 7.086000 30.198000 P
367 18 5.105000 8.419000 30.864000 O
368 18 4.136000 6.761000 29.164000 O
369 18 6.604000 6.943000 29.517000 O
370 18 7.770000 7.106000 30.333000 C
371 18 9.017000 6.880000 29.499001 C
372 18 9.109000 5.510000 29.062000 O
373 18 9.073000 7.748000 28.235001 C
374 18 10.241000 8.555000 28.302000 O
375 18 9.055000 6.764000 27.094999 C
376 18 9.576000 5.485000 27.697001 C
377 18 9.073000 4.217000 27.184000 N
378 18 7.757000 3.839000 27.091999 C
379 18 7.580000 2.629000 26.628000 N
380 18 8.866000 2.157000 26.423000 C
381 18 9.346000 0.921000 25.955000 C
382 18 8.569000 -0.097000 25.587999 N
383 18 10.685000 0.793000 25.874001 N
384 18 11.466000 1.801000 26.253000 C
385 18 11.132000 3.009000 26.705999 N
386 18 9.798000 3.118000 26.771999 C
408 20 15.573000 8.224000 22.849001 P
409 20 16.948000 8.658000 23.247000 O
410 20 14.708000 9.226000 22.153999 O
411 20 15.744000 6.978000 21.874001 O
412 20 16.426001 5.801000 22.323000 C
413 20 16.249001 4.746000 21.250999 C
414 20 14.888000 4.257000 21.261999 O
415 20 16.511999 5.229000 19.827999 C
416 20 17.614000 4.508000 19.316999 O
417 20 15.228000 4.963000 19.082001 C
418 20 14.570000 3.887000 19.906000 C
419 20 13.111000 3.775000 19.862000 N
420 20 12.586000 2.540000 19.546000 C
421 20 13.282000 1.561000 19.315001 O
422 20 11.222000 2.483000 19.552000 N
423 20 10.335000 3.514000 19.820000 C
424 20 9.130000 3.308000 19.757999 O
425 20 10.956000 4.787000 20.108999 C
426 20 10.069000 5.959000 20.399000 C
427 20 12.293000 4.848000 20.131001 C
428 21 18.167000 4.606000 17.815001 P
429 21 19.636000 4.330000 17.879000 O
430 21 17.714001 5.845000 17.136000 O
431 21 17.473000 3.356000 17.115000 O
432 21 17.716000 2.035000 17.629000 C
433 21 17.006001 1.091000 16.680000 C
434 21 15.584000 1.249000 16.858000 O
435 21 17.316999 1.344000 15.205000 C
436 21 17.865999 0.172000 14.601000 O
437 21 15.989000 1.773000 14.618000 C
438 21 14.951000 1.227000 15.561000 C
439 21 13.699000 1.977000 15.768000 N
440 21 12.468000 1.329000 15.663000 C
441 21 12.383000 0.133000 15.335000 O
442 21 11.334000 2.036000 15.881000 N
443 21 11.411000 3.316000 16.252001 C
444 21 10.259000 3.944000 16.466999 N
445 21 12.649000 4.008000 16.378000 C
446 21 13.760000 3.290000 16.164000 C
447 22 18.658001 0.199000 13.199000 P
448 22 19.559999 -0.985000 13.105000 O
449 22 19.188000 1.552000 12.894000 O
450 22 17.476999 -0.036000 12.133000 O
451 22 16.721001 -1.249000 12.210000 C
452 22 15.510000 -1.134000 11.325000 C
453 22 14.536000 -0.239000 11.926000 O
454 22 15.753000 -0.536000 9.954000 C
455 22 14.975000 -1.250000 9.017000 O
456 22 15.279000 0.893000 10.067000 C
457 22 14.029000 0.616000 10.903000 C
458 22 13.397000 1.755000 11.537000 N
459 22 13.970000 2.926000 11.968000 C
460 22 13.102000 3.744000 12.502000 N
461 22 11.890000 3.078000 12.437000 C
462 22 10.584000 3.434000 12.847000 C
463 22 10.217000 4.478000 13.394000 O
464 22 9.636000 2.447000 12.580000 N
465 22 9.922000 1.244000 11.981000 C
466 22 8.901000 0.399000 11.795000 N
467 22 11.143000 0.891000 11.600000 N
468 22 12.055000 1.842000 11.843000 C
469 23 15.567000 -1.609000 7.578000 P
470 23 16.620001 -2.648000 7.704000 O
471 23 15.888000 -0.325000 6.885000 O
472 23 14.310000 -2.248000 6.833000 O
473 23 13.543000 -3.308000 7.412000 C
474 23 12.079000 -3.038000 7.130000 C
475 23 11.627000 -1.950000 7.973000 O
476 23 11.785000 -2.633000 5.692000 C
477 23 10.843000 -3.503000 5.061000 O
478 23 11.228000 -1.236000 5.772000 C
479 23 10.788000 -1.100000 7.211000 C
480 23 10.959000 0.266000 7.730000 N
481 23 9.881000 1.010000 8.198000 C
482 23 8.752000 0.495000 8.232000 O
483 23 10.085000 2.279000 8.642000 N
484 23 11.306000 2.801000 8.576000 C
485 23 11.492000 4.045000 9.033000 N
486 23 12.430000 2.078000 8.073000 C
487 23 12.210000 0.828000 7.659000 C
488 24 10.626000 -3.352000 3.469000 P
489 24 10.438000 -4.706000 2.886000 O
490 24 11.611000 -2.417000 2.872000 O
491 24 9.223000 -2.586000 3.351000 O
