1323 2996
0 2
0 3
0 4
0 5
1 3
1 5
1 8
2 4
2 5
2 9
2 10
2 11
3 8
3 9
3 10
4 6
4 7
4 8
5 7
8 10
8 11
8 12
8 13
9 11
9 13
9 14
9 15
10 12
10 14
10 16
11 12
11 15
11 16
11 394
13 14
15 17
15 18
15 19
15 20
16 18
16 20
16 24
17 19
17 25
18 24
18 25
19 21
19 22
19 24
20 22
20 23
22 23
24 26
24 27
24 28
24 29
24 397
25 27
25 29
25 36
26 28
26 37
26 38
27 28
27 36
27 37
27 51
27 410
28 30
28 31
29 32
29 33
29 34
30 31
30 33
30 34
31 32
31 34
32 33
32 35
33 35
35 380
36 38
36 39
36 40
37 39
37 41
37 45
38 40
38 46
39 40
39 45
39 46
39 587
40 42
41 43
42 44
44 48
44 413
45 47
45 48
45 49
45 51
45 413
46 48
46 50
46 53
47 49
47 54
48 49
48 53
48 54
48 426
49 51
49 52
51 52
53 55
53 56
53 57
53 58
53 599
54 56
54 58
54 59
54 60
55 57
55 59
55 61
56 60
56 61
56 611
58 59
60 62
60 63
60 64
60 66
60 429
61 63
61 65
61 66
61 67
62 64
62 65
62 68
63 64
63 67
63 68
63 447
65 66
67 69
67 70
67 71
67 614
68 70
68 72
68 73
68 74
69 71
69 72
69 75
70 74
70 75
70 614
70 625
72 73
74 76
74 77
75 77
75 78
76 79
77 78
77 79
77 109
78 80
78 81
78 82
79 81
79 83
80 82
80 84
80 85
81 83
81 84
81 85
81 97
82 83
83 85
83 86
84 86
84 87
85 88
86 87
86 88
87 89
87 91
88 90
88 91
89 92
90 91
90 92
90 928
91 93
91 95
91 96
91 97
91 98
92 94
92 96
92 97
92 98
93 95
93 97
93 99
94 95
94 98
94 99
94 919
96 97
98 100
98 102
99 101
99 102
100 103
100 104
101 102
101 103
101 104
101 122
102 104
102 106
102 107
102 111
103 105
103 107
103 111
104 106
104 112
104 113
105 106
105 111
105 112
105 113
105 130
105 135
106 108
107 109
107 110
108 110
110 445
111 113
111 115
111 116
111 117
112 114
112 116
112 117
113 115
113 118
113 119
113 122
114 115
114 117
114 118
114 137
114 142
115 117
116 440
116 441
117 119
117 121
117 122
118 120
118 122
119 121
119 123
119 124
120 121
120 122
120 123
120 1149
122 124
122 126
122 130
123 125
123 127
123 128
123 130
124 126
124 131
124 132
125 130
125 131
125 132
125 154
126 128
126 129
126 130
128 129
130 132
130 134
130 135
130 137
131 133
131 135
131 136
131 137
132 134
132 136
132 138
132 139
133 137
133 138
133 139
133 162
135 136
137 139
137 141
137 142
137 145
138 140
138 142
138 143
138 145
139 141
139 143
139 146
139 147
140 143
140 145
140 146
140 147
140 170
140 179
141 144
142 143
143 144
145 147
145 149
145 154
146 148
146 150
146 151
146 152
146 154
147 149
147 155
147 156
148 154
148 155
148 156
148 179
148 1176
149 151
149 152
149 154
150 152
150 153
152 153
153 1148
154 156
154 158
154 162
155 157
155 159
155 161
155 162
156 158
156 163
157 162
157 163
158 160
158 161
158 162
160 161
162 164
162 166
162 167
162 170
163 165
163 167
163 168
163 170
164 166
164 168
164 171
165 168
165 170
165 171
166 169
167 168
168 169
170 172
170 174
170 175
170 179
171 173
171 175
171 179
172 174
172 180
172 181
173 174
173 179
173 180
173 181
173 182
174 176
174 177
175 177
175 178
177 178
179 181
179 183
179 187
180 182
180 184
180 186
180 187
181 183
181 184
181 186
181 188
181 191
182 183
182 184
182 185
182 186
182 187
182 188
182 191
183 185
183 186
185 186
187 189
187 190
187 191
188 190
188 192
188 197
189 191
189 192
189 198
189 199
190 197
190 198
191 193
191 194
191 197
192 195
192 196
193 194
193 196
194 195
197 199
197 200
197 201
198 200
198 202
198 203
198 208
199 201
199 202
199 209
200 201
200 208
200 209
201 203
201 204
202 205
202 206
202 207
203 204
203 206
203 207
203 1148
204 205
204 207
205 206
206 221
208 210
208 211
208 212
208 214
209 211
209 213
209 214
209 215
210 212
210 213
210 216
211 212
211 215
211 216
213 214
215 217
215 219
215 223
216 218
216 220
216 221
216 223
217 219
217 224
218 219
218 223
218 224
219 221
219 222
221 222
223 225
223 226
223 227
224 226
224 228
224 232
225 227
225 233
225 234
226 232
226 233
227 229
227 230
228 230
228 231
230 231
232 234
232 235
232 236
233 235
233 237
233 244
234 236
234 237
234 245
234 248
235 236
235 244
235 245
236 238
236 239
237 240
237 241
237 242
238 239
238 241
238 242
239 240
239 242
240 241
240 243
241 243
244 246
244 248
245 247
245 249
245 250
245 252
245 258
246 248
246 249
246 253
246 254
246 258
247 248
247 249
247 252
247 253
247 254
248 250
248 251
250 251
252 254
252 255
252 256
252 257
253 255
253 257
253 258
253 259
254 256
254 260
255 256
255 259
255 260
256 258
259 261
259 262
259 263
259 264
260 262
260 264
260 265
260 266
261 263
261 265
261 267
261 268
262 263
262 266
262 267
262 453
264 265
265 290
266 268
266 269
266 270
266 271
266 274
267 269
267 271
267 272
267 274
268 270
268 272
268 275
268 278
269 274
269 275
270 273
270 274
271 272
272 273
274 276
274 277
274 278
275 277
275 279
275 283
276 278
276 284
277 278
277 283
277 284
278 280
278 281
279 281
279 282
279 497
281 282
282 497
283 285
283 286
283 287
283 288
283 437
284 286
284 288
284 289
284 291
285 287
285 292
286 287
286 291
286 292
286 434
286 438
287 289
287 290
289 290
291 293
291 294
291 295
292 294
292 296
292 297
293 295
293 296
293 298
294 295
294 297
294 298
297 299
297 300
297 301
297 302
297 303
297 421
298 300
298 302
298 309
299 301
299 310
300 301
300 309
300 310
300 405
300 418
301 303
301 304
302 305
302 306
302 307
303 304
303 306
303 307
304 305
304 307
305 306
305 308
306 308
309 311
309 312
309 313
309 314
310 312
310 314
310 320
310 405
311 313
311 321
312 313
312 320
312 321
313 315
313 316
314 316
315 317
315 318
316 318
316 319
318 319
320 322
320 323
320 324
320 405
321 323
321 325
321 329
322 324
322 325
322 330
322 331
323 324
323 329
323 330
323 331
323 402
324 326
325 327
326 328
329 331
329 332
329 333
329 334
330 332
330 334
330 338
331 333
331 339
331 342
332 333
332 338
332 339
333 335
334 336
334 337
336 337
338 340
338 341
338 342
338 343
338 391
339 341
339 343
339 344
339 345
340 342
340 343
340 346
341 345
341 346
341 388
342 345
343 344
345 347
345 348
345 349
345 351
346 348
346 350
346 351
346 352
347 349
347 350
347 353
348 349
348 352
348 353
350 351
352 354
352 355
352 356
352 357
352 375
353 355
353 357
353 358
353 360
354 356
354 358
354 361
354 362
354 364
355 356
355 360
355 361
355 362
355 364
356 359
357 358
358 359
360 362
360 364
360 365
360 366
360 368
361 363
361 365
361 366
361 368
362 364
362 369
363 364
363 368
363 369
364 366
364 367
366 367
367 1273
367 1302
368 370
368 372
369 371
369 372
370 373
371 372
371 373
372 374
372 375
372 376
373 375
373 377
373 381
374 376
374 377
374 382
374 383
375 376
375 377
375 381
375 382
376 378
376 379
377 379
377 380
377 1301
379 380
380 1301
381 383
381 384
381 385
381 387
382 384
382 386
382 387
382 388
383 385
383 386
383 389
383 392
384 386
384 388
384 389
384 392
386 387
388 390
388 391
388 392
388 393
389 391
389 393
389 394
390 392
390 395
391 394
391 395
394 396
394 397
394 398
395 397
395 399
395 402
396 398
396 399
396 403
396 404
397 398
397 402
397 403
398 400
398 401
400 401
402 404
402 405
402 406
403 405
403 407
403 408
403 410
404 406
404 411
405 406
405 410
405 411
406 408
406 409
408 409
410 412
410 413
410 414
410 418
411 413
411 415
411 416
411 418
412 414
412 415
412 419
413 414
413 415
413 418
413 419
414 416
414 417
416 417
418 420
418 421
418 422
418 423
419 421
419 423
419 424
419 426
420 422
420 424
420 427
421 422
421 426
421 427
422 425
423 424
424 425
424 426
426 428
426 429
426 430
427 429
427 431
427 434
428 430
428 431
428 435
429 430
429 434
429 435
430 432
430 433
432 433
434 436
434 437
434 438
435 437
435 439
435 440
435 442
436 438
436 443
437 438
437 442
437 443
438 440
438 441
440 441
442 444
442 445
442 446
442 447
442 448
443 445
443 447
443 448
443 449
444 446
444 447
444 450
445 447
445 449
445 450
446 449
447 448
449 451
449 452
449 453
450 452
450 454
451 453
451 455
451 456
452 453
452 454
452 455
452 456
452 457
454 456
454 458
455 457
455 458
456 459
457 458
457 459
457 760
458 460
458 462
458 468
459 461
459 463
459 468
460 462
460 469
460 470
460 471
460 472
461 468
461 469
461 470
461 471
462 464
462 465
462 468
463 466
463 467
464 465
464 467
465 466
468 470
468 471
468 472
469 471
469 473
469 477
470 472
470 478
470 479
470 486
471 477
471 478
471 479
471 480
472 474
472 475
472 477
473 475
473 476
474 477
475 476
475 486
475 492
476 477
477 479
477 481
477 486
478 480
478 482
478 486
479 481
479 487
479 488
480 486
480 487
480 488
480 498
481 483
481 484
481 486
482 484
482 485
484 485
486 488
486 490
487 489
487 491
487 492
487 498
488 490
488 499
489 490
489 498
489 499
489 527
490 492
490 493
491 494
491 495
491 496
492 493
492 495
492 496
493 494
493 496
494 495
494 497
495 497
498 500
498 501
498 502
498 503
499 501
499 503
499 504
500 502
500 505
500 506
500 509
501 504
501 505
501 506
501 509
501 517
502 504
504 506
504 508
504 509
505 507
505 509
506 508
506 510
506 511
506 517
507 508
507 509
507 510
507 528
507 532
509 511
509 513
509 517
510 512
510 514
510 517
511 513
511 518
512 513
512 517
512 518
513 515
513 516
514 516
517 519
517 521
517 522
517 528
518 520
518 522
518 528
519 521
519 529
519 530
519 536
520 521
520 528
520 529
520 530
520 536
520 545
521 523
522 524
523 525
523 526
524 526
524 527
526 527
528 530
528 532
528 536
529 531
529 533
529 534
529 536
530 532
530 537
530 538
531 536
531 537
531 538
531 565
532 534
532 535
532 536
534 535
534 789
534 817
535 816
536 538
536 540
536 545
537 539
537 541
537 545
538 540
538 541
538 546
538 547
539 545
539 546
539 547
540 542
540 543
541 543
541 544
543 544
545 547
545 549
545 550
545 557
546 548
546 550
546 557
547 549
547 550
547 558
547 559
547 565
548 549
548 557
548 558
548 559
548 565
548 583
549 551
549 552
550 553
550 554
550 555
551 552
551 554
551 555
551 557
552 553
552 555
553 554
553 556
554 556
557 559
557 561
557 562
557 565
558 560
558 562
558 565
559 561
559 566
560 561
560 565
560 566
561 563
562 564
565 567
565 569
565 576
566 568
566 570
566 576
567 569
567 570
567 577
568 576
568 577
569 571
569 576
570 572
571 573
571 574
572 574
572 575
574 575
576 578
576 580
576 581
576 582
576 583
577 579
577 581
577 582
577 583
578 580
578 581
578 584
578 585
579 580
579 583
579 584
580 583
581 582
581 583
583 585
583 586
584 586
584 587
585 588
586 587
586 588
586 833
587 589
587 591
587 592
587 596
588 590
588 592
588 596
589 591
589 597
590 596
590 597
591 593
591 594
591 596
592 594
592 595
594 595
596 598
596 599
597 599
597 600
598 601
599 600
599 601
600 602
600 603
600 604
600 605
600 606
600 874
601 603
601 605
601 611
602 604
602 612
603 604
603 611
603 612
604 606
604 607
605 608
605 609
605 610
606 607
606 609
606 610
607 608
607 610
608 609
611 613
611 614
611 615
612 614
612 616
612 618
612 619
613 615
613 620
614 615
614 619
614 620
615 617
615 618
617 618
619 621
619 622
619 623
619 624
619 889
620 622
620 624
620 625
621 623
621 626
622 623
622 625
622 626
622 901
625 627
625 628
625 629
625 631
626 628
626 630
626 631
626 632
627 629
627 630
627 633
628 632
628 633
630 631
632 634
632 635
632 636
632 637
632 904
633 635
633 637
633 643
634 636
634 637
634 644
635 643
635 644
635 904
635 912
636 638
636 639
636 643
637 640
637 641
637 642
638 639
638 641
638 642
639 640
639 642
640 641
643 645
643 646
643 647
643 693
644 646
644 648
645 647
645 649
645 656
646 647
646 648
646 649
646 650
646 656
648 650
648 652
648 653
648 654
648 656
648 915
649 651
649 653
649 654
649 656
650 652
650 655
650 657
651 652
651 656
651 657
651 964
651 971
652 655
653 654
656 658
656 660
656 661
656 662
656 664
657 659
657 661
657 662
657 664
658 660
658 661
658 662
658 665
659 660
659 661
659 664
659 665
660 662
660 663
662 663
664 666
664 667
664 668
664 672
665 667
665 669
665 671
665 672
666 668
666 669
666 671
666 673
666 674
667 668
667 672
667 673
667 674
667 688
667 693
668 670
668 671
670 671
672 674
672 676
672 677
672 679
673 675
673 677
673 678
673 679
674 676
674 678
674 680
674 681
675 679
675 680
675 681
675 688
675 694
677 678
677 976
679 681
679 683
679 684
679 688
680 682
680 684
680 688
681 683
681 684
681 689
681 690
681 694
682 683
682 688
682 689
682 690
682 705
682 714
683 685
684 686
685 687
688 690
688 692
688 694
689 691
689 693
689 694
690 692
690 693
690 695
690 696
691 692
691 694
691 695
694 696
694 698
694 705
695 697
695 699
695 700
695 705
696 698
696 699
696 706
697 698
697 699
697 705
697 706
697 727
698 700
698 701
698 705
699 702
699 703
699 704
700 701
700 703
700 704
701 702
701 704
702 703
703 1018
705 707
705 709
705 710
705 714
706 708
706 710
706 714
707 709
707 715
707 716
707 722
708 709
708 714
708 715
708 716
708 722
709 711
709 712
709 714
710 712
710 713
712 713
714 716
714 718
714 719
714 720
714 722
715 717
715 719
715 720
715 722
716 718
716 723
716 724
717 718
717 722
717 723
717 724
717 740
718 720
718 721
720 721
722 724
722 726
722 727
722 730
723 725
723 727
723 728
723 729
723 730
724 726
724 728
724 731
724 732
724 740
725 728
725 730
725 731
725 732
725 761
726 729
727 728
728 729
730 732
730 734
730 740
731 733
731 735
731 736
731 740
732 734
732 741
732 742
733 734
733 740
733 741
733 742
734 736
734 737
735 738
735 739
736 737
736 739
736 1083
737 738
740 742
740 744
740 749
741 743
741 745
741 746
741 749
742 744
742 750
742 751
743 744
743 749
743 750
744 746
744 747
744 749
745 747
745 748
747 748
749 751
749 753
749 754
749 755
749 761
750 752
750 754
750 761
751 753
751 762
751 763
752 761
752 762
752 763
752 772
752 790
752 795
753 755
753 756
753 761
754 757
754 758
754 759
755 756
755 758
755 759
756 757
756 759
757 758
757 760
758 760
761 763
761 765
761 772
762 764
762 766
762 772
763 765
763 766
763 773
764 766
764 772
764 773
764 798
765 767
765 772
766 768
766 769
767 769
767 770
768 770
768 771
770 771
771 851
772 774
772 776
772 777
772 781
773 775
773 777
773 778
773 781
774 776
774 782
774 783
775 776
775 781
775 782
775 783
775 807
775 811
776 778
776 779
776 781
777 779
777 780
779 780
780 806
781 783
781 785
781 790
782 784
782 786
782 790
783 785
783 786
783 791
783 792
784 790
784 791
784 792
784 818
784 823
785 787
785 788
785 790
786 788
786 789
788 789
790 792
790 794
790 795
790 798
791 793
791 795
791 796
791 798
792 794
792 796
792 799
792 800
793 798
793 799
793 800
793 825
793 829
793 830
794 797
795 796
796 797
798 800
798 802
798 803
798 807
799 801
799 803
799 807
800 802
800 808
800 809
801 807
801 808
801 809
801 810
801 834
802 804
802 807
802 845
803 805
803 845
804 806
807 809
807 811
807 818
808 810
808 812
808 818
809 811
809 819
809 820
809 825
810 818
810 819
810 820
810 825
810 834
811 813
811 818
812 814
813 815
813 816
814 816
814 817
816 817
818 820
818 822
818 823
818 825
819 821
819 823
819 824
819 825
820 822
820 824
820 826
821 822
821 825
821 826
823 824
825 827
825 829
825 830
825 834
826 828
826 830
826 834
827 829
827 835
827 836
827 838
827 842
828 829
828 834
828 835
828 836
828 838
829 831
829 832
830 832
831 833
834 836
834 838
834 842
835 837
835 839
835 840
835 842
836 838
836 843
837 838
837 842
837 843
838 840
838 841
840 841
842 844
842 845
842 846
843 845
843 847
843 848
844 846
844 849
845 848
845 849
846 848
847 859
848 850
848 852
848 853
848 856
849 851
849 853
849 854
849 856
850 852
850 857
851 856
851 857
852 854
852 855
854 855
856 858
856 859
856 860
857 859
857 861
857 862
857 864
858 860
858 865
859 860
859 864
859 865
859 1321
860 862
860 863
862 863
862 1319
864 866
864 867
864 868
864 869
865 867
865 869
865 870
865 871
865 877
866 868
866 870
866 872
866 873
866 877
867 871
867 872
867 873
867 874
867 878
869 870
871 873
871 874
871 875
871 876
872 874
872 876
872 877
872 878
873 875
873 879
873 882
874 875
874 878
874 879
875 877
878 880
878 881
878 882
879 881
879 883
879 886
880 882
880 887
880 890
881 886
881 887
882 884
882 885
882 886
883 885
886 888
886 889
886 890
886 891
887 889
887 891
887 892
887 893
888 890
888 892
888 894
888 895
889 893
889 894
891 892
893 895
893 896
893 897
893 1099
894 896
894 898
894 901
895 897
895 902
896 897
896 901
896 902
896 1115
897 899
897 900
899 900
901 903
901 904
901 905
901 907
902 904
902 906
902 907
902 908
902 1118
903 905
903 906
903 909
904 905
904 908
904 909
906 907
908 910
908 911
908 1118
909 911
909 912
910 913
911 912
911 913
911 1124
911 1132
912 914
912 915
912 916
913 915
913 917
913 918
913 920
914 916
914 917
914 921
914 924
915 920
915 921
915 924
916 918
916 919
916 920
917 920
918 919
918 920
918 1137
920 922
920 924
920 925
920 929
920 1135
921 923
921 925
921 929
922 924
922 930
922 935
923 924
923 929
923 930
923 935
924 926
925 927
926 928
929 931
929 933
929 934
929 935
929 1135
930 932
930 934
930 935
931 933
931 936
932 933
932 935
932 936
934 1135
934 1184
935 937
935 939
935 940
935 941
935 943
936 938
936 940
936 941
936 943
937 939
937 940
937 944
938 939
938 943
938 944
939 941
939 942
941 942
941 1144
943 945
943 946
943 947
943 948
944 946
944 948
944 951
945 947
945 952
946 947
946 951
946 952
947 949
947 950
949 950
951 953
951 955
951 956
952 954
952 956
953 955
953 957
954 955
954 956
954 957
956 958
956 959
956 960
957 959
957 960
958 961
959 960
959 961
960 962
960 963
960 964
960 965
961 963
961 965
961 971
962 964
962 965
962 972
963 971
963 972
964 966
964 967
964 971
965 967
966 968
966 969
967 969
967 970
969 970
969 981
969 999
970 1130
971 973
971 975
971 976
971 977
971 978
972 974
972 976
972 977
972 978
973 975
973 976
973 979
974 978
974 979
976 977
978 980
978 981
978 982
978 984
979 981
979 983
979 984
979 985
980 982
980 983
980 986
980 987
981 982
981 985
981 986
981 987
983 984
985 987
985 988
985 989
985 990
985 1019
986 988
986 990
986 991
986 994
987 989
987 995
987 996
988 994
988 995
988 996
988 1016
989 991
989 992
990 992
990 993
992 993
994 996
994 998
994 999
994 1000
995 997
995 999
995 1000
996 998
996 1001
996 1002
997 998
997 1000
997 1001
997 1002
997 1020
997 1025
998 1000
999 1131
1000 1002
1000 1004
1000 1011
1001 1003
1001 1005
1001 1011
1002 1004
1002 1005
1002 1012
1003 1011
1003 1012
1003 1013
1003 1034
1004 1006
1004 1007
1004 1011
1005 1007
1006 1008
1006 1009
1007 1009
1007 1010
1009 1010
1011 1013
1011 1015
1011 1016
1011 1020
1012 1014
1012 1016
1012 1020
1013 1015
1013 1016
1013 1021
1013 1022
1014 1020
1014 1021
1014 1022
1014 1042
1015 1017
1015 1018
1016 1018
1016 1019
1018 1019
1020 1022
1020 1024
1020 1025
1021 1023
1021 1025
1022 1024
1022 1026
1022 1027
1023 1025
1023 1026
1023 1050
1024 1025
1025 1027
1025 1029
1025 1034
1026 1028
1026 1030
1026 1031
1026 1034
1027 1029
1027 1030
1027 1035
1027 1036
1028 1029
1028 1034
1028 1035
1028 1036
1028 1055
1029 1031
1029 1032
1029 1034
1030 1032
1030 1033
1032 1033
1034 1036
1034 1038
1034 1039
1034 1042
1035 1037
1035 1039
1035 1040
1035 1042
1036 1038
1036 1043
1036 1044
1037 1042
1037 1043
1037 1044
1037 1045
1037 1055
1037 1066
1038 1040
1038 1041
1038 1042
1040 1041
1042 1044
1042 1046
1042 1050
1043 1045
1043 1047
1043 1048
1043 1050
1044 1046
1044 1051
1044 1052
1045 1050
1045 1051
1045 1052
1045 1066
1045 1072
1046 1048
1046 1049
1046 1050
1048 1049
1050 1052
1050 1054
1050 1055
1051 1053
1051 1055
1052 1054
1052 1056
1052 1057
1053 1054
1053 1055
1053 1056
1053 1075
1053 1088
1053 1091
1055 1057
1055 1059
1055 1066
1056 1058
1056 1060
1056 1066
1057 1059
1057 1067
1057 1068
1057 1075
1058 1066
1058 1067
1058 1068
1058 1069
1058 1075
1059 1061
1060 1062
1061 1063
1061 1064
1062 1064
1062 1065
1064 1065
1066 1068
1066 1070
1066 1072
1067 1069
1067 1071
1067 1072
1068 1070
1068 1071
1068 1073
1068 1074
1068 1075
1069 1072
1069 1073
1069 1074
1070 1072
1072 1074
1072 1075
1072 1076
1072 1077
1073 1075
1073 1077
1073 1084
1074 1076
1074 1085
1075 1076
1075 1084
1075 1085
1075 1088
1076 1078
1076 1079
1077 1080
1077 1081
1077 1082
1078 1079
1078 1081
1078 1082
1079 1080
1079 1082
1080 1081
1080 1083
1081 1083
1084 1086
1084 1088
1085 1087
1085 1088
1086 1089
1087 1088
1087 1089
1088 1090
1088 1091
1088 1092
1089 1091
1089 1093
1089 1094
1089 1096
1089 1102
1090 1092
1090 1094
1090 1097
1090 1098
1090 1102
1091 1096
1091 1097
1091 1098
1092 1095
1093 1094
1096 1098
1096 1099
1096 1100
1096 1101
1097 1099
1097 1101
1097 1102
1097 1103
1098 1100
1098 1104
1099 1100
1099 1103
1099 1104
1100 1102
1103 1105
1103 1106
1103 1107
1104 1106
1104 1108
1104 1109
1104 1115
1105 1107
1105 1108
1105 1116
1106 1107
1106 1115
1106 1116
1107 1109
1107 1110
1108 1111
1108 1112
1108 1113
1109 1110
1109 1112
1109 1113
1110 1111
1110 1113
1111 1112
1111 1114
1112 1114
1114 1131
1115 1117
1115 1118
1115 1119
1115 1121
1116 1118
1116 1120
1116 1121
1116 1123
1117 1119
1117 1120
1117 1121
1117 1124
1118 1121
1118 1123
1118 1124
1119 1122
1120 1121
1123 1125
1123 1126
1123 1127
1123 1128
1124 1126
1124 1128
1124 1132
1125 1127
1125 1133
1126 1127
1126 1132
1126 1133
1127 1129
1127 1130
1128 1130
1128 1131
1130 1131
1132 1134
1132 1135
1132 1136
1132 1137
1132 1138
1133 1135
1133 1137
1133 1138
1133 1139
1133 1180
1134 1136
1134 1137
1134 1140
1135 1139
1135 1140
1136 1139
1137 1138
1139 1141
1139 1142
1139 1143
1139 1180
1140 1142
1140 1144
1140 1145
1141 1143
1141 1144
1141 1146
1141 1147
1142 1143
1142 1145
1142 1146
1142 1166
1142 1167
1142 1168
1142 1177
1144 1159
1145 1147
1145 1149
1145 1150
1146 1148
1146 1150
1147 1149
1147 1151
1147 1152
1148 1149
1148 1150
1148 1151
1148 1152
1150 1152
1150 1154
1150 1159
1151 1153
1151 1155
1151 1159
1152 1154
1152 1155
1152 1160
1153 1159
1153 1160
1154 1156
1154 1159
1155 1157
1156 1158
1159 1161
1159 1163
1159 1164
1159 1166
1160 1162
1160 1164
1160 1165
1160 1166
1161 1163
1161 1165
1161 1167
1161 1168
1161 1170
1161 1177
1162 1165
1162 1166
1162 1167
1162 1168
1162 1170
1164 1165
1166 1168
1166 1170
1166 1177
1167 1169
1167 1171
1167 1177
1168 1170
1168 1178
1168 1179
1169 1170
1169 1171
1169 1177
1169 1178
1169 1179
1169 1186
1170 1172
1171 1173
1172 1174
1172 1175
1173 1175
1173 1176
1175 1176
1175 1205
1177 1179
1177 1180
1177 1181
1178 1180
1178 1182
1178 1186
1179 1181
1179 1182
1179 1187
1180 1181
1180 1186
1180 1187
1180 1188
1181 1183
1181 1184
1182 1184
1182 1185
1184 1185
1186 1188
1186 1190
1187 1189
1187 1190
1188 1191
1188 1192
1189 1190
1189 1191
1189 1192
1189 1214
1190 1192
1190 1194
1190 1195
1190 1197
1191 1193
1191 1195
1191 1196
1191 1197
1192 1194
1192 1196
1192 1198
1192 1199
1193 1197
1193 1198
1193 1199
1193 1214
1193 1219
1193 1226
1195 1196
1196 1197
1197 1199
1197 1201
1197 1202
1197 1206
1198 1200
1198 1202
1198 1206
1199 1201
1199 1207
1199 1208
1200 1206
1200 1207
1200 1208
1200 1230
1200 1234
1200 1235
1201 1203
1201 1204
1201 1206
1202 1204
1202 1205
1204 1205
1206 1208
1206 1210
1206 1214
1207 1209
1207 1211
1207 1212
1207 1213
1207 1214
1208 1210
1208 1215
1208 1216
1209 1210
1209 1214
1209 1215
1209 1216
1209 1242
1209 1247
1210 1212
1210 1213
1210 1214
1212 1213
1214 1216
1214 1218
1214 1219
1215 1217
1215 1219
1216 1218
1216 1220
1216 1221
1217 1219
1217 1220
1217 1221
1218 1219
1219 1221
1219 1223
1219 1224
1219 1230
1220 1222
1220 1224
1220 1230
1221 1223
1221 1231
1221 1232
1222 1230
1222 1231
1222 1232
1222 1257
1223 1225
1223 1226
1223 1230
1224 1227
1224 1228
1224 1229
1225 1226
1225 1228
1225 1229
1226 1227
1226 1229
1227 1228
1230 1232
1230 1234
1230 1235
1230 1236
1230 1242
1231 1233
1231 1235
1231 1236
1231 1242
1232 1234
1232 1243
1232 1244
1232 1249
1233 1242
1233 1243
1233 1244
1233 1257
1233 1264
1234 1236
1234 1237
1235 1238
1235 1239
1235 1240
1236 1237
1236 1239
1236 1240
1237 1238
1237 1240
1238 1239
1238 1241
1239 1241
1242 1244
1242 1246
1242 1247
1242 1249
1243 1245
1243 1247
1243 1248
1243 1249
1244 1246
1244 1248
1244 1250
1244 1251
1245 1246
1245 1248
1245 1249
1245 1250
1245 1251
1245 1275
1246 1249
1247 1248
1249 1251
1249 1253
1249 1257
1250 1252
1250 1254
1250 1255
1250 1257
1251 1253
1251 1254
1251 1258
1251 1259
1252 1257
1252 1258
1252 1259
1252 1275
1252 1284
1253 1255
1253 1256
1253 1257
1255 1256
1257 1259
1257 1261
1257 1263
1257 1264
1258 1260
1258 1262
1258 1263
1258 1264
1259 1261
1259 1262
1259 1265
1259 1266
1260 1264
1260 1265
1260 1266
1260 1284
1260 1292
1261 1264
1262 1263
1264 1266
1264 1268
1264 1269
1264 1275
1265 1267
1265 1269
1265 1275
1266 1268
1266 1276
1266 1277
1267 1275
1267 1276
1267 1277
1267 1303
1267 1308
1268 1270
1268 1271
1269 1271
1270 1272
1270 1273
1271 1273
1271 1274
1273 1274
1275 1277
1275 1279
1275 1284
1276 1278
1276 1280
1276 1281
1276 1283
1276 1284
1277 1279
1277 1285
1277 1286
1278 1279
1278 1284
1278 1285
1278 1286
1279 1281
1279 1282
1279 1283
1279 1284
1280 1282
1280 1283
1282 1283
1284 1286
1284 1288
1284 1289
1284 1292
1285 1287
1285 1289
1285 1290
1285 1292
1286 1288
1286 1290
1286 1293
1286 1294
1286 1303
1287 1292
1287 1293
1287 1294
1288 1291
1289 1290
1292 1294
1292 1296
1292 1297
1292 1303
1293 1295
1293 1297
1293 1303
1294 1296
1294 1304
1295 1303
1295 1304
1296 1298
1296 1303
1297 1299
1298 1300
1298 1301
1299 1301
1299 1302
1301 1302
1303 1305
1303 1307
1303 1308
1303 1312
1304 1306
1304 1308
1304 1312
1305 1307
1305 1313
1305 1314
1306 1307
1306 1312
1306 1313
1306 1314
1307 1309
1307 1311
1308 1310
1308 1311
1310 1311
1312 1314
1312 1315
1312 1316
1313 1315
1313 1317
1313 1322
1314 1316
1314 1317
1315 1316
1315 1322
1316 1318
1316 1319
1317 1320
1317 1321
1318 1319
1318 1321
1319 1320
1 1 -6.889000 32.741001 -6.532000 N
2 1 -5.642000 32.000999 -6.601000 C
3 1 -5.625000 30.892000 -5.545000 C
4 1 -6.474000 30.832001 -4.629000 O
5 1 -4.441000 32.983002 -6.409000 C
6 1 -4.425000 33.727001 -5.084000 C
7 1 -3.119000 34.972000 -4.886000 S
8 1 -3.424000 36.000999 -6.304000 C
9 2 -4.649000 29.978001 -5.656000 N
10 2 -4.530000 28.976000 -4.613000 C
11 2 -4.153000 29.726999 -3.344000 C
12 2 -3.370000 30.672001 -3.371000 O
13 2 -3.427000 27.955999 -4.898000 C
14 2 -3.512000 27.546000 -6.262000 O
15 2 -3.576000 26.778999 -3.958000 C
16 3 -4.804000 29.374001 -2.250000 N
17 3 -4.429000 29.881001 -0.948000 C
18 3 -3.873000 28.628000 -0.304000 C
19 3 -4.224000 27.496000 -0.667000 O
20 3 -5.611000 30.364000 -0.093000 C
21 3 -6.762000 30.919001 -0.935000 C
22 3 -7.224000 32.313999 -0.564000 C
23 3 -7.403000 32.585999 0.631000 O
24 3 -7.417000 33.112000 -1.495000 O
25 4 -2.987000 28.867001 0.656000 N
26 4 -2.349000 27.792000 1.363000 C
27 4 -2.486000 28.181000 2.806000 C
28 4 -1.957000 29.197001 3.253000 O
29 4 -0.891000 27.702000 0.947000 C
30 4 -0.681000 27.047001 -0.405000 C
31 4 -0.821000 25.677999 -0.519000 C
32 4 -0.402000 27.849001 -1.490000 C
33 4 -0.704000 25.087999 -1.751000 C
34 4 -0.279000 27.268999 -2.729000 C
35 4 -0.439000 25.900000 -2.848000 C
36 4 -0.417000 25.344999 -4.108000 O
37 5 -3.246000 27.347000 3.515000 N
38 5 -3.565000 27.636000 4.866000 C
39 5 -2.520000 26.962999 5.717000 C
40 5 -2.533000 25.768000 5.953000 O
41 5 -5.010000 27.141001 5.122000 C
42 5 -6.039000 28.157000 5.681000 C
43 5 -6.250000 28.243000 7.240000 C
44 5 -5.109000 28.156000 8.364000 C
45 5 -4.125000 29.222000 8.333000 N
46 6 -1.578000 27.733000 6.228000 N
47 6 -0.519000 27.184000 7.046000 C
48 6 -0.772000 27.531000 8.527000 C
49 6 -1.294000 28.597000 8.854000 O
50 6 0.810000 27.782000 6.586000 C
51 6 1.519000 27.535999 5.251000 C
52 6 0.638000 27.587000 4.026000 C
53 6 2.548000 28.645000 5.154000 C
54 7 -0.493000 26.664000 9.482000 N
55 7 -0.522000 27.083000 10.858000 C
56 7 0.841000 26.625999 11.395000 C
57 7 1.340000 25.555000 11.037000 O
58 7 -1.827000 26.478001 11.612000 C
59 7 -2.770000 25.851000 10.632000 C
60 7 -1.460000 25.518999 12.666000 C
61 8 1.525000 27.556000 12.100000 N
62 8 2.867000 27.337999 12.723000 C
63 8 2.638000 26.968000 14.191000 C
64 8 2.001000 27.695999 14.972000 O
65 8 3.745000 28.606001 12.721000 C
66 8 5.174000 28.180000 12.705000 C
67 8 3.559000 29.464001 11.466000 C
68 9 3.178000 25.829000 14.606000 N
69 9 2.821000 25.271999 15.892000 C
70 9 4.110000 24.832001 16.563000 C
71 9 5.151000 24.715000 15.890000 O
72 9 1.762000 24.171000 15.496000 C
73 9 2.102000 22.770000 15.908000 C
74 9 0.480000 24.566000 16.156000 C
75 10 4.026000 24.643000 17.886000 N
76 10 5.170000 24.285000 18.677000 C
77 10 5.133000 24.973000 20.042999 C
78 10 4.268000 25.818001 20.260000 O
79 11 6.094000 24.684000 20.943001 N
80 11 6.176000 25.281000 22.278999 C
81 11 6.459000 26.768000 22.455000 C
82 11 6.971000 27.431000 21.559000 O
83 11 7.215000 24.506001 23.080999 C
84 12 6.116000 27.347000 23.607000 N
85 12 6.404000 28.740000 23.903999 C
86 12 7.903000 29.129999 23.816999 C
87 12 8.805000 28.472000 24.358999 O
88 13 8.164000 30.247999 23.127001 N
89 13 9.509000 30.801001 22.924999 C
90 13 10.367000 30.101999 21.867001 C
91 13 11.563000 30.444000 21.806000 O
92 14 9.846000 29.156000 21.014000 N
93 14 10.713000 28.481001 20.023001 C
94 14 11.152000 29.292999 18.782000 C
95 14 12.147000 29.025999 18.096001 O
96 14 10.061000 27.141001 19.542999 C
97 14 10.060000 26.166000 20.695999 C
98 14 8.659000 27.337000 19.031000 C
99 15 10.436000 30.379999 18.547001 N
100 15 10.742000 31.289000 17.459999 C
101 15 9.704000 31.167000 16.391001 C
102 15 9.996000 31.523001 15.268000 O
103 16 8.486000 30.658001 16.584000 N
104 16 7.557000 30.636999 15.431000 C
105 16 7.149000 31.990999 14.890000 C
106 16 6.922000 32.132000 13.700000 O
107 16 6.258000 29.871000 15.724000 C
108 16 5.698000 29.848000 17.113001 C
109 16 5.595000 28.396000 17.542000 C
110 16 4.386000 28.238001 18.443001 C
111 16 4.360000 29.198999 19.513000 N
112 17 7.087000 33.008999 15.729000 N
113 17 6.739000 34.341000 15.306000 C
114 17 7.884000 35.005001 14.632000 C
115 17 7.623000 35.782001 13.741000 O
116 17 6.324000 35.230999 16.462999 C
117 17 4.997000 34.941002 16.903000 O
118 18 9.137000 34.766998 15.045000 N
119 18 10.313000 35.362999 14.396000 C
120 18 10.599000 34.675999 13.083000 C
121 18 11.374000 35.125999 12.250000 O
122 18 11.564000 35.237999 15.284000 C
123 19 9.966000 33.535999 12.907000 N
124 19 9.995000 32.786999 11.674000 C
125 19 9.027000 33.438999 10.721000 C
126 19 9.378000 33.712002 9.571000 O
127 19 9.543000 31.323000 11.897000 C
128 19 10.453000 30.125999 11.807000 C
129 19 11.933000 30.551001 11.852000 C
130 19 10.015000 29.158001 12.909000 C
131 20 7.781000 33.618000 11.216000 N
132 20 6.739000 34.213001 10.394000 C
133 20 7.070000 35.648998 10.079000 C
134 20 6.915000 36.029999 8.934000 O
135 20 5.397000 34.091000 11.110000 C
136 20 5.124000 32.692001 11.233000 O
137 20 4.251000 34.674999 10.314000 C
138 21 7.583000 36.470001 10.985000 N
139 21 8.037000 37.841000 10.668000 C
140 21 9.239000 37.926998 9.694000 C
141 21 9.286000 38.841000 8.867000 O
142 21 8.397000 38.562000 11.974000 C
143 21 7.227000 38.584999 12.974000 C
144 21 8.824000 39.966999 11.600000 C
145 21 5.928000 39.293999 12.606000 C
146 22 10.278000 37.075001 9.791000 N
147 22 11.308000 36.987000 8.770000 C
148 22 10.728000 36.792999 7.358000 C
149 22 11.099000 37.441002 6.371000 O
150 22 12.205000 35.830002 9.098000 C
151 22 13.403000 36.226002 9.891000 C
152 22 14.379000 37.238998 9.277000 C
153 22 14.186000 37.993999 8.323000 O
154 22 15.537000 37.299000 9.876000 N
155 23 9.794000 35.842999 7.233000 N
156 23 9.129000 35.584000 5.980000 C
157 23 8.299000 36.764999 5.453000 C
158 23 8.447000 37.187000 4.297000 O
159 23 8.300000 34.360001 6.231000 C
160 23 8.026000 33.318001 5.149000 C
161 23 6.752000 33.669998 4.428000 C
162 23 9.256000 33.173000 4.256000 C
163 24 7.425000 37.305000 6.311000 N
164 24 6.460000 38.359001 5.999000 C
165 24 6.949000 39.818001 5.917000 C
166 24 6.378000 40.648998 5.194000 O
167 24 5.353000 38.165001 7.061000 C
168 24 4.534000 36.938999 6.699000 C
169 24 4.516000 39.419998 7.214000 C
170 24 3.505000 37.161999 5.593000 C
171 25 7.967000 40.137001 6.729000 N
172 25 8.470000 41.493999 6.894000 C
173 25 9.974000 41.576000 6.984000 C
174 25 10.510000 42.616001 7.366000 O
175 25 7.946000 42.143002 8.166000 C
176 25 6.455000 42.303001 8.216000 C
177 25 5.939000 42.536999 9.628000 C
178 25 6.657000 42.952999 10.546000 O
179 25 4.636000 42.287998 9.762000 N
180 26 10.697000 40.518002 6.667000 N
181 26 12.153000 40.547001 6.633000 C
182 26 12.905000 41.339001 7.687000 C
183 26 13.556000 42.360001 7.443000 O
184 26 12.616000 41.032001 5.259000 C
185 26 14.131000 41.004002 5.125000 C
186 26 14.735000 41.877998 4.508000 O
187 26 14.829000 40.039001 5.708000 N
188 27 12.735000 40.863998 8.900000 N
189 27 13.603000 41.348999 9.935000 C
190 27 13.430000 40.528000 11.191000 C
191 27 12.372000 40.014000 11.528000 O
192 27 13.345000 42.834000 10.239000 C
193 27 12.122000 43.189999 11.064000 C
194 27 12.280000 43.484001 12.333000 N
195 27 10.824000 43.186001 10.630000 C
196 27 11.035000 43.669998 12.728000 C
197 27 10.189000 43.494999 11.727000 N
198 28 14.533000 40.410000 11.890000 N
199 28 14.550000 39.695000 13.137000 C
200 28 14.028000 40.536999 14.305000 C
201 28 14.454000 41.672001 14.572000 O
202 28 15.955000 39.248001 13.423000 C
203 28 16.021999 38.321999 14.609000 C
204 28 15.113000 37.291000 14.736000 C
205 28 17.034000 38.484001 15.525000 C
206 28 15.227000 36.424000 15.783000 C
207 28 17.127001 37.592999 16.576000 C
208 28 16.231001 36.563999 16.707001 C
209 29 13.046000 39.901001 14.968000 N
210 29 12.450000 40.416000 16.179001 C
211 29 13.164000 39.756001 17.368999 C
212 29 13.131000 38.529999 17.533001 O
213 29 10.908000 40.102001 16.096001 C
214 29 10.181000 40.467999 17.386000 C
215 29 10.304000 40.925999 14.955000 C
216 30 13.897000 40.544998 18.164000 N
217 30 14.471000 40.033001 19.419001 C
218 30 13.675000 40.554001 20.629000 C
219 30 14.187000 40.929001 21.681000 O
220 30 15.950000 40.466000 19.561001 C
221 30 17.006001 39.358002 19.468000 C
222 30 16.705000 38.167999 19.594999 O
223 30 18.166000 39.703999 19.247999 O
224 31 12.363000 40.587002 20.482000 N
225 31 11.475000 41.083000 21.507000 C
226 31 10.909000 39.951000 22.372000 C
227 31 10.879000 38.813000 21.909000 O
228 31 10.342000 41.812000 20.830999 C
229 31 10.049000 43.162998 21.433001 C
230 31 10.881000 44.325001 20.900000 C
231 31 10.817000 44.592999 19.698999 O
232 31 11.549000 44.992001 21.693001 O
233 32 10.516000 40.196999 23.632000 N
234 32 9.756000 39.241001 24.424000 C
235 32 8.334000 39.606998 24.003000 C
236 32 7.901000 40.693001 24.415001 O
237 32 9.885000 39.476002 25.969999 C
238 32 9.000000 38.544998 26.819000 C
239 32 9.479000 37.307999 27.197001 C
240 32 7.721000 38.916000 27.193001 C
241 32 8.696000 36.443001 27.933001 C
242 32 6.932000 38.057999 27.920000 C
243 32 7.431000 36.827000 28.290001 C
244 32 6.683000 35.966999 29.056999 O
245 33 7.561000 38.798000 23.237000 N
246 33 6.214000 39.206001 22.846001 C
247 33 5.192000 38.076000 22.600000 C
248 33 4.815000 37.786999 21.450001 O
249 33 6.447000 40.110001 21.622000 C
250 33 5.258000 40.868000 21.049999 C
251 33 4.250000 41.015999 21.747000 O
252 33 5.361000 41.304001 19.896999 O
253 34 4.664000 37.389999 23.639000 N
254 34 3.875000 36.165001 23.517000 C
255 34 2.602000 36.355000 22.759001 C
256 34 1.957000 37.397999 22.875999 O
257 34 3.628000 35.712002 24.908001 C
258 34 4.837000 36.278000 25.611000 C
259 34 4.908000 37.659000 25.052999 C
260 35 2.297000 35.320999 21.962999 N
261 35 1.183000 35.313000 21.010000 C
262 35 -0.042000 34.581001 21.504999 C
263 35 0.054000 33.584000 22.202000 O
264 35 1.652000 34.679001 19.707001 C
265 35 2.822000 35.432999 19.378000 O
266 35 0.655000 34.712002 18.568001 C
267 36 -1.191000 35.178001 21.261999 N
268 36 -2.468000 34.530998 21.514000 C
269 36 -2.765000 34.005001 20.108000 C
270 36 -2.881000 32.792000 19.990999 O
271 36 -3.524000 35.591999 22.018999 C
272 36 -3.100000 36.145000 23.372999 C
273 36 -4.906000 34.949001 22.145000 C
274 36 -3.810000 37.465000 23.732000 C
275 37 -2.825000 34.877998 19.066999 N
276 37 -2.973000 34.508999 17.680000 C
277 37 -2.741000 35.709000 16.778000 C
278 37 -3.292000 36.791000 17.010000 O
279 37 -4.370000 33.987999 17.341999 C
280 37 -4.530000 32.458000 17.089001 C
281 37 -5.937000 32.048000 16.627001 C
282 37 -6.805000 32.914001 16.520000 O
283 37 -6.184000 30.870001 16.351999 O
284 38 -1.938000 35.493999 15.725000 N
285 38 -1.687000 36.457001 14.671000 C
286 38 -1.817000 35.792000 13.317000 C
287 38 -1.363000 34.671001 13.093000 O
288 38 -0.317000 37.005001 14.797000 C
289 38 -0.209000 37.889000 16.025999 C
290 38 -0.678000 39.035999 16.014000 O
291 38 0.354000 37.424000 17.004000 O
292 39 -2.434000 36.490002 12.368000 N
293 39 -2.694000 35.953999 11.035000 C
294 39 -2.077000 36.827000 9.933000 C
295 39 -2.262000 38.053001 9.892000 O
296 39 -4.189000 35.853001 10.889000 C
297 39 -4.533000 35.165001 9.711000 O
298 40 -1.265000 36.187000 9.068000 N
299 40 -0.592000 36.895000 7.985000 C
300 40 -0.955000 36.299000 6.651000 C
301 40 -0.841000 35.109001 6.430000 O
302 40 0.918000 36.848000 8.132000 C
303 40 1.374000 37.411999 9.460000 C
304 40 1.362000 36.561001 10.545000 C
305 40 1.804000 38.720001 9.593000 C
306 40 1.769000 36.993999 11.784000 C
307 40 2.234000 39.154999 10.846000 C
308 40 2.209000 38.290001 11.934000 C
309 40 2.589000 38.675999 13.199000 O
310 41 -1.414000 37.171001 5.776000 N
311 41 -1.863000 36.811001 4.440000 C
312 41 -0.906000 37.466000 3.495000 C
313 41 -0.717000 38.679001 3.614000 O
314 41 -3.209000 37.363998 4.131000 C
315 41 -4.271000 36.835999 4.986000 C
316 41 -5.527000 37.578999 4.622000 C
317 41 -6.052000 37.462002 3.255000 N
318 41 -6.647000 36.380001 2.729000 C
319 41 -6.623000 35.198002 3.351000 N
320 41 -7.216000 36.480000 1.518000 N
321 42 -0.298000 36.743000 2.562000 N
322 42 0.643000 37.391998 1.658000 C
323 42 0.593000 36.771000 0.290000 C
324 42 0.773000 35.560001 0.150000 O
325 42 2.099000 37.291000 2.129000 C
326 42 2.935000 38.287998 1.337000 C
327 42 4.355000 38.335999 1.829000 C
328 42 5.194000 39.342999 1.040000 C
329 42 4.996000 40.735001 1.426000 N
330 43 0.319000 37.620998 -0.706000 N
331 43 0.338000 37.185001 -2.078000 C
332 43 1.798000 36.861000 -2.320000 C
333 43 2.659000 37.669998 -1.986000 O
334 43 -0.079000 38.279999 -3.068000 C
335 43 -1.514000 38.755001 -3.046000 C
336 43 -1.849000 39.667000 -4.215000 C
337 43 -1.790000 40.895000 -4.150000 O
338 43 -2.240000 39.051998 -5.324000 N
339 44 2.127000 35.702000 -2.887000 N
340 44 3.530000 35.354000 -3.095000 C
341 44 3.672000 34.583000 -4.383000 C
342 44 2.651000 34.278000 -4.987000 O
343 44 3.917000 34.566002 -1.829000 C
344 44 3.358000 33.161999 -1.901000 C
345 44 5.409000 34.653000 -1.644000 C
346 45 4.876000 34.262001 -4.848000 N
347 45 5.002000 33.354000 -5.986000 C
348 45 5.979000 32.284000 -5.577000 C
349 45 7.099000 32.577999 -5.170000 O
350 45 5.536000 34.000000 -7.331000 C
351 45 5.223000 33.021999 -8.493000 C
352 45 4.831000 35.313999 -7.674000 C
353 46 5.535000 31.018999 -5.663000 N
354 46 6.349000 29.870001 -5.327000 C
355 46 6.381000 28.959000 -6.541000 C
356 46 5.388000 28.320999 -6.899000 O
357 46 5.738000 29.160000 -4.130000 C
358 46 5.523000 30.134001 -2.982000 C
359 46 6.670000 28.048000 -3.731000 C
360 46 5.119000 29.606001 -1.583000 C
361 47 7.541000 28.857000 -7.187000 N
362 47 7.808000 28.016001 -8.357000 C
363 47 6.881000 28.306999 -9.510000 C
364 47 6.293000 27.441999 -10.178000 O
365 47 7.702000 26.514999 -8.037000 C
366 47 8.613000 26.066999 -6.921000 C
367 47 9.718000 26.575001 -6.848000 O
368 47 8.222000 25.237000 -6.103000 O
369 48 6.767000 29.601999 -9.727000 N
370 48 6.009000 30.063999 -10.866000 C
371 48 4.524000 30.167999 -10.632000 C
372 48 3.889000 30.837000 -11.452000 O
373 49 3.923000 29.531000 -9.615000 N
374 49 2.512000 29.795000 -9.338000 C
375 49 2.242000 30.832001 -8.256000 C
376 49 2.879000 30.839001 -7.184000 O
377 49 1.728000 28.552000 -8.913000 C
378 49 2.037000 27.790001 -7.642000 C
379 49 0.771000 27.243000 -6.967000 C
380 49 -0.228000 27.049000 -7.646000 O
381 49 0.756000 27.027000 -5.756000 O
382 50 1.257000 31.709000 -8.534000 N
383 50 1.005000 32.762001 -7.573000 C
384 50 -0.024000 32.237999 -6.620000 C
385 50 -0.934000 31.468000 -6.924000 O
386 50 0.571000 34.127998 -8.274000 C
387 50 -0.766000 34.410000 -7.929000 O
388 50 0.817000 34.113998 -9.763000 C
389 51 0.232000 32.617001 -5.399000 N
390 51 -0.602000 32.090000 -4.351000 C
391 51 -0.642000 32.983002 -3.105000 C
392 51 0.206000 33.859001 -2.958000 O
393 51 -0.085000 30.638000 -4.069000 C
394 51 1.701000 30.316000 -3.915000 S
395 52 -1.648000 32.917000 -2.245000 N
396 52 -1.624000 33.756001 -1.070000 C
397 52 -1.272000 32.848999 0.088000 C
398 52 -1.925000 31.823000 0.228000 O
399 52 -2.983000 34.403000 -0.829000 C
400 52 -3.223000 35.134998 0.499000 C
401 52 -3.722000 36.567001 0.267000 C
402 52 -4.223000 34.325001 1.297000 C
403 53 -0.241000 33.150002 0.894000 N
404 53 0.083000 32.356998 2.056000 C
405 53 -0.703000 32.921001 3.235000 C
406 53 -0.575000 34.091000 3.615000 O
407 53 1.541000 32.450001 2.373000 C
408 53 2.597000 31.502001 1.796000 C
409 53 2.089000 30.514000 0.731000 C
410 53 3.707000 32.455002 1.388000 C
411 54 -1.549000 32.075001 3.796000 N
412 54 -2.395000 32.487999 4.880000 C
413 54 -1.916000 31.698999 6.077000 C
414 54 -2.310000 30.556999 6.322000 O
415 54 -3.844000 32.155998 4.508000 C
416 54 -4.814000 32.396000 5.652000 C
417 54 -4.647000 33.367001 6.381000 O
418 54 -5.748000 31.614000 5.801000 O
419 55 -1.047000 32.355999 6.818000 N
420 55 -0.335000 31.798000 7.945000 C
421 55 -1.018000 32.179001 9.202000 C
422 55 -1.355000 33.333000 9.396000 O
423 55 1.134000 32.325001 8.060000 C
424 55 1.898000 32.143002 6.755000 C
425 55 1.823000 31.593000 9.216000 C
426 55 3.167000 33.026001 6.707000 C
427 56 -1.188000 31.193001 10.074000 N
428 56 -1.716000 31.462000 11.392000 C
429 56 -0.596000 31.187000 12.406000 C
430 56 -0.054000 30.080999 12.486000 O
431 56 -2.951000 30.570999 11.714000 C
432 56 -3.536000 30.907000 13.120000 C
433 56 -4.586000 31.961000 12.947000 C
434 56 -4.100000 29.677999 13.803000 C
435 57 -0.262000 32.255001 13.138000 N
436 57 0.770000 32.299000 14.150000 C
437 57 0.066000 31.993999 15.472000 C
438 57 -0.836000 32.729000 15.894000 O
439 57 1.348000 33.692001 14.117000 C
440 57 2.779000 33.791000 14.634000 C
441 57 3.122000 33.081001 15.550000 O
442 57 3.580000 34.573002 14.126000 O
443 58 0.472000 30.922001 16.167999 N
444 58 -0.232000 30.431999 17.364000 C
445 58 0.560000 30.524000 18.636999 C
446 58 1.792000 30.562000 18.596001 O
447 58 -0.632000 28.937000 17.225000 C
448 58 0.557000 28.159000 17.266001 O
449 58 -1.296000 28.624001 15.921000 C
450 59 -0.141000 30.427000 19.768000 N
451 59 0.474000 30.426001 21.105000 C
452 59 1.190000 29.128000 21.499001 C
453 59 0.725000 28.045000 21.173000 O
454 59 -0.586000 30.688999 22.194000 C
455 60 2.330000 29.201000 22.180000 N
456 60 3.048000 28.051001 22.667000 C
457 60 2.206000 27.302000 23.662001 C
458 60 1.752000 26.193001 23.367001 O
459 61 1.949000 27.903999 24.830999 N
460 61 1.089000 27.191000 25.764999 C
461 61 -0.343000 27.700001 25.917000 C
462 61 -1.265000 26.958000 25.577000 O
463 61 1.809000 27.089001 27.174000 C
464 61 2.043000 28.194000 28.222000 C
465 61 1.304000 28.427000 29.313999 N
466 61 3.116000 29.059000 28.266001 C
467 61 1.874000 29.374001 30.007000 C
468 61 2.961000 29.742001 29.371000 N
469 62 -0.544000 28.927000 26.412001 N
470 62 -1.857000 29.559999 26.580000 C
471 62 -2.943000 28.695999 27.243000 C
472 62 -2.692000 27.615999 27.816999 O
473 62 -2.264000 30.032000 25.177999 C
474 62 -3.057000 31.329000 24.980000 C
475 62 -4.570000 31.167000 24.983000 C
476 62 -5.133000 30.377001 24.209999 O
477 62 -5.180000 31.861000 25.791000 O
478 63 -4.167000 29.236000 27.271000 N
479 63 -5.315000 28.465000 27.714001 C
480 63 -5.317000 27.214001 26.844000 C
481 63 -5.458000 26.091999 27.344000 O
482 63 -6.634000 29.191000 27.476000 C
483 63 -7.106000 30.363001 28.337999 C
484 63 -8.640000 30.464001 28.350000 C
485 63 -9.274000 30.534000 27.291000 O
486 63 -9.222000 30.445999 29.438000 O
487 64 -5.100000 27.511000 25.544001 N
488 64 -5.010000 26.558001 24.461000 C
489 64 -4.926000 25.046000 24.681999 C
490 64 -3.871000 24.400000 24.642000 O
491 64 -3.843000 27.007999 23.600000 C
492 64 -4.252000 27.861000 22.413000 C
493 64 -5.585000 28.122999 22.135000 C
494 64 -3.254000 28.351000 21.596001 C
495 64 -5.923000 28.881001 21.041000 C
496 64 -3.581000 29.110001 20.493999 C
497 64 -4.913000 29.362000 20.232000 C
498 64 -5.225000 30.108000 19.118999 O
499 65 -6.131000 24.496000 24.816999 N
500 65 -6.330000 23.077000 25.063999 C
501 65 -7.142000 22.427999 23.922001 C
502 65 -6.639000 22.417999 22.788000 O
503 65 -6.984000 23.032000 26.445999 C
504 65 -7.995000 24.018999 26.680000 O
505 66 -8.357000 21.853001 24.063000 N
506 66 -9.106000 21.441999 22.870001 C
507 66 -9.413000 22.730000 22.087999 C
508 66 -9.988000 22.674999 21.010000 O
509 66 -10.421000 20.754000 23.239000 C
510 67 -9.079000 23.938000 22.605000 N
511 67 -9.131000 25.181000 21.834000 C
512 67 -8.110000 25.257999 20.683001 C
513 67 -8.075000 26.261000 19.978001 O
514 67 -8.929000 26.349001 22.783001 C
515 67 -10.295000 26.843000 23.257999 C
516 67 -10.199000 28.216999 24.440001 S
517 67 -9.376000 29.417999 23.431999 C
518 68 -7.210000 24.270000 20.481001 N
519 68 -6.416000 24.179001 19.271000 C
520 68 -7.221000 23.434000 18.193001 C
521 68 -7.014000 23.622000 16.985001 O
522 68 -5.114000 23.420000 19.502001 C
523 68 -4.131000 24.075001 20.459999 C
524 68 -2.829000 23.254999 20.653000 C
525 68 -2.271000 23.437000 21.993999 N
526 68 -1.275000 24.284000 22.349001 C
527 68 -0.598000 25.077000 21.487000 N
528 68 -0.933000 24.325001 23.642000 N
529 69 -8.200000 22.611000 18.584999 N
530 69 -8.942000 21.770000 17.650999 C
531 69 -9.434000 22.474001 16.386999 C
532 69 -9.379000 21.997999 15.248000 O
533 69 -10.138000 21.136999 18.399000 C
534 69 -9.920000 19.868999 19.256001 C
535 69 -8.814000 19.594999 19.770000 O
536 69 -10.904000 19.127001 19.403999 O
537 70 -9.879000 23.680000 16.629999 N
538 70 -10.404000 24.534000 15.594000 C
539 70 -9.364000 24.973000 14.537000 C
540 70 -9.688000 24.966999 13.333000 O
541 70 -11.075000 25.750999 16.304001 C
542 70 -12.037000 26.478001 15.361000 C
543 70 -12.946000 27.493999 16.038000 C
544 70 -12.468000 28.358000 16.763000 O
545 70 -14.265000 27.438999 15.823000 N
546 71 -8.115000 25.346001 14.869000 N
547 71 -7.258000 25.763000 13.777000 C
548 71 -6.549000 24.625999 13.112000 C
549 71 -6.329000 24.631001 11.907000 O
550 71 -6.234000 26.789000 14.227000 C
551 71 -5.256000 26.447001 15.319000 C
552 71 -4.198000 25.617001 15.064000 C
553 71 -5.377000 27.073999 16.535000 C
554 71 -3.229000 25.424000 16.021000 C
555 71 -4.410000 26.884001 17.492001 C
556 71 -3.339000 26.059999 17.228001 C
557 71 -2.347000 25.893000 18.177999 O
558 72 -6.194000 23.601999 13.850000 N
559 72 -5.627000 22.443001 13.192000 C
560 72 -6.741000 21.881001 12.309000 C
561 72 -6.415000 21.101000 11.431000 O
562 72 -5.187000 21.422001 14.225000 C
563 72 -4.246000 21.924000 15.297000 C
564 72 -4.162000 20.716000 16.636999 S
565 72 -2.583000 21.084000 17.351000 C
566 73 -8.045000 22.229000 12.448000 N
567 73 -9.104000 21.747000 11.532000 C
568 73 -9.153000 22.403000 10.129000 C
569 73 -9.396000 21.725000 9.110000 O
570 73 -10.446000 21.931999 12.199000 C
571 73 -11.504000 20.974001 11.717000 C
572 73 -12.591000 20.795000 12.782000 C
573 73 -12.525000 19.424000 13.308000 N
574 73 -12.724000 19.072001 14.601000 C
575 73 -13.039000 19.959999 15.561000 N
576 73 -12.580000 17.778000 14.906000 N
577 74 -8.823000 23.712000 10.096000 N
578 74 -8.844000 24.549999 8.897000 C
579 74 -7.593000 24.673000 8.032000 C
580 74 -7.623000 25.099001 6.860000 O
581 74 -9.241000 25.962000 9.262000 C
582 74 -8.157000 26.525000 9.977000 O
583 74 -10.500000 25.990000 10.078000 C
584 75 -6.515000 24.410999 8.781000 N
585 75 -5.161000 24.402000 8.290000 C
586 75 -4.944000 23.184000 7.448000 C
587 75 -5.436000 22.093000 7.700000 O
588 76 -4.169000 23.395000 6.402000 N
589 76 -3.878000 22.349001 5.432000 C
590 76 -2.529000 21.761999 5.737000 C
591 76 -2.339000 20.559000 5.720000 O
592 76 -3.924000 22.993999 4.084000 C
593 76 -5.195000 23.754999 3.950000 C
594 76 -5.496000 24.098000 2.519000 C
595 76 -5.934000 23.197001 1.817000 O
596 76 -5.288000 25.233000 2.091000 O
597 77 -1.585000 22.629999 6.110000 N
598 77 -0.207000 22.240999 6.415000 C
599 77 0.226000 22.806999 7.737000 C
600 77 -0.278000 23.830000 8.152000 O
601 78 1.174000 22.170000 8.404000 N
602 78 1.689000 22.589001 9.708000 C
603 78 3.190000 22.733000 9.741000 C
604 78 3.828000 21.809000 9.239000 O
605 78 1.264000 21.535999 10.798000 C
606 78 -0.261000 21.504000 10.802000 C
607 78 -0.952000 20.691999 9.906000 C
608 78 -0.962000 22.371000 11.639000 C
609 78 -2.330000 20.750999 9.839000 C
610 78 -2.349000 22.423000 11.569000 C
611 78 -3.019000 21.618999 10.667000 C
612 79 3.790000 23.804001 10.297000 N
613 79 5.217000 23.843000 10.594000 C
614 79 5.348000 23.408001 12.041000 C
615 79 4.920000 24.146999 12.900000 O
616 79 5.874000 25.228001 10.559000 C
617 79 6.345000 25.912001 9.298000 C
618 79 7.068000 27.205000 9.619000 C
619 79 7.342000 25.038000 8.617000 C
620 80 5.869000 22.250000 12.411000 N
621 80 6.123000 21.871000 13.802000 C
622 80 7.527000 22.264000 14.278000 C
623 80 8.550000 21.607000 14.034000 O
624 80 5.974000 20.368000 13.982000 C
625 80 4.295000 20.011000 13.457000 S
626 81 7.537000 23.384001 14.994000 N
627 81 8.787000 23.927999 15.488000 C
628 81 9.121000 23.601000 16.971001 C
629 81 8.259000 23.510000 17.858999 O
630 81 8.795000 25.493999 15.279000 C
631 81 10.280000 25.924000 15.201000 C
632 81 8.028000 25.930000 14.020000 C
633 82 10.446000 23.372999 17.131001 N
634 82 11.154000 23.246000 18.389000 C
635 82 12.452000 24.025000 18.201000 C
636 82 12.753000 24.462000 17.104000 O
637 82 11.510000 21.802000 18.733999 C
638 82 12.461000 21.080000 17.780001 C
639 82 11.986000 20.535999 16.599001 C
640 82 13.797000 20.972000 18.118999 C
641 82 12.845000 19.881001 15.758000 C
642 82 14.652000 20.311001 17.264000 C
643 82 14.174000 19.771000 16.087000 C
644 83 13.255000 24.243000 19.215000 N
645 83 14.479000 24.997999 19.108999 C
646 83 15.587000 24.004999 19.332001 C
647 83 15.381000 23.103001 20.158001 O
648 83 14.488000 26.052999 20.198999 C
649 84 16.757000 24.094999 18.677000 N
650 84 17.778999 23.090000 18.969999 C
651 84 18.562000 23.270000 20.294001 C
652 84 19.528000 22.528999 20.537001 O
653 84 18.802000 22.959999 17.778999 C
654 84 19.438999 24.268999 17.368000 C
655 84 18.042999 22.304001 16.624001 C
656 84 20.326000 25.007000 18.391001 C
657 85 18.167999 24.209999 21.172001 N
658 85 18.740999 24.384001 22.511000 C
659 85 17.705000 24.211000 23.660000 C
660 85 17.909000 24.665001 24.789000 O
661 85 19.384001 25.798000 22.618000 C
662 85 18.365000 26.943001 22.702999 C
663 85 17.186001 26.757000 22.388000 O
664 85 18.738001 28.153999 23.112000 N
665 86 16.538000 23.600000 23.378000 N
666 86 15.465000 23.426001 24.344000 C
667 86 15.018000 21.993000 24.226000 C
668 86 14.156000 21.698999 23.398001 O
669 86 14.280000 24.325001 24.018000 C
670 86 13.235000 24.367001 25.111000 C
671 86 12.231000 25.059999 25.025000 O
672 86 13.381000 23.683001 26.232000 N
673 87 15.540000 21.059999 25.035999 N
674 87 15.190000 19.660999 24.836000 C
675 87 13.698000 19.385000 25.058001 C
676 87 13.079000 18.646999 24.267000 O
677 87 16.118999 18.841000 25.754000 C
678 87 17.408001 18.879000 25.153000 O
679 87 15.798000 17.386999 25.825001 C
680 88 13.024000 20.028000 26.025999 N
681 88 11.625000 19.697001 26.187000 C
682 88 10.795000 20.131001 24.993999 C
683 88 9.810000 19.455000 24.736000 O
684 88 11.018000 20.309000 27.481001 C
685 88 10.925000 21.809000 27.636000 C
686 88 10.060000 22.045000 28.879999 C
687 88 9.886000 23.528999 29.316999 C
688 88 9.157000 23.652000 30.577000 N
689 89 11.167000 21.167000 24.228001 N
690 89 10.331000 21.653000 23.115999 C
691 89 10.370000 20.672001 21.955999 C
692 89 9.494000 20.705999 21.110001 O
693 89 10.797000 23.018999 22.575001 C
694 89 11.970000 23.051001 21.740999 O
695 90 11.436000 19.844999 21.936001 N
696 90 11.669000 18.796000 20.981001 C
697 90 10.753000 17.655001 21.316000 C
698 90 10.267000 16.996000 20.392000 O
699 90 13.114000 18.296000 21.048000 C
700 90 13.440000 17.087999 20.155001 C
701 90 13.227000 17.143999 18.792000 C
702 90 13.919000 15.931000 20.721001 C
703 90 13.483000 16.055000 18.004999 C
704 90 14.177000 14.834000 19.926001 C
705 90 13.959000 14.892000 18.565001 C
706 91 10.560000 17.416000 22.625999 N
707 91 9.721000 16.330000 23.152000 C
708 91 8.241000 16.601999 23.111000 C
709 91 7.443000 15.686000 22.924999 O
710 91 10.093000 16.016001 24.584000 C
711 91 11.455000 15.290000 24.622000 C
712 91 12.035000 14.987000 25.997999 C
713 91 11.283000 14.801000 26.954000 O
714 91 13.258000 14.945000 26.108000 O
715 92 7.848000 17.862000 23.287001 N
716 92 6.462000 18.250000 23.160000 C
717 92 5.976000 18.098000 21.709000 C
718 92 4.789000 18.275000 21.423000 O
719 92 6.332000 19.701000 23.645000 C
720 92 6.626000 20.013000 25.129000 C
721 92 6.778000 19.110001 25.971001 O
722 92 6.690000 21.212999 25.448000 O
723 93 6.839000 17.754000 20.740999 N
724 93 6.445000 17.705000 19.341999 C
725 93 5.472000 16.570999 19.142000 C
726 93 4.575000 16.712000 18.306999 O
727 93 7.702000 17.542000 18.451000 C
728 93 8.492000 18.844999 18.490999 C
729 93 7.328000 17.172001 17.011999 C
730 93 7.797000 20.084000 17.865000 C
731 94 5.599000 15.465000 19.892000 N
732 94 4.609000 14.410000 19.801001 C
733 94 3.244000 14.879000 20.278999 C
734 94 2.228000 14.392000 19.816000 O
735 94 5.057000 13.232000 20.615000 C
736 94 4.590000 11.926000 19.968000 C
737 94 4.900000 11.626000 18.712000 N
738 94 3.896000 10.925000 20.591999 C
739 94 4.405000 10.423000 18.528000 C
740 94 3.815000 10.019000 19.642000 N
741 95 3.138000 15.867000 21.160000 N
742 95 1.849000 16.375999 21.575001 C
743 95 1.102000 16.976000 20.410999 C
744 95 -0.114000 16.775000 20.340000 O
745 95 1.903000 17.513000 22.649000 C
746 95 2.210000 17.124001 24.093000 C
747 95 1.768000 15.712000 24.475000 C
748 95 0.606000 15.305000 24.358999 O
749 95 2.708000 14.894000 24.937000 N
750 96 1.815000 17.768999 19.580000 N
751 96 1.200000 18.462000 18.462000 C
752 96 0.969000 17.525000 17.308001 C
753 96 -0.157000 17.507000 16.818001 O
754 96 2.065000 19.627001 17.985001 C
755 96 2.118000 20.708000 19.070999 C
756 96 3.114000 20.657000 20.028000 C
757 96 1.213000 21.759001 19.075001 C
758 96 3.208000 21.642000 20.975000 C
759 96 1.298000 22.745001 20.004000 C
760 96 2.307000 22.664000 20.931000 C
761 96 2.446000 23.676001 21.853001 O
762 97 1.937000 16.684999 16.912001 N
763 97 1.735000 15.734000 15.829000 C
764 97 0.502000 14.877000 16.018000 C
765 97 -0.245000 14.728000 15.053000 O
766 97 2.894000 14.776000 15.679000 C
767 97 2.781000 14.201000 14.291000 C
768 97 3.179000 12.739000 14.232000 C
769 97 2.735000 12.039000 13.013000 N
770 97 3.021000 12.327000 11.720000 C
771 97 3.799000 13.334000 11.289000 N
772 97 2.495000 11.518000 10.805000 N
773 98 0.208000 14.358000 17.209000 N
774 98 -0.902000 13.441000 17.448999 C
775 98 -2.305000 14.038000 17.471001 C
776 98 -3.330000 13.399000 17.208000 O
777 98 -0.712000 12.721000 18.797001 C
778 98 0.430000 11.755000 18.996000 C
779 98 0.312000 10.569000 18.065001 C
780 98 -0.505000 9.695000 18.357000 O
781 98 1.018000 10.520000 17.049999 O
782 99 -2.329000 15.257000 18.000999 N
783 99 -3.548000 16.037001 18.135000 C
784 99 -3.895000 16.507000 16.735001 C
785 99 -5.068000 16.521000 16.385000 O
786 99 -3.314000 17.233000 19.051001 C
787 99 -4.661000 17.881001 19.306999 C
788 99 -4.692000 19.073999 20.268000 C
789 99 -3.841000 19.278000 21.146000 O
790 99 -5.757000 19.856001 20.091999 N
791 100 -2.919000 16.886000 15.927000 N
792 100 -3.216000 17.231001 14.561000 C
793 100 -3.744000 15.950000 13.864000 C
794 100 -4.763000 15.987000 13.190000 O
795 100 -1.919000 17.792000 13.986000 C
796 100 -1.623000 19.106001 14.660000 C
797 100 -2.024000 17.983000 12.471000 C
798 100 -0.352000 19.775999 14.096000 C
799 101 -3.180000 14.763000 14.037000 N
800 101 -3.744000 13.524000 13.476000 C
801 101 -5.150000 13.236000 14.015000 C
802 101 -6.052000 12.896000 13.249000 O
803 101 -2.862000 12.306000 13.804000 C
804 101 -1.534000 12.292000 13.058000 C
805 101 -0.485000 11.475000 13.773000 C
806 101 -0.595000 9.947000 13.704000 C
807 101 0.417000 9.356000 14.590000 N
808 102 -5.366000 13.378000 15.324000 N
809 102 -6.659000 13.154000 15.948000 C
810 102 -7.663000 14.106000 15.305000 C
811 102 -8.558000 13.585000 14.653000 O
812 102 -6.501000 13.409000 17.445999 C
813 102 -7.531000 12.854000 18.420000 C
814 102 -8.557000 13.914000 18.848000 C
815 102 -8.116000 14.848000 19.879999 N
816 102 -8.706000 16.048000 20.011000 C
817 102 -9.659000 16.445000 19.170000 N
818 102 -8.356000 16.903999 20.978001 N
819 103 -7.525000 15.447000 15.319000 N
820 103 -8.564000 16.327999 14.773000 C
821 103 -8.745000 16.235001 13.267000 C
822 103 -9.790000 16.650000 12.785000 O
823 103 -8.379000 17.900000 15.079000 C
824 103 -7.804000 18.011000 16.462999 C
825 103 -7.549000 18.650000 14.054000 C
826 104 -7.790000 15.657000 12.554000 N
827 104 -7.849000 15.648000 11.118000 C
828 104 -8.264000 14.325000 10.569000 C
829 104 -8.459000 14.221000 9.351000 O
830 104 -6.471000 16.035999 10.501000 C
831 104 -6.074000 17.475000 10.851000 C
832 104 -5.611000 18.400999 9.743000 C
833 104 -6.786000 18.737000 8.824000 C
834 104 -6.651000 20.014000 8.150000 N
835 105 -8.432000 13.335000 11.472000 N
836 105 -8.748000 11.958000 11.070000 C
837 105 -7.665000 11.472000 10.058000 C
838 105 -7.942000 10.743000 9.109000 O
839 105 -10.146000 11.850000 10.379000 C
840 105 -11.460000 12.232000 11.072000 C
841 105 -11.577000 12.246000 12.318000 O
842 105 -12.397000 12.469000 10.289000 O
843 106 -6.379000 11.807000 10.193000 N
844 106 -5.381000 11.441000 9.195000 C
845 106 -4.054000 11.053000 9.812000 C
846 106 -3.737000 11.423000 10.928000 O
847 106 -5.133000 12.610000 8.207000 C
848 106 -4.957000 12.127000 6.872000 O
849 107 -3.308000 10.289000 9.027000 N
850 107 -1.972000 9.878000 9.368000 C
851 107 -1.000000 10.620000 8.458000 C
852 107 0.093000 11.008000 8.889000 O
853 107 -1.951000 8.334000 9.266000 C
854 107 -2.719000 7.700000 10.459000 C
855 107 -2.697000 8.231000 11.571000 O
856 107 -3.344000 6.654000 10.305000 O
857 108 -1.385000 10.902000 7.214000 N
858 108 -0.610000 11.804000 6.406000 C
859 108 -1.403000 13.121000 6.335000 C
860 108 -2.530000 13.271000 5.834000 O
861 108 -0.398000 11.213000 5.010000 C
862 108 0.720000 11.845000 4.163000 C
863 108 0.698000 13.049000 3.861000 O
864 108 1.632000 11.109000 3.783000 O
865 109 -0.801000 14.091000 7.006000 N
866 109 -1.263000 15.468000 6.964000 C
867 109 0.041000 16.256001 6.718000 C
868 109 1.078000 16.049000 7.378000 O
869 109 -2.058000 15.769000 8.336000 C
870 109 -1.480000 15.062000 9.574000 C
871 109 -2.090000 17.271999 8.524000 C
872 110 0.094000 17.073000 5.660000 N
873 110 1.311000 17.774000 5.276000 C
874 110 1.872000 18.506001 6.508000 C
875 110 1.195000 19.239000 7.236000 O
876 110 0.882000 18.697001 4.164000 C
877 110 -0.352000 18.041000 3.606000 C
878 110 -1.034000 17.549000 4.880000 C
879 111 3.148000 18.267000 6.749000 N
880 111 3.833000 18.785000 7.927000 C
881 111 5.319000 18.749001 7.634000 C
882 111 5.739000 18.052000 6.704000 O
883 111 3.505000 17.882000 9.087000 C
884 111 3.710000 18.282000 10.505000 C
885 111 2.918000 16.895000 11.330000 S
886 111 1.247000 17.375999 10.963000 C
887 112 6.053000 19.506001 8.462000 N
888 112 7.502000 19.608000 8.424000 C
889 112 8.028000 19.992001 9.799000 C
890 112 7.557000 20.920000 10.461000 O
891 112 7.856000 20.632000 7.281000 C
892 112 6.932000 21.812000 7.322000 C
893 112 9.311000 21.086000 7.415000 C
894 113 8.978000 19.212000 10.317000 N
895 113 9.573000 19.510000 11.621000 C
896 113 10.732000 20.486000 11.371000 C
897 113 11.623000 20.266001 10.556000 O
898 113 10.051000 18.195000 12.271000 C
899 113 10.679000 18.198999 13.670000 C
900 113 9.582000 18.399000 14.673000 C
901 113 11.407000 16.886999 13.974000 C
902 114 10.655000 21.614000 12.080000 N
903 114 11.607000 22.702999 12.003000 C
904 114 12.396000 22.804001 13.296000 C
905 114 11.854000 23.044001 14.381000 O
906 114 10.882000 24.059999 11.737000 C
907 114 11.836000 25.214001 11.672000 C
908 114 10.268000 24.037001 10.394000 C
909 115 13.714000 22.600000 13.189000 N
910 115 14.593000 22.822001 14.335000 C
911 115 15.118000 24.253000 14.233000 C
912 115 16.011999 24.547001 13.426000 O
913 116 14.528000 25.141001 15.030000 N
914 116 14.910000 26.547001 14.970000 C
915 116 16.112000 26.927999 15.837000 C
916 116 16.492001 26.181999 16.724001 O
917 116 13.711000 27.445999 15.361000 C
918 116 13.938000 28.893000 14.890000 C
919 116 14.567000 29.125999 13.852000 O
920 116 13.494000 29.903000 15.639000 N
921 117 16.726999 28.083000 15.554000 N
922 117 17.825001 28.725000 16.282000 C
923 117 19.207001 28.106001 16.080000 C
924 117 20.000999 28.013000 17.042000 O
925 117 17.500999 28.756001 17.796000 C
926 117 16.181999 29.396999 18.221001 C
927 117 16.035999 29.452999 19.746000 C
928 117 14.707000 30.135000 20.044001 C
929 117 14.673000 30.643000 21.400000 N
930 118 19.521999 27.673000 14.830000 N
931 118 20.785000 26.969999 14.604000 C
932 118 22.056999 27.816000 14.459000 C
933 118 23.143999 27.337000 14.118000 O
934 118 20.590000 26.039000 13.386000 C
935 118 20.254000 27.002001 11.899000 S
936 119 21.905001 29.108999 14.775000 N
937 119 22.958000 30.127001 14.966000 C
938 119 23.615000 30.094000 16.355000 C
939 119 24.684999 30.639000 16.606001 O
940 119 22.350000 31.531000 14.759000 C
941 119 21.104000 31.781000 15.599000 C
942 119 20.025000 31.326000 15.248000 O
943 119 21.216999 32.429001 16.620001 O
944 120 22.926001 29.516001 17.326000 N
945 120 23.372999 29.409000 18.686001 C
946 120 24.207001 28.145000 18.895000 C
947 120 23.787001 27.016001 18.634001 O
948 120 22.153000 29.392000 19.570999 C
949 120 21.261999 30.589001 19.798000 C
950 120 20.195999 30.093000 20.745001 C
951 120 21.987000 31.790001 20.417999 C
952 121 25.388000 28.364000 19.459000 N
953 121 26.393000 27.343000 19.662001 C
954 121 26.225000 26.323999 20.787001 C
955 121 26.877001 25.275000 20.804001 O
956 121 27.721001 28.046000 19.844000 C
957 122 25.385000 26.582001 21.754999 N
958 122 25.179001 25.591000 22.770000 C
959 122 23.937000 24.812000 22.437000 C
960 122 22.872999 25.181000 22.930000 O
961 123 23.987000 23.761999 21.629000 N
962 123 22.757999 23.035999 21.389000 C
963 123 22.670000 21.726999 22.188999 C
964 123 23.674000 21.113001 22.533001 O
965 123 22.596001 22.737000 19.900999 C
966 123 23.481001 21.650999 19.357000 C
967 123 22.978001 20.910999 18.135000 C
968 123 22.915001 21.707001 16.910999 N
969 123 22.020000 21.445999 15.935000 C
970 123 21.073000 20.514000 16.073000 N
971 123 22.058001 22.150000 14.811000 N
972 124 21.434999 21.322001 22.513000 N
973 124 21.120001 20.122000 23.267000 C
974 124 20.354000 19.073999 22.429001 C
975 124 20.219000 17.933001 22.823000 O
976 124 20.343000 20.629999 24.545000 C
977 124 19.083000 21.098000 24.111000 O
978 124 21.066999 21.788000 25.298000 C
979 125 19.843000 19.409000 21.226999 N
980 125 19.122999 18.500999 20.354000 C
981 125 19.969000 18.358000 19.099001 C
982 125 20.049000 19.277000 18.291000 O
983 125 17.704000 19.034000 19.941000 C
984 125 17.011999 17.995001 19.090000 C
985 125 16.815001 19.306999 21.150999 C
986 126 20.582001 17.176001 18.982000 N
987 126 21.372000 16.784000 17.818001 C
988 126 20.481001 16.646999 16.589001 C
989 126 19.287001 16.348000 16.660999 O
990 126 22.118999 15.427000 18.056000 C
991 126 23.128000 15.474000 19.226999 C
992 126 23.983999 16.757999 19.305000 C
993 126 24.881001 16.945000 18.481001 O
994 126 23.747999 17.604000 20.174999 O
995 127 21.041000 16.927999 15.432000 N
996 127 20.261999 16.841000 14.223000 C
997 127 20.000999 15.394000 13.950000 C
998 127 18.893000 15.105000 13.519000 O
999 127 21.006001 17.448999 13.091000 C
1000 127 21.365000 18.719999 13.637000 O
1001 128 20.930000 14.478000 14.260000 N
1002 128 20.694000 13.045000 14.056000 C
1003 128 19.402000 12.549000 14.662000 C
1004 128 18.608999 11.931000 13.967000 O
1005 128 21.819000 12.208000 14.628000 C
1006 128 21.759001 10.767000 14.130000 C
1007 128 23.155001 10.122000 14.042000 C
1008 128 24.025000 10.690000 13.006000 N
1009 128 23.856001 10.468000 11.691000 C
1010 128 22.903999 9.640000 11.243000 N
1011 128 24.659000 11.071000 10.813000 N
1012 129 19.111000 12.879000 15.901000 N
1013 129 17.860001 12.477000 16.575001 C
1014 129 16.584000 13.170000 16.086000 C
1015 129 15.485000 12.610000 16.110001 O
1016 129 17.989000 12.700000 18.124001 C
1017 129 18.292999 14.129000 18.566999 C
1018 129 18.174000 14.434000 20.056999 C
1019 129 17.106001 14.336000 20.674000 O
1020 129 19.299000 14.847000 20.652000 N
1021 130 16.735001 14.438000 15.720000 N
1022 130 15.675000 15.230000 15.136000 C
1023 130 15.314000 14.735000 13.736000 C
1024 130 14.147000 14.745000 13.359000 O
1025 130 16.143999 16.666000 15.068000 C
1026 131 16.299000 14.290000 12.949000 N
1027 131 16.141001 13.724000 11.604000 C
1028 131 15.499000 12.344000 11.660000 C
1029 131 14.751000 11.983000 10.747000 O
1030 131 17.500999 13.590000 10.923000 C
1031 131 17.459999 13.188000 9.457000 C
1032 131 16.816999 14.267000 8.605000 C
1033 131 17.354000 15.359000 8.500000 O
1034 131 15.676000 14.048000 7.972000 N
1035 132 15.823000 11.560000 12.712000 N
1036 132 15.177000 10.281000 12.959000 C
1037 132 13.719000 10.519000 13.268000 C
1038 132 12.884000 9.921000 12.588000 O
1039 132 15.835000 9.549000 14.132000 C
1040 132 17.188999 8.940000 13.768000 C
1041 132 17.490999 8.766000 12.576000 O
1042 132 17.955999 8.624000 14.680000 O
1043 133 13.383000 11.429000 14.212000 N
1044 133 11.990000 11.712000 14.521000 C
1045 133 11.240000 12.027000 13.237000 C
1046 133 10.223000 11.385000 12.944000 O
1047 133 11.878000 12.889000 15.452000 C
1048 133 10.629000 12.921000 16.312000 C
1049 133 10.786000 11.874000 17.427000 C
1050 133 10.425000 14.300000 16.940001 C
1051 134 11.765000 12.976000 12.440000 N
1052 134 11.152000 13.319000 11.167000 C
1053 134 11.108000 12.142000 10.209000 C
1054 134 10.145000 12.142000 9.476000 O
1055 134 11.892000 14.413000 10.433000 C
1056 135 12.058000 11.183000 10.128000 N
1057 135 11.967000 10.012000 9.264000 C
1058 135 10.926000 9.027000 9.841000 C
1059 135 10.204000 8.355000 9.085000 O
1060 135 13.378000 9.368000 9.159000 C
1061 135 13.786000 8.488000 7.930000 C
1062 135 12.998000 7.186000 7.913000 C
1063 135 12.982000 6.344000 6.692000 N
1064 135 11.823000 6.079000 6.021000 C
1065 135 10.668000 6.712000 6.312000 N
1066 135 11.820000 5.220000 5.000000 N
1067 136 10.823000 8.891000 11.170000 N
1068 136 9.804000 8.065000 11.813000 C
1069 136 8.434000 8.485000 11.348000 C
1070 136 7.653000 7.671000 10.884000 O
1071 136 9.873000 8.217000 13.336000 C
1072 136 8.746000 7.787000 14.096000 O
1073 137 8.077000 9.738000 11.555000 N
1074 137 6.863000 10.289000 10.966000 C
1075 137 7.298000 10.308000 9.490000 C
1076 137 8.503000 10.359000 9.321000 O
1077 137 6.619000 11.729000 11.469000 C
1078 137 6.662000 12.078000 12.975000 C
1079 137 6.315000 11.204000 14.010000 C
1080 137 7.061000 13.369000 13.314000 C
1081 137 6.373000 11.626000 15.348000 C
1082 137 7.119000 13.798000 14.630000 C
1083 137 6.772000 12.922000 15.640000 C
1084 137 6.792000 13.393000 16.933001 O
1085 138 6.604000 10.245000 8.340000 N
1086 138 7.302000 10.325000 7.043000 C
1087 138 7.291000 11.783000 6.580000 C
1088 138 6.589000 12.191000 5.641000 O
1089 139 8.135000 12.573000 7.261000 N
1090 139 8.103000 14.031000 7.193000 C
1091 139 9.492000 14.624000 6.926000 C
1092 139 10.474000 14.138000 7.472000 O
1093 139 7.405000 14.410000 8.581000 C
1094 139 6.128000 15.082000 8.228000 C
1095 139 8.223000 15.267000 9.529000 C
1096 139 4.955000 14.157000 7.898000 C
1097 140 9.644000 15.660000 6.089000 N
1098 140 10.835000 16.500000 5.974000 C
1099 140 11.305000 17.122999 7.276000 C
1100 140 10.457000 17.541000 8.058000 O
1101 140 10.476000 17.572001 5.008000 C
1102 140 9.333000 16.976999 4.221000 C
1103 140 8.578000 16.195000 5.259000 C
1104 141 12.628000 17.225000 7.517000 N
1105 141 13.166000 17.931999 8.673000 C
1106 141 14.004000 19.108999 8.180000 C
1107 141 14.891000 18.892000 7.351000 O
1108 141 14.084000 17.063999 9.511000 C
1109 141 14.848000 17.823999 10.598000 C
1110 141 14.132000 18.495001 11.542000 C
1111 141 16.233999 17.778000 10.674000 C
1112 141 14.783000 19.106001 12.594000 C
1113 141 16.896999 18.393999 11.724000 C
1114 141 16.164000 19.055000 12.706000 C
1115 141 16.770000 19.570999 13.867000 O
1116 142 13.775000 20.309000 8.741000 N
1117 142 14.522000 21.466000 8.330000 C
1118 142 14.859000 22.364000 9.507000 C
1119 142 14.022000 22.783001 10.297000 O
1120 142 13.695000 22.221001 7.155000 C
1121 142 14.086000 23.636000 6.834000 C
1122 142 12.288000 22.417999 7.646000 C
1123 142 15.503000 23.896000 6.444000 C
1124 143 16.174999 22.559999 9.622000 N
1125 143 16.778000 23.523001 10.516000 C
1126 143 16.825001 24.958000 9.977000 C
1127 143 17.216000 25.257999 8.824000 O
1128 143 18.184000 23.118000 10.836000 C
1129 143 18.170000 21.961000 11.783000 C
1130 143 19.469999 21.677999 12.505000 C
1131 143 20.395000 22.503000 12.491000 O
1132 143 19.530001 20.615999 13.127000 O
1133 144 16.405001 25.840000 10.902000 N
1134 144 16.261000 27.261999 10.596000 C
1135 144 16.952000 28.275000 11.512000 C
1136 144 17.434000 27.993999 12.610000 O
1137 144 14.782000 27.655001 10.568000 C
1138 144 14.336000 27.341999 11.878000 O
1139 144 13.989000 27.059000 9.404000 C
1140 145 17.047001 29.497000 11.014000 N
1141 145 17.395000 30.568001 11.906000 C
1142 145 16.645000 31.837000 11.519000 C
1143 145 16.799999 32.387001 10.435000 O
1144 145 18.917000 30.813000 11.915000 C
1145 145 19.195000 31.947001 12.744000 O
1146 146 15.791000 32.276001 12.446000 N
1147 146 15.099000 33.542999 12.326000 C
1148 146 16.027000 34.716000 12.593000 C
1149 146 15.715000 35.814999 12.155000 O
1150 146 13.956000 33.601002 13.314000 C
1151 147 17.148001 34.500999 13.313000 N
1152 147 18.177000 35.505001 13.535000 C
1153 147 18.841999 35.750999 12.185000 C
1154 147 18.768000 36.844002 11.630000 O
1155 147 19.261999 35.025002 14.490000 C
1156 147 20.104000 36.195000 14.997000 C
1157 147 21.601999 35.997002 15.297000 C
1158 147 22.462999 36.146000 14.026000 C
1159 147 23.896000 36.210999 14.268000 N
1160 148 19.455000 34.687000 11.648000 N
1161 148 20.246000 34.674000 10.415000 C
1162 148 19.431999 34.564999 9.111000 C
1163 148 19.972000 34.785999 8.038000 O
1164 148 21.243000 33.484001 10.712000 C
1165 148 22.386000 34.089001 11.296000 O
1166 148 21.600000 32.620998 9.558000 C
1167 149 18.118999 34.285999 9.153000 N
1168 149 17.287001 33.948002 8.038000 C
1169 149 17.718000 32.591000 7.464000 C
1170 149 17.174000 32.174999 6.441000 O
1171 149 17.334999 35.029999 6.938000 C
1172 149 15.940000 35.050999 6.280000 C
1173 149 15.598000 36.071999 5.195000 C
1174 149 14.140000 36.139999 5.146000 N
1175 149 13.390000 36.125000 4.038000 C
1176 149 13.917000 36.081001 2.820000 N
1177 149 12.060000 36.187000 4.144000 N
1178 150 18.632999 31.785999 8.046000 N
1179 150 19.007999 30.497000 7.462000 C
1180 150 17.797001 29.594000 7.390000 C
1181 150 17.122999 29.372000 8.389000 O
1182 150 20.021999 29.743999 8.290000 C
1183 150 20.770000 28.735001 7.438000 C
1184 150 21.591000 27.702000 8.193000 C
1185 150 21.542999 27.605000 9.409000 O
1186 150 22.344999 26.850000 7.516000 N
1187 151 17.472000 29.111000 6.205000 N
1188 151 16.377001 28.162001 6.030000 C
1189 151 14.947000 28.632999 6.278000 C
1190 151 14.081000 27.771999 6.240000 O
1191 152 14.559000 29.903000 6.469000 N
1192 152 13.169000 30.195000 6.736000 C
1193 152 12.377000 30.003000 5.435000 C
1194 152 11.340000 29.322001 5.510000 O
1195 152 12.954000 31.667000 7.379000 C
1196 152 14.204000 32.055000 8.216000 C
1197 152 12.533000 32.667000 6.338000 C
1198 153 12.833000 30.483999 4.259000 N
1199 153 12.100000 30.223000 3.017000 C
1200 153 11.997000 28.731001 2.690000 C
1201 153 10.979000 28.231001 2.191000 O
1202 153 12.751000 30.924999 1.814000 C
1203 153 12.401000 32.396000 1.837000 C
1204 153 12.717000 33.181999 0.577000 C
1205 153 12.498000 32.667999 -0.514000 O
1206 153 13.155000 34.326000 0.685000 O
1207 154 13.061000 28.007000 3.010000 N
1208 154 13.060000 26.551001 2.946000 C
1209 154 12.063000 25.834999 3.822000 C
1210 154 11.475000 24.844999 3.369000 O
1211 154 14.412000 25.985001 3.292000 C
1212 154 15.006000 25.659000 1.959000 C
1213 154 15.627000 26.555000 1.399000 O
1214 154 14.811000 24.539000 1.491000 O
1215 155 11.809000 26.287001 5.060000 N
1216 155 10.794000 25.596001 5.850000 C
1217 155 9.426000 25.849001 5.219000 C
1218 155 8.667000 24.919001 4.914000 O
1219 155 10.757000 26.091000 7.312000 C
1220 156 9.132000 27.128000 4.939000 N
1221 156 7.836000 27.528999 4.387000 C
1222 156 7.508000 26.915001 3.045000 C
1223 156 6.426000 26.358000 2.850000 O
1224 156 7.779000 29.073000 4.308000 C
1225 156 7.503000 29.674999 5.685000 C
1226 156 6.193000 29.761999 6.151000 C
1227 156 8.540000 30.150000 6.470000 C
1228 156 5.934000 30.315001 7.393000 C
1229 156 8.267000 30.704000 7.707000 C
1230 156 6.967000 30.797001 8.175000 C
1231 157 8.474000 26.933001 2.142000 N
1232 157 8.220000 26.443001 0.795000 C
1233 157 8.166000 24.934999 0.725000 C
1234 157 7.341000 24.419001 -0.038000 O
1235 157 9.309000 26.993000 -0.169000 C
1236 157 9.309000 28.518999 -0.342000 C
1237 157 8.433000 29.343000 0.358000 C
1238 157 10.165000 29.082001 -1.263000 C
1239 157 8.402000 30.702999 0.136000 C
1240 157 10.144000 30.445000 -1.496000 C
1241 157 9.257000 31.239000 -0.800000 C
1242 157 9.195000 32.591999 -1.068000 O
1243 158 9.018000 24.218000 1.483000 N
1244 158 8.922000 22.757999 1.475000 C
1245 158 7.539000 22.313000 1.918000 C
1246 158 7.001000 21.327000 1.420000 O
1247 158 9.901000 22.065001 2.429000 C
1248 158 11.245000 22.490000 2.202000 O
1249 158 9.840000 20.580999 2.168000 C
1250 159 6.986000 23.048000 2.896000 N
1251 159 5.661000 22.778000 3.442000 C
1252 159 4.604000 23.028000 2.367000 C
1253 159 3.687000 22.224001 2.264000 O
1254 159 5.340000 23.677000 4.646000 C
1255 159 3.915000 23.617001 5.197000 C
1256 159 3.525000 22.176001 5.596000 C
1257 159 3.838000 24.594999 6.345000 C
1258 160 4.672000 24.114000 1.581000 N
1259 160 3.723000 24.343000 0.500000 C
1260 160 3.840000 23.169001 -0.473000 C
1261 160 2.793000 22.606001 -0.818000 O
1262 160 4.047000 25.716000 -0.176000 C
1263 160 3.388000 25.917999 -1.533000 C
1264 160 3.573000 26.771000 0.814000 C
1265 161 5.067000 22.778999 -0.888000 N
1266 161 5.245000 21.628000 -1.778000 C
1267 161 4.725000 20.305000 -1.208000 C
1268 161 4.247000 19.461000 -1.976000 O
1269 161 6.719000 21.500999 -2.140000 C
1270 161 6.984000 22.598000 -3.153000 C
1271 161 8.329000 22.601000 -3.866000 C
1272 161 9.417000 22.795000 -2.923000 N
1273 161 10.193000 23.882000 -2.972000 C
1274 161 10.003000 24.844000 -3.896000 N
1275 161 11.142000 23.948999 -2.037000 N
1276 162 4.765000 20.115999 0.121000 N
1277 162 4.128000 18.981001 0.755000 C
1278 162 2.629000 19.004000 0.580000 C
1279 162 1.987000 17.947001 0.514000 O
1280 162 4.358000 18.938000 2.241000 C
1281 162 5.686000 18.514000 2.756000 C
1282 162 6.137000 17.233000 2.092000 C
1283 162 5.824000 16.134001 2.565000 O
1284 162 6.839000 17.360001 1.093000 O
1285 163 2.018000 20.188000 0.578000 N
1286 163 0.554000 20.267000 0.373000 C
1287 163 0.244000 20.004999 -1.103000 C
1288 163 -0.700000 19.289000 -1.436000 O
1289 163 0.007000 21.666000 0.816000 C
1290 163 0.295000 21.837000 2.337000 C
1291 163 -1.524000 21.794001 0.484000 C
1292 163 0.148000 23.240999 2.961000 C
1293 164 1.064000 20.548000 -2.008000 N
1294 164 0.905000 20.341999 -3.421000 C
1295 164 0.935000 18.837000 -3.719000 C
1296 164 0.117000 18.299999 -4.479000 O
1297 164 2.037000 21.094999 -4.179000 C
1298 164 2.043000 22.604000 -3.992000 C
1299 164 2.266000 23.427000 -5.285000 C
1300 164 3.666000 23.641001 -5.522000 N
1301 164 4.254000 24.836000 -5.617000 C
1302 164 3.607000 26.002001 -5.533000 N
1303 164 5.563000 24.844000 -5.832000 N
1304 165 1.845000 18.099001 -3.079000 N
1305 165 1.945000 16.697001 -3.406000 C
1306 165 0.963000 15.738000 -2.708000 C
1307 165 0.755000 14.618000 -3.202000 O
1308 165 3.399000 16.344999 -3.163000 C
1309 165 4.386000 17.100000 -4.080000 C
1310 165 4.433000 16.729000 -5.575000 C
1311 165 4.180000 17.532000 -6.477000 O
1312 165 4.809000 15.499000 -5.900000 N
1313 166 0.310000 16.135000 -1.608000 N
1314 166 -0.633000 15.278000 -0.894000 C
1315 166 -1.907000 15.060000 -1.703000 C
1316 166 -2.359000 15.982000 -2.376000 O
1317 166 -0.980000 15.909000 0.489000 C
1318 166 -2.052000 15.248000 1.392000 C
1319 166 -3.390000 15.330000 1.372000 N
1320 166 -1.767000 14.457000 2.478000 C
1321 166 -3.911000 14.644000 2.375000 C
1322 166 -2.918000 14.137000 3.020000 N
1323 166 -2.438000 13.953000 -1.649000 O
